546.0,142.0,68.0,138.0
546.0,143.0,67.0,136.0
546.0,143.0,68.0,135.0
545.0,143.0,68.0,135.0
544.0,141.0,69.0,138.0
543.0,142.0,68.0,136.0
543.0,141.0,68.0,137.0
542.0,141.0,68.0,136.0
540.0,140.0,69.0,138.0
540.0,141.0,68.0,135.0
539.0,141.0,68.0,135.0
537.0,139.0,70.0,137.0
537.0,139.0,71.0,137.0
536.0,140.0,70.0,136.0
535.0,140.0,70.0,137.0
533.0,140.0,71.0,140.0
533.0,140.0,70.0,139.0
533.0,140.0,70.0,140.0
531.0,140.0,70.0,141.0
531.0,140.0,70.0,140.0
531.0,141.0,69.0,138.0
531.0,142.0,69.0,138.0
529.0,141.0,70.0,139.0
530.0,142.0,70.0,137.0
529.0,143.0,70.0,137.0
529.0,143.0,70.0,137.0
528.0,143.0,70.0,138.0
528.0,143.0,70.0,138.0
527.0,143.0,70.0,139.0
525.0,142.0,71.0,140.0
525.0,144.0,70.0,136.0
524.0,144.0,70.0,137.0
523.0,143.0,72.0,140.0
522.0,142.0,73.0,141.0
521.0,141.0,73.0,142.0
522.0,142.0,71.0,140.0
522.0,142.0,70.0,139.0
522.0,142.0,71.0,140.0
522.0,142.0,72.0,140.0
522.0,142.0,71.0,140.0
522.0,142.0,73.0,141.0
522.0,143.0,72.0,140.0
522.0,144.0,72.0,140.0
522.0,144.0,71.0,138.0
523.0,145.0,71.0,139.0
523.0,145.0,70.0,139.0
523.0,146.0,70.0,137.0
523.0,145.0,71.0,139.0
522.0,146.0,71.0,139.0
522.0,145.0,71.0,141.0
523.0,145.0,69.0,140.0
522.0,144.0,71.0,143.0
521.0,144.0,71.0,142.0
521.0,144.0,72.0,142.0
521.0,144.0,71.0,139.0
521.0,145.0,70.0,137.0
521.0,145.0,71.0,139.0
521.0,145.0,71.0,139.0
521.0,145.0,72.0,139.0
521.0,145.0,71.0,137.0
522.0,145.0,71.0,137.0
523.0,145.0,71.0,138.0
523.0,144.0,71.0,139.0
524.0,144.0,70.0,140.0
524.0,144.0,71.0,141.0
525.0,144.0,72.0,141.0
525.0,144.0,72.0,142.0
526.0,144.0,72.0,142.0
528.0,144.0,72.0,143.0
529.0,145.0,71.0,141.0
530.0,145.0,71.0,141.0
531.0,145.0,71.0,141.0
532.0,145.0,71.0,140.0
533.0,145.0,71.0,140.0
535.0,145.0,71.0,140.0
535.0,145.0,71.0,139.0
536.0,143.0,72.0,141.0
536.0,143.0,71.0,141.0
538.0,143.0,71.0,141.0
538.0,142.0,72.0,142.0
539.0,141.0,72.0,142.0
539.0,140.0,73.0,143.0
540.0,140.0,73.0,142.0
542.0,139.0,73.0,142.0
544.0,140.0,71.0,140.0
545.0,139.0,72.0,141.0
546.0,139.0,72.0,140.0
547.0,138.0,73.0,142.0
548.0,138.0,72.0,141.0
548.0,138.0,71.0,140.0
548.0,138.0,72.0,141.0
549.0,137.0,72.0,143.0
550.0,137.0,71.0,140.0
551.0,137.0,71.0,140.0
552.0,136.0,71.0,141.0
552.0,135.0,70.0,142.0
553.0,135.0,70.0,142.0
553.0,134.0,71.0,144.0
554.0,134.0,70.0,141.0
554.0,133.0,71.0,143.0
555.0,132.0,70.0,141.0
555.0,131.0,71.0,142.0
555.0,130.0,72.0,142.0
555.0,130.0,72.0,142.0
556.0,129.0,72.0,142.0
556.0,129.0,71.0,139.0
557.0,129.0,71.0,139.0
556.0,127.0,72.0,139.0
556.0,126.0,73.0,140.0
556.0,125.0,73.0,142.0
558.0,125.0,72.0,141.0
558.0,125.0,71.0,142.0
558.0,125.0,71.0,141.0
557.0,124.0,72.0,144.0
557.0,124.0,71.0,143.0
558.0,125.0,70.0,141.0
557.0,125.0,71.0,141.0
557.0,125.0,71.0,141.0
557.0,125.0,70.0,140.0
556.0,124.0,71.0,141.0
556.0,124.0,71.0,141.0
555.0,125.0,70.0,140.0
553.0,123.0,72.0,142.0
552.0,122.0,72.0,142.0
552.0,121.0,72.0,142.0
551.0,120.0,71.0,142.0
551.0,119.0,71.0,142.0
551.0,119.0,71.0,140.0
549.0,119.0,71.0,142.0
549.0,118.0,71.0,142.0
550.0,118.0,71.0,141.0
550.0,117.0,72.0,140.0
550.0,116.0,73.0,141.0
552.0,116.0,72.0,139.0
553.0,115.0,73.0,141.0
555.0,115.0,73.0,141.0
557.0,114.0,73.0,142.0
559.0,114.0,73.0,143.0
562.0,114.0,72.0,142.0
564.0,114.0,72.0,141.0
568.0,113.0,72.0,143.0
571.0,114.0,71.0,141.0
575.0,113.0,71.0,141.0
578.0,112.0,73.0,143.0
583.0,113.0,71.0,140.0
587.0,112.0,71.0,141.0
593.0,113.0,71.0,139.0
597.0,112.0,71.0,140.0
604.0,113.0,70.0,138.0
610.0,111.0,70.0,140.0
617.0,112.0,70.0,138.0
620.0,111.0,70.0,140.0
626.0,111.0,70.0,138.0
628.0,111.0,71.0,139.0
632.0,110.0,71.0,139.0
634.0,110.0,71.0,140.0
636.0,109.0,72.0,140.0
637.0,109.0,72.0,140.0
636.0,108.0,73.0,141.0
637.0,108.0,73.0,141.0
636.0,108.0,73.0,142.0
635.0,109.0,72.0,140.0
634.0,109.0,72.0,141.0
632.0,110.0,71.0,140.0
628.0,108.0,72.0,144.0
628.0,109.0,71.0,142.0
625.0,109.0,72.0,142.0
623.0,110.0,70.0,141.0
621.0,111.0,70.0,140.0
618.0,111.0,70.0,140.0
616.0,112.0,71.0,140.0
612.0,111.0,72.0,140.0
609.0,111.0,72.0,140.0
607.0,111.0,72.0,140.0
605.0,112.0,71.0,139.0
603.0,111.0,71.0,140.0
599.0,110.0,71.0,140.0
598.0,111.0,70.0,138.0
594.0,110.0,70.0,138.0
592.0,110.0,70.0,138.0
589.0,110.0,70.0,138.0
586.0,110.0,70.0,137.0
584.0,110.0,70.0,137.0
581.0,111.0,70.0,137.0
577.0,111.0,71.0,137.0
575.0,111.0,70.0,136.0
571.0,111.0,71.0,137.0
569.0,110.0,71.0,138.0
567.0,111.0,70.0,139.0
565.0,110.0,71.0,141.0
566.0,111.0,71.0,140.0
567.0,112.0,70.0,139.0
567.0,112.0,70.0,139.0
569.0,112.0,70.0,140.0
569.0,112.0,70.0,140.0
571.0,112.0,69.0,140.0
573.0,112.0,69.0,141.0
575.0,111.0,68.0,141.0
577.0,111.0,68.0,143.0
579.0,111.0,69.0,142.0
581.0,111.0,69.0,142.0
584.0,111.0,70.0,142.0
585.0,110.0,70.0,141.0
588.0,110.0,71.0,140.0
589.0,109.0,71.0,140.0
593.0,109.0,71.0,139.0
596.0,108.0,70.0,139.0
600.0,108.0,69.0,137.0
602.0,108.0,70.0,138.0
606.0,108.0,70.0,139.0
608.0,109.0,69.0,140.0
613.0,109.0,68.0,140.0
616.0,109.0,69.0,142.0
620.0,109.0,68.0,142.0
624.0,110.0,67.0,141.0
627.0,110.0,67.0,141.0
629.0,110.0,68.0,142.0
633.0,111.0,68.0,141.0
636.0,111.0,68.0,141.0
639.0,111.0,69.0,141.0
642.0,112.0,69.0,141.0
645.0,113.0,69.0,140.0
648.0,113.0,69.0,140.0
651.0,114.0,69.0,140.0
654.0,114.0,70.0,139.0
656.0,114.0,71.0,140.0
658.0,114.0,71.0,140.0
660.0,114.0,72.0,139.0
662.0,114.0,73.0,140.0
665.0,115.0,72.0,139.0
667.0,115.0,72.0,139.0
671.0,116.0,71.0,137.0
672.0,115.0,71.0,138.0
674.0,115.0,71.0,138.0
676.0,115.0,71.0,137.0
676.0,116.0,73.0,138.0
676.0,117.0,74.0,137.0
677.0,118.0,74.0,137.0
677.0,118.0,76.0,138.0
678.0,119.0,75.0,138.0
679.0,119.0,75.0,138.0
679.0,120.0,75.0,138.0
680.0,120.0,74.0,139.0
680.0,120.0,75.0,140.0
680.0,120.0,74.0,140.0
679.0,120.0,74.0,141.0
679.0,120.0,73.0,140.0
679.0,121.0,73.0,139.0
678.0,121.0,73.0,141.0
677.0,121.0,73.0,141.0
676.0,121.0,74.0,142.0
676.0,121.0,72.0,139.0
675.0,122.0,72.0,138.0
674.0,121.0,72.0,139.0
673.0,121.0,72.0,139.0
671.0,120.0,72.0,140.0
670.0,121.0,72.0,139.0
668.0,122.0,71.0,139.0
666.0,122.0,72.0,140.0
664.0,122.0,72.0,141.0
662.0,122.0,72.0,142.0
660.0,123.0,72.0,142.0
658.0,124.0,71.0,141.0
658.0,124.0,71.0,141.0
656.0,125.0,70.0,139.0
655.0,126.0,70.0,139.0
653.0,127.0,70.0,138.0
653.0,128.0,70.0,138.0
653.0,128.0,70.0,138.0
653.0,129.0,70.0,138.0
653.0,128.0,70.0,140.0
653.0,130.0,69.0,138.0
653.0,129.0,70.0,139.0
653.0,130.0,71.0,140.0
654.0,130.0,71.0,140.0
655.0,131.0,70.0,140.0
655.0,130.0,71.0,141.0
655.0,130.0,72.0,141.0
656.0,130.0,72.0,141.0
656.0,130.0,72.0,140.0
657.0,131.0,72.0,139.0
657.0,132.0,73.0,139.0
658.0,132.0,73.0,138.0
659.0,133.0,73.0,137.0
659.0,134.0,73.0,136.0
659.0,134.0,75.0,137.0
659.0,134.0,75.0,137.0
658.0,135.0,76.0,137.0
659.0,136.0,75.0,136.0
660.0,137.0,74.0,136.0
661.0,137.0,74.0,136.0
661.0,138.0,73.0,136.0
662.0,138.0,72.0,136.0
662.0,140.0,71.0,134.0
662.0,141.0,70.0,133.0
662.0,141.0,69.0,133.0
662.0,140.0,68.0,133.0
662.0,141.0,68.0,133.0
659.0,140.0,69.0,134.0
657.0,139.0,70.0,137.0
656.0,139.0,71.0,138.0
655.0,139.0,71.0,137.0
655.0,140.0,70.0,136.0
654.0,141.0,69.0,135.0
654.0,141.0,69.0,136.0
652.0,141.0,68.0,136.0
652.0,141.0,66.0,135.0
651.0,143.0,66.0,135.0
649.0,143.0,66.0,135.0
647.0,143.0,68.0,138.0
645.0,143.0,69.0,140.0
644.0,144.0,68.0,139.0
642.0,144.0,69.0,141.0
642.0,146.0,69.0,139.0
640.0,146.0,70.0,139.0
640.0,148.0,69.0,137.0
640.0,148.0,69.0,137.0
640.0,149.0,68.0,137.0
640.0,149.0,69.0,139.0
640.0,150.0,68.0,137.0
640.0,150.0,68.0,137.0
640.0,150.0,68.0,137.0
640.0,150.0,68.0,138.0
643.0,151.0,67.0,136.0
644.0,151.0,66.0,136.0
647.0,152.0,65.0,134.0
648.0,153.0,66.0,134.0
650.0,152.0,67.0,135.0
652.0,152.0,67.0,135.0
655.0,153.0,66.0,135.0
658.0,153.0,65.0,133.0
660.0,154.0,66.0,133.0
663.0,154.0,67.0,133.0
665.0,155.0,68.0,132.0
667.0,154.0,70.0,134.0
671.0,155.0,69.0,133.0
674.0,155.0,69.0,133.0
676.0,156.0,70.0,132.0
677.0,157.0,71.0,131.0
679.0,158.0,71.0,129.0
682.0,159.0,71.0,128.0
684.0,160.0,70.0,128.0
687.0,160.0,70.0,128.0
689.0,160.0,70.0,128.0
692.0,160.0,71.0,130.0
694.0,160.0,71.0,130.0
696.0,160.0,70.0,128.0
698.0,160.0,70.0,128.0
700.0,160.0,70.0,130.0
701.0,160.0,70.0,131.0
704.0,161.0,67.0,128.0
705.0,162.0,66.0,128.0
705.0,162.0,65.0,126.0
705.0,161.0,66.0,128.0
704.0,161.0,65.0,127.0
703.0,161.0,65.0,128.0
702.0,162.0,65.0,129.0
699.0,161.0,66.0,132.0
697.0,161.0,66.0,131.0
694.0,161.0,67.0,133.0
691.0,160.0,68.0,135.0
688.0,161.0,67.0,133.0
686.0,161.0,68.0,134.0
683.0,162.0,68.0,132.0
682.0,163.0,67.0,131.0
682.0,164.0,65.0,129.0
680.0,165.0,65.0,129.0
679.0,165.0,63.0,128.0
678.0,166.0,63.0,129.0
677.0,166.0,63.0,130.0
675.0,167.0,64.0,129.0
673.0,167.0,65.0,129.0
671.0,168.0,66.0,128.0
670.0,167.0,66.0,129.0
670.0,168.0,66.0,129.0
669.0,168.0,65.0,128.0
669.0,169.0,64.0,127.0
668.0,169.0,65.0,127.0
668.0,168.0,66.0,128.0
668.0,168.0,65.0,129.0
668.0,168.0,62.0,128.0
668.0,168.0,61.0,128.0
668.0,168.0,62.0,129.0
670.0,167.0,61.0,128.0
670.0,167.0,61.0,128.0
670.0,168.0,61.0,127.0
668.0,167.0,63.0,127.0
668.0,168.0,63.0,125.0
667.0,168.0,64.0,125.0
667.0,167.0,65.0,125.0
666.0,167.0,67.0,125.0
666.0,168.0,66.0,124.0
666.0,167.0,68.0,125.0
666.0,168.0,67.0,124.0
667.0,168.0,67.0,124.0
667.0,167.0,66.0,123.0
667.0,168.0,65.0,122.0
667.0,168.0,65.0,123.0
666.0,166.0,66.0,124.0
666.0,166.0,66.0,124.0
665.0,165.0,67.0,125.0
664.0,165.0,67.0,125.0
662.0,164.0,68.0,125.0
661.0,163.0,68.0,125.0
660.0,164.0,67.0,124.0
660.0,164.0,66.0,122.0
658.0,162.0,65.0,124.0
657.0,163.0,63.0,124.0
655.0,161.0,62.0,126.0
654.0,161.0,61.0,125.0
652.0,161.0,60.0,125.0
650.0,160.0,60.0,126.0
649.0,160.0,59.0,124.0
647.0,160.0,59.0,124.0
645.0,159.0,60.0,126.0
643.0,159.0,61.0,124.0
641.0,160.0,63.0,124.0
638.0,159.0,64.0,123.0
638.0,160.0,64.0,123.0
637.0,160.0,64.0,122.0
636.0,160.0,64.0,121.0
635.0,160.0,64.0,121.0
635.0,160.0,64.0,121.0
635.0,160.0,63.0,120.0
634.0,159.0,63.0,121.0
634.0,159.0,63.0,121.0
634.0,159.0,62.0,121.0
634.0,158.0,62.0,123.0
634.0,157.0,60.0,123.0
635.0,156.0,59.0,124.0
635.0,156.0,59.0,123.0
634.0,156.0,60.0,123.0
634.0,156.0,59.0,122.0
635.0,156.0,57.0,121.0
636.0,155.0,57.0,122.0
637.0,155.0,55.0,120.0
637.0,155.0,56.0,120.0
637.0,154.0,57.0,121.0
636.0,154.0,59.0,121.0
638.0,154.0,59.0,119.0
639.0,154.0,60.0,119.0
640.0,154.0,61.0,118.0
642.0,154.0,61.0,117.0
643.0,153.0,62.0,117.0
644.0,153.0,63.0,117.0
647.0,153.0,63.0,116.0
649.0,152.0,62.0,116.0
652.0,152.0,62.0,116.0
655.0,151.0,62.0,116.0
658.0,150.0,61.0,117.0
659.0,149.0,62.0,120.0
662.0,148.0,61.0,120.0
665.0,147.0,60.0,119.0
668.0,146.0,59.0,119.0
671.0,146.0,59.0,119.0
674.0,145.0,59.0,119.0
676.0,145.0,58.0,119.0
678.0,144.0,58.0,119.0
681.0,143.0,58.0,120.0
683.0,142.0,58.0,120.0
685.0,142.0,58.0,120.0
686.0,141.0,58.0,119.0
688.0,141.0,58.0,119.0
689.0,142.0,59.0,117.0
689.0,141.0,60.0,117.0
690.0,141.0,61.0,117.0
690.0,140.0,63.0,118.0
690.0,140.0,63.0,117.0
691.0,141.0,63.0,115.0
692.0,140.0,64.0,117.0
692.0,141.0,63.0,116.0
694.0,141.0,63.0,115.0
694.0,141.0,63.0,116.0
694.0,141.0,63.0,116.0
694.0,140.0,62.0,116.0
692.0,140.0,62.0,116.0
691.0,140.0,61.0,115.0
690.0,140.0,61.0,114.0
689.0,140.0,60.0,114.0
687.0,138.0,60.0,115.0
687.0,138.0,59.0,115.0
688.0,138.0,58.0,116.0
687.0,138.0,56.0,115.0
688.0,138.0,55.0,115.0
687.0,138.0,55.0,116.0
687.0,137.0,56.0,116.0
687.0,137.0,56.0,116.0
686.0,137.0,56.0,116.0
686.0,137.0,57.0,116.0
686.0,136.0,57.0,116.0
686.0,136.0,58.0,116.0
686.0,136.0,59.0,116.0
687.0,136.0,60.0,116.0
688.0,135.0,60.0,116.0
690.0,136.0,60.0,114.0
691.0,136.0,60.0,114.0
693.0,136.0,60.0,113.0
695.0,136.0,60.0,114.0
697.0,136.0,60.0,113.0
700.0,136.0,60.0,113.0
703.0,135.0,60.0,115.0
705.0,134.0,59.0,115.0
707.0,134.0,59.0,115.0
709.0,133.0,59.0,115.0
711.0,133.0,60.0,117.0
714.0,132.0,59.0,116.0
718.0,133.0,57.0,115.0
720.0,132.0,56.0,114.0
723.0,132.0,56.0,114.0
726.0,132.0,56.0,116.0
728.0,132.0,56.0,116.0
730.0,132.0,57.0,115.0
731.0,132.0,59.0,114.0
733.0,131.0,61.0,114.0
734.0,132.0,61.0,114.0
737.0,132.0,62.0,115.0
739.0,132.0,62.0,114.0
741.0,133.0,61.0,114.0
744.0,134.0,61.0,112.0
746.0,135.0,60.0,111.0
749.0,134.0,61.0,113.0
752.0,134.0,60.0,113.0
754.0,134.0,60.0,114.0
757.0,133.0,59.0,113.0
759.0,133.0,60.0,114.0
761.0,132.0,59.0,114.0
764.0,132.0,59.0,112.0
765.0,132.0,60.0,113.0
767.0,132.0,59.0,112.0
769.0,133.0,58.0,112.0
771.0,132.0,57.0,111.0
772.0,131.0,57.0,112.0
774.0,131.0,56.0,112.0
775.0,132.0,55.0,111.0
777.0,131.0,54.0,111.0
778.0,131.0,56.0,113.0
778.0,131.0,57.0,113.0
778.0,130.0,59.0,114.0
779.0,130.0,59.0,114.0
779.0,130.0,59.0,114.0
780.0,130.0,59.0,114.0
781.0,130.0,59.0,114.0
780.0,129.0,60.0,115.0
781.0,129.0,60.0,114.0
782.0,128.0,61.0,117.0
783.0,128.0,59.0,116.0
785.0,129.0,58.0,115.0
785.0,127.0,59.0,116.0
785.0,127.0,59.0,115.0
785.0,126.0,59.0,115.0
785.0,125.0,60.0,116.0
785.0,124.0,59.0,117.0
786.0,124.0,58.0,117.0
785.0,123.0,58.0,116.0
784.0,121.0,58.0,117.0
784.0,121.0,56.0,114.0
783.0,120.0,56.0,114.0
783.0,120.0,56.0,113.0
782.0,119.0,55.0,112.0
780.0,118.0,56.0,112.0
778.0,118.0,56.0,112.0
777.0,118.0,56.0,112.0
774.0,118.0,56.0,111.0
772.0,117.0,57.0,109.0
769.0,117.0,58.0,109.0
767.0,116.0,58.0,110.0
764.0,116.0,58.0,111.0
762.0,116.0,58.0,112.0
760.0,115.0,58.0,111.0
758.0,114.0,57.0,110.0
756.0,113.0,57.0,109.0
753.0,113.0,57.0,110.0
749.0,112.0,58.0,110.0
747.0,111.0,58.0,109.0
745.0,111.0,56.0,109.0
743.0,110.0,55.0,109.0
742.0,110.0,53.0,107.0
739.0,110.0,52.0,106.0
736.0,109.0,52.0,106.0
733.0,108.0,50.0,105.0
732.0,108.0,50.0,105.0
728.0,107.0,51.0,107.0
726.0,106.0,51.0,107.0
724.0,106.0,51.0,107.0
722.0,106.0,52.0,108.0
721.0,106.0,52.0,108.0
718.0,106.0,53.0,108.0
717.0,105.0,53.0,107.0
714.0,105.0,56.0,108.0
714.0,104.0,55.0,109.0
713.0,103.0,56.0,111.0
713.0,103.0,55.0,111.0
713.0,103.0,55.0,111.0
713.0,102.0,56.0,111.0
713.0,101.0,57.0,112.0
714.0,101.0,56.0,111.0
715.0,101.0,56.0,111.0
717.0,102.0,55.0,110.0
720.0,102.0,53.0,110.0
721.0,101.0,53.0,111.0
724.0,102.0,52.0,111.0
725.0,101.0,52.0,111.0
727.0,102.0,52.0,111.0
729.0,102.0,52.0,110.0
732.0,102.0,52.0,110.0
735.0,103.0,52.0,109.0
737.0,102.0,52.0,109.0
739.0,103.0,53.0,109.0
742.0,104.0,54.0,110.0
744.0,104.0,54.0,110.0
745.0,105.0,56.0,111.0
747.0,106.0,57.0,110.0
748.0,106.0,58.0,110.0
750.0,107.0,57.0,111.0
752.0,108.0,57.0,111.0
754.0,109.0,57.0,112.0
756.0,110.0,55.0,111.0
758.0,111.0,54.0,110.0
759.0,112.0,54.0,110.0
760.0,113.0,53.0,108.0
760.0,115.0,52.0,107.0
760.0,115.0,53.0,108.0
759.0,115.0,52.0,107.0
758.0,116.0,50.0,106.0
758.0,117.0,50.0,105.0
755.0,118.0,50.0,105.0
753.0,118.0,50.0,105.0
750.0,120.0,50.0,103.0
748.0,121.0,49.0,104.0
745.0,121.0,50.0,106.0
741.0,122.0,50.0,107.0
738.0,124.0,49.0,106.0
734.0,124.0,51.0,107.0
730.0,125.0,52.0,107.0
726.0,127.0,52.0,106.0
723.0,128.0,52.0,107.0
718.0,129.0,54.0,108.0
713.0,130.0,54.0,108.0
711.0,132.0,53.0,107.0
707.0,132.0,54.0,108.0
705.0,134.0,53.0,107.0
703.0,135.0,54.0,108.0
700.0,136.0,53.0,109.0
700.0,138.0,52.0,108.0
699.0,139.0,52.0,107.0
698.0,139.0,53.0,108.0
698.0,140.0,51.0,107.0
699.0,141.0,52.0,108.0
699.0,143.0,50.0,106.0
701.0,143.0,51.0,108.0
704.0,145.0,50.0,107.0
707.0,145.0,51.0,108.0
710.0,148.0,50.0,106.0
715.0,148.0,51.0,106.0
719.0,150.0,51.0,104.0
725.0,153.0,51.0,104.0
730.0,155.0,52.0,105.0
736.0,157.0,53.0,105.0
741.0,158.0,55.0,107.0
746.0,160.0,55.0,106.0
752.0,163.0,56.0,106.0
759.0,165.0,56.0,107.0
766.0,168.0,55.0,106.0
772.0,170.0,55.0,108.0
778.0,172.0,55.0,106.0
783.0,175.0,55.0,106.0
787.0,176.0,55.0,108.0
790.0,178.0,55.0,108.0
793.0,180.0,54.0,107.0
795.0,181.0,53.0,107.0
797.0,183.0,52.0,105.0
796.0,184.0,53.0,106.0
797.0,186.0,52.0,103.0
795.0,188.0,52.0,102.0
791.0,189.0,52.0,103.0
790.0,191.0,51.0,101.0
786.0,191.0,52.0,104.0
783.0,193.0,52.0,104.0
780.0,194.0,51.0,106.0
775.0,195.0,53.0,107.0
771.0,195.0,53.0,108.0
766.0,196.0,53.0,108.0
763.0,198.0,52.0,108.0
760.0,199.0,53.0,108.0
755.0,200.0,54.0,110.0
751.0,202.0,53.0,109.0
748.0,203.0,54.0,110.0
744.0,205.0,53.0,109.0
741.0,206.0,53.0,109.0
738.0,207.0,53.0,110.0
734.0,208.0,53.0,111.0
730.0,208.0,54.0,112.0
727.0,210.0,53.0,111.0
724.0,211.0,53.0,111.0
720.0,211.0,52.0,111.0
717.0,214.0,51.0,109.0
715.0,215.0,50.0,109.0
712.0,215.0,51.0,109.0
711.0,217.0,50.0,106.0
711.0,219.0,49.0,104.0
711.0,220.0,50.0,104.0
712.0,222.0,49.0,102.0
712.0,224.0,50.0,101.0
712.0,225.0,51.0,102.0
712.0,227.0,52.0,102.0
712.0,228.0,54.0,103.0
713.0,229.0,54.0,104.0
715.0,230.0,54.0,104.0
716.0,232.0,53.0,105.0
718.0,234.0,53.0,105.0
720.0,236.0,52.0,105.0
722.0,238.0,52.0,106.0
724.0,239.0,52.0,105.0
726.0,241.0,52.0,105.0
727.0,242.0,53.0,106.0
729.0,243.0,52.0,105.0
731.0,245.0,51.0,104.0
733.0,246.0,52.0,103.0
735.0,247.0,51.0,102.0
737.0,249.0,50.0,101.0
739.0,250.0,49.0,100.0
740.0,251.0,49.0,100.0
740.0,252.0,49.0,100.0
742.0,253.0,48.0,99.0
741.0,254.0,48.0,99.0
740.0,255.0,48.0,99.0
740.0,257.0,47.0,98.0
736.0,257.0,48.0,99.0
734.0,257.0,48.0,99.0
731.0,257.0,49.0,99.0
727.0,258.0,49.0,101.0
725.0,259.0,49.0,100.0
722.0,261.0,48.0,100.0
720.0,261.0,48.0,100.0
717.0,260.0,48.0,101.0
714.0,260.0,49.0,103.0
712.0,260.0,49.0,103.0
710.0,261.0,48.0,102.0
709.0,261.0,48.0,101.0
707.0,261.0,48.0,102.0
706.0,261.0,48.0,102.0
704.0,261.0,47.0,101.0
704.0,262.0,46.0,99.0
704.0,262.0,46.0,98.0
704.0,262.0,46.0,97.0
704.0,263.0,46.0,97.0
704.0,263.0,46.0,97.0
704.0,264.0,46.0,96.0
703.0,265.0,47.0,97.0
703.0,265.0,48.0,98.0
703.0,265.0,49.0,98.0
704.0,266.0,49.0,98.0
706.0,266.0,50.0,100.0
707.0,267.0,49.0,99.0
710.0,268.0,49.0,99.0
711.0,268.0,50.0,100.0
713.0,269.0,49.0,100.0
717.0,269.0,49.0,99.0
720.0,269.0,50.0,99.0
723.0,269.0,51.0,101.0
726.0,270.0,51.0,100.0
729.0,270.0,51.0,100.0
733.0,270.0,51.0,100.0
737.0,271.0,50.0,99.0
741.0,271.0,50.0,98.0
744.0,271.0,49.0,97.0
747.0,271.0,49.0,98.0
751.0,272.0,48.0,96.0
754.0,273.0,47.0,94.0
757.0,274.0,48.0,94.0
760.0,273.0,49.0,96.0
762.0,273.0,50.0,97.0
763.0,273.0,51.0,98.0
765.0,273.0,51.0,99.0
768.0,273.0,51.0,99.0
770.0,273.0,51.0,99.0
772.0,274.0,50.0,98.0
774.0,274.0,50.0,100.0
775.0,274.0,50.0,100.0
776.0,274.0,50.0,102.0
777.0,274.0,49.0,103.0
777.0,274.0,49.0,102.0
778.0,274.0,51.0,103.0
778.0,273.0,52.0,104.0
779.0,273.0,51.0,102.0
779.0,272.0,50.0,103.0
780.0,272.0,49.0,101.0
780.0,271.0,49.0,101.0
780.0,271.0,48.0,99.0
780.0,270.0,48.0,99.0
780.0,270.0,48.0,98.0
780.0,269.0,48.0,97.0
781.0,269.0,48.0,96.0
781.0,269.0,49.0,96.0
781.0,269.0,51.0,99.0
782.0,269.0,51.0,98.0
782.0,269.0,52.0,99.0
783.0,270.0,53.0,99.0
783.0,270.0,54.0,100.0
785.0,270.0,54.0,99.0
787.0,269.0,55.0,100.0
787.0,269.0,57.0,102.0
791.0,270.0,55.0,101.0
795.0,270.0,54.0,101.0
799.0,270.0,53.0,101.0
801.0,271.0,53.0,101.0
805.0,273.0,52.0,100.0
808.0,273.0,52.0,101.0
811.0,273.0,51.0,100.0
814.0,273.0,51.0,100.0
817.0,273.0,51.0,100.0
819.0,273.0,50.0,98.0
822.0,274.0,50.0,97.0
824.0,275.0,49.0,95.0
827.0,275.0,49.0,94.0
828.0,275.0,51.0,96.0
829.0,275.0,51.0,96.0
829.0,275.0,51.0,97.0
830.0,275.0,51.0,99.0
829.0,275.0,51.0,99.0
828.0,275.0,51.0,99.0
828.0,275.0,50.0,99.0
826.0,275.0,50.0,99.0
825.0,274.0,50.0,100.0
822.0,275.0,49.0,100.0
819.0,274.0,49.0,102.0
816.0,274.0,49.0,101.0
812.0,273.0,50.0,102.0
810.0,272.0,50.0,102.0
807.0,272.0,50.0,102.0
803.0,272.0,50.0,102.0
800.0,270.0,50.0,103.0
797.0,271.0,49.0,101.0
793.0,270.0,50.0,101.0
790.0,270.0,48.0,97.0
786.0,269.0,49.0,97.0
783.0,269.0,49.0,96.0
779.0,269.0,49.0,95.0
775.0,269.0,48.0,94.0
771.0,269.0,50.0,96.0
766.0,269.0,49.0,95.0
762.0,268.0,50.0,96.0
758.0,268.0,51.0,96.0
753.0,268.0,51.0,97.0
749.0,268.0,51.0,97.0
745.0,268.0,51.0,98.0
741.0,268.0,51.0,98.0
738.0,268.0,51.0,97.0
734.0,268.0,51.0,99.0
730.0,268.0,51.0,98.0
726.0,267.0,51.0,97.0
723.0,267.0,51.0,97.0
720.0,267.0,51.0,95.0
720.0,267.0,50.0,94.0
720.0,267.0,49.0,94.0
719.0,267.0,48.0,93.0
720.0,267.0,47.0,91.0
721.0,268.0,46.0,91.0
721.0,268.0,46.0,90.0
723.0,268.0,46.0,91.0
725.0,269.0,46.0,91.0
727.0,269.0,46.0,93.0
729.0,270.0,45.0,92.0
732.0,271.0,46.0,92.0
734.0,272.0,46.0,92.0
736.0,272.0,47.0,93.0
739.0,273.0,45.0,92.0
742.0,274.0,44.0,90.0
744.0,274.0,45.0,92.0
746.0,274.0,45.0,93.0
748.0,274.0,46.0,94.0
749.0,275.0,46.0,93.0
750.0,275.0,47.0,94.0
751.0,276.0,47.0,93.0
752.0,276.0,47.0,93.0
753.0,276.0,46.0,94.0
753.0,276.0,46.0,94.0
753.0,276.0,47.0,95.0
754.0,277.0,46.0,94.0
755.0,278.0,45.0,92.0
756.0,278.0,45.0,91.0
756.0,278.0,45.0,90.0
756.0,278.0,44.0,90.0
756.0,278.0,44.0,89.0
755.0,279.0,43.0,87.0
754.0,279.0,43.0,86.0
753.0,280.0,44.0,86.0
752.0,279.0,45.0,86.0
750.0,279.0,46.0,86.0
749.0,280.0,47.0,87.0
747.0,280.0,47.0,87.0
746.0,281.0,48.0,86.0
744.0,280.0,48.0,88.0
743.0,281.0,47.0,88.0
742.0,281.0,47.0,89.0
742.0,281.0,46.0,89.0
741.0,281.0,45.0,89.0
741.0,281.0,44.0,90.0
740.0,281.0,44.0,90.0
739.0,281.0,43.0,89.0
738.0,282.0,43.0,89.0
736.0,281.0,44.0,90.0
735.0,281.0,43.0,89.0
734.0,281.0,42.0,88.0
734.0,281.0,42.0,88.0
734.0,280.0,41.0,86.0
735.0,280.0,41.0,85.0
734.0,281.0,41.0,85.0
733.0,281.0,42.0,86.0
733.0,281.0,43.0,86.0
734.0,282.0,42.0,85.0
735.0,283.0,42.0,85.0
736.0,284.0,42.0,84.0
738.0,284.0,43.0,86.0
738.0,284.0,44.0,87.0
739.0,284.0,45.0,88.0
739.0,285.0,44.0,88.0
740.0,285.0,44.0,87.0
740.0,285.0,44.0,87.0
740.0,286.0,43.0,87.0
739.0,285.0,44.0,89.0
738.0,285.0,45.0,91.0
736.0,285.0,44.0,91.0
737.0,285.0,43.0,90.0
736.0,286.0,42.0,89.0
735.0,285.0,43.0,90.0
734.0,284.0,42.0,90.0
734.0,284.0,42.0,90.0
734.0,284.0,41.0,88.0
733.0,283.0,42.0,88.0
732.0,284.0,42.0,87.0
732.0,284.0,41.0,86.0
730.0,284.0,40.0,85.0
729.0,283.0,40.0,86.0
727.0,283.0,41.0,85.0
726.0,283.0,41.0,84.0
724.0,283.0,42.0,84.0
721.0,283.0,42.0,85.0
719.0,282.0,43.0,86.0
716.0,282.0,43.0,86.0
715.0,282.0,43.0,87.0
712.0,282.0,42.0,86.0
710.0,282.0,43.0,88.0
707.0,281.0,43.0,89.0
704.0,281.0,42.0,88.0
701.0,281.0,42.0,88.0
698.0,280.0,42.0,88.0
694.0,279.0,43.0,90.0
691.0,278.0,43.0,89.0
687.0,278.0,43.0,88.0
684.0,277.0,43.0,88.0
680.0,277.0,43.0,86.0
677.0,277.0,43.0,85.0
674.0,276.0,42.0,83.0
671.0,276.0,41.0,82.0
667.0,275.0,41.0,83.0
663.0,274.0,41.0,85.0
660.0,273.0,40.0,85.0
657.0,273.0,41.0,86.0
654.0,273.0,41.0,86.0
652.0,272.0,42.0,86.0
648.0,272.0,41.0,86.0
647.0,271.0,42.0,87.0
645.0,271.0,42.0,86.0
643.0,270.0,42.0,87.0
643.0,269.0,42.0,88.0
641.0,269.0,42.0,89.0
641.0,268.0,42.0,89.0
641.0,267.0,42.0,90.0
641.0,266.0,42.0,88.0
643.0,265.0,42.0,89.0
644.0,264.0,42.0,90.0
645.0,263.0,42.0,90.0
648.0,262.0,42.0,90.0
652.0,261.0,42.0,89.0
656.0,261.0,42.0,89.0
660.0,260.0,42.0,89.0
665.0,259.0,41.0,88.0
669.0,258.0,41.0,88.0
674.0,257.0,41.0,87.0
677.0,257.0,42.0,87.0
681.0,256.0,42.0,86.0
685.0,256.0,41.0,86.0
689.0,256.0,42.0,86.0
692.0,256.0,42.0,87.0
694.0,255.0,43.0,88.0
697.0,255.0,43.0,88.0
700.0,255.0,43.0,87.0
702.0,255.0,44.0,88.0
705.0,255.0,44.0,88.0
707.0,255.0,44.0,88.0
708.0,254.0,44.0,89.0
710.0,253.0,43.0,90.0
711.0,252.0,43.0,91.0
713.0,251.0,42.0,89.0
714.0,251.0,41.0,88.0
715.0,250.0,42.0,88.0
714.0,250.0,41.0,86.0
714.0,249.0,41.0,86.0
713.0,249.0,41.0,86.0
712.0,248.0,41.0,86.0
711.0,248.0,41.0,85.0
709.0,247.0,42.0,86.0
707.0,246.0,42.0,86.0
705.0,246.0,41.0,86.0
703.0,245.0,42.0,86.0
700.0,244.0,41.0,86.0
698.0,243.0,42.0,87.0
694.0,242.0,42.0,87.0
693.0,242.0,42.0,87.0
691.0,241.0,42.0,89.0
688.0,241.0,41.0,89.0
686.0,240.0,42.0,89.0
683.0,240.0,42.0,89.0
681.0,240.0,42.0,89.0
678.0,239.0,42.0,89.0
677.0,238.0,42.0,91.0
674.0,236.0,43.0,93.0
673.0,236.0,43.0,93.0
671.0,235.0,42.0,92.0
670.0,235.0,42.0,92.0
670.0,235.0,42.0,91.0
669.0,234.0,43.0,91.0
670.0,234.0,42.0,90.0
670.0,233.0,43.0,90.0
671.0,233.0,42.0,88.0
672.0,232.0,43.0,89.0
674.0,233.0,43.0,87.0
677.0,233.0,42.0,86.0
680.0,233.0,43.0,86.0
684.0,233.0,42.0,86.0
688.0,233.0,43.0,88.0
692.0,232.0,43.0,89.0
697.0,232.0,43.0,89.0
703.0,233.0,43.0,90.0
708.0,233.0,44.0,90.0
713.0,233.0,44.0,91.0
719.0,233.0,44.0,90.0
724.0,234.0,44.0,90.0
731.0,234.0,44.0,90.0
738.0,234.0,43.0,90.0
744.0,234.0,43.0,91.0
750.0,235.0,43.0,90.0
756.0,235.0,43.0,90.0
761.0,235.0,43.0,89.0
768.0,235.0,43.0,88.0
772.0,235.0,42.0,87.0
778.0,236.0,42.0,87.0
782.0,236.0,43.0,87.0
786.0,236.0,43.0,86.0
790.0,236.0,44.0,86.0
794.0,236.0,44.0,86.0
796.0,236.0,44.0,88.0
800.0,237.0,44.0,88.0
802.0,237.0,43.0,87.0
804.0,237.0,44.0,87.0
806.0,237.0,44.0,89.0
808.0,238.0,44.0,88.0
809.0,238.0,44.0,89.0
811.0,237.0,44.0,90.0
813.0,237.0,44.0,91.0
815.0,237.0,44.0,92.0
817.0,237.0,43.0,91.0
818.0,237.0,43.0,92.0
819.0,236.0,43.0,92.0
820.0,236.0,43.0,92.0
822.0,235.0,43.0,92.0
823.0,235.0,44.0,92.0
825.0,234.0,44.0,93.0
826.0,234.0,44.0,91.0
827.0,234.0,44.0,92.0
829.0,234.0,44.0,91.0
831.0,234.0,44.0,90.0
832.0,233.0,45.0,90.0
834.0,233.0,45.0,89.0
837.0,233.0,45.0,88.0
838.0,232.0,46.0,87.0
839.0,232.0,45.0,85.0
841.0,232.0,45.0,86.0
842.0,231.0,47.0,88.0
843.0,232.0,47.0,88.0
845.0,231.0,47.0,90.0
847.0,232.0,47.0,90.0
848.0,232.0,47.0,91.0
850.0,231.0,47.0,92.0
851.0,232.0,46.0,92.0
852.0,231.0,46.0,94.0
853.0,231.0,46.0,93.0
854.0,231.0,46.0,93.0
855.0,231.0,46.0,93.0
855.0,230.0,45.0,92.0
855.0,230.0,45.0,91.0
855.0,229.0,45.0,91.0
855.0,229.0,45.0,90.0
854.0,228.0,45.0,90.0
854.0,227.0,45.0,89.0
853.0,227.0,45.0,89.0
853.0,226.0,44.0,88.0
852.0,226.0,44.0,87.0
851.0,225.0,44.0,88.0
849.0,225.0,44.0,87.0
847.0,223.0,44.0,89.0
846.0,223.0,44.0,88.0
844.0,223.0,44.0,89.0
842.0,222.0,44.0,90.0
839.0,221.0,44.0,90.0
836.0,221.0,44.0,90.0
834.0,220.0,44.0,90.0
829.0,219.0,45.0,92.0
827.0,219.0,44.0,90.0
824.0,219.0,44.0,91.0
820.0,218.0,44.0,91.0
817.0,216.0,45.0,93.0
814.0,215.0,44.0,93.0
811.0,214.0,44.0,93.0
808.0,212.0,45.0,94.0
805.0,211.0,44.0,93.0
802.0,211.0,44.0,91.0
798.0,211.0,44.0,90.0
794.0,211.0,45.0,89.0
790.0,209.0,45.0,89.0
788.0,208.0,44.0,88.0
786.0,208.0,43.0,87.0
781.0,207.0,43.0,86.0
778.0,206.0,43.0,85.0
774.0,205.0,44.0,85.0
771.0,205.0,43.0,85.0
767.0,204.0,44.0,88.0
764.0,204.0,44.0,89.0
759.0,203.0,45.0,89.0
756.0,203.0,44.0,89.0
752.0,202.0,44.0,89.0
749.0,202.0,44.0,90.0
745.0,201.0,44.0,91.0
741.0,200.0,43.0,91.0
740.0,199.0,43.0,91.0
737.0,199.0,42.0,91.0
735.0,198.0,42.0,91.0
733.0,197.0,42.0,91.0
730.0,195.0,42.0,91.0
728.0,194.0,42.0,91.0
727.0,194.0,42.0,90.0
724.0,193.0,43.0,90.0
723.0,192.0,43.0,90.0
721.0,192.0,44.0,89.0
719.0,191.0,44.0,89.0
718.0,190.0,45.0,88.0
716.0,189.0,45.0,89.0
716.0,189.0,44.0,88.0
715.0,188.0,44.0,88.0
714.0,188.0,44.0,88.0
713.0,188.0,45.0,89.0
711.0,187.0,45.0,89.0
710.0,185.0,45.0,91.0
709.0,186.0,44.0,90.0
709.0,185.0,43.0,90.0
707.0,184.0,44.0,91.0
705.0,183.0,44.0,93.0
704.0,182.0,43.0,93.0
702.0,181.0,44.0,93.0
701.0,181.0,43.0,91.0
699.0,180.0,44.0,92.0
696.0,179.0,44.0,91.0
695.0,177.0,44.0,91.0
692.0,177.0,45.0,91.0
691.0,176.0,44.0,90.0
690.0,175.0,44.0,89.0
688.0,174.0,44.0,89.0
685.0,173.0,44.0,88.0
683.0,172.0,43.0,86.0
682.0,172.0,43.0,85.0
678.0,170.0,44.0,87.0
675.0,170.0,44.0,87.0
673.0,169.0,44.0,88.0
671.0,168.0,44.0,88.0
669.0,168.0,43.0,89.0
667.0,167.0,44.0,90.0
664.0,167.0,44.0,90.0
663.0,165.0,44.0,91.0
662.0,165.0,43.0,91.0
662.0,165.0,43.0,90.0
661.0,164.0,44.0,91.0
661.0,163.0,44.0,91.0
662.0,163.0,43.0,91.0
663.0,162.0,43.0,91.0
665.0,162.0,43.0,91.0
667.0,161.0,43.0,91.0
668.0,160.0,44.0,92.0
671.0,160.0,44.0,91.0
674.0,159.0,44.0,90.0
678.0,159.0,43.0,89.0
680.0,158.0,44.0,90.0
685.0,158.0,43.0,89.0
688.0,157.0,44.0,88.0
692.0,157.0,43.0,88.0
696.0,157.0,44.0,89.0
700.0,157.0,44.0,89.0
704.0,157.0,44.0,89.0
707.0,157.0,44.0,90.0
711.0,157.0,44.0,90.0
714.0,157.0,44.0,90.0
718.0,157.0,44.0,91.0
722.0,156.0,43.0,91.0
725.0,156.0,43.0,91.0
728.0,156.0,43.0,91.0
729.0,156.0,43.0,91.0
731.0,156.0,44.0,91.0
734.0,155.0,44.0,91.0
735.0,154.0,44.0,91.0
737.0,153.0,44.0,91.0
738.0,153.0,44.0,91.0
739.0,152.0,44.0,90.0
740.0,152.0,45.0,90.0
741.0,151.0,45.0,89.0
741.0,151.0,45.0,89.0
743.0,151.0,44.0,86.0
744.0,151.0,44.0,86.0
745.0,150.0,44.0,88.0
746.0,150.0,44.0,88.0
747.0,150.0,44.0,88.0
748.0,148.0,44.0,90.0
749.0,148.0,44.0,89.0
750.0,148.0,44.0,89.0
752.0,148.0,44.0,89.0
754.0,148.0,45.0,90.0
