543.0,228.0,53.0,91.0
540.0,230.0,51.0,89.0
538.0,230.0,52.0,90.0
534.0,231.0,53.0,91.0
531.0,232.0,52.0,90.0
529.0,234.0,52.0,89.0
524.0,234.0,52.0,89.0
523.0,236.0,51.0,87.0
518.0,235.0,52.0,90.0
516.0,235.0,52.0,90.0
514.0,236.0,52.0,90.0
512.0,237.0,52.0,90.0
511.0,238.0,51.0,88.0
508.0,238.0,52.0,89.0
507.0,238.0,52.0,90.0
506.0,238.0,51.0,90.0
506.0,238.0,51.0,90.0
505.0,237.0,53.0,93.0
505.0,237.0,52.0,92.0
507.0,237.0,52.0,92.0
508.0,235.0,52.0,91.0
511.0,235.0,52.0,90.0
514.0,235.0,52.0,90.0
518.0,235.0,52.0,91.0
520.0,234.0,52.0,91.0
525.0,234.0,52.0,90.0
528.0,232.0,52.0,91.0
532.0,231.0,52.0,91.0
535.0,230.0,52.0,91.0
540.0,230.0,52.0,91.0
544.0,229.0,52.0,90.0
549.0,228.0,52.0,91.0
552.0,228.0,52.0,91.0
556.0,227.0,53.0,92.0
559.0,226.0,52.0,91.0
563.0,226.0,52.0,91.0
566.0,225.0,53.0,92.0
569.0,224.0,52.0,91.0
571.0,223.0,54.0,94.0
575.0,223.0,53.0,93.0
577.0,222.0,52.0,92.0
579.0,222.0,52.0,92.0
579.0,220.0,54.0,96.0
581.0,220.0,53.0,95.0
582.0,220.0,53.0,95.0
583.0,219.0,54.0,96.0
583.0,219.0,55.0,97.0
582.0,217.0,55.0,98.0
582.0,218.0,55.0,98.0
581.0,217.0,55.0,99.0
580.0,216.0,55.0,99.0
578.0,216.0,55.0,98.0
577.0,216.0,55.0,99.0
575.0,215.0,55.0,99.0
573.0,215.0,55.0,99.0
571.0,214.0,55.0,99.0
570.0,215.0,55.0,98.0
568.0,215.0,55.0,98.0
567.0,214.0,55.0,99.0
566.0,214.0,55.0,98.0
565.0,214.0,55.0,98.0
563.0,213.0,55.0,99.0
561.0,212.0,56.0,100.0
559.0,212.0,55.0,99.0
557.0,211.0,55.0,99.0
555.0,211.0,55.0,99.0
553.0,211.0,55.0,99.0
551.0,211.0,55.0,99.0
549.0,211.0,55.0,98.0
547.0,210.0,55.0,99.0
545.0,210.0,55.0,99.0
542.0,209.0,55.0,99.0
541.0,208.0,55.0,99.0
539.0,207.0,55.0,99.0
537.0,207.0,55.0,99.0
536.0,206.0,54.0,98.0
534.0,206.0,54.0,99.0
532.0,205.0,54.0,99.0
531.0,205.0,54.0,99.0
529.0,203.0,55.0,100.0
527.0,202.0,55.0,100.0
525.0,201.0,55.0,100.0
524.0,201.0,54.0,99.0
522.0,200.0,55.0,100.0
520.0,199.0,55.0,100.0
519.0,199.0,55.0,100.0
516.0,197.0,56.0,101.0
514.0,196.0,57.0,102.0
512.0,196.0,56.0,101.0
511.0,195.0,56.0,101.0
509.0,193.0,57.0,102.0
506.0,192.0,57.0,102.0
505.0,191.0,57.0,103.0
503.0,190.0,57.0,104.0
502.0,188.0,57.0,103.0
501.0,187.0,57.0,104.0
500.0,186.0,57.0,105.0
498.0,184.0,57.0,105.0
497.0,183.0,57.0,104.0
497.0,182.0,57.0,102.0
496.0,181.0,57.0,102.0
494.0,180.0,57.0,102.0
494.0,179.0,57.0,102.0
493.0,177.0,57.0,102.0
491.0,176.0,57.0,104.0
490.0,174.0,57.0,104.0
490.0,173.0,57.0,103.0
489.0,172.0,57.0,104.0
489.0,171.0,57.0,103.0
489.0,170.0,57.0,103.0
488.0,168.0,57.0,104.0
488.0,168.0,57.0,103.0
488.0,166.0,57.0,104.0
488.0,165.0,57.0,103.0
489.0,164.0,56.0,102.0
489.0,162.0,56.0,103.0
490.0,161.0,56.0,103.0
492.0,159.0,55.0,103.0
493.0,157.0,55.0,103.0
495.0,156.0,55.0,103.0
497.0,154.0,54.0,103.0
499.0,153.0,54.0,103.0
500.0,152.0,54.0,103.0
501.0,151.0,54.0,103.0
503.0,150.0,55.0,104.0
504.0,149.0,54.0,103.0
505.0,148.0,54.0,103.0
506.0,147.0,55.0,104.0
507.0,146.0,55.0,104.0
508.0,145.0,54.0,103.0
509.0,144.0,54.0,103.0
511.0,143.0,53.0,103.0
512.0,142.0,53.0,103.0
513.0,142.0,53.0,103.0
514.0,141.0,53.0,102.0
515.0,141.0,53.0,102.0
516.0,140.0,53.0,102.0
516.0,139.0,53.0,102.0
517.0,138.0,53.0,102.0
519.0,137.0,53.0,102.0
520.0,137.0,52.0,100.0
520.0,136.0,52.0,100.0
521.0,135.0,52.0,100.0
522.0,135.0,52.0,100.0
522.0,135.0,52.0,100.0
522.0,134.0,52.0,100.0
522.0,133.0,53.0,102.0
522.0,132.0,53.0,102.0
522.0,132.0,53.0,102.0
522.0,132.0,53.0,102.0
522.0,132.0,53.0,102.0
521.0,131.0,53.0,102.0
521.0,131.0,53.0,102.0
521.0,130.0,53.0,102.0
521.0,130.0,53.0,102.0
521.0,130.0,53.0,102.0
520.0,130.0,53.0,102.0
520.0,130.0,53.0,102.0
520.0,130.0,53.0,102.0
520.0,130.0,53.0,102.0
520.0,129.0,53.0,102.0
520.0,128.0,53.0,102.0
520.0,128.0,53.0,102.0
521.0,128.0,53.0,102.0
521.0,128.0,53.0,102.0
522.0,127.0,54.0,103.0
523.0,127.0,54.0,103.0
523.0,127.0,54.0,103.0
524.0,127.0,54.0,103.0
525.0,127.0,53.0,102.0
527.0,127.0,53.0,102.0
528.0,127.0,53.0,102.0
529.0,127.0,52.0,102.0
530.0,127.0,52.0,102.0
532.0,127.0,52.0,102.0
531.0,127.0,52.0,102.0
531.0,127.0,52.0,102.0
531.0,127.0,53.0,103.0
531.0,127.0,52.0,102.0
529.0,127.0,52.0,102.0
529.0,127.0,52.0,102.0
528.0,128.0,52.0,98.0
528.0,128.0,52.0,93.0
528.0,128.0,52.0,89.0
528.0,128.0,52.0,88.0
527.0,128.0,53.0,89.0
527.0,128.0,52.0,87.0
527.0,129.0,52.0,86.0
527.0,129.0,52.0,85.0
527.0,130.0,51.0,83.0
526.0,130.0,51.0,83.0
525.0,131.0,51.0,83.0
524.0,131.0,51.0,83.0
523.0,131.0,51.0,81.0
523.0,132.0,51.0,80.0
522.0,133.0,51.0,79.0
521.0,134.0,50.0,78.0
520.0,135.0,50.0,78.0
519.0,135.0,50.0,78.0
518.0,135.0,52.0,80.0
517.0,135.0,53.0,81.0
517.0,135.0,54.0,81.0
517.0,136.0,54.0,81.0
516.0,137.0,54.0,81.0
515.0,137.0,54.0,81.0
515.0,138.0,54.0,81.0
515.0,137.0,54.0,83.0
515.0,138.0,54.0,83.0
516.0,137.0,54.0,83.0
517.0,138.0,55.0,84.0
518.0,137.0,55.0,84.0
519.0,137.0,55.0,85.0
521.0,137.0,55.0,86.0
523.0,136.0,55.0,86.0
525.0,136.0,55.0,87.0
527.0,135.0,55.0,89.0
529.0,134.0,55.0,90.0
533.0,134.0,55.0,90.0
535.0,134.0,55.0,91.0
538.0,133.0,55.0,91.0
541.0,134.0,55.0,91.0
546.0,132.0,55.0,91.0
548.0,134.0,55.0,91.0
552.0,134.0,54.0,91.0
556.0,133.0,53.0,91.0
560.0,134.0,52.0,91.0
564.0,133.0,52.0,92.0
566.0,134.0,51.0,94.0
570.0,134.0,51.0,95.0
573.0,135.0,51.0,95.0
577.0,136.0,50.0,95.0
579.0,136.0,50.0,95.0
582.0,136.0,50.0,96.0
585.0,137.0,50.0,98.0
587.0,137.0,50.0,99.0
588.0,138.0,50.0,100.0
589.0,139.0,50.0,101.0
590.0,140.0,50.0,102.0
590.0,141.0,50.0,102.0
589.0,142.0,50.0,102.0
589.0,143.0,50.0,102.0
589.0,144.0,50.0,102.0
589.0,145.0,50.0,102.0
589.0,146.0,50.0,102.0
590.0,147.0,50.0,102.0
591.0,148.0,51.0,103.0
592.0,149.0,51.0,103.0
593.0,151.0,51.0,101.0
595.0,153.0,51.0,100.0
596.0,154.0,51.0,100.0
597.0,156.0,52.0,100.0
599.0,157.0,52.0,100.0
600.0,159.0,52.0,100.0
602.0,160.0,52.0,100.0
605.0,161.0,52.0,100.0
606.0,162.0,52.0,100.0
609.0,164.0,52.0,101.0
611.0,167.0,52.0,102.0
613.0,169.0,52.0,103.0
615.0,170.0,52.0,103.0
617.0,172.0,52.0,103.0
619.0,174.0,52.0,103.0
621.0,176.0,52.0,103.0
623.0,178.0,52.0,103.0
625.0,180.0,51.0,103.0
627.0,181.0,52.0,104.0
630.0,184.0,51.0,103.0
632.0,186.0,51.0,103.0
635.0,189.0,51.0,103.0
638.0,191.0,51.0,103.0
640.0,193.0,50.0,103.0
644.0,196.0,50.0,103.0
645.0,197.0,51.0,104.0
649.0,200.0,51.0,104.0
651.0,201.0,51.0,104.0
655.0,203.0,52.0,104.0
657.0,205.0,53.0,104.0
662.0,208.0,53.0,104.0
664.0,211.0,52.0,104.0
668.0,214.0,52.0,104.0
670.0,217.0,52.0,104.0
674.0,220.0,52.0,104.0
676.0,223.0,52.0,104.0
679.0,226.0,52.0,104.0
682.0,228.0,52.0,104.0
684.0,231.0,53.0,105.0
688.0,234.0,53.0,105.0
690.0,238.0,53.0,105.0
693.0,242.0,53.0,105.0
697.0,244.0,53.0,105.0
698.0,247.0,54.0,105.0
702.0,251.0,54.0,105.0
704.0,253.0,54.0,105.0
709.0,258.0,54.0,105.0
710.0,260.0,54.0,105.0
713.0,264.0,54.0,105.0
714.0,266.0,54.0,105.0
716.0,270.0,54.0,105.0
717.0,273.0,54.0,105.0
717.0,275.0,54.0,105.0
718.0,279.0,54.0,105.0
719.0,282.0,55.0,105.0
720.0,284.0,55.0,105.0
721.0,287.0,56.0,105.0
724.0,290.0,56.0,103.0
727.0,293.0,56.0,102.0
729.0,296.0,55.0,100.0
732.0,299.0,55.0,101.0
734.0,301.0,55.0,102.0
737.0,304.0,55.0,103.0
739.0,306.0,56.0,103.0
742.0,309.0,56.0,102.0
744.0,312.0,57.0,103.0
746.0,313.0,58.0,103.0
749.0,316.0,58.0,102.0
751.0,318.0,59.0,102.0
753.0,320.0,59.0,102.0
756.0,322.0,59.0,102.0
758.0,324.0,59.0,102.0
759.0,327.0,59.0,103.0
761.0,329.0,59.0,104.0
763.0,332.0,58.0,104.0
764.0,334.0,58.0,104.0
766.0,336.0,58.0,104.0
767.0,337.0,58.0,104.0
767.0,339.0,58.0,104.0
768.0,341.0,59.0,106.0
768.0,342.0,60.0,106.0
768.0,343.0,60.0,106.0
769.0,344.0,61.0,106.0
769.0,345.0,62.0,106.0
769.0,346.0,61.0,105.0
768.0,347.0,62.0,106.0
768.0,347.0,62.0,106.0
767.0,347.0,62.0,107.0
767.0,348.0,62.0,107.0
766.0,348.0,61.0,107.0
764.0,348.0,62.0,107.0
761.0,349.0,63.0,106.0
758.0,348.0,64.0,107.0
754.0,348.0,66.0,107.0
751.0,349.0,67.0,106.0
749.0,350.0,68.0,105.0
748.0,350.0,67.0,102.0
746.0,350.0,67.0,101.0
745.0,350.0,67.0,99.0
744.0,348.0,67.0,99.0
742.0,348.0,67.0,99.0
740.0,348.0,67.0,99.0
739.0,347.0,68.0,99.0
739.0,347.0,68.0,100.0
738.0,346.0,68.0,100.0
738.0,344.0,68.0,101.0
740.0,342.0,66.0,101.0
741.0,340.0,65.0,101.0
742.0,338.0,65.0,101.0
742.0,336.0,65.0,101.0
743.0,334.0,65.0,101.0
745.0,333.0,64.0,100.0
745.0,332.0,64.0,100.0
746.0,331.0,64.0,100.0
750.0,331.0,63.0,100.0
753.0,331.0,62.0,100.0
758.0,332.0,60.0,98.0
764.0,331.0,59.0,98.0
771.0,331.0,59.0,98.0
777.0,330.0,58.0,98.0
784.0,330.0,59.0,99.0
792.0,330.0,60.0,99.0
800.0,330.0,61.0,99.0
809.0,333.0,61.0,99.0
818.0,334.0,61.0,99.0
828.0,336.0,62.0,99.0
837.0,339.0,62.0,98.0
847.0,343.0,62.0,98.0
856.0,344.0,63.0,98.0
864.0,347.0,64.0,98.0
873.0,348.0,65.0,98.0
882.0,350.0,67.0,98.0
889.0,351.0,70.0,98.0
896.0,352.0,72.0,98.0
903.0,354.0,75.0,97.0
910.0,357.0,76.0,97.0
917.0,359.0,77.0,98.0
924.0,363.0,77.0,97.0
931.0,365.0,76.0,97.0
938.0,368.0,75.0,96.0
943.0,373.0,73.0,95.0
948.0,374.0,73.0,95.0
952.0,376.0,73.0,95.0
955.0,377.0,73.0,95.0
958.0,378.0,74.0,96.0
959.0,379.0,76.0,98.0
960.0,380.0,77.0,99.0
961.0,382.0,77.0,99.0
962.0,383.0,78.0,99.0
962.0,385.0,78.0,99.0
965.0,387.0,77.0,97.0
967.0,391.0,75.0,96.0
970.0,394.0,73.0,94.0
971.0,395.0,73.0,94.0
972.0,396.0,72.0,93.0
975.0,398.0,71.0,93.0
975.0,399.0,73.0,94.0
974.0,400.0,75.0,94.0
974.0,401.0,76.0,95.0
974.0,403.0,79.0,96.0
974.0,405.0,81.0,96.0
974.0,407.0,84.0,96.0
975.0,410.0,83.0,96.0
976.0,414.0,81.0,96.0
977.0,417.0,80.0,96.0
978.0,420.0,78.0,95.0
981.0,424.0,76.0,93.0
983.0,427.0,73.0,92.0
982.0,429.0,74.0,94.0
980.0,432.0,75.0,97.0
979.0,434.0,76.0,99.0
977.0,437.0,77.0,100.0
976.0,440.0,77.0,102.0
974.0,444.0,78.0,103.0
973.0,448.0,77.0,102.0
973.0,452.0,76.0,101.0
972.0,457.0,75.0,101.0
973.0,461.0,73.0,99.0
973.0,465.0,70.0,98.0
974.0,468.0,68.0,96.0
973.0,471.0,68.0,96.0
970.0,472.0,68.0,95.0
969.0,474.0,68.0,94.0
966.0,476.0,69.0,96.0
962.0,479.0,71.0,98.0
959.0,481.0,73.0,99.0
956.0,484.0,73.0,100.0
953.0,486.0,73.0,101.0
949.0,490.0,73.0,102.0
947.0,492.0,73.0,101.0
944.0,497.0,72.0,100.0
941.0,500.0,72.0,100.0
939.0,502.0,70.0,99.0
938.0,504.0,68.0,97.0
937.0,507.0,67.0,96.0
934.0,509.0,67.0,98.0
931.0,512.0,68.0,100.0
928.0,514.0,69.0,102.0
925.0,517.0,70.0,104.0
922.0,521.0,70.0,105.0
918.0,524.0,71.0,107.0
915.0,527.0,72.0,107.0
913.0,530.0,72.0,107.0
909.0,534.0,73.0,107.0
908.0,537.0,72.0,107.0
906.0,540.0,72.0,105.0
904.0,543.0,71.0,104.0
902.0,545.0,69.0,104.0
900.0,546.0,68.0,103.0
898.0,546.0,67.0,102.0
897.0,547.0,65.0,101.0
895.0,549.0,64.0,101.0
893.0,550.0,63.0,100.0
890.0,551.0,64.0,100.0
886.0,553.0,65.0,99.0
883.0,554.0,65.0,99.0
879.0,555.0,66.0,99.0
876.0,555.0,66.0,99.0
872.0,556.0,66.0,99.0
870.0,557.0,66.0,99.0
866.0,558.0,66.0,99.0
862.0,559.0,66.0,99.0
859.0,559.0,66.0,99.0
856.0,558.0,67.0,99.0
852.0,558.0,67.0,100.0
849.0,558.0,67.0,100.0
847.0,558.0,67.0,100.0
843.0,559.0,67.0,100.0
841.0,558.0,67.0,100.0
838.0,558.0,67.0,100.0
835.0,558.0,67.0,100.0
832.0,558.0,67.0,100.0
829.0,558.0,67.0,100.0
825.0,558.0,68.0,100.0
821.0,558.0,68.0,100.0
818.0,558.0,68.0,100.0
814.0,558.0,68.0,100.0
810.0,558.0,68.0,100.0
806.0,558.0,67.0,99.0
803.0,558.0,67.0,99.0
800.0,557.0,66.0,99.0
798.0,557.0,65.0,99.0
795.0,557.0,64.0,99.0
793.0,556.0,62.0,99.0
790.0,555.0,62.0,99.0
787.0,554.0,61.0,98.0
785.0,553.0,59.0,96.0
783.0,552.0,58.0,96.0
780.0,551.0,57.0,95.0
777.0,550.0,56.0,93.0
775.0,548.0,56.0,92.0
771.0,546.0,56.0,91.0
768.0,545.0,56.0,92.0
764.0,544.0,56.0,93.0
761.0,542.0,57.0,94.0
757.0,540.0,57.0,95.0
753.0,538.0,57.0,96.0
750.0,537.0,58.0,97.0
746.0,535.0,58.0,99.0
743.0,534.0,58.0,100.0
740.0,532.0,58.0,102.0
737.0,530.0,57.0,103.0
733.0,529.0,57.0,104.0
730.0,527.0,57.0,105.0
729.0,526.0,57.0,105.0
729.0,525.0,57.0,105.0
728.0,524.0,58.0,105.0
730.0,523.0,58.0,104.0
731.0,522.0,59.0,103.0
733.0,522.0,59.0,102.0
735.0,522.0,58.0,99.0
738.0,521.0,59.0,97.0
742.0,522.0,57.0,93.0
745.0,522.0,58.0,93.0
747.0,522.0,58.0,93.0
751.0,522.0,59.0,93.0
754.0,522.0,59.0,94.0
757.0,521.0,60.0,97.0
760.0,521.0,60.0,98.0
765.0,521.0,60.0,98.0
768.0,522.0,59.0,97.0
772.0,523.0,59.0,97.0
777.0,523.0,59.0,98.0
781.0,523.0,59.0,99.0
786.0,523.0,58.0,100.0
791.0,523.0,58.0,100.0
796.0,523.0,58.0,100.0
801.0,523.0,59.0,101.0
804.0,522.0,60.0,100.0
806.0,520.0,62.0,99.0
809.0,520.0,62.0,96.0
812.0,520.0,62.0,95.0
814.0,520.0,62.0,96.0
816.0,521.0,61.0,95.0
817.0,521.0,62.0,97.0
817.0,519.0,63.0,98.0
818.0,519.0,63.0,99.0
818.0,519.0,63.0,99.0
818.0,518.0,63.0,98.0
816.0,517.0,64.0,98.0
816.0,517.0,64.0,97.0
816.0,517.0,63.0,97.0
816.0,516.0,63.0,97.0
816.0,516.0,64.0,97.0
816.0,515.0,64.0,98.0
817.0,514.0,64.0,99.0
817.0,513.0,64.0,97.0
817.0,512.0,64.0,97.0
818.0,512.0,63.0,94.0
817.0,511.0,63.0,94.0
817.0,511.0,62.0,93.0
818.0,511.0,61.0,92.0
818.0,511.0,61.0,92.0
817.0,511.0,60.0,93.0
817.0,510.0,60.0,93.0
816.0,509.0,61.0,95.0
815.0,508.0,60.0,96.0
814.0,507.0,60.0,98.0
814.0,506.0,59.0,99.0
813.0,505.0,58.0,101.0
812.0,504.0,58.0,102.0
811.0,502.0,57.0,102.0
810.0,502.0,55.0,101.0
809.0,501.0,54.0,100.0
808.0,500.0,52.0,99.0
806.0,498.0,52.0,99.0
805.0,497.0,52.0,99.0
803.0,496.0,52.0,97.0
802.0,495.0,52.0,95.0
800.0,495.0,53.0,94.0
798.0,494.0,55.0,93.0
795.0,494.0,56.0,93.0
793.0,494.0,58.0,92.0
789.0,495.0,60.0,92.0
787.0,495.0,62.0,92.0
782.0,495.0,64.0,92.0
780.0,495.0,64.0,92.0
776.0,493.0,64.0,91.0
772.0,493.0,65.0,91.0
769.0,494.0,64.0,90.0
764.0,493.0,63.0,88.0
760.0,492.0,63.0,88.0
756.0,492.0,61.0,89.0
751.0,489.0,60.0,90.0
747.0,488.0,58.0,93.0
743.0,485.0,57.0,92.0
739.0,482.0,56.0,93.0
734.0,479.0,56.0,95.0
729.0,476.0,56.0,93.0
724.0,474.0,55.0,92.0
720.0,471.0,55.0,90.0
715.0,470.0,54.0,90.0
710.0,469.0,53.0,90.0
705.0,468.0,53.0,90.0
700.0,467.0,53.0,90.0
696.0,465.0,55.0,91.0
690.0,464.0,56.0,91.0
684.0,462.0,57.0,91.0
678.0,461.0,58.0,91.0
673.0,459.0,59.0,91.0
667.0,458.0,58.0,89.0
662.0,458.0,57.0,86.0
656.0,456.0,57.0,85.0
651.0,456.0,58.0,84.0
646.0,456.0,59.0,84.0
642.0,457.0,60.0,83.0
637.0,457.0,59.0,84.0
631.0,457.0,57.0,84.0
626.0,456.0,56.0,85.0
620.0,455.0,56.0,85.0
614.0,454.0,57.0,86.0
608.0,453.0,56.0,85.0
602.0,451.0,58.0,85.0
595.0,450.0,59.0,84.0
588.0,449.0,60.0,83.0
584.0,449.0,60.0,83.0
579.0,450.0,61.0,83.0
574.0,450.0,62.0,84.0
569.0,451.0,59.0,83.0
564.0,451.0,58.0,83.0
559.0,452.0,56.0,82.0
554.0,451.0,57.0,82.0
549.0,452.0,58.0,83.0
544.0,451.0,59.0,84.0
537.0,451.0,59.0,83.0
532.0,452.0,60.0,83.0
526.0,451.0,61.0,83.0
521.0,453.0,60.0,82.0
515.0,454.0,59.0,81.0
510.0,455.0,58.0,81.0
258.0,232.0,23.0,28.0
256.0,232.0,22.0,28.0
253.0,232.0,21.0,29.0
250.0,232.0,22.0,28.0
247.0,232.0,23.0,28.0
244.0,232.0,23.0,27.0
241.0,232.0,24.0,27.0
238.0,232.0,25.0,27.0
235.0,232.0,26.0,27.0
233.0,233.0,26.0,28.0
230.0,233.0,26.0,28.0
228.0,233.0,26.0,28.0
225.0,234.0,25.0,28.0
223.0,234.0,23.0,28.0
220.0,234.0,21.0,28.0
217.0,234.0,23.0,29.0
214.0,234.0,25.0,30.0
211.0,233.0,27.0,31.0
208.0,233.0,28.0,31.0
205.0,233.0,30.0,31.0
203.0,233.0,31.0,31.0
200.0,234.0,29.0,31.0
198.0,235.0,27.0,30.0
195.0,235.0,25.0,30.0
192.0,236.0,25.0,30.0
190.0,236.0,25.0,30.0
187.0,236.0,25.0,29.0
183.0,236.0,24.0,29.0
180.0,236.0,24.0,28.0
177.0,235.0,23.0,28.0
174.0,236.0,23.0,28.0
171.0,236.0,22.0,28.0
169.0,237.0,22.0,28.0
166.0,237.0,21.0,28.0
163.0,238.0,21.0,28.0
161.0,239.0,21.0,28.0
158.0,239.0,24.0,28.0
155.0,240.0,27.0,29.0
152.0,240.0,31.0,29.0
149.0,240.0,31.0,30.0
146.0,241.0,32.0,30.0
143.0,241.0,33.0,30.0
140.0,242.0,33.0,30.0
137.0,242.0,34.0,30.0
134.0,243.0,35.0,30.0
131.0,244.0,33.0,30.0
128.0,245.0,31.0,30.0
125.0,246.0,30.0,29.0
122.0,247.0,30.0,28.0
118.0,247.0,30.0,27.0
115.0,248.0,31.0,26.0
111.0,248.0,33.0,27.0
108.0,248.0,36.0,27.0
104.0,248.0,38.0,28.0
101.0,249.0,39.0,28.0
98.0,250.0,39.0,28.0
95.0,251.0,40.0,27.0
92.0,252.0,38.0,27.0
89.0,253.0,36.0,27.0
86.0,255.0,35.0,27.0
83.0,256.0,35.0,27.0
79.0,256.0,36.0,26.0
76.0,257.0,36.0,26.0
72.0,258.0,38.0,27.0
69.0,259.0,40.0,27.0
66.0,259.0,41.0,28.0
62.0,260.0,41.0,28.0
59.0,262.0,42.0,29.0
56.0,263.0,42.0,29.0
52.0,264.0,40.0,28.0
49.0,266.0,39.0,27.0
46.0,267.0,37.0,25.0
42.0,267.0,38.0,25.0
38.0,267.0,39.0,26.0
35.0,267.0,40.0,26.0
31.0,267.0,42.0,26.0
26.0,268.0,44.0,27.0
22.0,268.0,46.0,28.0
19.0,269.0,46.0,28.0
16.0,271.0,46.0,28.0
13.0,272.0,46.0,28.0
10.0,274.0,44.0,27.0
7.0,276.0,42.0,26.0
4.0,278.0,40.0,25.0
