647.2130126953125, 382.32049560546875, 59.427642822265625, 87.01905059814453
648.7267456054688, 384.3111572265625, 57.119998931884766, 83.63999938964844
647.6129760742188, 385.00872802734375, 56.0, 82.0
646.9381103515625, 383.7330627441406, 57.119998931884766, 83.63999938964844
646.1713256835938, 384.5760192871094, 56.0, 82.0
645.914306640625, 385.4125671386719, 54.90196228027344, 80.39215850830078
644.5548095703125, 384.62841796875, 56.0, 82.0
644.4174194335938, 385.6426086425781, 54.90196228027344, 80.39215850830078
643.0770874023438, 384.8307800292969, 56.0, 82.0
641.4281005859375, 384.9045104980469, 56.0, 82.0
641.3790893554688, 385.88067626953125, 53.82545471191406, 78.81584167480469
637.85205078125, 381.67236328125, 52.77005386352539, 77.27043151855469
637.82763671875, 382.5989990234375, 52.77005386352539, 77.27043151855469
636.4453735351562, 382.9477844238281, 52.77005386352539, 77.27043151855469
635.7335815429688, 382.5106506347656, 52.77005386352539, 77.27043151855469
632.0197143554688, 379.5091247558594, 51.735347747802734, 75.75532531738281
631.529296875, 380.1324157714844, 51.735347747802734, 75.75532531738281
630.973876953125, 380.851318359375, 50.72092819213867, 74.26992797851562
629.1488037109375, 380.3717346191406, 51.735347747802734, 75.75532531738281
625.4811401367188, 377.76904296875, 50.72092819213867, 74.26992797851562
625.630126953125, 379.2181091308594, 49.72639846801758, 72.81365203857422
623.4381103515625, 377.61724853515625, 50.720924377441406, 74.26992797851562
620.85693359375, 376.1590270996094, 52.77004623413086, 77.27042388916016
617.081787109375, 373.87603759765625, 53.82544708251953, 78.81583404541016
615.2426147460938, 374.1390380859375, 53.82544708251953, 78.81583404541016
609.9620361328125, 372.8210144042969, 54.901954650878906, 80.39215087890625
609.1631469726562, 372.8804016113281, 54.901954650878906, 80.39215087890625
607.6051635742188, 373.4512939453125, 54.901954650878906, 80.39215087890625
604.764404296875, 372.6226501464844, 54.901954650878906, 80.39215087890625
603.1936645507812, 373.2459716796875, 54.901954650878906, 80.39215087890625
601.29052734375, 372.9822082519531, 54.901954650878906, 80.39215087890625
596.2572631835938, 367.96453857421875, 55.99999237060547, 81.99999237060547
594.2894897460938, 368.3124694824219, 55.99999237060547, 81.99999237060547
592.5211181640625, 364.9354553222656, 58.26239013671875, 85.31278228759766
591.4661865234375, 364.65924072265625, 58.26239013671875, 85.31278228759766
591.9017333984375, 363.30804443359375, 58.26239013671875, 85.31278228759766
591.7259521484375, 364.35186767578125, 57.11998748779297, 83.63997650146484
593.6224975585938, 363.95001220703125, 55.99998474121094, 81.9999771118164
594.6292724609375, 364.24835205078125, 55.99998474121094, 81.9999771118164
596.9513549804688, 362.6557312011719, 55.99998474121094, 81.9999771118164
599.2034912109375, 362.35357666015625, 54.901947021484375, 80.39213562011719
602.054931640625, 361.65167236328125, 54.901947021484375, 80.39213562011719
604.677978515625, 361.58917236328125, 52.77003860473633, 77.27041625976562
606.4155883789062, 359.30078125, 52.77003860473633, 77.27041625976562
609.556640625, 359.207275390625, 51.73533248901367, 75.75531005859375
611.0221557617188, 355.1428527832031, 51.73533248901367, 75.75531005859375
614.678466796875, 355.0340270996094, 50.72091293334961, 74.26991271972656
616.201904296875, 354.81109619140625, 50.72091293334961, 74.26991271972656
619.6767578125, 355.6643981933594, 50.72091293334961, 74.26991271972656
620.7347412109375, 355.4599609375, 50.72091293334961, 74.26991271972656
624.2637329101562, 355.8721618652344, 50.72091293334961, 74.26991271972656
627.4698486328125, 355.9759521484375, 49.72638702392578, 72.81363677978516
629.410400390625, 355.0447692871094, 48.75135803222656, 71.38591766357422
632.5047607421875, 354.4637145996094, 49.72638702392578, 72.81363677978516
633.3212890625, 352.1793212890625, 49.72638702392578, 72.81363677978516
634.331298828125, 348.9369812011719, 49.72638702392578, 72.81363677978516
637.1790161132812, 349.003662109375, 49.72638702392578, 72.81363677978516
638.2006225585938, 347.6292419433594, 48.75135803222656, 71.38591766357422
641.9896850585938, 347.1544494628906, 49.72638702392578, 72.81363677978516
642.26708984375, 346.97705078125, 49.72638702392578, 72.81363677978516
644.5664672851562, 346.4398498535156, 49.72638702392578, 72.81363677978516
646.9599609375, 346.91802978515625, 48.75135803222656, 71.38591766357422
650.0462646484375, 346.51715087890625, 48.75135803222656, 71.38591766357422
650.4187622070312, 344.1085205078125, 49.72638702392578, 72.81363677978516
652.1749877929688, 342.5324401855469, 49.72638702392578, 72.81363677978516
654.6986694335938, 341.3697509765625, 49.72638702392578, 72.81363677978516
656.5526123046875, 339.3812255859375, 49.72638702392578, 72.81363677978516
657.6905517578125, 338.4183654785156, 49.72638702392578, 72.81363677978516
658.8007202148438, 336.9627685546875, 50.720909118652344, 74.26990509033203
660.4512329101562, 336.418212890625, 50.720909118652344, 74.26990509033203
665.332763671875, 336.84405517578125, 49.726383209228516, 72.81362915039062
666.0643310546875, 336.1915283203125, 49.726383209228516, 72.81362915039062
667.2642211914062, 335.92462158203125, 49.726383209228516, 72.81362915039062
667.9617919921875, 335.43084716796875, 49.726383209228516, 72.81362915039062
671.4445190429688, 334.94793701171875, 49.726383209228516, 72.81362915039062
672.5307006835938, 332.98284912109375, 49.726383209228516, 72.81362915039062
673.606689453125, 331.3854064941406, 50.720909118652344, 74.2698974609375
677.367431640625, 330.4422302246094, 50.720909118652344, 74.2698974609375
677.8064575195312, 328.5763244628906, 50.720909118652344, 74.2698974609375
678.378662109375, 327.99835205078125, 50.720909118652344, 74.2698974609375
682.3709716796875, 326.328369140625, 49.72637939453125, 72.81362915039062
682.4945068359375, 326.84259033203125, 49.72637939453125, 72.81362915039062
683.295166015625, 326.04400634765625, 49.72637939453125, 72.81362915039062
684.6151123046875, 325.924072265625, 49.72637939453125, 72.81362915039062
686.1180419921875, 325.15496826171875, 49.72637939453125, 72.81362915039062
687.921875, 323.5699462890625, 49.72637939453125, 72.81362915039062
688.73046875, 322.4276123046875, 49.72637939453125, 72.81362915039062
689.8241577148438, 320.2686462402344, 48.7513542175293, 71.38591003417969
690.4915771484375, 319.12890625, 49.72637939453125, 72.81362915039062
691.11376953125, 315.39739990234375, 49.72637939453125, 72.81362915039062
691.9967041015625, 314.98382568359375, 49.72637939453125, 72.81362915039062
693.0194091796875, 315.1771240234375, 48.7513542175293, 71.38591003417969
693.84619140625, 315.10076904296875, 48.7513542175293, 71.38591003417969
694.255126953125, 314.9768371582031, 48.7513542175293, 71.38591003417969
694.3023681640625, 313.98492431640625, 49.72637939453125, 72.81362915039062
694.183837890625, 311.6611328125, 49.72637939453125, 72.81362915039062
694.215087890625, 311.05224609375, 49.72637939453125, 72.81362915039062
693.9727783203125, 310.38800048828125, 49.72637939453125, 72.81362915039062
697.8946533203125, 308.5835266113281, 48.7513542175293, 71.38591003417969
697.6901245117188, 307.4281921386719, 48.7513542175293, 71.38591003417969
697.7589721679688, 304.04351806640625, 48.7513542175293, 71.38591003417969
697.9906616210938, 304.4222412109375, 48.7513542175293, 71.38591003417969
698.2672119140625, 303.37982177734375, 48.7513542175293, 71.38591003417969
698.8733520507812, 303.1898498535156, 48.7513542175293, 71.38591003417969
698.9718017578125, 303.1164855957031, 48.7513542175293, 71.38591003417969
699.2882690429688, 301.4420471191406, 48.7513542175293, 71.38591003417969
700.1259155273438, 299.60174560546875, 48.7513542175293, 71.38591003417969
700.5877685546875, 298.2494201660156, 48.7513542175293, 71.38591003417969
701.8538208007812, 297.8949890136719, 47.79544448852539, 69.9861831665039
702.2139892578125, 295.3457336425781, 47.79544448852539, 69.9861831665039
702.3251953125, 293.00140380859375, 47.79544448852539, 69.9861831665039
702.3637084960938, 292.6653137207031, 47.79544448852539, 69.9861831665039
702.3990478515625, 291.8313903808594, 47.79544448852539, 69.9861831665039
702.4489135742188, 291.7786560058594, 47.79544448852539, 69.9861831665039
702.861572265625, 291.4602355957031, 47.79544448852539, 69.9861831665039
703.0018310546875, 290.0421447753906, 47.79544448852539, 69.9861831665039
703.2832641601562, 288.8092346191406, 47.79544448852539, 69.9861831665039
703.0804443359375, 288.8686828613281, 47.79544448852539, 69.9861831665039
705.5035400390625, 286.15728759765625, 47.79544448852539, 69.9861831665039
705.4397583007812, 284.7213439941406, 47.79544448852539, 69.9861831665039
705.0847778320312, 282.346435546875, 48.75135040283203, 71.38590240478516
705.00439453125, 280.96856689453125, 48.75135040283203, 71.38590240478516
704.9932861328125, 280.8421936035156, 48.75135040283203, 71.38590240478516
705.5213623046875, 280.3809814453125, 48.75135040283203, 71.38590240478516
706.62109375, 278.8524475097656, 48.75135040283203, 71.38590240478516
707.4293212890625, 278.30902099609375, 48.75135040283203, 71.38590240478516
708.41064453125, 275.782958984375, 48.75135040283203, 71.38590240478516
709.0740966796875, 275.53131103515625, 48.75135040283203, 71.38590240478516
709.9329833984375, 273.1551818847656, 48.75135040283203, 71.38590240478516
710.062744140625, 272.80255126953125, 48.75135040283203, 71.38590240478516
710.93359375, 270.5525207519531, 48.75135040283203, 71.38590240478516
711.09814453125, 269.82684326171875, 48.75135040283203, 71.38590240478516
711.32666015625, 269.9200744628906, 48.75135040283203, 71.38590240478516
711.658203125, 269.4997863769531, 48.75135040283203, 71.38590240478516
712.2839965820312, 269.5821838378906, 47.795440673828125, 69.9861831665039
713.3841552734375, 270.2628479003906, 47.795440673828125, 69.9861831665039
714.9417114257812, 269.6659240722656, 47.795440673828125, 69.9861831665039
716.6577758789062, 269.3759460449219, 47.795440673828125, 69.9861831665039
717.8613891601562, 269.9671325683594, 47.795440673828125, 69.9861831665039
719.051025390625, 274.5213623046875, 47.795440673828125, 69.9861831665039
729.7381591796875, 274.3948059082031, 47.795440673828125, 69.9861831665039
747.9837646484375, 283.86187744140625, 47.795440673828125, 69.9861831665039
769.2062377929688, 279.0763244628906, 47.795440673828125, 69.9861831665039
772.2852172851562, 278.9682312011719, 47.795440673828125, 69.9861831665039
776.02734375, 280.76739501953125, 47.795440673828125, 69.9861831665039
779.7625732421875, 281.361572265625, 47.795440673828125, 69.9861831665039
782.424072265625, 281.520263671875, 47.795440673828125, 69.9861831665039
784.1633911132812, 282.36029052734375, 47.795440673828125, 69.9861831665039
787.5676879882812, 283.40057373046875, 47.795440673828125, 69.9861831665039
790.6110229492188, 284.2528991699219, 47.795440673828125, 69.9861831665039
794.1456909179688, 285.0908203125, 47.795440673828125, 69.9861831665039
795.7312622070312, 285.57476806640625, 47.795440673828125, 69.9861831665039
799.3888549804688, 287.6367492675781, 47.795440673828125, 69.9861831665039
801.3275146484375, 287.935546875, 47.795440673828125, 69.9861831665039
804.6033325195312, 289.7415771484375, 47.795440673828125, 69.9861831665039
808.2633666992188, 290.3642578125, 47.795440673828125, 69.9861831665039
809.642822265625, 291.2021179199219, 47.795440673828125, 69.9861831665039
813.2908325195312, 291.8232421875, 47.795440673828125, 69.9861831665039
814.7496948242188, 293.79876708984375, 47.795440673828125, 69.9861831665039
818.2484741210938, 294.45037841796875, 47.795440673828125, 69.9861831665039
821.0313110351562, 295.59423828125, 47.795440673828125, 69.9861831665039
824.371337890625, 296.891357421875, 47.795440673828125, 69.9861831665039
825.3880004882812, 298.5992431640625, 47.795440673828125, 69.9861831665039
828.1441650390625, 298.21307373046875, 48.751346588134766, 71.38590240478516
830.5208740234375, 299.6145324707031, 48.751346588134766, 71.38590240478516
834.4190673828125, 300.5076599121094, 48.751346588134766, 71.38590240478516
835.8658447265625, 301.94989013671875, 48.751346588134766, 71.38590240478516
837.7297973632812, 304.3575439453125, 47.79543685913086, 69.98617553710938
840.245361328125, 304.197021484375, 48.7513427734375, 71.38589477539062
841.1793212890625, 306.5333251953125, 48.7513427734375, 71.38589477539062
843.1347045898438, 306.986328125, 48.7513427734375, 71.38589477539062
844.7432250976562, 309.628662109375, 47.795433044433594, 69.98616790771484
846.0526123046875, 310.8044128417969, 47.795433044433594, 69.98616790771484
847.5256958007812, 312.09722900390625, 47.795433044433594, 69.98616790771484
847.87060546875, 312.57586669921875, 47.795433044433594, 69.98616790771484
849.4823608398438, 314.8524169921875, 47.795433044433594, 69.98616790771484
849.7388916015625, 316.0010986328125, 47.795433044433594, 69.98616790771484
849.9130249023438, 316.69830322265625, 48.751338958740234, 71.3858871459961
850.3474731445312, 317.0914611816406, 48.751338958740234, 71.3858871459961
851.3578491210938, 318.8475646972656, 48.751338958740234, 71.3858871459961
852.2828979492188, 320.1839599609375, 48.751338958740234, 71.3858871459961
852.9881591796875, 321.6368408203125, 48.751338958740234, 71.3858871459961
853.4937133789062, 322.3824462890625, 48.751338958740234, 71.3858871459961
854.6860961914062, 323.50335693359375, 48.751338958740234, 71.3858871459961
854.9238891601562, 324.5709533691406, 48.751338958740234, 71.3858871459961
855.8469848632812, 326.7699890136719, 48.751338958740234, 71.3858871459961
856.5767822265625, 328.2353515625, 48.751338958740234, 71.3858871459961
857.8729858398438, 330.21807861328125, 48.751338958740234, 71.3858871459961
858.2081909179688, 331.24322509765625, 48.751338958740234, 71.3858871459961
859.6360473632812, 333.6327819824219, 47.79542922973633, 69.98616790771484
860.6903076171875, 335.568359375, 47.79542922973633, 69.98616790771484
861.5783081054688, 336.7246398925781, 47.79542922973633, 69.98616790771484
862.26611328125, 338.38909912109375, 47.79542922973633, 69.98616790771484
863.0131225585938, 339.65570068359375, 47.79542922973633, 69.98616790771484
863.9799194335938, 340.8035888671875, 48.75133514404297, 71.3858871459961
864.8287353515625, 342.39141845703125, 48.75133514404297, 71.3858871459961
866.22021484375, 343.8599853515625, 48.75133514404297, 71.3858871459961
868.13818359375, 344.8004455566406, 49.72636032104492, 72.8135986328125
869.2880249023438, 346.4070739746094, 48.75133514404297, 71.3858871459961
872.9640502929688, 348.162841796875, 49.72636032104492, 72.8135986328125
876.1991577148438, 350.5073547363281, 49.72636032104492, 72.8135986328125
877.57958984375, 352.58929443359375, 50.72088623046875, 74.26986694335938
882.9173583984375, 354.156005859375, 50.72088623046875, 74.26986694335938
886.519775390625, 355.9066162109375, 50.72088623046875, 74.26986694335938
890.7900390625, 357.34234619140625, 51.73530197143555, 75.75526428222656
895.7655029296875, 360.3814697265625, 51.73530197143555, 75.75526428222656
901.0305786132812, 362.52813720703125, 51.73530197143555, 75.75526428222656
906.2005615234375, 365.4698181152344, 51.73530197143555, 75.75526428222656
911.239013671875, 368.86614990234375, 50.720882415771484, 74.26986694335938
917.859619140625, 373.0422668457031, 49.726356506347656, 72.8135986328125
925.3058471679688, 376.6597900390625, 49.726356506347656, 72.8135986328125
930.34375, 379.5148620605469, 49.726356506347656, 72.8135986328125
935.5682373046875, 382.835693359375, 50.720882415771484, 74.26986694335938
941.5213012695312, 385.0880432128906, 51.73529815673828, 75.75525665283203
946.7623901367188, 387.2676696777344, 51.73529815673828, 75.75525665283203
954.3363647460938, 390.7416687011719, 51.73529815673828, 75.75525665283203
959.3598022460938, 394.5235900878906, 51.73529815673828, 75.75525665283203
964.3402099609375, 397.6332092285156, 51.73529815673828, 75.75525665283203
969.7101440429688, 400.7275085449219, 51.73529815673828, 75.75525665283203
975.36376953125, 404.88421630859375, 50.72087860107422, 74.26985931396484
982.6873168945312, 409.47613525390625, 50.72087860107422, 74.26985931396484
986.6616821289062, 412.9268798828125, 50.72087860107422, 74.26985931396484
991.1068725585938, 415.6468811035156, 50.72087860107422, 74.26985931396484
995.5504760742188, 419.6748962402344, 50.72087860107422, 74.26985931396484
999.9876098632812, 422.5309143066406, 50.72087860107422, 74.26985931396484
1004.1708984375, 426.2247619628906, 51.73529815673828, 75.75525665283203
1007.2945556640625, 427.6241760253906, 51.73529815673828, 75.75525665283203
1010.510009765625, 431.3435363769531, 51.73529815673828, 75.75525665283203
1014.2935791015625, 434.53704833984375, 51.73529815673828, 75.75525665283203
1016.8135986328125, 437.5256652832031, 51.73529815673828, 75.75525665283203
1021.442138671875, 442.04217529296875, 51.73529815673828, 75.75525665283203
1023.8931274414062, 446.5820007324219, 50.72087860107422, 74.26985931396484
1027.6943359375, 449.76898193359375, 50.72087860107422, 74.26985931396484
1029.6922607421875, 453.4437255859375, 50.72087860107422, 74.26985931396484
1032.216552734375, 455.3352966308594, 50.72087860107422, 74.26985931396484
1035.4876708984375, 459.5245056152344, 50.72087860107422, 74.26985931396484
1038.0191650390625, 463.82684326171875, 49.72635269165039, 72.81358337402344
1039.5838623046875, 465.2671813964844, 50.72087860107422, 74.26985931396484
1041.5235595703125, 469.7802734375, 49.72635269165039, 72.81358337402344
1042.494384765625, 471.466796875, 50.72087860107422, 74.26985931396484
1044.6092529296875, 475.003662109375, 51.735294342041016, 75.7552490234375
1045.1295166015625, 478.2296142578125, 51.735294342041016, 75.7552490234375
1048.0225830078125, 479.80072021484375, 51.735294342041016, 75.7552490234375
1048.9686279296875, 484.30828857421875, 51.735294342041016, 75.7552490234375
1051.265869140625, 486.77215576171875, 51.735294342041016, 75.7552490234375
1051.9180908203125, 491.01788330078125, 52.769996643066406, 77.27035522460938
1054.7725830078125, 494.16552734375, 52.769996643066406, 77.27035522460938
1056.2095947265625, 498.33392333984375, 52.769996643066406, 77.27035522460938
1058.532470703125, 501.68896484375, 52.769996643066406, 77.27035522460938
1060.7340087890625, 504.56524658203125, 52.769996643066406, 77.27035522460938
1062.1744384765625, 508.3117980957031, 53.82539367675781, 78.81575775146484
1063.3653564453125, 511.8162536621094, 53.82539367675781, 78.81575775146484
1065.742919921875, 515.1133422851562, 53.82539367675781, 78.81575775146484
1067.9644775390625, 517.8394775390625, 54.90190124511719, 80.3920669555664
1070.1229248046875, 521.92822265625, 54.90190124511719, 80.3920669555664
1073.630126953125, 526.5829467773438, 54.90190124511719, 80.3920669555664
1074.9658203125, 531.607177734375, 54.90190124511719, 80.3920669555664
1077.1683349609375, 535.47900390625, 54.90190124511719, 80.3920669555664
1079.8433837890625, 538.9881591796875, 54.90190124511719, 80.3920669555664
1081.7952880859375, 542.8905029296875, 54.90190124511719, 80.3920669555664
1084.7835693359375, 547.1268920898438, 55.999935150146484, 81.99990844726562
1086.266357421875, 551.0210571289062, 55.999935150146484, 81.99990844726562
1088.4061279296875, 555.0609741210938, 55.999935150146484, 81.99990844726562
1090.75146484375, 559.419189453125, 55.999935150146484, 81.99990844726562
1094.0272216796875, 563.932861328125, 55.999935150146484, 81.99990844726562
1096.596435546875, 570.3569946289062, 55.999935150146484, 81.99990844726562
1099.633544921875, 574.025146484375, 55.999935150146484, 81.99990844726562
1102.0648193359375, 578.3311157226562, 55.999935150146484, 81.99990844726562
1104.213623046875, 583.2327270507812, 55.999935150146484, 81.99990844726562
1106.922607421875, 587.6378784179688, 55.999935150146484, 81.99990844726562
1111.4774169921875, 593.5858154296875, 55.999935150146484, 81.99990844726562
1112.5562744140625, 598.0960693359375, 57.11993408203125, 83.63990020751953
1115.1988525390625, 603.0341796875, 57.11993408203125, 83.63990020751953
1119.1910400390625, 607.77197265625, 57.11993408203125, 83.63990020751953
1122.5933837890625, 612.798828125, 57.11993408203125, 83.63990020751953
1127.2889404296875, 619.7922973632812, 57.11993408203125, 83.63990020751953
1131.58837890625, 625.482177734375, 57.11993408203125, 83.63990020751953
1134.8692626953125, 631.2408447265625, 57.11993408203125, 83.63990020751953
1139.4593505859375, 636.6729125976562, 57.11993408203125, 83.63990020751953
1143.761962890625, 643.0647583007812, 57.11993408203125, 83.63990020751953
1149.634033203125, 652.9291381835938, 57.11993408203125, 83.63990020751953
1155.732177734375, 659.760009765625, 55.99993133544922, 81.9999008178711
1162.6141357421875, 666.4291381835938, 55.99993133544922, 81.9999008178711
1165.8465576171875, 674.4051513671875, 55.99993133544922, 81.9999008178711
1175.13330078125, 678.0000610351562, 55.99993133544922, 81.9999008178711
1218.521728515625, 658.8009643554688, 55.99993133544922, 81.9999008178711
1201.588623046875, 665.254638671875, 55.99993133544922, 81.9999008178711
1235.4720458984375, 666.0298461914062, 55.99993133544922, 81.9999008178711
1213.6839599609375, 664.3417358398438, 54.901893615722656, 80.39205932617188
1218.2933349609375, 665.5743408203125, 54.901893615722656, 80.39205932617188
1203.0443115234375, 667.7672729492188, 54.901893615722656, 80.39205932617188
1215.8209228515625, 662.8310546875, 54.901893615722656, 80.39205932617188
0.0, 0.0, 0.0, 0.0
0.0, 0.0, 0.0, 0.0
0.0, 0.0, 0.0, 0.0
0.0, 0.0, 0.0, 0.0
0.0, 0.0, 0.0, 0.0
0.0, 0.0, 0.0, 0.0
0.0, 0.0, 0.0, 0.0
0.0, 0.0, 0.0, 0.0
0.0, 0.0, 0.0, 0.0
0.0, 0.0, 0.0, 0.0
0.0, 0.0, 0.0, 0.0
0.0, 0.0, 0.0, 0.0
0.0, 0.0, 0.0, 0.0
0.0, 0.0, 0.0, 0.0
0.0, 0.0, 0.0, 0.0
0.0, 0.0, 0.0, 0.0
0.0, 0.0, 0.0, 0.0
0.0, 0.0, 0.0, 0.0
0.0, 0.0, 0.0, 0.0
0.0, 0.0, 0.0, 0.0
0.0, 0.0, 0.0, 0.0
0.0, 0.0, 0.0, 0.0
0.0, 0.0, 0.0, 0.0
0.0, 0.0, 0.0, 0.0
0.0, 0.0, 0.0, 0.0
0.0, 0.0, 0.0, 0.0
0.0, 0.0, 0.0, 0.0
0.0, 0.0, 0.0, 0.0
0.0, 0.0, 0.0, 0.0
0.0, 0.0, 0.0, 0.0
0.0, 0.0, 0.0, 0.0
0.0, 0.0, 0.0, 0.0
0.0, 0.0, 0.0, 0.0
0.0, 0.0, 0.0, 0.0
0.0, 0.0, 0.0, 0.0
0.0, 0.0, 0.0, 0.0
0.0, 0.0, 0.0, 0.0
0.0, 0.0, 0.0, 0.0
0.0, 0.0, 0.0, 0.0
0.0, 0.0, 0.0, 0.0
0.0, 0.0, 0.0, 0.0
0.0, 0.0, 0.0, 0.0
0.0, 0.0, 0.0, 0.0
0.0, 0.0, 0.0, 0.0
0.0, 0.0, 0.0, 0.0
0.0, 0.0, 0.0, 0.0
0.0, 0.0, 0.0, 0.0
0.0, 0.0, 0.0, 0.0
0.0, 0.0, 0.0, 0.0
0.0, 0.0, 0.0, 0.0
0.0, 0.0, 0.0, 0.0
0.0, 0.0, 0.0, 0.0
0.0, 0.0, 0.0, 0.0
0.0, 0.0, 0.0, 0.0
0.0, 0.0, 0.0, 0.0
0.0, 0.0, 0.0, 0.0
0.0, 0.0, 0.0, 0.0
0.0, 0.0, 0.0, 0.0
0.0, 0.0, 0.0, 0.0
0.0, 0.0, 0.0, 0.0
0.0, 0.0, 0.0, 0.0
0.0, 0.0, 0.0, 0.0
0.0, 0.0, 0.0, 0.0
0.0, 0.0, 0.0, 0.0
0.0, 0.0, 0.0, 0.0
0.0, 0.0, 0.0, 0.0
0.0, 0.0, 0.0, 0.0
0.0, 0.0, 0.0, 0.0
0.0, 0.0, 0.0, 0.0
0.0, 0.0, 0.0, 0.0
0.0, 0.0, 0.0, 0.0
0.0, 0.0, 0.0, 0.0
0.0, 0.0, 0.0, 0.0
0.0, 0.0, 0.0, 0.0
0.0, 0.0, 0.0, 0.0
0.0, 0.0, 0.0, 0.0
0.0, 0.0, 0.0, 0.0
0.0, 0.0, 0.0, 0.0
0.0, 0.0, 0.0, 0.0
0.0, 0.0, 0.0, 0.0
0.0, 0.0, 0.0, 0.0
0.0, 0.0, 0.0, 0.0
0.0, 0.0, 0.0, 0.0
0.0, 0.0, 0.0, 0.0
0.0, 0.0, 0.0, 0.0
0.0, 0.0, 0.0, 0.0
0.0, 0.0, 0.0, 0.0
0.0, 0.0, 0.0, 0.0
0.0, 0.0, 0.0, 0.0
0.0, 0.0, 0.0, 0.0
0.0, 0.0, 0.0, 0.0
0.0, 0.0, 0.0, 0.0
0.0, 0.0, 0.0, 0.0
0.0, 0.0, 0.0, 0.0
0.0, 0.0, 0.0, 0.0
0.0, 0.0, 0.0, 0.0
0.0, 0.0, 0.0, 0.0
0.0, 0.0, 0.0, 0.0
0.0, 0.0, 0.0, 0.0
0.0, 0.0, 0.0, 0.0
0.0, 0.0, 0.0, 0.0
0.0, 0.0, 0.0, 0.0
0.0, 0.0, 0.0, 0.0
0.0, 0.0, 0.0, 0.0
0.0, 0.0, 0.0, 0.0
0.0, 0.0, 0.0, 0.0
0.0, 0.0, 0.0, 0.0
0.0, 0.0, 0.0, 0.0
-12.550311088562012, -40.19602966308594, 54.901893615722656, 80.39205932617188
0.0, 0.0, 0.0, 0.0
0.0, 0.0, 0.0, 0.0
0.0, 0.0, 0.0, 0.0
0.0, 0.0, 0.0, 0.0
0.0, 0.0, 0.0, 0.0
0.0, 0.0, 0.0, 0.0
0.0, 0.0, 0.0, 0.0
0.0, 0.0, 0.0, 0.0
0.0, 0.0, 0.0, 0.0
0.0, 0.0, 0.0, 0.0
-11.462133407592773, -40.19602966308594, 54.901893615722656, 80.39205932617188
0.0, 0.0, 0.0, 0.0
0.0, 0.0, 0.0, 0.0
0.0, 0.0, 0.0, 0.0
0.0, 0.0, 0.0, 0.0
0.0, 0.0, 0.0, 0.0
0.0, 0.0, 0.0, 0.0
0.0, 0.0, 0.0, 0.0
0.0, 0.0, 0.0, 0.0
0.0, 0.0, 0.0, 0.0
0.0, 0.0, 0.0, 0.0
0.0, 0.0, 0.0, 0.0
0.0, 0.0, 0.0, 0.0
0.0, 0.0, 0.0, 0.0
0.0, 0.0, 0.0, 0.0
0.0, 0.0, 0.0, 0.0
0.0, 0.0, 0.0, 0.0
0.0, 0.0, 0.0, 0.0
0.0, 0.0, 0.0, 0.0
0.0, 0.0, 0.0, 0.0
0.0, 0.0, 0.0, 0.0
0.0, 0.0, 0.0, 0.0
0.0, 0.0, 0.0, 0.0
0.0, 0.0, 0.0, 0.0
0.0, 0.0, 0.0, 0.0
0.0, 0.0, 0.0, 0.0
0.0, 0.0, 0.0, 0.0
0.0, 0.0, 0.0, 0.0
0.0, 0.0, 0.0, 0.0
0.0, 0.0, 0.0, 0.0
-19.250411987304688, -40.19602966308594, 54.901893615722656, 80.39205932617188
0.0, 0.0, 0.0, 0.0
0.0, 0.0, 0.0, 0.0
0.0, 0.0, 0.0, 0.0
-23.112957000732422, -40.19602966308594, 54.901893615722656, 80.39205932617188
0.0, 0.0, 0.0, 0.0
0.0, 0.0, 0.0, 0.0
-25.964492797851562, -39.40787124633789, 53.82538604736328, 78.81574249267578
-26.274980545043945, -39.40787124633789, 53.82538604736328, 78.81574249267578
-26.802762985229492, -39.40787124633789, 53.82538604736328, 78.81574249267578
-26.91269302368164, -39.40787124633789, 53.82538604736328, 78.81574249267578
-26.91269302368164, -39.40787124633789, 53.82538604736328, 78.81574249267578
-26.91269302368164, -38.90829086303711, 53.82538604736328, 78.81574249267578
-26.91269302368164, -37.998558044433594, 53.82538604736328, 78.81574249267578
-26.91269302368164, -37.88256072998047, 53.82538604736328, 78.81574249267578
-26.91269302368164, -37.586647033691406, 53.82538604736328, 78.81574249267578
-26.91269302368164, -36.922855377197266, 53.82538604736328, 78.81574249267578
-26.91269302368164, -36.94065475463867, 53.82538604736328, 78.81574249267578
-26.91269302368164, -36.677581787109375, 53.82538604736328, 78.81574249267578
-26.91269302368164, -35.50954055786133, 53.82538604736328, 78.81574249267578
-26.91269302368164, -35.04161071777344, 53.82538604736328, 78.81574249267578
-26.91269302368164, -35.0601806640625, 53.82538604736328, 78.81574249267578
-26.91269302368164, -34.86509704589844, 53.82538604736328, 78.81574249267578
-26.91269302368164, -34.1866455078125, 53.82538604736328, 78.81574249267578
-26.91269302368164, -34.237762451171875, 53.82538604736328, 78.81574249267578
-26.91269302368164, -33.791160583496094, 53.82538604736328, 78.81574249267578
-26.91269302368164, -32.65523147583008, 53.82538604736328, 78.81574249267578
-26.91269302368164, -32.22163009643555, 53.82538604736328, 78.81574249267578
-26.91269302368164, -32.6249885559082, 53.82538604736328, 78.81574249267578
-26.91269302368164, -31.711759567260742, 53.82538604736328, 78.81574249267578
-26.91269302368164, -31.46476936340332, 53.82538604736328, 78.81574249267578
-26.91269302368164, -30.489700317382812, 53.82538604736328, 78.81574249267578
-26.91269302368164, -30.404491424560547, 53.82538604736328, 78.81574249267578
-26.91269302368164, -30.646305084228516, 53.82538604736328, 78.81574249267578
-26.91269302368164, -29.66115379333496, 53.82538604736328, 78.81574249267578
-26.91269302368164, -28.999542236328125, 53.82538604736328, 78.81574249267578
-26.91269302368164, -28.718372344970703, 53.82538604736328, 78.81574249267578
-26.91269302368164, -27.981735229492188, 53.82538604736328, 78.81574249267578
-26.91269302368164, -27.87841033935547, 53.82538604736328, 78.81574249267578
-26.91269302368164, -27.415847778320312, 53.82538604736328, 78.81574249267578
-26.91269302368164, -26.508785247802734, 53.82538604736328, 78.81574249267578
-26.91269302368164, -25.914640426635742, 53.82538604736328, 78.81574249267578
-26.91269302368164, -25.741796493530273, 53.82538604736328, 78.81574249267578
-26.91269302368164, -25.17249870300293, 53.82538604736328, 78.81574249267578
-26.91269302368164, -24.876558303833008, 53.82538604736328, 78.81574249267578
-26.91269302368164, -24.60903549194336, 53.82538604736328, 78.81574249267578
-26.91269302368164, -23.994089126586914, 53.82538604736328, 78.81574249267578
-26.91269302368164, -23.73349380493164, 53.82538604736328, 78.81574249267578
-26.91269302368164, -23.311275482177734, 53.82538604736328, 78.81574249267578
-27.450946807861328, -24.20197296142578, 54.901893615722656, 80.39205932617188
-26.91269302368164, -22.327728271484375, 53.82538604736328, 78.81574249267578
-26.91269302368164, -22.762208938598633, 53.82538604736328, 78.81574249267578
-26.91269302368164, -22.32274627685547, 53.82538604736328, 78.81574249267578
-26.91269302368164, -22.208045959472656, 53.82538604736328, 78.81574249267578
-26.91269302368164, -21.717060089111328, 53.82538604736328, 78.81574249267578
-26.91269302368164, -21.2292537689209, 53.82538604736328, 78.81574249267578
-26.91269302368164, -21.144834518432617, 53.82538604736328, 78.81574249267578
-26.384992599487305, -19.995086669921875, 52.76998519897461, 77.27033996582031
-26.384992599487305, -18.4820613861084, 52.76998519897461, 77.27033996582031
-26.91269302368164, -19.24678611755371, 53.82538604736328, 78.81574249267578
-26.384992599487305, -18.707555770874023, 52.76998519897461, 77.27033996582031
-26.384992599487305, -17.095287322998047, 52.76998519897461, 77.27033996582031
-26.384992599487305, -16.884862899780273, 52.76998519897461, 77.27033996582031
-26.384992599487305, -16.45688247680664, 52.76998519897461, 77.27033996582031
-26.384992599487305, -16.184619903564453, 52.76998519897461, 77.27033996582031
-26.384992599487305, -15.748815536499023, 52.76998519897461, 77.27033996582031
-26.384992599487305, -15.051313400268555, 52.76998519897461, 77.27033996582031
-26.384992599487305, -14.470733642578125, 52.76998519897461, 77.27033996582031
-26.384992599487305, -14.303434371948242, 52.76998519897461, 77.27033996582031
-26.384992599487305, -14.034730911254883, 52.76998519897461, 77.27033996582031
-26.384992599487305, -13.43467903137207, 52.76998519897461, 77.27033996582031
-26.384992599487305, -13.214912414550781, 52.76998519897461, 77.27033996582031
-26.91269302368164, -13.558280944824219, 53.82538604736328, 78.81574249267578
-26.91269302368164, -13.470903396606445, 53.82538604736328, 78.81574249267578
-26.91269302368164, -12.733564376831055, 53.82538604736328, 78.81574249267578
-26.91269302368164, -12.570562362670898, 53.82538604736328, 78.81574249267578
-26.91269302368164, -12.239551544189453, 53.82538604736328, 78.81574249267578
-26.91269302368164, -12.5770263671875, 53.82538604736328, 78.81574249267578
-26.91269302368164, -10.873542785644531, 53.82538604736328, 78.81574249267578
-26.91269302368164, -11.022092819213867, 53.82538604736328, 78.81574249267578
-26.91269302368164, -10.62249755859375, 53.82538604736328, 78.81574249267578
-26.91269302368164, -9.370567321777344, 53.82538604736328, 78.81574249267578
-26.91269302368164, -9.881584167480469, 53.82538604736328, 78.81574249267578
-26.91269302368164, -8.837627410888672, 53.82538604736328, 78.81574249267578
-26.91269302368164, -8.492576599121094, 53.82538604736328, 78.81574249267578
-26.91269302368164, -7.338077545166016, 53.82538604736328, 78.81574249267578
-26.91269302368164, -8.066682815551758, 53.82538604736328, 78.81574249267578
-26.91269302368164, -7.218692779541016, 53.82538604736328, 78.81574249267578
-26.91269302368164, -7.027385711669922, 53.82538604736328, 78.81574249267578
-26.91269302368164, -6.081634521484375, 53.82538604736328, 78.81574249267578
-26.91269302368164, -6.058849334716797, 53.82538604736328, 78.81574249267578
-26.91269302368164, -5.479248046875, 53.82538604736328, 78.81574249267578
-26.91269302368164, -5.034893035888672, 53.82538604736328, 78.81574249267578
-26.91269302368164, -4.850425720214844, 53.82538604736328, 78.81574249267578
-26.91269302368164, -3.891956329345703, 53.82538604736328, 78.81574249267578
-26.91269302368164, -3.3736915588378906, 53.82538604736328, 78.81574249267578
-26.91269302368164, -3.3070755004882812, 53.82538604736328, 78.81574249267578
-26.91269302368164, -2.7324905395507812, 53.82538604736328, 78.81574249267578
-26.91269302368164, -1.6311836242675781, 53.82538604736328, 78.81574249267578
-26.91269302368164, -1.0854988098144531, 53.82538604736328, 78.81574249267578
-27.450944900512695, -1.8835220336914062, 54.90188980102539, 80.39205169677734
-27.450944900512695, -1.0638847351074219, 54.90188980102539, 80.39205169677734
-27.450944900512695, -0.22126007080078125, 54.90188980102539, 80.39205169677734
-27.450944900512695, 0.5409927368164062, 54.90188980102539, 80.39205169677734
-27.450944900512695, 0.9814376831054688, 54.90188980102539, 80.39205169677734
-27.450944900512695, 0.9868507385253906, 54.90188980102539, 80.39205169677734
-27.450944900512695, 1.7089500427246094, 54.90188980102539, 80.39205169677734
-27.450944900512695, 2.992748260498047, 54.90188980102539, 80.39205169677734
-27.450944900512695, 4.021087646484375, 54.90188980102539, 80.39205169677734
-27.450944900512695, 3.8113136291503906, 54.90188980102539, 80.39205169677734
-27.450944900512695, 3.6130599975585938, 54.90188980102539, 80.39205169677734
-27.999963760375977, 2.6448707580566406, 55.99992752075195, 81.99989318847656
-27.999963760375977, 1.8408432006835938, 55.99992752075195, 81.99989318847656
-27.468006134033203, 1.51910400390625, 55.99992752075195, 81.99989318847656
-26.66730499267578, -1.7759475708007812, 55.99992752075195, 81.99989318847656
-27.999963760375977, -3.4596900939941406, 55.99992752075195, 81.99989318847656
-27.999963760375977, -2.0707855224609375, 55.99992752075195, 81.99989318847656
-27.999963760375977, -0.5443077087402344, 55.99992752075195, 81.99989318847656
-26.551462173461914, 2.782154083251953, 55.99992752075195, 81.99989318847656
-27.999963760375977, 1.4407691955566406, 55.99992752075195, 81.99989318847656
-27.999963760375977, 2.091625213623047, 55.99992752075195, 81.99989318847656
-27.999963760375977, -0.2612571716308594, 55.99992752075195, 81.99989318847656
-27.523000717163086, 1.931396484375, 55.99992752075195, 81.99989318847656
-27.999963760375977, 2.8168106079101562, 55.99992752075195, 81.99989318847656
-27.999963760375977, 2.988086700439453, 55.99992752075195, 81.99989318847656
-27.999963760375977, 3.9001426696777344, 55.99992752075195, 81.99989318847656
-27.999963760375977, 4.305507659912109, 55.99992752075195, 81.99989318847656
-27.999963760375977, 3.2456130981445312, 55.99992752075195, 81.99989318847656
-27.999963760375977, 3.5957794189453125, 55.99992752075195, 81.99989318847656
-27.999963760375977, 4.527492523193359, 55.99992752075195, 81.99989318847656
-27.999963760375977, 7.892414093017578, 55.99992752075195, 81.99989318847656
-27.999963760375977, 8.574043273925781, 55.99992752075195, 81.99989318847656
-27.999963760375977, 9.965312957763672, 55.99992752075195, 81.99989318847656
-27.9987850189209, 11.357170104980469, 55.99992752075195, 81.99989318847656
-27.999963760375977, 11.04379653930664, 55.99992752075195, 81.99989318847656
-27.999963760375977, 10.929153442382812, 55.99992752075195, 81.99989318847656
-27.999963760375977, 11.495250701904297, 55.99992752075195, 81.99989318847656
-26.562728881835938, 11.963035583496094, 55.99992752075195, 81.99989318847656
-26.360048294067383, 14.205047607421875, 55.99992752075195, 81.99989318847656
-27.999963760375977, 13.867523193359375, 55.99992752075195, 81.99989318847656
-27.450942993164062, 16.307743072509766, 54.901885986328125, 80.39205169677734
-27.450942993164062, 17.531085968017578, 54.901885986328125, 80.39205169677734
-27.450942993164062, 18.137699127197266, 54.901885986328125, 80.39205169677734
-27.450942993164062, 18.733291625976562, 54.901885986328125, 80.39205169677734
-27.450942993164062, 19.994770050048828, 54.901885986328125, 80.39205169677734
-27.450942993164062, 19.630218505859375, 54.901885986328125, 80.39205169677734
-27.450942993164062, 20.897781372070312, 54.901885986328125, 80.39205169677734
-27.450942993164062, 21.149600982666016, 54.901885986328125, 80.39205169677734
-27.450942993164062, 22.034744262695312, 54.901885986328125, 80.39205169677734
-27.450942993164062, 22.716381072998047, 54.901885986328125, 80.39205169677734
-27.450942993164062, 23.367481231689453, 54.901885986328125, 80.39205169677734
-27.450942993164062, 23.90030288696289, 54.901885986328125, 80.39205169677734
-27.450942993164062, 24.273296356201172, 54.901885986328125, 80.39205169677734
-27.450942993164062, 24.959537506103516, 54.901885986328125, 80.39205169677734
-27.450942993164062, 25.06607437133789, 54.901885986328125, 80.39205169677734
-27.450942993164062, 25.553234100341797, 54.901885986328125, 80.39205169677734
-27.450942993164062, 26.628253936767578, 54.901885986328125, 80.39205169677734
-27.450942993164062, 27.210529327392578, 54.901885986328125, 80.39205169677734
-27.450942993164062, 27.465694427490234, 54.901885986328125, 80.39205169677734
-27.450942993164062, 27.995609283447266, 54.901885986328125, 80.39205169677734
-27.450942993164062, 28.101383209228516, 54.901885986328125, 80.39205169677734
-27.450942993164062, 29.10489273071289, 54.901885986328125, 80.39205169677734
-27.999961853027344, 28.877338409423828, 55.99992370605469, 81.99988555908203
-27.450942993164062, 30.53520965576172, 54.901885986328125, 80.39204406738281
-27.450942993164062, 31.438514709472656, 54.901885986328125, 80.39204406738281
-27.450942993164062, 32.31349182128906, 54.901885986328125, 80.39204406738281
-27.450942993164062, 32.557220458984375, 54.901885986328125, 80.39204406738281
-27.450942993164062, 33.62687683105469, 54.901885986328125, 80.39204406738281
-27.99995994567871, 33.407344818115234, 55.99991989135742, 81.99988555908203
-27.99995994567871, 33.41438674926758, 55.99991989135742, 81.99988555908203
-27.99995994567871, 33.7768669128418, 55.99991989135742, 81.99988555908203
-27.99995994567871, 34.640445709228516, 55.99991989135742, 81.99988555908203
-27.99995994567871, 35.1751823425293, 55.99991989135742, 81.99988555908203
-27.99995994567871, 35.692317962646484, 55.99991989135742, 81.99988555908203
-27.99995994567871, 36.66531753540039, 55.99991989135742, 81.99988555908203
-27.99995994567871, 37.26358413696289, 55.99991989135742, 81.99988555908203
-27.99995994567871, 37.60134506225586, 55.99991989135742, 81.99988555908203
-27.99995994567871, 38.4055061340332, 55.99991989135742, 81.99988555908203
-27.99995994567871, 38.874629974365234, 55.99991989135742, 81.99988555908203
-27.99995994567871, 39.87082290649414, 55.99991989135742, 81.99988555908203
-27.99995994567871, 40.46158218383789, 55.99991989135742, 81.99988555908203
-27.99995994567871, 40.66250228881836, 55.99991989135742, 81.99988555908203
-27.99995994567871, 41.84714126586914, 55.99991989135742, 81.99988555908203
-27.99995994567871, 42.37282943725586, 55.99991989135742, 81.99988555908203
-27.99995994567871, 42.60360336303711, 55.99991989135742, 81.99988555908203
-27.99995994567871, 43.24000930786133, 55.99991989135742, 81.99988555908203
-27.99995994567871, 43.504024505615234, 55.99991989135742, 81.99988555908203
-27.99995994567871, 45.19241714477539, 55.99991989135742, 81.99988555908203
-27.99995994567871, 45.576236724853516, 55.99991989135742, 81.99988555908203
-27.99995994567871, 45.98263931274414, 55.99991989135742, 81.99988555908203
-27.99995994567871, 46.92841720581055, 55.99991989135742, 81.99988555908203
-27.99995994567871, 48.062068939208984, 55.99991989135742, 81.99988555908203
-27.99995994567871, 48.560367584228516, 55.99991989135742, 81.99988555908203
-27.99995994567871, 49.6793098449707, 55.99991989135742, 81.99988555908203
-27.99995994567871, 50.8484992980957, 55.99991989135742, 81.99988555908203
-27.99995994567871, 51.49806594848633, 55.99991989135742, 81.99988555908203
-27.45094108581543, 52.581417083740234, 54.90188217163086, 80.39203643798828
-27.45094108581543, 54.7217903137207, 54.90188217163086, 80.39203643798828
-27.999958038330078, 54.86137390136719, 55.999916076660156, 81.9998779296875
-27.999958038330078, 55.592140197753906, 55.999916076660156, 81.9998779296875
-27.999958038330078, 56.222923278808594, 55.999916076660156, 81.9998779296875
-27.999958038330078, 56.567970275878906, 55.999916076660156, 81.9998779296875
-27.999958038330078, 58.094512939453125, 55.999916076660156, 81.9998779296875
-27.450939178466797, 59.0370979309082, 54.901878356933594, 80.39203643798828
-27.450939178466797, 60.25132369995117, 54.901878356933594, 80.39203643798828
-27.450939178466797, 61.190372467041016, 54.901878356933594, 80.39203643798828
-27.450939178466797, 61.84292221069336, 54.901878356933594, 80.39203643798828
-27.450939178466797, 63.07694625854492, 54.901878356933594, 80.39203643798828
-27.450939178466797, 64.15585327148438, 54.901878356933594, 80.39203643798828
-27.450939178466797, 65.73306274414062, 54.901878356933594, 80.39203643798828
-27.999956130981445, 66.094482421875, 55.99991226196289, 81.99987030029297
-27.999956130981445, 65.84005737304688, 55.99991226196289, 81.99987030029297
-27.999956130981445, 67.91325378417969, 55.99991226196289, 81.99987030029297
-28.559955596923828, 67.35647583007812, 57.119911193847656, 83.6398696899414
-28.559955596923828, 67.71385192871094, 57.119911193847656, 83.6398696899414
-28.559955596923828, 67.03846740722656, 57.119911193847656, 83.6398696899414
-28.559955596923828, 68.11822509765625, 57.119911193847656, 83.6398696899414
-28.559955596923828, 70.378173828125, 57.119911193847656, 83.6398696899414
-28.559955596923828, 70.60610961914062, 57.119911193847656, 83.6398696899414
-28.559955596923828, 70.87593078613281, 57.119911193847656, 83.6398696899414
-28.559955596923828, 71.89558410644531, 57.119911193847656, 83.6398696899414
-28.559955596923828, 72.82362365722656, 57.119911193847656, 83.6398696899414
-28.559955596923828, 73.30998229980469, 57.119911193847656, 83.6398696899414
-27.999956130981445, 74.32310485839844, 55.99991226196289, 81.99987030029297
-27.999956130981445, 75.47718811035156, 55.99991226196289, 81.99987030029297
-27.999956130981445, 76.97462463378906, 55.99991226196289, 81.99987030029297
-27.999956130981445, 78.27847290039062, 55.99991226196289, 81.99987030029297
-27.999956130981445, 78.67440795898438, 55.99991226196289, 81.99987030029297
-27.999956130981445, 79.98820495605469, 55.99991226196289, 81.99987030029297
-27.450939178466797, 83.61888122558594, 54.901878356933594, 80.39203643798828
-27.450939178466797, 83.91351318359375, 54.901878356933594, 80.39203643798828
-27.450939178466797, 82.93177795410156, 54.901878356933594, 80.39203643798828
-26.91268539428711, 84.66547393798828, 53.82537078857422, 78.81571960449219
-26.91268539428711, 85.74467468261719, 53.82537078857422, 78.81571960449219
-26.91268539428711, 86.68920135498047, 53.82537078857422, 78.81571960449219
-26.91268539428711, 87.04715728759766, 53.82537078857422, 78.81571960449219
-26.91268539428711, 89.1146469116211, 53.82537078857422, 78.81571960449219
-27.450939178466797, 88.94390869140625, 54.901878356933594, 80.39203643798828
-27.450939178466797, 88.55160522460938, 54.901878356933594, 80.39203643798828
-27.450939178466797, 89.97467041015625, 54.901878356933594, 80.39203643798828
-27.450939178466797, 89.5546875, 54.901878356933594, 80.39203643798828
-27.450939178466797, 90.41848754882812, 54.901878356933594, 80.39203643798828
-27.450939178466797, 90.89163208007812, 54.901878356933594, 80.39203643798828
-27.450939178466797, 91.24957275390625, 54.901878356933594, 80.39203643798828
-26.91268539428711, 92.9663314819336, 53.82537078857422, 78.81571960449219
-26.91268539428711, 93.57331085205078, 53.82537078857422, 78.81571960449219
-26.91268539428711, 94.38994598388672, 53.82537078857422, 78.81571960449219
-26.91268539428711, 96.5696792602539, 53.82537078857422, 78.81571960449219
-26.91268539428711, 97.41280364990234, 53.82537078857422, 78.81571960449219
-26.91268539428711, 97.33428192138672, 53.82537078857422, 78.81571960449219
-27.450939178466797, 98.9560546875, 54.901878356933594, 80.39203643798828
-27.450939178466797, 99.228271484375, 54.901878356933594, 80.39203643798828
-27.450939178466797, 99.4180908203125, 54.901878356933594, 80.39203643798828
-27.450939178466797, 100.483642578125, 54.901878356933594, 80.39203643798828
-27.450939178466797, 101.72160339355469, 54.901878356933594, 80.39203643798828
-27.450939178466797, 102.76811218261719, 54.901878356933594, 80.39203643798828
-27.450939178466797, 103.81190490722656, 54.901878356933594, 80.39203643798828
-27.450939178466797, 103.9307861328125, 54.901878356933594, 80.39203643798828
-27.450939178466797, 104.65576171875, 54.901878356933594, 80.39203643798828
-27.450939178466797, 105.93844604492188, 54.901878356933594, 80.39203643798828
-27.450939178466797, 106.61813354492188, 54.901878356933594, 80.39203643798828
-27.450939178466797, 107.58840942382812, 54.901878356933594, 80.39203643798828
-27.450939178466797, 108.68620300292969, 54.901878356933594, 80.39203643798828
-27.450939178466797, 109.66590881347656, 54.901878356933594, 80.39203643798828
-27.450939178466797, 110.18568420410156, 54.901878356933594, 80.39203643798828
-27.450939178466797, 110.27224731445312, 54.901878356933594, 80.39203643798828
-27.450939178466797, 111.78842163085938, 54.901878356933594, 80.39203643798828
-27.999956130981445, 112.45793151855469, 55.99991226196289, 81.99987030029297
-27.999956130981445, 112.42500305175781, 55.99991226196289, 81.99987030029297
-27.999956130981445, 112.92872619628906, 55.99991226196289, 81.99987030029297
-27.999956130981445, 113.79182434082031, 55.99991226196289, 81.99987030029297
-27.999956130981445, 114.35826110839844, 55.99991226196289, 81.99987030029297
-27.999956130981445, 115.26943969726562, 55.99991226196289, 81.99987030029297
-27.999956130981445, 116.00192260742188, 55.99991226196289, 81.99987030029297
-27.999956130981445, 117.5164794921875, 55.99991226196289, 81.99987030029297
-27.999956130981445, 118.76023864746094, 55.99991226196289, 81.99987030029297
-27.999956130981445, 119.92573547363281, 55.99991226196289, 81.99987030029297
-28.559955596923828, 120.47950744628906, 57.119911193847656, 83.6398696899414
-28.559955596923828, 121.10015869140625, 57.119911193847656, 83.6398696899414
-28.559955596923828, 122.26850891113281, 57.119911193847656, 83.6398696899414
-27.999956130981445, 123.78660583496094, 55.99991226196289, 81.99987030029297
-27.999956130981445, 124.82350158691406, 55.99991226196289, 81.99987030029297
-27.999956130981445, 126.47706604003906, 55.99991226196289, 81.99987030029297
-27.999956130981445, 127.11308288574219, 55.99991226196289, 81.99987030029297
-27.450939178466797, 128.1488037109375, 54.901878356933594, 80.39203643798828
-27.450939178466797, 129.68719482421875, 54.901878356933594, 80.39203643798828
-26.91268539428711, 132.60733032226562, 53.82537078857422, 78.81571960449219
-27.450939178466797, 132.30320739746094, 54.901878356933594, 80.39203643798828
-27.999956130981445, 132.71400451660156, 55.99991226196289, 81.99987030029297
-28.559955596923828, 132.81710815429688, 57.119911193847656, 83.6398696899414
-28.559955596923828, 133.52099609375, 57.119911193847656, 83.6398696899414
-28.559955596923828, 134.11495971679688, 57.119911193847656, 83.6398696899414
-28.559955596923828, 136.15017700195312, 57.119911193847656, 83.6398696899414
-28.559955596923828, 137.2981414794922, 57.119911193847656, 83.6398696899414
-28.559955596923828, 137.65431213378906, 57.119911193847656, 83.6398696899414
-27.999956130981445, 139.61695861816406, 55.99991226196289, 81.99987030029297
-27.999956130981445, 140.95970153808594, 55.99991226196289, 81.99987030029297
-27.999956130981445, 143.2183074951172, 55.99991226196289, 81.99987030029297
-27.999956130981445, 143.76226806640625, 55.99991226196289, 81.99987030029297
-28.559955596923828, 144.22802734375, 57.119911193847656, 83.6398696899414
-28.559955596923828, 145.4721221923828, 57.119911193847656, 83.6398696899414
-27.999956130981445, 146.9569854736328, 55.99991226196289, 81.99987030029297
-27.450939178466797, 149.2778778076172, 54.901878356933594, 80.39203643798828
-27.999956130981445, 150.08924865722656, 55.99991226196289, 81.99987030029297
-27.450939178466797, 151.06761169433594, 54.901878356933594, 80.39203643798828
-26.91268539428711, 153.3697509765625, 53.82537078857422, 78.81571960449219
-26.91268539428711, 154.53744506835938, 53.82537078857422, 78.81571960449219
-26.91268539428711, 155.83596801757812, 53.82537078857422, 78.81571960449219
-26.91268539428711, 155.39700317382812, 53.82537078857422, 78.81571960449219
-26.91268539428711, 159.40509033203125, 53.82537078857422, 78.81571960449219
-27.450939178466797, 158.03785705566406, 54.901878356933594, 80.39203643798828
-26.91268539428711, 159.9915771484375, 53.82537078857422, 78.81571960449219
-27.450939178466797, 162.36654663085938, 54.901878356933594, 80.39203643798828
-27.999956130981445, 162.71408081054688, 55.99991226196289, 81.99987030029297
-27.999956130981445, 163.03677368164062, 55.99991226196289, 81.99987030029297
-27.999956130981445, 162.763916015625, 55.99991226196289, 81.99987030029297
-27.999956130981445, 163.9175262451172, 55.99991226196289, 81.99987030029297
-27.999956130981445, 165.00062561035156, 55.99991226196289, 81.99987030029297
-27.999956130981445, 166.30258178710938, 55.99991226196289, 81.99987030029297
-27.450939178466797, 166.8386993408203, 54.901878356933594, 80.39203643798828
-27.450939178466797, 167.62599182128906, 54.901878356933594, 80.39203643798828
-27.450939178466797, 172.0269317626953, 54.901878356933594, 80.39203643798828
-27.450939178466797, 171.6995086669922, 54.901878356933594, 80.39203643798828
-27.450939178466797, 170.2489013671875, 54.901878356933594, 80.39203643798828
-26.91268539428711, 169.16824340820312, 53.82537078857422, 78.81571960449219
-27.450939178466797, 168.70419311523438, 54.901878356933594, 80.39203643798828
-27.450939178466797, 171.03094482421875, 54.901878356933594, 80.39203643798828
-27.999956130981445, 169.56028747558594, 55.99991226196289, 81.99987030029297
-27.450939178466797, 171.41114807128906, 54.901878356933594, 80.39203643798828
-27.450939178466797, 173.42832946777344, 54.901878356933594, 80.39203643798828
-26.91268539428711, 174.59530639648438, 53.82537078857422, 78.81571960449219
-26.384986877441406, 176.7097625732422, 52.76997375488281, 77.27031707763672
-26.384986877441406, 178.88462829589844, 52.76997375488281, 77.27031707763672
-26.384986877441406, 179.84609985351562, 52.76997375488281, 77.27031707763672
-26.384986877441406, 180.87892150878906, 52.76997375488281, 77.27031707763672
-26.91268539428711, 181.61947631835938, 53.82537078857422, 78.81571960449219
-26.91268539428711, 182.69821166992188, 53.82537078857422, 78.81571960449219
-27.450939178466797, 181.9551544189453, 54.901878356933594, 80.39203643798828
-27.450939178466797, 183.22055053710938, 54.901878356933594, 80.39203643798828
-27.450939178466797, 184.0529022216797, 54.901878356933594, 80.39203643798828
-27.999956130981445, 184.10598754882812, 55.99991226196289, 81.99987030029297
-27.450939178466797, 184.90541076660156, 54.901878356933594, 80.39203643798828
-27.450939178466797, 186.9339599609375, 54.901878356933594, 80.39203643798828
-27.450939178466797, 187.68496704101562, 54.901878356933594, 80.39203643798828
-27.999956130981445, 189.37049865722656, 55.99991226196289, 81.99987030029297
-27.450939178466797, 190.0935516357422, 54.901878356933594, 80.39203643798828
-27.999956130981445, 192.35153198242188, 55.99991226196289, 81.99987030029297
-28.559955596923828, 192.39395141601562, 57.119911193847656, 83.6398696899414
-28.559955596923828, 192.67494201660156, 57.119911193847656, 83.6398696899414
-28.559955596923828, 194.41102600097656, 57.119911193847656, 83.6398696899414
-27.999956130981445, 195.75587463378906, 55.99991226196289, 81.99987030029297
-27.999956130981445, 198.94259643554688, 55.99991226196289, 81.99987030029297
-28.559955596923828, 199.02767944335938, 57.119911193847656, 83.6398696899414
-28.559955596923828, 199.82565307617188, 57.119911193847656, 83.6398696899414
-28.559955596923828, 200.59243774414062, 57.119911193847656, 83.6398696899414
-27.999956130981445, 202.83511352539062, 55.99991226196289, 81.99987030029297
-27.999956130981445, 205.17098999023438, 55.99991226196289, 81.99987030029297
-28.559955596923828, 205.09075927734375, 57.119911193847656, 83.6398696899414
-28.559955596923828, 207.46044921875, 57.119911193847656, 83.6398696899414
-28.559955596923828, 207.9006805419922, 57.119911193847656, 83.6398696899414
-28.559955596923828, 209.14991760253906, 57.119911193847656, 83.6398696899414
-28.559955596923828, 211.6748504638672, 57.119911193847656, 83.6398696899414
-28.559955596923828, 212.33775329589844, 57.119911193847656, 83.6398696899414
-28.559955596923828, 213.58636474609375, 57.119911193847656, 83.6398696899414
-28.559955596923828, 214.74488830566406, 57.119911193847656, 83.6398696899414
-28.559955596923828, 216.0710906982422, 57.119911193847656, 83.6398696899414
-27.999956130981445, 218.42984008789062, 55.99991226196289, 81.99987030029297
-27.999956130981445, 219.85012817382812, 55.99991226196289, 81.99987030029297
-27.999956130981445, 220.80886840820312, 55.99991226196289, 81.99987030029297
-27.999956130981445, 222.78945922851562, 55.99991226196289, 81.99987030029297
-27.999956130981445, 224.06802368164062, 55.99991226196289, 81.99987030029297
-28.559955596923828, 224.6407928466797, 57.119911193847656, 83.6398696899414
-27.999956130981445, 226.771484375, 55.99991226196289, 81.99987030029297
-27.999956130981445, 228.24765014648438, 55.99991226196289, 81.99987030029297
-27.999956130981445, 228.9345703125, 55.99991226196289, 81.99987030029297
-27.999956130981445, 232.64474487304688, 55.99991226196289, 81.99987030029297
-27.999956130981445, 232.39743041992188, 55.99991226196289, 81.99987030029297
-27.999956130981445, 233.33724975585938, 55.99991226196289, 81.99987030029297
-27.999956130981445, 234.06814575195312, 55.99991226196289, 81.99987030029297
-27.999956130981445, 234.44683837890625, 55.99991226196289, 81.99987030029297
-27.450939178466797, 239.19546508789062, 54.901878356933594, 80.39203643798828
-27.450939178466797, 239.93011474609375, 54.901878356933594, 80.39203643798828
-27.999956130981445, 239.83578491210938, 55.99991226196289, 81.99987030029297
-27.450939178466797, 241.7630615234375, 54.901878356933594, 80.39203643798828
-27.999956130981445, 243.69021606445312, 55.99991226196289, 81.99987030029297
-27.450939178466797, 244.75543212890625, 54.901878356933594, 80.39203643798828
-27.450939178466797, 247.72869873046875, 54.901878356933594, 80.39203643798828
-27.450939178466797, 249.18478393554688, 54.901878356933594, 80.39203643798828
-26.91268539428711, 250.63510131835938, 53.82537078857422, 78.81571960449219
-26.91268539428711, 252.3748779296875, 53.82537078857422, 78.81571960449219
-26.91268539428711, 253.7430419921875, 53.82537078857422, 78.81571960449219
-26.91268539428711, 256.6163330078125, 53.82537078857422, 78.81571960449219
-26.384986877441406, 258.2700500488281, 52.76997375488281, 77.27031707763672
-26.384986877441406, 262.492431640625, 52.76997375488281, 77.27031707763672
-26.384986877441406, 262.3455810546875, 52.76997375488281, 77.27031707763672
-26.384986877441406, 264.54608154296875, 52.76997375488281, 77.27031707763672
-26.91268539428711, 265.3254089355469, 53.82537078857422, 78.81571960449219
-26.384986877441406, 266.94073486328125, 52.76997375488281, 77.27031707763672
-26.384986877441406, 268.248291015625, 52.76997375488281, 77.27031707763672
-26.91268539428711, 269.73760986328125, 53.82537078857422, 78.81571960449219
-26.384986877441406, 271.7923583984375, 52.76997375488281, 77.27031707763672
-26.384986877441406, 273.51202392578125, 52.76997375488281, 77.27031707763672
-26.384986877441406, 277.05438232421875, 52.76997375488281, 77.27031707763672
