433, 432, 266, 283
441, 421, 261, 277
449, 432, 246, 261
456, 420, 246, 261
467, 423, 232, 246
473, 400, 246, 261
476, 408, 236, 251
475, 399, 246, 261
484, 380, 251, 267
487, 387, 246, 261
490, 378, 256, 272
501, 379, 251, 267
503, 376, 251, 267
516, 373, 246, 261
533, 374, 236, 251
536, 380, 232, 246
547, 371, 232, 246
557, 365, 232, 246
566, 365, 236, 251
568, 374, 232, 246
578, 378, 227, 242
591, 382, 223, 237
589, 375, 227, 242
598, 373, 223, 237
607, 362, 223, 237
603, 364, 227, 242
620, 364, 210, 223
629, 364, 202, 214
632, 367, 198, 210
640, 371, 190, 202
641, 370, 194, 206
640, 370, 194, 206
640, 369, 198, 210
643, 371, 194, 206
647, 374, 186, 198
649, 376, 183, 194
651, 376, 179, 190
650, 375, 179, 190
650, 375, 179, 190
648, 374, 179, 190
648, 376, 172, 183
650, 378, 169, 179
649, 374, 169, 179
644, 372, 169, 179
643, 372, 172, 183
636, 369, 176, 187
630, 364, 176, 187
626, 364, 176, 187
627, 363, 176, 187
619, 357, 176, 187
617, 361, 176, 187
616, 356, 176, 187
607, 356, 176, 187
605, 354, 172, 183
604, 354, 172, 183
599, 351, 172, 183
594, 349, 172, 183
596, 352, 169, 179
591, 353, 165, 176
586, 349, 169, 179
585, 349, 169, 179
577, 352, 169, 179
575, 339, 169, 179
561, 347, 169, 179
562, 347, 172, 183
565, 336, 169, 179
558, 331, 172, 183
558, 331, 172, 183
556, 330, 169, 179
553, 326, 169, 179
557, 330, 165, 176
555, 328, 162, 172
553, 326, 162, 172
555, 327, 162, 172
550, 324, 162, 172
549, 324, 162, 172
549, 325, 159, 169
549, 324, 159, 169
546, 323, 159, 169
546, 322, 159, 169
546, 324, 156, 166
548, 325, 153, 163
549, 326, 150, 159
550, 326, 150, 159
549, 327, 150, 159
549, 325, 150, 159
549, 326, 150, 159
548, 328, 150, 159
545, 326, 156, 166
544, 327, 156, 166
542, 327, 159, 169
538, 324, 162, 172
536, 324, 165, 176
536, 325, 165, 176
534, 325, 165, 176
535, 327, 165, 176
532, 326, 169, 179
527, 324, 172, 183
525, 323, 172, 183
0.0, 0.0, 0.0, 0.0
647, 365, 22, 47
646, 365, 23, 48
645, 364, 23, 50
646, 366, 23, 49
643, 365, 23, 49
643, 365, 23, 50
643, 366, 23, 50
642, 366, 23, 50
641, 365, 23, 50
