106.0,835.0,74.0,164.0
108.0,833.0,74.0,164.0
111.0,831.0,74.0,164.0
112.0,827.0,76.0,167.0
115.0,824.0,76.0,167.0
117.0,822.0,76.0,167.0
120.0,820.0,73.0,163.0
121.0,815.0,74.0,164.0
123.0,811.0,74.0,164.0
126.0,810.0,74.0,162.0
127.0,806.0,75.0,162.0
128.0,802.0,75.0,161.0
130.0,802.0,75.0,158.0
131.0,799.0,76.0,158.0
133.0,797.0,76.0,157.0
137.0,795.0,75.0,155.0
138.0,791.0,77.0,157.0
142.0,788.0,77.0,157.0
144.0,785.0,77.0,157.0
147.0,783.0,77.0,157.0
150.0,779.0,77.0,157.0
153.0,776.0,77.0,157.0
156.0,773.0,77.0,157.0
157.0,769.0,78.0,159.0
160.0,767.0,77.0,157.0
163.0,764.0,77.0,157.0
165.0,761.0,77.0,157.0
167.0,758.0,78.0,159.0
169.0,756.0,77.0,157.0
174.0,754.0,75.0,155.0
177.0,753.0,75.0,153.0
179.0,750.0,75.0,155.0
182.0,749.0,75.0,153.0
184.0,746.0,75.0,155.0
186.0,743.0,77.0,157.0
188.0,739.0,78.0,159.0
192.0,737.0,75.0,155.0
194.0,735.0,75.0,155.0
195.0,730.0,77.0,157.0
198.0,726.0,78.0,159.0
200.0,724.0,77.0,157.0
202.0,720.0,78.0,159.0
205.0,718.0,77.0,157.0
210.0,717.0,75.0,155.0
213.0,715.0,75.0,155.0
217.0,714.0,75.0,155.0
220.0,711.0,77.0,157.0
224.0,708.0,78.0,159.0
226.0,706.0,78.0,159.0
231.0,703.0,78.0,159.0
235.0,699.0,78.0,159.0
238.0,697.0,78.0,159.0
241.0,696.0,77.0,157.0
245.0,692.0,77.0,157.0
247.0,690.0,78.0,159.0
250.0,688.0,77.0,157.0
254.0,686.0,77.0,157.0
255.0,683.0,78.0,159.0
257.0,681.0,78.0,159.0
260.0,680.0,78.0,159.0
263.0,679.0,77.0,157.0
266.0,676.0,79.0,161.0
268.0,675.0,79.0,161.0
271.0,675.0,78.0,159.0
274.0,674.0,77.0,157.0
277.0,673.0,77.0,157.0
279.0,671.0,77.0,157.0
282.0,668.0,78.0,159.0
284.0,667.0,78.0,159.0
287.0,665.0,78.0,159.0
289.0,663.0,78.0,159.0
290.0,660.0,79.0,161.0
293.0,659.0,78.0,159.0
295.0,657.0,78.0,159.0
297.0,656.0,78.0,159.0
301.0,655.0,77.0,157.0
303.0,654.0,77.0,157.0
306.0,652.0,77.0,157.0
309.0,653.0,75.0,155.0
311.0,651.0,75.0,155.0
314.0,651.0,75.0,153.0
317.0,650.0,75.0,153.0
320.0,650.0,74.0,150.0
323.0,649.0,73.0,149.0
326.0,648.0,73.0,149.0
330.0,647.0,73.0,147.0
333.0,646.0,73.0,147.0
335.0,645.0,73.0,147.0
338.0,643.0,73.0,147.0
340.0,643.0,73.0,147.0
343.0,641.0,71.0,145.0
346.0,640.0,70.0,143.0
348.0,639.0,70.0,143.0
351.0,638.0,70.0,143.0
353.0,637.0,70.0,143.0
355.0,636.0,70.0,143.0
357.0,635.0,70.0,145.0
360.0,634.0,69.0,143.0
361.0,634.0,68.0,143.0
135.0,239.0,26.0,51.0
358.0,629.0,79.0,154.0
361.0,629.0,78.0,153.0
362.0,628.0,78.0,154.0
364.0,628.0,76.0,152.0
367.0,628.0,75.0,149.0
368.0,627.0,74.0,148.0
369.0,626.0,74.0,148.0
370.0,625.0,75.0,149.0
372.0,624.0,74.0,148.0
372.0,622.0,75.0,152.0
375.0,621.0,75.0,149.0
377.0,621.0,74.0,148.0
378.0,620.0,74.0,148.0
377.0,620.0,74.0,148.0
377.0,620.0,73.0,146.0
376.0,620.0,73.0,146.0
375.0,619.0,73.0,146.0
374.0,620.0,71.0,144.0
373.0,620.0,70.0,142.0
373.0,620.0,70.0,142.0
369.0,621.0,70.0,140.0
369.0,623.0,68.0,137.0
366.0,622.0,69.0,138.0
363.0,623.0,68.0,137.0
362.0,624.0,68.0,137.0
358.0,624.0,68.0,136.0
354.0,623.0,70.0,140.0
351.0,623.0,69.0,137.0
348.0,624.0,69.0,137.0
346.0,623.0,69.0,137.0
343.0,623.0,69.0,137.0
340.0,622.0,70.0,138.0
340.0,623.0,69.0,136.0
336.0,621.0,70.0,139.0
335.0,620.0,70.0,139.0
333.0,619.0,71.0,140.0
331.0,619.0,71.0,140.0
330.0,619.0,71.0,140.0
329.0,618.0,73.0,141.0
329.0,617.0,73.0,143.0
329.0,616.0,74.0,144.0
330.0,615.0,74.0,144.0
331.0,614.0,74.0,144.0
333.0,613.0,74.0,144.0
334.0,612.0,74.0,144.0
336.0,612.0,73.0,143.0
338.0,611.0,73.0,143.0
338.0,610.0,74.0,144.0
340.0,610.0,73.0,143.0
341.0,608.0,74.0,144.0
342.0,608.0,73.0,143.0
343.0,607.0,73.0,143.0
344.0,607.0,73.0,143.0
345.0,605.0,73.0,143.0
346.0,604.0,73.0,143.0
347.0,604.0,73.0,140.0
348.0,603.0,73.0,140.0
349.0,602.0,71.0,139.0
350.0,602.0,71.0,139.0
352.0,601.0,70.0,137.0
353.0,600.0,71.0,139.0
355.0,600.0,70.0,137.0
356.0,598.0,71.0,139.0
358.0,597.0,71.0,139.0
359.0,596.0,70.0,137.0
359.0,594.0,73.0,140.0
360.0,592.0,73.0,143.0
362.0,590.0,73.0,143.0
363.0,589.0,74.0,144.0
364.0,588.0,73.0,143.0
366.0,588.0,73.0,143.0
367.0,586.0,74.0,144.0
368.0,584.0,75.0,146.0
370.0,583.0,74.0,144.0
372.0,582.0,74.0,144.0
373.0,581.0,74.0,144.0
375.0,581.0,73.0,143.0
377.0,581.0,73.0,143.0
378.0,579.0,74.0,144.0
379.0,577.0,74.0,144.0
380.0,576.0,74.0,144.0
381.0,575.0,74.0,144.0
382.0,574.0,74.0,144.0
382.0,573.0,74.0,144.0
382.0,572.0,75.0,146.0
382.0,571.0,75.0,146.0
382.0,569.0,75.0,146.0
383.0,568.0,75.0,146.0
383.0,567.0,75.0,146.0
384.0,566.0,75.0,146.0
384.0,566.0,75.0,146.0
385.0,565.0,75.0,146.0
385.0,564.0,75.0,146.0
386.0,563.0,75.0,146.0
386.0,563.0,75.0,146.0
387.0,562.0,75.0,146.0
388.0,561.0,75.0,146.0
388.0,561.0,75.0,146.0
389.0,560.0,75.0,146.0
151.0,213.0,23.0,45.0
400.0,560.0,70.0,139.0
400.0,559.0,72.0,141.0
401.0,559.0,70.0,139.0
402.0,558.0,70.0,139.0
403.0,558.0,70.0,139.0
403.0,557.0,72.0,141.0
404.0,556.0,70.0,139.0
404.0,555.0,72.0,141.0
404.0,554.0,73.0,143.0
404.0,552.0,74.0,145.0
404.0,552.0,75.0,147.0
404.0,551.0,74.0,147.0
404.0,550.0,75.0,149.0
405.0,550.0,75.0,148.0
404.0,549.0,76.0,150.0
405.0,550.0,75.0,148.0
406.0,550.0,75.0,148.0
406.0,549.0,74.0,147.0
406.0,547.0,75.0,148.0
406.0,544.0,76.0,151.0
406.0,543.0,78.0,152.0
406.0,539.0,79.0,156.0
408.0,539.0,79.0,156.0
407.0,538.0,79.0,156.0
409.0,540.0,77.0,151.0
409.0,540.0,76.0,148.0
410.0,541.0,74.0,146.0
410.0,540.0,72.0,144.0
411.0,540.0,72.0,144.0
410.0,539.0,74.0,145.0
413.0,539.0,73.0,145.0
413.0,538.0,73.0,145.0
415.0,536.0,74.0,146.0
417.0,535.0,74.0,145.0
418.0,533.0,75.0,148.0
420.0,533.0,75.0,148.0
422.0,533.0,74.0,147.0
423.0,532.0,74.0,147.0
424.0,530.0,74.0,149.0
426.0,530.0,74.0,148.0
427.0,528.0,75.0,150.0
429.0,529.0,75.0,150.0
429.0,527.0,77.0,152.0
430.0,525.0,78.0,154.0
432.0,525.0,78.0,154.0
433.0,525.0,77.0,152.0
434.0,525.0,77.0,152.0
435.0,525.0,77.0,152.0
436.0,523.0,78.0,154.0
437.0,522.0,78.0,154.0
438.0,522.0,78.0,154.0
438.0,521.0,79.0,157.0
439.0,520.0,80.0,159.0
440.0,518.0,80.0,159.0
441.0,518.0,80.0,159.0
441.0,516.0,82.0,162.0
443.0,516.0,82.0,162.0
444.0,516.0,82.0,162.0
445.0,516.0,82.0,162.0
445.0,516.0,82.0,162.0
445.0,515.0,82.0,162.0
445.0,515.0,82.0,162.0
445.0,515.0,82.0,162.0
445.0,514.0,82.0,162.0
444.0,513.0,82.0,162.0
444.0,513.0,82.0,162.0
444.0,513.0,82.0,162.0
444.0,512.0,82.0,162.0
444.0,512.0,82.0,162.0
443.0,510.0,83.0,164.0
443.0,509.0,83.0,164.0
444.0,509.0,83.0,164.0
443.0,508.0,83.0,164.0
444.0,508.0,83.0,164.0
443.0,507.0,84.0,167.0
443.0,506.0,84.0,167.0
442.0,506.0,84.0,167.0
442.0,506.0,84.0,167.0
442.0,505.0,84.0,167.0
442.0,506.0,84.0,167.0
441.0,505.0,84.0,167.0
441.0,504.0,84.0,167.0
441.0,504.0,84.0,167.0
441.0,503.0,84.0,167.0
441.0,503.0,84.0,167.0
441.0,502.0,84.0,167.0
440.0,500.0,85.0,169.0
439.0,500.0,85.0,169.0
438.0,498.0,87.0,172.0
437.0,498.0,87.0,172.0
438.0,498.0,87.0,172.0
438.0,498.0,87.0,172.0
437.0,496.0,88.0,175.0
438.0,496.0,88.0,175.0
439.0,498.0,87.0,172.0
438.0,497.0,87.0,172.0
438.0,497.0,87.0,172.0
438.0,496.0,87.0,172.0
439.0,495.0,87.0,172.0
168.0,192.0,17.0,36.0
445.0,507.0,52.0,108.0
445.0,505.0,53.0,112.0
445.0,505.0,53.0,112.0
444.0,503.0,55.0,115.0
444.0,502.0,55.0,115.0
444.0,501.0,55.0,115.0
445.0,503.0,52.0,111.0
443.0,500.0,53.0,112.0
442.0,500.0,53.0,113.0
443.0,500.0,52.0,111.0
441.0,499.0,51.0,110.0
439.0,498.0,52.0,111.0
438.0,496.0,52.0,112.0
437.0,494.0,52.0,113.0
436.0,493.0,52.0,114.0
435.0,492.0,53.0,115.0
432.0,491.0,53.0,115.0
431.0,490.0,54.0,117.0
429.0,489.0,56.0,120.0
427.0,488.0,58.0,124.0
426.0,487.0,59.0,125.0
426.0,488.0,59.0,124.0
424.0,488.0,60.0,125.0
423.0,488.0,60.0,125.0
422.0,487.0,61.0,126.0
422.0,488.0,61.0,125.0
421.0,488.0,58.0,121.0
419.0,488.0,57.0,120.0
417.0,487.0,57.0,120.0
415.0,487.0,57.0,120.0
413.0,487.0,57.0,120.0
411.0,486.0,57.0,119.0
409.0,485.0,57.0,121.0
407.0,484.0,58.0,123.0
406.0,484.0,58.0,123.0
404.0,483.0,58.0,124.0
402.0,483.0,58.0,124.0
400.0,483.0,59.0,126.0
399.0,484.0,58.0,124.0
396.0,484.0,59.0,126.0
394.0,484.0,58.0,124.0
393.0,485.0,58.0,123.0
392.0,486.0,57.0,121.0
391.0,486.0,57.0,121.0
390.0,485.0,58.0,123.0
389.0,485.0,58.0,123.0
388.0,484.0,58.0,124.0
389.0,485.0,58.0,123.0
388.0,485.0,58.0,123.0
388.0,485.0,57.0,121.0
387.0,486.0,57.0,121.0
387.0,486.0,57.0,121.0
386.0,486.0,57.0,121.0
385.0,487.0,57.0,121.0
385.0,487.0,57.0,121.0
384.0,486.0,58.0,123.0
383.0,487.0,58.0,123.0
382.0,487.0,58.0,123.0
381.0,487.0,58.0,123.0
380.0,486.0,58.0,124.0
379.0,487.0,58.0,124.0
379.0,488.0,58.0,124.0
378.0,488.0,58.0,124.0
377.0,488.0,58.0,124.0
377.0,490.0,58.0,123.0
376.0,490.0,58.0,123.0
375.0,491.0,57.0,121.0
376.0,492.0,57.0,121.0
377.0,492.0,57.0,121.0
378.0,493.0,57.0,121.0
379.0,494.0,57.0,121.0
380.0,494.0,57.0,121.0
382.0,495.0,56.0,119.0
383.0,495.0,56.0,119.0
386.0,495.0,57.0,121.0
386.0,495.0,57.0,121.0
388.0,496.0,56.0,119.0
390.0,495.0,57.0,121.0
392.0,495.0,57.0,121.0
393.0,495.0,57.0,121.0
394.0,496.0,56.0,119.0
396.0,496.0,57.0,121.0
396.0,496.0,57.0,121.0
398.0,496.0,57.0,121.0
400.0,496.0,57.0,121.0
402.0,496.0,57.0,121.0
404.0,496.0,57.0,121.0
405.0,497.0,57.0,121.0
407.0,497.0,57.0,121.0
409.0,497.0,57.0,121.0
410.0,497.0,57.0,121.0
412.0,497.0,57.0,121.0
413.0,498.0,57.0,121.0
414.0,497.0,57.0,121.0
415.0,497.0,57.0,121.0
417.0,498.0,56.0,119.0
420.0,498.0,56.0,119.0
420.0,498.0,56.0,119.0
422.0,498.0,57.0,121.0
159.0,189.0,17.0,38.0
423.0,499.0,51.0,114.0
424.0,500.0,51.0,114.0
426.0,500.0,51.0,114.0
427.0,499.0,51.0,114.0
430.0,500.0,51.0,113.0
431.0,501.0,51.0,113.0
433.0,500.0,51.0,113.0
435.0,502.0,49.0,109.0
437.0,501.0,48.0,108.0
438.0,500.0,48.0,107.0
440.0,499.0,48.0,107.0
441.0,501.0,47.0,104.0
444.0,502.0,46.0,102.0
445.0,500.0,46.0,103.0
446.0,501.0,46.0,103.0
447.0,499.0,47.0,105.0
450.0,502.0,48.0,107.0
451.0,503.0,47.0,104.0
452.0,504.0,46.0,102.0
452.0,503.0,47.0,104.0
452.0,504.0,46.0,103.0
452.0,504.0,46.0,103.0
453.0,505.0,46.0,103.0
453.0,507.0,45.0,100.0
454.0,508.0,43.0,98.0
455.0,509.0,43.0,97.0
455.0,508.0,43.0,98.0
454.0,508.0,44.0,99.0
454.0,507.0,45.0,100.0
454.0,507.0,44.0,99.0
455.0,505.0,46.0,102.0
455.0,505.0,46.0,102.0
455.0,507.0,44.0,99.0
454.0,506.0,45.0,100.0
454.0,506.0,46.0,102.0
455.0,506.0,46.0,102.0
453.0,506.0,46.0,102.0
453.0,507.0,45.0,100.0
452.0,506.0,46.0,103.0
452.0,507.0,46.0,102.0
450.0,507.0,46.0,103.0
449.0,507.0,47.0,104.0
449.0,507.0,47.0,105.0
447.0,506.0,48.0,108.0
446.0,507.0,48.0,108.0
444.0,506.0,48.0,108.0
442.0,506.0,48.0,108.0
440.0,506.0,49.0,109.0
439.0,507.0,49.0,109.0
438.0,507.0,50.0,111.0
435.0,507.0,50.0,111.0
434.0,508.0,50.0,111.0
434.0,512.0,49.0,109.0
435.0,515.0,48.0,108.0
435.0,513.0,48.0,107.0
435.0,513.0,48.0,107.0
440.0,522.0,47.0,105.0
442.0,520.0,47.0,105.0
444.0,519.0,47.0,105.0
420.0,512.0,47.0,105.0
420.0,512.0,47.0,105.0
420.0,512.0,47.0,105.0
421.0,512.0,47.0,104.0
421.0,512.0,47.0,104.0
423.0,512.0,46.0,103.0
424.0,512.0,46.0,103.0
424.0,511.0,47.0,104.0
423.0,510.0,47.0,105.0
424.0,509.0,48.0,107.0
424.0,509.0,48.0,107.0
425.0,508.0,47.0,105.0
425.0,508.0,47.0,105.0
425.0,506.0,47.0,105.0
425.0,506.0,47.0,105.0
426.0,506.0,47.0,105.0
426.0,505.0,47.0,105.0
427.0,505.0,47.0,105.0
428.0,505.0,47.0,104.0
428.0,505.0,47.0,104.0
428.0,505.0,46.0,103.0
427.0,505.0,46.0,103.0
