700.0, 298.0, 109.0, 171.0
699.0, 299.0, 109.0, 171.0
700.0, 300.0, 109.0, 171.0
699.0, 301.0, 109.0, 171.0
698.0, 300.0, 109.0, 171.0
697.0, 301.0, 109.0, 171.0
698.0, 300.0, 109.0, 171.0
697.0, 301.0, 109.0, 171.0
696.0, 300.0, 109.0, 171.0
695.0, 301.0, 109.0, 171.0
696.0, 300.0, 109.0, 171.0
695.0, 299.0, 109.0, 171.0
696.0, 298.0, 109.0, 171.0
695.0, 299.0, 109.0, 171.0
696.0, 298.0, 109.0, 171.0
695.0, 299.0, 109.0, 171.0
694.0, 298.0, 109.0, 171.0
693.0, 299.0, 109.0, 171.0
694.0, 298.0, 109.0, 171.0
691.0, 299.0, 109.0, 171.0
692.0, 298.0, 109.0, 171.0
691.0, 299.0, 109.0, 171.0
690.0, 298.0, 109.0, 171.0
689.0, 301.0, 109.0, 171.0
688.0, 300.0, 109.0, 171.0
687.0, 301.0, 109.0, 171.0
686.0, 300.0, 109.0, 171.0
685.0, 299.0, 109.0, 171.0
684.0, 298.0, 109.0, 171.0
681.0, 299.0, 109.0, 171.0
680.0, 298.0, 109.0, 171.0
679.0, 299.0, 109.0, 171.0
678.0, 298.0, 109.0, 171.0
677.0, 299.0, 109.0, 171.0
676.0, 300.0, 109.0, 171.0
675.0, 301.0, 109.0, 171.0
674.0, 300.0, 109.0, 171.0
673.0, 301.0, 109.0, 171.0
672.0, 302.0, 109.0, 171.0
671.0, 303.0, 109.0, 171.0
670.0, 302.0, 109.0, 171.0
669.0, 303.0, 109.0, 171.0
668.0, 304.0, 109.0, 171.0
667.0, 305.0, 109.0, 171.0
668.0, 304.0, 109.0, 171.0
667.0, 305.0, 109.0, 171.0
666.0, 304.0, 109.0, 171.0
665.0, 305.0, 109.0, 171.0
664.0, 304.0, 109.0, 171.0
663.0, 305.0, 109.0, 171.0
664.0, 304.0, 109.0, 171.0
663.0, 305.0, 109.0, 171.0
662.0, 304.0, 109.0, 171.0
661.0, 305.0, 109.0, 171.0
662.0, 306.0, 109.0, 171.0
661.0, 307.0, 109.0, 171.0
660.0, 306.0, 109.0, 171.0
659.0, 307.0, 109.0, 171.0
660.0, 306.0, 109.0, 171.0
659.0, 307.0, 109.0, 171.0
658.0, 308.0, 109.0, 171.0
657.0, 309.0, 109.0, 171.0
656.0, 308.0, 109.0, 171.0
655.0, 309.0, 109.0, 171.0
654.0, 308.0, 109.0, 171.0
653.0, 307.0, 109.0, 171.0
654.0, 306.0, 109.0, 171.0
651.0, 307.0, 109.0, 171.0
652.0, 306.0, 109.0, 171.0
651.0, 307.0, 109.0, 171.0
650.0, 306.0, 109.0, 171.0
649.0, 307.0, 109.0, 171.0
650.0, 306.0, 109.0, 171.0
649.0, 307.0, 109.0, 171.0
648.0, 306.0, 109.0, 171.0
647.0, 307.0, 109.0, 171.0
648.0, 308.0, 109.0, 171.0
647.0, 309.0, 109.0, 171.0
648.0, 308.0, 109.0, 171.0
647.0, 309.0, 109.0, 171.0
648.0, 310.0, 109.0, 171.0
647.0, 311.0, 109.0, 171.0
648.0, 310.0, 109.0, 171.0
647.0, 311.0, 109.0, 171.0
648.0, 310.0, 109.0, 171.0
647.0, 311.0, 109.0, 171.0
648.0, 310.0, 109.0, 171.0
647.0, 311.0, 109.0, 171.0
648.0, 310.0, 109.0, 171.0
647.0, 311.0, 109.0, 171.0
648.0, 310.0, 109.0, 171.0
647.0, 311.0, 109.0, 171.0
648.0, 310.0, 109.0, 171.0
647.0, 311.0, 109.0, 171.0
648.0, 310.0, 109.0, 171.0
647.0, 311.0, 109.0, 171.0
648.0, 312.0, 109.0, 171.0
647.0, 313.0, 109.0, 171.0
648.0, 312.0, 109.0, 171.0
647.0, 313.0, 109.0, 171.0
646.0, 312.0, 109.0, 171.0
645.0, 313.0, 109.0, 171.0
646.0, 312.0, 109.0, 171.0
645.0, 311.0, 109.0, 171.0
644.0, 310.0, 109.0, 171.0
643.0, 311.0, 109.0, 171.0
644.0, 310.0, 109.0, 171.0
643.0, 311.0, 109.0, 171.0
644.0, 310.0, 109.0, 171.0
643.0, 311.0, 109.0, 171.0
644.0, 312.0, 109.0, 171.0
643.0, 313.0, 109.0, 171.0
644.0, 312.0, 109.0, 171.0
643.0, 313.0, 109.0, 171.0
644.0, 314.0, 109.0, 171.0
643.0, 315.0, 109.0, 171.0
644.0, 314.0, 109.0, 171.0
643.0, 315.0, 109.0, 171.0
644.0, 316.0, 109.0, 171.0
643.0, 317.0, 109.0, 171.0
644.0, 316.0, 109.0, 171.0
645.0, 317.0, 109.0, 171.0
646.0, 316.0, 109.0, 171.0
645.0, 317.0, 109.0, 171.0
646.0, 316.0, 109.0, 171.0
645.0, 317.0, 109.0, 171.0
646.0, 316.0, 109.0, 171.0
647.0, 317.0, 109.0, 171.0
648.0, 316.0, 109.0, 171.0
647.0, 317.0, 109.0, 171.0
648.0, 316.0, 109.0, 171.0
647.0, 317.0, 109.0, 171.0
648.0, 316.0, 109.0, 171.0
649.0, 317.0, 109.0, 171.0
648.0, 318.0, 109.0, 171.0
647.0, 319.0, 109.0, 171.0
648.0, 318.0, 109.0, 171.0
647.0, 319.0, 109.0, 171.0
648.0, 318.0, 109.0, 171.0
647.0, 317.0, 109.0, 171.0
648.0, 316.0, 109.0, 171.0
647.0, 317.0, 109.0, 171.0
648.0, 316.0, 109.0, 171.0
647.0, 317.0, 109.0, 171.0
648.0, 316.0, 109.0, 171.0
647.0, 317.0, 109.0, 171.0
648.0, 318.0, 109.0, 171.0
647.0, 321.0, 109.0, 171.0
648.0, 324.0, 109.0, 171.0
647.0, 327.0, 109.0, 171.0
648.0, 328.0, 109.0, 171.0
647.0, 331.0, 109.0, 171.0
648.0, 332.0, 109.0, 171.0
647.0, 335.0, 109.0, 171.0
648.0, 334.0, 109.0, 171.0
649.0, 335.0, 109.0, 171.0
650.0, 336.0, 109.0, 171.0
649.0, 335.0, 109.0, 171.0
652.0, 334.0, 109.0, 171.0
651.0, 335.0, 109.0, 171.0
652.0, 334.0, 109.0, 171.0
651.0, 335.0, 109.0, 171.0
654.0, 334.0, 109.0, 171.0
653.0, 335.0, 109.0, 171.0
654.0, 334.0, 109.0, 171.0
653.0, 335.0, 109.0, 171.0
656.0, 334.0, 109.0, 171.0
655.0, 335.0, 109.0, 171.0
656.0, 334.0, 109.0, 171.0
655.0, 335.0, 109.0, 171.0
656.0, 336.0, 109.0, 171.0
657.0, 337.0, 109.0, 171.0
658.0, 336.0, 109.0, 171.0
657.0, 337.0, 109.0, 171.0
658.0, 336.0, 109.0, 171.0
657.0, 337.0, 109.0, 171.0
658.0, 336.0, 109.0, 171.0
657.0, 335.0, 109.0, 171.0
658.0, 334.0, 109.0, 171.0
657.0, 335.0, 109.0, 171.0
658.0, 334.0, 109.0, 171.0
657.0, 335.0, 109.0, 171.0
658.0, 334.0, 109.0, 171.0
657.0, 335.0, 109.0, 171.0
658.0, 334.0, 109.0, 171.0
657.0, 335.0, 109.0, 171.0
658.0, 336.0, 109.0, 171.0
659.0, 337.0, 109.0, 171.0
660.0, 336.0, 109.0, 171.0
659.0, 337.0, 109.0, 171.0
660.0, 338.0, 109.0, 171.0
661.0, 339.0, 109.0, 171.0
662.0, 338.0, 109.0, 171.0
661.0, 339.0, 109.0, 171.0
662.0, 338.0, 109.0, 171.0
663.0, 339.0, 109.0, 171.0
664.0, 338.0, 109.0, 171.0
663.0, 339.0, 109.0, 171.0
666.0, 338.0, 109.0, 171.0
665.0, 339.0, 109.0, 171.0
666.0, 338.0, 109.0, 171.0
665.0, 339.0, 109.0, 171.0
666.0, 338.0, 109.0, 171.0
667.0, 339.0, 109.0, 171.0
668.0, 338.0, 109.0, 171.0
667.0, 339.0, 109.0, 171.0
668.0, 340.0, 109.0, 171.0
669.0, 341.0, 109.0, 171.0
670.0, 340.0, 109.0, 171.0
669.0, 341.0, 109.0, 171.0
670.0, 340.0, 109.0, 171.0
669.0, 341.0, 109.0, 171.0
668.0, 340.0, 109.0, 171.0
667.0, 341.0, 109.0, 171.0
668.0, 340.0, 109.0, 171.0
667.0, 341.0, 109.0, 171.0
668.0, 340.0, 109.0, 171.0
667.0, 341.0, 109.0, 171.0
668.0, 342.0, 109.0, 171.0
667.0, 343.0, 109.0, 171.0
668.0, 342.0, 109.0, 171.0
667.0, 343.0, 109.0, 171.0
668.0, 344.0, 109.0, 171.0
667.0, 345.0, 109.0, 171.0
666.0, 344.0, 109.0, 171.0
665.0, 347.0, 109.0, 171.0
666.0, 346.0, 109.0, 171.0
665.0, 347.0, 109.0, 171.0
666.0, 348.0, 109.0, 171.0
665.0, 349.0, 109.0, 171.0
666.0, 350.0, 109.0, 171.0
667.0, 351.0, 109.0, 171.0
668.0, 350.0, 109.0, 171.0
667.0, 351.0, 109.0, 171.0
668.0, 350.0, 109.0, 171.0
667.0, 351.0, 109.0, 171.0
668.0, 350.0, 109.0, 171.0
667.0, 351.0, 109.0, 171.0
668.0, 350.0, 109.0, 171.0
669.0, 351.0, 109.0, 171.0
670.0, 350.0, 109.0, 171.0
669.0, 351.0, 109.0, 171.0
670.0, 352.0, 109.0, 171.0
669.0, 353.0, 109.0, 171.0
670.0, 352.0, 109.0, 171.0
669.0, 353.0, 109.0, 171.0
670.0, 354.0, 109.0, 171.0
669.0, 355.0, 109.0, 171.0
670.0, 354.0, 109.0, 171.0
669.0, 355.0, 109.0, 171.0
670.0, 354.0, 109.0, 171.0
669.0, 355.0, 109.0, 171.0
668.0, 354.0, 109.0, 171.0
667.0, 355.0, 109.0, 171.0
668.0, 354.0, 109.0, 171.0
667.0, 355.0, 109.0, 171.0
668.0, 354.0, 109.0, 171.0
667.0, 355.0, 109.0, 171.0
668.0, 354.0, 109.0, 171.0
667.0, 355.0, 109.0, 171.0
668.0, 356.0, 109.0, 171.0
667.0, 357.0, 109.0, 171.0
668.0, 356.0, 109.0, 171.0
667.0, 357.0, 109.0, 171.0
668.0, 358.0, 109.0, 171.0
667.0, 359.0, 109.0, 171.0
668.0, 358.0, 109.0, 171.0
667.0, 359.0, 109.0, 171.0
668.0, 358.0, 109.0, 171.0
669.0, 359.0, 109.0, 171.0
670.0, 358.0, 109.0, 171.0
669.0, 359.0, 109.0, 171.0
670.0, 358.0, 109.0, 171.0
669.0, 359.0, 109.0, 171.0
670.0, 358.0, 109.0, 171.0
671.0, 357.0, 109.0, 171.0
672.0, 356.0, 109.0, 171.0
671.0, 357.0, 109.0, 171.0
672.0, 356.0, 109.0, 171.0
673.0, 357.0, 109.0, 171.0
674.0, 356.0, 109.0, 171.0
673.0, 357.0, 109.0, 171.0
674.0, 356.0, 109.0, 171.0
673.0, 357.0, 109.0, 171.0
674.0, 356.0, 109.0, 171.0
673.0, 357.0, 109.0, 171.0
674.0, 356.0, 109.0, 171.0
673.0, 355.0, 109.0, 171.0
674.0, 354.0, 109.0, 171.0
673.0, 355.0, 109.0, 171.0
674.0, 352.0, 109.0, 171.0
673.0, 353.0, 109.0, 171.0
674.0, 352.0, 109.0, 171.0
673.0, 351.0, 109.0, 171.0
674.0, 350.0, 109.0, 171.0
673.0, 351.0, 109.0, 171.0
674.0, 350.0, 109.0, 171.0
673.0, 349.0, 109.0, 171.0
674.0, 348.0, 109.0, 171.0
673.0, 349.0, 109.0, 171.0
674.0, 348.0, 109.0, 171.0
673.0, 349.0, 109.0, 171.0
674.0, 348.0, 109.0, 171.0
673.0, 349.0, 109.0, 171.0
674.0, 348.0, 109.0, 171.0
673.0, 349.0, 109.0, 171.0
674.0, 348.0, 109.0, 171.0
673.0, 347.0, 109.0, 171.0
674.0, 346.0, 109.0, 171.0
675.0, 347.0, 109.0, 171.0
676.0, 346.0, 109.0, 171.0
675.0, 345.0, 109.0, 171.0
676.0, 344.0, 109.0, 171.0
677.0, 345.0, 109.0, 171.0
678.0, 342.0, 109.0, 171.0
677.0, 343.0, 109.0, 171.0
678.0, 342.0, 109.0, 171.0
677.0, 343.0, 109.0, 171.0
678.0, 342.0, 109.0, 171.0
679.0, 343.0, 109.0, 171.0
680.0, 342.0, 109.0, 171.0
679.0, 343.0, 109.0, 171.0
680.0, 342.0, 109.0, 171.0
679.0, 343.0, 109.0, 171.0
680.0, 342.0, 109.0, 171.0
679.0, 343.0, 109.0, 171.0
680.0, 342.0, 109.0, 171.0
679.0, 341.0, 109.0, 171.0
678.0, 340.0, 109.0, 171.0
677.0, 341.0, 109.0, 171.0
678.0, 338.0, 109.0, 171.0
677.0, 339.0, 109.0, 171.0
678.0, 338.0, 109.0, 171.0
675.0, 337.0, 109.0, 171.0
676.0, 336.0, 109.0, 171.0
675.0, 335.0, 109.0, 171.0
676.0, 334.0, 109.0, 171.0
675.0, 335.0, 109.0, 171.0
674.0, 334.0, 109.0, 171.0
673.0, 335.0, 109.0, 171.0
674.0, 334.0, 109.0, 171.0
673.0, 335.0, 109.0, 171.0
674.0, 334.0, 109.0, 171.0
673.0, 335.0, 109.0, 171.0
674.0, 336.0, 109.0, 171.0
673.0, 337.0, 109.0, 171.0
674.0, 338.0, 109.0, 171.0
673.0, 339.0, 109.0, 171.0
674.0, 340.0, 109.0, 171.0
673.0, 341.0, 109.0, 171.0
674.0, 342.0, 109.0, 171.0
673.0, 343.0, 109.0, 171.0
674.0, 344.0, 109.0, 171.0
673.0, 345.0, 109.0, 171.0
674.0, 344.0, 109.0, 171.0
675.0, 345.0, 109.0, 171.0
676.0, 344.0, 109.0, 171.0
675.0, 345.0, 109.0, 171.0
676.0, 344.0, 109.0, 171.0
675.0, 345.0, 109.0, 171.0
676.0, 344.0, 109.0, 171.0
675.0, 345.0, 109.0, 171.0
676.0, 346.0, 109.0, 171.0
675.0, 347.0, 109.0, 171.0
676.0, 348.0, 109.0, 171.0
675.0, 349.0, 109.0, 171.0
676.0, 350.0, 109.0, 171.0
673.0, 351.0, 109.0, 171.0
674.0, 352.0, 109.0, 171.0
673.0, 355.0, 109.0, 171.0
672.0, 356.0, 109.0, 171.0
671.0, 357.0, 109.0, 171.0
672.0, 358.0, 109.0, 171.0
669.0, 359.0, 109.0, 171.0
670.0, 358.0, 109.0, 171.0
669.0, 359.0, 109.0, 171.0
670.0, 358.0, 109.0, 171.0
669.0, 359.0, 109.0, 171.0
668.0, 360.0, 109.0, 171.0
667.0, 361.0, 109.0, 171.0
668.0, 360.0, 109.0, 171.0
667.0, 361.0, 109.0, 171.0
668.0, 362.0, 109.0, 171.0
667.0, 363.0, 109.0, 171.0
666.0, 364.0, 109.0, 171.0
665.0, 367.0, 109.0, 171.0
666.0, 366.0, 109.0, 171.0
665.0, 369.0, 109.0, 171.0
666.0, 370.0, 109.0, 171.0
665.0, 371.0, 109.0, 171.0
666.0, 372.0, 109.0, 171.0
665.0, 373.0, 109.0, 171.0
666.0, 374.0, 109.0, 171.0
665.0, 375.0, 109.0, 171.0
666.0, 374.0, 109.0, 171.0
665.0, 375.0, 109.0, 171.0
666.0, 376.0, 109.0, 171.0
665.0, 377.0, 109.0, 171.0
664.0, 376.0, 109.0, 171.0
663.0, 377.0, 109.0, 171.0
664.0, 378.0, 109.0, 171.0
663.0, 379.0, 109.0, 171.0
664.0, 380.0, 109.0, 171.0
663.0, 383.0, 109.0, 171.0
662.0, 382.0, 109.0, 171.0
661.0, 385.0, 109.0, 171.0
662.0, 386.0, 109.0, 171.0
659.0, 389.0, 109.0, 171.0
658.0, 390.0, 109.0, 171.0
657.0, 391.0, 109.0, 171.0
656.0, 390.0, 109.0, 171.0
655.0, 391.0, 109.0, 171.0
656.0, 390.0, 109.0, 171.0
653.0, 391.0, 109.0, 171.0
654.0, 392.0, 109.0, 171.0
653.0, 393.0, 109.0, 171.0
654.0, 392.0, 109.0, 171.0
653.0, 395.0, 109.0, 171.0
654.0, 394.0, 109.0, 171.0
653.0, 397.0, 109.0, 171.0
654.0, 398.0, 109.0, 171.0
653.0, 399.0, 109.0, 171.0
654.0, 400.0, 109.0, 171.0
653.0, 403.0, 109.0, 171.0
654.0, 404.0, 109.0, 171.0
653.0, 407.0, 109.0, 171.0
654.0, 408.0, 109.0, 171.0
653.0, 409.0, 109.0, 171.0
654.0, 408.0, 109.0, 171.0
655.0, 409.0, 109.0, 171.0
656.0, 410.0, 109.0, 171.0
655.0, 411.0, 109.0, 171.0
656.0, 410.0, 109.0, 171.0
655.0, 413.0, 109.0, 171.0
656.0, 412.0, 109.0, 171.0
655.0, 415.0, 109.0, 171.0
656.0, 414.0, 109.0, 171.0
655.0, 417.0, 109.0, 171.0
656.0, 418.0, 109.0, 171.0
655.0, 421.0, 109.0, 171.0
656.0, 422.0, 109.0, 171.0
655.0, 425.0, 109.0, 171.0
654.0, 426.0, 109.0, 171.0
653.0, 429.0, 109.0, 171.0
654.0, 428.0, 109.0, 171.0
653.0, 431.0, 109.0, 171.0
652.0, 430.0, 109.0, 171.0
651.0, 431.0, 109.0, 171.0
652.0, 432.0, 109.0, 171.0
651.0, 433.0, 109.0, 171.0
652.0, 434.0, 109.0, 171.0
651.0, 435.0, 109.0, 171.0
652.0, 436.0, 109.0, 171.0
651.0, 439.0, 109.0, 171.0
652.0, 440.0, 109.0, 171.0
651.0, 443.0, 109.0, 171.0
652.0, 444.0, 109.0, 171.0
653.0, 445.0, 109.0, 171.0
654.0, 448.0, 109.0, 171.0
653.0, 451.0, 109.0, 171.0
654.0, 452.0, 109.0, 171.0
653.0, 455.0, 109.0, 171.0
654.0, 456.0, 109.0, 171.0
655.0, 457.0, 109.0, 171.0
656.0, 458.0, 109.0, 171.0
655.0, 459.0, 109.0, 171.0
656.0, 460.0, 109.0, 171.0
655.0, 461.0, 109.0, 171.0
656.0, 462.0, 109.0, 171.0
655.0, 463.0, 109.0, 171.0
656.0, 464.0, 109.0, 171.0
657.0, 467.0, 109.0, 171.0
658.0, 468.0, 109.0, 171.0
657.0, 471.0, 109.0, 171.0
658.0, 472.0, 109.0, 171.0
657.0, 475.0, 109.0, 171.0
658.0, 476.0, 109.0, 171.0
657.0, 479.0, 109.0, 171.0
658.0, 482.0, 109.0, 171.0
657.0, 485.0, 109.0, 171.0
656.0, 486.0, 109.0, 171.0
655.0, 487.0, 109.0, 171.0
656.0, 488.0, 109.0, 171.0
655.0, 489.0, 109.0, 171.0
656.0, 490.0, 109.0, 171.0
655.0, 491.0, 109.0, 171.0
656.0, 492.0, 109.0, 171.0
655.0, 493.0, 109.0, 171.0
656.0, 494.0, 109.0, 171.0
655.0, 497.0, 109.0, 171.0
656.0, 498.0, 109.0, 171.0
657.0, 501.0, 109.0, 171.0
658.0, 502.0, 109.0, 171.0
657.0, 505.0, 109.0, 171.0
658.0, 506.0, 109.0, 171.0
657.0, 509.0, 109.0, 171.0
658.0, 510.0, 109.0, 171.0
659.0, 513.0, 109.0, 171.0
660.0, 514.0, 109.0, 171.0
659.0, 517.0, 109.0, 171.0
662.0, 516.0, 109.0, 171.0
661.0, 519.0, 109.0, 171.0
662.0, 518.0, 109.0, 171.0
661.0, 521.0, 109.0, 171.0
662.0, 520.0, 109.0, 171.0
663.0, 523.0, 109.0, 171.0
664.0, 524.0, 109.0, 171.0
663.0, 525.0, 109.0, 171.0
664.0, 526.0, 109.0, 171.0
665.0, 529.0, 109.0, 171.0
666.0, 530.0, 109.0, 171.0
665.0, 533.0, 109.0, 171.0
666.0, 534.0, 109.0, 171.0
665.0, 537.0, 109.0, 171.0
666.0, 538.0, 109.0, 171.0
665.0, 539.0, 109.0, 171.0
664.0, 540.0, 109.0, 171.0
663.0, 541.0, 109.0, 171.0
664.0, 540.0, 109.0, 171.0
663.0, 541.0, 109.0, 171.0
664.0, 540.0, 109.0, 171.0
665.0, 541.0, 109.0, 171.0
666.0, 542.0, 109.0, 171.0
665.0, 543.0, 109.0, 171.0
666.0, 542.0, 109.0, 171.0
665.0, 543.0, 109.0, 171.0
666.0, 542.0, 109.0, 171.0
667.0, 545.0, 109.0, 171.0
668.0, 544.0, 109.0, 171.0
667.0, 545.0, 109.0, 171.0
668.0, 546.0, 109.0, 171.0
669.0, 547.0, 109.0, 171.0
670.0, 546.0, 109.0, 171.0
669.0, 547.0, 109.0, 171.0
670.0, 548.0, 109.0, 171.0
671.0, 547.0, 109.0, 171.0
672.0, 546.0, 109.0, 171.0
671.0, 547.0, 109.0, 171.0
672.0, 546.0, 109.0, 171.0
673.0, 547.0, 109.0, 171.0
674.0, 546.0, 109.0, 171.0
673.0, 547.0, 109.0, 171.0
674.0, 546.0, 109.0, 171.0
675.0, 547.0, 109.0, 171.0
676.0, 548.0, 109.0, 171.0
675.0, 549.0, 109.0, 171.0
676.0, 548.0, 109.0, 171.0
675.0, 549.0, 109.0, 171.0
676.0, 548.0, 109.0, 171.0
675.0, 547.0, 109.0, 171.0
674.0, 546.0, 109.0, 171.0
673.0, 545.0, 109.0, 171.0
674.0, 544.0, 109.0, 171.0
673.0, 545.0, 109.0, 171.0
674.0, 544.0, 109.0, 171.0
673.0, 545.0, 109.0, 171.0
672.0, 544.0, 109.0, 171.0
671.0, 543.0, 109.0, 171.0
672.0, 544.0, 109.0, 171.0
671.0, 545.0, 109.0, 171.0
672.0, 544.0, 109.0, 171.0
671.0, 545.0, 109.0, 171.0
670.0, 544.0, 109.0, 171.0
669.0, 545.0, 109.0, 171.0
670.0, 546.0, 109.0, 171.0
669.0, 547.0, 109.0, 171.0
670.0, 546.0, 109.0, 171.0
669.0, 547.0, 109.0, 171.0
670.0, 546.0, 109.0, 171.0
669.0, 547.0, 109.0, 171.0
670.0, 546.0, 109.0, 171.0
671.0, 547.0, 109.0, 171.0
672.0, 548.0, 109.0, 171.0
671.0, 549.0, 109.0, 171.0
672.0, 548.0, 109.0, 171.0
671.0, 549.0, 109.0, 171.0
672.0, 550.0, 109.0, 171.0
671.0, 551.0, 109.0, 171.0
672.0, 550.0, 109.0, 171.0
671.0, 551.0, 109.0, 171.0
672.0, 552.0, 109.0, 171.0
671.0, 553.0, 109.0, 171.0
672.0, 552.0, 109.0, 171.0
669.0, 555.0, 109.0, 171.0
670.0, 554.0, 109.0, 171.0
667.0, 555.0, 109.0, 171.0
668.0, 554.0, 109.0, 171.0
667.0, 555.0, 109.0, 171.0
666.0, 556.0, 109.0, 171.0
665.0, 557.0, 109.0, 171.0
666.0, 558.0, 109.0, 171.0
665.0, 559.0, 109.0, 171.0
664.0, 558.0, 109.0, 171.0
663.0, 561.0, 109.0, 171.0
664.0, 560.0, 109.0, 171.0
663.0, 563.0, 109.0, 171.0
662.0, 564.0, 109.0, 171.0
661.0, 565.0, 109.0, 171.0
662.0, 566.0, 109.0, 171.0
661.0, 569.0, 109.0, 171.0
662.0, 568.0, 109.0, 171.0
661.0, 571.0, 109.0, 171.0
662.0, 570.0, 109.0, 171.0
659.0, 573.0, 109.0, 171.0
660.0, 574.0, 109.0, 171.0
659.0, 575.0, 109.0, 171.0
660.0, 576.0, 109.0, 171.0
659.0, 577.0, 109.0, 171.0
658.0, 578.0, 109.0, 171.0
657.0, 581.0, 109.0, 171.0
658.0, 582.0, 109.0, 171.0
657.0, 585.0, 109.0, 171.0
658.0, 586.0, 109.0, 171.0
657.0, 589.0, 109.0, 171.0
656.0, 590.0, 109.0, 171.0
655.0, 593.0, 109.0, 171.0
654.0, 594.0, 109.0, 171.0
653.0, 597.0, 109.0, 171.0
652.0, 598.0, 109.0, 171.0
651.0, 601.0, 109.0, 171.0
650.0, 602.0, 109.0, 171.0
647.0, 605.0, 109.0, 171.0
648.0, 606.0, 109.0, 171.0
645.0, 607.0, 109.0, 171.0
644.0, 608.0, 109.0, 171.0
643.0, 609.0, 109.0, 171.0
644.0, 610.0, 109.0, 171.0
643.0, 611.0, 109.0, 171.0
642.0, 612.0, 109.0, 171.0
641.0, 615.0, 109.0, 171.0
640.0, 616.0, 109.0, 171.0
639.0, 619.0, 109.0, 171.0
638.0, 620.0, 109.0, 171.0
637.0, 623.0, 109.0, 171.0
638.0, 624.0, 109.0, 171.0
637.0, 627.0, 109.0, 171.0
638.0, 630.0, 109.0, 171.0
637.0, 633.0, 109.0, 171.0
638.0, 634.0, 109.0, 171.0
637.0, 637.0, 109.0, 171.0
636.0, 636.0, 109.0, 171.0
635.0, 639.0, 109.0, 171.0
636.0, 640.0, 109.0, 171.0
633.0, 641.0, 109.0, 171.0
634.0, 642.0, 109.0, 171.0
633.0, 645.0, 109.0, 171.0
632.0, 646.0, 109.0, 171.0
631.0, 649.0, 109.0, 171.0
632.0, 650.0, 109.0, 171.0
631.0, 653.0, 109.0, 171.0
630.0, 654.0, 109.0, 171.0
629.0, 657.0, 109.0, 171.0
628.0, 660.0, 109.0, 171.0
625.0, 663.0, 109.0, 171.0
624.0, 664.0, 109.0, 171.0
623.0, 667.0, 109.0, 171.0
622.0, 668.0, 109.0, 171.0
621.0, 671.0, 109.0, 171.0
620.0, 672.0, 109.0, 171.0
619.0, 675.0, 109.0, 171.0
618.0, 676.0, 109.0, 171.0
617.0, 677.0, 109.0, 171.0
620.0, 678.0, 109.0, 171.0
0.0, 0.0, 0.0, 0.0
0.0, 0.0, 0.0, 0.0
0.0, 0.0, 0.0, 0.0
0.0, 0.0, 0.0, 0.0
0.0, 0.0, 0.0, 0.0
0.0, 0.0, 0.0, 0.0
0.0, 0.0, 0.0, 0.0
0.0, 0.0, 0.0, 0.0
0.0, 0.0, 0.0, 0.0
0.0, 0.0, 0.0, 0.0
0.0, 0.0, 0.0, 0.0
0.0, 0.0, 0.0, 0.0
0.0, 0.0, 0.0, 0.0
0.0, 0.0, 0.0, 0.0
0.0, 0.0, 0.0, 0.0
0.0, 0.0, 0.0, 0.0
0.0, 0.0, 0.0, 0.0
0.0, 0.0, 0.0, 0.0
0.0, 0.0, 0.0, 0.0
0.0, 0.0, 0.0, 0.0
0.0, 0.0, 0.0, 0.0
0.0, 0.0, 0.0, 0.0
0.0, 0.0, 0.0, 0.0
0.0, 0.0, 0.0, 0.0
0.0, 0.0, 0.0, 0.0
0.0, 0.0, 0.0, 0.0
0.0, 0.0, 0.0, 0.0
0.0, 0.0, 0.0, 0.0
0.0, 0.0, 0.0, 0.0
0.0, 0.0, 0.0, 0.0
0.0, 0.0, 0.0, 0.0
0.0, 0.0, 0.0, 0.0
0.0, 0.0, 0.0, 0.0
0.0, 0.0, 0.0, 0.0
0.0, 0.0, 0.0, 0.0
0.0, 0.0, 0.0, 0.0
0.0, 0.0, 0.0, 0.0
0.0, 0.0, 0.0, 0.0
0.0, 0.0, 0.0, 0.0
0.0, 0.0, 0.0, 0.0
0.0, 0.0, 0.0, 0.0
0.0, 0.0, 0.0, 0.0
0.0, 0.0, 0.0, 0.0
0.0, 0.0, 0.0, 0.0
0.0, 0.0, 0.0, 0.0
0.0, 0.0, 0.0, 0.0
0.0, 0.0, 0.0, 0.0
0.0, 0.0, 0.0, 0.0
0.0, 0.0, 0.0, 0.0
0.0, 0.0, 0.0, 0.0
0.0, 0.0, 0.0, 0.0
0.0, 0.0, 0.0, 0.0
0.0, 0.0, 0.0, 0.0
0.0, 0.0, 0.0, 0.0
0.0, 0.0, 0.0, 0.0
0.0, 0.0, 0.0, 0.0
0.0, 0.0, 0.0, 0.0
0.0, 0.0, 0.0, 0.0
0.0, 0.0, 0.0, 0.0
0.0, 0.0, 0.0, 0.0
0.0, 0.0, 0.0, 0.0
0.0, 0.0, 0.0, 0.0
0.0, 0.0, 0.0, 0.0
0.0, 0.0, 0.0, 0.0
0.0, 0.0, 0.0, 0.0
0.0, 0.0, 0.0, 0.0
0.0, 0.0, 0.0, 0.0
0.0, 0.0, 0.0, 0.0
0.0, 0.0, 0.0, 0.0
0.0, 0.0, 0.0, 0.0
0.0, 0.0, 0.0, 0.0
0.0, 0.0, 0.0, 0.0
0.0, 0.0, 0.0, 0.0
0.0, 0.0, 0.0, 0.0
0.0, 0.0, 0.0, 0.0
0.0, 0.0, 0.0, 0.0
0.0, 0.0, 0.0, 0.0
0.0, 0.0, 0.0, 0.0
0.0, 0.0, 0.0, 0.0
0.0, 0.0, 0.0, 0.0
0.0, 0.0, 0.0, 0.0
595.0, 677.0, 109.0, 171.0
590.0, 668.0, 109.0, 171.0
587.0, 653.0, 109.0, 171.0
588.0, 634.0, 109.0, 171.0
587.0, 611.0, 109.0, 171.0
590.0, 588.0, 109.0, 171.0
589.0, 569.0, 109.0, 171.0
590.0, 550.0, 109.0, 171.0
589.0, 531.0, 109.0, 171.0
590.0, 506.0, 109.0, 171.0
591.0, 487.0, 109.0, 171.0
592.0, 468.0, 109.0, 171.0
591.0, 451.0, 109.0, 171.0
592.0, 432.0, 109.0, 171.0
591.0, 409.0, 109.0, 171.0
592.0, 390.0, 109.0, 171.0
591.0, 375.0, 109.0, 171.0
592.0, 362.0, 109.0, 171.0
591.0, 353.0, 109.0, 171.0
590.0, 342.0, 109.0, 171.0
589.0, 337.0, 109.0, 171.0
590.0, 334.0, 109.0, 171.0
589.0, 331.0, 109.0, 171.0
590.0, 330.0, 109.0, 171.0
589.0, 329.0, 109.0, 171.0
590.0, 326.0, 109.0, 171.0
589.0, 327.0, 109.0, 171.0
590.0, 324.0, 109.0, 171.0
589.0, 325.0, 109.0, 171.0
590.0, 324.0, 109.0, 171.0
589.0, 323.0, 109.0, 171.0
590.0, 322.0, 109.0, 171.0
591.0, 323.0, 109.0, 171.0
592.0, 322.0, 109.0, 171.0
591.0, 323.0, 109.0, 171.0
592.0, 322.0, 109.0, 171.0
591.0, 321.0, 109.0, 171.0
592.0, 318.0, 109.0, 171.0
591.0, 319.0, 109.0, 171.0
592.0, 316.0, 109.0, 171.0
591.0, 315.0, 109.0, 171.0
592.0, 314.0, 109.0, 171.0
591.0, 313.0, 109.0, 171.0
592.0, 310.0, 109.0, 171.0
591.0, 309.0, 109.0, 171.0
592.0, 308.0, 109.0, 171.0
591.0, 307.0, 109.0, 171.0
592.0, 306.0, 109.0, 171.0
591.0, 305.0, 109.0, 171.0
592.0, 302.0, 109.0, 171.0
591.0, 303.0, 109.0, 171.0
590.0, 300.0, 109.0, 171.0
589.0, 299.0, 109.0, 171.0
590.0, 296.0, 109.0, 171.0
589.0, 295.0, 109.0, 171.0
590.0, 292.0, 109.0, 171.0
589.0, 291.0, 109.0, 171.0
588.0, 288.0, 109.0, 171.0
587.0, 287.0, 109.0, 171.0
588.0, 286.0, 109.0, 171.0
587.0, 285.0, 109.0, 171.0
588.0, 284.0, 109.0, 171.0
587.0, 283.0, 109.0, 171.0
588.0, 282.0, 109.0, 171.0
587.0, 281.0, 109.0, 171.0
588.0, 280.0, 109.0, 171.0
587.0, 281.0, 109.0, 171.0
588.0, 280.0, 109.0, 171.0
587.0, 279.0, 109.0, 171.0
588.0, 278.0, 109.0, 171.0
587.0, 277.0, 109.0, 171.0
588.0, 276.0, 109.0, 171.0
587.0, 275.0, 109.0, 171.0
588.0, 274.0, 109.0, 171.0
587.0, 275.0, 109.0, 171.0
588.0, 274.0, 109.0, 171.0
587.0, 273.0, 109.0, 171.0
588.0, 272.0, 109.0, 171.0
587.0, 273.0, 109.0, 171.0
588.0, 272.0, 109.0, 171.0
587.0, 271.0, 109.0, 171.0
586.0, 270.0, 109.0, 171.0
585.0, 271.0, 109.0, 171.0
586.0, 270.0, 109.0, 171.0
583.0, 271.0, 109.0, 171.0
584.0, 270.0, 109.0, 171.0
583.0, 269.0, 109.0, 171.0
582.0, 268.0, 109.0, 171.0
581.0, 269.0, 109.0, 171.0
582.0, 268.0, 109.0, 171.0
581.0, 269.0, 109.0, 171.0
580.0, 268.0, 109.0, 171.0
579.0, 269.0, 109.0, 171.0
580.0, 270.0, 109.0, 171.0
579.0, 271.0, 109.0, 171.0
580.0, 270.0, 109.0, 171.0
579.0, 273.0, 109.0, 171.0
580.0, 272.0, 109.0, 171.0
579.0, 275.0, 109.0, 171.0
578.0, 276.0, 109.0, 171.0
577.0, 277.0, 109.0, 171.0
578.0, 278.0, 109.0, 171.0
579.0, 281.0, 109.0, 171.0
580.0, 280.0, 109.0, 171.0
579.0, 283.0, 109.0, 171.0
580.0, 282.0, 109.0, 171.0
579.0, 285.0, 109.0, 171.0
580.0, 284.0, 109.0, 171.0
581.0, 285.0, 109.0, 171.0
582.0, 286.0, 109.0, 171.0
581.0, 289.0, 109.0, 171.0
582.0, 288.0, 109.0, 171.0
581.0, 291.0, 109.0, 171.0
582.0, 290.0, 109.0, 171.0
581.0, 293.0, 109.0, 171.0
582.0, 294.0, 109.0, 171.0
581.0, 295.0, 109.0, 171.0
582.0, 294.0, 109.0, 171.0
581.0, 297.0, 109.0, 171.0
582.0, 298.0, 109.0, 171.0
581.0, 299.0, 109.0, 171.0
580.0, 298.0, 109.0, 171.0
579.0, 301.0, 109.0, 171.0
580.0, 300.0, 109.0, 171.0
579.0, 301.0, 109.0, 171.0
578.0, 302.0, 109.0, 171.0
577.0, 303.0, 109.0, 171.0
578.0, 302.0, 109.0, 171.0
577.0, 305.0, 109.0, 171.0
578.0, 306.0, 109.0, 171.0
577.0, 307.0, 109.0, 171.0
578.0, 308.0, 109.0, 171.0
575.0, 309.0, 109.0, 171.0
576.0, 310.0, 109.0, 171.0
575.0, 311.0, 109.0, 171.0
576.0, 312.0, 109.0, 171.0
575.0, 313.0, 109.0, 171.0
574.0, 314.0, 109.0, 171.0
573.0, 315.0, 109.0, 171.0
574.0, 316.0, 109.0, 171.0
573.0, 319.0, 109.0, 171.0
574.0, 318.0, 109.0, 171.0
573.0, 319.0, 109.0, 171.0
574.0, 320.0, 109.0, 171.0
573.0, 321.0, 109.0, 171.0
574.0, 322.0, 109.0, 171.0
573.0, 323.0, 109.0, 171.0
572.0, 324.0, 109.0, 171.0
571.0, 327.0, 109.0, 171.0
572.0, 326.0, 109.0, 171.0
571.0, 329.0, 109.0, 171.0
572.0, 328.0, 109.0, 171.0
571.0, 331.0, 109.0, 171.0
572.0, 332.0, 109.0, 171.0
569.0, 333.0, 109.0, 171.0
570.0, 334.0, 109.0, 171.0
569.0, 335.0, 109.0, 171.0
570.0, 336.0, 109.0, 171.0
567.0, 337.0, 109.0, 171.0
568.0, 338.0, 109.0, 171.0
567.0, 339.0, 109.0, 171.0
566.0, 338.0, 109.0, 171.0
565.0, 341.0, 109.0, 171.0
566.0, 340.0, 109.0, 171.0
565.0, 343.0, 109.0, 171.0
564.0, 342.0, 109.0, 171.0
563.0, 345.0, 109.0, 171.0
564.0, 344.0, 109.0, 171.0
563.0, 347.0, 109.0, 171.0
562.0, 348.0, 109.0, 171.0
561.0, 349.0, 109.0, 171.0
562.0, 350.0, 109.0, 171.0
561.0, 351.0, 109.0, 171.0
562.0, 352.0, 109.0, 171.0
561.0, 353.0, 109.0, 171.0
560.0, 354.0, 109.0, 171.0
559.0, 355.0, 109.0, 171.0
560.0, 356.0, 109.0, 171.0
559.0, 357.0, 109.0, 171.0
560.0, 358.0, 109.0, 171.0
559.0, 359.0, 109.0, 171.0
560.0, 360.0, 109.0, 171.0
559.0, 361.0, 109.0, 171.0
560.0, 360.0, 109.0, 171.0
559.0, 363.0, 109.0, 171.0
560.0, 362.0, 109.0, 171.0
559.0, 365.0, 109.0, 171.0
558.0, 366.0, 109.0, 171.0
557.0, 367.0, 109.0, 171.0
558.0, 368.0, 109.0, 171.0
557.0, 369.0, 109.0, 171.0
558.0, 370.0, 109.0, 171.0
557.0, 371.0, 109.0, 171.0
556.0, 372.0, 109.0, 171.0
555.0, 373.0, 109.0, 171.0
556.0, 374.0, 109.0, 171.0
555.0, 375.0, 109.0, 171.0
554.0, 374.0, 109.0, 171.0
553.0, 375.0, 109.0, 171.0
554.0, 376.0, 109.0, 171.0
553.0, 377.0, 109.0, 171.0
552.0, 378.0, 109.0, 171.0
551.0, 379.0, 109.0, 171.0
552.0, 380.0, 109.0, 171.0
551.0, 381.0, 109.0, 171.0
552.0, 382.0, 109.0, 171.0
551.0, 383.0, 109.0, 171.0
550.0, 384.0, 109.0, 171.0
549.0, 385.0, 109.0, 171.0
550.0, 386.0, 109.0, 171.0
549.0, 387.0, 109.0, 171.0
550.0, 388.0, 109.0, 171.0
549.0, 391.0, 109.0, 171.0
550.0, 390.0, 109.0, 171.0
549.0, 393.0, 109.0, 171.0
550.0, 392.0, 109.0, 171.0
549.0, 393.0, 109.0, 171.0
550.0, 394.0, 109.0, 171.0
549.0, 395.0, 109.0, 171.0
548.0, 396.0, 109.0, 171.0
547.0, 397.0, 109.0, 171.0
548.0, 398.0, 109.0, 171.0
547.0, 401.0, 109.0, 171.0
548.0, 400.0, 109.0, 171.0
545.0, 403.0, 109.0, 171.0
546.0, 404.0, 109.0, 171.0
545.0, 405.0, 109.0, 171.0
546.0, 406.0, 109.0, 171.0
543.0, 407.0, 109.0, 171.0
544.0, 408.0, 109.0, 171.0
543.0, 411.0, 109.0, 171.0
542.0, 410.0, 109.0, 171.0
541.0, 413.0, 109.0, 171.0
540.0, 412.0, 109.0, 171.0
539.0, 415.0, 109.0, 171.0
538.0, 414.0, 109.0, 171.0
537.0, 417.0, 109.0, 171.0
538.0, 416.0, 109.0, 171.0
535.0, 419.0, 109.0, 171.0
536.0, 420.0, 109.0, 171.0
535.0, 421.0, 109.0, 171.0
534.0, 422.0, 109.0, 171.0
533.0, 425.0, 109.0, 171.0
532.0, 424.0, 109.0, 171.0
531.0, 427.0, 109.0, 171.0
532.0, 428.0, 109.0, 171.0
531.0, 431.0, 109.0, 171.0
530.0, 430.0, 109.0, 171.0
529.0, 433.0, 109.0, 171.0
530.0, 434.0, 109.0, 171.0
529.0, 435.0, 109.0, 171.0
530.0, 436.0, 109.0, 171.0
529.0, 437.0, 109.0, 171.0
530.0, 438.0, 109.0, 171.0
529.0, 439.0, 109.0, 171.0
528.0, 440.0, 109.0, 171.0
527.0, 441.0, 109.0, 171.0
528.0, 440.0, 109.0, 171.0
527.0, 441.0, 109.0, 171.0
528.0, 440.0, 109.0, 171.0
527.0, 441.0, 109.0, 171.0
528.0, 440.0, 109.0, 171.0
525.0, 441.0, 109.0, 171.0
526.0, 440.0, 109.0, 171.0
525.0, 441.0, 109.0, 171.0
526.0, 440.0, 109.0, 171.0
525.0, 441.0, 109.0, 171.0
524.0, 440.0, 109.0, 171.0
523.0, 441.0, 109.0, 171.0
524.0, 442.0, 109.0, 171.0
523.0, 441.0, 109.0, 171.0
522.0, 440.0, 109.0, 171.0
521.0, 441.0, 109.0, 171.0
522.0, 442.0, 109.0, 171.0
521.0, 443.0, 109.0, 171.0
520.0, 442.0, 109.0, 171.0
519.0, 443.0, 109.0, 171.0
520.0, 444.0, 109.0, 171.0
519.0, 445.0, 109.0, 171.0
518.0, 444.0, 109.0, 171.0
517.0, 445.0, 109.0, 171.0
518.0, 446.0, 109.0, 171.0
517.0, 447.0, 109.0, 171.0
518.0, 446.0, 109.0, 171.0
517.0, 447.0, 109.0, 171.0
518.0, 448.0, 109.0, 171.0
517.0, 449.0, 109.0, 171.0
516.0, 448.0, 109.0, 171.0
515.0, 449.0, 109.0, 171.0
516.0, 450.0, 109.0, 171.0
515.0, 451.0, 109.0, 171.0
516.0, 450.0, 109.0, 171.0
515.0, 451.0, 109.0, 171.0
516.0, 452.0, 109.0, 171.0
515.0, 453.0, 109.0, 171.0
514.0, 454.0, 109.0, 171.0
513.0, 455.0, 109.0, 171.0
514.0, 454.0, 109.0, 171.0
513.0, 457.0, 109.0, 171.0
514.0, 456.0, 109.0, 171.0
513.0, 459.0, 109.0, 171.0
512.0, 458.0, 109.0, 171.0
511.0, 459.0, 109.0, 171.0
512.0, 460.0, 109.0, 171.0
511.0, 461.0, 109.0, 171.0
510.0, 460.0, 109.0, 171.0
509.0, 461.0, 109.0, 171.0
510.0, 460.0, 109.0, 171.0
509.0, 461.0, 109.0, 171.0
508.0, 460.0, 109.0, 171.0
507.0, 461.0, 109.0, 171.0
508.0, 458.0, 109.0, 171.0
507.0, 459.0, 109.0, 171.0
508.0, 458.0, 109.0, 171.0
507.0, 459.0, 109.0, 171.0
508.0, 458.0, 109.0, 171.0
507.0, 457.0, 109.0, 171.0
506.0, 456.0, 109.0, 171.0
505.0, 457.0, 109.0, 171.0
506.0, 456.0, 109.0, 171.0
505.0, 455.0, 109.0, 171.0
506.0, 454.0, 109.0, 171.0
505.0, 455.0, 109.0, 171.0
506.0, 454.0, 109.0, 171.0
505.0, 453.0, 109.0, 171.0
506.0, 452.0, 109.0, 171.0
505.0, 453.0, 109.0, 171.0
506.0, 452.0, 109.0, 171.0
505.0, 453.0, 109.0, 171.0
506.0, 452.0, 109.0, 171.0
505.0, 451.0, 109.0, 171.0
506.0, 450.0, 109.0, 171.0
505.0, 451.0, 109.0, 171.0
506.0, 450.0, 109.0, 171.0
505.0, 451.0, 109.0, 171.0
504.0, 450.0, 109.0, 171.0
503.0, 451.0, 109.0, 171.0
504.0, 450.0, 109.0, 171.0
503.0, 451.0, 109.0, 171.0
504.0, 450.0, 109.0, 171.0
503.0, 451.0, 109.0, 171.0
502.0, 450.0, 109.0, 171.0
501.0, 451.0, 109.0, 171.0
502.0, 450.0, 109.0, 171.0
501.0, 451.0, 109.0, 171.0
502.0, 450.0, 109.0, 171.0
501.0, 451.0, 109.0, 171.0
500.0, 450.0, 109.0, 171.0
499.0, 451.0, 109.0, 171.0
500.0, 450.0, 109.0, 171.0
499.0, 451.0, 109.0, 171.0
500.0, 450.0, 109.0, 171.0
499.0, 451.0, 109.0, 171.0
500.0, 450.0, 109.0, 171.0
499.0, 451.0, 109.0, 171.0
498.0, 450.0, 109.0, 171.0
497.0, 451.0, 109.0, 171.0
498.0, 450.0, 109.0, 171.0
497.0, 451.0, 109.0, 171.0
498.0, 450.0, 109.0, 171.0
497.0, 451.0, 109.0, 171.0
498.0, 450.0, 109.0, 171.0
497.0, 451.0, 109.0, 171.0
498.0, 450.0, 109.0, 171.0
497.0, 449.0, 109.0, 171.0
498.0, 448.0, 109.0, 171.0
497.0, 449.0, 109.0, 171.0
498.0, 448.0, 109.0, 171.0
497.0, 449.0, 109.0, 171.0
498.0, 448.0, 109.0, 171.0
497.0, 449.0, 109.0, 171.0
498.0, 448.0, 109.0, 171.0
497.0, 449.0, 109.0, 171.0
498.0, 448.0, 109.0, 171.0
497.0, 449.0, 109.0, 171.0
498.0, 448.0, 109.0, 171.0
497.0, 449.0, 109.0, 171.0
496.0, 448.0, 109.0, 171.0
495.0, 449.0, 109.0, 171.0
496.0, 448.0, 109.0, 171.0
495.0, 449.0, 109.0, 171.0
496.0, 448.0, 109.0, 171.0
495.0, 449.0, 109.0, 171.0
494.0, 448.0, 109.0, 171.0
493.0, 449.0, 109.0, 171.0
494.0, 448.0, 109.0, 171.0
493.0, 449.0, 109.0, 171.0
494.0, 448.0, 109.0, 171.0
493.0, 449.0, 109.0, 171.0
494.0, 448.0, 109.0, 171.0
493.0, 449.0, 109.0, 171.0
494.0, 450.0, 109.0, 171.0
493.0, 451.0, 109.0, 171.0
494.0, 450.0, 109.0, 171.0
493.0, 451.0, 109.0, 171.0
494.0, 450.0, 109.0, 171.0
493.0, 451.0, 109.0, 171.0
494.0, 450.0, 109.0, 171.0
493.0, 451.0, 109.0, 171.0
494.0, 450.0, 109.0, 171.0
493.0, 451.0, 109.0, 171.0
494.0, 450.0, 109.0, 171.0
493.0, 451.0, 109.0, 171.0
492.0, 450.0, 109.0, 171.0
491.0, 453.0, 109.0, 171.0
492.0, 452.0, 109.0, 171.0
491.0, 453.0, 109.0, 171.0
492.0, 452.0, 109.0, 171.0
489.0, 453.0, 109.0, 171.0
490.0, 452.0, 109.0, 171.0
489.0, 453.0, 109.0, 171.0
490.0, 454.0, 109.0, 171.0
487.0, 455.0, 109.0, 171.0
488.0, 454.0, 109.0, 171.0
487.0, 455.0, 109.0, 171.0
488.0, 454.0, 109.0, 171.0
487.0, 455.0, 109.0, 171.0
486.0, 454.0, 109.0, 171.0
485.0, 455.0, 109.0, 171.0
486.0, 454.0, 109.0, 171.0
485.0, 455.0, 109.0, 171.0
486.0, 454.0, 109.0, 171.0
485.0, 455.0, 109.0, 171.0
484.0, 454.0, 109.0, 171.0
483.0, 457.0, 109.0, 171.0
484.0, 456.0, 109.0, 171.0
483.0, 457.0, 109.0, 171.0
484.0, 456.0, 109.0, 171.0
483.0, 459.0, 109.0, 171.0
484.0, 458.0, 109.0, 171.0
483.0, 459.0, 109.0, 171.0
484.0, 458.0, 109.0, 171.0
483.0, 459.0, 109.0, 171.0
484.0, 460.0, 109.0, 171.0
483.0, 461.0, 109.0, 171.0
484.0, 460.0, 109.0, 171.0
483.0, 461.0, 109.0, 171.0
484.0, 460.0, 109.0, 171.0
483.0, 461.0, 109.0, 171.0
484.0, 462.0, 109.0, 171.0
483.0, 463.0, 109.0, 171.0
484.0, 462.0, 109.0, 171.0
483.0, 463.0, 109.0, 171.0
484.0, 464.0, 109.0, 171.0
483.0, 465.0, 109.0, 171.0
484.0, 464.0, 109.0, 171.0
483.0, 467.0, 109.0, 171.0
484.0, 466.0, 109.0, 171.0
483.0, 467.0, 109.0, 171.0
482.0, 468.0, 109.0, 171.0
481.0, 469.0, 109.0, 171.0
482.0, 468.0, 109.0, 171.0
481.0, 469.0, 109.0, 171.0
482.0, 468.0, 109.0, 171.0
481.0, 471.0, 109.0, 171.0
482.0, 470.0, 109.0, 171.0
481.0, 471.0, 109.0, 171.0
480.0, 472.0, 109.0, 171.0
479.0, 473.0, 109.0, 171.0
480.0, 474.0, 109.0, 171.0
479.0, 475.0, 109.0, 171.0
480.0, 476.0, 109.0, 171.0
479.0, 477.0, 109.0, 171.0
480.0, 478.0, 109.0, 171.0
479.0, 479.0, 109.0, 171.0
478.0, 480.0, 109.0, 171.0
477.0, 481.0, 109.0, 171.0
478.0, 482.0, 109.0, 171.0
477.0, 483.0, 109.0, 171.0
478.0, 484.0, 109.0, 171.0
477.0, 485.0, 109.0, 171.0
478.0, 486.0, 109.0, 171.0
477.0, 487.0, 109.0, 171.0
478.0, 486.0, 109.0, 171.0
477.0, 489.0, 109.0, 171.0
478.0, 488.0, 109.0, 171.0
477.0, 491.0, 109.0, 171.0
478.0, 490.0, 109.0, 171.0
477.0, 493.0, 109.0, 171.0
478.0, 494.0, 109.0, 171.0
477.0, 495.0, 109.0, 171.0
476.0, 496.0, 109.0, 171.0
475.0, 497.0, 109.0, 171.0
476.0, 498.0, 109.0, 171.0
475.0, 499.0, 109.0, 171.0
476.0, 500.0, 109.0, 171.0
475.0, 501.0, 109.0, 171.0
474.0, 502.0, 109.0, 171.0
473.0, 503.0, 109.0, 171.0
474.0, 504.0, 109.0, 171.0
473.0, 505.0, 109.0, 171.0
472.0, 506.0, 109.0, 171.0
471.0, 507.0, 109.0, 171.0
472.0, 508.0, 109.0, 171.0
471.0, 509.0, 109.0, 171.0
470.0, 510.0, 109.0, 171.0
469.0, 511.0, 109.0, 171.0
470.0, 512.0, 109.0, 171.0
469.0, 513.0, 109.0, 171.0
470.0, 514.0, 109.0, 171.0
469.0, 517.0, 109.0, 171.0
468.0, 516.0, 109.0, 171.0
467.0, 519.0, 109.0, 171.0
468.0, 518.0, 109.0, 171.0
467.0, 521.0, 109.0, 171.0
468.0, 520.0, 109.0, 171.0
467.0, 523.0, 109.0, 171.0
468.0, 522.0, 109.0, 171.0
467.0, 523.0, 109.0, 171.0
468.0, 524.0, 109.0, 171.0
467.0, 525.0, 109.0, 171.0
468.0, 526.0, 109.0, 171.0
467.0, 527.0, 109.0, 171.0
468.0, 528.0, 109.0, 171.0
465.0, 529.0, 109.0, 171.0
466.0, 530.0, 109.0, 171.0
465.0, 531.0, 109.0, 171.0
466.0, 532.0, 109.0, 171.0
465.0, 533.0, 109.0, 171.0
466.0, 534.0, 109.0, 171.0
465.0, 535.0, 109.0, 171.0
464.0, 536.0, 109.0, 171.0
463.0, 537.0, 109.0, 171.0
464.0, 538.0, 109.0, 171.0
463.0, 539.0, 109.0, 171.0
462.0, 540.0, 109.0, 171.0
461.0, 541.0, 109.0, 171.0
462.0, 540.0, 109.0, 171.0
461.0, 541.0, 109.0, 171.0
462.0, 542.0, 109.0, 171.0
461.0, 543.0, 109.0, 171.0
460.0, 544.0, 109.0, 171.0
459.0, 545.0, 109.0, 171.0
460.0, 546.0, 109.0, 171.0
459.0, 547.0, 109.0, 171.0
460.0, 548.0, 109.0, 171.0
459.0, 549.0, 109.0, 171.0
460.0, 550.0, 109.0, 171.0
459.0, 551.0, 109.0, 171.0
460.0, 552.0, 109.0, 171.0
459.0, 553.0, 109.0, 171.0
460.0, 554.0, 109.0, 171.0
459.0, 555.0, 109.0, 171.0
458.0, 556.0, 109.0, 171.0
457.0, 557.0, 109.0, 171.0
458.0, 556.0, 109.0, 171.0
457.0, 559.0, 109.0, 171.0
458.0, 558.0, 109.0, 171.0
457.0, 559.0, 109.0, 171.0
456.0, 560.0, 109.0, 171.0
455.0, 563.0, 109.0, 171.0
456.0, 562.0, 109.0, 171.0
453.0, 565.0, 109.0, 171.0
454.0, 564.0, 109.0, 171.0
453.0, 567.0, 109.0, 171.0
452.0, 568.0, 109.0, 171.0
451.0, 569.0, 109.0, 171.0
452.0, 570.0, 109.0, 171.0
451.0, 571.0, 109.0, 171.0
450.0, 572.0, 109.0, 171.0
449.0, 573.0, 109.0, 171.0
450.0, 572.0, 109.0, 171.0
449.0, 575.0, 109.0, 171.0
448.0, 574.0, 109.0, 171.0
447.0, 577.0, 109.0, 171.0
448.0, 576.0, 109.0, 171.0
447.0, 579.0, 109.0, 171.0
448.0, 578.0, 109.0, 171.0
447.0, 579.0, 109.0, 171.0
448.0, 580.0, 109.0, 171.0
447.0, 581.0, 109.0, 171.0
448.0, 582.0, 109.0, 171.0
447.0, 583.0, 109.0, 171.0
448.0, 584.0, 109.0, 171.0
447.0, 587.0, 109.0, 171.0
448.0, 586.0, 109.0, 171.0
447.0, 589.0, 109.0, 171.0
448.0, 588.0, 109.0, 171.0
447.0, 589.0, 109.0, 171.0
448.0, 590.0, 109.0, 171.0
447.0, 591.0, 109.0, 171.0
448.0, 590.0, 109.0, 171.0
447.0, 593.0, 109.0, 171.0
448.0, 592.0, 109.0, 171.0
449.0, 593.0, 109.0, 171.0
450.0, 594.0, 109.0, 171.0
449.0, 595.0, 109.0, 171.0
450.0, 594.0, 109.0, 171.0
449.0, 593.0, 109.0, 171.0
450.0, 592.0, 109.0, 171.0
449.0, 593.0, 109.0, 171.0
450.0, 592.0, 109.0, 171.0
449.0, 591.0, 109.0, 171.0
450.0, 590.0, 109.0, 171.0
449.0, 591.0, 109.0, 171.0
450.0, 588.0, 109.0, 171.0
451.0, 589.0, 109.0, 171.0
452.0, 588.0, 109.0, 171.0
451.0, 587.0, 109.0, 171.0
452.0, 586.0, 109.0, 171.0
451.0, 587.0, 109.0, 171.0
452.0, 584.0, 109.0, 171.0
451.0, 585.0, 109.0, 171.0
452.0, 584.0, 109.0, 171.0
451.0, 583.0, 109.0, 171.0
452.0, 582.0, 109.0, 171.0
451.0, 583.0, 109.0, 171.0
452.0, 582.0, 109.0, 171.0
453.0, 581.0, 109.0, 171.0
454.0, 580.0, 109.0, 171.0
453.0, 581.0, 109.0, 171.0
454.0, 580.0, 109.0, 171.0
453.0, 579.0, 109.0, 171.0
454.0, 578.0, 109.0, 171.0
455.0, 579.0, 109.0, 171.0
456.0, 578.0, 109.0, 171.0
455.0, 577.0, 109.0, 171.0
456.0, 576.0, 109.0, 171.0
457.0, 577.0, 109.0, 171.0
458.0, 574.0, 109.0, 171.0
457.0, 575.0, 109.0, 171.0
458.0, 574.0, 109.0, 171.0
459.0, 573.0, 109.0, 171.0
460.0, 572.0, 109.0, 171.0
459.0, 573.0, 109.0, 171.0
460.0, 572.0, 109.0, 171.0
461.0, 571.0, 109.0, 171.0
462.0, 570.0, 109.0, 171.0
461.0, 571.0, 109.0, 171.0
462.0, 570.0, 109.0, 171.0
461.0, 569.0, 109.0, 171.0
462.0, 568.0, 109.0, 171.0
463.0, 569.0, 109.0, 171.0
464.0, 568.0, 109.0, 171.0
463.0, 569.0, 109.0, 171.0
464.0, 568.0, 109.0, 171.0
463.0, 567.0, 109.0, 171.0
464.0, 566.0, 109.0, 171.0
463.0, 567.0, 109.0, 171.0
464.0, 564.0, 109.0, 171.0
465.0, 565.0, 109.0, 171.0
466.0, 564.0, 109.0, 171.0
465.0, 565.0, 109.0, 171.0
466.0, 564.0, 109.0, 171.0
465.0, 563.0, 109.0, 171.0
466.0, 562.0, 109.0, 171.0
467.0, 563.0, 109.0, 171.0
468.0, 562.0, 109.0, 171.0
467.0, 563.0, 109.0, 171.0
468.0, 562.0, 109.0, 171.0
467.0, 561.0, 109.0, 171.0
468.0, 560.0, 109.0, 171.0
469.0, 561.0, 109.0, 171.0
470.0, 560.0, 109.0, 171.0
469.0, 561.0, 109.0, 171.0
470.0, 560.0, 109.0, 171.0
471.0, 559.0, 109.0, 171.0
472.0, 558.0, 109.0, 171.0
471.0, 559.0, 109.0, 171.0
472.0, 556.0, 109.0, 171.0
473.0, 557.0, 109.0, 171.0
474.0, 556.0, 109.0, 171.0
473.0, 557.0, 109.0, 171.0
474.0, 556.0, 109.0, 171.0
473.0, 557.0, 109.0, 171.0
474.0, 554.0, 109.0, 171.0
475.0, 555.0, 109.0, 171.0
476.0, 554.0, 109.0, 171.0
475.0, 555.0, 109.0, 171.0
476.0, 554.0, 109.0, 171.0
475.0, 555.0, 109.0, 171.0
476.0, 554.0, 109.0, 171.0
475.0, 555.0, 109.0, 171.0
476.0, 554.0, 109.0, 171.0
475.0, 553.0, 109.0, 171.0
476.0, 552.0, 109.0, 171.0
475.0, 553.0, 109.0, 171.0
476.0, 552.0, 109.0, 171.0
475.0, 551.0, 109.0, 171.0
476.0, 550.0, 109.0, 171.0
477.0, 551.0, 109.0, 171.0
478.0, 550.0, 109.0, 171.0
477.0, 551.0, 109.0, 171.0
478.0, 550.0, 109.0, 171.0
477.0, 551.0, 109.0, 171.0
478.0, 550.0, 109.0, 171.0
477.0, 551.0, 109.0, 171.0
478.0, 550.0, 109.0, 171.0
477.0, 551.0, 109.0, 171.0
478.0, 550.0, 109.0, 171.0
479.0, 551.0, 109.0, 171.0
480.0, 550.0, 109.0, 171.0
479.0, 549.0, 109.0, 171.0
480.0, 548.0, 109.0, 171.0
479.0, 549.0, 109.0, 171.0
480.0, 548.0, 109.0, 171.0
481.0, 549.0, 109.0, 171.0
482.0, 548.0, 109.0, 171.0
481.0, 549.0, 109.0, 171.0
482.0, 548.0, 109.0, 171.0
481.0, 549.0, 109.0, 171.0
482.0, 548.0, 109.0, 171.0
481.0, 549.0, 109.0, 171.0
482.0, 548.0, 109.0, 171.0
483.0, 549.0, 109.0, 171.0
484.0, 548.0, 109.0, 171.0
483.0, 549.0, 109.0, 171.0
484.0, 548.0, 109.0, 171.0
483.0, 549.0, 109.0, 171.0
484.0, 548.0, 109.0, 171.0
483.0, 549.0, 109.0, 171.0
484.0, 548.0, 109.0, 171.0
483.0, 547.0, 109.0, 171.0
484.0, 546.0, 109.0, 171.0
483.0, 547.0, 109.0, 171.0
484.0, 546.0, 109.0, 171.0
483.0, 547.0, 109.0, 171.0
484.0, 546.0, 109.0, 171.0
483.0, 547.0, 109.0, 171.0
484.0, 546.0, 109.0, 171.0
483.0, 547.0, 109.0, 171.0
484.0, 546.0, 109.0, 171.0
483.0, 547.0, 109.0, 171.0
484.0, 546.0, 109.0, 171.0
485.0, 547.0, 109.0, 171.0
486.0, 546.0, 109.0, 171.0
485.0, 547.0, 109.0, 171.0
486.0, 546.0, 109.0, 171.0
485.0, 547.0, 109.0, 171.0
486.0, 546.0, 109.0, 171.0
487.0, 547.0, 109.0, 171.0
488.0, 546.0, 109.0, 171.0
487.0, 545.0, 109.0, 171.0
488.0, 544.0, 109.0, 171.0
487.0, 545.0, 109.0, 171.0
488.0, 544.0, 109.0, 171.0
489.0, 545.0, 109.0, 171.0
490.0, 544.0, 109.0, 171.0
489.0, 545.0, 109.0, 171.0
490.0, 544.0, 109.0, 171.0
489.0, 545.0, 109.0, 171.0
490.0, 544.0, 109.0, 171.0
489.0, 545.0, 109.0, 171.0
490.0, 544.0, 109.0, 171.0
489.0, 545.0, 109.0, 171.0
490.0, 544.0, 109.0, 171.0
489.0, 545.0, 109.0, 171.0
490.0, 544.0, 109.0, 171.0
489.0, 543.0, 109.0, 171.0
490.0, 542.0, 109.0, 171.0
489.0, 543.0, 109.0, 171.0
490.0, 542.0, 109.0, 171.0
489.0, 543.0, 109.0, 171.0
490.0, 542.0, 109.0, 171.0
489.0, 543.0, 109.0, 171.0
490.0, 542.0, 109.0, 171.0
489.0, 543.0, 109.0, 171.0
490.0, 542.0, 109.0, 171.0
489.0, 543.0, 109.0, 171.0
490.0, 542.0, 109.0, 171.0
489.0, 543.0, 109.0, 171.0
490.0, 542.0, 109.0, 171.0
489.0, 543.0, 109.0, 171.0
490.0, 542.0, 109.0, 171.0
489.0, 543.0, 109.0, 171.0
490.0, 542.0, 109.0, 171.0
489.0, 543.0, 109.0, 171.0
490.0, 542.0, 109.0, 171.0
489.0, 543.0, 109.0, 171.0
490.0, 542.0, 109.0, 171.0
489.0, 543.0, 109.0, 171.0
490.0, 542.0, 109.0, 171.0
489.0, 543.0, 109.0, 171.0
490.0, 542.0, 109.0, 171.0
489.0, 543.0, 109.0, 171.0
490.0, 542.0, 109.0, 171.0
489.0, 543.0, 109.0, 171.0
490.0, 542.0, 109.0, 171.0
489.0, 543.0, 109.0, 171.0
490.0, 542.0, 109.0, 171.0
489.0, 543.0, 109.0, 171.0
488.0, 542.0, 109.0, 171.0
487.0, 543.0, 109.0, 171.0
488.0, 542.0, 109.0, 171.0
487.0, 543.0, 109.0, 171.0
488.0, 542.0, 109.0, 171.0
487.0, 543.0, 109.0, 171.0
488.0, 542.0, 109.0, 171.0
485.0, 543.0, 109.0, 171.0
486.0, 542.0, 109.0, 171.0
485.0, 543.0, 109.0, 171.0
486.0, 542.0, 109.0, 171.0
485.0, 543.0, 109.0, 171.0
486.0, 542.0, 109.0, 171.0
483.0, 543.0, 109.0, 171.0
484.0, 542.0, 109.0, 171.0
483.0, 543.0, 109.0, 171.0
484.0, 542.0, 109.0, 171.0
483.0, 543.0, 109.0, 171.0
484.0, 542.0, 109.0, 171.0
