560.0,167.0,47.0,72.0
560.0,167.0,46.0,72.0
560.0,168.0,45.0,72.0
560.0,168.0,45.0,72.0
560.0,167.0,45.0,72.0
559.0,167.0,47.0,74.0
559.0,166.0,48.0,75.0
559.0,166.0,49.0,77.0
559.0,166.0,49.0,77.0
559.0,166.0,49.0,77.0
559.0,166.0,49.0,77.0
558.0,166.0,50.0,78.0
557.0,166.0,50.0,78.0
556.0,166.0,51.0,79.0
557.0,166.0,51.0,79.0
557.0,166.0,52.0,81.0
555.0,166.0,54.0,83.0
555.0,165.0,54.0,84.0
555.0,166.0,54.0,83.0
556.0,168.0,52.0,81.0
556.0,168.0,53.0,82.0
556.0,167.0,54.0,83.0
557.0,167.0,54.0,83.0
557.0,168.0,54.0,83.0
558.0,168.0,54.0,83.0
559.0,168.0,54.0,83.0
559.0,168.0,54.0,84.0
559.0,168.0,55.0,85.0
561.0,169.0,54.0,83.0
562.0,169.0,53.0,82.0
562.0,168.0,54.0,83.0
562.0,168.0,54.0,83.0
562.0,168.0,54.0,83.0
563.0,169.0,54.0,83.0
564.0,170.0,52.0,81.0
565.0,171.0,52.0,81.0
566.0,170.0,53.0,82.0
566.0,170.0,53.0,82.0
568.0,172.0,52.0,81.0
568.0,173.0,52.0,81.0
569.0,173.0,52.0,81.0
569.0,172.0,54.0,83.0
569.0,171.0,54.0,84.0
570.0,171.0,54.0,84.0
572.0,171.0,54.0,84.0
573.0,171.0,54.0,84.0
573.0,171.0,54.0,84.0
575.0,171.0,54.0,84.0
575.0,171.0,54.0,84.0
576.0,170.0,55.0,85.0
577.0,171.0,54.0,84.0
579.0,173.0,54.0,83.0
580.0,173.0,54.0,82.0
581.0,174.0,54.0,82.0
583.0,176.0,54.0,81.0
584.0,176.0,54.0,82.0
585.0,176.0,54.0,82.0
587.0,179.0,52.0,81.0
589.0,180.0,52.0,80.0
591.0,181.0,51.0,79.0
593.0,180.0,51.0,78.0
594.0,181.0,51.0,78.0
595.0,180.0,52.0,79.0
597.0,181.0,52.0,79.0
597.0,180.0,53.0,80.0
599.0,180.0,53.0,80.0
601.0,181.0,52.0,79.0
602.0,182.0,52.0,79.0
604.0,184.0,51.0,78.0
605.0,185.0,52.0,79.0
606.0,185.0,52.0,80.0
608.0,185.0,52.0,81.0
609.0,186.0,51.0,80.0
610.0,186.0,52.0,81.0
612.0,187.0,51.0,80.0
613.0,187.0,52.0,81.0
614.0,188.0,52.0,81.0
614.0,186.0,54.0,84.0
616.0,187.0,54.0,84.0
616.0,187.0,54.0,84.0
618.0,187.0,56.0,87.0
618.0,189.0,56.0,86.0
619.0,188.0,58.0,87.0
621.0,190.0,56.0,86.0
622.0,189.0,58.0,89.0
622.0,189.0,59.0,90.0
624.0,191.0,58.0,89.0
625.0,191.0,59.0,90.0
625.0,192.0,60.0,91.0
626.0,193.0,60.0,91.0
628.0,194.0,59.0,90.0
629.0,195.0,60.0,91.0
631.0,196.0,59.0,90.0
632.0,197.0,59.0,90.0
634.0,199.0,58.0,89.0
635.0,199.0,59.0,90.0
637.0,200.0,59.0,90.0
638.0,201.0,59.0,90.0
641.0,203.0,58.0,89.0
642.0,204.0,58.0,89.0
643.0,204.0,59.0,90.0
645.0,205.0,58.0,89.0
647.0,206.0,58.0,86.0
648.0,206.0,58.0,86.0
651.0,208.0,55.0,84.0
652.0,210.0,54.0,83.0
654.0,211.0,54.0,83.0
656.0,213.0,54.0,81.0
657.0,214.0,53.0,81.0
659.0,215.0,53.0,81.0
660.0,215.0,53.0,81.0
662.0,217.0,52.0,80.0
664.0,218.0,52.0,78.0
666.0,220.0,52.0,78.0
668.0,222.0,51.0,76.0
670.0,222.0,51.0,76.0
671.0,222.0,52.0,78.0
673.0,222.0,52.0,80.0
676.0,222.0,52.0,81.0
678.0,224.0,52.0,80.0
680.0,225.0,51.0,80.0
682.0,226.0,51.0,80.0
683.0,226.0,52.0,82.0
684.0,227.0,52.0,82.0
686.0,228.0,52.0,82.0
688.0,228.0,52.0,82.0
691.0,229.0,52.0,82.0
692.0,230.0,52.0,82.0
694.0,231.0,51.0,81.0
697.0,233.0,51.0,79.0
699.0,234.0,49.0,78.0
701.0,235.0,49.0,78.0
703.0,236.0,49.0,78.0
705.0,236.0,49.0,78.0
707.0,237.0,48.0,77.0
709.0,237.0,48.0,77.0
710.0,238.0,48.0,77.0
712.0,239.0,49.0,77.0
713.0,239.0,50.0,77.0
713.0,240.0,49.0,77.0
712.0,241.0,49.0,77.0
710.0,241.0,50.0,77.0
704.0,241.0,50.0,77.0
700.0,242.0,49.0,77.0
693.0,242.0,50.0,77.0
685.0,242.0,51.0,78.0
676.0,241.0,53.0,80.0
667.0,240.0,54.0,81.0
659.0,240.0,55.0,83.0
650.0,240.0,56.0,84.0
642.0,240.0,56.0,84.0
635.0,240.0,55.0,84.0
628.0,240.0,55.0,84.0
621.0,239.0,55.0,85.0
615.0,240.0,55.0,85.0
608.0,240.0,55.0,85.0
602.0,240.0,55.0,85.0
597.0,241.0,54.0,84.0
592.0,242.0,54.0,84.0
588.0,243.0,54.0,84.0
585.0,243.0,53.0,83.0
583.0,244.0,53.0,83.0
580.0,244.0,54.0,84.0
577.0,244.0,54.0,84.0
576.0,246.0,53.0,83.0
575.0,247.0,53.0,83.0
575.0,247.0,53.0,83.0
575.0,246.0,55.0,83.0
575.0,247.0,55.0,82.0
578.0,248.0,54.0,81.0
581.0,249.0,53.0,79.0
583.0,249.0,53.0,79.0
585.0,250.0,52.0,78.0
586.0,249.0,53.0,79.0
588.0,250.0,52.0,78.0
590.0,250.0,52.0,77.0
591.0,251.0,51.0,76.0
593.0,253.0,50.0,75.0
596.0,253.0,50.0,75.0
598.0,254.0,49.0,74.0
600.0,255.0,49.0,74.0
601.0,255.0,49.0,74.0
602.0,255.0,50.0,75.0
604.0,255.0,50.0,75.0
605.0,254.0,52.0,78.0
607.0,254.0,52.0,79.0
609.0,254.0,51.0,80.0
610.0,255.0,51.0,80.0
613.0,254.0,50.0,80.0
614.0,254.0,50.0,80.0
616.0,254.0,50.0,80.0
618.0,254.0,50.0,80.0
620.0,254.0,50.0,80.0
621.0,255.0,50.0,80.0
623.0,254.0,51.0,82.0
625.0,255.0,50.0,80.0
626.0,255.0,51.0,82.0
628.0,256.0,50.0,80.0
630.0,256.0,50.0,80.0
632.0,255.0,51.0,82.0
633.0,255.0,51.0,82.0
635.0,255.0,51.0,82.0
637.0,255.0,52.0,82.0
640.0,256.0,51.0,80.0
641.0,255.0,51.0,80.0
643.0,255.0,51.0,79.0
645.0,255.0,51.0,79.0
648.0,255.0,48.0,77.0
649.0,255.0,48.0,77.0
651.0,255.0,48.0,77.0
653.0,255.0,48.0,77.0
654.0,255.0,50.0,78.0
655.0,254.0,50.0,78.0
657.0,255.0,48.0,76.0
659.0,256.0,48.0,77.0
660.0,257.0,48.0,75.0
662.0,257.0,48.0,75.0
663.0,258.0,48.0,75.0
665.0,258.0,48.0,75.0
666.0,258.0,48.0,75.0
667.0,257.0,51.0,78.0
668.0,256.0,51.0,79.0
668.0,256.0,51.0,79.0
668.0,256.0,51.0,79.0
667.0,256.0,51.0,79.0
665.0,255.0,52.0,80.0
662.0,255.0,52.0,80.0
658.0,256.0,51.0,79.0
653.0,256.0,51.0,79.0
647.0,256.0,51.0,79.0
641.0,255.0,52.0,80.0
634.0,255.0,52.0,80.0
626.0,255.0,52.0,80.0
617.0,255.0,52.0,80.0
609.0,256.0,51.0,78.0
601.0,257.0,50.0,77.0
593.0,257.0,48.0,74.0
585.0,257.0,48.0,75.0
575.0,258.0,48.0,75.0
565.0,257.0,48.0,75.0
557.0,259.0,48.0,74.0
549.0,258.0,50.0,77.0
541.0,258.0,50.0,79.0
534.0,258.0,50.0,80.0
528.0,258.0,50.0,78.0
522.0,259.0,48.0,76.0
516.0,259.0,48.0,75.0
512.0,260.0,48.0,74.0
508.0,259.0,48.0,75.0
505.0,261.0,47.0,73.0
502.0,261.0,48.0,74.0
498.0,261.0,48.0,74.0
496.0,261.0,48.0,75.0
494.0,262.0,48.0,75.0
493.0,263.0,48.0,76.0
491.0,262.0,50.0,79.0
490.0,262.0,51.0,80.0
490.0,262.0,51.0,81.0
489.0,261.0,51.0,83.0
489.0,260.0,52.0,84.0
490.0,260.0,52.0,84.0
491.0,259.0,52.0,84.0
492.0,258.0,53.0,84.0
494.0,259.0,52.0,82.0
495.0,259.0,52.0,82.0
496.0,258.0,53.0,83.0
499.0,259.0,51.0,80.0
501.0,258.0,51.0,79.0
503.0,259.0,50.0,77.0
505.0,259.0,50.0,78.0
507.0,259.0,48.0,78.0
509.0,260.0,48.0,76.0
511.0,260.0,48.0,78.0
512.0,258.0,50.0,79.0
514.0,259.0,48.0,78.0
516.0,258.0,50.0,79.0
518.0,258.0,48.0,78.0
520.0,257.0,48.0,78.0
523.0,256.0,50.0,79.0
523.0,255.0,51.0,79.0
525.0,254.0,51.0,79.0
527.0,254.0,50.0,79.0
529.0,253.0,51.0,79.0
529.0,252.0,51.0,79.0
531.0,252.0,51.0,79.0
533.0,252.0,50.0,79.0
535.0,252.0,50.0,79.0
536.0,252.0,50.0,79.0
538.0,252.0,50.0,79.0
540.0,252.0,48.0,78.0
542.0,252.0,48.0,78.0
542.0,251.0,50.0,79.0
544.0,251.0,48.0,78.0
545.0,250.0,50.0,79.0
546.0,249.0,50.0,79.0
548.0,248.0,50.0,79.0
549.0,247.0,51.0,81.0
550.0,246.0,51.0,81.0
552.0,245.0,51.0,81.0
552.0,244.0,51.0,81.0
554.0,244.0,51.0,79.0
555.0,244.0,51.0,78.0
557.0,243.0,51.0,78.0
558.0,243.0,51.0,78.0
561.0,243.0,50.0,77.0
562.0,243.0,50.0,77.0
564.0,243.0,50.0,77.0
564.0,242.0,51.0,78.0
567.0,242.0,50.0,79.0
568.0,242.0,50.0,80.0
569.0,241.0,51.0,81.0
571.0,240.0,51.0,82.0
572.0,239.0,51.0,84.0
574.0,238.0,51.0,83.0
577.0,238.0,51.0,83.0
577.0,237.0,51.0,83.0
580.0,236.0,51.0,83.0
581.0,234.0,51.0,83.0
584.0,233.0,51.0,83.0
585.0,233.0,51.0,81.0
587.0,233.0,51.0,80.0
589.0,233.0,50.0,78.0
590.0,232.0,51.0,79.0
591.0,232.0,50.0,79.0
594.0,232.0,48.0,78.0
596.0,231.0,50.0,80.0
597.0,230.0,50.0,80.0
598.0,230.0,50.0,80.0
599.0,229.0,51.0,80.0
600.0,228.0,51.0,81.0
601.0,227.0,51.0,81.0
602.0,226.0,52.0,83.0
604.0,225.0,52.0,84.0
605.0,225.0,52.0,84.0
606.0,223.0,53.0,85.0
605.0,222.0,53.0,86.0
604.0,221.0,55.0,86.0
604.0,220.0,55.0,86.0
605.0,219.0,53.0,85.0
606.0,220.0,53.0,84.0
605.0,219.0,53.0,84.0
605.0,219.0,53.0,83.0
605.0,220.0,52.0,81.0
605.0,220.0,52.0,82.0
605.0,220.0,51.0,82.0
605.0,219.0,51.0,82.0
604.0,219.0,50.0,81.0
603.0,218.0,51.0,82.0
602.0,218.0,51.0,82.0
600.0,217.0,52.0,84.0
598.0,216.0,52.0,84.0
596.0,217.0,51.0,82.0
594.0,215.0,52.0,83.0
592.0,215.0,52.0,83.0
590.0,213.0,53.0,83.0
587.0,213.0,54.0,84.0
584.0,213.0,53.0,83.0
582.0,213.0,53.0,83.0
579.0,212.0,54.0,84.0
575.0,212.0,52.0,82.0
573.0,212.0,52.0,82.0
569.0,212.0,52.0,82.0
566.0,213.0,52.0,81.0
562.0,212.0,53.0,81.0
559.0,212.0,53.0,82.0
556.0,211.0,53.0,82.0
554.0,211.0,54.0,83.0
551.0,210.0,53.0,82.0
550.0,210.0,53.0,82.0
547.0,209.0,54.0,83.0
545.0,209.0,55.0,84.0
543.0,209.0,54.0,83.0
543.0,208.0,54.0,83.0
541.0,208.0,54.0,83.0
540.0,209.0,53.0,82.0
538.0,208.0,54.0,83.0
537.0,210.0,53.0,81.0
536.0,210.0,53.0,81.0
534.0,209.0,53.0,82.0
533.0,208.0,54.0,83.0
531.0,208.0,54.0,84.0
530.0,208.0,54.0,84.0
528.0,208.0,54.0,84.0
529.0,209.0,53.0,83.0
527.0,209.0,54.0,84.0
525.0,208.0,55.0,85.0
525.0,206.0,56.0,87.0
523.0,205.0,57.0,89.0
524.0,206.0,55.0,87.0
523.0,206.0,55.0,87.0
524.0,207.0,53.0,84.0
525.0,207.0,53.0,84.0
524.0,206.0,54.0,85.0
525.0,207.0,53.0,83.0
525.0,206.0,54.0,85.0
526.0,206.0,54.0,85.0
527.0,208.0,53.0,84.0
529.0,208.0,53.0,83.0
530.0,209.0,53.0,83.0
531.0,208.0,53.0,84.0
532.0,208.0,53.0,84.0
532.0,208.0,53.0,84.0
533.0,209.0,53.0,84.0
534.0,209.0,53.0,84.0
535.0,208.0,53.0,84.0
536.0,208.0,53.0,84.0
537.0,208.0,53.0,84.0
538.0,208.0,53.0,84.0
538.0,208.0,53.0,84.0
539.0,208.0,54.0,85.0
540.0,209.0,54.0,84.0
541.0,209.0,54.0,83.0
541.0,209.0,55.0,84.0
542.0,209.0,54.0,83.0
544.0,210.0,54.0,83.0
544.0,210.0,54.0,84.0
545.0,210.0,55.0,86.0
546.0,210.0,55.0,87.0
547.0,210.0,54.0,86.0
549.0,210.0,55.0,87.0
551.0,212.0,54.0,86.0
552.0,211.0,55.0,87.0
552.0,212.0,55.0,87.0
553.0,212.0,55.0,87.0
554.0,211.0,57.0,89.0
556.0,211.0,57.0,90.0
558.0,212.0,55.0,88.0
559.0,212.0,55.0,88.0
559.0,212.0,56.0,89.0
561.0,212.0,56.0,89.0
563.0,213.0,55.0,87.0
564.0,214.0,54.0,86.0
566.0,214.0,54.0,86.0
567.0,215.0,54.0,86.0
568.0,215.0,54.0,86.0
569.0,216.0,53.0,84.0
570.0,218.0,53.0,83.0
569.0,217.0,53.0,84.0
570.0,218.0,53.0,83.0
571.0,219.0,53.0,83.0
572.0,220.0,52.0,82.0
572.0,221.0,52.0,82.0
572.0,221.0,52.0,82.0
573.0,222.0,51.0,81.0
574.0,223.0,51.0,81.0
575.0,223.0,51.0,81.0
575.0,224.0,51.0,81.0
576.0,224.0,51.0,81.0
577.0,224.0,52.0,82.0
578.0,224.0,52.0,82.0
578.0,224.0,52.0,82.0
579.0,224.0,53.0,83.0
580.0,224.0,53.0,83.0
581.0,226.0,53.0,83.0
582.0,225.0,53.0,84.0
583.0,226.0,53.0,83.0
583.0,226.0,53.0,84.0
585.0,227.0,53.0,83.0
586.0,227.0,53.0,84.0
587.0,228.0,53.0,83.0
588.0,228.0,53.0,83.0
587.0,228.0,53.0,84.0
587.0,228.0,53.0,84.0
587.0,228.0,54.0,86.0
587.0,229.0,54.0,86.0
587.0,228.0,55.0,87.0
586.0,228.0,55.0,87.0
587.0,229.0,55.0,87.0
587.0,229.0,55.0,87.0
587.0,228.0,56.0,88.0
589.0,228.0,57.0,89.0
590.0,228.0,57.0,89.0
591.0,228.0,57.0,90.0
592.0,227.0,58.0,91.0
594.0,228.0,58.0,92.0
594.0,227.0,59.0,94.0
594.0,226.0,59.0,96.0
596.0,226.0,59.0,97.0
598.0,226.0,58.0,95.0
599.0,226.0,58.0,95.0
600.0,226.0,56.0,93.0
601.0,226.0,56.0,93.0
603.0,226.0,56.0,93.0
604.0,226.0,56.0,93.0
604.0,226.0,56.0,93.0
605.0,226.0,56.0,92.0
605.0,226.0,56.0,91.0
604.0,225.0,58.0,92.0
603.0,226.0,57.0,91.0
603.0,226.0,57.0,91.0
600.0,226.0,58.0,92.0
600.0,227.0,57.0,90.0
598.0,227.0,57.0,90.0
596.0,228.0,56.0,89.0
594.0,227.0,57.0,90.0
592.0,229.0,56.0,89.0
590.0,229.0,56.0,89.0
587.0,229.0,57.0,90.0
586.0,230.0,55.0,87.0
582.0,229.0,56.0,89.0
581.0,230.0,55.0,88.0
577.0,231.0,55.0,89.0
575.0,231.0,55.0,89.0
573.0,232.0,54.0,89.0
570.0,231.0,55.0,89.0
568.0,233.0,54.0,87.0
565.0,233.0,55.0,87.0
563.0,234.0,54.0,86.0
560.0,234.0,55.0,86.0
559.0,235.0,54.0,84.0
557.0,235.0,54.0,86.0
555.0,235.0,54.0,84.0
554.0,236.0,54.0,84.0
553.0,237.0,53.0,83.0
553.0,237.0,54.0,84.0
552.0,236.0,55.0,87.0
551.0,237.0,55.0,88.0
551.0,236.0,56.0,89.0
551.0,237.0,56.0,89.0
553.0,236.0,57.0,90.0
553.0,237.0,57.0,90.0
555.0,237.0,58.0,91.0
557.0,238.0,59.0,92.0
559.0,238.0,58.0,91.0
561.0,239.0,59.0,92.0
563.0,240.0,58.0,91.0
565.0,241.0,58.0,91.0
567.0,241.0,59.0,92.0
568.0,242.0,59.0,92.0
569.0,242.0,59.0,92.0
572.0,243.0,58.0,91.0
572.0,242.0,59.0,93.0
574.0,243.0,59.0,93.0
576.0,244.0,59.0,92.0
578.0,245.0,59.0,92.0
579.0,246.0,58.0,92.0
581.0,246.0,57.0,92.0
582.0,247.0,55.0,92.0
584.0,248.0,55.0,92.0
586.0,249.0,55.0,92.0
588.0,250.0,54.0,90.0
589.0,251.0,55.0,91.0
591.0,253.0,54.0,90.0
593.0,254.0,54.0,90.0
594.0,254.0,55.0,91.0
595.0,254.0,55.0,91.0
596.0,255.0,54.0,90.0
597.0,256.0,56.0,91.0
598.0,257.0,55.0,90.0
598.0,258.0,56.0,90.0
596.0,258.0,57.0,91.0
596.0,259.0,56.0,90.0
594.0,260.0,56.0,90.0
592.0,261.0,56.0,90.0
591.0,262.0,58.0,91.0
589.0,263.0,57.0,90.0
587.0,264.0,56.0,90.0
585.0,265.0,55.0,89.0
583.0,266.0,55.0,89.0
581.0,266.0,55.0,89.0
578.0,267.0,55.0,89.0
577.0,268.0,54.0,89.0
575.0,269.0,54.0,89.0
573.0,270.0,54.0,89.0
571.0,270.0,55.0,89.0
569.0,272.0,54.0,89.0
567.0,272.0,54.0,89.0
565.0,273.0,55.0,89.0
563.0,274.0,55.0,89.0
561.0,273.0,56.0,90.0
560.0,275.0,55.0,89.0
558.0,274.0,56.0,91.0
557.0,275.0,55.0,90.0
555.0,275.0,56.0,92.0
555.0,276.0,56.0,92.0
554.0,277.0,56.0,92.0
553.0,277.0,58.0,93.0
551.0,278.0,58.0,93.0
550.0,278.0,58.0,93.0
549.0,278.0,58.0,93.0
549.0,279.0,56.0,92.0
548.0,279.0,58.0,93.0
548.0,279.0,58.0,93.0
547.0,279.0,58.0,93.0
545.0,279.0,58.0,94.0
544.0,279.0,58.0,94.0
542.0,280.0,58.0,95.0
541.0,279.0,59.0,96.0
540.0,279.0,58.0,96.0
538.0,280.0,58.0,96.0
537.0,280.0,58.0,96.0
535.0,280.0,59.0,97.0
534.0,280.0,60.0,97.0
532.0,279.0,60.0,97.0
530.0,279.0,60.0,97.0
529.0,279.0,59.0,96.0
527.0,279.0,60.0,97.0
525.0,279.0,60.0,97.0
524.0,279.0,60.0,97.0
521.0,278.0,61.0,98.0
520.0,278.0,61.0,98.0
519.0,277.0,61.0,98.0
517.0,277.0,61.0,98.0
515.0,275.0,62.0,100.0
512.0,275.0,63.0,101.0
511.0,275.0,62.0,100.0
510.0,275.0,62.0,100.0
508.0,274.0,62.0,100.0
507.0,273.0,63.0,101.0
506.0,272.0,63.0,101.0
504.0,271.0,63.0,101.0
503.0,271.0,62.0,100.0
502.0,270.0,63.0,101.0
501.0,269.0,63.0,101.0
499.0,268.0,63.0,102.0
498.0,267.0,63.0,102.0
498.0,267.0,63.0,102.0
496.0,265.0,64.0,103.0
496.0,264.0,64.0,103.0
495.0,263.0,64.0,103.0
494.0,262.0,64.0,103.0
493.0,261.0,64.0,103.0
493.0,260.0,64.0,102.0
493.0,257.0,67.0,105.0
494.0,257.0,66.0,103.0
494.0,256.0,66.0,103.0
494.0,255.0,66.0,103.0
494.0,254.0,66.0,103.0
493.0,252.0,67.0,105.0
494.0,251.0,67.0,105.0
494.0,249.0,67.0,105.0
495.0,248.0,67.0,105.0
495.0,247.0,67.0,105.0
496.0,245.0,67.0,105.0
497.0,244.0,67.0,105.0
498.0,242.0,67.0,105.0
499.0,241.0,67.0,105.0
499.0,239.0,68.0,106.0
500.0,238.0,67.0,105.0
500.0,236.0,68.0,106.0
502.0,235.0,67.0,105.0
502.0,233.0,68.0,106.0
503.0,231.0,68.0,106.0
503.0,230.0,68.0,106.0
503.0,229.0,68.0,106.0
504.0,228.0,67.0,105.0
505.0,227.0,67.0,105.0
504.0,224.0,68.0,106.0
505.0,224.0,67.0,105.0
506.0,223.0,67.0,105.0
507.0,222.0,67.0,105.0
507.0,221.0,67.0,105.0
508.0,220.0,66.0,103.0
507.0,219.0,67.0,105.0
507.0,217.0,67.0,105.0
507.0,216.0,67.0,105.0
507.0,215.0,67.0,105.0
507.0,214.0,67.0,105.0
506.0,212.0,68.0,105.0
506.0,210.0,69.0,106.0
505.0,208.0,70.0,107.0
505.0,207.0,70.0,109.0
505.0,206.0,70.0,107.0
505.0,206.0,68.0,106.0
506.0,205.0,67.0,105.0
505.0,204.0,66.0,103.0
505.0,203.0,66.0,103.0
505.0,202.0,64.0,101.0
504.0,201.0,64.0,100.0
503.0,199.0,64.0,100.0
502.0,197.0,64.0,100.0
503.0,197.0,63.0,99.0
501.0,194.0,64.0,100.0
499.0,192.0,65.0,101.0
497.0,190.0,66.0,103.0
497.0,189.0,66.0,102.0
496.0,187.0,66.0,103.0
496.0,187.0,66.0,102.0
495.0,184.0,66.0,103.0
495.0,182.0,67.0,104.0
495.0,181.0,67.0,104.0
494.0,180.0,68.0,106.0
494.0,178.0,68.0,107.0
494.0,177.0,68.0,109.0
494.0,176.0,68.0,109.0
494.0,175.0,67.0,108.0
494.0,176.0,66.0,107.0
494.0,174.0,66.0,107.0
494.0,174.0,66.0,105.0
495.0,174.0,64.0,104.0
494.0,174.0,64.0,104.0
494.0,174.0,66.0,105.0
494.0,174.0,64.0,104.0
494.0,174.0,64.0,104.0
493.0,173.0,66.0,105.0
493.0,172.0,64.0,104.0
492.0,172.0,64.0,104.0
492.0,172.0,64.0,104.0
492.0,172.0,64.0,104.0
491.0,173.0,64.0,104.0
491.0,172.0,64.0,104.0
490.0,172.0,64.0,104.0
489.0,172.0,64.0,104.0
488.0,170.0,66.0,105.0
487.0,170.0,66.0,105.0
487.0,170.0,66.0,105.0
487.0,170.0,66.0,105.0
486.0,168.0,66.0,107.0
486.0,167.0,66.0,107.0
486.0,167.0,66.0,105.0
486.0,167.0,66.0,104.0
486.0,166.0,66.0,104.0
487.0,167.0,66.0,104.0
486.0,166.0,66.0,104.0
485.0,166.0,67.0,104.0
485.0,166.0,67.0,104.0
485.0,165.0,67.0,104.0
485.0,165.0,67.0,104.0
484.0,165.0,67.0,104.0
483.0,165.0,67.0,104.0
483.0,164.0,67.0,104.0
483.0,165.0,66.0,103.0
482.0,164.0,67.0,104.0
483.0,165.0,66.0,103.0
482.0,165.0,66.0,103.0
480.0,165.0,66.0,103.0
479.0,165.0,66.0,103.0
477.0,165.0,66.0,103.0
476.0,166.0,65.0,101.0
474.0,166.0,66.0,103.0
472.0,166.0,66.0,103.0
469.0,165.0,67.0,104.0
466.0,165.0,67.0,104.0
465.0,165.0,69.0,104.0
461.0,165.0,70.0,105.0
460.0,164.0,72.0,106.0
458.0,164.0,73.0,109.0
456.0,163.0,73.0,110.0
455.0,164.0,73.0,110.0
453.0,164.0,74.0,111.0
452.0,164.0,75.0,113.0
451.0,164.0,76.0,114.0
449.0,165.0,76.0,116.0
448.0,165.0,76.0,118.0
447.0,165.0,76.0,120.0
446.0,167.0,76.0,120.0
445.0,168.0,75.0,119.0
445.0,170.0,75.0,119.0
444.0,170.0,75.0,119.0
443.0,171.0,75.0,119.0
443.0,172.0,74.0,116.0
441.0,172.0,74.0,116.0
440.0,173.0,74.0,116.0
439.0,174.0,74.0,116.0
438.0,173.0,75.0,119.0
436.0,173.0,75.0,119.0
436.0,173.0,75.0,119.0
435.0,174.0,75.0,119.0
433.0,173.0,76.0,120.0
432.0,173.0,76.0,120.0
431.0,173.0,76.0,120.0
430.0,173.0,76.0,120.0
429.0,172.0,76.0,120.0
428.0,172.0,76.0,120.0
426.0,173.0,75.0,119.0
426.0,173.0,75.0,119.0
424.0,173.0,75.0,119.0
423.0,174.0,75.0,119.0
420.0,174.0,76.0,120.0
417.0,174.0,76.0,120.0
416.0,175.0,75.0,119.0
415.0,175.0,75.0,119.0
411.0,176.0,76.0,116.0
408.0,176.0,78.0,116.0
405.0,176.0,81.0,116.0
402.0,176.0,79.0,116.0
399.0,176.0,78.0,116.0
395.0,175.0,77.0,119.0
392.0,175.0,76.0,119.0
390.0,174.0,77.0,120.0
387.0,173.0,77.0,121.0
383.0,171.0,81.0,125.0
379.0,171.0,82.0,126.0
376.0,170.0,84.0,128.0
374.0,169.0,85.0,130.0
371.0,168.0,87.0,132.0
369.0,167.0,87.0,132.0
367.0,166.0,87.0,133.0
367.0,166.0,87.0,135.0
367.0,166.0,85.0,133.0
367.0,166.0,85.0,133.0
367.0,167.0,85.0,133.0
368.0,168.0,84.0,132.0
368.0,169.0,83.0,129.0
369.0,169.0,82.0,128.0
370.0,170.0,80.0,127.0
372.0,170.0,80.0,127.0
373.0,171.0,80.0,127.0
375.0,172.0,79.0,124.0
376.0,171.0,78.0,123.0
377.0,171.0,78.0,123.0
377.0,170.0,79.0,124.0
377.0,169.0,79.0,124.0
375.0,168.0,79.0,124.0
374.0,167.0,79.0,124.0
372.0,166.0,79.0,124.0
369.0,165.0,79.0,124.0
367.0,163.0,79.0,124.0
364.0,162.0,79.0,124.0
361.0,161.0,79.0,124.0
358.0,161.0,79.0,124.0
352.0,159.0,79.0,124.0
348.0,160.0,79.0,124.0
345.0,159.0,77.0,122.0
340.0,159.0,76.0,120.0
335.0,159.0,76.0,120.0
331.0,160.0,76.0,120.0
326.0,158.0,76.0,120.0
320.0,159.0,74.0,119.0
315.0,159.0,74.0,119.0
310.0,158.0,74.0,119.0
304.0,157.0,74.0,119.0
299.0,155.0,74.0,119.0
294.0,155.0,74.0,119.0
291.0,155.0,74.0,119.0
287.0,152.0,74.0,119.0
282.0,149.0,74.0,121.0
278.0,147.0,74.0,122.0
272.0,144.0,74.0,124.0
269.0,142.0,76.0,124.0
265.0,139.0,77.0,124.0
264.0,138.0,78.0,125.0
263.0,136.0,78.0,125.0
264.0,136.0,78.0,125.0
266.0,136.0,78.0,125.0
270.0,137.0,78.0,124.0
278.0,135.0,78.0,124.0
285.0,132.0,78.0,124.0
296.0,133.0,78.0,124.0
306.0,129.0,78.0,124.0
316.0,126.0,78.0,124.0
331.0,122.0,78.0,124.0
341.0,120.0,78.0,124.0
352.0,119.0,78.0,124.0
367.0,112.0,78.0,124.0
383.0,107.0,78.0,124.0
398.0,101.0,78.0,124.0
413.0,96.0,78.0,124.0
428.0,91.0,78.0,124.0
444.0,87.0,78.0,124.0
461.0,84.0,78.0,125.0
480.0,77.0,79.0,126.0
495.0,74.0,79.0,127.0
508.0,73.0,79.0,127.0
519.0,75.0,79.0,127.0
529.0,74.0,79.0,127.0
538.0,74.0,79.0,127.0
546.0,72.0,79.0,127.0
554.0,71.0,79.0,127.0
560.0,70.0,79.0,127.0
566.0,69.0,78.0,126.0
571.0,69.0,76.0,123.0
576.0,67.0,76.0,123.0
578.0,67.0,77.0,124.0
581.0,66.0,78.0,126.0
580.0,66.0,78.0,126.0
581.0,64.0,79.0,127.0
580.0,64.0,78.0,126.0
580.0,64.0,78.0,126.0
579.0,62.0,78.0,126.0
579.0,60.0,78.0,126.0
578.0,60.0,78.0,126.0
578.0,59.0,78.0,126.0
578.0,59.0,78.0,126.0
576.0,58.0,78.0,126.0
575.0,57.0,78.0,126.0
574.0,56.0,78.0,126.0
573.0,55.0,78.0,126.0
572.0,55.0,78.0,126.0
571.0,55.0,78.0,126.0
571.0,54.0,78.0,126.0
569.0,53.0,78.0,126.0
568.0,53.0,78.0,126.0
568.0,52.0,78.0,126.0
567.0,53.0,78.0,126.0
566.0,52.0,78.0,126.0
565.0,51.0,79.0,127.0
565.0,51.0,79.0,130.0
564.0,50.0,80.0,131.0
564.0,50.0,80.0,131.0
563.0,50.0,81.0,132.0
563.0,50.0,81.0,132.0
563.0,50.0,81.0,132.0
562.0,49.0,83.0,135.0
562.0,49.0,84.0,136.0
560.0,49.0,86.0,139.0
560.0,49.0,87.0,140.0
560.0,49.0,88.0,141.0
561.0,49.0,89.0,143.0
563.0,52.0,87.0,141.0
564.0,51.0,87.0,140.0
568.0,53.0,85.0,139.0
571.0,53.0,84.0,139.0
574.0,53.0,83.0,136.0
577.0,53.0,83.0,136.0
580.0,53.0,83.0,136.0
582.0,53.0,83.0,136.0
586.0,52.0,81.0,136.0
590.0,51.0,80.0,136.0
593.0,50.0,79.0,136.0
595.0,50.0,79.0,136.0
598.0,50.0,80.0,136.0
601.0,51.0,80.0,136.0
603.0,51.0,81.0,136.0
605.0,52.0,83.0,136.0
607.0,53.0,83.0,136.0
610.0,53.0,83.0,136.0
613.0,54.0,83.0,136.0
617.0,54.0,83.0,136.0
623.0,54.0,83.0,136.0
627.0,53.0,83.0,136.0
631.0,54.0,82.0,135.0
637.0,53.0,82.0,135.0
641.0,52.0,82.0,135.0
645.0,51.0,82.0,135.0
648.0,50.0,82.0,135.0
652.0,49.0,81.0,134.0
656.0,48.0,81.0,134.0
658.0,47.0,81.0,134.0
659.0,45.0,81.0,134.0
660.0,45.0,81.0,131.0
661.0,45.0,81.0,131.0
660.0,45.0,81.0,131.0
659.0,45.0,81.0,131.0
656.0,46.0,81.0,131.0
653.0,46.0,81.0,131.0
650.0,47.0,81.0,131.0
646.0,47.0,81.0,130.0
643.0,46.0,81.0,128.0
640.0,46.0,81.0,127.0
637.0,46.0,79.0,125.0
632.0,46.0,79.0,124.0
628.0,45.0,78.0,121.0
622.0,45.0,78.0,121.0
614.0,41.0,79.0,123.0
606.0,40.0,79.0,123.0
600.0,38.0,79.0,124.0
593.0,36.0,79.0,126.0
586.0,34.0,79.0,128.0
581.0,33.0,78.0,128.0
575.0,30.0,78.0,129.0
570.0,30.0,77.0,129.0
566.0,32.0,77.0,129.0
562.0,32.0,77.0,129.0
557.0,32.0,77.0,129.0
554.0,32.0,77.0,131.0
553.0,32.0,77.0,131.0
552.0,31.0,77.0,131.0
553.0,30.0,76.0,129.0
554.0,28.0,76.0,129.0
554.0,26.0,76.0,129.0
556.0,24.0,76.0,129.0
558.0,22.0,75.0,129.0
559.0,20.0,75.0,129.0
563.0,18.0,73.0,128.0
566.0,16.0,73.0,128.0
570.0,14.0,72.0,127.0
574.0,14.0,72.0,124.0
578.0,14.0,72.0,124.0
581.0,14.0,73.0,124.0
585.0,16.0,74.0,127.0
589.0,15.0,74.0,127.0
594.0,18.0,74.0,127.0
599.0,18.0,74.0,127.0
604.0,17.0,74.0,127.0
610.0,17.0,74.0,127.0
614.0,17.0,74.0,127.0
617.0,14.0,74.0,127.0
620.0,14.0,73.0,124.0
624.0,12.0,73.0,124.0
625.0,10.0,73.0,124.0
627.0,8.0,73.0,124.0
625.0,7.0,73.0,124.0
623.0,6.0,73.0,124.0
621.0,4.0,73.0,124.0
616.0,3.0,73.0,125.0
611.0,3.0,73.0,127.0
606.0,3.0,73.0,127.0
599.0,3.0,73.0,127.0
592.0,3.0,74.0,129.0
583.0,4.0,74.0,129.0
576.0,4.0,72.0,127.0
568.0,6.0,71.0,126.0
560.0,6.0,70.0,126.0
551.0,6.0,70.0,126.0
543.0,4.0,70.0,126.0
534.0,3.0,70.0,126.0
524.0,2.0,70.0,126.0
513.0,2.0,70.0,126.0
505.0,1.0,69.0,125.0
496.0,1.0,69.0,125.0
488.0,1.0,69.0,125.0
481.0,-0.0,69.0,125.0
473.0,-0.0,69.0,125.0
465.0,-0.0,69.0,125.0
461.0,-0.0,68.0,124.0
457.0,1.0,68.0,124.0
455.0,2.0,68.0,124.0
453.0,2.0,68.0,124.0
453.0,3.0,68.0,124.0
453.0,3.0,68.0,124.0
454.0,4.0,68.0,124.0
458.0,4.0,68.0,124.0
462.0,3.0,68.0,124.0
466.0,3.0,68.0,124.0
470.0,0.0,69.0,125.0
473.0,-4.0,69.0,125.0
478.0,-4.0,69.0,125.0
483.0,-5.0,69.0,124.0
487.0,-6.0,68.0,121.0
492.0,-5.0,68.0,121.0
495.0,-6.0,68.0,121.0
498.0,-7.0,69.0,122.0
501.0,-8.0,69.0,122.0
505.0,-8.0,69.0,122.0
508.0,-8.0,69.0,122.0
511.0,-8.0,69.0,122.0
515.0,-8.0,70.0,123.0
519.0,-8.0,70.0,124.0
524.0,-7.0,69.0,124.0
527.0,-7.0,69.0,124.0
531.0,-7.0,69.0,124.0
535.0,-7.0,69.0,124.0
536.0,-7.0,69.0,124.0
536.0,-8.0,69.0,124.0
536.0,-8.0,69.0,124.0
531.0,-8.0,68.0,122.0
527.0,-9.0,68.0,121.0
522.0,-9.0,68.0,119.0
516.0,-10.0,69.0,121.0
511.0,-9.0,68.0,119.0
504.0,-9.0,68.0,119.0
498.0,-9.0,68.0,119.0
491.0,-9.0,69.0,119.0
483.0,-9.0,70.0,119.0
475.0,-9.0,68.0,119.0
467.0,-8.0,67.0,119.0
458.0,-8.0,66.0,119.0
449.0,-7.0,66.0,119.0
441.0,-7.0,66.0,119.0
433.0,-7.0,66.0,119.0
424.0,-7.0,66.0,122.0
416.0,-7.0,66.0,123.0
409.0,-7.0,66.0,125.0
401.0,-8.0,67.0,125.0
394.0,-8.0,67.0,124.0
387.0,-8.0,67.0,123.0
380.0,-8.0,68.0,123.0
374.0,-9.0,69.0,123.0
369.0,-8.0,68.0,122.0
366.0,-8.0,68.0,122.0
362.0,-9.0,70.0,123.0
359.0,-8.0,70.0,123.0
356.0,-9.0,71.0,124.0
355.0,-8.0,70.0,123.0
355.0,-8.0,68.0,122.0
356.0,-8.0,68.0,122.0
358.0,-8.0,68.0,122.0
360.0,-8.0,68.0,122.0
362.0,-8.0,68.0,122.0
366.0,-8.0,68.0,122.0
369.0,-9.0,68.0,122.0
371.0,-9.0,68.0,122.0
373.0,-11.0,68.0,122.0
375.0,-12.0,68.0,122.0
377.0,-13.0,70.0,122.0
379.0,-13.0,70.0,121.0
381.0,-14.0,70.0,119.0
384.0,-14.0,70.0,118.0
388.0,-13.0,68.0,117.0
390.0,-13.0,68.0,116.0
394.0,-14.0,69.0,116.0
395.0,-13.0,69.0,116.0
399.0,-13.0,69.0,114.0
402.0,-13.0,69.0,114.0
404.0,-13.0,69.0,114.0
408.0,-13.0,69.0,114.0
410.0,-12.0,68.0,116.0
414.0,-12.0,67.0,118.0
417.0,-11.0,65.0,118.0
420.0,-11.0,67.0,119.0
423.0,-12.0,67.0,119.0
427.0,-12.0,67.0,119.0
429.0,-13.0,67.0,119.0
432.0,-13.0,67.0,118.0
435.0,-13.0,67.0,116.0
436.0,-13.0,67.0,116.0
437.0,-13.0,67.0,116.0
438.0,-13.0,67.0,116.0
439.0,-13.0,67.0,116.0
440.0,-12.0,65.0,115.0
440.0,-12.0,67.0,116.0
440.0,-12.0,67.0,117.0
440.0,-10.0,65.0,117.0
440.0,-9.0,65.0,117.0
438.0,-8.0,64.0,118.0
437.0,-7.0,63.0,117.0
436.0,-6.0,63.0,117.0
434.0,-5.0,63.0,117.0
433.0,-4.0,62.0,116.0
431.0,-4.0,63.0,117.0
428.0,-3.0,63.0,118.0
425.0,-3.0,63.0,119.0
422.0,-4.0,63.0,122.0
418.0,-4.0,64.0,122.0
414.0,-4.0,64.0,121.0
410.0,-3.0,63.0,119.0
407.0,-2.0,63.0,119.0
404.0,-2.0,63.0,119.0
399.0,-1.0,63.0,119.0
396.0,0.0,64.0,119.0
392.0,1.0,65.0,118.0
390.0,1.0,65.0,118.0
388.0,2.0,65.0,118.0
387.0,3.0,65.0,119.0
386.0,4.0,65.0,119.0
386.0,5.0,65.0,119.0
385.0,7.0,65.0,119.0
386.0,9.0,64.0,118.0
387.0,9.0,64.0,118.0
389.0,11.0,62.0,117.0
392.0,12.0,62.0,117.0
393.0,12.0,62.0,117.0
394.0,12.0,64.0,118.0
394.0,11.0,65.0,119.0
396.0,11.0,64.0,118.0
397.0,11.0,64.0,118.0
399.0,10.0,64.0,118.0
402.0,11.0,62.0,117.0
404.0,11.0,64.0,118.0
405.0,12.0,62.0,117.0
407.0,12.0,64.0,118.0
407.0,13.0,64.0,118.0
409.0,14.0,62.0,117.0
410.0,15.0,62.0,118.0
411.0,16.0,62.0,118.0
411.0,16.0,62.0,119.0
410.0,17.0,63.0,119.0
408.0,19.0,64.0,119.0
406.0,20.0,66.0,119.0
403.0,21.0,65.0,119.0
400.0,21.0,66.0,121.0
395.0,22.0,65.0,122.0
393.0,23.0,65.0,122.0
388.0,22.0,66.0,122.0
385.0,24.0,64.0,120.0
380.0,25.0,64.0,119.0
375.0,26.0,64.0,118.0
370.0,27.0,64.0,117.0
365.0,28.0,64.0,117.0
360.0,28.0,64.0,117.0
355.0,29.0,64.0,117.0
351.0,31.0,63.0,115.0
347.0,34.0,62.0,114.0
342.0,36.0,62.0,113.0
339.0,38.0,62.0,114.0
334.0,39.0,60.0,113.0
331.0,42.0,59.0,112.0
328.0,43.0,60.0,114.0
325.0,44.0,59.0,114.0
323.0,45.0,60.0,116.0
323.0,47.0,58.0,114.0
322.0,49.0,59.0,113.0
322.0,49.0,60.0,114.0
321.0,49.0,60.0,114.0
321.0,49.0,59.0,114.0
322.0,48.0,59.0,115.0
322.0,47.0,60.0,114.0
324.0,47.0,59.0,112.0
324.0,47.0,60.0,113.0
326.0,47.0,59.0,111.0
327.0,47.0,60.0,111.0
329.0,47.0,59.0,109.0
331.0,47.0,60.0,111.0
332.0,46.0,60.0,112.0
334.0,47.0,58.0,111.0
337.0,47.0,59.0,112.0
338.0,47.0,59.0,112.0
340.0,47.0,59.0,112.0
342.0,47.0,59.0,112.0
344.0,47.0,60.0,114.0
346.0,47.0,59.0,112.0
349.0,47.0,59.0,113.0
352.0,47.0,58.0,112.0
353.0,47.0,58.0,113.0
356.0,45.0,58.0,113.0
359.0,43.0,58.0,112.0
362.0,41.0,58.0,112.0
363.0,40.0,58.0,110.0
366.0,39.0,58.0,109.0
367.0,38.0,58.0,110.0
370.0,37.0,58.0,108.0
371.0,36.0,58.0,108.0
373.0,35.0,59.0,109.0
375.0,34.0,60.0,111.0
377.0,34.0,59.0,109.0
381.0,34.0,58.0,109.0
384.0,34.0,58.0,109.0
387.0,33.0,58.0,109.0
389.0,33.0,58.0,108.0
393.0,33.0,58.0,109.0
395.0,32.0,58.0,111.0
397.0,32.0,58.0,109.0
401.0,31.0,58.0,111.0
403.0,30.0,58.0,111.0
406.0,29.0,57.0,111.0
407.0,28.0,57.0,112.0
410.0,26.0,57.0,112.0
412.0,24.0,57.0,112.0
415.0,24.0,57.0,110.0
416.0,23.0,57.0,110.0
417.0,21.0,58.0,111.0
419.0,21.0,57.0,107.0
420.0,19.0,58.0,108.0
421.0,18.0,59.0,107.0
422.0,18.0,58.0,106.0
423.0,16.0,59.0,108.0
424.0,16.0,59.0,107.0
426.0,16.0,58.0,106.0
427.0,16.0,57.0,108.0
429.0,16.0,56.0,107.0
429.0,16.0,56.0,107.0
430.0,16.0,54.0,105.0
431.0,16.0,54.0,105.0
432.0,15.0,54.0,105.0
435.0,14.0,53.0,105.0
436.0,13.0,52.0,105.0
437.0,12.0,51.0,103.0
438.0,10.0,50.0,103.0
440.0,9.0,50.0,103.0
441.0,8.0,50.0,102.0
443.0,6.0,50.0,100.0
444.0,5.0,50.0,99.0
446.0,4.0,50.0,99.0
448.0,3.0,50.0,98.0
450.0,3.0,50.0,97.0
451.0,2.0,50.0,97.0
453.0,2.0,51.0,98.0
455.0,1.0,51.0,98.0
456.0,1.0,52.0,99.0
457.0,1.0,53.0,100.0
459.0,-0.0,53.0,100.0
461.0,-0.0,53.0,100.0
463.0,-0.0,53.0,101.0
466.0,-0.0,53.0,100.0
468.0,-1.0,53.0,102.0
471.0,-2.0,53.0,103.0
473.0,-3.0,53.0,105.0
474.0,-3.0,53.0,105.0
477.0,-4.0,54.0,106.0
479.0,-6.0,54.0,106.0
481.0,-7.0,55.0,106.0
483.0,-9.0,54.0,103.0
485.0,-9.0,54.0,103.0
487.0,-10.0,55.0,101.0
488.0,-12.0,55.0,99.0
490.0,-12.0,55.0,98.0
492.0,-13.0,55.0,98.0
494.0,-13.0,54.0,97.0
495.0,-13.0,54.0,97.0
495.0,-13.0,55.0,97.0
494.0,-14.0,56.0,97.0
494.0,-15.0,57.0,97.0
493.0,-15.0,57.0,97.0
492.0,-15.0,57.0,97.0
491.0,-16.0,56.0,95.0
489.0,-16.0,56.0,95.0
487.0,-17.0,56.0,95.0
485.0,-17.0,56.0,95.0
482.0,-18.0,56.0,95.0
479.0,-18.0,56.0,95.0
477.0,-19.0,56.0,95.0
473.0,-20.0,56.0,95.0
468.0,-20.0,56.0,94.0
464.0,-21.0,56.0,93.0
460.0,-22.0,56.0,92.0
455.0,-22.0,56.0,91.0
450.0,-22.0,56.0,89.0
444.0,-23.0,56.0,90.0
438.0,-23.0,56.0,91.0
431.0,-23.0,56.0,92.0
423.0,-23.0,56.0,92.0
415.0,-23.0,56.0,93.0
408.0,-23.0,56.0,94.0
401.0,-23.0,56.0,94.0
394.0,-22.0,56.0,94.0
388.0,-22.0,56.0,95.0
382.0,-22.0,56.0,95.0
376.0,-22.0,56.0,94.0
371.0,-23.0,56.0,94.0
368.0,-23.0,56.0,94.0
365.0,-23.0,56.0,94.0
363.0,-23.0,56.0,94.0
362.0,-23.0,56.0,93.0
361.0,-23.0,57.0,92.0
361.0,-23.0,58.0,91.0
362.0,-23.0,58.0,89.0
362.0,-23.0,58.0,88.0
364.0,-23.0,58.0,86.0
367.0,-23.0,58.0,86.0
368.0,-23.0,58.0,86.0
372.0,-23.0,58.0,86.0
372.0,-23.0,58.0,87.0
374.0,-23.0,58.0,87.0
376.0,-23.0,58.0,87.0
379.0,-23.0,58.0,88.0
380.0,-23.0,58.0,88.0
382.0,-24.0,58.0,89.0
385.0,-24.0,58.0,89.0
386.0,-24.0,58.0,89.0
388.0,-24.0,58.0,89.0
389.0,-24.0,59.0,90.0
390.0,-24.0,58.0,89.0
392.0,-24.0,59.0,90.0
393.0,-24.0,59.0,88.0
395.0,-23.0,58.0,85.0
396.0,-23.0,57.0,82.0
398.0,-23.0,58.0,83.0
399.0,-23.0,58.0,82.0
401.0,-23.0,58.0,82.0
403.0,-23.0,57.0,82.0
405.0,-23.0,57.0,82.0
407.0,-23.0,57.0,83.0
408.0,-23.0,57.0,84.0
409.0,-23.0,57.0,85.0
410.0,-23.0,57.0,85.0
411.0,-23.0,57.0,85.0
412.0,-23.0,58.0,86.0
413.0,-23.0,58.0,86.0
415.0,-23.0,58.0,86.0
416.0,-24.0,58.0,87.0
417.0,-24.0,58.0,87.0
418.0,-23.0,58.0,86.0
419.0,-23.0,58.0,86.0
420.0,-23.0,58.0,86.0
421.0,-23.0,57.0,85.0
421.0,-23.0,56.0,83.0
422.0,-23.0,56.0,83.0
422.0,-23.0,56.0,83.0
422.0,-23.0,56.0,83.0
423.0,-23.0,56.0,83.0
425.0,-23.0,56.0,83.0
425.0,-23.0,55.0,82.0
425.0,-23.0,55.0,82.0
426.0,-23.0,55.0,82.0
426.0,-23.0,55.0,82.0
425.0,-23.0,56.0,83.0
426.0,-23.0,56.0,82.0
426.0,-22.0,57.0,82.0
426.0,-22.0,58.0,82.0
426.0,-22.0,58.0,83.0
426.0,-22.0,58.0,85.0
426.0,-22.0,58.0,85.0
425.0,-23.0,58.0,86.0
425.0,-23.0,57.0,86.0
425.0,-24.0,57.0,88.0
425.0,-24.0,57.0,86.0
424.0,-24.0,58.0,85.0
424.0,-24.0,58.0,84.0
424.0,-24.0,58.0,84.0
424.0,-24.0,58.0,84.0
425.0,-24.0,58.0,84.0
425.0,-24.0,58.0,85.0
425.0,-24.0,58.0,86.0
425.0,-24.0,59.0,88.0
425.0,-23.0,59.0,88.0
424.0,-23.0,59.0,89.0
424.0,-22.0,59.0,91.0
425.0,-22.0,59.0,92.0
426.0,-20.0,59.0,92.0
428.0,-19.0,59.0,93.0
428.0,-18.0,59.0,93.0
429.0,-18.0,59.0,93.0
430.0,-18.0,60.0,94.0
431.0,-18.0,60.0,94.0
432.0,-17.0,60.0,94.0
432.0,-16.0,60.0,94.0
432.0,-15.0,60.0,94.0
433.0,-14.0,60.0,94.0
433.0,-13.0,60.0,94.0
433.0,-12.0,61.0,96.0
435.0,-11.0,60.0,94.0
436.0,-9.0,59.0,93.0
436.0,-9.0,60.0,97.0
436.0,-7.0,60.0,98.0
436.0,-7.0,60.0,100.0
436.0,-4.0,60.0,102.0
437.0,-3.0,60.0,103.0
437.0,-2.0,60.0,105.0
437.0,-0.0,60.0,106.0
437.0,1.0,61.0,108.0
437.0,2.0,61.0,110.0
438.0,3.0,61.0,111.0
437.0,3.0,63.0,113.0
437.0,2.0,64.0,115.0
437.0,4.0,63.0,114.0
438.0,4.0,63.0,114.0
438.0,6.0,62.0,112.0
439.0,7.0,61.0,112.0
440.0,8.0,61.0,112.0
439.0,8.0,62.0,112.0
439.0,10.0,62.0,114.0
440.0,11.0,62.0,115.0
440.0,12.0,62.0,116.0
440.0,13.0,63.0,118.0
441.0,14.0,62.0,118.0
442.0,16.0,62.0,120.0
443.0,18.0,62.0,121.0
444.0,19.0,62.0,122.0
446.0,22.0,62.0,123.0
448.0,24.0,62.0,124.0
449.0,26.0,62.0,125.0
450.0,27.0,63.0,127.0
452.0,28.0,63.0,127.0
453.0,28.0,63.0,127.0
457.0,29.0,63.0,127.0
458.0,29.0,63.0,127.0
460.0,29.0,64.0,128.0
462.0,30.0,63.0,127.0
464.0,31.0,63.0,127.0
466.0,33.0,63.0,127.0
468.0,34.0,63.0,127.0
469.0,35.0,63.0,127.0
470.0,36.0,63.0,127.0
471.0,37.0,64.0,128.0
473.0,38.0,64.0,128.0
475.0,40.0,64.0,128.0
477.0,42.0,64.0,128.0
479.0,43.0,64.0,129.0
480.0,46.0,64.0,129.0
483.0,47.0,64.0,130.0
485.0,49.0,64.0,130.0
487.0,51.0,64.0,130.0
488.0,53.0,64.0,130.0
490.0,53.0,64.0,130.0
493.0,54.0,64.0,130.0
494.0,54.0,64.0,130.0
497.0,55.0,64.0,129.0
499.0,55.0,64.0,128.0
501.0,56.0,64.0,128.0
502.0,57.0,64.0,128.0
505.0,58.0,63.0,126.0
507.0,60.0,63.0,126.0
510.0,61.0,62.0,125.0
513.0,62.0,62.0,125.0
515.0,64.0,62.0,125.0
518.0,67.0,61.0,124.0
520.0,69.0,61.0,124.0
523.0,71.0,61.0,124.0
526.0,75.0,61.0,124.0
530.0,77.0,61.0,124.0
532.0,81.0,61.0,124.0
537.0,83.0,61.0,124.0
540.0,84.0,61.0,124.0
545.0,87.0,60.0,123.0
549.0,87.0,60.0,123.0
552.0,87.0,60.0,123.0
557.0,87.0,60.0,123.0
560.0,88.0,60.0,123.0
563.0,89.0,61.0,124.0
566.0,91.0,61.0,124.0
570.0,92.0,62.0,123.0
572.0,93.0,62.0,123.0
576.0,95.0,63.0,122.0
579.0,98.0,63.0,122.0
581.0,100.0,63.0,122.0
584.0,102.0,63.0,122.0
583.0,103.0,63.0,123.0
582.0,106.0,63.0,123.0
581.0,108.0,63.0,124.0
577.0,111.0,63.0,124.0
572.0,114.0,63.0,124.0
568.0,117.0,63.0,124.0
562.0,119.0,63.0,126.0
555.0,120.0,63.0,129.0
548.0,122.0,63.0,131.0
540.0,124.0,63.0,131.0
531.0,127.0,63.0,131.0
521.0,128.0,63.0,131.0
511.0,129.0,63.0,131.0
501.0,130.0,63.0,131.0
491.0,131.0,63.0,131.0
480.0,133.0,64.0,129.0
468.0,135.0,65.0,129.0
457.0,136.0,66.0,128.0
447.0,138.0,66.0,127.0
437.0,140.0,66.0,126.0
428.0,142.0,66.0,126.0
419.0,145.0,66.0,126.0
411.0,147.0,66.0,126.0
403.0,150.0,65.0,125.0
