439.0,317.0,47.0,74.0
438.0,317.0,48.0,75.0
438.0,317.0,49.0,77.0
437.0,318.0,49.0,77.0
436.0,319.0,49.0,77.0
435.0,318.0,49.0,77.0
434.0,318.0,49.0,77.0
433.0,318.0,49.0,78.0
434.0,319.0,48.0,75.0
434.0,318.0,48.0,75.0
433.0,318.0,48.0,75.0
433.0,318.0,48.0,75.0
432.0,319.0,47.0,74.0
432.0,320.0,46.0,74.0
431.0,319.0,48.0,76.0
430.0,320.0,48.0,76.0
429.0,320.0,50.0,79.0
428.0,320.0,50.0,79.0
429.0,320.0,50.0,79.0
427.0,318.0,52.0,81.0
427.0,319.0,52.0,81.0
428.0,319.0,50.0,80.0
427.0,319.0,50.0,80.0
426.0,320.0,52.0,81.0
425.0,320.0,53.0,82.0
425.0,320.0,54.0,83.0
425.0,320.0,53.0,82.0
425.0,321.0,52.0,81.0
424.0,322.0,52.0,81.0
423.0,321.0,53.0,82.0
423.0,322.0,52.0,81.0
424.0,322.0,50.0,80.0
424.0,324.0,48.0,76.0
423.0,324.0,48.0,75.0
423.0,324.0,48.0,76.0
422.0,325.0,48.0,75.0
422.0,326.0,48.0,75.0
423.0,327.0,47.0,73.0
423.0,329.0,45.0,70.0
424.0,331.0,44.0,67.0
423.0,331.0,44.0,67.0
423.0,331.0,43.0,67.0
423.0,331.0,43.0,67.0
422.0,331.0,43.0,67.0
421.0,331.0,43.0,67.0
421.0,331.0,42.0,65.0
420.0,333.0,41.0,64.0
420.0,332.0,41.0,64.0
418.0,333.0,41.0,64.0
417.0,333.0,42.0,65.0
416.0,335.0,41.0,64.0
416.0,335.0,41.0,64.0
415.0,336.0,42.0,65.0
414.0,337.0,42.0,65.0
412.0,337.0,43.0,67.0
410.0,337.0,43.0,67.0
410.0,337.0,43.0,67.0
409.0,337.0,43.0,67.0
409.0,337.0,42.0,65.0
408.0,338.0,43.0,67.0
406.0,337.0,43.0,67.0
405.0,337.0,43.0,67.0
404.0,339.0,43.0,67.0
404.0,341.0,42.0,65.0
403.0,343.0,42.0,65.0
402.0,343.0,42.0,65.0
402.0,343.0,42.0,65.0
400.0,343.0,43.0,67.0
399.0,342.0,43.0,67.0
396.0,341.0,43.0,67.0
396.0,341.0,43.0,67.0
395.0,342.0,43.0,67.0
394.0,342.0,42.0,65.0
394.0,344.0,42.0,65.0
393.0,345.0,42.0,65.0
391.0,346.0,43.0,67.0
391.0,346.0,43.0,67.0
391.0,347.0,42.0,65.0
389.0,348.0,43.0,67.0
387.0,347.0,43.0,67.0
387.0,346.0,43.0,67.0
385.0,346.0,43.0,67.0
384.0,345.0,44.0,69.0
382.0,345.0,43.0,68.0
382.0,345.0,43.0,69.0
382.0,346.0,43.0,68.0
381.0,346.0,42.0,67.0
381.0,346.0,42.0,67.0
381.0,346.0,42.0,67.0
380.0,345.0,42.0,67.0
379.0,344.0,42.0,67.0
378.0,343.0,43.0,68.0
377.0,341.0,43.0,68.0
377.0,341.0,42.0,67.0
375.0,342.0,41.0,67.0
374.0,342.0,42.0,67.0
374.0,342.0,42.0,67.0
372.0,342.0,42.0,67.0
371.0,342.0,41.0,67.0
369.0,341.0,40.0,66.0
368.0,340.0,41.0,67.0
367.0,339.0,41.0,67.0
365.0,338.0,42.0,67.0
365.0,338.0,42.0,67.0
364.0,338.0,43.0,68.0
365.0,339.0,41.0,66.0
365.0,340.0,40.0,65.0
364.0,339.0,40.0,65.0
364.0,339.0,41.0,66.0
364.0,337.0,40.0,65.0
363.0,336.0,41.0,66.0
364.0,336.0,40.0,64.0
364.0,335.0,40.0,65.0
363.0,335.0,40.0,65.0
364.0,335.0,40.0,65.0
364.0,334.0,40.0,65.0
364.0,334.0,40.0,65.0
363.0,334.0,40.0,65.0
364.0,334.0,40.0,64.0
364.0,334.0,40.0,65.0
365.0,333.0,41.0,66.0
365.0,332.0,40.0,65.0
365.0,332.0,40.0,65.0
366.0,331.0,41.0,66.0
366.0,331.0,40.0,65.0
367.0,330.0,41.0,66.0
368.0,329.0,42.0,66.0
372.0,327.0,43.0,68.0
376.0,328.0,42.0,66.0
381.0,326.0,41.0,66.0
387.0,326.0,40.0,64.0
391.0,324.0,40.0,65.0
397.0,322.0,40.0,64.0
402.0,321.0,40.0,64.0
410.0,320.0,40.0,64.0
416.0,319.0,40.0,64.0
422.0,319.0,39.0,63.0
428.0,318.0,39.0,62.0
434.0,318.0,39.0,62.0
442.0,316.0,39.0,63.0
448.0,315.0,38.0,61.0
453.0,314.0,39.0,62.0
459.0,313.0,38.0,61.0
464.0,312.0,39.0,63.0
471.0,310.0,38.0,61.0
477.0,309.0,39.0,63.0
483.0,309.0,39.0,62.0
488.0,308.0,39.0,62.0
493.0,308.0,38.0,61.0
497.0,308.0,39.0,62.0
502.0,308.0,38.0,61.0
504.0,306.0,39.0,63.0
506.0,303.0,40.0,64.0
510.0,304.0,39.0,63.0
511.0,302.0,39.0,62.0
512.0,301.0,40.0,64.0
514.0,302.0,39.0,62.0
515.0,302.0,39.0,61.0
516.0,303.0,38.0,60.0
517.0,303.0,38.0,60.0
518.0,303.0,37.0,59.0
518.0,303.0,37.0,59.0
518.0,302.0,38.0,61.0
518.0,301.0,38.0,61.0
518.0,299.0,39.0,62.0
519.0,299.0,38.0,60.0
519.0,299.0,38.0,60.0
520.0,299.0,38.0,60.0
519.0,299.0,38.0,61.0
520.0,299.0,38.0,60.0
521.0,299.0,37.0,59.0
521.0,298.0,38.0,60.0
521.0,297.0,37.0,59.0
521.0,297.0,37.0,59.0
521.0,295.0,38.0,60.0
522.0,294.0,38.0,60.0
521.0,293.0,38.0,60.0
521.0,293.0,38.0,60.0
521.0,293.0,38.0,60.0
521.0,293.0,37.0,59.0
521.0,293.0,37.0,59.0
521.0,293.0,37.0,58.0
520.0,293.0,37.0,58.0
519.0,293.0,37.0,59.0
519.0,291.0,37.0,59.0
520.0,290.0,37.0,58.0
518.0,289.0,37.0,59.0
519.0,287.0,37.0,58.0
518.0,287.0,37.0,59.0
518.0,286.0,37.0,59.0
517.0,286.0,37.0,59.0
517.0,286.0,37.0,58.0
517.0,286.0,37.0,58.0
516.0,285.0,37.0,59.0
516.0,284.0,37.0,59.0
515.0,284.0,37.0,58.0
514.0,283.0,37.0,58.0
514.0,283.0,37.0,58.0
513.0,282.0,37.0,58.0
510.0,280.0,37.0,58.0
510.0,279.0,37.0,58.0
509.0,279.0,36.0,58.0
507.0,279.0,36.0,58.0
506.0,278.0,36.0,58.0
505.0,278.0,36.0,58.0
504.0,278.0,36.0,58.0
503.0,278.0,36.0,58.0
502.0,278.0,36.0,58.0
500.0,277.0,36.0,59.0
498.0,276.0,36.0,59.0
496.0,275.0,37.0,60.0
495.0,274.0,37.0,60.0
493.0,274.0,37.0,60.0
491.0,274.0,37.0,60.0
490.0,274.0,36.0,59.0
489.0,275.0,36.0,58.0
487.0,274.0,36.0,58.0
486.0,275.0,36.0,57.0
485.0,274.0,36.0,57.0
483.0,274.0,35.0,57.0
481.0,274.0,35.0,57.0
479.0,273.0,35.0,57.0
477.0,273.0,35.0,57.0
476.0,273.0,35.0,57.0
474.0,274.0,34.0,56.0
473.0,274.0,34.0,56.0
472.0,275.0,34.0,54.0
470.0,276.0,34.0,54.0
469.0,277.0,33.0,53.0
467.0,278.0,33.0,53.0
467.0,278.0,33.0,53.0
465.0,278.0,34.0,53.0
463.0,278.0,34.0,53.0
461.0,278.0,34.0,53.0
459.0,277.0,34.0,54.0
458.0,278.0,34.0,54.0
457.0,279.0,34.0,54.0
456.0,280.0,34.0,53.0
454.0,281.0,34.0,53.0
452.0,282.0,35.0,54.0
451.0,283.0,34.0,53.0
450.0,284.0,34.0,53.0
449.0,285.0,34.0,53.0
448.0,285.0,35.0,54.0
446.0,286.0,35.0,54.0
445.0,288.0,35.0,54.0
442.0,288.0,36.0,54.0
442.0,289.0,35.0,54.0
440.0,291.0,34.0,53.0
439.0,293.0,34.0,53.0
439.0,294.0,34.0,53.0
438.0,295.0,34.0,53.0
438.0,296.0,34.0,53.0
437.0,297.0,34.0,53.0
437.0,298.0,34.0,53.0
436.0,299.0,34.0,53.0
436.0,299.0,34.0,53.0
436.0,300.0,34.0,53.0
435.0,300.0,34.0,54.0
435.0,301.0,34.0,55.0
435.0,302.0,34.0,55.0
435.0,304.0,34.0,56.0
436.0,306.0,34.0,56.0
437.0,309.0,34.0,56.0
437.0,311.0,34.0,56.0
438.0,313.0,34.0,54.0
438.0,313.0,34.0,56.0
438.0,314.0,34.0,56.0
438.0,315.0,34.0,56.0
439.0,317.0,34.0,56.0
439.0,318.0,34.0,56.0
440.0,321.0,34.0,56.0
440.0,322.0,35.0,56.0
441.0,324.0,34.0,54.0
442.0,327.0,35.0,56.0
443.0,328.0,34.0,54.0
444.0,330.0,34.0,54.0
445.0,331.0,35.0,56.0
447.0,332.0,35.0,55.0
449.0,333.0,35.0,55.0
450.0,334.0,35.0,55.0
451.0,336.0,35.0,55.0
453.0,337.0,34.0,54.0
454.0,339.0,34.0,54.0
456.0,340.0,34.0,54.0
458.0,342.0,35.0,55.0
460.0,344.0,35.0,55.0
462.0,347.0,35.0,55.0
463.0,347.0,36.0,55.0
466.0,349.0,35.0,55.0
467.0,351.0,35.0,56.0
469.0,352.0,35.0,56.0
471.0,353.0,35.0,56.0
474.0,354.0,35.0,57.0
475.0,356.0,35.0,57.0
477.0,357.0,35.0,57.0
477.0,359.0,35.0,58.0
478.0,360.0,35.0,58.0
480.0,362.0,35.0,58.0
481.0,365.0,35.0,58.0
483.0,367.0,35.0,58.0
483.0,368.0,36.0,58.0
484.0,369.0,36.0,57.0
484.0,370.0,35.0,56.0
484.0,371.0,34.0,56.0
485.0,372.0,34.0,56.0
485.0,373.0,35.0,56.0
485.0,375.0,35.0,57.0
485.0,377.0,35.0,57.0
485.0,380.0,36.0,58.0
485.0,382.0,35.0,57.0
485.0,384.0,35.0,56.0
485.0,385.0,35.0,56.0
485.0,387.0,35.0,56.0
486.0,388.0,35.0,56.0
485.0,389.0,36.0,57.0
485.0,390.0,36.0,57.0
485.0,391.0,36.0,57.0
485.0,392.0,37.0,58.0
485.0,393.0,37.0,58.0
486.0,395.0,37.0,58.0
486.0,396.0,37.0,58.0
486.0,399.0,37.0,58.0
487.0,400.0,36.0,57.0
487.0,402.0,35.0,56.0
486.0,403.0,35.0,56.0
486.0,404.0,35.0,56.0
485.0,404.0,36.0,57.0
484.0,404.0,36.0,57.0
484.0,406.0,36.0,57.0
483.0,406.0,36.0,58.0
483.0,408.0,36.0,58.0
483.0,410.0,36.0,58.0
483.0,412.0,36.0,58.0
482.0,414.0,36.0,58.0
483.0,414.0,36.0,57.0
482.0,415.0,36.0,57.0
481.0,416.0,37.0,58.0
482.0,418.0,36.0,57.0
481.0,418.0,36.0,57.0
481.0,419.0,36.0,57.0
481.0,420.0,35.0,57.0
480.0,421.0,35.0,58.0
480.0,423.0,35.0,58.0
480.0,424.0,35.0,58.0
481.0,426.0,35.0,57.0
481.0,428.0,35.0,57.0
481.0,429.0,35.0,56.0
481.0,430.0,35.0,56.0
481.0,430.0,35.0,56.0
480.0,430.0,35.0,57.0
480.0,430.0,34.0,56.0
480.0,431.0,34.0,56.0
480.0,431.0,34.0,56.0
480.0,432.0,35.0,57.0
481.0,433.0,34.0,56.0
481.0,434.0,34.0,56.0
481.0,436.0,34.0,56.0
482.0,437.0,34.0,56.0
482.0,439.0,34.0,54.0
482.0,440.0,35.0,54.0
483.0,440.0,34.0,54.0
484.0,441.0,34.0,55.0
484.0,441.0,34.0,55.0
483.0,441.0,35.0,57.0
484.0,442.0,35.0,57.0
484.0,442.0,35.0,59.0
485.0,443.0,35.0,57.0
485.0,444.0,35.0,59.0
485.0,446.0,35.0,59.0
486.0,447.0,35.0,58.0
487.0,449.0,35.0,56.0
488.0,450.0,35.0,55.0
487.0,450.0,35.0,57.0
488.0,449.0,35.0,58.0
488.0,449.0,35.0,59.0
487.0,450.0,35.0,59.0
487.0,450.0,35.0,59.0
487.0,451.0,35.0,59.0
487.0,452.0,35.0,57.0
487.0,453.0,35.0,59.0
487.0,454.0,35.0,57.0
487.0,456.0,35.0,58.0
486.0,456.0,35.0,56.0
486.0,457.0,35.0,55.0
486.0,457.0,35.0,57.0
486.0,457.0,35.0,57.0
485.0,458.0,34.0,58.0
485.0,458.0,35.0,58.0
484.0,458.0,35.0,59.0
484.0,459.0,36.0,61.0
484.0,460.0,36.0,59.0
484.0,461.0,36.0,59.0
484.0,462.0,36.0,58.0
484.0,463.0,35.0,57.0
484.0,464.0,35.0,56.0
484.0,465.0,35.0,56.0
482.0,465.0,35.0,56.0
480.0,465.0,35.0,56.0
479.0,465.0,35.0,57.0
478.0,465.0,35.0,57.0
477.0,465.0,35.0,57.0
476.0,466.0,35.0,57.0
476.0,467.0,35.0,57.0
475.0,468.0,35.0,56.0
475.0,469.0,35.0,55.0
475.0,470.0,35.0,55.0
474.0,470.0,35.0,54.0
474.0,470.0,35.0,54.0
474.0,470.0,35.0,55.0
473.0,470.0,35.0,55.0
472.0,470.0,35.0,56.0
472.0,470.0,35.0,56.0
471.0,470.0,35.0,55.0
471.0,471.0,35.0,55.0
471.0,471.0,35.0,55.0
471.0,472.0,35.0,55.0
471.0,472.0,35.0,55.0
471.0,472.0,35.0,55.0
470.0,472.0,35.0,55.0
470.0,472.0,35.0,54.0
470.0,472.0,35.0,55.0
470.0,471.0,35.0,56.0
471.0,471.0,35.0,57.0
472.0,471.0,35.0,57.0
473.0,472.0,35.0,57.0
474.0,473.0,35.0,57.0
475.0,473.0,35.0,55.0
477.0,474.0,35.0,54.0
478.0,474.0,35.0,54.0
479.0,474.0,35.0,54.0
480.0,473.0,35.0,55.0
482.0,472.0,35.0,55.0
483.0,472.0,35.0,56.0
485.0,472.0,35.0,56.0
487.0,472.0,35.0,57.0
487.0,471.0,35.0,58.0
489.0,471.0,35.0,58.0
490.0,472.0,35.0,58.0
493.0,473.0,35.0,57.0
494.0,473.0,35.0,56.0
496.0,474.0,35.0,55.0
497.0,474.0,35.0,54.0
498.0,473.0,35.0,54.0
499.0,473.0,35.0,54.0
499.0,472.0,35.0,54.0
498.0,472.0,35.0,54.0
499.0,471.0,35.0,55.0
499.0,471.0,35.0,55.0
500.0,470.0,35.0,55.0
500.0,470.0,35.0,55.0
500.0,470.0,35.0,55.0
500.0,470.0,35.0,55.0
500.0,470.0,35.0,55.0
500.0,470.0,35.0,54.0
500.0,470.0,35.0,54.0
500.0,470.0,35.0,53.0
499.0,470.0,35.0,54.0
497.0,470.0,35.0,55.0
496.0,470.0,35.0,55.0
495.0,470.0,35.0,55.0
494.0,469.0,35.0,55.0
493.0,469.0,35.0,55.0
492.0,470.0,35.0,55.0
492.0,470.0,35.0,55.0
491.0,470.0,35.0,55.0
489.0,469.0,35.0,55.0
488.0,468.0,35.0,55.0
486.0,467.0,35.0,54.0
484.0,466.0,35.0,55.0
482.0,464.0,35.0,55.0
481.0,463.0,35.0,55.0
479.0,462.0,35.0,55.0
478.0,461.0,35.0,56.0
476.0,460.0,35.0,57.0
475.0,460.0,35.0,57.0
475.0,461.0,35.0,57.0
474.0,460.0,35.0,57.0
473.0,461.0,36.0,56.0
473.0,460.0,36.0,55.0
472.0,460.0,36.0,55.0
470.0,459.0,36.0,55.0
470.0,458.0,36.0,55.0
468.0,457.0,37.0,56.0
468.0,455.0,37.0,57.0
466.0,455.0,37.0,57.0
465.0,454.0,37.0,58.0
466.0,453.0,36.0,57.0
466.0,453.0,36.0,57.0
467.0,453.0,36.0,57.0
468.0,453.0,36.0,55.0
468.0,452.0,35.0,55.0
468.0,452.0,35.0,54.0
469.0,451.0,35.0,54.0
469.0,449.0,34.0,53.0
469.0,448.0,35.0,54.0
470.0,446.0,34.0,54.0
470.0,444.0,34.0,56.0
470.0,444.0,34.0,57.0
472.0,443.0,34.0,57.0
474.0,442.0,34.0,56.0
476.0,443.0,33.0,55.0
477.0,443.0,33.0,54.0
478.0,443.0,34.0,53.0
480.0,441.0,35.0,53.0
481.0,439.0,35.0,54.0
481.0,438.0,35.0,55.0
481.0,437.0,34.0,56.0
482.0,436.0,35.0,56.0
483.0,435.0,35.0,56.0
484.0,434.0,35.0,57.0
484.0,434.0,35.0,55.0
485.0,434.0,35.0,54.0
485.0,434.0,34.0,53.0
486.0,433.0,35.0,53.0
485.0,431.0,35.0,53.0
485.0,430.0,36.0,53.0
485.0,428.0,35.0,54.0
485.0,427.0,35.0,54.0
485.0,424.0,35.0,55.0
485.0,423.0,35.0,55.0
485.0,423.0,35.0,56.0
485.0,422.0,35.0,57.0
486.0,422.0,34.0,56.0
487.0,422.0,34.0,55.0
488.0,422.0,34.0,54.0
487.0,421.0,35.0,55.0
488.0,419.0,35.0,54.0
488.0,418.0,35.0,54.0
488.0,416.0,35.0,55.0
488.0,415.0,35.0,55.0
488.0,414.0,35.0,55.0
489.0,413.0,35.0,55.0
489.0,413.0,34.0,55.0
489.0,413.0,34.0,55.0
489.0,412.0,35.0,54.0
489.0,411.0,35.0,54.0
490.0,410.0,34.0,52.0
490.0,408.0,34.0,53.0
489.0,405.0,35.0,53.0
489.0,403.0,35.0,54.0
489.0,401.0,35.0,54.0
489.0,401.0,35.0,54.0
489.0,400.0,35.0,55.0
490.0,399.0,34.0,54.0
490.0,398.0,34.0,54.0
491.0,399.0,34.0,54.0
491.0,399.0,34.0,53.0
491.0,398.0,34.0,53.0
492.0,396.0,34.0,52.0
492.0,395.0,34.0,52.0
492.0,394.0,34.0,52.0
493.0,394.0,34.0,52.0
494.0,392.0,34.0,52.0
494.0,391.0,34.0,52.0
495.0,391.0,33.0,51.0
497.0,391.0,32.0,51.0
499.0,390.0,32.0,51.0
500.0,390.0,32.0,51.0
502.0,388.0,33.0,52.0
503.0,386.0,33.0,50.0
507.0,385.0,32.0,49.0
509.0,382.0,33.0,50.0
510.0,379.0,33.0,51.0
515.0,377.0,32.0,51.0
518.0,376.0,33.0,52.0
522.0,374.0,33.0,53.0
526.0,373.0,34.0,54.0
530.0,373.0,34.0,53.0
537.0,373.0,34.0,53.0
542.0,372.0,33.0,52.0
547.0,370.0,34.0,52.0
552.0,369.0,34.0,52.0
556.0,368.0,35.0,53.0
563.0,366.0,33.0,52.0
568.0,364.0,34.0,52.0
574.0,362.0,35.0,53.0
578.0,360.0,35.0,54.0
584.0,360.0,35.0,54.0
590.0,360.0,33.0,53.0
595.0,359.0,33.0,53.0
601.0,359.0,33.0,53.0
606.0,358.0,33.0,53.0
611.0,357.0,33.0,52.0
617.0,356.0,32.0,51.0
622.0,354.0,33.0,50.0
626.0,352.0,33.0,50.0
629.0,350.0,32.0,51.0
633.0,349.0,32.0,51.0
637.0,348.0,33.0,52.0
641.0,347.0,34.0,52.0
644.0,347.0,34.0,53.0
646.0,347.0,34.0,53.0
649.0,346.0,34.0,52.0
652.0,345.0,35.0,53.0
653.0,343.0,34.0,52.0
655.0,342.0,35.0,53.0
657.0,340.0,34.0,52.0
657.0,339.0,35.0,53.0
658.0,337.0,34.0,52.0
659.0,337.0,34.0,52.0
659.0,337.0,34.0,52.0
659.0,337.0,34.0,52.0
659.0,337.0,34.0,52.0
659.0,337.0,34.0,53.0
659.0,336.0,34.0,52.0
659.0,336.0,33.0,52.0
659.0,335.0,34.0,53.0
658.0,332.0,35.0,53.0
658.0,332.0,35.0,52.0
659.0,330.0,35.0,53.0
659.0,329.0,34.0,53.0
660.0,328.0,34.0,54.0
661.0,328.0,33.0,53.0
663.0,328.0,33.0,52.0
665.0,329.0,33.0,52.0
668.0,330.0,32.0,51.0
670.0,329.0,32.0,52.0
673.0,329.0,33.0,53.0
676.0,328.0,33.0,53.0
680.0,327.0,33.0,53.0
683.0,326.0,33.0,52.0
686.0,325.0,33.0,53.0
690.0,325.0,33.0,52.0
695.0,324.0,33.0,52.0
699.0,324.0,32.0,51.0
702.0,325.0,32.0,51.0
706.0,326.0,32.0,51.0
709.0,326.0,32.0,51.0
714.0,327.0,32.0,51.0
718.0,326.0,32.0,52.0
720.0,325.0,33.0,53.0
723.0,325.0,33.0,53.0
724.0,324.0,33.0,53.0
727.0,322.0,32.0,52.0
730.0,322.0,32.0,52.0
732.0,322.0,33.0,53.0
734.0,322.0,33.0,53.0
737.0,324.0,32.0,52.0
740.0,325.0,33.0,53.0
742.0,325.0,33.0,54.0
743.0,325.0,33.0,53.0
747.0,325.0,33.0,54.0
749.0,324.0,33.0,53.0
751.0,323.0,34.0,54.0
753.0,323.0,33.0,53.0
756.0,322.0,33.0,53.0
757.0,322.0,32.0,52.0
759.0,322.0,33.0,53.0
761.0,323.0,32.0,52.0
764.0,324.0,32.0,52.0
766.0,325.0,32.0,52.0
767.0,324.0,33.0,54.0
770.0,325.0,33.0,54.0
772.0,324.0,33.0,54.0
774.0,323.0,34.0,55.0
776.0,322.0,33.0,53.0
778.0,322.0,33.0,54.0
779.0,321.0,34.0,55.0
782.0,322.0,33.0,53.0
784.0,322.0,33.0,54.0
786.0,323.0,33.0,53.0
788.0,323.0,33.0,54.0
790.0,324.0,33.0,54.0
792.0,324.0,33.0,54.0
795.0,324.0,34.0,55.0
797.0,324.0,33.0,54.0
800.0,323.0,34.0,55.0
802.0,323.0,33.0,54.0
805.0,322.0,33.0,54.0
807.0,322.0,33.0,53.0
809.0,322.0,33.0,54.0
810.0,322.0,33.0,53.0
813.0,322.0,33.0,54.0
816.0,324.0,32.0,52.0
819.0,326.0,31.0,52.0
822.0,326.0,31.0,51.0
824.0,325.0,31.0,51.0
827.0,325.0,30.0,50.0
829.0,324.0,30.0,51.0
831.0,323.0,29.0,50.0
832.0,323.0,29.0,50.0
835.0,322.0,30.0,51.0
836.0,323.0,30.0,51.0
838.0,323.0,30.0,51.0
840.0,324.0,31.0,52.0
842.0,324.0,32.0,52.0
843.0,325.0,31.0,52.0
845.0,324.0,31.0,52.0
846.0,324.0,30.0,51.0
848.0,323.0,29.0,50.0
848.0,321.0,30.0,51.0
849.0,321.0,30.0,51.0
851.0,320.0,31.0,52.0
851.0,320.0,31.0,52.0
853.0,320.0,32.0,52.0
854.0,320.0,32.0,52.0
855.0,321.0,32.0,52.0
857.0,321.0,32.0,52.0
859.0,321.0,32.0,53.0
861.0,321.0,32.0,53.0
862.0,321.0,32.0,53.0
863.0,320.0,32.0,53.0
865.0,318.0,32.0,53.0
867.0,317.0,32.0,53.0
868.0,317.0,32.0,53.0
869.0,317.0,32.0,53.0
871.0,317.0,32.0,53.0
872.0,318.0,32.0,53.0
874.0,318.0,32.0,53.0
876.0,318.0,32.0,53.0
878.0,318.0,32.0,53.0
879.0,318.0,32.0,53.0
881.0,316.0,33.0,53.0
882.0,316.0,32.0,53.0
883.0,315.0,32.0,53.0
886.0,315.0,32.0,52.0
885.0,315.0,32.0,52.0
887.0,315.0,32.0,52.0
888.0,315.0,32.0,52.0
888.0,315.0,32.0,52.0
889.0,316.0,32.0,52.0
889.0,315.0,32.0,53.0
889.0,315.0,32.0,53.0
889.0,313.0,33.0,54.0
889.0,311.0,34.0,55.0
888.0,309.0,34.0,55.0
887.0,309.0,34.0,55.0
886.0,308.0,35.0,56.0
885.0,307.0,34.0,55.0
884.0,308.0,33.0,55.0
883.0,308.0,33.0,55.0
882.0,308.0,32.0,55.0
880.0,307.0,32.0,54.0
878.0,306.0,32.0,55.0
876.0,305.0,32.0,54.0
874.0,303.0,32.0,55.0
873.0,302.0,32.0,54.0
871.0,301.0,32.0,54.0
868.0,300.0,32.0,53.0
866.0,299.0,31.0,52.0
864.0,299.0,31.0,52.0
861.0,300.0,31.0,51.0
860.0,300.0,30.0,51.0
858.0,299.0,31.0,52.0
856.0,297.0,32.0,52.0
853.0,296.0,31.0,52.0
851.0,295.0,31.0,52.0
850.0,294.0,32.0,53.0
848.0,291.0,31.0,52.0
847.0,291.0,32.0,53.0
847.0,291.0,31.0,52.0
847.0,291.0,31.0,52.0
846.0,290.0,32.0,53.0
845.0,290.0,31.0,53.0
845.0,290.0,31.0,53.0
846.0,290.0,30.0,52.0
846.0,289.0,31.0,53.0
847.0,288.0,30.0,52.0
848.0,286.0,31.0,53.0
849.0,285.0,31.0,53.0
849.0,284.0,30.0,52.0
850.0,284.0,29.0,51.0
851.0,284.0,29.0,52.0
853.0,284.0,29.0,51.0
854.0,285.0,29.0,52.0
855.0,285.0,29.0,52.0
856.0,284.0,29.0,52.0
856.0,283.0,29.0,52.0
858.0,282.0,30.0,52.0
858.0,281.0,30.0,53.0
859.0,280.0,31.0,53.0
860.0,280.0,31.0,53.0
860.0,279.0,31.0,53.0
861.0,279.0,30.0,53.0
862.0,279.0,30.0,52.0
862.0,279.0,29.0,52.0
862.0,280.0,29.0,52.0
862.0,280.0,30.0,53.0
862.0,278.0,30.0,53.0
862.0,278.0,30.0,52.0
862.0,276.0,30.0,53.0
863.0,276.0,30.0,52.0
863.0,275.0,30.0,52.0
862.0,274.0,30.0,52.0
862.0,273.0,30.0,51.0
861.0,272.0,31.0,51.0
861.0,274.0,30.0,51.0
861.0,273.0,30.0,51.0
860.0,273.0,31.0,52.0
860.0,272.0,31.0,52.0
859.0,271.0,31.0,52.0
860.0,271.0,29.0,51.0
859.0,269.0,29.0,51.0
859.0,268.0,29.0,51.0
859.0,267.0,29.0,52.0
857.0,267.0,29.0,52.0
857.0,266.0,29.0,52.0
857.0,267.0,29.0,51.0
856.0,267.0,29.0,51.0
855.0,266.0,29.0,51.0
855.0,265.0,29.0,50.0
855.0,265.0,29.0,49.0
855.0,264.0,29.0,50.0
855.0,260.0,31.0,52.0
855.0,261.0,29.0,50.0
855.0,260.0,29.0,50.0
855.0,259.0,30.0,51.0
855.0,261.0,29.0,50.0
855.0,261.0,29.0,49.0
856.0,261.0,28.0,49.0
855.0,261.0,28.0,49.0
856.0,261.0,29.0,49.0
856.0,261.0,29.0,49.0
857.0,259.0,29.0,50.0
857.0,258.0,29.0,50.0
858.0,257.0,29.0,50.0
859.0,256.0,29.0,50.0
859.0,255.0,29.0,50.0
860.0,256.0,29.0,49.0
861.0,256.0,29.0,50.0
861.0,257.0,29.0,49.0
861.0,257.0,29.0,50.0
862.0,257.0,29.0,49.0
863.0,256.0,29.0,49.0
864.0,255.0,29.0,49.0
864.0,254.0,29.0,49.0
864.0,252.0,29.0,50.0
865.0,251.0,29.0,50.0
866.0,252.0,29.0,49.0
866.0,251.0,29.0,50.0
867.0,251.0,30.0,51.0
868.0,251.0,30.0,51.0
868.0,253.0,29.0,50.0
868.0,251.0,31.0,52.0
869.0,252.0,31.0,52.0
869.0,252.0,31.0,52.0
870.0,252.0,29.0,50.0
871.0,251.0,29.0,49.0
871.0,250.0,29.0,49.0
872.0,250.0,28.0,49.0
872.0,250.0,28.0,48.0
872.0,250.0,28.0,48.0
872.0,250.0,28.0,48.0
872.0,251.0,28.0,48.0
872.0,251.0,28.0,49.0
871.0,250.0,28.0,49.0
872.0,249.0,28.0,48.0
872.0,249.0,28.0,48.0
872.0,248.0,28.0,48.0
872.0,248.0,28.0,48.0
872.0,247.0,28.0,48.0
872.0,247.0,27.0,47.0
872.0,248.0,27.0,46.0
872.0,249.0,27.0,46.0
871.0,249.0,27.0,46.0
870.0,249.0,27.0,47.0
868.0,248.0,27.0,48.0
868.0,248.0,27.0,48.0
866.0,247.0,27.0,47.0
864.0,245.0,27.0,47.0
863.0,245.0,28.0,48.0
860.0,243.0,28.0,48.0
858.0,243.0,28.0,48.0
857.0,243.0,28.0,48.0
855.0,244.0,28.0,49.0
853.0,244.0,28.0,49.0
852.0,244.0,28.0,48.0
851.0,244.0,28.0,48.0
848.0,244.0,28.0,48.0
847.0,243.0,27.0,48.0
846.0,243.0,28.0,48.0
844.0,242.0,28.0,48.0
843.0,241.0,28.0,48.0
840.0,239.0,28.0,48.0
839.0,241.0,28.0,48.0
837.0,240.0,27.0,48.0
836.0,241.0,27.0,48.0
834.0,241.0,28.0,48.0
832.0,242.0,28.0,48.0
831.0,242.0,28.0,48.0
829.0,242.0,28.0,47.0
828.0,240.0,28.0,47.0
827.0,240.0,28.0,47.0
828.0,239.0,27.0,47.0
827.0,238.0,28.0,48.0
827.0,238.0,27.0,48.0
826.0,238.0,27.0,48.0
826.0,238.0,28.0,48.0
826.0,238.0,28.0,48.0
825.0,239.0,28.0,48.0
826.0,240.0,27.0,48.0
826.0,240.0,28.0,48.0
826.0,239.0,27.0,48.0
827.0,238.0,28.0,48.0
828.0,238.0,27.0,48.0
828.0,238.0,27.0,48.0
829.0,238.0,27.0,48.0
830.0,238.0,27.0,47.0
831.0,238.0,27.0,46.0
832.0,238.0,27.0,47.0
832.0,239.0,27.0,47.0
832.0,240.0,27.0,47.0
833.0,240.0,27.0,47.0
834.0,241.0,27.0,46.0
834.0,240.0,27.0,46.0
835.0,240.0,27.0,46.0
836.0,240.0,27.0,46.0
836.0,240.0,27.0,47.0
836.0,239.0,27.0,48.0
836.0,240.0,27.0,48.0
836.0,240.0,27.0,48.0
836.0,241.0,27.0,48.0
836.0,241.0,27.0,48.0
836.0,242.0,27.0,48.0
835.0,242.0,27.0,48.0
835.0,241.0,27.0,48.0
834.0,241.0,27.0,48.0
833.0,240.0,27.0,47.0
831.0,240.0,27.0,47.0
831.0,240.0,27.0,47.0
831.0,240.0,27.0,47.0
829.0,241.0,27.0,47.0
827.0,241.0,27.0,47.0
825.0,242.0,27.0,47.0
824.0,242.0,27.0,46.0
824.0,243.0,27.0,46.0
821.0,243.0,27.0,45.0
820.0,242.0,27.0,46.0
818.0,241.0,27.0,47.0
818.0,241.0,27.0,46.0
817.0,240.0,27.0,46.0
816.0,240.0,27.0,45.0
816.0,242.0,27.0,45.0
813.0,241.0,27.0,46.0
811.0,242.0,27.0,46.0
810.0,242.0,27.0,46.0
809.0,243.0,27.0,47.0
807.0,243.0,27.0,47.0
806.0,242.0,27.0,48.0
805.0,243.0,27.0,48.0
803.0,243.0,27.0,48.0
803.0,242.0,27.0,48.0
801.0,242.0,27.0,48.0
800.0,243.0,27.0,47.0
798.0,243.0,27.0,47.0
797.0,243.0,27.0,47.0
797.0,244.0,27.0,46.0
796.0,244.0,27.0,46.0
795.0,246.0,27.0,47.0
795.0,246.0,27.0,47.0
794.0,246.0,27.0,48.0
794.0,246.0,27.0,47.0
794.0,245.0,27.0,47.0
793.0,245.0,27.0,46.0
794.0,245.0,27.0,46.0
793.0,245.0,27.0,46.0
794.0,246.0,27.0,46.0
794.0,247.0,27.0,46.0
793.0,248.0,27.0,46.0
793.0,249.0,27.0,46.0
793.0,249.0,27.0,46.0
793.0,249.0,27.0,46.0
793.0,249.0,27.0,46.0
794.0,248.0,27.0,46.0
794.0,248.0,27.0,46.0
795.0,247.0,27.0,45.0
