652.0,131.0,54.0,102.0
651.0,130.0,57.0,105.0
651.0,131.0,55.0,103.0
649.0,132.0,55.0,103.0
649.0,133.0,54.0,102.0
648.0,133.0,54.0,102.0
647.0,134.0,57.0,105.0
647.0,135.0,55.0,103.0
648.0,137.0,54.0,102.0
648.0,137.0,57.0,105.0
649.0,138.0,57.0,105.0
651.0,139.0,54.0,102.0
652.0,140.0,54.0,102.0
652.0,140.0,57.0,105.0
654.0,140.0,54.0,102.0
655.0,140.0,55.0,103.0
656.0,142.0,54.0,102.0
657.0,146.0,54.0,101.0
657.0,144.0,54.0,102.0
658.0,146.0,52.0,98.0
658.0,148.0,51.0,96.0
658.0,151.0,49.0,93.0
658.0,151.0,50.0,94.0
657.0,152.0,51.0,96.0
657.0,153.0,51.0,96.0
656.0,153.0,51.0,96.0
656.0,155.0,50.0,94.0
655.0,156.0,50.0,94.0
655.0,157.0,50.0,94.0
655.0,157.0,50.0,94.0
655.0,157.0,50.0,94.0
654.0,158.0,50.0,94.0
653.0,158.0,52.0,97.0
653.0,161.0,50.0,94.0
651.0,163.0,48.0,92.0
653.0,164.0,47.0,90.0
653.0,164.0,47.0,88.0
652.0,163.0,48.0,91.0
652.0,164.0,47.0,90.0
651.0,164.0,48.0,91.0
651.0,167.0,48.0,91.0
651.0,168.0,48.0,92.0
651.0,171.0,47.0,90.0
652.0,172.0,47.0,88.0
651.0,173.0,47.0,88.0
653.0,175.0,45.0,87.0
653.0,176.0,46.0,88.0
654.0,177.0,46.0,88.0
653.0,175.0,46.0,88.0
653.0,177.0,46.0,88.0
653.0,177.0,46.0,88.0
653.0,177.0,46.0,88.0
653.0,178.0,46.0,88.0
653.0,178.0,47.0,89.0
653.0,179.0,47.0,90.0
652.0,179.0,47.0,90.0
651.0,179.0,47.0,90.0
652.0,181.0,47.0,89.0
651.0,182.0,47.0,90.0
650.0,182.0,47.0,90.0
650.0,182.0,47.0,90.0
649.0,183.0,48.0,92.0
649.0,185.0,49.0,94.0
648.0,186.0,49.0,94.0
647.0,186.0,50.0,94.0
645.0,187.0,51.0,97.0
644.0,186.0,52.0,99.0
644.0,187.0,52.0,99.0
642.0,187.0,53.0,100.0
642.0,189.0,52.0,99.0
643.0,190.0,52.0,98.0
643.0,191.0,51.0,97.0
643.0,192.0,51.0,97.0
643.0,192.0,50.0,94.0
644.0,194.0,50.0,94.0
645.0,194.0,49.0,94.0
645.0,194.0,50.0,94.0
645.0,195.0,51.0,97.0
646.0,196.0,51.0,97.0
646.0,197.0,51.0,97.0
647.0,197.0,52.0,98.0
648.0,198.0,52.0,98.0
650.0,201.0,51.0,97.0
650.0,198.0,52.0,98.0
651.0,199.0,52.0,99.0
651.0,200.0,52.0,99.0
652.0,202.0,53.0,100.0
652.0,203.0,52.0,99.0
653.0,204.0,52.0,98.0
654.0,204.0,53.0,100.0
654.0,204.0,52.0,99.0
655.0,206.0,52.0,98.0
654.0,205.0,53.0,100.0
653.0,205.0,54.0,102.0
655.0,205.0,54.0,102.0
655.0,204.0,54.0,102.0
656.0,203.0,54.0,102.0
656.0,205.0,54.0,102.0
657.0,206.0,53.0,100.0
659.0,204.0,52.0,99.0
659.0,205.0,52.0,99.0
669.0,213.0,52.0,98.0
670.0,217.0,52.0,98.0
672.0,218.0,52.0,98.0
671.0,216.0,52.0,98.0
671.0,219.0,52.0,98.0
673.0,221.0,51.0,98.0
674.0,219.0,49.0,98.0
670.0,247.0,49.0,98.0
670.0,247.0,49.0,98.0
670.0,246.0,49.0,98.0
669.0,242.0,50.0,98.0
668.0,254.0,50.0,99.0
667.0,255.0,50.0,99.0
666.0,257.0,50.0,99.0
661.0,223.0,50.0,101.0
660.0,222.0,50.0,101.0
659.0,224.0,50.0,102.0
658.0,223.0,49.0,100.0
659.0,222.0,50.0,100.0
658.0,222.0,50.0,100.0
656.0,225.0,50.0,100.0
653.0,225.0,49.0,100.0
651.0,226.0,49.0,100.0
646.0,228.0,49.0,100.0
644.0,246.0,49.0,100.0
642.0,247.0,49.0,99.0
637.0,245.0,49.0,99.0
632.0,247.0,49.0,99.0
626.0,248.0,49.0,98.0
621.0,248.0,49.0,98.0
616.0,248.0,49.0,99.0
611.0,246.0,48.0,99.0
605.0,247.0,49.0,99.0
600.0,248.0,50.0,98.0
595.0,247.0,52.0,98.0
591.0,248.0,52.0,99.0
588.0,247.0,52.0,98.0
584.0,247.0,51.0,97.0
579.0,246.0,51.0,97.0
574.0,245.0,50.0,94.0
568.0,243.0,51.0,97.0
563.0,237.0,51.0,97.0
557.0,238.0,51.0,97.0
552.0,235.0,50.0,94.0
546.0,236.0,50.0,94.0
542.0,237.0,49.0,94.0
536.0,239.0,48.0,93.0
534.0,240.0,48.0,93.0
529.0,240.0,48.0,93.0
527.0,240.0,48.0,93.0
524.0,239.0,48.0,93.0
521.0,239.0,48.0,93.0
521.0,238.0,48.0,93.0
519.0,238.0,48.0,93.0
518.0,238.0,48.0,93.0
519.0,238.0,48.0,93.0
517.0,239.0,48.0,93.0
518.0,239.0,48.0,93.0
517.0,239.0,48.0,93.0
515.0,239.0,48.0,93.0
514.0,240.0,48.0,93.0
513.0,240.0,48.0,93.0
513.0,239.0,48.0,93.0
512.0,239.0,48.0,93.0
513.0,238.0,48.0,93.0
514.0,239.0,48.0,93.0
518.0,240.0,48.0,93.0
519.0,240.0,48.0,93.0
519.0,240.0,48.0,93.0
519.0,239.0,48.0,93.0
520.0,238.0,48.0,93.0
522.0,239.0,48.0,93.0
524.0,239.0,48.0,92.0
526.0,239.0,48.0,92.0
527.0,241.0,48.0,92.0
528.0,241.0,48.0,92.0
530.0,242.0,47.0,90.0
529.0,243.0,47.0,90.0
532.0,244.0,47.0,89.0
532.0,243.0,47.0,89.0
532.0,242.0,47.0,89.0
534.0,241.0,47.0,89.0
534.0,241.0,47.0,90.0
534.0,241.0,47.0,90.0
536.0,241.0,47.0,91.0
536.0,240.0,47.0,93.0
538.0,240.0,47.0,91.0
539.0,240.0,47.0,90.0
541.0,241.0,46.0,88.0
542.0,240.0,45.0,87.0
543.0,241.0,44.0,86.0
543.0,242.0,44.0,84.0
544.0,242.0,44.0,84.0
547.0,241.0,44.0,84.0
546.0,240.0,44.0,86.0
547.0,238.0,44.0,86.0
547.0,238.0,44.0,86.0
548.0,237.0,44.0,86.0
547.0,237.0,44.0,86.0
547.0,237.0,44.0,86.0
547.0,238.0,44.0,84.0
545.0,237.0,44.0,84.0
542.0,237.0,43.0,83.0
540.0,237.0,43.0,83.0
535.0,236.0,43.0,83.0
533.0,236.0,43.0,83.0
528.0,235.0,43.0,83.0
523.0,235.0,43.0,83.0
518.0,235.0,43.0,83.0
515.0,235.0,43.0,83.0
507.0,237.0,43.0,83.0
488.0,249.0,43.0,83.0
475.0,258.0,43.0,83.0
470.0,259.0,43.0,83.0
464.0,260.0,43.0,83.0
458.0,260.0,44.0,84.0
452.0,263.0,43.0,83.0
446.0,263.0,43.0,83.0
440.0,264.0,43.0,83.0
436.0,265.0,44.0,84.0
432.0,268.0,44.0,86.0
428.0,269.0,44.0,84.0
424.0,270.0,44.0,86.0
420.0,271.0,44.0,84.0
418.0,271.0,44.0,84.0
416.0,274.0,43.0,83.0
413.0,273.0,44.0,84.0
412.0,274.0,44.0,86.0
410.0,276.0,44.0,86.0
408.0,276.0,45.0,87.0
408.0,277.0,44.0,84.0
406.0,279.0,44.0,86.0
406.0,280.0,44.0,86.0
404.0,279.0,46.0,88.0
404.0,279.0,47.0,89.0
404.0,281.0,47.0,89.0
402.0,280.0,48.0,92.0
401.0,280.0,48.0,93.0
399.0,277.0,50.0,94.0
398.0,278.0,49.0,94.0
398.0,278.0,49.0,94.0
397.0,279.0,50.0,94.0
396.0,280.0,50.0,94.0
397.0,279.0,51.0,97.0
396.0,280.0,52.0,98.0
397.0,281.0,50.0,94.0
396.0,280.0,52.0,98.0
396.0,281.0,52.0,98.0
396.0,282.0,52.0,99.0
395.0,283.0,52.0,99.0
393.0,282.0,53.0,100.0
392.0,281.0,54.0,102.0
393.0,283.0,53.0,100.0
391.0,281.0,55.0,104.0
391.0,282.0,55.0,104.0
392.0,283.0,55.0,104.0
393.0,282.0,57.0,106.0
393.0,281.0,58.0,109.0
391.0,279.0,60.0,112.0
391.0,281.0,60.0,112.0
390.0,280.0,62.0,115.0
390.0,278.0,64.0,118.0
390.0,276.0,66.0,122.0
390.0,275.0,67.0,124.0
393.0,276.0,66.0,122.0
392.0,276.0,66.0,122.0
391.0,274.0,68.0,126.0
390.0,272.0,70.0,129.0
392.0,272.0,70.0,129.0
391.0,270.0,73.0,133.0
393.0,271.0,73.0,133.0
393.0,270.0,74.0,135.0
394.0,270.0,75.0,137.0
393.0,268.0,78.0,142.0
394.0,269.0,78.0,142.0
395.0,270.0,78.0,142.0
394.0,270.0,79.0,144.0
393.0,268.0,82.0,148.0
393.0,266.0,84.0,153.0
391.0,263.0,87.0,158.0
388.0,261.0,90.0,163.0
385.0,257.0,93.0,168.0
383.0,256.0,94.0,171.0
380.0,255.0,98.0,177.0
378.0,255.0,97.0,174.0
370.0,263.0,97.0,174.0
374.0,252.0,97.0,174.0
363.0,264.0,98.0,177.0
363.0,264.0,97.0,174.0
353.0,273.0,97.0,174.0
354.0,274.0,93.0,168.0
351.0,279.0,92.0,166.0
343.0,287.0,90.0,163.0
345.0,288.0,88.0,160.0
338.0,295.0,86.0,155.0
333.0,296.0,86.0,155.0
324.0,304.0,87.0,158.0
310.0,316.0,85.0,154.0
325.0,304.0,84.0,153.0
322.0,305.0,85.0,154.0
318.0,303.0,85.0,154.0
307.0,318.0,84.0,152.0
308.0,320.0,83.0,149.0
304.0,320.0,84.0,152.0
302.0,321.0,84.0,152.0
300.0,324.0,84.0,152.0
299.0,324.0,84.0,152.0
294.0,329.0,85.0,154.0
291.0,328.0,87.0,157.0
290.0,329.0,87.0,155.0
291.0,328.0,89.0,158.0
292.0,328.0,90.0,159.0
293.0,333.0,89.0,156.0
292.0,334.0,89.0,156.0
292.0,334.0,89.0,156.0
294.0,333.0,87.0,154.0
295.0,343.0,85.0,151.0
295.0,343.0,85.0,151.0
298.0,345.0,84.0,149.0
301.0,349.0,83.0,146.0
304.0,351.0,81.0,144.0
306.0,353.0,80.0,141.0
308.0,354.0,80.0,141.0
309.0,354.0,81.0,144.0
311.0,352.0,83.0,146.0
312.0,351.0,84.0,147.0
315.0,352.0,83.0,144.0
315.0,351.0,84.0,145.0
316.0,352.0,83.0,145.0
318.0,354.0,81.0,141.0
320.0,354.0,82.0,142.0
320.0,354.0,83.0,146.0
321.0,352.0,85.0,150.0
323.0,356.0,83.0,148.0
324.0,356.0,82.0,148.0
325.0,357.0,81.0,148.0
327.0,358.0,81.0,146.0
328.0,357.0,83.0,148.0
330.0,360.0,81.0,143.0
332.0,360.0,81.0,142.0
333.0,360.0,81.0,142.0
334.0,362.0,80.0,138.0
nan,nan,nan,nan
nan,nan,nan,nan
nan,nan,nan,nan
nan,nan,nan,nan
nan,nan,nan,nan
nan,nan,nan,nan
nan,nan,nan,nan
nan,nan,nan,nan
nan,nan,nan,nan
nan,nan,nan,nan
nan,nan,nan,nan
nan,nan,nan,nan
nan,nan,nan,nan
nan,nan,nan,nan
nan,nan,nan,nan
nan,nan,nan,nan
nan,nan,nan,nan
nan,nan,nan,nan
nan,nan,nan,nan
nan,nan,nan,nan
nan,nan,nan,nan
nan,nan,nan,nan
nan,nan,nan,nan
nan,nan,nan,nan
nan,nan,nan,nan
nan,nan,nan,nan
310.0,370.0,102.0,174.0
308.0,371.0,102.0,174.0
310.0,375.0,96.0,166.0
307.0,385.0,95.0,163.0
304.0,381.0,99.0,169.0
304.0,380.0,96.0,166.0
298.0,386.0,99.0,169.0
300.0,386.0,95.0,163.0
296.0,393.0,95.0,163.0
293.0,387.0,100.0,172.0
294.0,389.0,96.0,170.0
291.0,393.0,99.0,176.0
289.0,389.0,102.0,186.0
290.0,395.0,97.0,176.0
288.0,400.0,99.0,179.0
285.0,398.0,102.0,185.0
283.0,399.0,104.0,187.0
281.0,398.0,105.0,189.0
278.0,397.0,109.0,195.0
276.0,394.0,114.0,203.0
276.0,399.0,111.0,202.0
277.0,400.0,108.0,196.0
280.0,407.0,105.0,190.0
281.0,411.0,105.0,190.0
280.0,412.0,105.0,190.0
279.0,414.0,105.0,190.0
282.0,422.0,101.0,183.0
282.0,424.0,102.0,187.0
283.0,425.0,102.0,187.0
285.0,426.0,102.0,187.0
287.0,422.0,102.0,187.0
290.0,423.0,101.0,183.0
292.0,423.0,101.0,183.0
294.0,423.0,101.0,183.0
296.0,428.0,101.0,183.0
298.0,429.0,101.0,183.0
301.0,433.0,101.0,183.0
302.0,434.0,101.0,183.0
303.0,434.0,102.0,187.0
304.0,434.0,105.0,190.0
306.0,434.0,105.0,190.0
307.0,433.0,106.0,193.0
309.0,437.0,106.0,193.0
311.0,438.0,106.0,193.0
314.0,440.0,106.0,193.0
315.0,439.0,108.0,196.0
317.0,438.0,110.0,199.0
320.0,438.0,110.0,199.0
324.0,438.0,108.0,196.0
327.0,441.0,108.0,196.0
329.0,444.0,108.0,196.0
331.0,443.0,110.0,199.0
333.0,442.0,110.0,199.0
335.0,443.0,110.0,199.0
336.0,442.0,112.0,203.0
338.0,436.0,112.0,203.0
340.0,439.0,112.0,203.0
343.0,438.0,112.0,203.0
345.0,440.0,112.0,203.0
348.0,437.0,112.0,203.0
350.0,441.0,112.0,203.0
353.0,441.0,112.0,203.0
356.0,441.0,110.0,199.0
358.0,442.0,112.0,203.0
360.0,443.0,112.0,203.0
363.0,444.0,112.0,203.0
364.0,441.0,114.0,206.0
366.0,445.0,114.0,206.0
368.0,445.0,114.0,206.0
370.0,445.0,114.0,206.0
373.0,444.0,114.0,206.0
377.0,445.0,112.0,203.0
381.0,444.0,110.0,199.0
383.0,444.0,108.0,196.0
384.0,446.0,108.0,196.0
386.0,446.0,106.0,193.0
387.0,445.0,106.0,193.0
389.0,446.0,106.0,193.0
389.0,444.0,108.0,196.0
392.0,445.0,106.0,193.0
392.0,445.0,106.0,193.0
392.0,445.0,106.0,193.0
394.0,440.0,106.0,193.0
396.0,440.0,106.0,193.0
398.0,439.0,106.0,193.0
399.0,440.0,106.0,193.0
401.0,444.0,105.0,190.0
402.0,445.0,105.0,190.0
404.0,444.0,105.0,190.0
405.0,445.0,106.0,193.0
406.0,441.0,106.0,193.0
406.0,438.0,110.0,199.0
406.0,435.0,112.0,203.0
407.0,431.0,112.0,203.0
407.0,429.0,114.0,206.0
408.0,429.0,116.0,210.0
407.0,427.0,120.0,217.0
407.0,429.0,118.0,213.0
407.0,431.0,118.0,213.0
407.0,425.0,120.0,217.0
412.0,424.0,118.0,213.0
415.0,421.0,116.0,210.0
414.0,419.0,118.0,213.0
417.0,418.0,118.0,213.0
419.0,416.0,118.0,213.0
420.0,415.0,118.0,213.0
423.0,419.0,116.0,210.0
428.0,418.0,114.0,206.0
430.0,418.0,114.0,206.0
433.0,419.0,112.0,203.0
434.0,417.0,112.0,203.0
434.0,414.0,114.0,206.0
436.0,416.0,114.0,206.0
439.0,414.0,114.0,206.0
442.0,411.0,114.0,206.0
445.0,411.0,114.0,206.0
446.0,410.0,114.0,206.0
446.0,403.0,118.0,213.0
448.0,402.0,118.0,213.0
450.0,403.0,116.0,210.0
452.0,401.0,116.0,210.0
454.0,400.0,116.0,210.0
457.0,403.0,114.0,206.0
459.0,402.0,114.0,206.0
461.0,400.0,114.0,206.0
462.0,398.0,116.0,210.0
465.0,402.0,112.0,203.0
464.0,396.0,116.0,210.0
466.0,395.0,116.0,210.0
469.0,396.0,114.0,206.0
470.0,393.0,116.0,210.0
472.0,394.0,116.0,210.0
475.0,395.0,114.0,206.0
476.0,394.0,114.0,206.0
478.0,394.0,114.0,206.0
477.0,391.0,116.0,210.0
479.0,390.0,116.0,210.0
480.0,390.0,116.0,210.0
482.0,389.0,116.0,210.0
483.0,391.0,114.0,206.0
482.0,390.0,116.0,210.0
480.0,388.0,118.0,213.0
480.0,390.0,118.0,213.0
476.0,389.0,120.0,217.0
474.0,391.0,120.0,217.0
470.0,390.0,122.0,221.0
466.0,388.0,125.0,225.0
460.0,386.0,127.0,228.0
461.0,395.0,120.0,217.0
461.0,401.0,116.0,210.0
461.0,408.0,110.0,199.0
459.0,409.0,110.0,199.0
454.0,409.0,110.0,199.0
452.0,411.0,108.0,196.0
445.0,407.0,112.0,203.0
440.0,409.0,112.0,203.0
436.0,409.0,112.0,203.0
435.0,410.0,112.0,203.0
428.0,414.0,112.0,203.0
426.0,412.0,112.0,203.0
424.0,415.0,112.0,203.0
422.0,416.0,112.0,203.0
422.0,418.0,110.0,199.0
420.0,418.0,112.0,203.0
418.0,418.0,112.0,203.0
416.0,417.0,112.0,203.0
418.0,416.0,111.0,204.0
418.0,419.0,111.0,205.0
419.0,420.0,110.0,206.0
419.0,415.0,112.0,210.0
420.0,419.0,112.0,210.0
421.0,419.0,112.0,210.0
422.0,419.0,112.0,210.0
425.0,420.0,112.0,210.0
426.0,420.0,112.0,210.0
427.0,420.0,112.0,210.0
429.0,420.0,112.0,210.0
431.0,421.0,112.0,210.0
432.0,422.0,112.0,210.0
434.0,422.0,112.0,210.0
435.0,422.0,113.0,210.0
438.0,424.0,111.0,206.0
440.0,424.0,111.0,206.0
440.0,420.0,112.0,210.0
441.0,419.0,115.0,213.0
443.0,420.0,115.0,213.0
446.0,420.0,115.0,213.0
447.0,420.0,115.0,213.0
449.0,420.0,115.0,213.0
451.0,420.0,115.0,213.0
452.0,420.0,115.0,213.0
454.0,419.0,115.0,213.0
457.0,421.0,112.0,210.0
459.0,421.0,112.0,210.0
460.0,421.0,112.0,210.0
462.0,421.0,112.0,210.0
464.0,421.0,112.0,210.0
466.0,421.0,112.0,210.0
467.0,420.0,112.0,210.0
471.0,421.0,110.0,206.0
475.0,424.0,108.0,202.0
478.0,424.0,108.0,202.0
479.0,424.0,108.0,202.0
479.0,421.0,110.0,206.0
480.0,421.0,110.0,206.0
483.0,421.0,110.0,206.0
485.0,420.0,110.0,206.0
487.0,419.0,110.0,206.0
490.0,420.0,110.0,206.0
492.0,421.0,110.0,206.0
494.0,421.0,110.0,206.0
495.0,421.0,110.0,206.0
496.0,421.0,110.0,206.0
497.0,421.0,110.0,206.0
500.0,421.0,110.0,206.0
501.0,421.0,110.0,206.0
502.0,420.0,112.0,210.0
504.0,419.0,112.0,210.0
506.0,419.0,112.0,210.0
509.0,419.0,112.0,210.0
511.0,418.0,112.0,210.0
513.0,418.0,112.0,210.0
514.0,418.0,112.0,210.0
517.0,418.0,112.0,210.0
518.0,416.0,115.0,213.0
520.0,416.0,115.0,213.0
520.0,415.0,116.0,217.0
522.0,415.0,116.0,217.0
523.0,415.0,116.0,217.0
525.0,414.0,116.0,217.0
527.0,414.0,116.0,217.0
528.0,414.0,116.0,217.0
530.0,413.0,116.0,217.0
533.0,412.0,116.0,217.0
535.0,412.0,116.0,217.0
535.0,410.0,118.0,221.0
536.0,411.0,118.0,221.0
537.0,411.0,118.0,221.0
539.0,411.0,118.0,221.0
541.0,412.0,118.0,221.0
542.0,412.0,118.0,221.0
543.0,411.0,118.0,221.0
545.0,410.0,118.0,221.0
545.0,409.0,118.0,221.0
546.0,411.0,118.0,221.0
547.0,412.0,118.0,221.0
546.0,411.0,121.0,225.0
547.0,412.0,121.0,222.0
547.0,413.0,121.0,219.0
547.0,415.0,121.0,217.0
549.0,414.0,121.0,218.0
552.0,415.0,118.0,215.0
554.0,415.0,118.0,216.0
555.0,415.0,119.0,216.0
555.0,415.0,119.0,216.0
555.0,415.0,120.0,216.0
557.0,417.0,119.0,213.0
559.0,419.0,119.0,212.0
560.0,421.0,118.0,210.0
562.0,423.0,118.0,207.0
564.0,427.0,116.0,201.0
566.0,430.0,116.0,198.0
566.0,431.0,116.0,196.0
566.0,433.0,116.0,195.0
566.0,434.0,116.0,193.0
567.0,434.0,116.0,194.0
567.0,433.0,117.0,195.0
568.0,433.0,117.0,195.0
nan,nan,nan,nan
nan,nan,nan,nan
nan,nan,nan,nan
nan,nan,nan,nan
nan,nan,nan,nan
nan,nan,nan,nan
nan,nan,nan,nan
nan,nan,nan,nan
nan,nan,nan,nan
nan,nan,nan,nan
nan,nan,nan,nan
nan,nan,nan,nan
nan,nan,nan,nan
nan,nan,nan,nan
nan,nan,nan,nan
nan,nan,nan,nan
nan,nan,nan,nan
nan,nan,nan,nan
nan,nan,nan,nan
nan,nan,nan,nan
nan,nan,nan,nan
nan,nan,nan,nan
nan,nan,nan,nan
nan,nan,nan,nan
nan,nan,nan,nan
nan,nan,nan,nan
nan,nan,nan,nan
nan,nan,nan,nan
nan,nan,nan,nan
nan,nan,nan,nan
nan,nan,nan,nan
nan,nan,nan,nan
nan,nan,nan,nan
nan,nan,nan,nan
nan,nan,nan,nan
nan,nan,nan,nan
nan,nan,nan,nan
nan,nan,nan,nan
nan,nan,nan,nan
nan,nan,nan,nan
nan,nan,nan,nan
nan,nan,nan,nan
nan,nan,nan,nan
nan,nan,nan,nan
nan,nan,nan,nan
nan,nan,nan,nan
nan,nan,nan,nan
585.0,463.0,98.0,163.0
586.0,463.0,97.0,165.0
585.0,463.0,96.0,165.0
586.0,463.0,96.0,167.0
584.0,463.0,97.0,167.0
583.0,466.0,97.0,164.0
583.0,468.0,97.0,161.0
582.0,468.0,98.0,161.0
582.0,468.0,99.0,162.0
582.0,470.0,98.0,159.0
584.0,468.0,96.0,159.0
586.0,465.0,95.0,161.0
587.0,462.0,94.0,164.0
587.0,462.0,94.0,164.0
587.0,462.0,94.0,164.0
588.0,463.0,92.0,160.0
588.0,464.0,92.0,160.0
589.0,466.0,91.0,158.0
590.0,467.0,89.0,155.0
590.0,467.0,87.0,155.0
590.0,466.0,87.0,157.0
590.0,466.0,86.0,156.0
590.0,466.0,86.0,157.0
589.0,466.0,86.0,158.0
589.0,465.0,86.0,160.0
590.0,466.0,85.0,157.0
590.0,466.0,85.0,157.0
590.0,465.0,85.0,157.0
589.0,465.0,85.0,158.0
589.0,467.0,84.0,155.0
587.0,467.0,84.0,156.0
586.0,467.0,84.0,156.0
586.0,467.0,83.0,157.0
586.0,467.0,83.0,157.0
584.0,467.0,83.0,157.0
585.0,468.0,81.0,155.0
583.0,468.0,81.0,155.0
583.0,469.0,80.0,153.0
584.0,471.0,79.0,150.0
584.0,472.0,77.0,148.0
582.0,473.0,77.0,148.0
583.0,474.0,76.0,146.0
582.0,475.0,75.0,143.0
583.0,476.0,74.0,142.0
584.0,476.0,74.0,142.0
584.0,478.0,72.0,139.0
583.0,478.0,72.0,139.0
583.0,479.0,71.0,137.0
582.0,479.0,71.0,137.0
582.0,479.0,70.0,135.0
582.0,481.0,69.0,133.0
582.0,481.0,67.0,132.0
581.0,482.0,67.0,132.0
582.0,481.0,67.0,132.0
581.0,482.0,67.0,132.0
581.0,482.0,67.0,132.0
580.0,482.0,67.0,132.0
580.0,483.0,67.0,132.0
580.0,483.0,67.0,132.0
580.0,483.0,67.0,132.0
580.0,483.0,67.0,132.0
580.0,483.0,67.0,132.0
580.0,484.0,66.0,129.0
578.0,484.0,66.0,129.0
579.0,485.0,65.0,128.0
578.0,486.0,65.0,128.0
577.0,487.0,65.0,128.0
578.0,487.0,65.0,128.0
577.0,487.0,65.0,128.0
577.0,487.0,65.0,128.0
577.0,487.0,65.0,126.0
577.0,488.0,63.0,124.0
577.0,487.0,63.0,124.0
577.0,488.0,63.0,124.0
578.0,489.0,63.0,124.0
577.0,490.0,64.0,124.0
577.0,490.0,63.0,124.0
577.0,489.0,63.0,124.0
577.0,489.0,62.0,122.0
577.0,489.0,62.0,122.0
579.0,490.0,61.0,120.0
578.0,490.0,61.0,120.0
577.0,490.0,61.0,120.0
576.0,490.0,62.0,122.0
576.0,491.0,62.0,122.0
576.0,492.0,61.0,120.0
576.0,492.0,61.0,120.0
576.0,494.0,60.0,118.0
575.0,494.0,60.0,118.0
574.0,495.0,60.0,118.0
575.0,496.0,60.0,117.0
574.0,496.0,60.0,117.0
573.0,496.0,60.0,117.0
572.0,496.0,60.0,117.0
572.0,497.0,58.0,115.0
574.0,497.0,57.0,114.0
574.0,497.0,57.0,114.0
572.0,499.0,56.0,112.0
572.0,499.0,56.0,112.0
571.0,500.0,56.0,112.0
570.0,501.0,57.0,111.0
568.0,503.0,57.0,110.0
568.0,504.0,58.0,110.0
568.0,504.0,57.0,108.0
568.0,504.0,57.0,108.0
567.0,504.0,57.0,108.0
568.0,505.0,55.0,107.0
567.0,505.0,55.0,107.0
567.0,505.0,55.0,107.0
565.0,506.0,55.0,107.0
566.0,505.0,55.0,107.0
564.0,506.0,55.0,107.0
563.0,507.0,55.0,107.0
562.0,509.0,55.0,107.0
561.0,508.0,55.0,107.0
560.0,508.0,55.0,107.0
559.0,508.0,55.0,107.0
559.0,509.0,55.0,106.0
559.0,510.0,55.0,106.0
557.0,510.0,55.0,106.0
557.0,511.0,55.0,106.0
557.0,512.0,55.0,106.0
556.0,512.0,55.0,106.0
556.0,514.0,54.0,103.0
555.0,514.0,54.0,103.0
554.0,515.0,53.0,102.0
553.0,515.0,53.0,102.0
552.0,516.0,53.0,101.0
553.0,518.0,53.0,101.0
551.0,519.0,53.0,101.0
552.0,518.0,52.0,100.0
550.0,517.0,52.0,100.0
549.0,517.0,52.0,100.0
549.0,517.0,52.0,100.0
548.0,518.0,52.0,100.0
547.0,520.0,52.0,100.0
548.0,520.0,52.0,100.0
547.0,521.0,52.0,100.0
547.0,522.0,52.0,100.0
548.0,523.0,50.0,99.0
548.0,524.0,50.0,99.0
548.0,525.0,50.0,97.0
549.0,525.0,50.0,97.0
548.0,526.0,49.0,96.0
547.0,526.0,49.0,96.0
547.0,526.0,49.0,96.0
548.0,526.0,49.0,96.0
549.0,527.0,49.0,96.0
548.0,527.0,49.0,96.0
547.0,527.0,49.0,96.0
545.0,527.0,49.0,96.0
546.0,528.0,49.0,96.0
546.0,528.0,49.0,96.0
546.0,527.0,49.0,96.0
546.0,529.0,49.0,96.0
545.0,532.0,49.0,96.0
545.0,533.0,50.0,97.0
544.0,533.0,50.0,97.0
544.0,533.0,50.0,98.0
543.0,534.0,50.0,98.0
543.0,532.0,52.0,100.0
543.0,533.0,52.0,100.0
542.0,533.0,52.0,100.0
542.0,534.0,52.0,100.0
543.0,535.0,52.0,100.0
542.0,535.0,52.0,100.0
542.0,534.0,53.0,101.0
542.0,533.0,53.0,101.0
542.0,533.0,53.0,102.0
541.0,535.0,53.0,102.0
540.0,534.0,54.0,103.0
539.0,537.0,54.0,103.0
540.0,537.0,53.0,102.0
540.0,537.0,53.0,102.0
540.0,536.0,54.0,103.0
539.0,536.0,54.0,103.0
537.0,538.0,54.0,103.0
537.0,538.0,54.0,103.0
537.0,537.0,54.0,103.0
536.0,536.0,55.0,106.0
536.0,536.0,55.0,107.0
536.0,536.0,55.0,107.0
537.0,537.0,55.0,107.0
537.0,536.0,55.0,107.0
537.0,536.0,55.0,107.0
538.0,537.0,55.0,107.0
537.0,535.0,57.0,108.0
536.0,535.0,58.0,110.0
534.0,536.0,58.0,110.0
534.0,540.0,58.0,110.0
533.0,541.0,58.0,110.0
533.0,540.0,59.0,112.0
533.0,541.0,59.0,112.0
533.0,540.0,59.0,112.0
532.0,540.0,59.0,113.0
530.0,540.0,59.0,113.0
531.0,540.0,59.0,113.0
531.0,539.0,59.0,113.0
532.0,539.0,59.0,113.0
532.0,536.0,60.0,115.0
533.0,535.0,60.0,115.0
533.0,538.0,60.0,115.0
534.0,535.0,60.0,115.0
533.0,535.0,61.0,116.0
534.0,534.0,61.0,116.0
535.0,535.0,61.0,116.0
535.0,536.0,61.0,116.0
536.0,535.0,61.0,116.0
535.0,536.0,61.0,116.0
533.0,534.0,61.0,116.0
533.0,537.0,61.0,116.0
537.0,543.0,61.0,116.0
537.0,544.0,63.0,118.0
538.0,544.0,63.0,118.0
537.0,542.0,63.0,120.0
537.0,540.0,63.0,120.0
537.0,541.0,63.0,120.0
538.0,539.0,63.0,120.0
538.0,540.0,63.0,120.0
538.0,541.0,63.0,120.0
537.0,541.0,63.0,120.0
537.0,541.0,63.0,120.0
537.0,541.0,63.0,120.0
537.0,543.0,63.0,120.0
537.0,543.0,63.0,120.0
538.0,545.0,63.0,120.0
538.0,546.0,63.0,120.0
538.0,545.0,63.0,120.0
537.0,547.0,63.0,120.0
538.0,544.0,63.0,120.0
538.0,548.0,63.0,120.0
538.0,546.0,63.0,120.0
538.0,548.0,64.0,122.0
538.0,547.0,65.0,123.0
537.0,548.0,65.0,123.0
538.0,548.0,65.0,123.0
537.0,547.0,66.0,126.0
536.0,548.0,66.0,126.0
537.0,546.0,66.0,126.0
537.0,547.0,66.0,126.0
537.0,548.0,66.0,126.0
537.0,548.0,66.0,126.0
536.0,547.0,66.0,126.0
537.0,546.0,66.0,126.0
537.0,549.0,66.0,126.0
537.0,547.0,66.0,126.0
538.0,551.0,66.0,126.0
538.0,551.0,66.0,126.0
538.0,554.0,66.0,126.0
538.0,554.0,66.0,126.0
537.0,553.0,66.0,126.0
536.0,552.0,66.0,126.0
536.0,554.0,66.0,126.0
535.0,555.0,66.0,126.0
535.0,556.0,66.0,126.0
534.0,556.0,66.0,126.0
533.0,556.0,66.0,126.0
532.0,557.0,66.0,126.0
530.0,559.0,66.0,126.0
530.0,557.0,66.0,126.0
530.0,558.0,66.0,126.0
529.0,558.0,68.0,127.0
528.0,561.0,68.0,127.0
527.0,563.0,68.0,127.0
525.0,567.0,68.0,127.0
524.0,566.0,68.0,127.0
523.0,565.0,68.0,127.0
522.0,565.0,68.0,127.0
521.0,566.0,68.0,127.0
520.0,566.0,68.0,127.0
519.0,566.0,68.0,127.0
519.0,566.0,68.0,127.0
518.0,565.0,68.0,127.0
518.0,566.0,68.0,127.0
517.0,565.0,68.0,127.0
517.0,566.0,68.0,127.0
516.0,566.0,68.0,127.0
515.0,569.0,68.0,127.0
512.0,570.0,68.0,127.0
510.0,572.0,68.0,127.0
509.0,572.0,68.0,127.0
507.0,572.0,68.0,127.0
506.0,574.0,66.0,126.0
504.0,573.0,66.0,126.0
503.0,572.0,66.0,126.0
503.0,573.0,66.0,126.0
501.0,573.0,66.0,126.0
498.0,573.0,68.0,127.0
496.0,573.0,68.0,127.0
496.0,573.0,68.0,127.0
496.0,572.0,68.0,127.0
495.0,572.0,68.0,127.0
493.0,572.0,68.0,127.0
491.0,574.0,69.0,129.0
490.0,574.0,69.0,129.0
490.0,574.0,69.0,129.0
490.0,575.0,69.0,129.0
489.0,573.0,70.0,131.0
488.0,574.0,70.0,131.0
486.0,573.0,70.0,131.0
484.0,572.0,70.0,131.0
484.0,570.0,70.0,131.0
484.0,571.0,70.0,131.0
484.0,570.0,70.0,131.0
484.0,569.0,71.0,133.0
484.0,569.0,71.0,133.0
484.0,567.0,71.0,133.0
483.0,568.0,71.0,133.0
482.0,568.0,70.0,131.0
481.0,563.0,71.0,133.0
480.0,563.0,73.0,135.0
481.0,564.0,73.0,135.0
481.0,561.0,73.0,135.0
481.0,564.0,73.0,135.0
481.0,560.0,73.0,135.0
480.0,555.0,73.0,135.0
486.0,570.0,73.0,135.0
486.0,570.0,73.0,135.0
486.0,569.0,73.0,135.0
486.0,569.0,73.0,135.0
486.0,569.0,73.0,135.0
487.0,566.0,73.0,135.0
487.0,566.0,73.0,135.0
488.0,566.0,73.0,135.0
488.0,566.0,73.0,135.0
486.0,563.0,74.0,137.0
483.0,560.0,74.0,137.0
480.0,556.0,75.0,139.0
483.0,557.0,75.0,139.0
484.0,553.0,75.0,139.0
492.0,565.0,75.0,139.0
493.0,562.0,75.0,139.0
493.0,562.0,75.0,139.0
492.0,557.0,74.0,137.0
491.0,549.0,75.0,139.0
491.0,548.0,75.0,139.0
489.0,542.0,75.0,139.0
