550.0,553.0,63.0,106.0
541.0,550.0,64.0,108.0
531.0,547.0,65.0,110.0
522.0,545.0,66.0,111.0
513.0,541.0,66.0,114.0
504.0,538.0,66.0,115.0
495.0,534.0,66.0,117.0
486.0,530.0,67.0,118.0
477.0,527.0,67.0,118.0
469.0,524.0,67.0,118.0
461.0,521.0,66.0,115.0
452.0,519.0,66.0,113.0
444.0,516.0,66.0,110.0
436.0,514.0,64.0,110.0
428.0,512.0,63.0,109.0
421.0,510.0,61.0,108.0
413.0,508.0,61.0,109.0
405.0,507.0,62.0,110.0
397.0,505.0,62.0,111.0
390.0,504.0,62.0,112.0
382.0,503.0,62.0,113.0
374.0,501.0,63.0,115.0
367.0,500.0,63.0,115.0
359.0,498.0,63.0,115.0
352.0,495.0,63.0,115.0
345.0,492.0,64.0,114.0
339.0,490.0,65.0,113.0
333.0,487.0,65.0,111.0
328.0,484.0,65.0,109.0
324.0,481.0,66.0,108.0
320.0,478.0,67.0,107.0
316.0,475.0,67.0,107.0
314.0,472.0,68.0,108.0
312.0,468.0,68.0,109.0
310.0,465.0,68.0,110.0
309.0,462.0,68.0,111.0
308.0,458.0,67.0,111.0
308.0,455.0,67.0,111.0
308.0,451.0,66.0,112.0
308.0,447.0,66.0,112.0
307.0,444.0,65.0,111.0
306.0,439.0,64.0,110.0
306.0,435.0,62.0,109.0
306.0,431.0,61.0,106.0
305.0,427.0,60.0,105.0
305.0,424.0,59.0,103.0
305.0,420.0,58.0,102.0
305.0,417.0,58.0,102.0
305.0,413.0,57.0,101.0
305.0,410.0,57.0,102.0
304.0,407.0,57.0,102.0
303.0,405.0,56.0,102.0
302.0,402.0,56.0,103.0
302.0,399.0,56.0,103.0
301.0,397.0,56.0,104.0
301.0,396.0,56.0,104.0
298.0,391.0,55.0,105.0
299.0,389.0,55.0,105.0
297.0,387.0,55.0,104.0
296.0,385.0,55.0,104.0
294.0,381.0,54.0,102.0
293.0,380.0,54.0,101.0
292.0,379.0,54.0,100.0
290.0,377.0,54.0,98.0
290.0,376.0,54.0,96.0
292.0,373.0,54.0,94.0
293.0,371.0,54.0,92.0
297.0,369.0,55.0,92.0
302.0,366.0,57.0,91.0
307.0,364.0,57.0,90.0
313.0,361.0,57.0,90.0
319.0,357.0,57.0,89.0
325.0,354.0,57.0,89.0
331.0,351.0,57.0,89.0
337.0,348.0,57.0,89.0
344.0,345.0,57.0,89.0
350.0,342.0,56.0,88.0
357.0,339.0,56.0,88.0
363.0,336.0,56.0,88.0
369.0,333.0,56.0,88.0
376.0,331.0,56.0,88.0
383.0,328.0,56.0,88.0
389.0,326.0,56.0,88.0
395.0,323.0,56.0,88.0
402.0,321.0,56.0,88.0
407.0,319.0,56.0,88.0
414.0,318.0,56.0,88.0
420.0,316.0,56.0,88.0
427.0,314.0,53.0,87.0
433.0,313.0,52.0,88.0
439.0,311.0,51.0,88.0
444.0,309.0,50.0,89.0
449.0,308.0,50.0,90.0
453.0,307.0,50.0,91.0
458.0,305.0,49.0,91.0
464.0,305.0,48.0,91.0
469.0,304.0,47.0,90.0
473.0,303.0,47.0,91.0
478.0,301.0,47.0,92.0
483.0,301.0,46.0,93.0
487.0,300.0,47.0,93.0
491.0,300.0,47.0,94.0
494.0,299.0,48.0,94.0
499.0,300.0,48.0,94.0
502.0,299.0,49.0,93.0
506.0,299.0,49.0,92.0
511.0,300.0,50.0,91.0
515.0,300.0,50.0,91.0
519.0,300.0,50.0,90.0
523.0,301.0,51.0,89.0
527.0,302.0,52.0,88.0
531.0,303.0,52.0,88.0
536.0,304.0,53.0,87.0
541.0,304.0,53.0,87.0
546.0,306.0,53.0,87.0
552.0,306.0,53.0,87.0
557.0,308.0,53.0,87.0
562.0,309.0,52.0,88.0
568.0,311.0,52.0,88.0
574.0,312.0,51.0,88.0
579.0,314.0,51.0,89.0
585.0,316.0,50.0,88.0
591.0,317.0,50.0,88.0
596.0,319.0,49.0,88.0
602.0,322.0,49.0,88.0
607.0,324.0,49.0,88.0
612.0,326.0,49.0,88.0
616.0,329.0,49.0,87.0
622.0,332.0,49.0,87.0
627.0,334.0,49.0,87.0
631.0,337.0,49.0,87.0
635.0,341.0,49.0,87.0
639.0,344.0,49.0,87.0
643.0,347.0,49.0,87.0
646.0,351.0,49.0,87.0
649.0,354.0,49.0,87.0
652.0,357.0,49.0,86.0
653.0,361.0,50.0,86.0
655.0,364.0,51.0,87.0
657.0,367.0,52.0,87.0
658.0,371.0,52.0,87.0
660.0,375.0,52.0,88.0
661.0,378.0,53.0,87.0
662.0,382.0,53.0,87.0
663.0,386.0,53.0,86.0
664.0,390.0,53.0,86.0
665.0,394.0,52.0,85.0
666.0,398.0,52.0,84.0
666.0,403.0,52.0,85.0
667.0,407.0,52.0,85.0
667.0,411.0,52.0,86.0
667.0,415.0,52.0,86.0
666.0,420.0,51.0,86.0
666.0,425.0,51.0,87.0
667.0,429.0,51.0,87.0
666.0,434.0,51.0,89.0
666.0,439.0,51.0,90.0
666.0,444.0,51.0,89.0
665.0,449.0,50.0,88.0
665.0,454.0,50.0,88.0
664.0,459.0,50.0,88.0
664.0,464.0,50.0,88.0
663.0,469.0,50.0,87.0
662.0,475.0,50.0,87.0
662.0,479.0,50.0,86.0
661.0,484.0,50.0,86.0
660.0,489.0,51.0,86.0
659.0,494.0,51.0,86.0
658.0,499.0,52.0,87.0
658.0,504.0,52.0,86.0
657.0,509.0,52.0,87.0
657.0,514.0,52.0,86.0
657.0,520.0,52.0,86.0
657.0,524.0,52.0,86.0
656.0,529.0,51.0,86.0
656.0,534.0,51.0,88.0
656.0,539.0,51.0,90.0
656.0,544.0,51.0,91.0
656.0,548.0,51.0,92.0
655.0,553.0,51.0,92.0
655.0,558.0,51.0,93.0
655.0,563.0,51.0,92.0
654.0,568.0,51.0,92.0
654.0,573.0,51.0,91.0
653.0,578.0,52.0,92.0
652.0,583.0,53.0,91.0
651.0,588.0,54.0,91.0
650.0,593.0,54.0,90.0
649.0,598.0,54.0,89.0
648.0,603.0,54.0,88.0
646.0,608.0,55.0,89.0
645.0,614.0,55.0,89.0
643.0,619.0,55.0,88.0
641.0,624.0,55.0,87.0
639.0,629.0,55.0,87.0
637.0,634.0,55.0,86.0
635.0,640.0,56.0,84.0
631.0,646.0,57.0,81.0
628.0,652.0,58.0,79.0
627.0,658.0,57.0,76.0
625.0,664.0,55.0,72.0
623.0,670.0,53.0,69.0
nan,nan,nan,nan
nan,nan,nan,nan
nan,nan,nan,nan
nan,nan,nan,nan
nan,nan,nan,nan
nan,nan,nan,nan
nan,nan,nan,nan
nan,nan,nan,nan
nan,nan,nan,nan
nan,nan,nan,nan
nan,nan,nan,nan
nan,nan,nan,nan
nan,nan,nan,nan
nan,nan,nan,nan
nan,nan,nan,nan
nan,nan,nan,nan
nan,nan,nan,nan
nan,nan,nan,nan
nan,nan,nan,nan
nan,nan,nan,nan
nan,nan,nan,nan
nan,nan,nan,nan
nan,nan,nan,nan
nan,nan,nan,nan
nan,nan,nan,nan
nan,nan,nan,nan
nan,nan,nan,nan
nan,nan,nan,nan
nan,nan,nan,nan
nan,nan,nan,nan
nan,nan,nan,nan
nan,nan,nan,nan
nan,nan,nan,nan
nan,nan,nan,nan
nan,nan,nan,nan
nan,nan,nan,nan
nan,nan,nan,nan
nan,nan,nan,nan
nan,nan,nan,nan
nan,nan,nan,nan
nan,nan,nan,nan
nan,nan,nan,nan
nan,nan,nan,nan
nan,nan,nan,nan
nan,nan,nan,nan
nan,nan,nan,nan
nan,nan,nan,nan
nan,nan,nan,nan
nan,nan,nan,nan
nan,nan,nan,nan
nan,nan,nan,nan
nan,nan,nan,nan
nan,nan,nan,nan
nan,nan,nan,nan
nan,nan,nan,nan
nan,nan,nan,nan
nan,nan,nan,nan
nan,nan,nan,nan
nan,nan,nan,nan
nan,nan,nan,nan
nan,nan,nan,nan
nan,nan,nan,nan
nan,nan,nan,nan
nan,nan,nan,nan
nan,nan,nan,nan
nan,nan,nan,nan
nan,nan,nan,nan
nan,nan,nan,nan
616.0,680.0,56.0,77.0
618.0,678.0,57.0,79.0
622.0,675.0,59.0,81.0
625.0,674.0,60.0,83.0
627.0,671.0,60.0,86.0
641.0,667.0,60.0,90.0
646.0,663.0,60.0,93.0
652.0,659.0,60.0,93.0
647.0,656.0,59.0,93.0
651.0,652.0,59.0,93.0
656.0,648.0,58.0,96.0
648.0,644.0,58.0,99.0
651.0,641.0,58.0,102.0
663.0,639.0,57.0,103.0
665.0,636.0,57.0,104.0
673.0,633.0,56.0,104.0
679.0,629.0,55.0,102.0
695.0,626.0,55.0,101.0
699.0,623.0,54.0,99.0
701.0,620.0,54.0,99.0
705.0,617.0,55.0,100.0
727.0,613.0,55.0,101.0
736.0,611.0,55.0,101.0
735.0,607.0,55.0,101.0
739.0,605.0,55.0,101.0
750.0,603.0,55.0,101.0
756.0,602.0,55.0,101.0
762.0,599.0,55.0,101.0
754.0,597.0,56.0,102.0
752.0,594.0,58.0,103.0
757.0,592.0,59.0,104.0
760.0,589.0,60.0,106.0
769.0,586.0,60.0,107.0
771.0,583.0,60.0,109.0
780.0,581.0,59.0,109.0
788.0,578.0,59.0,109.0
789.0,575.0,58.0,109.0
795.0,573.0,57.0,107.0
812.0,571.0,56.0,105.0
828.0,569.0,55.0,103.0
832.0,567.0,55.0,103.0
835.0,564.0,55.0,103.0
836.0,561.0,55.0,103.0
835.0,558.0,55.0,105.0
838.0,554.0,55.0,107.0
840.0,552.0,55.0,109.0
841.0,549.0,55.0,109.0
840.0,546.0,55.0,108.0
842.0,543.0,55.0,108.0
842.0,542.0,55.0,106.0
846.0,540.0,55.0,104.0
843.0,538.0,54.0,102.0
840.0,536.0,55.0,102.0
836.0,533.0,56.0,102.0
834.0,530.0,57.0,102.0
831.0,527.0,57.0,104.0
831.0,525.0,56.0,105.0
819.0,521.0,56.0,106.0
813.0,518.0,56.0,106.0
809.0,516.0,55.0,106.0
809.0,515.0,55.0,106.0
807.0,513.0,54.0,105.0
804.0,511.0,54.0,104.0
803.0,510.0,54.0,102.0
803.0,508.0,53.0,102.0
799.0,507.0,53.0,101.0
798.0,505.0,53.0,101.0
797.0,502.0,52.0,102.0
795.0,500.0,52.0,103.0
792.0,498.0,51.0,104.0
786.0,496.0,51.0,104.0
774.0,495.0,50.0,103.0
771.0,493.0,50.0,103.0
765.0,492.0,50.0,101.0
763.0,491.0,50.0,99.0
765.0,490.0,50.0,96.0
761.0,489.0,50.0,96.0
764.0,487.0,50.0,96.0
762.0,485.0,50.0,96.0
759.0,484.0,51.0,98.0
760.0,482.0,52.0,100.0
759.0,481.0,53.0,102.0
759.0,480.0,52.0,102.0
758.0,479.0,52.0,103.0
761.0,478.0,51.0,104.0
761.0,477.0,51.0,103.0
759.0,476.0,51.0,102.0
758.0,476.0,51.0,101.0
752.0,475.0,50.0,100.0
749.0,474.0,50.0,98.0
747.0,474.0,49.0,96.0
744.0,473.0,49.0,97.0
750.0,472.0,48.0,98.0
749.0,470.0,47.0,99.0
745.0,470.0,48.0,99.0
741.0,469.0,48.0,99.0
737.0,469.0,48.0,99.0
739.0,469.0,48.0,98.0
741.0,470.0,48.0,97.0
743.0,468.0,48.0,96.0
743.0,469.0,48.0,96.0
740.0,470.0,48.0,96.0
738.0,470.0,48.0,96.0
736.0,470.0,49.0,98.0
737.0,469.0,49.0,100.0
726.0,467.0,49.0,101.0
722.0,467.0,50.0,102.0
715.0,466.0,50.0,103.0
712.0,466.0,50.0,103.0
704.0,466.0,51.0,103.0
693.0,467.0,52.0,102.0
688.0,466.0,53.0,101.0
703.0,467.0,52.0,99.0
705.0,467.0,52.0,98.0
715.0,468.0,51.0,96.0
715.0,467.0,51.0,98.0
713.0,467.0,51.0,99.0
705.0,466.0,50.0,101.0
702.0,466.0,50.0,102.0
694.0,465.0,50.0,103.0
690.0,465.0,50.0,103.0
680.0,466.0,50.0,103.0
671.0,467.0,50.0,102.0
661.0,468.0,50.0,102.0
657.0,469.0,50.0,100.0
657.0,469.0,50.0,98.0
653.0,470.0,50.0,96.0
657.0,470.0,50.0,97.0
664.0,471.0,51.0,98.0
672.0,471.0,51.0,99.0
662.0,471.0,52.0,100.0
663.0,471.0,53.0,101.0
670.0,471.0,53.0,102.0
665.0,472.0,53.0,102.0
653.0,473.0,53.0,102.0
660.0,475.0,53.0,102.0
667.0,476.0,53.0,101.0
672.0,476.0,52.0,99.0
664.0,478.0,52.0,98.0
652.0,479.0,51.0,97.0
664.0,479.0,50.0,96.0
664.0,481.0,49.0,95.0
660.0,482.0,49.0,95.0
651.0,483.0,49.0,95.0
665.0,484.0,49.0,95.0
661.0,485.0,50.0,94.0
658.0,487.0,52.0,94.0
653.0,490.0,53.0,93.0
661.0,489.0,53.0,93.0
659.0,491.0,53.0,93.0
657.0,493.0,54.0,93.0
659.0,494.0,54.0,94.0
654.0,495.0,54.0,95.0
645.0,496.0,54.0,96.0
638.0,498.0,54.0,97.0
632.0,500.0,53.0,99.0
645.0,501.0,52.0,100.0
640.0,503.0,52.0,100.0
636.0,505.0,53.0,101.0
630.0,507.0,53.0,102.0
635.0,508.0,54.0,102.0
633.0,510.0,55.0,102.0
643.0,512.0,56.0,103.0
644.0,513.0,56.0,101.0
655.0,514.0,56.0,100.0
647.0,516.0,57.0,99.0
662.0,518.0,57.0,97.0
656.0,521.0,57.0,95.0
650.0,523.0,57.0,93.0
648.0,525.0,58.0,93.0
643.0,529.0,59.0,93.0
651.0,531.0,60.0,93.0
654.0,533.0,61.0,94.0
666.0,535.0,61.0,95.0
665.0,537.0,62.0,96.0
665.0,539.0,63.0,97.0
653.0,541.0,64.0,98.0
654.0,542.0,65.0,98.0
665.0,544.0,64.0,98.0
673.0,546.0,63.0,98.0
681.0,548.0,63.0,98.0
677.0,548.0,61.0,98.0
677.0,549.0,60.0,97.0
680.0,550.0,58.0,96.0
680.0,552.0,58.0,95.0
686.0,552.0,57.0,93.0
692.0,553.0,56.0,92.0
692.0,554.0,57.0,92.0
699.0,555.0,57.0,92.0
700.0,557.0,58.0,92.0
708.0,558.0,58.0,93.0
704.0,560.0,58.0,94.0
705.0,560.0,58.0,95.0
705.0,561.0,58.0,96.0
714.0,562.0,59.0,97.0
722.0,563.0,60.0,98.0
721.0,564.0,60.0,98.0
715.0,565.0,59.0,99.0
716.0,566.0,59.0,100.0
725.0,567.0,60.0,100.0
730.0,569.0,60.0,100.0
737.0,570.0,61.0,100.0
734.0,572.0,60.0,99.0
735.0,572.0,60.0,98.0
735.0,572.0,60.0,97.0
739.0,574.0,59.0,95.0
747.0,575.0,58.0,94.0
762.0,576.0,57.0,93.0
761.0,577.0,58.0,94.0
766.0,578.0,59.0,94.0
772.0,579.0,60.0,95.0
778.0,582.0,61.0,95.0
759.0,583.0,62.0,95.0
763.0,585.0,63.0,95.0
766.0,588.0,63.0,95.0
768.0,589.0,63.0,95.0
770.0,592.0,63.0,95.0
764.0,592.0,62.0,94.0
765.0,594.0,62.0,93.0
774.0,595.0,61.0,92.0
774.0,597.0,59.0,94.0
767.0,596.0,58.0,95.0
773.0,597.0,56.0,96.0
767.0,598.0,55.0,97.0
768.0,599.0,55.0,99.0
770.0,600.0,54.0,100.0
770.0,601.0,54.0,102.0
758.0,601.0,54.0,103.0
761.0,601.0,54.0,105.0
757.0,601.0,55.0,107.0
759.0,603.0,55.0,108.0
770.0,603.0,55.0,109.0
775.0,603.0,55.0,108.0
774.0,602.0,55.0,108.0
774.0,603.0,55.0,107.0
773.0,604.0,55.0,105.0
771.0,604.0,55.0,103.0
770.0,605.0,55.0,101.0
775.0,607.0,55.0,100.0
771.0,607.0,54.0,100.0
774.0,608.0,54.0,99.0
779.0,609.0,54.0,99.0
779.0,610.0,54.0,100.0
783.0,612.0,54.0,100.0
787.0,614.0,54.0,101.0
787.0,614.0,54.0,102.0
781.0,616.0,54.0,103.0
793.0,618.0,54.0,102.0
789.0,619.0,54.0,101.0
792.0,620.0,54.0,100.0
795.0,622.0,54.0,98.0
799.0,623.0,54.0,96.0
795.0,625.0,54.0,94.0
796.0,626.0,54.0,92.0
802.0,627.0,54.0,91.0
805.0,628.0,54.0,89.0
799.0,629.0,54.0,89.0
798.0,630.0,54.0,89.0
796.0,631.0,55.0,89.0
800.0,632.0,55.0,90.0
800.0,634.0,55.0,91.0
808.0,635.0,55.0,93.0
822.0,636.0,55.0,93.0
817.0,637.0,54.0,94.0
821.0,639.0,54.0,94.0
820.0,640.0,54.0,95.0
819.0,639.0,54.0,97.0
820.0,641.0,53.0,98.0
824.0,641.0,53.0,99.0
829.0,641.0,53.0,100.0
829.0,642.0,53.0,102.0
823.0,643.0,53.0,101.0
823.0,644.0,53.0,101.0
823.0,646.0,53.0,100.0
825.0,647.0,53.0,100.0
832.0,648.0,53.0,100.0
831.0,649.0,53.0,100.0
835.0,650.0,53.0,99.0
836.0,652.0,52.0,99.0
830.0,653.0,52.0,99.0
836.0,655.0,52.0,98.0
841.0,656.0,52.0,98.0
847.0,658.0,52.0,98.0
847.0,659.0,52.0,96.0
852.0,661.0,52.0,94.0
848.0,662.0,52.0,93.0
847.0,663.0,52.0,92.0
850.0,665.0,52.0,90.0
849.0,666.0,51.0,89.0
851.0,668.0,51.0,88.0
843.0,669.0,51.0,86.0
841.0,670.0,51.0,84.0
842.0,673.0,51.0,82.0
839.0,674.0,51.0,80.0
831.0,677.0,51.0,78.0
nan,nan,nan,nan
nan,nan,nan,nan
nan,nan,nan,nan
nan,nan,nan,nan
nan,nan,nan,nan
nan,nan,nan,nan
nan,nan,nan,nan
nan,nan,nan,nan
nan,nan,nan,nan
nan,nan,nan,nan
nan,nan,nan,nan
nan,nan,nan,nan
nan,nan,nan,nan
nan,nan,nan,nan
nan,nan,nan,nan
nan,nan,nan,nan
nan,nan,nan,nan
nan,nan,nan,nan
nan,nan,nan,nan
nan,nan,nan,nan
nan,nan,nan,nan
nan,nan,nan,nan
nan,nan,nan,nan
nan,nan,nan,nan
nan,nan,nan,nan
nan,nan,nan,nan
nan,nan,nan,nan
nan,nan,nan,nan
nan,nan,nan,nan
nan,nan,nan,nan
nan,nan,nan,nan
nan,nan,nan,nan
nan,nan,nan,nan
nan,nan,nan,nan
nan,nan,nan,nan
nan,nan,nan,nan
nan,nan,nan,nan
nan,nan,nan,nan
nan,nan,nan,nan
nan,nan,nan,nan
nan,nan,nan,nan
nan,nan,nan,nan
nan,nan,nan,nan
nan,nan,nan,nan
nan,nan,nan,nan
nan,nan,nan,nan
nan,nan,nan,nan
nan,nan,nan,nan
nan,nan,nan,nan
nan,nan,nan,nan
nan,nan,nan,nan
nan,nan,nan,nan
nan,nan,nan,nan
nan,nan,nan,nan
nan,nan,nan,nan
nan,nan,nan,nan
nan,nan,nan,nan
nan,nan,nan,nan
nan,nan,nan,nan
nan,nan,nan,nan
nan,nan,nan,nan
nan,nan,nan,nan
nan,nan,nan,nan
nan,nan,nan,nan
nan,nan,nan,nan
nan,nan,nan,nan
nan,nan,nan,nan
nan,nan,nan,nan
nan,nan,nan,nan
nan,nan,nan,nan
nan,nan,nan,nan
nan,nan,nan,nan
nan,nan,nan,nan
nan,nan,nan,nan
nan,nan,nan,nan
nan,nan,nan,nan
nan,nan,nan,nan
nan,nan,nan,nan
nan,nan,nan,nan
nan,nan,nan,nan
nan,nan,nan,nan
nan,nan,nan,nan
nan,nan,nan,nan
nan,nan,nan,nan
nan,nan,nan,nan
nan,nan,nan,nan
nan,nan,nan,nan
nan,nan,nan,nan
nan,nan,nan,nan
nan,nan,nan,nan
nan,nan,nan,nan
nan,nan,nan,nan
nan,nan,nan,nan
nan,nan,nan,nan
nan,nan,nan,nan
nan,nan,nan,nan
nan,nan,nan,nan
nan,nan,nan,nan
806.0,673.0,59.0,81.0
799.0,670.0,60.0,84.0
803.0,667.0,60.0,87.0
796.0,664.0,60.0,90.0
792.0,661.0,60.0,93.0
784.0,659.0,59.0,95.0
779.0,656.0,58.0,98.0
763.0,654.0,58.0,99.0
752.0,651.0,57.0,100.0
748.0,648.0,57.0,101.0
752.0,645.0,56.0,102.0
749.0,642.0,56.0,102.0
752.0,640.0,55.0,103.0
741.0,636.0,55.0,103.0
738.0,633.0,55.0,103.0
737.0,630.0,54.0,103.0
737.0,627.0,54.0,103.0
725.0,625.0,53.0,103.0
730.0,622.0,53.0,103.0
723.0,620.0,53.0,103.0
724.0,617.0,53.0,103.0
717.0,615.0,53.0,103.0
727.0,613.0,53.0,103.0
723.0,611.0,53.0,102.0
715.0,608.0,53.0,102.0
717.0,607.0,53.0,100.0
728.0,605.0,53.0,98.0
718.0,603.0,53.0,96.0
719.0,601.0,53.0,96.0
713.0,599.0,53.0,96.0
709.0,597.0,53.0,96.0
709.0,595.0,53.0,96.0
704.0,595.0,53.0,96.0
700.0,594.0,53.0,96.0
696.0,592.0,53.0,96.0
692.0,590.0,54.0,96.0
688.0,588.0,54.0,96.0
698.0,587.0,54.0,96.0
688.0,586.0,54.0,95.0
685.0,584.0,54.0,94.0
681.0,583.0,55.0,94.0
679.0,581.0,56.0,94.0
685.0,580.0,57.0,95.0
685.0,578.0,57.0,95.0
674.0,577.0,57.0,95.0
670.0,575.0,57.0,95.0
666.0,574.0,57.0,95.0
661.0,572.0,56.0,96.0
652.0,571.0,56.0,96.0
650.0,569.0,56.0,98.0
648.0,567.0,56.0,99.0
652.0,565.0,56.0,100.0
644.0,564.0,56.0,100.0
640.0,563.0,56.0,100.0
640.0,561.0,56.0,100.0
638.0,560.0,55.0,100.0
644.0,559.0,55.0,100.0
638.0,558.0,54.0,100.0
636.0,557.0,54.0,100.0
640.0,556.0,54.0,101.0
636.0,555.0,54.0,101.0
631.0,554.0,54.0,101.0
627.0,553.0,54.0,101.0
625.0,552.0,54.0,101.0
623.0,551.0,54.0,101.0
620.0,550.0,54.0,101.0
616.0,548.0,54.0,101.0
613.0,547.0,54.0,101.0
610.0,546.0,54.0,101.0
609.0,546.0,54.0,101.0
606.0,545.0,54.0,100.0
604.0,545.0,54.0,99.0
600.0,544.0,54.0,99.0
599.0,544.0,54.0,98.0
597.0,543.0,54.0,98.0
594.0,542.0,54.0,98.0
593.0,541.0,55.0,98.0
590.0,541.0,56.0,98.0
586.0,540.0,57.0,98.0
587.0,539.0,57.0,98.0
586.0,540.0,57.0,97.0
572.0,542.0,57.0,97.0
568.0,542.0,57.0,97.0
568.0,540.0,57.0,96.0
569.0,540.0,57.0,95.0
568.0,538.0,57.0,95.0
573.0,538.0,58.0,95.0
572.0,538.0,58.0,95.0
576.0,536.0,58.0,95.0
578.0,536.0,57.0,95.0
582.0,535.0,56.0,95.0
584.0,534.0,56.0,95.0
586.0,534.0,55.0,95.0
590.0,533.0,54.0,95.0
593.0,533.0,54.0,95.0
596.0,533.0,54.0,95.0
597.0,533.0,54.0,95.0
600.0,533.0,54.0,95.0
604.0,532.0,54.0,95.0
606.0,531.0,54.0,95.0
610.0,531.0,54.0,95.0
611.0,531.0,54.0,95.0
615.0,530.0,54.0,95.0
616.0,530.0,54.0,94.0
618.0,529.0,54.0,94.0
623.0,529.0,54.0,94.0
624.0,528.0,54.0,95.0
627.0,528.0,54.0,96.0
628.0,527.0,53.0,95.0
628.0,526.0,53.0,95.0
628.0,525.0,53.0,95.0
628.0,524.0,53.0,95.0
632.0,523.0,53.0,95.0
637.0,523.0,53.0,95.0
636.0,523.0,53.0,95.0
622.0,522.0,53.0,95.0
621.0,522.0,53.0,95.0
621.0,521.0,53.0,95.0
623.0,521.0,53.0,96.0
613.0,520.0,53.0,98.0
615.0,520.0,53.0,99.0
618.0,519.0,53.0,99.0
620.0,519.0,52.0,98.0
621.0,519.0,52.0,98.0
627.0,519.0,52.0,98.0
630.0,519.0,52.0,98.0
633.0,518.0,52.0,98.0
636.0,519.0,52.0,97.0
637.0,518.0,52.0,98.0
637.0,517.0,52.0,98.0
641.0,518.0,52.0,98.0
644.0,518.0,52.0,98.0
646.0,518.0,52.0,98.0
649.0,518.0,52.0,98.0
653.0,518.0,52.0,98.0
655.0,518.0,52.0,98.0
658.0,518.0,52.0,97.0
662.0,519.0,52.0,95.0
662.0,519.0,52.0,94.0
659.0,519.0,52.0,94.0
669.0,519.0,52.0,94.0
669.0,519.0,52.0,94.0
676.0,518.0,52.0,94.0
684.0,520.0,52.0,94.0
682.0,519.0,52.0,94.0
687.0,520.0,52.0,94.0
678.0,520.0,52.0,94.0
677.0,520.0,52.0,94.0
679.0,520.0,52.0,94.0
683.0,522.0,52.0,94.0
686.0,522.0,52.0,94.0
688.0,523.0,52.0,94.0
693.0,524.0,52.0,94.0
695.0,525.0,52.0,93.0
697.0,525.0,53.0,93.0
696.0,525.0,54.0,92.0
697.0,526.0,56.0,92.0
698.0,527.0,56.0,92.0
700.0,528.0,57.0,92.0
702.0,528.0,57.0,92.0
703.0,528.0,58.0,91.0
704.0,528.0,59.0,90.0
704.0,529.0,59.0,89.0
688.0,527.0,59.0,89.0
690.0,527.0,59.0,88.0
690.0,528.0,59.0,88.0
691.0,529.0,58.0,88.0
691.0,530.0,57.0,88.0
692.0,530.0,56.0,88.0
691.0,531.0,55.0,88.0
692.0,532.0,53.0,87.0
692.0,532.0,52.0,86.0
688.0,532.0,52.0,89.0
685.0,533.0,51.0,90.0
682.0,532.0,51.0,92.0
680.0,532.0,52.0,93.0
673.0,531.0,53.0,94.0
669.0,531.0,53.0,94.0
667.0,531.0,53.0,94.0
662.0,531.0,53.0,94.0
659.0,531.0,53.0,94.0
654.0,531.0,53.0,93.0
651.0,531.0,53.0,91.0
646.0,531.0,53.0,89.0
640.0,529.0,53.0,88.0
638.0,530.0,53.0,88.0
634.0,529.0,53.0,87.0
630.0,529.0,53.0,87.0
626.0,530.0,53.0,88.0
622.0,530.0,53.0,88.0
618.0,530.0,53.0,88.0
615.0,530.0,52.0,89.0
624.0,530.0,52.0,89.0
618.0,530.0,51.0,89.0
610.0,530.0,50.0,89.0
610.0,530.0,50.0,89.0
600.0,530.0,50.0,89.0
595.0,529.0,50.0,89.0
590.0,530.0,50.0,89.0
585.0,530.0,49.0,88.0
595.0,529.0,48.0,87.0
598.0,529.0,48.0,87.0
591.0,529.0,48.0,87.0
588.0,529.0,48.0,87.0
583.0,529.0,48.0,87.0
580.0,529.0,48.0,87.0
589.0,528.0,47.0,87.0
585.0,528.0,47.0,88.0
579.0,529.0,46.0,86.0
574.0,528.0,46.0,85.0
568.0,529.0,46.0,83.0
563.0,528.0,45.0,84.0
558.0,527.0,44.0,85.0
552.0,526.0,43.0,86.0
545.0,526.0,43.0,89.0
541.0,525.0,43.0,92.0
536.0,525.0,43.0,95.0
528.0,525.0,44.0,94.0
521.0,524.0,45.0,93.0
515.0,524.0,45.0,92.0
510.0,523.0,45.0,91.0
505.0,522.0,45.0,89.0
502.0,522.0,44.0,87.0
498.0,522.0,44.0,86.0
496.0,523.0,44.0,86.0
493.0,524.0,44.0,85.0
492.0,524.0,44.0,86.0
489.0,523.0,44.0,87.0
487.0,524.0,44.0,87.0
486.0,523.0,44.0,86.0
485.0,523.0,43.0,84.0
484.0,523.0,43.0,83.0
483.0,522.0,43.0,83.0
481.0,521.0,43.0,83.0
480.0,521.0,43.0,83.0
478.0,520.0,43.0,84.0
477.0,519.0,43.0,84.0
475.0,518.0,43.0,85.0
474.0,518.0,43.0,84.0
472.0,517.0,43.0,84.0
470.0,516.0,44.0,84.0
467.0,516.0,44.0,85.0
466.0,516.0,44.0,86.0
463.0,515.0,44.0,87.0
461.0,514.0,44.0,88.0
457.0,514.0,44.0,89.0
454.0,513.0,45.0,90.0
452.0,512.0,45.0,91.0
449.0,511.0,45.0,91.0
445.0,510.0,45.0,91.0
442.0,509.0,45.0,91.0
438.0,508.0,45.0,91.0
434.0,507.0,45.0,92.0
431.0,506.0,45.0,91.0
428.0,504.0,45.0,90.0
424.0,503.0,45.0,89.0
421.0,502.0,45.0,89.0
417.0,501.0,45.0,88.0
414.0,499.0,46.0,88.0
410.0,499.0,46.0,89.0
407.0,498.0,46.0,89.0
403.0,497.0,46.0,89.0
400.0,496.0,47.0,91.0
396.0,495.0,47.0,92.0
393.0,493.0,47.0,93.0
389.0,492.0,47.0,93.0
386.0,491.0,47.0,92.0
382.0,490.0,48.0,91.0
379.0,488.0,48.0,91.0
376.0,486.0,48.0,91.0
373.0,486.0,48.0,91.0
370.0,485.0,48.0,91.0
367.0,483.0,48.0,91.0
362.0,482.0,48.0,91.0
359.0,481.0,48.0,92.0
355.0,480.0,48.0,93.0
351.0,479.0,48.0,94.0
347.0,478.0,48.0,95.0
343.0,477.0,48.0,95.0
338.0,475.0,48.0,96.0
335.0,474.0,48.0,97.0
332.0,471.0,48.0,97.0
327.0,470.0,48.0,97.0
323.0,467.0,48.0,97.0
320.0,464.0,48.0,97.0
315.0,461.0,48.0,96.0
311.0,459.0,48.0,95.0
308.0,456.0,48.0,94.0
304.0,454.0,48.0,92.0
300.0,451.0,48.0,92.0
295.0,449.0,48.0,92.0
291.0,447.0,48.0,92.0
287.0,444.0,48.0,93.0
282.0,442.0,48.0,94.0
278.0,440.0,48.0,95.0
275.0,438.0,48.0,95.0
272.0,435.0,48.0,96.0
269.0,432.0,48.0,97.0
264.0,430.0,48.0,97.0
261.0,427.0,48.0,97.0
256.0,424.0,48.0,97.0
252.0,421.0,48.0,96.0
248.0,417.0,48.0,95.0
245.0,415.0,48.0,94.0
241.0,412.0,48.0,93.0
237.0,409.0,48.0,92.0
233.0,407.0,48.0,91.0
229.0,404.0,48.0,91.0
225.0,402.0,48.0,92.0
222.0,400.0,48.0,92.0
219.0,398.0,47.0,91.0
216.0,395.0,47.0,92.0
212.0,394.0,47.0,92.0
209.0,391.0,46.0,91.0
205.0,389.0,46.0,91.0
202.0,386.0,45.0,90.0
199.0,383.0,44.0,89.0
196.0,381.0,44.0,89.0
193.0,379.0,44.0,89.0
213.0,388.0,43.0,88.0
213.0,386.0,43.0,88.0
225.0,394.0,43.0,87.0
235.0,408.0,42.0,87.0
249.0,414.0,41.0,88.0
265.0,426.0,41.0,90.0
269.0,425.0,41.0,90.0
277.0,426.0,42.0,92.0
271.0,425.0,42.0,93.0
266.0,423.0,43.0,94.0
261.0,422.0,43.0,94.0
258.0,420.0,43.0,94.0
253.0,418.0,43.0,93.0
255.0,419.0,43.0,91.0
242.0,415.0,43.0,90.0
248.0,417.0,43.0,90.0
245.0,415.0,43.0,89.0
239.0,413.0,43.0,88.0
233.0,413.0,44.0,88.0
232.0,412.0,44.0,87.0
228.0,411.0,44.0,86.0
221.0,410.0,44.0,86.0
217.0,410.0,44.0,86.0
211.0,410.0,44.0,86.0
206.0,409.0,44.0,87.0
204.0,408.0,44.0,87.0
209.0,408.0,44.0,87.0
212.0,408.0,44.0,87.0
222.0,407.0,44.0,87.0
227.0,406.0,44.0,87.0
224.0,405.0,44.0,88.0
217.0,403.0,44.0,89.0
210.0,401.0,44.0,90.0
206.0,401.0,44.0,90.0
216.0,401.0,44.0,91.0
211.0,401.0,44.0,91.0
208.0,400.0,45.0,91.0
219.0,400.0,46.0,91.0
216.0,399.0,47.0,92.0
