410.0,307.0,38.0,68.0
410.0,307.0,38.0,68.0
410.0,307.0,38.0,68.0
410.0,307.0,37.0,68.0
410.0,308.0,37.0,67.0
410.0,308.0,37.0,67.0
410.0,308.0,37.0,68.0
409.0,308.0,38.0,69.0
409.0,307.0,38.0,69.0
409.0,308.0,38.0,69.0
409.0,308.0,38.0,69.0
408.0,308.0,38.0,69.0
408.0,309.0,37.0,68.0
408.0,309.0,37.0,68.0
408.0,309.0,37.0,68.0
408.0,310.0,37.0,68.0
408.0,310.0,37.0,68.0
409.0,310.0,37.0,68.0
409.0,311.0,37.0,68.0
408.0,311.0,37.0,68.0
409.0,311.0,37.0,69.0
409.0,312.0,37.0,69.0
409.0,313.0,37.0,68.0
409.0,314.0,37.0,67.0
410.0,314.0,37.0,67.0
410.0,315.0,37.0,67.0
411.0,315.0,37.0,67.0
411.0,316.0,37.0,67.0
412.0,317.0,37.0,67.0
412.0,317.0,37.0,67.0
412.0,318.0,37.0,67.0
413.0,318.0,37.0,67.0
413.0,319.0,37.0,67.0
414.0,320.0,37.0,67.0
414.0,320.0,37.0,67.0
415.0,321.0,37.0,67.0
415.0,321.0,37.0,67.0
415.0,321.0,37.0,68.0
415.0,321.0,37.0,68.0
415.0,321.0,37.0,68.0
416.0,322.0,36.0,68.0
416.0,322.0,36.0,68.0
417.0,323.0,36.0,68.0
417.0,324.0,36.0,68.0
417.0,324.0,36.0,69.0
418.0,325.0,36.0,69.0
419.0,325.0,36.0,69.0
419.0,326.0,36.0,69.0
419.0,327.0,36.0,69.0
420.0,328.0,36.0,69.0
420.0,329.0,36.0,69.0
420.0,330.0,36.0,69.0
419.0,330.0,36.0,70.0
419.0,331.0,36.0,70.0
419.0,332.0,36.0,70.0
419.0,332.0,36.0,70.0
419.0,333.0,36.0,70.0
419.0,333.0,36.0,71.0
419.0,334.0,37.0,71.0
418.0,334.0,37.0,72.0
419.0,335.0,37.0,72.0
419.0,335.0,37.0,72.0
418.0,335.0,38.0,73.0
418.0,336.0,38.0,73.0
419.0,336.0,38.0,73.0
419.0,337.0,38.0,73.0
419.0,338.0,38.0,73.0
419.0,338.0,38.0,73.0
419.0,339.0,38.0,73.0
420.0,339.0,38.0,73.0
421.0,341.0,37.0,72.0
421.0,342.0,37.0,72.0
422.0,343.0,37.0,72.0
422.0,344.0,37.0,72.0
423.0,344.0,37.0,72.0
423.0,345.0,37.0,72.0
424.0,346.0,37.0,72.0
424.0,346.0,37.0,72.0
424.0,346.0,37.0,72.0
425.0,347.0,37.0,72.0
425.0,348.0,37.0,72.0
426.0,348.0,37.0,72.0
426.0,349.0,37.0,72.0
426.0,349.0,37.0,72.0
427.0,350.0,37.0,72.0
427.0,351.0,37.0,73.0
428.0,351.0,37.0,73.0
428.0,352.0,37.0,74.0
429.0,353.0,37.0,74.0
429.0,353.0,37.0,75.0
430.0,354.0,37.0,76.0
430.0,355.0,37.0,76.0
431.0,356.0,37.0,76.0
431.0,356.0,37.0,77.0
431.0,357.0,37.0,77.0
432.0,357.0,37.0,77.0
433.0,358.0,36.0,77.0
433.0,359.0,36.0,77.0
433.0,360.0,36.0,77.0
433.0,360.0,36.0,77.0
434.0,361.0,36.0,77.0
435.0,361.0,36.0,77.0
436.0,362.0,36.0,77.0
436.0,363.0,36.0,76.0
436.0,363.0,36.0,75.0
436.0,364.0,36.0,74.0
437.0,365.0,36.0,74.0
438.0,365.0,37.0,74.0
439.0,366.0,37.0,74.0
440.0,366.0,37.0,73.0
441.0,367.0,36.0,73.0
442.0,368.0,35.0,72.0
443.0,368.0,35.0,72.0
445.0,369.0,34.0,70.0
446.0,370.0,34.0,69.0
448.0,371.0,34.0,69.0
449.0,371.0,34.0,69.0
451.0,372.0,34.0,69.0
453.0,372.0,34.0,69.0
454.0,373.0,34.0,69.0
456.0,373.0,34.0,69.0
457.0,373.0,34.0,69.0
458.0,373.0,34.0,69.0
459.0,373.0,34.0,69.0
460.0,373.0,34.0,69.0
462.0,374.0,35.0,70.0
462.0,374.0,35.0,70.0
463.0,374.0,35.0,70.0
465.0,375.0,35.0,70.0
466.0,375.0,35.0,70.0
468.0,376.0,35.0,70.0
469.0,376.0,35.0,71.0
470.0,377.0,35.0,71.0
472.0,378.0,35.0,71.0
473.0,378.0,35.0,71.0
476.0,379.0,34.0,70.0
477.0,380.0,34.0,65.0
479.0,381.0,34.0,61.0
480.0,381.0,34.0,56.0
481.0,381.0,35.0,55.0
483.0,382.0,35.0,54.0
484.0,382.0,35.0,52.0
485.0,382.0,34.0,51.0
487.0,383.0,34.0,49.0
488.0,384.0,33.0,48.0
490.0,385.0,33.0,48.0
492.0,385.0,33.0,47.0
494.0,386.0,32.0,46.0
496.0,386.0,32.0,48.0
498.0,386.0,31.0,49.0
500.0,386.0,32.0,52.0
nan,nan,nan,nan
nan,nan,nan,nan
nan,nan,nan,nan
nan,nan,nan,nan
nan,nan,nan,nan
nan,nan,nan,nan
nan,nan,nan,nan
nan,nan,nan,nan
nan,nan,nan,nan
nan,nan,nan,nan
nan,nan,nan,nan
nan,nan,nan,nan
nan,nan,nan,nan
nan,nan,nan,nan
nan,nan,nan,nan
nan,nan,nan,nan
nan,nan,nan,nan
nan,nan,nan,nan
nan,nan,nan,nan
nan,nan,nan,nan
nan,nan,nan,nan
nan,nan,nan,nan
nan,nan,nan,nan
nan,nan,nan,nan
nan,nan,nan,nan
nan,nan,nan,nan
nan,nan,nan,nan
nan,nan,nan,nan
nan,nan,nan,nan
nan,nan,nan,nan
nan,nan,nan,nan
nan,nan,nan,nan
nan,nan,nan,nan
nan,nan,nan,nan
nan,nan,nan,nan
nan,nan,nan,nan
nan,nan,nan,nan
nan,nan,nan,nan
nan,nan,nan,nan
nan,nan,nan,nan
nan,nan,nan,nan
nan,nan,nan,nan
nan,nan,nan,nan
nan,nan,nan,nan
nan,nan,nan,nan
nan,nan,nan,nan
nan,nan,nan,nan
nan,nan,nan,nan
nan,nan,nan,nan
nan,nan,nan,nan
nan,nan,nan,nan
nan,nan,nan,nan
nan,nan,nan,nan
nan,nan,nan,nan
nan,nan,nan,nan
nan,nan,nan,nan
nan,nan,nan,nan
nan,nan,nan,nan
nan,nan,nan,nan
nan,nan,nan,nan
nan,nan,nan,nan
nan,nan,nan,nan
nan,nan,nan,nan
nan,nan,nan,nan
nan,nan,nan,nan
nan,nan,nan,nan
nan,nan,nan,nan
nan,nan,nan,nan
nan,nan,nan,nan
nan,nan,nan,nan
nan,nan,nan,nan
nan,nan,nan,nan
nan,nan,nan,nan
nan,nan,nan,nan
nan,nan,nan,nan
nan,nan,nan,nan
nan,nan,nan,nan
nan,nan,nan,nan
nan,nan,nan,nan
nan,nan,nan,nan
399.0,441.0,32.0,76.0
398.0,441.0,32.0,75.0
398.0,440.0,32.0,74.0
398.0,440.0,32.0,73.0
397.0,440.0,33.0,73.0
397.0,440.0,34.0,73.0
397.0,440.0,35.0,73.0
398.0,440.0,36.0,72.0
398.0,439.0,36.0,72.0
397.0,439.0,37.0,71.0
397.0,439.0,37.0,71.0
398.0,438.0,37.0,71.0
398.0,438.0,37.0,71.0
398.0,437.0,36.0,72.0
397.0,436.0,36.0,73.0
398.0,436.0,36.0,74.0
398.0,435.0,36.0,75.0
398.0,435.0,36.0,75.0
398.0,434.0,36.0,76.0
398.0,434.0,36.0,76.0
399.0,434.0,36.0,76.0
399.0,434.0,36.0,76.0
398.0,433.0,36.0,76.0
397.0,432.0,36.0,76.0
396.0,432.0,37.0,76.0
396.0,431.0,38.0,76.0
395.0,431.0,39.0,76.0
394.0,431.0,40.0,76.0
395.0,430.0,40.0,76.0
394.0,429.0,40.0,76.0
395.0,428.0,40.0,76.0
395.0,427.0,40.0,76.0
396.0,426.0,40.0,76.0
396.0,425.0,40.0,76.0
396.0,424.0,39.0,76.0
396.0,424.0,39.0,76.0
396.0,423.0,38.0,76.0
395.0,422.0,38.0,76.0
395.0,422.0,38.0,76.0
395.0,421.0,38.0,76.0
394.0,420.0,38.0,76.0
394.0,420.0,38.0,76.0
393.0,419.0,38.0,76.0
393.0,418.0,38.0,75.0
392.0,417.0,38.0,74.0
392.0,416.0,38.0,73.0
391.0,416.0,38.0,73.0
391.0,414.0,38.0,74.0
390.0,414.0,38.0,74.0
390.0,413.0,38.0,74.0
389.0,411.0,38.0,75.0
389.0,411.0,38.0,75.0
389.0,410.0,38.0,76.0
389.0,409.0,38.0,76.0
389.0,408.0,38.0,77.0
389.0,407.0,38.0,77.0
388.0,406.0,38.0,77.0
388.0,405.0,38.0,78.0
388.0,404.0,38.0,78.0
388.0,404.0,38.0,78.0
388.0,403.0,38.0,78.0
388.0,402.0,38.0,78.0
389.0,400.0,38.0,78.0
389.0,400.0,38.0,78.0
390.0,398.0,38.0,78.0
391.0,397.0,38.0,78.0
393.0,396.0,38.0,78.0
394.0,395.0,38.0,78.0
394.0,393.0,38.0,78.0
396.0,391.0,38.0,77.0
397.0,390.0,38.0,77.0
399.0,389.0,38.0,77.0
400.0,387.0,38.0,77.0
401.0,386.0,38.0,77.0
402.0,385.0,38.0,77.0
404.0,384.0,38.0,77.0
405.0,383.0,38.0,77.0
406.0,382.0,38.0,77.0
407.0,381.0,38.0,77.0
408.0,380.0,38.0,77.0
408.0,379.0,38.0,77.0
409.0,379.0,38.0,77.0
410.0,378.0,38.0,77.0
410.0,377.0,38.0,77.0
412.0,376.0,38.0,77.0
412.0,375.0,38.0,77.0
413.0,374.0,38.0,77.0
414.0,373.0,38.0,77.0
415.0,373.0,37.0,75.0
416.0,372.0,37.0,74.0
417.0,371.0,37.0,73.0
418.0,370.0,37.0,74.0
418.0,370.0,37.0,74.0
418.0,369.0,37.0,74.0
418.0,369.0,37.0,75.0
418.0,369.0,37.0,75.0
419.0,368.0,37.0,75.0
419.0,368.0,37.0,76.0
420.0,368.0,37.0,76.0
420.0,368.0,37.0,77.0
420.0,367.0,37.0,77.0
421.0,367.0,37.0,77.0
421.0,367.0,37.0,77.0
421.0,366.0,37.0,77.0
421.0,366.0,37.0,77.0
421.0,366.0,37.0,77.0
421.0,366.0,37.0,76.0
421.0,366.0,37.0,75.0
422.0,366.0,37.0,74.0
421.0,366.0,38.0,75.0
421.0,366.0,38.0,75.0
421.0,366.0,38.0,75.0
421.0,366.0,38.0,75.0
421.0,366.0,38.0,75.0
421.0,366.0,38.0,75.0
420.0,367.0,38.0,75.0
420.0,367.0,38.0,75.0
420.0,367.0,38.0,76.0
420.0,367.0,38.0,76.0
420.0,368.0,38.0,77.0
419.0,367.0,38.0,78.0
419.0,367.0,38.0,78.0
419.0,368.0,38.0,78.0
419.0,368.0,38.0,78.0
419.0,368.0,38.0,77.0
418.0,368.0,38.0,76.0
418.0,368.0,38.0,75.0
418.0,369.0,38.0,74.0
418.0,369.0,38.0,74.0
417.0,369.0,38.0,74.0
416.0,370.0,38.0,74.0
416.0,370.0,38.0,74.0
416.0,371.0,38.0,74.0
415.0,371.0,38.0,74.0
415.0,371.0,37.0,75.0
414.0,371.0,37.0,75.0
414.0,371.0,38.0,76.0
413.0,372.0,38.0,76.0
412.0,372.0,38.0,76.0
412.0,372.0,38.0,76.0
411.0,373.0,38.0,76.0
411.0,373.0,38.0,76.0
410.0,373.0,38.0,76.0
410.0,373.0,38.0,76.0
409.0,373.0,38.0,76.0
409.0,374.0,38.0,75.0
408.0,374.0,38.0,74.0
407.0,374.0,38.0,73.0
407.0,374.0,38.0,73.0
406.0,376.0,38.0,73.0
405.0,376.0,38.0,73.0
405.0,377.0,38.0,74.0
404.0,377.0,38.0,75.0
404.0,377.0,38.0,76.0
403.0,378.0,38.0,76.0
402.0,378.0,38.0,76.0
402.0,379.0,38.0,77.0
401.0,379.0,38.0,77.0
400.0,379.0,38.0,77.0
399.0,380.0,38.0,77.0
398.0,381.0,38.0,77.0
398.0,381.0,38.0,77.0
397.0,381.0,38.0,77.0
396.0,382.0,38.0,76.0
395.0,382.0,38.0,76.0
395.0,383.0,38.0,75.0
395.0,383.0,38.0,75.0
393.0,385.0,38.0,75.0
392.0,384.0,38.0,75.0
391.0,385.0,38.0,75.0
391.0,385.0,38.0,75.0
389.0,386.0,38.0,75.0
389.0,387.0,38.0,75.0
388.0,388.0,38.0,75.0
388.0,388.0,38.0,75.0
387.0,389.0,38.0,76.0
386.0,389.0,38.0,76.0
386.0,390.0,38.0,76.0
385.0,390.0,38.0,77.0
384.0,391.0,38.0,77.0
383.0,391.0,38.0,77.0
383.0,392.0,38.0,77.0
382.0,392.0,38.0,76.0
382.0,392.0,38.0,76.0
381.0,393.0,38.0,76.0
380.0,394.0,38.0,76.0
380.0,394.0,38.0,76.0
379.0,395.0,38.0,76.0
379.0,395.0,38.0,76.0
378.0,396.0,38.0,76.0
378.0,396.0,38.0,76.0
377.0,397.0,38.0,76.0
377.0,398.0,38.0,77.0
376.0,399.0,39.0,77.0
375.0,399.0,39.0,77.0
375.0,400.0,39.0,77.0
375.0,400.0,39.0,78.0
374.0,400.0,39.0,78.0
374.0,400.0,39.0,78.0
374.0,402.0,39.0,78.0
373.0,402.0,39.0,77.0
373.0,404.0,39.0,77.0
372.0,404.0,39.0,77.0
372.0,405.0,39.0,76.0
371.0,405.0,39.0,76.0
370.0,406.0,39.0,77.0
370.0,407.0,39.0,77.0
369.0,408.0,39.0,77.0
369.0,409.0,39.0,78.0
368.0,411.0,39.0,78.0
368.0,412.0,39.0,79.0
366.0,413.0,39.0,79.0
366.0,414.0,39.0,79.0
365.0,415.0,39.0,79.0
364.0,417.0,39.0,79.0
363.0,418.0,39.0,79.0
363.0,419.0,39.0,79.0
362.0,420.0,39.0,78.0
361.0,420.0,39.0,77.0
361.0,422.0,39.0,77.0
360.0,423.0,39.0,76.0
359.0,425.0,39.0,76.0
359.0,426.0,39.0,75.0
358.0,427.0,39.0,76.0
357.0,428.0,40.0,77.0
356.0,429.0,40.0,78.0
355.0,431.0,40.0,78.0
355.0,431.0,40.0,78.0
354.0,432.0,40.0,78.0
352.0,434.0,40.0,78.0
352.0,436.0,39.0,79.0
351.0,437.0,39.0,79.0
350.0,438.0,39.0,79.0
350.0,440.0,40.0,80.0
349.0,441.0,40.0,80.0
349.0,443.0,40.0,80.0
348.0,444.0,40.0,79.0
347.0,446.0,40.0,79.0
346.0,447.0,40.0,79.0
345.0,448.0,40.0,79.0
345.0,450.0,40.0,78.0
344.0,451.0,40.0,78.0
343.0,453.0,40.0,79.0
342.0,454.0,41.0,80.0
341.0,456.0,41.0,80.0
339.0,458.0,41.0,80.0
338.0,459.0,41.0,81.0
337.0,461.0,41.0,82.0
336.0,463.0,41.0,82.0
335.0,465.0,41.0,83.0
334.0,467.0,41.0,83.0
333.0,468.0,41.0,83.0
333.0,470.0,41.0,83.0
332.0,471.0,41.0,82.0
330.0,474.0,41.0,81.0
330.0,475.0,41.0,81.0
328.0,477.0,41.0,81.0
327.0,478.0,41.0,81.0
326.0,480.0,42.0,81.0
324.0,482.0,42.0,82.0
323.0,484.0,42.0,82.0
321.0,486.0,42.0,82.0
320.0,487.0,42.0,82.0
317.0,489.0,41.0,82.0
318.0,491.0,41.0,83.0
301.0,481.0,42.0,83.0
301.0,484.0,42.0,84.0
298.0,485.0,43.0,85.0
296.0,487.0,43.0,85.0
294.0,489.0,43.0,85.0
292.0,490.0,42.0,84.0
289.0,491.0,42.0,83.0
285.0,488.0,42.0,83.0
285.0,487.0,43.0,83.0
276.0,470.0,42.0,82.0
275.0,472.0,42.0,81.0
275.0,473.0,42.0,81.0
273.0,475.0,42.0,81.0
272.0,477.0,42.0,81.0
271.0,479.0,42.0,81.0
270.0,481.0,42.0,81.0
269.0,484.0,42.0,82.0
267.0,485.0,42.0,82.0
266.0,486.0,42.0,82.0
265.0,488.0,42.0,82.0
264.0,489.0,42.0,82.0
264.0,490.0,42.0,82.0
262.0,492.0,42.0,82.0
261.0,494.0,42.0,82.0
259.0,495.0,42.0,82.0
268.0,488.0,42.0,81.0
268.0,489.0,42.0,81.0
267.0,490.0,42.0,81.0
266.0,491.0,42.0,81.0
265.0,493.0,42.0,81.0
264.0,494.0,42.0,81.0
264.0,495.0,42.0,81.0
272.0,482.0,42.0,81.0
274.0,484.0,42.0,81.0
273.0,485.0,42.0,81.0
271.0,486.0,42.0,82.0
271.0,486.0,42.0,82.0
271.0,487.0,41.0,81.0
271.0,488.0,41.0,81.0
271.0,489.0,41.0,80.0
271.0,490.0,41.0,80.0
270.0,491.0,40.0,79.0
270.0,492.0,40.0,78.0
270.0,491.0,40.0,78.0
269.0,492.0,39.0,76.0
268.0,493.0,39.0,76.0
269.0,493.0,39.0,76.0
269.0,494.0,39.0,76.0
269.0,495.0,39.0,76.0
283.0,488.0,39.0,76.0
284.0,488.0,39.0,77.0
280.0,491.0,39.0,77.0
285.0,488.0,39.0,77.0
285.0,489.0,39.0,77.0
287.0,487.0,39.0,77.0
288.0,487.0,39.0,78.0
288.0,488.0,39.0,78.0
288.0,487.0,39.0,78.0
287.0,488.0,39.0,78.0
286.0,488.0,39.0,78.0
287.0,487.0,39.0,77.0
288.0,487.0,39.0,76.0
288.0,486.0,39.0,75.0
289.0,487.0,39.0,75.0
288.0,487.0,39.0,76.0
289.0,487.0,39.0,76.0
290.0,488.0,39.0,77.0
289.0,488.0,38.0,76.0
292.0,485.0,38.0,77.0
292.0,486.0,38.0,77.0
293.0,487.0,38.0,77.0
294.0,487.0,38.0,77.0
294.0,487.0,38.0,77.0
294.0,487.0,38.0,77.0
295.0,487.0,38.0,77.0
295.0,487.0,38.0,77.0
297.0,487.0,38.0,77.0
296.0,487.0,38.0,77.0
297.0,487.0,38.0,77.0
299.0,487.0,38.0,77.0
297.0,487.0,38.0,76.0
307.0,487.0,38.0,76.0
307.0,486.0,38.0,76.0
309.0,486.0,38.0,76.0
309.0,487.0,38.0,76.0
309.0,486.0,38.0,76.0
309.0,487.0,38.0,76.0
310.0,487.0,38.0,76.0
308.0,487.0,38.0,76.0
309.0,487.0,38.0,76.0
309.0,487.0,38.0,76.0
315.0,486.0,37.0,76.0
315.0,487.0,37.0,76.0
315.0,487.0,37.0,76.0
315.0,487.0,37.0,76.0
315.0,487.0,37.0,76.0
315.0,487.0,37.0,75.0
326.0,486.0,37.0,74.0
326.0,486.0,37.0,73.0
326.0,486.0,38.0,74.0
326.0,486.0,38.0,74.0
327.0,486.0,38.0,74.0
327.0,486.0,38.0,74.0
329.0,487.0,38.0,74.0
330.0,487.0,38.0,74.0
331.0,487.0,38.0,74.0
332.0,486.0,38.0,75.0
333.0,486.0,38.0,75.0
333.0,487.0,37.0,75.0
333.0,486.0,37.0,75.0
338.0,486.0,37.0,75.0
342.0,485.0,37.0,75.0
343.0,485.0,36.0,75.0
343.0,485.0,36.0,75.0
343.0,485.0,36.0,75.0
343.0,485.0,36.0,75.0
342.0,485.0,36.0,75.0
339.0,485.0,36.0,75.0
340.0,485.0,36.0,75.0
337.0,486.0,36.0,75.0
nan,nan,nan,nan
nan,nan,nan,nan
nan,nan,nan,nan
nan,nan,nan,nan
nan,nan,nan,nan
nan,nan,nan,nan
nan,nan,nan,nan
nan,nan,nan,nan
nan,nan,nan,nan
nan,nan,nan,nan
nan,nan,nan,nan
nan,nan,nan,nan
nan,nan,nan,nan
nan,nan,nan,nan
nan,nan,nan,nan
nan,nan,nan,nan
nan,nan,nan,nan
nan,nan,nan,nan
nan,nan,nan,nan
nan,nan,nan,nan
nan,nan,nan,nan
nan,nan,nan,nan
nan,nan,nan,nan
nan,nan,nan,nan
nan,nan,nan,nan
nan,nan,nan,nan
nan,nan,nan,nan
nan,nan,nan,nan
nan,nan,nan,nan
354.0,483.0,36.0,52.0
355.0,483.0,36.0,52.0
355.0,483.0,36.0,52.0
355.0,483.0,36.0,52.0
356.0,483.0,36.0,52.0
357.0,483.0,35.0,52.0
357.0,483.0,35.0,52.0
357.0,483.0,35.0,53.0
359.0,482.0,35.0,54.0
360.0,483.0,35.0,55.0
361.0,483.0,35.0,55.0
361.0,482.0,35.0,55.0
361.0,482.0,35.0,55.0
362.0,482.0,35.0,56.0
362.0,482.0,35.0,58.0
362.0,481.0,35.0,59.0
362.0,481.0,35.0,59.0
362.0,480.0,35.0,60.0
362.0,481.0,35.0,60.0
363.0,481.0,35.0,60.0
373.0,480.0,35.0,60.0
374.0,479.0,35.0,61.0
373.0,479.0,35.0,62.0
373.0,479.0,35.0,62.0
374.0,479.0,35.0,63.0
374.0,479.0,35.0,63.0
374.0,479.0,35.0,63.0
374.0,480.0,34.0,63.0
375.0,479.0,34.0,63.0
375.0,479.0,34.0,63.0
376.0,479.0,34.0,64.0
377.0,478.0,34.0,64.0
377.0,479.0,34.0,64.0
377.0,478.0,34.0,64.0
377.0,477.0,34.0,65.0
378.0,478.0,34.0,66.0
378.0,477.0,34.0,66.0
378.0,477.0,34.0,66.0
378.0,477.0,34.0,66.0
378.0,477.0,34.0,66.0
378.0,478.0,34.0,66.0
378.0,478.0,34.0,66.0
379.0,478.0,34.0,66.0
380.0,478.0,34.0,66.0
381.0,478.0,34.0,66.0
382.0,478.0,34.0,66.0
382.0,477.0,34.0,67.0
382.0,477.0,34.0,68.0
383.0,477.0,33.0,69.0
383.0,476.0,33.0,70.0
383.0,476.0,34.0,71.0
383.0,475.0,34.0,72.0
383.0,475.0,34.0,71.0
383.0,475.0,34.0,70.0
381.0,475.0,34.0,69.0
377.0,475.0,34.0,69.0
370.0,474.0,34.0,70.0
370.0,474.0,34.0,70.0
370.0,474.0,34.0,70.0
370.0,474.0,34.0,71.0
370.0,474.0,34.0,71.0
369.0,474.0,34.0,71.0
377.0,474.0,34.0,71.0
378.0,474.0,34.0,71.0
378.0,474.0,34.0,71.0
379.0,474.0,34.0,71.0
379.0,474.0,34.0,71.0
379.0,474.0,34.0,71.0
379.0,474.0,34.0,71.0
379.0,473.0,34.0,71.0
379.0,473.0,34.0,71.0
378.0,473.0,34.0,70.0
378.0,472.0,34.0,71.0
378.0,473.0,34.0,71.0
377.0,473.0,34.0,71.0
376.0,472.0,34.0,71.0
374.0,473.0,34.0,72.0
374.0,473.0,34.0,72.0
373.0,473.0,34.0,72.0
373.0,473.0,35.0,73.0
373.0,473.0,35.0,73.0
372.0,474.0,35.0,73.0
372.0,473.0,35.0,73.0
370.0,474.0,35.0,73.0
374.0,474.0,35.0,73.0
377.0,474.0,35.0,72.0
379.0,473.0,35.0,72.0
378.0,473.0,35.0,72.0
378.0,473.0,35.0,72.0
384.0,472.0,35.0,71.0
384.0,472.0,35.0,71.0
384.0,472.0,35.0,70.0
384.0,472.0,35.0,70.0
381.0,472.0,35.0,70.0
380.0,473.0,35.0,70.0
378.0,472.0,35.0,70.0
376.0,473.0,35.0,70.0
377.0,473.0,35.0,70.0
378.0,473.0,35.0,70.0
377.0,473.0,35.0,70.0
384.0,473.0,35.0,71.0
392.0,473.0,35.0,71.0
392.0,472.0,35.0,71.0
404.0,472.0,35.0,71.0
404.0,472.0,35.0,71.0
410.0,472.0,35.0,71.0
409.0,472.0,35.0,71.0
409.0,472.0,35.0,70.0
415.0,472.0,35.0,70.0
413.0,472.0,35.0,70.0
415.0,472.0,35.0,70.0
415.0,472.0,35.0,70.0
414.0,472.0,35.0,70.0
413.0,472.0,35.0,70.0
412.0,472.0,35.0,71.0
408.0,473.0,35.0,71.0
406.0,471.0,35.0,71.0
405.0,472.0,34.0,70.0
403.0,472.0,34.0,71.0
404.0,472.0,34.0,71.0
397.0,472.0,34.0,71.0
394.0,471.0,35.0,72.0
391.0,471.0,35.0,72.0
390.0,471.0,35.0,72.0
402.0,471.0,35.0,71.0
401.0,470.0,35.0,70.0
400.0,470.0,35.0,69.0
398.0,470.0,35.0,69.0
397.0,470.0,35.0,69.0
394.0,470.0,35.0,69.0
391.0,470.0,35.0,69.0
391.0,471.0,34.0,70.0
389.0,471.0,34.0,71.0
381.0,470.0,34.0,71.0
382.0,470.0,34.0,71.0
380.0,470.0,34.0,71.0
375.0,469.0,34.0,71.0
375.0,470.0,34.0,71.0
371.0,470.0,34.0,71.0
361.0,469.0,34.0,71.0
360.0,469.0,34.0,71.0
351.0,469.0,34.0,71.0
341.0,468.0,34.0,71.0
331.0,467.0,34.0,71.0
323.0,467.0,34.0,71.0
329.0,468.0,34.0,71.0
325.0,468.0,34.0,71.0
331.0,467.0,34.0,71.0
330.0,467.0,34.0,71.0
321.0,468.0,34.0,71.0
323.0,468.0,34.0,71.0
317.0,468.0,34.0,71.0
309.0,468.0,34.0,71.0
313.0,468.0,34.0,71.0
307.0,468.0,34.0,71.0
307.0,468.0,34.0,71.0
302.0,467.0,34.0,71.0
306.0,466.0,34.0,71.0
313.0,466.0,34.0,71.0
309.0,467.0,34.0,72.0
300.0,466.0,34.0,72.0
295.0,466.0,34.0,72.0
288.0,466.0,34.0,72.0
279.0,465.0,34.0,72.0
274.0,466.0,35.0,73.0
286.0,466.0,35.0,73.0
283.0,466.0,35.0,73.0
280.0,467.0,35.0,73.0
280.0,468.0,34.0,72.0
271.0,467.0,34.0,72.0
269.0,467.0,34.0,72.0
267.0,468.0,34.0,71.0
263.0,467.0,34.0,71.0
271.0,466.0,34.0,72.0
283.0,465.0,34.0,72.0
283.0,465.0,34.0,71.0
281.0,466.0,34.0,70.0
278.0,466.0,34.0,69.0
278.0,465.0,34.0,69.0
278.0,465.0,34.0,69.0
274.0,465.0,34.0,69.0
272.0,466.0,34.0,69.0
269.0,466.0,34.0,69.0
274.0,466.0,34.0,69.0
285.0,465.0,34.0,70.0
283.0,465.0,34.0,70.0
281.0,466.0,34.0,71.0
277.0,465.0,34.0,71.0
276.0,465.0,34.0,71.0
277.0,465.0,34.0,71.0
289.0,465.0,34.0,71.0
287.0,465.0,34.0,71.0
285.0,465.0,34.0,71.0
287.0,464.0,34.0,70.0
284.0,464.0,34.0,70.0
281.0,463.0,34.0,70.0
276.0,463.0,34.0,70.0
275.0,464.0,34.0,70.0
277.0,464.0,34.0,70.0
276.0,464.0,34.0,70.0
277.0,464.0,34.0,70.0
287.0,464.0,34.0,70.0
290.0,464.0,34.0,70.0
290.0,465.0,34.0,70.0
287.0,465.0,34.0,70.0
282.0,465.0,34.0,70.0
293.0,465.0,34.0,70.0
294.0,465.0,34.0,70.0
294.0,465.0,34.0,70.0
289.0,464.0,34.0,70.0
291.0,465.0,34.0,70.0
281.0,464.0,34.0,70.0
283.0,463.0,34.0,70.0
283.0,463.0,34.0,70.0
281.0,464.0,34.0,70.0
282.0,463.0,34.0,70.0
281.0,464.0,34.0,70.0
281.0,464.0,34.0,70.0
284.0,464.0,34.0,71.0
285.0,465.0,34.0,71.0
283.0,465.0,34.0,71.0
286.0,464.0,34.0,71.0
284.0,464.0,34.0,71.0
282.0,465.0,33.0,71.0
285.0,465.0,33.0,71.0
284.0,465.0,33.0,70.0
285.0,465.0,33.0,70.0
286.0,464.0,33.0,70.0
286.0,464.0,33.0,70.0
287.0,464.0,33.0,69.0
286.0,465.0,33.0,68.0
287.0,464.0,33.0,67.0
290.0,464.0,33.0,67.0
289.0,465.0,33.0,67.0
291.0,465.0,33.0,67.0
301.0,464.0,33.0,67.0
301.0,465.0,33.0,67.0
294.0,465.0,33.0,68.0
295.0,465.0,33.0,68.0
298.0,465.0,33.0,68.0
298.0,465.0,33.0,68.0
303.0,465.0,33.0,68.0
305.0,465.0,32.0,67.0
305.0,465.0,32.0,67.0
304.0,466.0,32.0,66.0
312.0,465.0,32.0,66.0
312.0,465.0,32.0,66.0
319.0,465.0,32.0,67.0
315.0,465.0,32.0,66.0
320.0,465.0,32.0,66.0
319.0,465.0,32.0,66.0
325.0,465.0,32.0,66.0
324.0,465.0,32.0,66.0
330.0,465.0,32.0,66.0
330.0,465.0,32.0,66.0
331.0,466.0,32.0,66.0
331.0,466.0,32.0,66.0
326.0,466.0,32.0,66.0
334.0,466.0,32.0,66.0
335.0,466.0,32.0,66.0
335.0,466.0,32.0,67.0
340.0,465.0,32.0,67.0
339.0,465.0,32.0,67.0
339.0,465.0,32.0,67.0
338.0,465.0,32.0,67.0
338.0,465.0,32.0,66.0
346.0,465.0,31.0,66.0
350.0,464.0,31.0,65.0
349.0,465.0,31.0,65.0
347.0,465.0,31.0,65.0
348.0,465.0,31.0,65.0
348.0,465.0,31.0,65.0
348.0,466.0,31.0,65.0
348.0,466.0,31.0,65.0
343.0,467.0,31.0,65.0
339.0,467.0,31.0,65.0
333.0,466.0,31.0,65.0
331.0,466.0,31.0,65.0
335.0,467.0,31.0,65.0
336.0,467.0,31.0,65.0
337.0,467.0,31.0,65.0
337.0,466.0,31.0,65.0
335.0,466.0,31.0,65.0
335.0,466.0,31.0,65.0
339.0,466.0,31.0,65.0
340.0,466.0,31.0,65.0
340.0,466.0,31.0,66.0
341.0,467.0,31.0,66.0
346.0,467.0,31.0,66.0
353.0,466.0,31.0,66.0
352.0,467.0,31.0,66.0
352.0,467.0,31.0,66.0
352.0,467.0,31.0,66.0
348.0,467.0,31.0,66.0
344.0,467.0,31.0,66.0
348.0,467.0,31.0,66.0
348.0,467.0,31.0,66.0
346.0,468.0,31.0,66.0
344.0,467.0,31.0,66.0
344.0,468.0,31.0,66.0
344.0,467.0,31.0,66.0
346.0,467.0,31.0,66.0
346.0,466.0,31.0,66.0
352.0,466.0,31.0,66.0
364.0,466.0,31.0,66.0
363.0,466.0,31.0,66.0
365.0,467.0,31.0,66.0
365.0,467.0,31.0,66.0
366.0,468.0,31.0,66.0
367.0,467.0,31.0,66.0
364.0,467.0,31.0,66.0
365.0,467.0,31.0,66.0
366.0,467.0,31.0,66.0
367.0,467.0,31.0,66.0
367.0,467.0,31.0,66.0
370.0,467.0,31.0,66.0
370.0,467.0,31.0,66.0
370.0,467.0,31.0,66.0
370.0,467.0,31.0,66.0
369.0,467.0,31.0,66.0
365.0,467.0,31.0,66.0
363.0,467.0,31.0,66.0
360.0,467.0,31.0,66.0
364.0,468.0,31.0,66.0
371.0,468.0,31.0,66.0
369.0,468.0,31.0,66.0
374.0,468.0,31.0,66.0
375.0,468.0,31.0,66.0
379.0,468.0,31.0,66.0
377.0,467.0,31.0,66.0
378.0,467.0,31.0,66.0
378.0,468.0,31.0,66.0
377.0,468.0,31.0,66.0
376.0,467.0,31.0,66.0
368.0,467.0,31.0,66.0
363.0,467.0,31.0,66.0
359.0,466.0,31.0,66.0
358.0,467.0,30.0,66.0
354.0,467.0,30.0,66.0
355.0,467.0,30.0,66.0
354.0,466.0,30.0,66.0
351.0,467.0,30.0,66.0
346.0,468.0,30.0,66.0
354.0,467.0,30.0,66.0
352.0,468.0,30.0,66.0
349.0,468.0,31.0,67.0
356.0,467.0,31.0,67.0
361.0,468.0,31.0,67.0
359.0,468.0,31.0,67.0
354.0,468.0,31.0,67.0
350.0,467.0,31.0,67.0
356.0,468.0,31.0,67.0
361.0,467.0,31.0,67.0
366.0,466.0,31.0,67.0
365.0,466.0,30.0,66.0
370.0,466.0,30.0,66.0
367.0,466.0,30.0,66.0
375.0,466.0,30.0,66.0
374.0,467.0,30.0,60.0
380.0,466.0,30.0,54.0
377.0,467.0,30.0,48.0
376.0,467.0,30.0,48.0
375.0,467.0,30.0,48.0
366.0,467.0,30.0,48.0
364.0,467.0,30.0,48.0
369.0,467.0,30.0,48.0
370.0,467.0,30.0,48.0
377.0,466.0,30.0,48.0
385.0,466.0,30.0,49.0
383.0,465.0,30.0,49.0
379.0,465.0,30.0,49.0
378.0,465.0,30.0,49.0
375.0,466.0,30.0,49.0
376.0,466.0,30.0,49.0
373.0,466.0,30.0,49.0
367.0,466.0,30.0,49.0
361.0,466.0,30.0,49.0
369.0,466.0,30.0,49.0
367.0,466.0,30.0,49.0
367.0,466.0,30.0,49.0
371.0,466.0,30.0,49.0
371.0,466.0,30.0,49.0
375.0,466.0,30.0,49.0
376.0,466.0,30.0,49.0
376.0,466.0,30.0,49.0
375.0,466.0,30.0,49.0
373.0,465.0,30.0,49.0
370.0,465.0,30.0,49.0
369.0,465.0,30.0,49.0
367.0,465.0,30.0,49.0
369.0,465.0,30.0,49.0
370.0,465.0,30.0,49.0
366.0,465.0,30.0,49.0
365.0,465.0,30.0,49.0
364.0,465.0,30.0,50.0
362.0,465.0,30.0,51.0
361.0,466.0,30.0,52.0
368.0,465.0,30.0,52.0
366.0,465.0,30.0,52.0
363.0,465.0,30.0,52.0
364.0,465.0,30.0,52.0
371.0,465.0,30.0,53.0
369.0,465.0,30.0,54.0
371.0,466.0,30.0,54.0
377.0,465.0,30.0,54.0
372.0,465.0,30.0,54.0
376.0,465.0,30.0,54.0
374.0,465.0,30.0,54.0
374.0,465.0,30.0,54.0
372.0,466.0,30.0,55.0
371.0,465.0,30.0,56.0
373.0,465.0,30.0,58.0
362.0,465.0,30.0,58.0
366.0,465.0,30.0,58.0
361.0,465.0,30.0,58.0
363.0,465.0,30.0,58.0
361.0,466.0,30.0,58.0
349.0,465.0,30.0,58.0
339.0,465.0,30.0,58.0
344.0,466.0,30.0,58.0
341.0,466.0,30.0,58.0
340.0,466.0,30.0,58.0
340.0,466.0,30.0,58.0
338.0,466.0,30.0,58.0
343.0,465.0,30.0,58.0
337.0,466.0,30.0,58.0
341.0,466.0,30.0,58.0
338.0,466.0,30.0,58.0
337.0,467.0,30.0,58.0
342.0,466.0,30.0,58.0
339.0,467.0,30.0,58.0
336.0,467.0,30.0,58.0
333.0,466.0,30.0,58.0
331.0,467.0,30.0,59.0
327.0,467.0,30.0,60.0
333.0,467.0,30.0,61.0
337.0,467.0,30.0,62.0
337.0,466.0,30.0,64.0
335.0,466.0,30.0,65.0
340.0,466.0,30.0,65.0
336.0,466.0,30.0,65.0
332.0,466.0,30.0,65.0
338.0,467.0,30.0,65.0
335.0,467.0,30.0,65.0
337.0,468.0,30.0,65.0
332.0,468.0,30.0,65.0
331.0,468.0,30.0,65.0
332.0,468.0,29.0,64.0
327.0,466.0,29.0,65.0
326.0,466.0,29.0,66.0
324.0,467.0,29.0,66.0
322.0,467.0,30.0,66.0
321.0,468.0,30.0,66.0
319.0,468.0,30.0,66.0
313.0,467.0,30.0,66.0
311.0,468.0,30.0,66.0
305.0,467.0,30.0,66.0
303.0,467.0,30.0,66.0
301.0,467.0,31.0,67.0
300.0,467.0,31.0,67.0
304.0,467.0,31.0,67.0
302.0,467.0,31.0,67.0
301.0,467.0,31.0,67.0
297.0,467.0,31.0,67.0
294.0,468.0,31.0,67.0
290.0,467.0,31.0,67.0
290.0,468.0,31.0,67.0
296.0,468.0,31.0,67.0
295.0,468.0,31.0,67.0
294.0,468.0,31.0,67.0
292.0,469.0,31.0,67.0
289.0,468.0,31.0,67.0
288.0,468.0,31.0,67.0
286.0,468.0,31.0,66.0
285.0,468.0,31.0,65.0
283.0,467.0,31.0,65.0
282.0,468.0,31.0,65.0
293.0,468.0,31.0,65.0
292.0,468.0,31.0,66.0
290.0,469.0,32.0,67.0
288.0,468.0,32.0,68.0
288.0,468.0,32.0,68.0
284.0,468.0,31.0,67.0
280.0,469.0,31.0,67.0
277.0,469.0,31.0,67.0
285.0,469.0,31.0,67.0
285.0,470.0,31.0,67.0
283.0,470.0,31.0,67.0
292.0,468.0,31.0,67.0
290.0,469.0,31.0,67.0
293.0,469.0,31.0,66.0
293.0,469.0,31.0,65.0
293.0,469.0,31.0,65.0
289.0,469.0,31.0,65.0
282.0,469.0,31.0,66.0
280.0,470.0,31.0,67.0
278.0,469.0,31.0,67.0
281.0,469.0,31.0,67.0
280.0,470.0,31.0,67.0
279.0,470.0,31.0,67.0
275.0,471.0,31.0,66.0
288.0,470.0,31.0,66.0
