324.0,260.0,47.0,71.0
330.0,260.0,46.0,70.0
335.0,260.0,45.0,69.0
340.0,260.0,45.0,69.0
345.0,261.0,45.0,68.0
350.0,261.0,45.0,67.0
354.0,262.0,45.0,66.0
358.0,261.0,44.0,66.0
362.0,261.0,44.0,67.0
365.0,261.0,44.0,68.0
369.0,261.0,44.0,68.0
374.0,261.0,44.0,68.0
378.0,260.0,44.0,68.0
382.0,261.0,44.0,67.0
386.0,263.0,43.0,66.0
390.0,263.0,43.0,66.0
393.0,263.0,42.0,66.0
395.0,264.0,42.0,66.0
398.0,264.0,42.0,66.0
400.0,264.0,42.0,66.0
402.0,264.0,42.0,66.0
404.0,265.0,42.0,65.0
406.0,266.0,42.0,65.0
407.0,266.0,42.0,65.0
409.0,265.0,42.0,65.0
413.0,266.0,42.0,65.0
417.0,268.0,42.0,65.0
421.0,269.0,42.0,66.0
424.0,269.0,43.0,66.0
425.0,268.0,43.0,67.0
428.0,268.0,43.0,67.0
431.0,271.0,43.0,71.0
433.0,274.0,43.0,76.0
435.0,277.0,44.0,81.0
437.0,277.0,44.0,82.0
439.0,279.0,44.0,83.0
442.0,279.0,45.0,84.0
446.0,280.0,45.0,84.0
449.0,281.0,45.0,84.0
453.0,281.0,45.0,84.0
454.0,281.0,45.0,84.0
457.0,282.0,45.0,84.0
458.0,282.0,45.0,84.0
461.0,284.0,45.0,84.0
463.0,285.0,45.0,84.0
466.0,287.0,45.0,84.0
468.0,288.0,45.0,84.0
472.0,289.0,44.0,83.0
475.0,289.0,44.0,83.0
477.0,291.0,44.0,82.0
480.0,292.0,44.0,82.0
483.0,294.0,44.0,82.0
485.0,295.0,44.0,82.0
486.0,295.0,44.0,82.0
488.0,296.0,44.0,82.0
489.0,296.0,44.0,82.0
491.0,297.0,44.0,82.0
492.0,297.0,44.0,82.0
493.0,299.0,44.0,82.0
495.0,300.0,44.0,82.0
496.0,301.0,44.0,82.0
498.0,302.0,44.0,82.0
501.0,302.0,44.0,82.0
505.0,303.0,44.0,82.0
505.0,303.0,44.0,82.0
506.0,304.0,44.0,83.0
507.0,305.0,44.0,83.0
511.0,307.0,44.0,83.0
513.0,309.0,44.0,83.0
517.0,312.0,44.0,83.0
520.0,314.0,44.0,83.0
522.0,317.0,44.0,83.0
524.0,320.0,44.0,83.0
525.0,321.0,44.0,83.0
526.0,321.0,44.0,83.0
526.0,321.0,44.0,83.0
527.0,322.0,44.0,83.0
528.0,322.0,44.0,83.0
530.0,323.0,44.0,82.0
530.0,323.0,44.0,82.0
531.0,324.0,44.0,82.0
531.0,324.0,44.0,82.0
533.0,327.0,44.0,82.0
536.0,328.0,44.0,82.0
538.0,332.0,44.0,82.0
538.0,332.0,44.0,82.0
538.0,333.0,44.0,82.0
539.0,333.0,44.0,82.0
541.0,336.0,43.0,82.0
541.0,338.0,43.0,82.0
543.0,340.0,43.0,82.0
541.0,342.0,43.0,82.0
540.0,343.0,43.0,82.0
538.0,344.0,44.0,82.0
538.0,344.0,44.0,82.0
538.0,344.0,44.0,82.0
539.0,343.0,44.0,82.0
540.0,343.0,44.0,82.0
541.0,343.0,44.0,82.0
541.0,343.0,44.0,82.0
541.0,342.0,44.0,82.0
541.0,342.0,44.0,82.0
541.0,343.0,44.0,82.0
539.0,344.0,44.0,82.0
537.0,346.0,44.0,82.0
536.0,348.0,44.0,82.0
535.0,348.0,44.0,82.0
534.0,349.0,44.0,82.0
533.0,349.0,44.0,82.0
533.0,348.0,44.0,82.0
532.0,349.0,44.0,82.0
532.0,348.0,44.0,82.0
532.0,348.0,44.0,82.0
531.0,348.0,44.0,82.0
531.0,348.0,43.0,82.0
531.0,348.0,43.0,82.0
530.0,348.0,43.0,82.0
530.0,347.0,43.0,82.0
528.0,345.0,43.0,82.0
524.0,344.0,43.0,82.0
522.0,342.0,43.0,82.0
522.0,342.0,43.0,82.0
522.0,342.0,43.0,82.0
521.0,342.0,43.0,82.0
521.0,340.0,43.0,82.0
520.0,338.0,44.0,82.0
519.0,336.0,44.0,83.0
520.0,335.0,44.0,83.0
520.0,334.0,44.0,83.0
520.0,332.0,44.0,83.0
521.0,330.0,44.0,83.0
522.0,329.0,44.0,83.0
522.0,327.0,45.0,84.0
523.0,326.0,45.0,84.0
524.0,325.0,45.0,84.0
525.0,323.0,45.0,84.0
525.0,322.0,45.0,84.0
526.0,322.0,45.0,84.0
526.0,321.0,45.0,84.0
527.0,319.0,45.0,84.0
529.0,317.0,45.0,84.0
530.0,314.0,45.0,84.0
531.0,313.0,45.0,84.0
532.0,312.0,45.0,84.0
533.0,311.0,45.0,84.0
533.0,310.0,45.0,84.0
534.0,309.0,45.0,84.0
534.0,308.0,45.0,84.0
535.0,304.0,45.0,84.0
535.0,301.0,45.0,84.0
536.0,297.0,45.0,84.0
536.0,296.0,44.0,83.0
536.0,295.0,44.0,83.0
536.0,295.0,44.0,83.0
536.0,295.0,44.0,83.0
536.0,294.0,44.0,83.0
535.0,293.0,44.0,83.0
535.0,290.0,44.0,83.0
535.0,288.0,44.0,83.0
535.0,286.0,44.0,83.0
535.0,283.0,44.0,82.0
534.0,281.0,44.0,83.0
533.0,278.0,44.0,83.0
534.0,277.0,44.0,82.0
534.0,277.0,44.0,82.0
534.0,276.0,43.0,82.0
536.0,276.0,43.0,82.0
538.0,275.0,43.0,82.0
539.0,275.0,43.0,81.0
538.0,275.0,43.0,81.0
538.0,275.0,42.0,81.0
538.0,275.0,42.0,81.0
537.0,274.0,42.0,81.0
538.0,273.0,42.0,81.0
538.0,272.0,42.0,81.0
537.0,272.0,42.0,77.0
536.0,272.0,42.0,74.0
536.0,273.0,42.0,71.0
537.0,270.0,42.0,72.0
538.0,268.0,42.0,72.0
538.0,265.0,42.0,73.0
539.0,265.0,42.0,70.0
540.0,265.0,42.0,68.0
541.0,265.0,42.0,66.0
541.0,265.0,42.0,65.0
541.0,265.0,42.0,66.0
541.0,264.0,42.0,66.0
543.0,262.0,42.0,67.0
545.0,260.0,42.0,68.0
546.0,258.0,42.0,69.0
545.0,257.0,42.0,68.0
545.0,256.0,42.0,67.0
545.0,255.0,42.0,66.0
546.0,253.0,42.0,69.0
547.0,251.0,42.0,72.0
548.0,250.0,42.0,75.0
549.0,249.0,42.0,74.0
550.0,248.0,42.0,74.0
551.0,247.0,42.0,74.0
551.0,246.0,42.0,74.0
551.0,245.0,42.0,75.0
551.0,243.0,42.0,75.0
553.0,243.0,42.0,74.0
554.0,243.0,42.0,73.0
556.0,243.0,42.0,72.0
556.0,242.0,42.0,73.0
556.0,241.0,42.0,74.0
556.0,240.0,42.0,75.0
557.0,239.0,42.0,72.0
557.0,238.0,42.0,69.0
557.0,238.0,42.0,66.0
557.0,235.0,43.0,70.0
558.0,233.0,42.0,72.0
558.0,231.0,42.0,75.0
558.0,230.0,42.0,75.0
559.0,230.0,42.0,74.0
559.0,229.0,41.0,74.0
561.0,228.0,41.0,74.0
563.0,226.0,41.0,73.0
564.0,225.0,41.0,74.0
565.0,224.0,41.0,74.0
568.0,221.0,41.0,73.0
569.0,220.0,41.0,74.0
572.0,218.0,41.0,73.0
574.0,217.0,40.0,73.0
576.0,215.0,41.0,73.0
577.0,213.0,40.0,73.0
578.0,212.0,40.0,73.0
580.0,210.0,40.0,73.0
583.0,209.0,40.0,72.0
586.0,208.0,40.0,72.0
589.0,208.0,40.0,72.0
594.0,207.0,40.0,72.0
598.0,206.0,40.0,72.0
603.0,205.0,40.0,72.0
606.0,205.0,40.0,72.0
609.0,204.0,40.0,72.0
613.0,204.0,40.0,72.0
617.0,203.0,40.0,72.0
621.0,202.0,40.0,72.0
626.0,200.0,40.0,72.0
631.0,200.0,40.0,72.0
636.0,199.0,40.0,72.0
641.0,199.0,40.0,72.0
647.0,197.0,40.0,72.0
652.0,195.0,40.0,72.0
658.0,193.0,40.0,72.0
665.0,191.0,40.0,72.0
672.0,189.0,40.0,72.0
678.0,187.0,40.0,72.0
683.0,187.0,40.0,72.0
688.0,187.0,40.0,72.0
693.0,187.0,40.0,72.0
697.0,186.0,40.0,72.0
702.0,185.0,40.0,72.0
707.0,184.0,40.0,72.0
710.0,184.0,40.0,72.0
714.0,184.0,40.0,72.0
717.0,184.0,40.0,72.0
719.0,183.0,40.0,72.0
722.0,183.0,40.0,72.0
724.0,182.0,40.0,72.0
725.0,181.0,40.0,72.0
726.0,182.0,40.0,72.0
726.0,181.0,40.0,72.0
729.0,181.0,40.0,72.0
731.0,180.0,40.0,72.0
734.0,180.0,40.0,72.0
734.0,179.0,40.0,72.0
735.0,178.0,40.0,72.0
736.0,177.0,40.0,72.0
736.0,177.0,40.0,72.0
736.0,177.0,40.0,72.0
736.0,177.0,40.0,72.0
737.0,176.0,40.0,72.0
737.0,176.0,40.0,72.0
737.0,175.0,40.0,73.0
737.0,174.0,41.0,73.0
738.0,175.0,41.0,73.0
738.0,174.0,41.0,73.0
738.0,174.0,40.0,73.0
738.0,174.0,40.0,73.0
739.0,174.0,40.0,73.0
739.0,174.0,40.0,73.0
739.0,173.0,40.0,73.0
739.0,174.0,40.0,73.0
740.0,174.0,40.0,73.0
740.0,174.0,40.0,73.0
740.0,174.0,40.0,73.0
743.0,174.0,40.0,73.0
746.0,173.0,40.0,73.0
748.0,173.0,40.0,73.0
749.0,172.0,40.0,73.0
749.0,172.0,40.0,73.0
749.0,172.0,40.0,73.0
750.0,171.0,40.0,73.0
750.0,171.0,40.0,73.0
750.0,171.0,40.0,73.0
750.0,170.0,40.0,73.0
751.0,170.0,40.0,73.0
751.0,170.0,40.0,73.0
751.0,171.0,40.0,73.0
751.0,171.0,40.0,73.0
751.0,171.0,40.0,73.0
751.0,171.0,40.0,73.0
751.0,171.0,40.0,73.0
751.0,171.0,40.0,72.0
751.0,171.0,40.0,72.0
751.0,171.0,39.0,72.0
751.0,170.0,39.0,71.0
751.0,170.0,39.0,71.0
751.0,169.0,39.0,71.0
751.0,169.0,39.0,71.0
752.0,167.0,39.0,71.0
752.0,166.0,39.0,71.0
752.0,165.0,39.0,71.0
752.0,164.0,39.0,71.0
752.0,163.0,39.0,71.0
752.0,163.0,39.0,71.0
752.0,163.0,39.0,71.0
751.0,164.0,39.0,71.0
751.0,164.0,39.0,71.0
751.0,166.0,39.0,71.0
749.0,167.0,39.0,71.0
748.0,169.0,39.0,71.0
748.0,168.0,39.0,71.0
747.0,168.0,39.0,71.0
747.0,168.0,39.0,71.0
747.0,169.0,39.0,71.0
747.0,170.0,39.0,71.0
747.0,170.0,39.0,71.0
746.0,170.0,39.0,71.0
746.0,170.0,39.0,72.0
745.0,170.0,39.0,72.0
745.0,170.0,39.0,72.0
744.0,170.0,39.0,72.0
744.0,171.0,39.0,72.0
744.0,171.0,39.0,72.0
743.0,171.0,39.0,72.0
743.0,172.0,39.0,72.0
742.0,173.0,39.0,72.0
740.0,173.0,39.0,72.0
739.0,174.0,39.0,72.0
738.0,174.0,39.0,72.0
736.0,174.0,39.0,72.0
734.0,175.0,39.0,72.0
734.0,175.0,39.0,72.0
733.0,175.0,39.0,72.0
733.0,175.0,39.0,72.0
733.0,175.0,39.0,72.0
733.0,175.0,39.0,72.0
734.0,175.0,39.0,72.0
733.0,175.0,39.0,72.0
733.0,176.0,39.0,72.0
733.0,176.0,39.0,72.0
733.0,177.0,39.0,72.0
733.0,177.0,39.0,72.0
733.0,177.0,39.0,72.0
732.0,177.0,39.0,72.0
733.0,178.0,39.0,72.0
732.0,178.0,39.0,72.0
733.0,178.0,39.0,72.0
733.0,178.0,39.0,72.0
733.0,178.0,39.0,72.0
732.0,179.0,39.0,72.0
731.0,179.0,39.0,72.0
731.0,181.0,39.0,72.0
731.0,181.0,39.0,72.0
731.0,181.0,39.0,72.0
731.0,181.0,39.0,72.0
731.0,183.0,39.0,72.0
730.0,185.0,39.0,72.0
729.0,188.0,39.0,72.0
729.0,188.0,39.0,71.0
728.0,189.0,39.0,72.0
728.0,189.0,39.0,72.0
728.0,190.0,39.0,72.0
727.0,190.0,39.0,72.0
727.0,190.0,39.0,72.0
726.0,190.0,39.0,72.0
726.0,191.0,39.0,72.0
726.0,191.0,39.0,72.0
724.0,192.0,39.0,72.0
723.0,194.0,39.0,72.0
722.0,196.0,39.0,72.0
722.0,195.0,39.0,72.0
722.0,196.0,39.0,72.0
721.0,196.0,39.0,72.0
721.0,196.0,39.0,72.0
720.0,196.0,39.0,72.0
719.0,197.0,39.0,72.0
720.0,198.0,39.0,72.0
722.0,199.0,39.0,72.0
722.0,200.0,39.0,72.0
723.0,201.0,39.0,72.0
722.0,201.0,39.0,72.0
723.0,202.0,39.0,72.0
723.0,201.0,39.0,72.0
724.0,200.0,39.0,72.0
724.0,200.0,39.0,72.0
724.0,200.0,39.0,72.0
724.0,200.0,39.0,72.0
723.0,199.0,39.0,72.0
724.0,201.0,39.0,72.0
725.0,203.0,39.0,72.0
725.0,205.0,40.0,72.0
724.0,206.0,40.0,72.0
724.0,207.0,40.0,72.0
723.0,208.0,40.0,72.0
723.0,209.0,40.0,72.0
723.0,209.0,40.0,72.0
723.0,209.0,40.0,72.0
723.0,209.0,40.0,72.0
722.0,210.0,40.0,72.0
722.0,210.0,40.0,72.0
722.0,212.0,40.0,72.0
723.0,213.0,40.0,72.0
723.0,215.0,40.0,72.0
723.0,214.0,40.0,72.0
723.0,213.0,40.0,72.0
723.0,212.0,40.0,72.0
723.0,213.0,40.0,72.0
723.0,212.0,40.0,73.0
723.0,213.0,40.0,73.0
723.0,217.0,40.0,73.0
724.0,220.0,40.0,73.0
724.0,224.0,40.0,73.0
724.0,224.0,40.0,73.0
725.0,224.0,40.0,73.0
725.0,224.0,40.0,73.0
727.0,225.0,40.0,72.0
728.0,226.0,39.0,72.0
729.0,227.0,39.0,72.0
729.0,227.0,39.0,72.0
730.0,228.0,39.0,72.0
730.0,227.0,40.0,72.0
730.0,228.0,40.0,72.0
730.0,228.0,40.0,72.0
730.0,228.0,40.0,73.0
730.0,230.0,40.0,73.0
731.0,230.0,40.0,73.0
730.0,231.0,40.0,73.0
730.0,233.0,40.0,73.0
729.0,236.0,40.0,73.0
728.0,237.0,40.0,73.0
728.0,237.0,40.0,73.0
728.0,238.0,40.0,73.0
728.0,238.0,40.0,73.0
728.0,238.0,40.0,73.0
729.0,238.0,40.0,73.0
729.0,238.0,40.0,73.0
728.0,239.0,40.0,73.0
728.0,239.0,41.0,73.0
728.0,239.0,41.0,73.0
729.0,239.0,41.0,73.0
729.0,240.0,40.0,73.0
730.0,241.0,40.0,73.0
730.0,241.0,40.0,73.0
730.0,242.0,40.0,73.0
730.0,243.0,40.0,73.0
731.0,243.0,40.0,73.0
731.0,243.0,40.0,73.0
731.0,243.0,40.0,73.0
732.0,244.0,40.0,73.0
734.0,245.0,40.0,73.0
735.0,246.0,40.0,73.0
736.0,246.0,40.0,73.0
736.0,246.0,40.0,73.0
736.0,246.0,40.0,73.0
737.0,246.0,40.0,73.0
738.0,247.0,40.0,73.0
739.0,248.0,40.0,72.0
740.0,248.0,40.0,72.0
742.0,249.0,40.0,72.0
742.0,249.0,40.0,72.0
743.0,252.0,39.0,72.0
744.0,252.0,39.0,72.0
745.0,254.0,39.0,72.0
744.0,255.0,39.0,72.0
745.0,256.0,39.0,71.0
745.0,256.0,39.0,72.0
745.0,256.0,39.0,72.0
745.0,256.0,39.0,72.0
745.0,256.0,39.0,72.0
746.0,256.0,39.0,72.0
746.0,256.0,39.0,72.0
746.0,256.0,40.0,72.0
748.0,256.0,40.0,73.0
749.0,257.0,40.0,73.0
750.0,259.0,40.0,73.0
750.0,259.0,40.0,73.0
751.0,260.0,40.0,73.0
751.0,260.0,40.0,73.0
752.0,260.0,40.0,73.0
753.0,261.0,40.0,73.0
753.0,261.0,40.0,73.0
755.0,262.0,40.0,73.0
758.0,262.0,40.0,73.0
760.0,263.0,40.0,73.0
761.0,265.0,40.0,72.0
763.0,268.0,38.0,71.0
765.0,270.0,37.0,70.0
765.0,271.0,37.0,70.0
766.0,271.0,37.0,70.0
766.0,271.0,37.0,70.0
766.0,271.0,37.0,70.0
767.0,272.0,37.0,70.0
767.0,273.0,37.0,70.0
767.0,273.0,37.0,70.0
768.0,273.0,37.0,70.0
768.0,274.0,37.0,70.0
768.0,275.0,37.0,70.0
769.0,276.0,37.0,70.0
770.0,278.0,37.0,70.0
770.0,281.0,36.0,69.0
771.0,282.0,36.0,68.0
772.0,284.0,35.0,67.0
772.0,284.0,35.0,67.0
772.0,285.0,35.0,67.0
772.0,285.0,35.0,67.0
774.0,286.0,35.0,67.0
775.0,287.0,35.0,67.0
776.0,288.0,35.0,67.0
778.0,289.0,35.0,67.0
778.0,290.0,35.0,67.0
780.0,291.0,35.0,67.0
780.0,292.0,35.0,67.0
781.0,293.0,34.0,67.0
781.0,294.0,34.0,66.0
782.0,295.0,34.0,66.0
783.0,296.0,34.0,66.0
783.0,299.0,33.0,65.0
784.0,300.0,33.0,65.0
784.0,301.0,33.0,65.0
784.0,302.0,33.0,65.0
785.0,303.0,33.0,65.0
786.0,304.0,33.0,65.0
787.0,306.0,33.0,65.0
787.0,307.0,33.0,65.0
787.0,309.0,33.0,65.0
787.0,309.0,33.0,65.0
787.0,312.0,33.0,65.0
787.0,312.0,33.0,65.0
788.0,315.0,33.0,65.0
787.0,317.0,33.0,65.0
786.0,319.0,33.0,65.0
785.0,322.0,33.0,65.0
785.0,323.0,33.0,65.0
784.0,323.0,33.0,65.0
785.0,321.0,33.0,65.0
784.0,323.0,33.0,65.0
784.0,323.0,33.0,65.0
783.0,324.0,33.0,65.0
783.0,325.0,33.0,65.0
783.0,326.0,33.0,65.0
783.0,325.0,33.0,65.0
782.0,327.0,33.0,65.0
779.0,329.0,33.0,65.0
778.0,332.0,33.0,65.0
777.0,334.0,33.0,65.0
776.0,336.0,33.0,65.0
775.0,338.0,33.0,65.0
774.0,339.0,33.0,65.0
774.0,339.0,33.0,65.0
774.0,339.0,33.0,65.0
773.0,340.0,33.0,65.0
772.0,341.0,33.0,65.0
772.0,340.0,33.0,65.0
769.0,341.0,33.0,65.0
767.0,341.0,33.0,65.0
765.0,342.0,33.0,65.0
764.0,342.0,33.0,65.0
764.0,342.0,33.0,65.0
764.0,342.0,33.0,65.0
763.0,343.0,33.0,65.0
763.0,343.0,33.0,65.0
762.0,343.0,33.0,65.0
760.0,344.0,33.0,65.0
758.0,347.0,33.0,65.0
756.0,349.0,33.0,65.0
754.0,350.0,33.0,65.0
752.0,350.0,33.0,65.0
751.0,351.0,33.0,65.0
749.0,351.0,33.0,65.0
746.0,353.0,33.0,65.0
744.0,354.0,33.0,65.0
743.0,354.0,33.0,65.0
742.0,354.0,33.0,65.0
741.0,354.0,33.0,65.0
739.0,355.0,33.0,65.0
735.0,355.0,33.0,65.0
732.0,356.0,33.0,65.0
731.0,356.0,33.0,65.0
730.0,356.0,33.0,65.0
730.0,356.0,33.0,65.0
727.0,357.0,33.0,65.0
723.0,358.0,33.0,65.0
719.0,358.0,33.0,65.0
718.0,358.0,33.0,65.0
717.0,359.0,33.0,65.0
715.0,359.0,33.0,65.0
711.0,361.0,33.0,65.0
708.0,362.0,33.0,65.0
704.0,364.0,33.0,65.0
702.0,364.0,33.0,65.0
700.0,365.0,33.0,65.0
697.0,365.0,33.0,65.0
696.0,365.0,33.0,65.0
694.0,365.0,33.0,65.0
692.0,365.0,33.0,65.0
688.0,365.0,33.0,65.0
685.0,366.0,33.0,65.0
682.0,366.0,33.0,65.0
679.0,368.0,32.0,64.0
675.0,371.0,32.0,64.0
671.0,373.0,32.0,64.0
667.0,374.0,32.0,64.0
663.0,375.0,32.0,64.0
659.0,376.0,32.0,64.0
656.0,376.0,32.0,64.0
654.0,376.0,32.0,64.0
652.0,376.0,32.0,64.0
648.0,377.0,32.0,64.0
643.0,379.0,32.0,64.0
639.0,381.0,32.0,64.0
636.0,381.0,32.0,64.0
633.0,382.0,32.0,64.0
631.0,383.0,32.0,64.0
626.0,384.0,32.0,64.0
623.0,385.0,32.0,64.0
619.0,385.0,32.0,64.0
615.0,386.0,32.0,64.0
611.0,388.0,32.0,64.0
607.0,389.0,32.0,64.0
604.0,389.0,32.0,64.0
601.0,390.0,32.0,64.0
598.0,390.0,32.0,64.0
595.0,391.0,32.0,64.0
592.0,391.0,32.0,64.0
589.0,391.0,32.0,64.0
587.0,392.0,32.0,64.0
584.0,393.0,32.0,64.0
581.0,393.0,32.0,64.0
577.0,394.0,32.0,64.0
574.0,394.0,32.0,64.0
570.0,395.0,32.0,64.0
567.0,396.0,32.0,64.0
564.0,396.0,32.0,64.0
561.0,397.0,32.0,64.0
558.0,399.0,32.0,64.0
554.0,400.0,32.0,64.0
551.0,401.0,32.0,64.0
548.0,402.0,32.0,64.0
545.0,402.0,32.0,64.0
542.0,403.0,33.0,65.0
539.0,403.0,33.0,65.0
535.0,404.0,33.0,65.0
531.0,404.0,33.0,65.0
530.0,404.0,33.0,65.0
528.0,404.0,33.0,65.0
527.0,404.0,33.0,65.0
523.0,405.0,33.0,65.0
519.0,405.0,33.0,65.0
515.0,406.0,33.0,65.0
513.0,405.0,33.0,65.0
511.0,405.0,33.0,65.0
509.0,405.0,33.0,65.0
507.0,405.0,33.0,65.0
504.0,405.0,33.0,65.0
501.0,404.0,33.0,65.0
501.0,404.0,33.0,65.0
500.0,403.0,33.0,65.0
500.0,403.0,33.0,65.0
499.0,403.0,33.0,65.0
499.0,402.0,33.0,65.0
499.0,402.0,33.0,65.0
499.0,401.0,33.0,65.0
499.0,401.0,33.0,65.0
499.0,401.0,33.0,65.0
500.0,400.0,33.0,65.0
499.0,401.0,33.0,65.0
500.0,401.0,33.0,65.0
499.0,399.0,33.0,65.0
499.0,398.0,33.0,65.0
499.0,397.0,33.0,65.0
499.0,396.0,33.0,65.0
498.0,394.0,33.0,65.0
498.0,393.0,33.0,65.0
498.0,392.0,33.0,65.0
498.0,391.0,33.0,65.0
499.0,390.0,33.0,65.0
499.0,388.0,33.0,65.0
501.0,386.0,33.0,65.0
502.0,383.0,33.0,65.0
502.0,383.0,33.0,65.0
502.0,382.0,33.0,65.0
503.0,382.0,33.0,65.0
503.0,381.0,33.0,65.0
503.0,381.0,33.0,65.0
503.0,380.0,33.0,65.0
503.0,378.0,33.0,65.0
503.0,376.0,33.0,65.0
504.0,374.0,33.0,65.0
505.0,372.0,33.0,65.0
506.0,370.0,33.0,65.0
508.0,367.0,33.0,65.0
508.0,366.0,33.0,65.0
508.0,365.0,33.0,65.0
508.0,363.0,33.0,65.0
509.0,362.0,33.0,65.0
510.0,361.0,33.0,65.0
511.0,360.0,33.0,65.0
511.0,359.0,33.0,65.0
511.0,359.0,33.0,65.0
511.0,358.0,33.0,65.0
512.0,356.0,33.0,65.0
514.0,354.0,33.0,65.0
515.0,352.0,33.0,65.0
515.0,352.0,33.0,65.0
515.0,351.0,33.0,65.0
515.0,351.0,33.0,65.0
515.0,349.0,33.0,65.0
516.0,347.0,33.0,65.0
517.0,345.0,33.0,65.0
518.0,343.0,33.0,65.0
519.0,341.0,33.0,65.0
520.0,340.0,33.0,65.0
521.0,339.0,33.0,65.0
522.0,338.0,33.0,65.0
523.0,336.0,33.0,65.0
524.0,336.0,33.0,65.0
525.0,335.0,33.0,65.0
525.0,335.0,32.0,64.0
525.0,335.0,32.0,64.0
527.0,334.0,32.0,64.0
527.0,333.0,32.0,64.0
529.0,332.0,32.0,64.0
531.0,330.0,32.0,64.0
533.0,328.0,32.0,64.0
533.0,327.0,32.0,64.0
534.0,327.0,32.0,64.0
535.0,327.0,32.0,64.0
537.0,326.0,32.0,64.0
540.0,326.0,32.0,64.0
542.0,325.0,32.0,64.0
543.0,326.0,32.0,64.0
544.0,326.0,32.0,64.0
546.0,327.0,32.0,64.0
547.0,327.0,32.0,64.0
547.0,327.0,32.0,64.0
548.0,328.0,32.0,64.0
548.0,328.0,32.0,64.0
549.0,328.0,32.0,64.0
549.0,328.0,32.0,64.0
549.0,328.0,32.0,64.0
549.0,328.0,32.0,64.0
549.0,328.0,32.0,64.0
550.0,328.0,32.0,64.0
550.0,328.0,32.0,64.0
550.0,328.0,32.0,64.0
550.0,327.0,32.0,64.0
551.0,327.0,32.0,64.0
552.0,327.0,32.0,64.0
552.0,327.0,32.0,64.0
552.0,327.0,32.0,64.0
552.0,327.0,32.0,64.0
550.0,325.0,32.0,64.0
549.0,324.0,32.0,64.0
548.0,323.0,32.0,64.0
548.0,323.0,32.0,64.0
549.0,324.0,32.0,64.0
549.0,324.0,32.0,64.0
549.0,324.0,32.0,64.0
549.0,323.0,32.0,64.0
549.0,323.0,32.0,64.0
549.0,323.0,32.0,64.0
549.0,323.0,32.0,64.0
550.0,323.0,32.0,64.0
550.0,323.0,32.0,64.0
550.0,323.0,32.0,64.0
550.0,323.0,32.0,64.0
550.0,323.0,32.0,64.0
550.0,324.0,32.0,64.0
550.0,324.0,32.0,64.0
550.0,324.0,32.0,64.0
549.0,324.0,32.0,64.0
549.0,324.0,32.0,64.0
550.0,324.0,32.0,64.0
550.0,324.0,32.0,64.0
550.0,323.0,32.0,64.0
550.0,323.0,32.0,64.0
551.0,323.0,32.0,64.0
551.0,323.0,32.0,64.0
552.0,323.0,32.0,64.0
554.0,323.0,32.0,64.0
555.0,323.0,32.0,64.0
555.0,323.0,32.0,64.0
555.0,323.0,32.0,64.0
555.0,322.0,32.0,64.0
555.0,322.0,32.0,64.0
555.0,323.0,32.0,64.0
555.0,323.0,32.0,64.0
555.0,322.0,32.0,64.0
555.0,322.0,32.0,64.0
556.0,322.0,32.0,64.0
556.0,320.0,32.0,64.0
556.0,318.0,32.0,64.0
556.0,317.0,32.0,64.0
556.0,318.0,32.0,64.0
556.0,319.0,32.0,64.0
556.0,321.0,32.0,64.0
556.0,321.0,32.0,64.0
556.0,321.0,32.0,64.0
556.0,321.0,32.0,64.0
556.0,321.0,32.0,64.0
556.0,321.0,32.0,64.0
556.0,322.0,32.0,64.0
556.0,322.0,32.0,64.0
556.0,322.0,32.0,64.0
556.0,323.0,32.0,64.0
555.0,323.0,32.0,64.0
555.0,323.0,32.0,64.0
554.0,323.0,32.0,64.0
554.0,323.0,32.0,63.0
554.0,323.0,32.0,63.0
554.0,323.0,32.0,63.0
554.0,323.0,32.0,63.0
553.0,323.0,32.0,63.0
553.0,323.0,32.0,63.0
551.0,322.0,32.0,63.0
549.0,321.0,32.0,64.0
547.0,320.0,32.0,64.0
546.0,320.0,32.0,64.0
546.0,320.0,32.0,64.0
545.0,320.0,32.0,64.0
545.0,320.0,32.0,64.0
545.0,320.0,32.0,64.0
544.0,320.0,32.0,64.0
544.0,320.0,32.0,64.0
544.0,319.0,32.0,64.0
543.0,319.0,32.0,64.0
543.0,318.0,32.0,64.0
542.0,318.0,32.0,64.0
541.0,318.0,32.0,64.0
540.0,318.0,32.0,64.0
540.0,318.0,32.0,64.0
540.0,317.0,32.0,64.0
541.0,318.0,32.0,64.0
543.0,318.0,32.0,64.0
544.0,318.0,32.0,64.0
545.0,318.0,32.0,64.0
545.0,318.0,32.0,64.0
546.0,318.0,32.0,64.0
546.0,320.0,32.0,64.0
547.0,321.0,32.0,64.0
547.0,322.0,32.0,64.0
549.0,323.0,32.0,64.0
551.0,325.0,32.0,64.0
553.0,325.0,32.0,64.0
553.0,326.0,32.0,64.0
553.0,326.0,32.0,64.0
554.0,327.0,32.0,64.0
554.0,327.0,32.0,64.0
554.0,328.0,32.0,64.0
554.0,328.0,32.0,64.0
554.0,328.0,32.0,64.0
554.0,328.0,32.0,64.0
554.0,328.0,32.0,64.0
554.0,328.0,32.0,64.0
554.0,329.0,32.0,64.0
554.0,329.0,32.0,64.0
553.0,331.0,32.0,64.0
552.0,332.0,32.0,64.0
551.0,333.0,32.0,64.0
551.0,333.0,32.0,64.0
550.0,333.0,32.0,64.0
550.0,332.0,32.0,64.0
549.0,332.0,32.0,64.0
549.0,332.0,32.0,64.0
548.0,332.0,32.0,64.0
548.0,331.0,32.0,64.0
548.0,332.0,32.0,64.0
547.0,331.0,32.0,64.0
