549.0,149.0,60.0,137.0
548.0,149.0,60.0,137.0
548.0,149.0,60.0,136.0
546.0,149.0,60.0,136.0
546.0,149.0,60.0,136.0
545.0,149.0,60.0,136.0
545.0,149.0,60.0,137.0
545.0,149.0,60.0,136.0
543.0,149.0,60.0,136.0
542.0,149.0,60.0,135.0
542.0,147.0,60.0,135.0
540.0,147.0,61.0,135.0
540.0,147.0,61.0,135.0
539.0,147.0,61.0,136.0
539.0,147.0,61.0,137.0
538.0,147.0,61.0,137.0
536.0,147.0,61.0,138.0
536.0,147.0,62.0,139.0
535.0,147.0,62.0,140.0
535.0,147.0,62.0,139.0
534.0,147.0,61.0,139.0
533.0,147.0,61.0,138.0
533.0,148.0,62.0,138.0
533.0,148.0,62.0,138.0
532.0,149.0,62.0,138.0
532.0,149.0,62.0,138.0
532.0,149.0,62.0,138.0
531.0,149.0,62.0,138.0
531.0,149.0,62.0,138.0
530.0,149.0,62.0,137.0
529.0,151.0,62.0,137.0
528.0,151.0,62.0,137.0
528.0,151.0,62.0,137.0
528.0,151.0,62.0,137.0
527.0,151.0,61.0,137.0
527.0,151.0,61.0,136.0
527.0,151.0,60.0,135.0
527.0,151.0,60.0,136.0
527.0,151.0,61.0,137.0
527.0,151.0,62.0,137.0
527.0,151.0,62.0,137.0
526.0,151.0,62.0,137.0
526.0,151.0,63.0,137.0
526.0,151.0,62.0,137.0
527.0,151.0,62.0,138.0
527.0,151.0,62.0,138.0
527.0,151.0,62.0,138.0
527.0,153.0,62.0,138.0
527.0,153.0,62.0,138.0
527.0,153.0,62.0,138.0
527.0,153.0,61.0,139.0
526.0,153.0,60.0,139.0
526.0,153.0,61.0,138.0
526.0,153.0,61.0,137.0
526.0,153.0,62.0,137.0
526.0,153.0,62.0,137.0
526.0,153.0,62.0,137.0
526.0,153.0,62.0,137.0
526.0,153.0,62.0,137.0
525.0,153.0,62.0,137.0
526.0,153.0,63.0,137.0
527.0,153.0,62.0,137.0
528.0,153.0,62.0,138.0
528.0,153.0,62.0,139.0
528.0,153.0,62.0,140.0
529.0,151.0,63.0,140.0
529.0,151.0,63.0,140.0
531.0,151.0,63.0,140.0
532.0,151.0,63.0,141.0
533.0,151.0,63.0,141.0
534.0,151.0,63.0,140.0
536.0,151.0,63.0,140.0
536.0,151.0,63.0,140.0
537.0,151.0,63.0,140.0
539.0,151.0,63.0,140.0
539.0,151.0,63.0,140.0
541.0,151.0,63.0,140.0
541.0,151.0,63.0,140.0
542.0,150.0,63.0,140.0
543.0,150.0,63.0,139.0
544.0,150.0,63.0,139.0
544.0,150.0,63.0,138.0
546.0,149.0,62.0,138.0
547.0,149.0,62.0,137.0
549.0,147.0,62.0,137.0
550.0,147.0,62.0,137.0
551.0,147.0,62.0,137.0
552.0,145.0,62.0,137.0
553.0,145.0,63.0,138.0
553.0,145.0,63.0,139.0
553.0,145.0,63.0,140.0
554.0,145.0,63.0,140.0
555.0,143.0,63.0,139.0
555.0,143.0,62.0,139.0
557.0,143.0,62.0,140.0
557.0,143.0,62.0,140.0
557.0,142.0,62.0,140.0
558.0,142.0,62.0,140.0
558.0,142.0,61.0,140.0
560.0,141.0,61.0,140.0
560.0,140.0,62.0,140.0
560.0,140.0,62.0,139.0
560.0,139.0,62.0,139.0
561.0,139.0,62.0,139.0
561.0,137.0,62.0,139.0
561.0,137.0,62.0,138.0
561.0,137.0,63.0,138.0
562.0,135.0,63.0,138.0
562.0,134.0,63.0,137.0
562.0,134.0,63.0,139.0
562.0,133.0,63.0,140.0
562.0,133.0,63.0,140.0
562.0,133.0,63.0,141.0
562.0,132.0,63.0,142.0
562.0,131.0,63.0,142.0
562.0,131.0,63.0,142.0
562.0,131.0,63.0,141.0
562.0,131.0,63.0,140.0
561.0,131.0,63.0,140.0
560.0,131.0,63.0,140.0
560.0,131.0,63.0,140.0
560.0,131.0,63.0,140.0
558.0,129.0,63.0,140.0
557.0,129.0,63.0,140.0
557.0,129.0,63.0,140.0
557.0,129.0,63.0,140.0
556.0,128.0,63.0,140.0
556.0,127.0,63.0,140.0
554.0,127.0,63.0,140.0
554.0,126.0,63.0,140.0
555.0,126.0,63.0,140.0
555.0,124.0,63.0,139.0
556.0,124.0,63.0,138.0
557.0,124.0,63.0,138.0
559.0,123.0,63.0,138.0
560.0,123.0,63.0,138.0
562.0,123.0,63.0,139.0
564.0,122.0,63.0,140.0
566.0,121.0,63.0,140.0
570.0,121.0,63.0,140.0
573.0,121.0,63.0,140.0
576.0,121.0,63.0,140.0
579.0,121.0,63.0,140.0
583.0,121.0,63.0,140.0
587.0,120.0,63.0,140.0
591.0,120.0,63.0,140.0
596.0,121.0,63.0,139.0
602.0,119.0,62.0,139.0
608.0,119.0,62.0,139.0
614.0,119.0,62.0,139.0
620.0,119.0,62.0,139.0
624.0,119.0,62.0,139.0
629.0,119.0,62.0,138.0
633.0,119.0,62.0,138.0
635.0,118.0,63.0,138.0
639.0,118.0,63.0,139.0
641.0,116.0,63.0,139.0
642.0,116.0,63.0,139.0
642.0,116.0,63.0,138.0
642.0,116.0,63.0,138.0
641.0,116.0,63.0,139.0
639.0,117.0,63.0,140.0
638.0,117.0,63.0,140.0
636.0,117.0,63.0,141.0
633.0,116.0,63.0,142.0
631.0,116.0,63.0,142.0
629.0,117.0,63.0,142.0
627.0,117.0,63.0,141.0
237.0,44.0,18.0,50.0
622.0,101.0,61.0,173.0
619.0,101.0,62.0,173.0
619.0,101.0,62.0,173.0
617.0,101.0,62.0,173.0
613.0,101.0,62.0,173.0
610.0,101.0,62.0,173.0
608.0,101.0,61.0,172.0
605.0,102.0,61.0,171.0
602.0,102.0,61.0,171.0
600.0,102.0,61.0,171.0
598.0,102.0,61.0,171.0
594.0,102.0,61.0,171.0
592.0,102.0,61.0,171.0
590.0,102.0,61.0,171.0
586.0,102.0,61.0,170.0
582.0,102.0,61.0,170.0
580.0,102.0,61.0,171.0
577.0,102.0,61.0,171.0
574.0,102.0,61.0,171.0
572.0,102.0,61.0,172.0
571.0,102.0,61.0,173.0
571.0,102.0,61.0,173.0
572.0,102.0,61.0,172.0
573.0,102.0,61.0,172.0
573.0,102.0,61.0,172.0
575.0,102.0,61.0,172.0
576.0,102.0,60.0,173.0
578.0,102.0,60.0,173.0
581.0,102.0,59.0,173.0
583.0,102.0,59.0,174.0
584.0,102.0,59.0,173.0
586.0,102.0,60.0,173.0
590.0,102.0,60.0,173.0
591.0,102.0,61.0,172.0
593.0,100.0,61.0,171.0
596.0,100.0,61.0,171.0
599.0,100.0,61.0,171.0
601.0,100.0,61.0,171.0
605.0,100.0,60.0,170.0
608.0,100.0,61.0,171.0
611.0,100.0,61.0,172.0
613.0,100.0,61.0,173.0
617.0,100.0,60.0,174.0
622.0,100.0,60.0,174.0
626.0,100.0,59.0,174.0
628.0,100.0,59.0,174.0
630.0,100.0,59.0,174.0
634.0,101.0,59.0,174.0
637.0,101.0,60.0,174.0
641.0,102.0,60.0,174.0
643.0,102.0,61.0,174.0
646.0,102.0,61.0,174.0
649.0,102.0,61.0,174.0
653.0,104.0,61.0,173.0
655.0,104.0,61.0,173.0
657.0,104.0,61.0,173.0
661.0,104.0,61.0,173.0
663.0,106.0,61.0,172.0
664.0,106.0,62.0,171.0
667.0,106.0,62.0,171.0
670.0,106.0,62.0,171.0
672.0,107.0,61.0,171.0
674.0,107.0,61.0,170.0
677.0,107.0,61.0,170.0
679.0,106.0,61.0,170.0
680.0,106.0,61.0,169.0
680.0,107.0,62.0,170.0
681.0,108.0,64.0,171.0
681.0,108.0,64.0,171.0
682.0,108.0,65.0,171.0
683.0,109.0,65.0,171.0
683.0,109.0,65.0,171.0
684.0,110.0,65.0,172.0
684.0,110.0,64.0,172.0
685.0,110.0,64.0,173.0
685.0,110.0,64.0,172.0
683.0,112.0,63.0,172.0
685.0,112.0,63.0,171.0
683.0,112.0,63.0,171.0
683.0,112.0,63.0,172.0
683.0,112.0,63.0,172.0
682.0,112.0,62.0,171.0
681.0,112.0,62.0,171.0
681.0,113.0,61.0,170.0
680.0,112.0,61.0,171.0
678.0,112.0,62.0,171.0
675.0,112.0,62.0,171.0
673.0,112.0,62.0,171.0
672.0,112.0,62.0,172.0
671.0,112.0,62.0,173.0
669.0,113.0,62.0,173.0
666.0,113.0,62.0,174.0
664.0,114.0,62.0,174.0
663.0,114.0,62.0,174.0
662.0,114.0,62.0,174.0
660.0,114.0,62.0,174.0
659.0,115.0,62.0,174.0
657.0,117.0,62.0,173.0
656.0,117.0,62.0,173.0
657.0,117.0,62.0,173.0
656.0,118.0,62.0,173.0
658.0,118.0,61.0,173.0
657.0,119.0,61.0,173.0
658.0,120.0,61.0,173.0
657.0,120.0,61.0,173.0
659.0,120.0,61.0,173.0
659.0,120.0,61.0,173.0
659.0,122.0,61.0,173.0
659.0,122.0,61.0,172.0
661.0,122.0,61.0,172.0
662.0,122.0,62.0,171.0
662.0,122.0,62.0,171.0
662.0,123.0,62.0,171.0
663.0,123.0,62.0,170.0
663.0,123.0,63.0,170.0
665.0,124.0,64.0,170.0
664.0,124.0,64.0,170.0
664.0,125.0,64.0,170.0
664.0,125.0,65.0,171.0
664.0,125.0,65.0,171.0
664.0,126.0,64.0,171.0
665.0,127.0,64.0,171.0
665.0,127.0,64.0,171.0
665.0,128.0,63.0,170.0
666.0,129.0,63.0,170.0
665.0,130.0,62.0,169.0
666.0,130.0,61.0,169.0
666.0,129.0,61.0,169.0
666.0,129.0,61.0,169.0
664.0,130.0,61.0,170.0
662.0,130.0,61.0,171.0
660.0,130.0,62.0,172.0
660.0,130.0,62.0,171.0
659.0,130.0,61.0,171.0
658.0,130.0,61.0,170.0
658.0,130.0,61.0,170.0
657.0,130.0,60.0,170.0
656.0,130.0,59.0,171.0
654.0,132.0,60.0,171.0
653.0,132.0,61.0,173.0
651.0,132.0,61.0,174.0
649.0,133.0,61.0,174.0
648.0,133.0,61.0,174.0
647.0,134.0,61.0,175.0
647.0,135.0,62.0,174.0
646.0,135.0,62.0,174.0
645.0,137.0,62.0,174.0
643.0,137.0,62.0,174.0
645.0,137.0,61.0,174.0
644.0,138.0,61.0,174.0
644.0,139.0,61.0,173.0
644.0,139.0,61.0,172.0
644.0,140.0,61.0,172.0
646.0,140.0,60.0,172.0
646.0,140.0,60.0,171.0
650.0,140.0,59.0,171.0
651.0,142.0,59.0,171.0
652.0,142.0,60.0,171.0
654.0,142.0,60.0,171.0
657.0,142.0,60.0,171.0
660.0,142.0,59.0,171.0
662.0,142.0,59.0,171.0
665.0,142.0,60.0,170.0
667.0,143.0,61.0,170.0
668.0,143.0,61.0,170.0
672.0,143.0,62.0,170.0
675.0,144.0,62.0,170.0
677.0,144.0,62.0,170.0
679.0,144.0,63.0,169.0
682.0,145.0,64.0,169.0
257.0,61.0,21.0,45.0
677.0,145.0,74.0,165.0
680.0,145.0,73.0,165.0
682.0,145.0,73.0,165.0
685.0,146.0,73.0,165.0
687.0,145.0,73.0,165.0
689.0,146.0,73.0,165.0
690.0,145.0,73.0,165.0
693.0,146.0,73.0,165.0
694.0,146.0,73.0,165.0
696.0,146.0,72.0,165.0
698.0,147.0,71.0,164.0
699.0,147.0,70.0,164.0
698.0,147.0,70.0,164.0
699.0,147.0,70.0,164.0
698.0,146.0,70.0,164.0
697.0,147.0,70.0,165.0
695.0,147.0,70.0,166.0
694.0,147.0,70.0,167.0
692.0,147.0,70.0,168.0
690.0,147.0,71.0,168.0
687.0,146.0,71.0,169.0
685.0,147.0,71.0,169.0
682.0,147.0,72.0,168.0
679.0,147.0,72.0,168.0
677.0,147.0,71.0,168.0
677.0,147.0,70.0,167.0
674.0,149.0,70.0,166.0
673.0,150.0,70.0,167.0
672.0,149.0,69.0,167.0
671.0,151.0,69.0,167.0
669.0,151.0,70.0,167.0
667.0,151.0,70.0,166.0
666.0,151.0,71.0,166.0
665.0,151.0,70.0,165.0
665.0,151.0,70.0,165.0
664.0,151.0,70.0,165.0
664.0,151.0,70.0,165.0
663.0,151.0,70.0,165.0
662.0,151.0,70.0,165.0
663.0,151.0,70.0,165.0
662.0,151.0,68.0,165.0
663.0,151.0,67.0,166.0
663.0,151.0,67.0,166.0
664.0,151.0,67.0,166.0
663.0,151.0,67.0,166.0
664.0,151.0,67.0,165.0
663.0,151.0,68.0,165.0
663.0,151.0,69.0,164.0
662.0,151.0,70.0,164.0
662.0,150.0,70.0,164.0
661.0,151.0,72.0,164.0
661.0,150.0,72.0,164.0
661.0,151.0,73.0,164.0
662.0,150.0,73.0,164.0
662.0,151.0,73.0,164.0
662.0,150.0,72.0,163.0
662.0,150.0,72.0,163.0
661.0,150.0,72.0,164.0
661.0,149.0,72.0,164.0
661.0,149.0,72.0,164.0
660.0,149.0,72.0,164.0
659.0,149.0,72.0,163.0
658.0,147.0,72.0,163.0
657.0,146.0,72.0,163.0
655.0,147.0,72.0,162.0
654.0,146.0,72.0,162.0
653.0,146.0,70.0,163.0
652.0,146.0,70.0,164.0
649.0,145.0,68.0,164.0
648.0,145.0,68.0,165.0
646.0,145.0,68.0,165.0
644.0,145.0,68.0,166.0
643.0,144.0,68.0,166.0
641.0,144.0,68.0,166.0
639.0,143.0,68.0,166.0
637.0,141.0,69.0,165.0
636.0,143.0,70.0,165.0
634.0,141.0,72.0,165.0
632.0,143.0,72.0,165.0
631.0,142.0,72.0,164.0
630.0,143.0,72.0,164.0
629.0,142.0,71.0,164.0
629.0,143.0,71.0,164.0
629.0,141.0,71.0,164.0
628.0,141.0,70.0,164.0
628.0,141.0,70.0,163.0
627.0,141.0,70.0,163.0
628.0,141.0,70.0,164.0
627.0,141.0,69.0,165.0
628.0,140.0,68.0,165.0
628.0,140.0,67.0,165.0
628.0,141.0,67.0,164.0
629.0,139.0,67.0,163.0
630.0,138.0,67.0,163.0
629.0,139.0,65.0,163.0
632.0,138.0,64.0,163.0
631.0,139.0,66.0,163.0
632.0,136.0,67.0,163.0
632.0,136.0,67.0,163.0
633.0,136.0,68.0,163.0
634.0,136.0,69.0,162.0
636.0,136.0,70.0,162.0
637.0,135.0,70.0,162.0
637.0,134.0,71.0,162.0
638.0,135.0,72.0,163.0
642.0,133.0,72.0,162.0
644.0,133.0,72.0,162.0
647.0,133.0,72.0,162.0
648.0,133.0,71.0,162.0
652.0,131.0,70.0,163.0
654.0,130.0,70.0,163.0
657.0,129.0,70.0,163.0
659.0,129.0,69.0,163.0
662.0,129.0,68.0,163.0
663.0,128.0,68.0,163.0
668.0,126.0,68.0,162.0
669.0,127.0,67.0,162.0
672.0,126.0,67.0,163.0
674.0,125.0,67.0,163.0
676.0,125.0,67.0,164.0
678.0,125.0,67.0,163.0
681.0,123.0,67.0,163.0
682.0,122.0,67.0,162.0
684.0,123.0,69.0,162.0
684.0,122.0,70.0,162.0
684.0,123.0,70.0,162.0
685.0,122.0,71.0,162.0
686.0,122.0,71.0,162.0
687.0,122.0,72.0,161.0
688.0,122.0,72.0,162.0
687.0,122.0,72.0,162.0
689.0,122.0,72.0,162.0
689.0,122.0,72.0,162.0
689.0,122.0,72.0,162.0
688.0,122.0,71.0,162.0
687.0,122.0,71.0,162.0
684.0,121.0,71.0,162.0
683.0,121.0,70.0,161.0
683.0,120.0,70.0,161.0
682.0,119.0,70.0,161.0
681.0,120.0,69.0,161.0
682.0,119.0,68.0,162.0
682.0,118.0,67.0,162.0
683.0,118.0,67.0,162.0
682.0,118.0,67.0,162.0
681.0,118.0,67.0,162.0
680.0,118.0,67.0,162.0
681.0,118.0,67.0,162.0
682.0,118.0,67.0,162.0
682.0,118.0,68.0,162.0
682.0,118.0,69.0,162.0
682.0,116.0,70.0,162.0
682.0,115.0,70.0,162.0
683.0,116.0,70.0,162.0
261.0,52.0,18.0,42.0
687.0,122.0,60.0,150.0
688.0,122.0,61.0,150.0
691.0,122.0,61.0,150.0
693.0,122.0,61.0,150.0
696.0,122.0,61.0,150.0
698.0,121.0,60.0,150.0
701.0,120.0,60.0,150.0
702.0,120.0,60.0,150.0
705.0,120.0,60.0,151.0
707.0,120.0,60.0,151.0
710.0,119.0,60.0,150.0
713.0,119.0,59.0,150.0
716.0,119.0,58.0,150.0
719.0,119.0,57.0,150.0
722.0,119.0,57.0,150.0
725.0,118.0,57.0,150.0
726.0,118.0,58.0,149.0
727.0,118.0,59.0,148.0
730.0,118.0,60.0,148.0
732.0,118.0,61.0,148.0
734.0,118.0,61.0,149.0
735.0,118.0,62.0,150.0
738.0,118.0,62.0,149.0
740.0,119.0,62.0,148.0
742.0,119.0,61.0,148.0
745.0,119.0,61.0,148.0
748.0,119.0,61.0,149.0
750.0,119.0,61.0,149.0
753.0,118.0,60.0,149.0
755.0,118.0,60.0,149.0
758.0,118.0,60.0,149.0
759.0,118.0,60.0,149.0
761.0,118.0,60.0,149.0
763.0,118.0,60.0,148.0
764.0,118.0,60.0,148.0
766.0,117.0,59.0,148.0
768.0,117.0,58.0,148.0
770.0,116.0,58.0,148.0
771.0,116.0,57.0,148.0
772.0,116.0,57.0,148.0
774.0,116.0,58.0,148.0
774.0,116.0,59.0,149.0
774.0,116.0,60.0,150.0
775.0,116.0,60.0,150.0
776.0,115.0,60.0,150.0
777.0,115.0,60.0,150.0
777.0,115.0,60.0,150.0
777.0,114.0,61.0,150.0
778.0,114.0,61.0,150.0
779.0,114.0,60.0,151.0
781.0,114.0,60.0,151.0
781.0,114.0,60.0,151.0
782.0,113.0,60.0,151.0
781.0,113.0,60.0,151.0
782.0,112.0,60.0,150.0
782.0,111.0,60.0,150.0
782.0,111.0,59.0,151.0
782.0,110.0,59.0,151.0
782.0,110.0,58.0,150.0
782.0,109.0,58.0,150.0
781.0,108.0,58.0,150.0
780.0,107.0,57.0,149.0
779.0,107.0,57.0,148.0
778.0,106.0,57.0,148.0
777.0,105.0,57.0,148.0
775.0,105.0,58.0,148.0
774.0,105.0,58.0,148.0
771.0,104.0,59.0,148.0
769.0,103.0,60.0,148.0
765.0,103.0,61.0,148.0
764.0,103.0,61.0,149.0
761.0,102.0,60.0,149.0
759.0,101.0,60.0,150.0
756.0,101.0,60.0,150.0
755.0,101.0,60.0,149.0
753.0,99.0,60.0,148.0
750.0,99.0,60.0,148.0
745.0,99.0,60.0,148.0
744.0,99.0,60.0,148.0
741.0,97.0,60.0,148.0
740.0,97.0,59.0,148.0
738.0,97.0,57.0,148.0
735.0,95.0,57.0,147.0
732.0,95.0,57.0,147.0
730.0,95.0,56.0,146.0
727.0,95.0,56.0,147.0
725.0,95.0,56.0,147.0
723.0,95.0,56.0,148.0
721.0,95.0,56.0,148.0
719.0,93.0,57.0,148.0
718.0,93.0,57.0,148.0
715.0,93.0,57.0,148.0
715.0,93.0,58.0,148.0
712.0,93.0,60.0,148.0
712.0,91.0,59.0,148.0
712.0,91.0,59.0,149.0
711.0,91.0,59.0,150.0
711.0,91.0,59.0,150.0
711.0,90.0,60.0,150.0
710.0,90.0,60.0,151.0
713.0,90.0,59.0,150.0
713.0,89.0,59.0,149.0
715.0,89.0,58.0,148.0
717.0,89.0,57.0,148.0
719.0,89.0,57.0,149.0
721.0,89.0,56.0,149.0
722.0,91.0,56.0,149.0
725.0,91.0,56.0,148.0
727.0,91.0,56.0,148.0
729.0,91.0,56.0,148.0
731.0,91.0,56.0,148.0
734.0,91.0,56.0,148.0
737.0,93.0,57.0,148.0
739.0,93.0,57.0,148.0
742.0,93.0,57.0,148.0
743.0,95.0,58.0,148.0
745.0,95.0,60.0,148.0
747.0,95.0,60.0,148.0
749.0,97.0,60.0,148.0
750.0,97.0,60.0,149.0
752.0,97.0,60.0,150.0
754.0,99.0,59.0,149.0
756.0,99.0,58.0,148.0
757.0,101.0,57.0,148.0
758.0,101.0,57.0,148.0
757.0,103.0,57.0,148.0
757.0,103.0,57.0,148.0
756.0,103.0,57.0,148.0
755.0,105.0,56.0,147.0
755.0,105.0,56.0,147.0
753.0,105.0,56.0,147.0
750.0,107.0,56.0,146.0
747.0,107.0,56.0,146.0
744.0,109.0,56.0,147.0
742.0,109.0,55.0,147.0
739.0,111.0,55.0,147.0
736.0,111.0,55.0,147.0
732.0,113.0,56.0,147.0
728.0,113.0,57.0,147.0
723.0,115.0,57.0,148.0
720.0,117.0,57.0,148.0
716.0,117.0,58.0,148.0
713.0,119.0,58.0,148.0
710.0,119.0,58.0,148.0
706.0,121.0,58.0,148.0
704.0,123.0,58.0,148.0
702.0,123.0,58.0,148.0
699.0,125.0,57.0,148.0
697.0,125.0,57.0,148.0
696.0,127.0,57.0,148.0
696.0,127.0,57.0,148.0
695.0,129.0,57.0,148.0
696.0,130.0,57.0,148.0
697.0,131.0,56.0,148.0
699.0,132.0,56.0,148.0
701.0,133.0,56.0,148.0
705.0,134.0,56.0,148.0
708.0,136.0,56.0,148.0
712.0,138.0,56.0,146.0
717.0,140.0,57.0,145.0
275.0,58.0,14.0,39.0
726.0,137.0,56.0,144.0
732.0,139.0,56.0,144.0
739.0,139.0,57.0,144.0
744.0,141.0,57.0,144.0
749.0,145.0,58.0,145.0
757.0,148.0,58.0,145.0
763.0,150.0,58.0,146.0
769.0,151.0,58.0,146.0
774.0,153.0,58.0,146.0
780.0,157.0,58.0,146.0
783.0,159.0,58.0,146.0
787.0,159.0,57.0,146.0
790.0,161.0,57.0,146.0
791.0,163.0,57.0,146.0
792.0,163.0,56.0,145.0
792.0,165.0,56.0,144.0
793.0,169.0,56.0,144.0
790.0,171.0,56.0,144.0
786.0,169.0,57.0,144.0
784.0,173.0,57.0,144.0
782.0,173.0,56.0,144.0
779.0,175.0,56.0,144.0
776.0,175.0,55.0,144.0
771.0,175.0,55.0,145.0
767.0,177.0,55.0,145.0
763.0,180.0,56.0,146.0
759.0,181.0,56.0,146.0
756.0,182.0,56.0,147.0
754.0,183.0,56.0,147.0
748.0,185.0,56.0,147.0
746.0,186.0,57.0,147.0
740.0,187.0,57.0,147.0
738.0,189.0,56.0,147.0
735.0,190.0,56.0,147.0
731.0,191.0,56.0,148.0
728.0,191.0,56.0,148.0
724.0,193.0,55.0,148.0
720.0,194.0,55.0,148.0
718.0,195.0,55.0,147.0
715.0,195.0,54.0,147.0
711.0,197.0,54.0,147.0
710.0,199.0,54.0,147.0
708.0,199.0,54.0,146.0
706.0,201.0,54.0,145.0
707.0,203.0,54.0,145.0
706.0,203.0,54.0,144.0
708.0,205.0,55.0,144.0
708.0,207.0,56.0,144.0
709.0,207.0,57.0,144.0
709.0,209.0,58.0,145.0
710.0,212.0,58.0,146.0
711.0,213.0,58.0,146.0
712.0,213.0,58.0,147.0
714.0,216.0,58.0,147.0
716.0,219.0,57.0,147.0
718.0,220.0,57.0,147.0
720.0,222.0,57.0,147.0
722.0,222.0,57.0,147.0
722.0,224.0,58.0,147.0
724.0,226.0,57.0,147.0
728.0,227.0,57.0,146.0
730.0,227.0,57.0,145.0
731.0,229.0,56.0,144.0
732.0,232.0,56.0,144.0
734.0,232.0,55.0,143.0
736.0,234.0,55.0,144.0
735.0,233.0,55.0,144.0
736.0,236.0,55.0,144.0
735.0,236.0,55.0,144.0
735.0,238.0,55.0,144.0
734.0,237.0,55.0,144.0
731.0,238.0,55.0,144.0
728.0,238.0,56.0,144.0
725.0,238.0,56.0,145.0
722.0,239.0,56.0,145.0
719.0,241.0,56.0,146.0
716.0,242.0,56.0,146.0
714.0,241.0,56.0,147.0
711.0,242.0,56.0,147.0
708.0,242.0,56.0,147.0
706.0,242.0,56.0,147.0
705.0,242.0,56.0,147.0
703.0,242.0,56.0,147.0
701.0,242.0,55.0,147.0
700.0,242.0,55.0,147.0
698.0,242.0,55.0,147.0
697.0,242.0,54.0,146.0
699.0,243.0,54.0,145.0
698.0,243.0,54.0,144.0
698.0,244.0,54.0,144.0
698.0,245.0,54.0,144.0
699.0,245.0,54.0,144.0
697.0,246.0,55.0,144.0
698.0,246.0,56.0,144.0
698.0,247.0,56.0,144.0
698.0,247.0,56.0,144.0
700.0,248.0,57.0,144.0
704.0,249.0,57.0,144.0
706.0,250.0,57.0,145.0
706.0,250.0,57.0,145.0
708.0,250.0,57.0,145.0
712.0,250.0,57.0,146.0
715.0,250.0,57.0,147.0
718.0,250.0,58.0,147.0
720.0,251.0,58.0,147.0
724.0,252.0,58.0,147.0
728.0,252.0,58.0,146.0
731.0,253.0,57.0,145.0
734.0,252.0,57.0,144.0
739.0,253.0,57.0,144.0
741.0,254.0,56.0,143.0
745.0,254.0,56.0,142.0
747.0,255.0,55.0,142.0
750.0,255.0,56.0,143.0
753.0,254.0,57.0,144.0
755.0,254.0,57.0,144.0
757.0,255.0,58.0,144.0
760.0,256.0,58.0,145.0
762.0,255.0,58.0,145.0
762.0,256.0,58.0,146.0
764.0,256.0,58.0,146.0
768.0,257.0,57.0,146.0
770.0,257.0,57.0,147.0
769.0,257.0,57.0,147.0
771.0,257.0,57.0,147.0
771.0,257.0,57.0,147.0
771.0,256.0,57.0,148.0
771.0,257.0,58.0,148.0
772.0,256.0,57.0,147.0
772.0,255.0,57.0,147.0
773.0,255.0,57.0,146.0
773.0,255.0,57.0,146.0
773.0,254.0,56.0,146.0
773.0,254.0,56.0,146.0
773.0,254.0,56.0,145.0
773.0,254.0,56.0,144.0
774.0,254.0,56.0,144.0
775.0,254.0,57.0,144.0
775.0,254.0,57.0,144.0
775.0,254.0,57.0,144.0
776.0,254.0,58.0,144.0
779.0,254.0,59.0,144.0
780.0,254.0,60.0,144.0
780.0,254.0,60.0,144.0
781.0,254.0,61.0,145.0
783.0,254.0,62.0,146.0
786.0,254.0,61.0,146.0
790.0,255.0,60.0,146.0
793.0,254.0,60.0,146.0
796.0,256.0,59.0,147.0
800.0,255.0,59.0,147.0
802.0,257.0,59.0,147.0
804.0,256.0,58.0,147.0
808.0,256.0,58.0,147.0
810.0,256.0,58.0,146.0
812.0,257.0,57.0,145.0
814.0,257.0,57.0,144.0
818.0,259.0,57.0,142.0
819.0,260.0,57.0,143.0
820.0,258.0,58.0,143.0
821.0,260.0,58.0,144.0
822.0,260.0,58.0,144.0
822.0,260.0,58.0,144.0
823.0,260.0,58.0,145.0
821.0,260.0,57.0,145.0
821.0,260.0,57.0,144.0
820.0,260.0,57.0,144.0
818.0,260.0,57.0,145.0
815.0,260.0,57.0,147.0
812.0,260.0,57.0,147.0
809.0,258.0,57.0,147.0
806.0,259.0,57.0,147.0
803.0,258.0,57.0,147.0
800.0,258.0,57.0,147.0
796.0,258.0,57.0,147.0
793.0,257.0,57.0,147.0
790.0,257.0,57.0,146.0
300.0,101.0,15.0,40.0
793.0,253.0,49.0,142.0
790.0,252.0,49.0,141.0
787.0,251.0,49.0,141.0
783.0,251.0,49.0,141.0
779.0,251.0,49.0,141.0
775.0,252.0,50.0,141.0
771.0,251.0,50.0,141.0
766.0,251.0,50.0,141.0
763.0,251.0,51.0,141.0
758.0,251.0,52.0,142.0
754.0,250.0,52.0,142.0
750.0,251.0,52.0,143.0
747.0,250.0,52.0,143.0
742.0,251.0,52.0,143.0
739.0,251.0,51.0,143.0
734.0,250.0,51.0,143.0
731.0,250.0,51.0,142.0
727.0,249.0,52.0,142.0
724.0,248.0,52.0,141.0
722.0,249.0,51.0,141.0
723.0,248.0,50.0,141.0
723.0,249.0,49.0,140.0
722.0,248.0,49.0,139.0
723.0,249.0,49.0,138.0
724.0,250.0,48.0,138.0
725.0,250.0,48.0,138.0
728.0,250.0,48.0,138.0
729.0,251.0,47.0,139.0
732.0,252.0,48.0,139.0
733.0,253.0,49.0,140.0
736.0,253.0,49.0,140.0
739.0,255.0,49.0,140.0
742.0,254.0,49.0,140.0
743.0,255.0,49.0,140.0
746.0,255.0,49.0,141.0
747.0,256.0,49.0,142.0
750.0,256.0,49.0,143.0
751.0,258.0,49.0,142.0
753.0,257.0,50.0,142.0
752.0,258.0,51.0,142.0
754.0,257.0,50.0,142.0
754.0,258.0,50.0,143.0
755.0,257.0,49.0,143.0
755.0,258.0,49.0,143.0
756.0,259.0,49.0,142.0
756.0,260.0,49.0,142.0
757.0,260.0,49.0,141.0
757.0,260.0,49.0,141.0
758.0,259.0,49.0,141.0
757.0,260.0,49.0,140.0
756.0,260.0,49.0,138.0
754.0,261.0,49.0,138.0
754.0,260.0,49.0,138.0
753.0,260.0,50.0,138.0
751.0,261.0,51.0,138.0
750.0,262.0,51.0,138.0
749.0,261.0,52.0,138.0
748.0,262.0,52.0,139.0
747.0,262.0,52.0,139.0
745.0,262.0,52.0,140.0
744.0,262.0,52.0,140.0
744.0,262.0,51.0,141.0
743.0,261.0,50.0,141.0
741.0,261.0,49.0,142.0
740.0,261.0,49.0,142.0
740.0,262.0,49.0,141.0
739.0,262.0,49.0,141.0
737.0,262.0,49.0,141.0
737.0,261.0,49.0,141.0
735.0,262.0,49.0,141.0
736.0,261.0,48.0,141.0
735.0,261.0,47.0,139.0
735.0,261.0,47.0,138.0
733.0,262.0,47.0,138.0
734.0,262.0,48.0,139.0
734.0,263.0,49.0,139.0
735.0,263.0,49.0,139.0
736.0,264.0,48.0,138.0
737.0,265.0,48.0,138.0
738.0,266.0,49.0,139.0
739.0,265.0,49.0,140.0
740.0,266.0,49.0,140.0
740.0,267.0,49.0,140.0
740.0,267.0,49.0,140.0
741.0,267.0,49.0,140.0
740.0,267.0,49.0,141.0
740.0,267.0,49.0,141.0
738.0,269.0,49.0,142.0
738.0,268.0,49.0,142.0
737.0,267.0,49.0,142.0
737.0,267.0,48.0,141.0
736.0,267.0,48.0,141.0
736.0,267.0,48.0,142.0
735.0,267.0,48.0,142.0
734.0,266.0,48.0,141.0
733.0,267.0,48.0,141.0
733.0,266.0,48.0,140.0
731.0,267.0,47.0,139.0
732.0,266.0,46.0,138.0
729.0,267.0,46.0,138.0
728.0,266.0,46.0,138.0
727.0,267.0,47.0,138.0
725.0,266.0,48.0,138.0
722.0,267.0,48.0,138.0
720.0,266.0,48.0,138.0
718.0,267.0,48.0,139.0
716.0,266.0,48.0,139.0
714.0,267.0,48.0,139.0
711.0,266.0,48.0,140.0
709.0,265.0,48.0,140.0
706.0,264.0,48.0,140.0
703.0,265.0,47.0,140.0
700.0,264.0,47.0,140.0
697.0,263.0,48.0,140.0
694.0,262.0,48.0,140.0
689.0,261.0,48.0,139.0
686.0,260.0,48.0,139.0
681.0,261.0,49.0,138.0
678.0,260.0,48.0,138.0
675.0,259.0,47.0,137.0
672.0,259.0,47.0,136.0
668.0,259.0,46.0,136.0
664.0,258.0,46.0,137.0
661.0,257.0,46.0,138.0
658.0,256.0,46.0,138.0
655.0,257.0,46.0,138.0
652.0,256.0,47.0,138.0
649.0,255.0,47.0,138.0
648.0,254.0,47.0,138.0
645.0,255.0,47.0,139.0
644.0,254.0,47.0,139.0
643.0,253.0,47.0,140.0
642.0,252.0,47.0,140.0
642.0,253.0,47.0,140.0
642.0,250.0,47.0,141.0
642.0,251.0,47.0,141.0
644.0,248.0,47.0,141.0
645.0,249.0,47.0,141.0
648.0,247.0,47.0,141.0
649.0,247.0,47.0,141.0
654.0,246.0,47.0,140.0
657.0,245.0,47.0,140.0
662.0,244.0,47.0,140.0
666.0,245.0,46.0,139.0
671.0,242.0,46.0,138.0
674.0,243.0,46.0,138.0
678.0,242.0,46.0,138.0
682.0,242.0,47.0,138.0
686.0,242.0,47.0,138.0
689.0,241.0,47.0,138.0
694.0,240.0,47.0,138.0
695.0,241.0,48.0,138.0
700.0,240.0,48.0,138.0
701.0,241.0,48.0,138.0
704.0,240.0,48.0,138.0
707.0,241.0,48.0,138.0
709.0,238.0,48.0,138.0
711.0,239.0,48.0,139.0
712.0,238.0,48.0,140.0
713.0,238.0,47.0,140.0
714.0,236.0,47.0,140.0
715.0,237.0,47.0,140.0
716.0,234.0,47.0,139.0
715.0,235.0,47.0,139.0
715.0,234.0,47.0,138.0
714.0,233.0,47.0,138.0
713.0,232.0,47.0,138.0
711.0,233.0,47.0,138.0
710.0,230.0,47.0,138.0
708.0,231.0,47.0,138.0
706.0,230.0,47.0,138.0
704.0,229.0,47.0,138.0
702.0,228.0,47.0,138.0
699.0,229.0,47.0,138.0
696.0,228.0,47.0,138.0
693.0,227.0,47.0,139.0
261.0,90.0,12.0,36.0
689.0,226.0,48.0,132.0
686.0,226.0,48.0,131.0
683.0,225.0,48.0,131.0
681.0,226.0,48.0,131.0
679.0,225.0,48.0,132.0
677.0,223.0,48.0,133.0
675.0,222.0,48.0,133.0
674.0,223.0,48.0,133.0
673.0,221.0,48.0,133.0
672.0,221.0,48.0,133.0
671.0,221.0,48.0,132.0
670.0,220.0,48.0,132.0
671.0,219.0,48.0,131.0
672.0,220.0,48.0,130.0
671.0,219.0,48.0,130.0
673.0,219.0,48.0,130.0
675.0,219.0,48.0,129.0
678.0,219.0,48.0,128.0
681.0,219.0,48.0,127.0
685.0,219.0,48.0,128.0
688.0,219.0,48.0,130.0
693.0,219.0,48.0,130.0
698.0,218.0,49.0,130.0
703.0,219.0,49.0,131.0
708.0,218.0,49.0,131.0
715.0,219.0,49.0,131.0
720.0,219.0,50.0,131.0
726.0,220.0,50.0,131.0
732.0,220.0,49.0,131.0
739.0,221.0,49.0,131.0
745.0,221.0,48.0,132.0
751.0,221.0,48.0,131.0
756.0,221.0,49.0,131.0
762.0,222.0,49.0,130.0
767.0,221.0,49.0,130.0
773.0,222.0,48.0,130.0
778.0,221.0,48.0,130.0
782.0,222.0,49.0,130.0
785.0,223.0,49.0,129.0
790.0,223.0,50.0,129.0
793.0,223.0,50.0,129.0
797.0,223.0,49.0,130.0
799.0,223.0,49.0,130.0
802.0,223.0,49.0,130.0
804.0,223.0,50.0,130.0
807.0,224.0,50.0,130.0
808.0,223.0,50.0,130.0
809.0,225.0,50.0,131.0
811.0,224.0,50.0,131.0
813.0,225.0,50.0,132.0
815.0,224.0,49.0,133.0
816.0,224.0,49.0,133.0
817.0,224.0,49.0,133.0
819.0,223.0,49.0,133.0
819.0,222.0,49.0,133.0
822.0,222.0,49.0,133.0
823.0,222.0,50.0,133.0
825.0,221.0,50.0,133.0
825.0,220.0,50.0,133.0
827.0,221.0,49.0,133.0
828.0,220.0,49.0,132.0
831.0,221.0,50.0,131.0
832.0,220.0,50.0,130.0
835.0,221.0,50.0,130.0
836.0,220.0,50.0,130.0
839.0,220.0,51.0,128.0
840.0,219.0,51.0,127.0
841.0,220.0,51.0,129.0
842.0,219.0,51.0,130.0
844.0,219.0,52.0,130.0
845.0,219.0,52.0,131.0
848.0,220.0,52.0,131.0
849.0,219.0,52.0,132.0
850.0,219.0,51.0,133.0
852.0,219.0,51.0,133.0
853.0,219.0,51.0,133.0
854.0,218.0,51.0,133.0
855.0,218.0,51.0,133.0
854.0,218.0,51.0,133.0
855.0,218.0,51.0,133.0
855.0,217.0,51.0,132.0
855.0,216.0,50.0,132.0
855.0,216.0,50.0,131.0
855.0,216.0,50.0,131.0
853.0,215.0,50.0,130.0
853.0,214.0,50.0,130.0
852.0,214.0,50.0,130.0
852.0,214.0,50.0,130.0
850.0,212.0,50.0,130.0
848.0,212.0,50.0,130.0
847.0,211.0,50.0,130.0
846.0,211.0,50.0,130.0
844.0,210.0,49.0,130.0
841.0,210.0,49.0,131.0
838.0,209.0,49.0,131.0
837.0,209.0,49.0,131.0
834.0,208.0,49.0,131.0
830.0,208.0,49.0,131.0
827.0,206.0,49.0,131.0
824.0,207.0,50.0,132.0
821.0,204.0,50.0,132.0
818.0,204.0,50.0,133.0
814.0,202.0,50.0,133.0
812.0,202.0,49.0,133.0
808.0,200.0,49.0,133.0
805.0,200.0,49.0,133.0
802.0,198.0,49.0,132.0
798.0,199.0,49.0,131.0
794.0,197.0,50.0,130.0
791.0,197.0,50.0,130.0
788.0,196.0,49.0,130.0
786.0,195.0,49.0,130.0
781.0,194.0,49.0,129.0
778.0,194.0,49.0,128.0
775.0,192.0,49.0,127.0
771.0,192.0,49.0,128.0
767.0,192.0,50.0,130.0
764.0,191.0,50.0,130.0
760.0,190.0,50.0,130.0
757.0,191.0,49.0,130.0
753.0,189.0,49.0,130.0
750.0,189.0,49.0,131.0
745.0,188.0,49.0,131.0
743.0,187.0,49.0,132.0
740.0,186.0,49.0,132.0
738.0,186.0,48.0,133.0
736.0,184.0,48.0,133.0
733.0,184.0,48.0,133.0
730.0,182.0,48.0,133.0
729.0,182.0,48.0,133.0
726.0,180.0,48.0,132.0
725.0,180.0,49.0,131.0
723.0,179.0,49.0,131.0
722.0,179.0,49.0,130.0
721.0,178.0,49.0,130.0
719.0,178.0,50.0,129.0
718.0,178.0,50.0,129.0
718.0,177.0,49.0,129.0
717.0,176.0,49.0,129.0
715.0,176.0,49.0,130.0
714.0,175.0,50.0,130.0
713.0,175.0,50.0,130.0
711.0,174.0,49.0,130.0
711.0,173.0,49.0,131.0
709.0,172.0,49.0,131.0
708.0,172.0,49.0,132.0
706.0,170.0,48.0,133.0
706.0,170.0,48.0,133.0
703.0,170.0,48.0,133.0
702.0,169.0,48.0,132.0
700.0,168.0,48.0,131.0
698.0,167.0,49.0,131.0
695.0,165.0,49.0,132.0
693.0,165.0,50.0,132.0
692.0,164.0,49.0,131.0
691.0,162.0,49.0,130.0
689.0,161.0,49.0,130.0
687.0,161.0,49.0,129.0
684.0,160.0,49.0,128.0
682.0,159.0,49.0,127.0
679.0,158.0,49.0,128.0
678.0,159.0,49.0,129.0
675.0,157.0,49.0,129.0
672.0,157.0,49.0,130.0
670.0,156.0,49.0,130.0
668.0,155.0,49.0,130.0
252.0,63.0,13.0,36.0
669.0,148.0,47.0,139.0
667.0,148.0,47.0,139.0
667.0,148.0,47.0,139.0
667.0,147.0,47.0,139.0
667.0,146.0,47.0,139.0
668.0,145.0,47.0,139.0
669.0,145.0,47.0,139.0
671.0,144.0,46.0,139.0
673.0,144.0,47.0,139.0
675.0,143.0,47.0,139.0
677.0,142.0,47.0,139.0
679.0,141.0,47.0,139.0
683.0,142.0,47.0,138.0
687.0,141.0,47.0,137.0
690.0,141.0,47.0,137.0
693.0,140.0,47.0,137.0
697.0,140.0,47.0,137.0
701.0,139.0,47.0,137.0
705.0,140.0,47.0,137.0
709.0,139.0,47.0,138.0
713.0,140.0,47.0,138.0
717.0,139.0,48.0,138.0
719.0,140.0,48.0,139.0
723.0,139.0,47.0,139.0
727.0,139.0,47.0,139.0
730.0,139.0,46.0,139.0
733.0,139.0,47.0,139.0
735.0,139.0,47.0,139.0
737.0,139.0,47.0,139.0
739.0,137.0,47.0,139.0
741.0,137.0,47.0,139.0
743.0,136.0,47.0,139.0
743.0,136.0,48.0,139.0
744.0,135.0,48.0,139.0
745.0,135.0,48.0,139.0
746.0,134.0,48.0,138.0
746.0,134.0,48.0,137.0
748.0,133.0,48.0,136.0
749.0,133.0,48.0,136.0
749.0,133.0,48.0,137.0
751.0,133.0,48.0,137.0
752.0,132.0,48.0,137.0
753.0,132.0,47.0,137.0
754.0,131.0,47.0,137.0
755.0,132.0,48.0,138.0
757.0,131.0,48.0,138.0
759.0,131.0,48.0,138.0
