409.0,295.0,40.0,92.0
409.0,295.0,40.0,92.0
409.0,295.0,40.0,92.0
409.0,296.0,40.0,92.0
409.0,296.0,40.0,92.0
409.0,296.0,40.0,92.0
409.0,296.0,40.0,92.0
408.0,297.0,40.0,92.0
408.0,297.0,40.0,92.0
408.0,297.0,40.0,92.0
408.0,297.0,40.0,92.0
408.0,297.0,40.0,92.0
407.0,298.0,40.0,92.0
407.0,298.0,40.0,92.0
407.0,298.0,40.0,92.0
407.0,298.0,40.0,92.0
407.0,299.0,40.0,92.0
407.0,299.0,40.0,92.0
407.0,299.0,40.0,92.0
407.0,300.0,40.0,92.0
408.0,300.0,40.0,92.0
408.0,301.0,40.0,92.0
408.0,302.0,40.0,92.0
408.0,302.0,40.0,92.0
408.0,303.0,40.0,92.0
409.0,303.0,40.0,92.0
409.0,304.0,40.0,92.0
410.0,304.0,40.0,92.0
410.0,305.0,40.0,92.0
411.0,306.0,40.0,92.0
411.0,306.0,40.0,92.0
412.0,307.0,40.0,92.0
412.0,307.0,40.0,92.0
413.0,308.0,40.0,92.0
413.0,308.0,40.0,92.0
413.0,309.0,40.0,92.0
414.0,309.0,40.0,92.0
414.0,309.0,40.0,92.0
414.0,309.0,40.0,92.0
414.0,309.0,40.0,92.0
415.0,310.0,40.0,92.0
415.0,310.0,40.0,92.0
416.0,311.0,39.0,92.0
416.0,312.0,39.0,93.0
417.0,312.0,39.0,94.0
417.0,313.0,39.0,94.0
418.0,314.0,39.0,94.0
418.0,314.0,39.0,94.0
418.0,315.0,39.0,94.0
418.0,316.0,39.0,94.0
418.0,317.0,39.0,94.0
419.0,318.0,39.0,94.0
419.0,319.0,39.0,94.0
419.0,319.0,39.0,94.0
418.0,320.0,39.0,94.0
418.0,320.0,39.0,94.0
418.0,321.0,39.0,94.0
418.0,322.0,39.0,94.0
418.0,322.0,39.0,94.0
418.0,323.0,39.0,94.0
418.0,324.0,39.0,94.0
418.0,324.0,39.0,94.0
418.0,325.0,39.0,94.0
418.0,325.0,39.0,94.0
419.0,326.0,39.0,94.0
419.0,327.0,39.0,94.0
419.0,327.0,39.0,94.0
419.0,328.0,39.0,94.0
420.0,329.0,39.0,94.0
420.0,329.0,39.0,94.0
421.0,330.0,39.0,94.0
421.0,331.0,39.0,94.0
421.0,332.0,39.0,94.0
422.0,333.0,39.0,94.0
422.0,333.0,39.0,94.0
423.0,334.0,39.0,94.0
423.0,335.0,39.0,94.0
424.0,335.0,39.0,94.0
424.0,335.0,39.0,94.0
424.0,336.0,39.0,94.0
425.0,337.0,39.0,94.0
425.0,337.0,39.0,94.0
426.0,338.0,39.0,94.0
426.0,338.0,39.0,94.0
426.0,339.0,39.0,94.0
427.0,340.0,39.0,94.0
427.0,340.0,39.0,94.0
427.0,341.0,39.0,95.0
428.0,342.0,39.0,95.0
428.0,342.0,39.0,96.0
429.0,343.0,39.0,97.0
429.0,344.0,39.0,97.0
429.0,345.0,39.0,97.0
430.0,346.0,39.0,97.0
430.0,346.0,38.0,97.0
431.0,347.0,38.0,97.0
432.0,348.0,38.0,97.0
432.0,348.0,38.0,97.0
432.0,349.0,37.0,97.0
432.0,349.0,37.0,97.0
433.0,350.0,37.0,97.0
434.0,350.0,37.0,97.0
434.0,351.0,37.0,97.0
435.0,352.0,37.0,96.0
435.0,352.0,37.0,96.0
435.0,353.0,37.0,95.0
436.0,354.0,38.0,95.0
437.0,354.0,38.0,94.0
438.0,355.0,39.0,94.0
439.0,356.0,38.0,94.0
440.0,356.0,38.0,94.0
441.0,357.0,37.0,94.0
442.0,358.0,37.0,94.0
444.0,358.0,37.0,93.0
445.0,359.0,37.0,92.0
446.0,359.0,37.0,92.0
448.0,360.0,37.0,92.0
449.0,360.0,37.0,92.0
451.0,361.0,37.0,92.0
452.0,361.0,37.0,92.0
454.0,361.0,37.0,92.0
455.0,361.0,37.0,92.0
456.0,361.0,37.0,92.0
457.0,362.0,37.0,92.0
458.0,362.0,37.0,92.0
460.0,362.0,37.0,92.0
461.0,362.0,37.0,92.0
462.0,363.0,37.0,92.0
463.0,363.0,37.0,92.0
465.0,364.0,37.0,92.0
466.0,364.0,37.0,92.0
468.0,365.0,37.0,93.0
469.0,366.0,37.0,93.0
470.0,366.0,37.0,93.0
472.0,367.0,37.0,93.0
180.0,141.0,9.0,27.0
180.0,141.0,9.0,23.0
181.0,141.0,9.0,20.0
182.0,141.0,9.0,16.0
182.0,141.0,9.0,15.0
183.0,141.0,9.0,14.0
183.0,141.0,9.0,12.0
183.0,142.0,8.0,12.0
184.0,142.0,8.0,11.0
185.0,143.0,8.0,10.0
186.0,143.0,7.0,9.0
186.0,143.0,7.0,9.0
187.0,144.0,7.0,9.0
188.0,144.0,7.0,10.0
189.0,144.0,6.0,12.0
189.0,144.0,6.0,13.0
nan,nan,nan,nan
nan,nan,nan,nan
nan,nan,nan,nan
nan,nan,nan,nan
nan,nan,nan,nan
nan,nan,nan,nan
nan,nan,nan,nan
nan,nan,nan,nan
nan,nan,nan,nan
nan,nan,nan,nan
nan,nan,nan,nan
nan,nan,nan,nan
nan,nan,nan,nan
nan,nan,nan,nan
nan,nan,nan,nan
nan,nan,nan,nan
nan,nan,nan,nan
nan,nan,nan,nan
nan,nan,nan,nan
nan,nan,nan,nan
nan,nan,nan,nan
nan,nan,nan,nan
nan,nan,nan,nan
nan,nan,nan,nan
nan,nan,nan,nan
nan,nan,nan,nan
nan,nan,nan,nan
nan,nan,nan,nan
nan,nan,nan,nan
nan,nan,nan,nan
nan,nan,nan,nan
nan,nan,nan,nan
nan,nan,nan,nan
nan,nan,nan,nan
nan,nan,nan,nan
nan,nan,nan,nan
nan,nan,nan,nan
nan,nan,nan,nan
nan,nan,nan,nan
nan,nan,nan,nan
nan,nan,nan,nan
nan,nan,nan,nan
nan,nan,nan,nan
nan,nan,nan,nan
nan,nan,nan,nan
nan,nan,nan,nan
nan,nan,nan,nan
nan,nan,nan,nan
nan,nan,nan,nan
nan,nan,nan,nan
nan,nan,nan,nan
nan,nan,nan,nan
nan,nan,nan,nan
nan,nan,nan,nan
nan,nan,nan,nan
nan,nan,nan,nan
nan,nan,nan,nan
nan,nan,nan,nan
nan,nan,nan,nan
nan,nan,nan,nan
nan,nan,nan,nan
nan,nan,nan,nan
nan,nan,nan,nan
nan,nan,nan,nan
nan,nan,nan,nan
nan,nan,nan,nan
nan,nan,nan,nan
nan,nan,nan,nan
nan,nan,nan,nan
nan,nan,nan,nan
nan,nan,nan,nan
nan,nan,nan,nan
nan,nan,nan,nan
nan,nan,nan,nan
nan,nan,nan,nan
nan,nan,nan,nan
nan,nan,nan,nan
nan,nan,nan,nan
nan,nan,nan,nan
nan,nan,nan,nan
159.0,161.0,6.0,31.0
159.0,161.0,6.0,30.0
159.0,161.0,6.0,30.0
159.0,161.0,6.0,29.0
160.0,161.0,7.0,29.0
160.0,161.0,9.0,29.0
161.0,161.0,9.0,29.0
161.0,161.0,9.0,28.0
162.0,161.0,10.0,28.0
162.0,161.0,10.0,27.0
162.0,161.0,10.0,27.0
163.0,161.0,10.0,27.0
164.0,160.0,10.0,27.0
164.0,160.0,10.0,28.0
164.0,159.0,10.0,29.0
165.0,159.0,9.0,30.0
165.0,159.0,9.0,30.0
165.0,159.0,9.0,30.0
166.0,159.0,9.0,31.0
167.0,159.0,9.0,31.0
168.0,159.0,9.0,31.0
168.0,159.0,9.0,31.0
168.0,158.0,10.0,31.0
168.0,158.0,10.0,31.0
168.0,157.0,10.0,31.0
168.0,157.0,11.0,31.0
168.0,157.0,12.0,31.0
168.0,157.0,12.0,31.0
168.0,156.0,12.0,31.0
168.0,156.0,12.0,31.0
169.0,156.0,12.0,31.0
170.0,155.0,12.0,31.0
171.0,154.0,12.0,31.0
172.0,154.0,12.0,31.0
172.0,153.0,12.0,31.0
173.0,153.0,12.0,31.0
173.0,153.0,12.0,31.0
174.0,153.0,12.0,31.0
174.0,153.0,11.0,31.0
174.0,152.0,11.0,31.0
174.0,152.0,11.0,31.0
174.0,151.0,11.0,31.0
174.0,151.0,11.0,31.0
175.0,150.0,11.0,30.0
175.0,150.0,11.0,30.0
175.0,150.0,11.0,29.0
175.0,150.0,11.0,29.0
176.0,149.0,11.0,30.0
176.0,148.0,11.0,30.0
176.0,148.0,11.0,30.0
176.0,147.0,11.0,30.0
177.0,147.0,11.0,30.0
177.0,146.0,11.0,31.0
177.0,146.0,11.0,31.0
177.0,145.0,11.0,32.0
177.0,144.0,11.0,32.0
177.0,144.0,11.0,32.0
177.0,144.0,11.0,33.0
178.0,144.0,11.0,33.0
178.0,143.0,12.0,33.0
179.0,143.0,12.0,33.0
179.0,142.0,12.0,33.0
180.0,141.0,12.0,33.0
180.0,141.0,12.0,33.0
181.0,141.0,12.0,33.0
182.0,140.0,12.0,33.0
183.0,139.0,12.0,33.0
183.0,138.0,12.0,33.0
183.0,138.0,12.0,33.0
184.0,137.0,12.0,33.0
185.0,136.0,12.0,33.0
186.0,135.0,12.0,33.0
186.0,135.0,12.0,33.0
187.0,135.0,12.0,33.0
188.0,134.0,12.0,33.0
189.0,133.0,12.0,33.0
189.0,133.0,12.0,33.0
190.0,132.0,12.0,32.0
191.0,132.0,12.0,32.0
192.0,132.0,12.0,32.0
192.0,132.0,12.0,32.0
192.0,131.0,12.0,32.0
192.0,131.0,12.0,32.0
193.0,130.0,12.0,32.0
194.0,129.0,12.0,32.0
194.0,129.0,12.0,32.0
195.0,129.0,12.0,32.0
195.0,128.0,12.0,32.0
196.0,128.0,12.0,31.0
196.0,127.0,12.0,31.0
197.0,126.0,12.0,30.0
198.0,126.0,12.0,30.0
198.0,126.0,12.0,30.0
198.0,126.0,12.0,31.0
198.0,125.0,12.0,31.0
198.0,125.0,12.0,31.0
198.0,125.0,12.0,32.0
199.0,124.0,12.0,32.0
199.0,124.0,12.0,33.0
200.0,124.0,12.0,33.0
200.0,123.0,12.0,33.0
201.0,123.0,12.0,33.0
201.0,123.0,12.0,33.0
201.0,123.0,12.0,33.0
201.0,122.0,12.0,33.0
201.0,122.0,12.0,33.0
202.0,121.0,12.0,32.0
202.0,121.0,12.0,31.0
202.0,121.0,12.0,30.0
202.0,121.0,12.0,30.0
203.0,120.0,12.0,30.0
203.0,120.0,12.0,30.0
203.0,120.0,12.0,30.0
203.0,120.0,12.0,30.0
203.0,120.0,12.0,30.0
203.0,120.0,12.0,31.0
204.0,120.0,12.0,31.0
204.0,120.0,12.0,31.0
204.0,120.0,12.0,32.0
204.0,120.0,12.0,33.0
204.0,119.0,12.0,33.0
204.0,119.0,12.0,33.0
204.0,119.0,12.0,33.0
204.0,118.0,12.0,33.0
205.0,118.0,12.0,32.0
205.0,118.0,12.0,31.0
205.0,117.0,12.0,30.0
205.0,117.0,12.0,30.0
205.0,117.0,12.0,30.0
205.0,117.0,12.0,30.0
205.0,117.0,12.0,30.0
205.0,117.0,12.0,30.0
205.0,117.0,12.0,30.0
205.0,117.0,12.0,30.0
206.0,117.0,11.0,30.0
206.0,117.0,11.0,31.0
206.0,117.0,11.0,31.0
205.0,117.0,11.0,31.0
205.0,117.0,11.0,31.0
205.0,116.0,11.0,31.0
205.0,116.0,11.0,31.0
205.0,116.0,11.0,31.0
205.0,115.0,11.0,31.0
206.0,115.0,11.0,31.0
206.0,115.0,11.0,31.0
206.0,114.0,11.0,30.0
206.0,114.0,11.0,30.0
206.0,114.0,11.0,29.0
206.0,114.0,11.0,29.0
206.0,114.0,11.0,29.0
206.0,114.0,11.0,29.0
206.0,114.0,11.0,30.0
206.0,114.0,11.0,30.0
206.0,114.0,11.0,30.0
206.0,114.0,11.0,30.0
205.0,114.0,11.0,30.0
205.0,114.0,11.0,31.0
205.0,114.0,11.0,31.0
205.0,114.0,11.0,31.0
205.0,114.0,11.0,31.0
205.0,114.0,11.0,31.0
205.0,113.0,11.0,31.0
205.0,113.0,11.0,31.0
205.0,113.0,11.0,30.0
205.0,113.0,11.0,30.0
205.0,113.0,11.0,30.0
205.0,112.0,11.0,30.0
204.0,112.0,11.0,30.0
204.0,112.0,11.0,30.0
204.0,112.0,11.0,30.0
204.0,112.0,11.0,30.0
204.0,112.0,11.0,30.0
204.0,112.0,11.0,30.0
204.0,112.0,11.0,30.0
204.0,112.0,11.0,30.0
204.0,112.0,11.0,30.0
204.0,111.0,11.0,30.0
204.0,111.0,11.0,30.0
204.0,111.0,11.0,31.0
203.0,111.0,11.0,31.0
203.0,111.0,11.0,31.0
203.0,111.0,11.0,31.0
203.0,111.0,11.0,30.0
203.0,110.0,11.0,30.0
203.0,110.0,11.0,30.0
203.0,110.0,11.0,30.0
203.0,110.0,11.0,30.0
203.0,110.0,11.0,30.0
203.0,110.0,11.0,30.0
203.0,110.0,11.0,30.0
203.0,110.0,11.0,30.0
203.0,110.0,11.0,30.0
203.0,110.0,11.0,30.0
203.0,110.0,11.0,30.0
203.0,110.0,11.0,30.0
203.0,110.0,11.0,30.0
204.0,109.0,11.0,31.0
204.0,108.0,11.0,31.0
204.0,108.0,11.0,31.0
204.0,108.0,11.0,31.0
204.0,108.0,11.0,30.0
204.0,108.0,11.0,30.0
204.0,108.0,11.0,30.0
204.0,108.0,11.0,30.0
204.0,108.0,11.0,30.0
204.0,108.0,11.0,30.0
204.0,108.0,11.0,30.0
204.0,108.0,11.0,30.0
204.0,108.0,11.0,30.0
204.0,108.0,11.0,30.0
204.0,108.0,11.0,31.0
204.0,108.0,11.0,31.0
204.0,108.0,11.0,31.0
203.0,108.0,11.0,31.0
203.0,108.0,11.0,31.0
203.0,108.0,11.0,31.0
203.0,108.0,11.0,31.0
203.0,108.0,11.0,30.0
203.0,108.0,11.0,30.0
203.0,108.0,11.0,30.0
203.0,108.0,11.0,29.0
203.0,108.0,11.0,29.0
203.0,108.0,11.0,28.0
203.0,108.0,11.0,29.0
203.0,108.0,11.0,30.0
203.0,108.0,11.0,30.0
203.0,108.0,11.0,30.0
539.0,272.0,36.0,102.0
539.0,272.0,36.0,102.0
539.0,272.0,36.0,102.0
539.0,272.0,35.0,103.0
539.0,272.0,35.0,103.0
540.0,272.0,35.0,103.0
540.0,272.0,35.0,103.0
540.0,272.0,35.0,103.0
540.0,272.0,35.0,103.0
540.0,271.0,35.0,102.0
540.0,272.0,35.0,102.0
540.0,271.0,35.0,102.0
540.0,272.0,35.0,101.0
540.0,271.0,35.0,101.0
540.0,272.0,35.0,101.0
540.0,271.0,35.0,101.0
540.0,272.0,35.0,101.0
540.0,272.0,35.0,102.0
540.0,273.0,35.0,102.0
539.0,273.0,35.0,102.0
539.0,273.0,35.0,103.0
539.0,274.0,35.0,103.0
539.0,273.0,35.0,103.0
538.0,274.0,35.0,103.0
538.0,273.0,35.0,103.0
538.0,274.0,35.0,103.0
537.0,273.0,35.0,103.0
537.0,274.0,35.0,102.0
537.0,273.0,35.0,101.0
536.0,274.0,35.0,101.0
536.0,273.0,35.0,101.0
536.0,273.0,35.0,101.0
535.0,273.0,35.0,101.0
535.0,274.0,35.0,101.0
535.0,274.0,35.0,101.0
535.0,274.0,35.0,102.0
535.0,275.0,35.0,103.0
534.0,275.0,35.0,103.0
534.0,275.0,35.0,103.0
534.0,276.0,35.0,103.0
534.0,275.0,35.0,103.0
534.0,276.0,35.0,103.0
534.0,275.0,35.0,103.0
534.0,276.0,35.0,103.0
534.0,275.0,35.0,102.0
534.0,276.0,35.0,102.0
534.0,275.0,35.0,101.0
534.0,275.0,35.0,101.0
534.0,276.0,35.0,101.0
534.0,275.0,35.0,101.0
534.0,276.0,35.0,101.0
534.0,275.0,35.0,101.0
534.0,276.0,35.0,101.0
533.0,275.0,35.0,101.0
533.0,276.0,35.0,102.0
533.0,276.0,35.0,102.0
533.0,276.0,35.0,102.0
533.0,276.0,35.0,102.0
532.0,276.0,35.0,102.0
532.0,275.0,35.0,102.0
532.0,276.0,35.0,102.0
532.0,275.0,35.0,102.0
532.0,276.0,35.0,102.0
532.0,275.0,35.0,101.0
531.0,274.0,35.0,101.0
531.0,274.0,35.0,101.0
531.0,274.0,35.0,101.0
531.0,274.0,35.0,101.0
531.0,274.0,35.0,101.0
531.0,275.0,35.0,101.0
531.0,275.0,35.0,101.0
531.0,275.0,35.0,101.0
532.0,275.0,35.0,101.0
532.0,275.0,35.0,102.0
532.0,275.0,35.0,102.0
533.0,275.0,35.0,102.0
533.0,275.0,35.0,102.0
533.0,274.0,35.0,102.0
534.0,273.0,35.0,102.0
534.0,274.0,35.0,102.0
535.0,272.0,35.0,101.0
535.0,272.0,35.0,101.0
535.0,271.0,35.0,100.0
536.0,271.0,35.0,100.0
536.0,271.0,35.0,100.0
536.0,271.0,35.0,100.0
537.0,271.0,35.0,101.0
537.0,271.0,35.0,101.0
537.0,271.0,35.0,101.0
537.0,271.0,35.0,101.0
538.0,271.0,35.0,101.0
538.0,271.0,35.0,101.0
538.0,271.0,35.0,102.0
538.0,270.0,35.0,102.0
539.0,270.0,35.0,103.0
539.0,269.0,35.0,103.0
539.0,269.0,35.0,103.0
540.0,268.0,35.0,103.0
540.0,268.0,35.0,102.0
540.0,267.0,35.0,100.0
541.0,268.0,35.0,100.0
541.0,267.0,35.0,100.0
542.0,267.0,35.0,100.0
542.0,267.0,35.0,101.0
542.0,267.0,35.0,101.0
543.0,267.0,35.0,102.0
544.0,267.0,35.0,102.0
545.0,267.0,35.0,102.0
545.0,268.0,35.0,102.0
546.0,267.0,35.0,102.0
547.0,267.0,35.0,102.0
548.0,267.0,35.0,102.0
549.0,266.0,35.0,102.0
549.0,266.0,35.0,102.0
550.0,266.0,35.0,102.0
551.0,265.0,35.0,102.0
551.0,264.0,35.0,102.0
552.0,264.0,35.0,102.0
553.0,264.0,35.0,102.0
553.0,264.0,35.0,102.0
554.0,264.0,35.0,102.0
554.0,264.0,35.0,102.0
555.0,264.0,35.0,102.0
555.0,264.0,35.0,102.0
556.0,264.0,35.0,102.0
556.0,264.0,35.0,102.0
556.0,264.0,35.0,102.0
557.0,264.0,35.0,102.0
557.0,264.0,35.0,102.0
558.0,264.0,35.0,102.0
558.0,264.0,35.0,102.0
558.0,263.0,35.0,102.0
559.0,263.0,35.0,102.0
559.0,263.0,35.0,102.0
559.0,263.0,35.0,101.0
559.0,262.0,35.0,101.0
560.0,262.0,35.0,100.0
560.0,262.0,35.0,100.0
561.0,262.0,35.0,100.0
561.0,262.0,35.0,100.0
561.0,263.0,35.0,100.0
562.0,263.0,35.0,100.0
563.0,263.0,35.0,100.0
563.0,263.0,35.0,100.0
563.0,263.0,35.0,101.0
564.0,262.0,35.0,101.0
564.0,263.0,35.0,101.0
565.0,262.0,35.0,101.0
566.0,262.0,34.0,101.0
567.0,262.0,34.0,101.0
568.0,261.0,34.0,101.0
214.0,102.0,9.0,30.0
214.0,102.0,9.0,30.0
214.0,102.0,9.0,30.0
214.0,102.0,9.0,30.0
214.0,102.0,9.0,30.0
215.0,102.0,9.0,30.0
215.0,103.0,9.0,30.0
nan,nan,nan,nan
nan,nan,nan,nan
nan,nan,nan,nan
nan,nan,nan,nan
nan,nan,nan,nan
nan,nan,nan,nan
nan,nan,nan,nan
nan,nan,nan,nan
nan,nan,nan,nan
nan,nan,nan,nan
nan,nan,nan,nan
nan,nan,nan,nan
nan,nan,nan,nan
nan,nan,nan,nan
nan,nan,nan,nan
nan,nan,nan,nan
nan,nan,nan,nan
nan,nan,nan,nan
nan,nan,nan,nan
nan,nan,nan,nan
nan,nan,nan,nan
nan,nan,nan,nan
nan,nan,nan,nan
nan,nan,nan,nan
nan,nan,nan,nan
nan,nan,nan,nan
nan,nan,nan,nan
nan,nan,nan,nan
nan,nan,nan,nan
221.0,101.0,10.0,13.0
222.0,101.0,10.0,13.0
222.0,101.0,10.0,13.0
222.0,101.0,10.0,13.0
222.0,101.0,9.0,13.0
222.0,101.0,9.0,13.0
223.0,101.0,9.0,13.0
223.0,101.0,9.0,14.0
223.0,100.0,9.0,15.0
223.0,100.0,9.0,15.0
223.0,100.0,9.0,15.0
224.0,100.0,9.0,15.0
224.0,100.0,9.0,15.0
224.0,99.0,9.0,16.0
225.0,99.0,9.0,18.0
225.0,99.0,9.0,18.0
225.0,99.0,9.0,18.0
225.0,99.0,9.0,19.0
225.0,99.0,9.0,19.0
226.0,99.0,9.0,19.0
226.0,98.0,9.0,19.0
226.0,98.0,9.0,20.0
227.0,98.0,9.0,20.0
227.0,98.0,9.0,20.0
228.0,97.0,9.0,21.0
228.0,97.0,9.0,21.0
228.0,97.0,9.0,21.0
228.0,97.0,9.0,21.0
228.0,97.0,9.0,22.0
229.0,97.0,9.0,22.0
230.0,96.0,9.0,22.0
230.0,96.0,9.0,23.0
230.0,96.0,9.0,23.0
231.0,96.0,9.0,24.0
231.0,96.0,9.0,24.0
231.0,96.0,9.0,24.0
231.0,95.0,9.0,25.0
231.0,95.0,9.0,25.0
231.0,95.0,9.0,25.0
231.0,95.0,9.0,25.0
231.0,95.0,9.0,25.0
232.0,96.0,9.0,25.0
232.0,96.0,9.0,25.0
233.0,96.0,9.0,25.0
233.0,96.0,9.0,25.0
234.0,96.0,9.0,25.0
234.0,95.0,9.0,26.0
234.0,95.0,9.0,27.0
234.0,94.0,9.0,27.0
234.0,94.0,9.0,28.0
234.0,94.0,9.0,28.0
234.0,93.0,9.0,29.0
234.0,93.0,9.0,28.0
234.0,93.0,9.0,27.0
234.0,93.0,9.0,27.0
234.0,93.0,9.0,27.0
234.0,93.0,9.0,27.0
234.0,93.0,9.0,28.0
235.0,93.0,9.0,28.0
235.0,93.0,9.0,28.0
236.0,93.0,9.0,28.0
236.0,93.0,9.0,28.0
236.0,93.0,9.0,28.0
236.0,93.0,9.0,28.0
236.0,93.0,9.0,28.0
237.0,93.0,9.0,28.0
237.0,93.0,9.0,28.0
237.0,93.0,9.0,28.0
237.0,93.0,9.0,28.0
238.0,92.0,9.0,28.0
238.0,92.0,9.0,28.0
238.0,92.0,9.0,28.0
239.0,91.0,9.0,28.0
239.0,91.0,9.0,28.0
239.0,91.0,9.0,28.0
240.0,91.0,9.0,28.0
240.0,92.0,9.0,28.0
240.0,92.0,9.0,28.0
240.0,92.0,9.0,29.0
240.0,92.0,9.0,29.0
240.0,92.0,9.0,29.0
240.0,92.0,9.0,30.0
240.0,92.0,9.0,30.0
240.0,92.0,9.0,30.0
240.0,92.0,9.0,30.0
240.0,92.0,9.0,30.0
240.0,92.0,9.0,30.0
240.0,92.0,9.0,30.0
240.0,91.0,9.0,29.0
241.0,91.0,9.0,29.0
241.0,91.0,9.0,28.0
241.0,91.0,9.0,28.0
241.0,91.0,9.0,28.0
241.0,91.0,9.0,28.0
242.0,91.0,9.0,28.0
242.0,91.0,9.0,28.0
243.0,92.0,9.0,28.0
243.0,92.0,9.0,28.0
243.0,92.0,9.0,28.0
243.0,92.0,9.0,28.0
243.0,91.0,9.0,29.0
243.0,91.0,9.0,29.0
243.0,91.0,9.0,29.0
243.0,91.0,9.0,29.0
244.0,91.0,9.0,29.0
245.0,91.0,9.0,29.0
245.0,91.0,9.0,29.0
245.0,90.0,9.0,28.0
245.0,90.0,9.0,28.0
245.0,90.0,9.0,28.0
246.0,91.0,9.0,28.0
246.0,91.0,9.0,28.0
246.0,91.0,9.0,28.0
246.0,91.0,9.0,28.0
246.0,91.0,9.0,29.0
246.0,91.0,9.0,29.0
246.0,91.0,9.0,29.0
246.0,91.0,9.0,29.0
246.0,90.0,9.0,29.0
246.0,90.0,9.0,29.0
246.0,90.0,9.0,30.0
247.0,90.0,9.0,30.0
247.0,90.0,9.0,30.0
247.0,90.0,9.0,30.0
247.0,90.0,9.0,29.0
248.0,90.0,9.0,28.0
248.0,90.0,9.0,27.0
248.0,90.0,9.0,27.0
248.0,90.0,9.0,27.0
248.0,90.0,9.0,27.0
248.0,90.0,9.0,27.0
249.0,90.0,9.0,28.0
249.0,90.0,9.0,29.0
249.0,90.0,9.0,29.0
248.0,90.0,9.0,29.0
248.0,90.0,9.0,29.0
247.0,89.0,9.0,29.0
246.0,89.0,9.0,29.0
246.0,89.0,9.0,29.0
244.0,88.0,9.0,29.0
243.0,88.0,9.0,29.0
241.0,88.0,9.0,29.0
240.0,88.0,9.0,29.0
238.0,87.0,9.0,29.0
236.0,87.0,9.0,29.0
234.0,87.0,9.0,29.0
232.0,87.0,9.0,29.0
231.0,87.0,9.0,29.0
228.0,87.0,9.0,29.0
226.0,88.0,9.0,29.0
225.0,88.0,9.0,29.0
222.0,88.0,9.0,29.0
221.0,88.0,9.0,29.0
219.0,88.0,9.0,29.0
218.0,87.0,9.0,29.0
216.0,87.0,9.0,29.0
214.0,87.0,9.0,29.0
213.0,87.0,9.0,29.0
212.0,87.0,9.0,29.0
210.0,87.0,9.0,29.0
209.0,87.0,9.0,29.0
208.0,86.0,9.0,29.0
207.0,86.0,9.0,29.0
206.0,86.0,9.0,29.0
205.0,87.0,9.0,29.0
204.0,87.0,9.0,29.0
204.0,87.0,9.0,29.0
204.0,87.0,9.0,29.0
204.0,87.0,9.0,29.0
204.0,87.0,9.0,29.0
204.0,87.0,9.0,29.0
204.0,87.0,9.0,29.0
204.0,87.0,9.0,29.0
204.0,86.0,9.0,29.0
204.0,86.0,9.0,29.0
204.0,86.0,9.0,28.0
205.0,86.0,9.0,28.0
205.0,86.0,9.0,27.0
205.0,86.0,9.0,27.0
206.0,85.0,9.0,27.0
206.0,85.0,9.0,27.0
206.0,85.0,9.0,27.0
206.0,85.0,9.0,27.0
206.0,85.0,9.0,27.0
207.0,85.0,9.0,27.0
207.0,85.0,9.0,28.0
207.0,85.0,9.0,28.0
207.0,85.0,9.0,28.0
207.0,85.0,9.0,28.0
207.0,85.0,9.0,28.0
207.0,85.0,9.0,28.0
207.0,85.0,9.0,28.0
207.0,85.0,9.0,28.0
208.0,85.0,9.0,28.0
208.0,84.0,9.0,28.0
208.0,84.0,9.0,27.0
209.0,84.0,9.0,27.0
209.0,84.0,9.0,27.0
209.0,84.0,9.0,27.0
209.0,84.0,9.0,27.0
210.0,84.0,9.0,27.0
210.0,84.0,9.0,27.0
210.0,84.0,9.0,28.0
210.0,85.0,9.0,28.0
210.0,85.0,9.0,28.0
210.0,85.0,9.0,28.0
210.0,85.0,9.0,28.0
210.0,85.0,9.0,28.0
211.0,85.0,9.0,28.0
211.0,84.0,9.0,28.0
212.0,84.0,9.0,28.0
212.0,84.0,9.0,28.0
212.0,84.0,9.0,28.0
213.0,84.0,9.0,28.0
213.0,84.0,9.0,28.0
213.0,84.0,9.0,28.0
213.0,84.0,9.0,28.0
213.0,84.0,9.0,29.0
213.0,84.0,9.0,29.0
213.0,84.0,9.0,30.0
213.0,84.0,9.0,30.0
214.0,84.0,9.0,30.0
214.0,84.0,9.0,30.0
214.0,84.0,9.0,30.0
214.0,84.0,9.0,30.0
215.0,84.0,9.0,30.0
215.0,84.0,9.0,30.0
215.0,84.0,9.0,30.0
216.0,84.0,9.0,30.0
216.0,84.0,9.0,29.0
216.0,84.0,9.0,28.0
216.0,84.0,9.0,27.0
216.0,84.0,9.0,27.0
216.0,84.0,9.0,27.0
216.0,84.0,9.0,27.0
217.0,84.0,9.0,27.0
217.0,84.0,9.0,27.0
218.0,84.0,9.0,28.0
218.0,84.0,9.0,28.0
218.0,84.0,9.0,28.0
219.0,84.0,9.0,28.0
219.0,84.0,9.0,28.0
219.0,84.0,9.0,28.0
219.0,84.0,9.0,28.0
220.0,84.0,9.0,28.0
220.0,84.0,9.0,28.0
221.0,84.0,9.0,28.0
221.0,84.0,9.0,28.0
221.0,84.0,9.0,28.0
221.0,84.0,9.0,28.0
222.0,84.0,9.0,28.0
222.0,84.0,9.0,28.0
222.0,84.0,9.0,28.0
222.0,84.0,9.0,28.0
222.0,84.0,9.0,28.0
223.0,84.0,9.0,28.0
223.0,84.0,9.0,28.0
224.0,84.0,9.0,28.0
224.0,84.0,9.0,28.0
225.0,84.0,9.0,28.0
225.0,84.0,9.0,28.0
225.0,84.0,9.0,28.0
225.0,84.0,9.0,28.0
225.0,84.0,9.0,28.0
226.0,84.0,9.0,28.0
226.0,84.0,9.0,28.0
227.0,84.0,9.0,27.0
228.0,84.0,9.0,27.0
228.0,84.0,9.0,27.0
228.0,84.0,9.0,27.0
228.0,84.0,9.0,27.0
228.0,84.0,9.0,27.0
229.0,85.0,9.0,27.0
230.0,85.0,9.0,27.0
230.0,85.0,9.0,27.0
231.0,85.0,9.0,27.0
231.0,85.0,9.0,27.0
231.0,85.0,9.0,27.0
232.0,85.0,9.0,27.0
232.0,85.0,9.0,27.0
233.0,85.0,9.0,27.0
234.0,85.0,9.0,27.0
234.0,85.0,9.0,27.0
234.0,85.0,9.0,27.0
235.0,85.0,9.0,27.0
236.0,85.0,9.0,27.0
236.0,85.0,9.0,27.0
237.0,85.0,9.0,27.0
237.0,85.0,9.0,28.0
237.0,85.0,9.0,28.0
238.0,86.0,9.0,28.0
238.0,86.0,9.0,28.0
239.0,86.0,9.0,28.0
239.0,86.0,9.0,28.0
240.0,86.0,9.0,28.0
240.0,86.0,9.0,28.0
240.0,86.0,9.0,28.0
241.0,86.0,9.0,28.0
242.0,86.0,9.0,28.0
243.0,86.0,9.0,28.0
243.0,85.0,9.0,28.0
243.0,85.0,9.0,28.0
244.0,85.0,9.0,28.0
244.0,85.0,9.0,28.0
245.0,85.0,9.0,28.0
246.0,85.0,9.0,28.0
246.0,86.0,9.0,28.0
246.0,86.0,9.0,28.0
247.0,86.0,9.0,28.0
248.0,86.0,9.0,28.0
248.0,86.0,9.0,28.0
249.0,86.0,9.0,28.0
249.0,86.0,9.0,28.0
250.0,86.0,9.0,28.0
251.0,86.0,9.0,28.0
252.0,86.0,9.0,28.0
252.0,86.0,9.0,28.0
252.0,86.0,9.0,28.0
252.0,86.0,9.0,28.0
252.0,86.0,9.0,28.0
252.0,85.0,9.0,28.0
252.0,85.0,9.0,28.0
252.0,86.0,9.0,28.0
252.0,86.0,9.0,28.0
251.0,87.0,9.0,28.0
250.0,87.0,9.0,28.0
249.0,87.0,9.0,28.0
249.0,87.0,9.0,28.0
248.0,87.0,9.0,28.0
247.0,86.0,9.0,28.0
246.0,86.0,9.0,28.0
246.0,86.0,9.0,28.0
245.0,86.0,9.0,28.0
244.0,86.0,9.0,28.0
243.0,86.0,9.0,28.0
241.0,86.0,9.0,28.0
240.0,85.0,9.0,28.0
239.0,85.0,9.0,28.0
238.0,85.0,9.0,28.0
237.0,85.0,8.0,28.0
236.0,85.0,8.0,28.0
234.0,86.0,8.0,28.0
234.0,86.0,8.0,28.0
233.0,86.0,8.0,28.0
231.0,86.0,8.0,28.0
231.0,86.0,8.0,28.0
230.0,86.0,8.0,28.0
228.0,87.0,8.0,28.0
228.0,87.0,8.0,28.0
227.0,87.0,8.0,28.0
226.0,86.0,8.0,28.0
225.0,86.0,8.0,28.0
225.0,86.0,8.0,28.0
225.0,85.0,8.0,28.0
224.0,85.0,8.0,28.0
224.0,85.0,8.0,28.0
223.0,85.0,8.0,28.0
222.0,85.0,8.0,28.0
222.0,85.0,8.0,24.0
222.0,85.0,8.0,18.0
222.0,86.0,8.0,14.0
221.0,86.0,8.0,14.0
221.0,86.0,8.0,14.0
221.0,86.0,8.0,14.0
220.0,86.0,8.0,14.0
220.0,86.0,8.0,14.0
220.0,86.0,8.0,14.0
219.0,85.0,8.0,15.0
219.0,84.0,8.0,15.0
219.0,84.0,8.0,15.0
219.0,84.0,8.0,15.0
219.0,84.0,8.0,15.0
218.0,84.0,8.0,15.0
218.0,84.0,8.0,15.0
218.0,84.0,8.0,15.0
218.0,84.0,8.0,15.0
217.0,84.0,8.0,15.0
217.0,85.0,8.0,15.0
217.0,85.0,8.0,15.0
217.0,85.0,8.0,15.0
217.0,85.0,8.0,15.0
217.0,85.0,8.0,15.0
217.0,85.0,8.0,15.0
217.0,85.0,8.0,15.0
217.0,85.0,8.0,15.0
217.0,84.0,8.0,15.0
217.0,84.0,8.0,15.0
217.0,84.0,8.0,15.0
217.0,84.0,8.0,15.0
217.0,84.0,8.0,15.0
217.0,84.0,8.0,15.0
217.0,84.0,8.0,15.0
217.0,84.0,8.0,15.0
217.0,84.0,8.0,15.0
217.0,84.0,8.0,16.0
217.0,84.0,8.0,17.0
217.0,84.0,8.0,18.0
217.0,84.0,8.0,18.0
217.0,84.0,8.0,18.0
217.0,84.0,8.0,18.0
217.0,84.0,8.0,18.0
217.0,84.0,8.0,18.0
217.0,84.0,8.0,19.0
217.0,84.0,8.0,19.0
218.0,84.0,8.0,19.0
218.0,84.0,8.0,19.0
218.0,84.0,8.0,19.0
218.0,84.0,8.0,19.0
218.0,84.0,8.0,19.0
218.0,84.0,8.0,20.0
218.0,84.0,8.0,21.0
218.0,84.0,8.0,22.0
218.0,84.0,8.0,22.0
218.0,84.0,8.0,22.0
218.0,84.0,8.0,22.0
218.0,84.0,8.0,22.0
218.0,84.0,8.0,22.0
218.0,84.0,8.0,22.0
217.0,84.0,8.0,22.0
217.0,84.0,8.0,22.0
216.0,84.0,8.0,22.0
216.0,84.0,8.0,22.0
216.0,84.0,8.0,22.0
216.0,84.0,8.0,22.0
215.0,84.0,8.0,22.0
214.0,85.0,8.0,22.0
214.0,85.0,8.0,22.0
213.0,85.0,8.0,22.0
213.0,85.0,8.0,22.0
213.0,85.0,8.0,22.0
212.0,85.0,8.0,22.0
212.0,86.0,8.0,22.0
211.0,86.0,8.0,22.0
210.0,86.0,8.0,23.0
210.0,86.0,8.0,24.0
210.0,86.0,8.0,24.0
209.0,86.0,8.0,25.0
209.0,85.0,8.0,27.0
208.0,85.0,8.0,27.0
208.0,85.0,8.0,27.0
208.0,85.0,8.0,27.0
207.0,85.0,8.0,27.0
207.0,86.0,8.0,27.0
207.0,86.0,8.0,27.0
207.0,86.0,8.0,27.0
547.0,213.0,33.0,102.0
547.0,213.0,33.0,102.0
547.0,214.0,33.0,102.0
547.0,214.0,33.0,102.0
547.0,215.0,33.0,103.0
547.0,215.0,33.0,104.0
548.0,214.0,33.0,104.0
548.0,214.0,33.0,104.0
548.0,215.0,33.0,104.0
549.0,214.0,33.0,104.0
549.0,214.0,33.0,104.0
549.0,214.0,33.0,104.0
550.0,214.0,33.0,104.0
550.0,214.0,33.0,104.0
550.0,214.0,33.0,104.0
551.0,214.0,33.0,104.0
552.0,215.0,33.0,104.0
552.0,215.0,33.0,104.0
552.0,215.0,33.0,104.0
552.0,216.0,33.0,104.0
552.0,216.0,33.0,104.0
553.0,216.0,33.0,104.0
553.0,216.0,33.0,104.0
554.0,216.0,33.0,104.0
553.0,215.0,33.0,104.0
554.0,215.0,33.0,104.0
553.0,215.0,33.0,104.0
554.0,215.0,33.0,103.0
553.0,215.0,33.0,102.0
554.0,215.0,33.0,102.0
553.0,215.0,33.0,102.0
554.0,215.0,33.0,102.0
553.0,215.0,33.0,102.0
554.0,216.0,33.0,102.0
553.0,216.0,33.0,103.0
553.0,216.0,33.0,104.0
553.0,217.0,33.0,104.0
553.0,217.0,33.0,104.0
553.0,217.0,33.0,104.0
553.0,218.0,33.0,104.0
553.0,218.0,33.0,104.0
553.0,218.0,33.0,104.0
553.0,218.0,33.0,104.0
553.0,218.0,33.0,104.0
553.0,218.0,33.0,104.0
553.0,218.0,33.0,103.0
553.0,218.0,33.0,102.0
553.0,218.0,33.0,102.0
553.0,218.0,33.0,102.0
552.0,218.0,33.0,103.0
551.0,218.0,33.0,103.0
552.0,219.0,33.0,103.0
551.0,219.0,33.0,103.0
551.0,219.0,33.0,103.0
551.0,220.0,33.0,103.0
551.0,220.0,33.0,103.0
551.0,220.0,33.0,103.0
