650.0,145.0,78.0,140.0
653.0,146.0,76.0,137.0
655.0,146.0,75.0,134.0
658.0,147.0,73.0,130.0
660.0,147.0,71.0,127.0
660.0,145.0,74.0,133.0
662.0,143.0,74.0,133.0
664.0,143.0,73.0,129.0
666.0,142.0,73.0,129.0
668.0,142.0,70.0,125.0
670.0,139.0,71.0,126.0
670.0,136.0,71.0,126.0
672.0,136.0,71.0,126.0
673.0,134.0,70.0,125.0
675.0,128.0,70.0,127.0
675.0,123.0,72.0,131.0
675.0,120.0,72.0,131.0
674.0,114.0,75.0,136.0
673.0,110.0,78.0,141.0
670.0,108.0,76.0,140.0
670.0,105.0,78.0,141.0
669.0,103.0,78.0,141.0
671.0,100.0,75.0,138.0
670.0,96.0,77.0,142.0
668.0,93.0,77.0,143.0
670.0,92.0,76.0,140.0
669.0,88.0,75.0,137.0
671.0,90.0,73.0,136.0
670.0,85.0,76.0,140.0
672.0,85.0,74.0,137.0
672.0,86.0,74.0,136.0
674.0,86.0,71.0,132.0
675.0,83.0,72.0,134.0
674.0,80.0,74.0,139.0
673.0,78.0,74.0,138.0
674.0,79.0,73.0,132.0
673.0,78.0,74.0,134.0
674.0,78.0,72.0,132.0
674.0,76.0,73.0,132.0
673.0,74.0,72.0,132.0
671.0,69.0,74.0,133.0
669.0,67.0,74.0,133.0
668.0,64.0,74.0,133.0
667.0,61.0,74.0,133.0
666.0,58.0,74.0,133.0
664.0,52.0,74.0,136.0
663.0,48.0,74.0,133.0
663.0,44.0,74.0,133.0
662.0,40.0,73.0,133.0
660.0,35.0,74.0,134.0
654.0,32.0,76.0,136.0
653.0,30.0,76.0,136.0
649.0,28.0,76.0,136.0
647.0,24.0,76.0,141.0
644.0,20.0,76.0,142.0
642.0,17.0,77.0,144.0
638.0,15.0,77.0,144.0
636.0,13.0,77.0,143.0
634.0,13.0,76.0,140.0
632.0,12.0,76.0,139.0
630.0,11.0,76.0,139.0
628.0,12.0,75.0,137.0
627.0,12.0,75.0,136.0
626.0,12.0,75.0,136.0
623.0,13.0,75.0,136.0
621.0,13.0,75.0,135.0
618.0,14.0,75.0,135.0
617.0,13.0,75.0,135.0
614.0,14.0,75.0,135.0
610.0,15.0,75.0,135.0
607.0,15.0,75.0,138.0
603.0,15.0,75.0,138.0
600.0,13.0,75.0,139.0
595.0,15.0,75.0,139.0
589.0,15.0,76.0,140.0
583.0,17.0,77.0,140.0
579.0,21.0,78.0,143.0
573.0,22.0,78.0,143.0
565.0,24.0,78.0,144.0
562.0,31.0,78.0,145.0
555.0,31.0,79.0,145.0
550.0,36.0,80.0,147.0
544.0,38.0,80.0,146.0
538.0,42.0,81.0,145.0
532.0,44.0,82.0,149.0
528.0,51.0,82.0,147.0
522.0,53.0,82.0,147.0
513.0,56.0,84.0,150.0
508.0,65.0,84.0,147.0
500.0,68.0,85.0,146.0
492.0,71.0,85.0,146.0
484.0,76.0,86.0,147.0
476.0,79.0,87.0,146.0
471.0,81.0,85.0,146.0
460.0,84.0,88.0,150.0
451.0,87.0,87.0,150.0
440.0,90.0,88.0,153.0
431.0,93.0,88.0,155.0
422.0,96.0,90.0,157.0
48.0,13.0,15.0,23.0
357.0,80.0,162.0,237.0
347.0,86.0,160.0,234.0
336.0,86.0,166.0,243.0
328.0,92.0,163.0,240.0
319.0,97.0,166.0,245.0
312.0,101.0,166.0,246.0
303.0,103.0,166.0,247.0
294.0,106.0,167.0,247.0
285.0,108.0,169.0,252.0
276.0,111.0,173.0,257.0
268.0,115.0,173.0,257.0
270.0,123.0,163.0,244.0
266.0,126.0,166.0,249.0
258.0,126.0,169.0,254.0
250.0,123.0,175.0,262.0
245.0,127.0,172.0,257.0
244.0,134.0,166.0,249.0
236.0,132.0,169.0,253.0
233.0,136.0,166.0,249.0
228.0,135.0,166.0,249.0
227.0,141.0,161.0,240.0
225.0,140.0,161.0,240.0
222.0,141.0,161.0,240.0
220.0,140.0,161.0,240.0
218.0,141.0,158.0,236.0
216.0,141.0,158.0,237.0
215.0,140.0,158.0,237.0
216.0,139.0,158.0,237.0
218.0,139.0,158.0,237.0
221.0,139.0,156.0,234.0
225.0,139.0,155.0,235.0
230.0,140.0,152.0,230.0
237.0,140.0,149.0,228.0
243.0,138.0,152.0,231.0
246.0,132.0,157.0,241.0
253.0,128.0,156.0,241.0
262.0,124.0,156.0,240.0
274.0,121.0,153.0,236.0
282.0,112.0,156.0,240.0
295.0,112.0,150.0,232.0
306.0,106.0,147.0,228.0
320.0,97.0,150.0,231.0
333.0,90.0,150.0,232.0
348.0,84.0,150.0,232.0
363.0,79.0,150.0,232.0
379.0,71.0,153.0,237.0
397.0,68.0,153.0,236.0
416.0,62.0,156.0,240.0
439.0,59.0,154.0,237.0
459.0,57.0,153.0,237.0
479.0,52.0,156.0,240.0
499.0,49.0,156.0,240.0
521.0,49.0,154.0,237.0
540.0,47.0,153.0,236.0
560.0,44.0,154.0,237.0
579.0,42.0,150.0,232.0
601.0,39.0,147.0,228.0
619.0,41.0,144.0,223.0
640.0,43.0,142.0,219.0
663.0,45.0,139.0,215.0
685.0,48.0,143.0,218.0
708.0,51.0,143.0,218.0
734.0,54.0,140.0,214.0
759.0,56.0,140.0,213.0
782.0,63.0,140.0,213.0
802.0,64.0,141.0,211.0
819.0,72.0,138.0,208.0
834.0,77.0,138.0,208.0
846.0,87.0,138.0,208.0
849.0,87.0,141.0,210.0
849.0,94.0,140.0,208.0
844.0,97.0,143.0,211.0
836.0,99.0,142.0,210.0
832.0,106.0,142.0,210.0
821.0,107.0,142.0,209.0
812.0,110.0,142.0,208.0
799.0,113.0,141.0,207.0
787.0,115.0,140.0,206.0
776.0,120.0,138.0,202.0
768.0,125.0,138.0,202.0
764.0,135.0,136.0,199.0
759.0,140.0,136.0,199.0
757.0,143.0,136.0,199.0
760.0,151.0,133.0,195.0
762.0,157.0,131.0,192.0
766.0,166.0,130.0,191.0
768.0,173.0,129.0,187.0
769.0,180.0,129.0,188.0
770.0,187.0,129.0,188.0
771.0,193.0,128.0,187.0
773.0,200.0,130.0,191.0
774.0,203.0,130.0,190.0
777.0,211.0,128.0,187.0
778.0,217.0,126.0,184.0
778.0,223.0,126.0,184.0
776.0,227.0,125.0,183.0
772.0,233.0,125.0,183.0
766.0,237.0,125.0,183.0
759.0,239.0,125.0,183.0
94.0,32.0,12.0,19.0
736.0,244.0,119.0,187.0
725.0,246.0,119.0,187.0
712.0,247.0,121.0,191.0
699.0,252.0,120.0,190.0
689.0,258.0,116.0,184.0
679.0,262.0,115.0,181.0
668.0,268.0,112.0,178.0
656.0,274.0,116.0,184.0
643.0,279.0,118.0,185.0
634.0,287.0,116.0,184.0
620.0,287.0,122.0,193.0
614.0,293.0,125.0,200.0
609.0,299.0,120.0,193.0
605.0,304.0,122.0,198.0
597.0,308.0,120.0,194.0
592.0,315.0,116.0,187.0
584.0,317.0,122.0,196.0
575.0,322.0,120.0,193.0
568.0,326.0,120.0,192.0
557.0,334.0,120.0,193.0
547.0,344.0,117.0,191.0
534.0,351.0,117.0,191.0
521.0,361.0,116.0,189.0
506.0,370.0,116.0,189.0
492.0,378.0,116.0,189.0
454.0,399.0,114.0,183.0
456.0,400.0,111.0,180.0
442.0,413.0,109.0,177.0
413.0,430.0,111.0,179.0
412.0,428.0,113.0,182.0
396.0,438.0,114.0,186.0
369.0,454.0,112.0,182.0
370.0,454.0,112.0,182.0
353.0,460.0,115.0,186.0
326.0,474.0,114.0,183.0
328.0,475.0,111.0,179.0
314.0,481.0,109.0,176.0
291.0,491.0,109.0,176.0
290.0,490.0,111.0,177.0
276.0,495.0,109.0,173.0
264.0,498.0,110.0,174.0
250.0,499.0,111.0,176.0
239.0,505.0,111.0,176.0
223.0,509.0,112.0,177.0
208.0,512.0,112.0,177.0
194.0,517.0,113.0,177.0
183.0,519.0,113.0,177.0
171.0,521.0,115.0,179.0
160.0,525.0,114.0,178.0
150.0,527.0,114.0,178.0
139.0,528.0,118.0,181.0
127.0,529.0,119.0,185.0
116.0,532.0,120.0,185.0
107.0,533.0,120.0,185.0
99.0,534.0,120.0,184.0
91.0,535.0,121.0,184.0
82.0,535.0,123.0,186.0
76.0,536.0,123.0,186.0
70.0,537.0,123.0,186.0
69.0,539.0,122.0,184.0
66.0,539.0,121.0,180.0
64.0,539.0,121.0,180.0
61.0,539.0,121.0,180.0
60.0,538.0,122.0,181.0
60.0,536.0,122.0,181.0
60.0,535.0,123.0,181.0
62.0,534.0,122.0,181.0
64.0,532.0,122.0,181.0
67.0,531.0,120.0,178.0
70.0,528.0,120.0,178.0
74.0,526.0,119.0,178.0
78.0,524.0,119.0,178.0
81.0,521.0,119.0,178.0
86.0,515.0,122.0,182.0
95.0,514.0,119.0,178.0
100.0,511.0,120.0,181.0
110.0,509.0,120.0,181.0
121.0,506.0,120.0,181.0
131.0,501.0,123.0,185.0
144.0,498.0,122.0,184.0
158.0,494.0,122.0,186.0
173.0,491.0,122.0,186.0
189.0,486.0,123.0,187.0
208.0,485.0,123.0,187.0
224.0,478.0,120.0,183.0
247.0,475.0,119.0,184.0
259.0,467.0,119.0,184.0
286.0,465.0,120.0,185.0
293.0,456.0,118.0,185.0
318.0,451.0,118.0,185.0
335.0,442.0,120.0,188.0
358.0,435.0,120.0,188.0
380.0,429.0,119.0,188.0
402.0,418.0,121.0,191.0
422.0,411.0,120.0,192.0
