183.0, 292.0, 86.0, 71.0
185.0, 304.0, 81.03972625732422, 66.90489196777344
185.0, 310.0, 82.6605224609375, 68.24298858642578
178.0, 315.0, 82.6605224609375, 68.24298858642578
180.0, 316.0, 85.99999237060547, 70.99999237060547
168.0, 320.0, 89.47438049316406, 73.8683853149414
162.0, 325.0, 93.0891342163086, 76.8526611328125
172.0, 328.0, 94.95092010498047, 78.38970947265625
188.0, 334.0, 100.76266479492188, 83.18778228759766
173.0, 335.0, 102.77791595458984, 84.8515396118164
170.0, 332.0, 102.77791595458984, 84.8515396118164
178.0, 349.0, 100.76266479492188, 83.18778228759766
172.0, 354.0, 102.77791595458984, 84.8515396118164
173.0, 360.0, 102.77791595458984, 84.8515396118164
176.0, 369.0, 96.84993743896484, 79.95750427246094
179.0, 377.0, 93.08914184570312, 76.85266876220703
187.0, 375.0, 94.950927734375, 78.38971710205078
194.0, 375.0, 98.78694152832031, 81.55665588378906
203.0, 381.0, 98.78694152832031, 81.55665588378906
211.0, 381.0, 102.77791595458984, 84.8515396118164
228.0, 376.0, 102.77791595458984, 84.8515396118164
243.0, 378.0, 104.8334732055664, 86.54856872558594
260.0, 378.0, 106.93014526367188, 88.27953338623047
278.0, 378.0, 109.06874084472656, 90.04512023925781
297.0, 376.0, 113.47511291503906, 93.68293762207031
315.0, 375.0, 115.7446060180664, 95.55659484863281
334.0, 375.0, 118.05949401855469, 97.46772766113281
367.0, 367.0, 118.05949401855469, 97.46772766113281
376.0, 378.0, 120.42068481445312, 99.41707611083984
405.0, 380.0, 113.47511291503906, 93.68293762207031
443.0, 359.0, 113.47511291503906, 93.68293762207031
448.0, 387.0, 113.47511291503906, 93.68293762207031
487.0, 372.0, 111.25010681152344, 91.84602355957031
484.0, 398.0, 111.25010681152344, 91.84602355957031
503.0, 399.0, 113.47511291503906, 93.68293762207031
520.0, 405.0, 113.47511291503906, 93.68293762207031
537.0, 412.0, 115.7446060180664, 95.55659484863281
553.0, 416.0, 115.7446060180664, 95.55659484863281
566.0, 422.0, 118.05949401855469, 97.46772766113281
578.0, 431.0, 120.42068481445312, 99.41707611083984
588.0, 436.0, 118.05949401855469, 97.46772766113281
602.0, 445.0, 115.7446060180664, 95.55659484863281
610.0, 451.0, 113.47509765625, 93.68292999267578
617.0, 457.0, 111.2500991821289, 91.84600830078125
618.0, 465.0, 106.93012237548828, 88.2795181274414
618.0, 468.0, 106.93012237548828, 88.2795181274414
623.0, 475.0, 106.93012237548828, 88.2795181274414
621.0, 480.0, 104.83345794677734, 86.54855346679688
619.0, 485.0, 104.83345794677734, 86.54855346679688
618.0, 490.0, 102.77790069580078, 84.85152435302734
620.0, 493.0, 102.77790069580078, 84.85152435302734
620.0, 496.0, 100.76264190673828, 83.18775939941406
618.0, 501.0, 100.76264190673828, 83.18775939941406
618.0, 508.0, 100.76264190673828, 83.18775939941406
616.0, 512.0, 100.76264190673828, 83.18775939941406
616.0, 515.0, 98.78691101074219, 81.55663299560547
611.0, 521.0, 98.78691101074219, 81.55663299560547
610.0, 524.0, 98.78691101074219, 81.55663299560547
606.0, 527.0, 98.78691101074219, 81.55663299560547
603.0, 530.0, 98.78691101074219, 81.55663299560547
601.0, 536.0, 96.84990692138672, 79.95748138427734
595.0, 538.0, 96.84990692138672, 79.95748138427734
594.0, 541.0, 94.95088958740234, 78.38968658447266
588.0, 543.0, 96.84990692138672, 79.95748138427734
587.0, 547.0, 94.95088958740234, 78.38968658447266
579.0, 548.0, 94.95088958740234, 78.38968658447266
574.0, 550.0, 94.95088958740234, 78.38968658447266
570.0, 552.0, 93.08910369873047, 76.85263061523438
564.0, 552.0, 94.95088958740234, 78.38968658447266
567.0, 552.0, 94.95088958740234, 78.38968658447266
548.0, 554.0, 94.95088958740234, 78.38968658447266
543.0, 552.0, 94.95088958740234, 78.38968658447266
542.0, 551.0, 93.08910369873047, 76.85263061523438
535.0, 551.0, 93.08910369873047, 76.85263061523438
529.0, 553.0, 93.08910369873047, 76.85263061523438
523.0, 554.0, 93.08910369873047, 76.85263061523438
516.0, 554.0, 93.08910369873047, 76.85263061523438
511.0, 553.0, 94.95088958740234, 78.38968658447266
504.0, 553.0, 94.95088958740234, 78.38968658447266
499.0, 553.0, 94.95088958740234, 78.38968658447266
493.0, 550.0, 96.84990692138672, 79.95748138427734
490.0, 552.0, 94.95088958740234, 78.38968658447266
485.0, 548.0, 96.84990692138672, 79.95748138427734
481.0, 549.0, 94.95088958740234, 78.38968658447266
479.0, 547.0, 93.08910369873047, 76.85263061523438
477.0, 547.0, 93.08910369873047, 76.85263061523438
471.0, 543.0, 93.08910369873047, 76.85263061523438
473.0, 544.0, 93.08910369873047, 76.85263061523438
467.0, 541.0, 93.08910369873047, 76.85263061523438
465.0, 539.0, 93.08910369873047, 76.85263061523438
463.0, 537.0, 93.08910369873047, 76.85263061523438
458.0, 531.0, 94.95088958740234, 78.38968658447266
456.0, 530.0, 93.08910369873047, 76.85263061523438
457.0, 527.0, 93.08910369873047, 76.85263061523438
454.0, 526.0, 93.08910369873047, 76.85263061523438
452.0, 522.0, 93.08910369873047, 76.85263061523438
452.0, 521.0, 93.08910369873047, 76.85263061523438
451.0, 518.0, 93.08910369873047, 76.85263061523438
451.0, 517.0, 93.08910369873047, 76.85263061523438
450.0, 513.0, 93.08910369873047, 76.85263061523438
449.0, 512.0, 93.08910369873047, 76.85263061523438
451.0, 508.0, 93.08910369873047, 76.85263061523438
449.0, 506.0, 93.08910369873047, 76.85263061523438
447.0, 505.0, 91.26382446289062, 75.34571838378906
449.0, 498.0, 91.26382446289062, 75.34571838378906
451.0, 496.0, 91.26382446289062, 75.34571838378906
444.0, 494.0, 93.08910369873047, 76.85263061523438
443.0, 490.0, 93.08910369873047, 76.85263061523438
450.0, 486.0, 93.08910369873047, 76.85263061523438
450.0, 479.0, 93.08910369873047, 76.85263061523438
445.0, 481.0, 93.08910369873047, 76.85263061523438
450.0, 472.0, 93.08910369873047, 76.85263061523438
450.0, 468.0, 93.08910369873047, 76.85263061523438
447.0, 466.0, 93.08910369873047, 76.85263061523438
453.0, 459.0, 91.26382446289062, 75.34571838378906
453.0, 448.0, 91.26382446289062, 75.34571838378906
457.0, 447.0, 91.26382446289062, 75.34571838378906
