937, 547, 26, 79
935, 547, 26, 79
933, 547, 26, 79
931, 547, 26, 79
929, 547, 26, 79
926, 546, 26, 79
924, 547, 26, 79
922, 546, 26, 79
920, 546, 26, 79
917, 545, 26, 79
915, 544, 26, 79
913, 545, 26, 79
910, 544, 26, 79
908, 545, 26, 79
906, 544, 26, 79
903, 545, 26, 79
901, 544, 26, 79
898, 544, 26, 79
896, 544, 26, 79
894, 543, 26, 79
891, 542, 26, 79
889, 543, 26, 79
887, 542, 26, 79
885, 543, 26, 79
882, 543, 26, 79
880, 543, 26, 79
877, 544, 26, 79
875, 545, 26, 79
872, 544, 26, 79
869, 545, 26, 79
867, 544, 26, 79
865, 545, 26, 79
862, 544, 26, 79
860, 544, 26, 79
858, 544, 26, 79
856, 544, 26, 79
853, 545, 26, 79
851, 544, 26, 79
849, 545, 26, 79
846, 544, 26, 79
844, 545, 26, 79
842, 544, 26, 79
840, 545, 26, 79
838, 543, 26, 79
835, 543, 26, 79
833, 543, 26, 79
831, 543, 26, 79
829, 544, 26, 79
827, 545, 26, 79
825, 545, 26, 79
822, 545, 26, 79
820, 545, 26, 79
817, 546, 26, 79
815, 546, 26, 79
812, 547, 26, 79
810, 545, 26, 79
808, 545, 26, 79
806, 545, 26, 79
804, 545, 26, 79
802, 545, 26, 79
799, 546, 26, 79
797, 546, 26, 79
795, 546, 26, 79
792, 545, 26, 79
790, 544, 26, 79
788, 544, 26, 79
786, 543, 26, 79
784, 541, 26, 79
782, 541, 26, 79
780, 541, 26, 79
778, 541, 26, 79
776, 541, 26, 79
774, 541, 26, 79
771, 541, 26, 79
769, 541, 26, 79
767, 541, 26, 79
764, 541, 26, 79
762, 540, 26, 79
759, 541, 26, 79
757, 539, 26, 79
755, 539, 26, 79
753, 538, 26, 79
751, 539, 26, 79
749, 538, 26, 79
747, 539, 26, 79
745, 538, 26, 79
743, 538, 26, 79
740, 538, 26, 79
738, 537, 26, 79
736, 536, 26, 79
734, 536, 26, 79
732, 535, 26, 79
730, 534, 26, 79
728, 535, 26, 79
726, 534, 26, 79
724, 535, 26, 79
722, 534, 26, 79
720, 535, 26, 79
717, 535, 26, 79
0.0, 0.0, 0.0, 0.0
715, 535, 38, 78
713, 535, 38, 78
711, 534, 38, 78
709, 533, 38, 78
706, 533, 38, 78
704, 533, 38, 78
702, 533, 38, 78
701, 533, 38, 78
699, 532, 38, 78
697, 532, 38, 78
695, 531, 38, 78
693, 531, 38, 78
691, 530, 38, 78
0.0, 0.0, 0.0, 0.0
691, 520, 30, 92
689, 521, 30, 92
688, 520, 30, 92
686, 519, 30, 92
684, 519, 30, 92
682, 520, 28, 88
680, 521, 28, 87
678, 521, 28, 87
693, 521, 28, 88
692, 519, 30, 92
692, 519, 30, 92
692, 519, 30, 92
692, 519, 30, 92
692, 518, 30, 92
692, 518, 30, 92
692, 516, 31, 96
692, 518, 30, 92
694, 517, 30, 94
693, 517, 30, 94
692, 517, 30, 94
692, 516, 31, 96
692, 517, 31, 96
691, 516, 31, 97
693, 519, 30, 94
692, 518, 31, 96
692, 519, 30, 94
692, 517, 31, 97
691, 519, 31, 96
692, 520, 30, 94
691, 518, 31, 97
692, 523, 29, 90
692, 520, 31, 96
692, 522, 30, 92
692, 522, 30, 94
691, 521, 31, 96
691, 522, 30, 94
690, 521, 31, 96
691, 522, 31, 96
690, 522, 31, 96
690, 521, 31, 97
690, 523, 31, 96
690, 523, 31, 96
689, 523, 31, 97
689, 525, 31, 96
689, 525, 31, 96
690, 525, 31, 96
689, 527, 30, 94
690, 527, 30, 94
690, 526, 31, 96
689, 526, 31, 96
690, 527, 30, 94
689, 525, 31, 97
690, 528, 30, 94
690, 528, 30, 94
690, 527, 31, 96
690, 527, 31, 96
690, 527, 31, 97
691, 530, 30, 94
691, 529, 30, 94
691, 529, 30, 94
690, 528, 31, 96
691, 528, 31, 96
690, 528, 31, 97
691, 530, 30, 94
691, 530, 30, 94
691, 530, 31, 96
691, 529, 31, 97
690, 531, 31, 96
691, 531, 31, 96
691, 533, 30, 94
691, 532, 30, 94
691, 531, 31, 96
691, 529, 32, 99
692, 534, 30, 92
693, 534, 30, 94
692, 533, 30, 94
692, 533, 30, 94
692, 533, 30, 94
691, 532, 31, 96
691, 533, 31, 96
691, 533, 31, 96
691, 533, 31, 96
691, 534, 30, 94
691, 534, 30, 94
690, 534, 31, 96
0.0, 0.0, 0.0, 0.0
499, 541, 38, 76
498, 541, 38, 76
497, 541, 38, 76
497, 541, 38, 76
496, 541, 38, 76
496, 541, 38, 76
0.0, 0.0, 0.0, 0.0
522, 533, 29, 90
521, 535, 28, 88
521, 534, 29, 90
521, 534, 29, 90
521, 536, 28, 88
520, 534, 30, 92
520, 534, 30, 92
520, 534, 30, 92
521, 535, 29, 90
520, 534, 30, 92
520, 535, 29, 90
520, 535, 29, 90
520, 534, 30, 92
520, 535, 29, 90
519, 535, 29, 90
520, 535, 29, 90
520, 535, 29, 90
519, 534, 29, 90
520, 534, 29, 90
519, 534, 29, 90
519, 534, 29, 90
520, 534, 29, 90
519, 534, 29, 90
520, 534, 29, 90
519, 534, 29, 90
520, 534, 29, 90
519, 533, 29, 90
519, 533, 29, 90
520, 533, 29, 90
519, 533, 29, 90
520, 533, 29, 90
519, 533, 29, 90
520, 532, 29, 90
520, 532, 29, 90
519, 532, 29, 90
520, 531, 29, 90
519, 531, 29, 90
520, 531, 29, 90
519, 531, 29, 90
519, 531, 29, 90
520, 530, 29, 90
519, 530, 29, 90
519, 529, 29, 90
520, 529, 29, 90
519, 529, 29, 90
519, 529, 29, 90
519, 528, 29, 90
520, 528, 29, 90
519, 528, 29, 90
519, 527, 29, 90
520, 527, 29, 90
519, 527, 29, 90
519, 528, 28, 88
519, 526, 29, 90
519, 526, 29, 90
519, 526, 29, 90
518, 526, 29, 90
518, 525, 29, 90
518, 525, 29, 90
518, 525, 29, 90
518, 524, 29, 90
517, 525, 29, 90
517, 524, 29, 90
517, 524, 29, 90
517, 524, 29, 90
517, 524, 29, 90
517, 524, 29, 90
517, 524, 29, 90
517, 523, 29, 90
517, 523, 29, 90
517, 523, 29, 90
517, 523, 29, 90
518, 523, 28, 88
517, 522, 29, 90
517, 522, 29, 90
518, 522, 29, 90
517, 522, 29, 90
518, 522, 29, 90
517, 522, 29, 90
518, 521, 29, 90
517, 521, 29, 90
518, 521, 29, 90
517, 521, 29, 90
518, 521, 29, 90
517, 521, 29, 90
517, 521, 29, 90
518, 520, 29, 90
517, 520, 29, 90
517, 521, 29, 90
518, 521, 29, 90
517, 522, 28, 88
517, 522, 28, 88
0.0, 0.0, 0.0, 0.0
375, 504, 34, 78
374, 504, 34, 78
374, 504, 34, 78
373, 504, 34, 78
373, 504, 34, 78
373, 504, 34, 78
373, 504, 34, 78
372, 504, 34, 78
372, 504, 34, 78
372, 504, 34, 78
372, 504, 34, 78
372, 504, 34, 78
372, 504, 34, 78
372, 504, 34, 78
372, 503, 34, 78
372, 503, 34, 78
372, 503, 34, 78
372, 502, 34, 78
372, 502, 34, 78
372, 502, 34, 78
372, 502, 34, 78
372, 502, 34, 78
372, 502, 34, 78
372, 502, 34, 78
372, 502, 34, 78
372, 502, 34, 78
372, 502, 34, 78
372, 502, 34, 78
372, 502, 34, 78
372, 502, 34, 78
372, 502, 34, 78
372, 502, 34, 78
372, 502, 34, 78
372, 502, 34, 78
372, 502, 34, 78
372, 502, 34, 78
373, 502, 34, 78
373, 502, 34, 78
373, 502, 34, 78
373, 502, 34, 78
373, 502, 34, 78
373, 501, 34, 78
373, 501, 34, 78
373, 501, 34, 78
373, 502, 34, 78
373, 502, 34, 78
372, 502, 34, 78
372, 502, 34, 78
372, 502, 34, 78
372, 502, 34, 78
372, 502, 34, 78
372, 502, 34, 78
372, 502, 34, 78
372, 502, 34, 78
372, 502, 34, 78
372, 502, 34, 78
372, 502, 34, 78
372, 502, 34, 78
372, 502, 34, 78
372, 502, 34, 78
372, 502, 34, 78
371, 502, 34, 78
371, 502, 34, 78
371, 502, 34, 78
371, 502, 34, 78
371, 502, 34, 78
371, 502, 34, 78
371, 502, 34, 78
371, 502, 34, 78
371, 502, 34, 78
371, 502, 34, 78
371, 502, 34, 78
372, 502, 34, 78
372, 502, 34, 78
372, 501, 34, 78
372, 501, 34, 78
372, 501, 34, 78
372, 501, 34, 78
372, 501, 34, 78
373, 502, 34, 78
373, 502, 34, 78
373, 502, 34, 78
373, 502, 34, 78
373, 502, 34, 78
373, 502, 34, 78
373, 502, 34, 78
373, 503, 34, 78
373, 503, 34, 78
373, 503, 34, 78
373, 503, 34, 78
373, 503, 34, 78
373, 503, 34, 78
373, 503, 34, 78
373, 504, 34, 78
373, 504, 34, 78
373, 504, 34, 78
373, 504, 34, 78
372, 504, 34, 78
372, 504, 34, 78
0.0, 0.0, 0.0, 0.0
362, 506, 32, 70
362, 506, 32, 70
362, 506, 32, 70
362, 506, 32, 70
361, 506, 32, 70
361, 506, 32, 70
361, 506, 32, 70
361, 506, 32, 70
361, 506, 32, 70
361, 506, 32, 70
361, 506, 32, 70
361, 506, 32, 70
361, 506, 32, 70
361, 506, 32, 70
361, 506, 32, 70
361, 506, 32, 70
361, 506, 32, 70
362, 506, 32, 70
362, 506, 32, 70
362, 506, 32, 70
362, 505, 32, 70
362, 505, 32, 70
363, 505, 32, 70
363, 505, 32, 70
363, 505, 32, 70
363, 504, 32, 70
363, 504, 32, 70
363, 504, 32, 70
363, 504, 32, 70
363, 504, 32, 70
364, 504, 32, 70
364, 504, 32, 70
364, 503, 32, 70
364, 503, 32, 70
364, 503, 32, 70
364, 503, 32, 70
361, 503, 32, 70
356, 504, 32, 70
346, 504, 32, 70
0.0, 0.0, 0.0, 0.0
322, 493, 29, 90
317, 494, 29, 90
316, 494, 29, 90
316, 495, 29, 90
315, 495, 29, 90
316, 494, 29, 90
316, 495, 29, 90
315, 495, 29, 90
315, 495, 29, 90
313, 495, 29, 90
307, 496, 29, 90
300, 497, 29, 90
291, 498, 29, 90
284, 498, 29, 90
282, 499, 30, 92
282, 499, 30, 92
282, 499, 30, 92
282, 500, 30, 92
281, 500, 30, 92
282, 500, 30, 92
282, 502, 29, 90
281, 501, 30, 92
277, 502, 30, 92
269, 504, 30, 92
262, 505, 30, 92
260, 505, 30, 92
260, 506, 29, 90
260, 506, 30, 92
259, 506, 30, 92
259, 506, 30, 92
259, 506, 30, 92
259, 506, 30, 92
259, 507, 30, 92
259, 507, 30, 92
258, 508, 30, 92
258, 507, 30, 92
259, 507, 30, 92
258, 508, 30, 92
258, 509, 30, 92
258, 509, 30, 92
258, 509, 30, 92
257, 509, 30, 92
258, 509, 30, 92
257, 509, 30, 92
257, 510, 30, 92
257, 510, 30, 92
256, 510, 30, 94
256, 509, 30, 94
257, 511, 29, 90
256, 511, 30, 92
256, 510, 30, 94
256, 510, 30, 92
256, 510, 30, 94
256, 511, 30, 92
256, 510, 31, 96
256, 510, 30, 94
256, 510, 30, 94
256, 511, 30, 94
256, 512, 30, 92
0.0, 0.0, 0.0, 0.0
258, 526, 32, 70
258, 526, 32, 70
258, 526, 32, 70
258, 526, 32, 70
258, 526, 32, 70
258, 526, 32, 70
259, 526, 32, 70
259, 526, 32, 70
259, 527, 32, 70
259, 527, 32, 70
259, 527, 32, 70
259, 527, 32, 70
259, 527, 32, 70
260, 527, 32, 70
260, 527, 32, 70
260, 527, 32, 70
261, 526, 32, 70
261, 526, 32, 70
261, 526, 32, 70
261, 526, 32, 70
261, 526, 32, 70
261, 526, 32, 70
262, 526, 32, 70
262, 526, 32, 70
262, 526, 32, 70
262, 527, 32, 70
262, 527, 32, 70
261, 527, 32, 70
261, 527, 32, 70
261, 528, 32, 70
261, 528, 32, 70
261, 528, 32, 70
261, 528, 32, 70
0.0, 0.0, 0.0, 0.0
262, 517, 29, 90
261, 517, 29, 90
262, 519, 28, 87
261, 521, 27, 85
261, 519, 28, 88
261, 520, 28, 88
262, 520, 28, 88
263, 519, 29, 90
264, 520, 28, 88
264, 521, 28, 87
264, 521, 27, 85
263, 521, 28, 87
264, 523, 26, 82
264, 524, 26, 80
264, 523, 26, 82
265, 525, 25, 78
264, 523, 27, 83
264, 523, 27, 83
265, 524, 26, 82
264, 523, 27, 85
264, 523, 27, 85
265, 523, 28, 87
264, 523, 28, 88
264, 522, 29, 90
265, 523, 28, 88
265, 523, 28, 87
265, 524, 28, 87
266, 525, 27, 83
265, 525, 27, 85
265, 527, 26, 80
264, 526, 26, 82
265, 528, 25, 78
265, 527, 26, 80
265, 528, 25, 77
265, 530, 24, 74
265, 530, 24, 74
265, 529, 24, 75
264, 530, 23, 72
264, 530, 24, 74
264, 530, 24, 74
263, 529, 25, 77
264, 530, 24, 74
264, 529, 24, 75
263, 530, 24, 74
263, 529, 24, 75
262, 528, 24, 75
261, 529, 24, 74
261, 528, 24, 75
261, 528, 24, 75
261, 528, 24, 74
260, 527, 25, 77
260, 526, 25, 77
259, 526, 25, 77
260, 526, 24, 75
259, 525, 24, 75
258, 525, 24, 75
258, 524, 25, 77
258, 524, 25, 77
258, 524, 24, 75
258, 523, 25, 77
257, 522, 25, 78
258, 522, 25, 77
257, 522, 25, 77
257, 521, 25, 77
257, 520, 25, 78
0.0, 0.0, 0.0, 0.0
256, 528, 32, 70
256, 528, 32, 70
256, 527, 32, 70
256, 527, 32, 70
256, 526, 32, 70
256, 526, 32, 70
255, 525, 32, 70
255, 525, 32, 70
255, 524, 32, 70
255, 524, 32, 70
255, 524, 32, 70
255, 523, 32, 70
255, 523, 32, 70
255, 522, 32, 70
255, 522, 32, 70
254, 521, 32, 70
254, 521, 32, 70
254, 520, 32, 70
254, 519, 32, 70
254, 518, 32, 70
254, 518, 32, 70
254, 517, 32, 70
254, 516, 32, 70
255, 516, 32, 70
255, 515, 32, 70
255, 515, 32, 70
255, 514, 32, 70
255, 514, 32, 70
256, 513, 32, 70
256, 513, 32, 70
256, 512, 32, 70
256, 512, 32, 70
256, 512, 32, 70
256, 511, 32, 70
256, 511, 32, 70
257, 510, 32, 70
257, 510, 32, 70
257, 509, 32, 70
257, 509, 32, 70
257, 509, 32, 70
258, 508, 32, 70
258, 508, 32, 70
258, 508, 32, 70
258, 508, 32, 70
258, 507, 32, 70
258, 507, 32, 70
258, 507, 32, 70
258, 507, 32, 70
258, 506, 32, 70
258, 506, 32, 70
258, 506, 32, 70
258, 506, 32, 70
258, 506, 32, 70
258, 506, 32, 70
258, 506, 32, 70
258, 506, 32, 70
258, 506, 32, 70
258, 506, 32, 70
258, 506, 32, 70
258, 506, 32, 70
258, 506, 32, 70
258, 506, 32, 70
258, 506, 32, 70
258, 506, 32, 70
258, 506, 32, 70
258, 506, 32, 70
258, 506, 32, 70
258, 506, 32, 70
258, 506, 32, 70
258, 506, 32, 70
258, 506, 32, 70
258, 506, 32, 70
258, 506, 32, 70
258, 506, 32, 70
258, 506, 32, 70
258, 506, 32, 70
257, 506, 32, 70
257, 506, 32, 70
257, 506, 32, 70
257, 506, 32, 70
256, 506, 32, 70
256, 506, 32, 70
256, 506, 32, 70
256, 506, 32, 70
256, 506, 32, 70
255, 506, 32, 70
255, 506, 32, 70
255, 506, 32, 70
255, 506, 32, 70
255, 506, 32, 70
255, 506, 32, 70
254, 506, 32, 70
254, 506, 32, 70
254, 506, 32, 70
253, 506, 32, 70
253, 506, 32, 70
253, 506, 32, 70
253, 506, 32, 70
253, 506, 32, 70
0.0, 0.0, 0.0, 0.0
250, 500, 36, 75
250, 500, 36, 75
250, 500, 36, 75
250, 499, 36, 75
250, 498, 36, 75
250, 499, 36, 75
250, 498, 36, 75
250, 498, 36, 75
250, 498, 36, 75
250, 497, 36, 75
250, 496, 36, 75
250, 496, 36, 75
250, 496, 36, 75
250, 496, 36, 75
250, 495, 36, 75
250, 494, 36, 75
250, 494, 36, 75
250, 494, 36, 75
250, 493, 36, 75
250, 492, 36, 75
250, 492, 36, 75
250, 492, 36, 75
250, 491, 36, 75
250, 490, 36, 75
250, 490, 36, 75
250, 490, 36, 75
250, 489, 36, 75
250, 488, 36, 75
250, 489, 36, 75
250, 488, 36, 75
250, 488, 36, 75
250, 488, 36, 75
250, 487, 36, 75
250, 486, 36, 75
250, 486, 36, 75
250, 486, 36, 75
250, 485, 36, 75
250, 484, 36, 75
250, 485, 36, 75
250, 484, 36, 75
250, 485, 36, 75
250, 484, 36, 75
250, 485, 36, 75
250, 484, 36, 75
250, 485, 36, 75
250, 484, 36, 75
250, 485, 36, 75
250, 484, 36, 75
250, 485, 36, 75
250, 484, 36, 75
250, 485, 36, 75
250, 484, 36, 75
250, 485, 36, 75
250, 484, 36, 75
250, 485, 36, 75
250, 484, 36, 75
251, 485, 36, 75
251, 484, 36, 75
251, 485, 36, 75
251, 484, 36, 75
251, 485, 36, 75
251, 484, 36, 75
252, 485, 36, 75
252, 484, 36, 75
252, 484, 36, 75
253, 484, 36, 75
253, 484, 36, 75
253, 484, 36, 75
253, 484, 36, 75
253, 484, 36, 75
253, 484, 36, 75
253, 483, 36, 75
253, 482, 36, 75
253, 483, 36, 75
253, 482, 36, 75
253, 483, 36, 75
253, 482, 36, 75
253, 483, 36, 75
253, 482, 36, 75
252, 483, 36, 75
252, 482, 36, 75
251, 483, 36, 75
251, 482, 36, 75
251, 483, 36, 75
250, 482, 36, 75
249, 482, 36, 75
249, 482, 36, 75
248, 481, 36, 75
247, 480, 36, 75
247, 480, 36, 75
246, 479, 36, 75
245, 478, 36, 75
245, 479, 36, 75
244, 477, 36, 75
244, 477, 36, 75
243, 477, 36, 75
243, 477, 36, 75
243, 476, 36, 75
243, 477, 36, 75
0.0, 0.0, 0.0, 0.0
249, 482, 34, 76
249, 482, 34, 76
249, 482, 34, 76
248, 482, 34, 76
248, 482, 34, 76
248, 482, 34, 76
248, 482, 34, 76
248, 481, 34, 76
248, 481, 34, 76
248, 481, 34, 76
248, 481, 34, 76
248, 481, 34, 76
248, 480, 34, 76
248, 480, 34, 76
248, 481, 34, 76
248, 481, 34, 76
248, 481, 34, 76
248, 481, 34, 76
248, 481, 34, 76
248, 481, 34, 76
248, 481, 34, 76
248, 481, 34, 76
248, 481, 34, 76
248, 481, 34, 76
248, 481, 34, 76
248, 481, 34, 76
248, 481, 34, 76
248, 481, 34, 76
248, 481, 34, 76
249, 481, 34, 76
249, 481, 34, 76
250, 481, 34, 76
250, 481, 34, 76
251, 482, 34, 76
251, 482, 34, 76
251, 482, 34, 76
251, 483, 34, 76
251, 483, 34, 76
251, 483, 34, 76
251, 484, 34, 76
250, 484, 34, 76
250, 485, 34, 76
250, 485, 34, 76
250, 486, 34, 76
249, 486, 34, 76
249, 487, 34, 76
249, 487, 34, 76
248, 488, 34, 76
248, 488, 34, 76
248, 488, 34, 76
247, 489, 34, 76
247, 489, 34, 76
247, 490, 34, 76
247, 490, 34, 76
247, 491, 34, 76
246, 491, 34, 76
246, 492, 34, 76
246, 492, 34, 76
246, 493, 34, 76
246, 493, 34, 76
246, 494, 34, 76
247, 494, 34, 76
247, 495, 34, 76
248, 495, 34, 76
248, 496, 34, 76
249, 496, 34, 76
249, 496, 34, 76
250, 497, 34, 76
250, 497, 34, 76
251, 497, 34, 76
251, 498, 34, 76
251, 498, 34, 76
252, 499, 34, 76
252, 499, 34, 76
253, 499, 34, 76
253, 500, 34, 76
254, 501, 34, 76
254, 501, 34, 76
254, 501, 34, 76
255, 502, 34, 76
255, 502, 34, 76
255, 503, 34, 76
256, 503, 34, 76
256, 504, 34, 76
256, 504, 34, 76
256, 505, 34, 76
256, 505, 34, 76
257, 506, 34, 76
257, 506, 34, 76
257, 507, 34, 76
258, 507, 34, 76
258, 508, 34, 76
258, 508, 34, 76
258, 509, 34, 76
259, 510, 34, 76
259, 510, 34, 76
259, 511, 34, 76
259, 511, 34, 76
259, 512, 34, 76
0.0, 0.0, 0.0, 0.0
250, 504, 37, 75
250, 505, 37, 75
250, 504, 37, 75
250, 506, 37, 75
250, 506, 37, 75
250, 507, 37, 75
251, 507, 37, 75
252, 507, 37, 75
251, 508, 37, 75
252, 509, 37, 75
251, 509, 37, 75
252, 510, 37, 75
251, 511, 37, 75
252, 510, 37, 75
251, 511, 37, 75
252, 511, 37, 75
251, 511, 37, 75
252, 511, 37, 75
251, 511, 37, 75
252, 511, 37, 75
251, 511, 37, 75
252, 511, 37, 75
251, 512, 37, 75
252, 513, 37, 75
251, 512, 37, 75
252, 513, 37, 75
251, 512, 37, 75
252, 513, 37, 75
251, 512, 37, 75
252, 513, 37, 75
251, 512, 37, 75
252, 513, 37, 75
251, 513, 37, 75
252, 513, 37, 75
251, 513, 37, 75
252, 513, 37, 75
251, 513, 37, 75
252, 513, 37, 75
251, 513, 37, 75
252, 513, 37, 75
251, 514, 37, 75
251, 515, 37, 75
251, 514, 37, 75
251, 515, 37, 75
251, 514, 37, 75
251, 515, 37, 75
251, 514, 37, 75
251, 515, 37, 75
251, 514, 37, 75
251, 515, 37, 75
251, 514, 37, 75
251, 515, 37, 75
251, 514, 37, 75
251, 515, 37, 75
251, 514, 37, 75
251, 515, 37, 75
251, 514, 37, 75
251, 515, 37, 75
251, 514, 37, 75
251, 515, 37, 75
251, 514, 37, 75
251, 515, 37, 75
251, 514, 37, 75
252, 515, 37, 75
251, 514, 37, 75
252, 514, 37, 75
251, 514, 37, 75
252, 514, 37, 75
251, 514, 37, 75
252, 514, 37, 75
252, 514, 37, 75
252, 515, 37, 75
252, 514, 37, 75
252, 515, 37, 75
252, 514, 37, 75
252, 515, 37, 75
252, 514, 37, 75
252, 515, 37, 75
252, 514, 37, 75
252, 515, 37, 75
252, 514, 37, 75
252, 515, 37, 75
252, 514, 37, 75
252, 515, 37, 75
252, 514, 37, 75
252, 515, 37, 75
252, 514, 37, 75
252, 515, 37, 75
252, 514, 37, 75
252, 515, 37, 75
252, 514, 37, 75
253, 514, 37, 75
254, 514, 37, 75
253, 514, 37, 75
254, 514, 37, 75
254, 514, 37, 75
254, 514, 37, 75
254, 514, 37, 75
254, 513, 37, 75
0.0, 0.0, 0.0, 0.0
259, 515, 30, 82
259, 515, 30, 82
259, 515, 30, 82
259, 515, 30, 82
259, 515, 30, 82
259, 515, 30, 82
259, 515, 30, 82
259, 515, 30, 82
259, 515, 30, 82
259, 515, 30, 82
259, 515, 30, 82
259, 515, 30, 82
260, 515, 30, 82
260, 515, 30, 82
260, 515, 30, 82
260, 515, 30, 82
260, 515, 30, 82
260, 515, 30, 82
260, 515, 30, 82
260, 515, 30, 82
260, 516, 30, 82
260, 516, 30, 82
260, 516, 30, 82
261, 516, 30, 82
261, 516, 30, 82
261, 516, 30, 82
262, 517, 30, 82
262, 517, 30, 82
262, 517, 30, 82
263, 517, 30, 82
263, 517, 30, 82
263, 517, 30, 82
263, 518, 30, 82
264, 518, 30, 82
264, 518, 30, 82
264, 518, 30, 82
264, 518, 30, 82
264, 518, 30, 82
264, 519, 30, 82
264, 519, 30, 82
264, 519, 30, 82
264, 519, 30, 82
264, 519, 30, 82
264, 519, 30, 82
264, 519, 30, 82
264, 519, 30, 82
264, 518, 30, 82
264, 518, 30, 82
264, 518, 30, 82
263, 518, 30, 82
263, 518, 30, 82
263, 518, 30, 82
263, 518, 30, 82
262, 517, 30, 82
262, 517, 30, 82
262, 517, 30, 82
262, 517, 30, 82
262, 517, 30, 82
261, 517, 30, 82
261, 517, 30, 82
261, 517, 30, 82
261, 517, 30, 82
261, 517, 30, 82
261, 517, 30, 82
261, 517, 30, 82
262, 517, 30, 82
262, 517, 30, 82
262, 517, 30, 82
262, 517, 30, 82
262, 517, 30, 82
262, 517, 30, 82
263, 516, 30, 82
263, 516, 30, 82
264, 516, 30, 82
264, 516, 30, 82
264, 516, 30, 82
265, 516, 30, 82
265, 516, 30, 82
266, 516, 30, 82
266, 516, 30, 82
267, 516, 30, 82
268, 516, 30, 82
268, 516, 30, 82
269, 516, 30, 82
269, 516, 30, 82
270, 516, 30, 82
270, 516, 30, 82
271, 516, 30, 82
271, 516, 30, 82
271, 516, 30, 82
271, 516, 30, 82
271, 516, 30, 82
272, 516, 30, 82
272, 516, 30, 82
272, 516, 30, 82
272, 516, 30, 82
272, 516, 30, 82
272, 516, 30, 82
272, 516, 30, 82
0.0, 0.0, 0.0, 0.0
271, 513, 31, 84
271, 513, 31, 84
271, 513, 31, 84
271, 513, 31, 84
271, 513, 31, 84
270, 513, 31, 84
271, 513, 31, 84
270, 513, 31, 84
271, 513, 31, 84
270, 513, 31, 84
271, 513, 31, 84
270, 513, 31, 84
270, 513, 31, 84
270, 513, 31, 84
270, 513, 31, 84
270, 513, 31, 84
270, 513, 31, 84
270, 513, 31, 84
270, 513, 31, 84
270, 513, 31, 84
270, 513, 31, 84
270, 513, 31, 84
270, 513, 31, 84
270, 512, 31, 84
270, 512, 31, 84
270, 512, 31, 84
270, 512, 31, 84
270, 512, 31, 84
270, 512, 31, 84
270, 512, 31, 84
270, 513, 31, 84
270, 513, 31, 84
270, 513, 31, 84
270, 513, 31, 84
270, 513, 31, 84
270, 513, 31, 84
270, 513, 31, 84
270, 513, 31, 84
270, 513, 31, 84
270, 514, 31, 84
270, 514, 31, 84
270, 514, 31, 84
270, 514, 31, 84
270, 514, 31, 84
270, 514, 31, 84
270, 515, 31, 84
271, 515, 31, 84
270, 515, 31, 84
271, 516, 31, 84
271, 516, 31, 84
271, 516, 31, 84
272, 517, 31, 84
273, 517, 31, 84
273, 518, 31, 84
273, 518, 31, 84
273, 519, 31, 84
274, 519, 31, 84
275, 519, 31, 84
275, 519, 31, 84
275, 520, 31, 84
275, 520, 31, 84
275, 520, 31, 84
276, 520, 31, 84
277, 520, 31, 84
276, 520, 31, 84
277, 521, 31, 84
276, 521, 31, 84
277, 521, 31, 84
276, 521, 31, 84
277, 521, 31, 84
277, 521, 31, 84
277, 521, 31, 84
277, 521, 31, 84
277, 521, 31, 84
277, 521, 31, 84
277, 521, 31, 84
277, 521, 31, 84
277, 521, 31, 84
277, 520, 31, 84
277, 520, 31, 84
277, 520, 31, 84
277, 520, 31, 84
277, 520, 31, 84
277, 520, 31, 84
277, 520, 31, 84
277, 520, 31, 84
277, 520, 31, 84
278, 520, 31, 84
279, 520, 31, 84
278, 520, 31, 84
279, 520, 31, 84
278, 520, 31, 84
279, 520, 31, 84
278, 519, 31, 84
279, 519, 31, 84
279, 519, 31, 84
279, 519, 31, 84
279, 519, 31, 84
279, 518, 31, 84
0.0, 0.0, 0.0, 0.0
278, 518, 27, 82
278, 518, 27, 82
278, 517, 27, 82
278, 517, 27, 82
278, 516, 27, 82
278, 516, 27, 82
277, 515, 27, 82
276, 515, 27, 82
277, 515, 27, 82
276, 514, 27, 82
276, 514, 27, 82
276, 513, 27, 82
276, 513, 27, 82
276, 512, 27, 82
276, 512, 27, 82
275, 512, 27, 82
274, 511, 27, 82
274, 511, 27, 82
274, 511, 27, 82
274, 510, 27, 82
274, 510, 27, 82
273, 510, 27, 82
272, 509, 27, 82
273, 509, 27, 82
272, 509, 27, 82
272, 508, 27, 82
272, 508, 27, 82
272, 508, 27, 82
272, 508, 27, 82
271, 508, 27, 82
270, 507, 27, 82
271, 507, 27, 82
270, 507, 27, 82
270, 507, 27, 82
270, 507, 27, 82
270, 506, 27, 82
270, 506, 27, 82
270, 506, 27, 82
270, 505, 27, 82
270, 505, 27, 82
270, 505, 27, 82
270, 504, 27, 82
269, 504, 27, 82
269, 504, 27, 82
269, 504, 27, 82
269, 504, 27, 82
269, 504, 27, 82
269, 504, 27, 82
269, 504, 27, 82
269, 504, 27, 82
269, 503, 27, 82
269, 503, 27, 82
269, 503, 27, 82
269, 503, 27, 82
269, 503, 27, 82
269, 503, 27, 82
269, 503, 27, 82
269, 503, 27, 82
269, 503, 27, 82
269, 502, 27, 82
269, 502, 27, 82
269, 502, 27, 82
269, 502, 27, 82
268, 502, 27, 82
269, 502, 27, 82
268, 502, 27, 82
269, 502, 27, 82
268, 502, 27, 82
268, 502, 27, 82
268, 502, 27, 82
268, 502, 27, 82
268, 502, 27, 82
268, 502, 27, 82
268, 503, 27, 82
268, 503, 27, 82
268, 503, 27, 82
268, 503, 27, 82
268, 503, 27, 82
268, 503, 27, 82
268, 503, 27, 82
268, 503, 27, 82
268, 503, 27, 82
268, 504, 27, 82
268, 504, 27, 82
268, 504, 27, 82
268, 504, 27, 82
268, 504, 27, 82
268, 504, 27, 82
268, 504, 27, 82
268, 504, 27, 82
268, 504, 27, 82
268, 505, 27, 82
268, 505, 27, 82
268, 505, 27, 82
268, 505, 27, 82
268, 505, 27, 82
268, 505, 27, 82
268, 506, 27, 82
268, 506, 27, 82
0.0, 0.0, 0.0, 0.0
271, 512, 34, 74
271, 512, 34, 74
271, 512, 34, 74
271, 513, 34, 74
271, 513, 34, 74
272, 513, 34, 74
272, 513, 34, 74
272, 513, 34, 74
273, 513, 34, 74
273, 513, 34, 74
273, 513, 34, 74
273, 514, 34, 74
273, 514, 34, 74
273, 514, 34, 74
273, 514, 34, 74
274, 514, 34, 74
274, 515, 34, 74
274, 515, 34, 74
274, 515, 34, 74
274, 515, 34, 74
274, 515, 34, 74
274, 515, 34, 74
274, 515, 34, 74
274, 515, 34, 74
274, 515, 34, 74
274, 515, 34, 74
274, 515, 34, 74
274, 515, 34, 74
274, 515, 34, 74
274, 515, 34, 74
274, 515, 34, 74
274, 515, 34, 74
274, 515, 34, 74
274, 515, 34, 74
274, 515, 34, 74
274, 515, 34, 74
274, 515, 34, 74
275, 516, 34, 74
275, 516, 34, 74
275, 516, 34, 74
275, 516, 34, 74
275, 516, 34, 74
275, 517, 34, 74
275, 517, 34, 74
275, 517, 34, 74
276, 517, 34, 74
276, 517, 34, 74
276, 517, 34, 74
276, 517, 34, 74
276, 518, 34, 74
276, 518, 34, 74
276, 518, 34, 74
276, 518, 34, 74
276, 518, 34, 74
276, 518, 34, 74
276, 518, 34, 74
277, 519, 34, 74
277, 519, 34, 74
277, 519, 34, 74
277, 519, 34, 74
277, 520, 34, 74
277, 520, 34, 74
277, 520, 34, 74
277, 520, 34, 74
277, 521, 34, 74
277, 521, 34, 74
277, 521, 34, 74
277, 521, 34, 74
277, 522, 34, 74
277, 522, 34, 74
277, 522, 34, 74
277, 522, 34, 74
277, 523, 34, 74
277, 523, 34, 74
276, 523, 34, 74
276, 523, 34, 74
276, 523, 34, 74
276, 523, 34, 74
276, 523, 34, 74
276, 523, 34, 74
276, 523, 34, 74
276, 523, 34, 74
276, 523, 34, 74
275, 523, 34, 74
275, 523, 34, 74
275, 523, 34, 74
275, 523, 34, 74
275, 523, 34, 74
275, 523, 34, 74
275, 523, 34, 74
275, 524, 34, 74
275, 524, 34, 74
275, 524, 34, 74
275, 524, 34, 74
275, 524, 34, 74
275, 524, 34, 74
275, 523, 34, 74
275, 523, 34, 74
275, 523, 34, 74
0.0, 0.0, 0.0, 0.0
272, 519, 34, 74
272, 519, 34, 74
272, 519, 34, 74
272, 519, 34, 74
272, 519, 34, 74
271, 519, 34, 74
271, 519, 34, 74
271, 519, 34, 74
271, 519, 34, 74
271, 519, 34, 74
271, 519, 34, 74
270, 519, 34, 74
270, 519, 34, 74
270, 518, 34, 74
270, 518, 34, 74
270, 518, 34, 74
270, 517, 34, 74
270, 517, 34, 74
269, 517, 34, 74
269, 517, 34, 74
269, 517, 34, 74
269, 517, 34, 74
269, 517, 34, 74
269, 517, 34, 74
269, 517, 34, 74
269, 517, 34, 74
269, 517, 34, 74
269, 517, 34, 74
269, 517, 34, 74
269, 517, 34, 74
269, 517, 34, 74
269, 517, 34, 74
269, 517, 34, 74
269, 517, 34, 74
269, 517, 34, 74
269, 517, 34, 74
269, 517, 34, 74
269, 518, 34, 74
269, 518, 34, 74
269, 518, 34, 74
269, 518, 34, 74
269, 518, 34, 74
269, 519, 34, 74
269, 519, 34, 74
269, 519, 34, 74
269, 519, 34, 74
269, 519, 34, 74
269, 519, 34, 74
269, 519, 34, 74
269, 519, 34, 74
269, 520, 34, 74
269, 520, 34, 74
269, 520, 34, 74
269, 520, 34, 74
269, 520, 34, 74
269, 520, 34, 74
269, 521, 34, 74
269, 521, 34, 74
269, 522, 34, 74
269, 522, 34, 74
269, 523, 34, 74
269, 523, 34, 74
269, 524, 34, 74
269, 524, 34, 74
269, 525, 34, 74
269, 525, 34, 74
269, 525, 34, 74
269, 525, 34, 74
270, 526, 34, 74
270, 526, 34, 74
270, 526, 34, 74
270, 526, 34, 74
270, 526, 34, 74
270, 526, 34, 74
270, 526, 34, 74
270, 526, 34, 74
270, 527, 34, 74
270, 527, 34, 74
271, 527, 34, 74
271, 527, 34, 74
271, 527, 34, 74
271, 527, 34, 74
272, 527, 34, 74
272, 527, 34, 74
272, 528, 34, 74
272, 528, 34, 74
272, 528, 34, 74
272, 528, 34, 74
272, 528, 34, 74
272, 528, 34, 74
272, 528, 34, 74
272, 529, 34, 74
272, 529, 34, 74
272, 529, 34, 74
272, 529, 34, 74
272, 529, 34, 74
272, 529, 34, 74
272, 529, 34, 74
272, 529, 34, 74
0.0, 0.0, 0.0, 0.0
272, 528, 34, 74
272, 528, 34, 74
272, 528, 34, 74
272, 528, 34, 74
272, 528, 34, 74
272, 528, 34, 74
272, 528, 34, 74
272, 528, 34, 74
272, 528, 34, 74
271, 528, 34, 74
271, 528, 34, 74
271, 528, 34, 74
271, 528, 34, 74
271, 528, 34, 74
271, 528, 34, 74
270, 528, 34, 74
270, 528, 34, 74
270, 528, 34, 74
270, 528, 34, 74
270, 528, 34, 74
270, 528, 34, 74
269, 528, 34, 74
269, 528, 34, 74
269, 528, 34, 74
269, 529, 34, 74
269, 529, 34, 74
269, 529, 34, 74
268, 529, 34, 74
268, 529, 34, 74
268, 529, 34, 74
267, 529, 34, 74
267, 529, 34, 74
267, 530, 34, 74
267, 530, 34, 74
267, 530, 34, 74
267, 530, 34, 74
267, 530, 34, 74
267, 530, 34, 74
267, 530, 34, 74
267, 530, 34, 74
267, 531, 34, 74
267, 531, 34, 74
267, 531, 34, 74
267, 531, 34, 74
267, 532, 34, 74
267, 532, 34, 74
267, 533, 34, 74
267, 533, 34, 74
267, 533, 34, 74
267, 533, 34, 74
267, 533, 34, 74
267, 533, 34, 74
267, 533, 34, 74
267, 533, 34, 74
267, 533, 34, 74
267, 533, 34, 74
267, 533, 34, 74
267, 533, 34, 74
267, 533, 34, 74
267, 533, 34, 74
267, 533, 34, 74
267, 533, 34, 74
267, 533, 34, 74
267, 533, 34, 74
268, 533, 34, 74
268, 533, 34, 74
268, 533, 34, 74
269, 533, 34, 74
269, 533, 34, 74
269, 533, 34, 74
269, 533, 34, 74
269, 532, 34, 74
269, 532, 34, 74
270, 532, 34, 74
270, 533, 34, 74
270, 533, 34, 74
270, 533, 34, 74
271, 533, 34, 74
271, 533, 34, 74
271, 533, 34, 74
272, 533, 34, 74
272, 533, 34, 74
272, 533, 34, 74
272, 533, 34, 74
272, 532, 34, 74
272, 532, 34, 74
272, 532, 34, 74
272, 532, 34, 74
272, 532, 34, 74
272, 533, 34, 74
272, 533, 34, 74
272, 533, 34, 74
272, 533, 34, 74
272, 532, 34, 74
272, 532, 34, 74
272, 532, 34, 74
272, 531, 34, 74
272, 531, 34, 74
272, 531, 34, 74
0.0, 0.0, 0.0, 0.0
272, 532, 33, 80
272, 532, 33, 80
272, 532, 33, 80
272, 531, 33, 80
272, 531, 33, 80
272, 531, 33, 80
272, 531, 33, 80
272, 531, 33, 80
272, 530, 33, 80
272, 530, 33, 80
272, 530, 33, 80
272, 530, 33, 80
272, 530, 33, 80
272, 529, 33, 80
271, 529, 33, 80
272, 529, 33, 80
271, 529, 33, 80
271, 529, 33, 80
271, 529, 33, 80
271, 529, 33, 80
270, 528, 33, 80
269, 528, 33, 80
269, 528, 33, 80
269, 527, 33, 80
269, 527, 33, 80
269, 527, 33, 80
268, 526, 33, 80
267, 526, 33, 80
267, 526, 33, 80
267, 525, 33, 80
267, 525, 33, 80
266, 525, 33, 80
265, 525, 33, 80
266, 524, 33, 80
265, 524, 33, 80
265, 524, 33, 80
265, 524, 33, 80
264, 524, 33, 80
263, 524, 33, 80
263, 523, 33, 80
263, 523, 33, 80
263, 523, 33, 80
262, 523, 33, 80
261, 523, 33, 80
261, 522, 33, 80
261, 522, 33, 80
261, 522, 33, 80
261, 522, 33, 80
260, 521, 33, 80
259, 521, 33, 80
259, 521, 33, 80
259, 521, 33, 80
259, 520, 33, 80
259, 520, 33, 80
259, 520, 33, 80
258, 520, 33, 80
257, 520, 33, 80
258, 520, 33, 80
257, 520, 33, 80
257, 520, 33, 80
257, 520, 33, 80
257, 519, 33, 80
257, 519, 33, 80
256, 519, 33, 80
255, 519, 33, 80
256, 519, 33, 80
255, 519, 33, 80
255, 518, 33, 80
255, 518, 33, 80
255, 518, 33, 80
255, 518, 33, 80
254, 518, 33, 80
253, 518, 33, 80
254, 517, 33, 80
253, 517, 33, 80
253, 517, 33, 80
253, 517, 33, 80
253, 517, 33, 80
252, 516, 33, 80
251, 516, 33, 80
252, 516, 33, 80
251, 516, 33, 80
251, 516, 33, 80
251, 516, 33, 80
251, 516, 33, 80
251, 516, 33, 80
251, 516, 33, 80
251, 515, 33, 80
251, 515, 33, 80
251, 515, 33, 80
251, 515, 33, 80
251, 515, 33, 80
250, 514, 33, 80
249, 514, 33, 80
250, 514, 33, 80
249, 514, 33, 80
250, 513, 33, 80
249, 513, 33, 80
249, 513, 33, 80
0.0, 0.0, 0.0, 0.0
250, 515, 33, 82
250, 515, 33, 82
250, 515, 33, 82
250, 514, 33, 82
249, 514, 33, 82
250, 514, 33, 82
249, 514, 33, 82
250, 513, 33, 82
249, 513, 33, 82
249, 513, 33, 82
249, 513, 33, 82
249, 513, 33, 82
249, 512, 33, 82
249, 512, 33, 82
249, 512, 33, 82
249, 511, 33, 82
249, 511, 33, 82
249, 511, 33, 82
249, 510, 33, 82
249, 510, 33, 82
249, 510, 33, 82
249, 510, 33, 82
249, 510, 33, 82
249, 510, 33, 82
249, 510, 33, 82
249, 510, 33, 82
