777.0, 374.0, 190.0, 320.0
777.0, 364.0, 190.0, 320.0
775.0, 352.0, 190.0, 320.0
773.0, 340.0, 190.0, 320.0
773.0, 324.0, 190.0, 320.0
771.0, 310.0, 190.0, 320.0
769.0, 296.0, 190.0, 320.0
767.0, 284.0, 190.0, 320.0
765.0, 274.0, 190.0, 320.0
761.0, 266.0, 190.0, 320.0
757.0, 260.0, 190.0, 320.0
753.0, 256.0, 190.0, 320.0
749.0, 250.0, 190.0, 320.0
745.0, 244.0, 190.0, 320.0
743.0, 236.0, 190.0, 320.0
741.0, 228.0, 190.0, 320.0
741.0, 220.0, 190.0, 320.0
739.0, 210.0, 190.0, 320.0
739.0, 202.0, 190.0, 320.0
737.0, 196.0, 190.0, 320.0
735.0, 190.0, 190.0, 320.0
733.0, 184.0, 190.0, 320.0
733.0, 178.0, 190.0, 320.0
731.0, 172.0, 190.0, 320.0
729.0, 166.0, 190.0, 320.0
729.0, 160.0, 190.0, 320.0
729.0, 152.0, 190.0, 320.0
729.0, 146.0, 190.0, 320.0
729.0, 138.0, 190.0, 320.0
729.0, 132.0, 190.0, 320.0
727.0, 126.0, 190.0, 320.0
727.0, 120.0, 190.0, 320.0
725.0, 116.0, 190.0, 320.0
725.0, 112.0, 190.0, 320.0
725.0, 110.0, 190.0, 320.0
723.0, 106.0, 190.0, 320.0
721.0, 104.0, 190.0, 320.0
719.0, 102.0, 190.0, 320.0
715.0, 100.0, 190.0, 320.0
713.0, 96.0, 190.0, 320.0
711.0, 94.0, 190.0, 320.0
709.0, 90.0, 190.0, 320.0
705.0, 86.0, 190.0, 320.0
703.0, 82.0, 190.0, 320.0
701.0, 78.0, 190.0, 320.0
699.0, 72.0, 190.0, 320.0
697.0, 68.0, 190.0, 320.0
695.0, 64.0, 190.0, 320.0
693.0, 62.0, 190.0, 320.0
691.0, 62.0, 190.0, 320.0
689.0, 60.0, 190.0, 320.0
687.0, 60.0, 190.0, 320.0
685.0, 60.0, 190.0, 320.0
683.0, 60.0, 190.0, 320.0
681.0, 60.0, 190.0, 320.0
679.0, 58.0, 190.0, 320.0
677.0, 56.0, 190.0, 320.0
675.0, 56.0, 190.0, 320.0
675.0, 54.0, 190.0, 320.0
673.0, 52.0, 190.0, 320.0
673.0, 50.0, 190.0, 320.0
673.0, 48.0, 190.0, 320.0
671.0, 46.0, 190.0, 320.0
671.0, 44.0, 190.0, 320.0
669.0, 44.0, 190.0, 320.0
669.0, 44.0, 190.0, 320.0
667.0, 46.0, 190.0, 320.0
665.0, 46.0, 190.0, 320.0
665.0, 46.0, 190.0, 320.0
663.0, 46.0, 190.0, 320.0
663.0, 46.0, 190.0, 320.0
661.0, 48.0, 190.0, 320.0
661.0, 48.0, 190.0, 320.0
659.0, 50.0, 190.0, 320.0
659.0, 50.0, 190.0, 320.0
657.0, 50.0, 190.0, 320.0
657.0, 48.0, 190.0, 320.0
657.0, 46.0, 190.0, 320.0
657.0, 46.0, 190.0, 320.0
655.0, 46.0, 190.0, 320.0
655.0, 46.0, 190.0, 320.0
653.0, 46.0, 190.0, 320.0
651.0, 48.0, 190.0, 320.0
649.0, 52.0, 190.0, 320.0
649.0, 54.0, 190.0, 320.0
647.0, 54.0, 190.0, 320.0
643.0, 56.0, 190.0, 320.0
641.0, 56.0, 190.0, 320.0
639.0, 58.0, 190.0, 320.0
635.0, 60.0, 190.0, 320.0
633.0, 60.0, 190.0, 320.0
629.0, 62.0, 190.0, 320.0
627.0, 62.0, 190.0, 320.0
625.0, 60.0, 190.0, 320.0
623.0, 60.0, 190.0, 320.0
621.0, 60.0, 190.0, 320.0
619.0, 60.0, 190.0, 320.0
617.0, 60.0, 190.0, 320.0
617.0, 62.0, 190.0, 320.0
615.0, 64.0, 190.0, 320.0
613.0, 66.0, 190.0, 320.0
613.0, 68.0, 190.0, 320.0
611.0, 72.0, 190.0, 320.0
611.0, 74.0, 190.0, 320.0
609.0, 76.0, 190.0, 320.0
609.0, 78.0, 190.0, 320.0
607.0, 78.0, 190.0, 320.0
605.0, 80.0, 190.0, 320.0
605.0, 82.0, 190.0, 320.0
603.0, 84.0, 190.0, 320.0
603.0, 84.0, 190.0, 320.0
601.0, 84.0, 190.0, 320.0
599.0, 84.0, 190.0, 320.0
599.0, 84.0, 190.0, 320.0
597.0, 86.0, 190.0, 320.0
595.0, 88.0, 190.0, 320.0
593.0, 90.0, 190.0, 320.0
591.0, 92.0, 190.0, 320.0
589.0, 96.0, 190.0, 320.0
587.0, 98.0, 190.0, 320.0
585.0, 100.0, 190.0, 320.0
583.0, 100.0, 190.0, 320.0
581.0, 102.0, 190.0, 320.0
577.0, 104.0, 190.0, 320.0
575.0, 106.0, 190.0, 320.0
571.0, 108.0, 190.0, 320.0
569.0, 108.0, 190.0, 320.0
565.0, 108.0, 190.0, 320.0
563.0, 108.0, 190.0, 320.0
561.0, 108.0, 190.0, 320.0
561.0, 110.0, 190.0, 320.0
559.0, 110.0, 190.0, 320.0
559.0, 112.0, 190.0, 320.0
557.0, 114.0, 190.0, 320.0
557.0, 116.0, 190.0, 320.0
555.0, 120.0, 190.0, 320.0
555.0, 122.0, 190.0, 320.0
553.0, 124.0, 190.0, 320.0
553.0, 126.0, 190.0, 320.0
553.0, 128.0, 190.0, 320.0
553.0, 128.0, 190.0, 320.0
553.0, 130.0, 190.0, 320.0
551.0, 132.0, 190.0, 320.0
551.0, 134.0, 190.0, 320.0
551.0, 136.0, 190.0, 320.0
551.0, 136.0, 190.0, 320.0
549.0, 136.0, 190.0, 320.0
549.0, 136.0, 190.0, 320.0
547.0, 136.0, 190.0, 320.0
547.0, 136.0, 190.0, 320.0
545.0, 136.0, 190.0, 320.0
543.0, 138.0, 190.0, 320.0
541.0, 142.0, 190.0, 320.0
541.0, 144.0, 190.0, 320.0
539.0, 146.0, 190.0, 320.0
537.0, 148.0, 190.0, 320.0
535.0, 150.0, 190.0, 320.0
533.0, 150.0, 190.0, 320.0
531.0, 152.0, 190.0, 320.0
529.0, 152.0, 190.0, 320.0
527.0, 154.0, 190.0, 320.0
523.0, 154.0, 190.0, 320.0
521.0, 154.0, 190.0, 320.0
519.0, 154.0, 190.0, 320.0
517.0, 154.0, 190.0, 320.0
517.0, 154.0, 190.0, 320.0
515.0, 154.0, 190.0, 320.0
515.0, 156.0, 190.0, 320.0
513.0, 158.0, 190.0, 320.0
513.0, 160.0, 190.0, 320.0
511.0, 164.0, 190.0, 320.0
511.0, 166.0, 190.0, 320.0
511.0, 168.0, 190.0, 320.0
511.0, 168.0, 190.0, 320.0
511.0, 170.0, 190.0, 320.0
511.0, 170.0, 190.0, 320.0
511.0, 170.0, 190.0, 320.0
511.0, 172.0, 190.0, 320.0
511.0, 172.0, 190.0, 320.0
511.0, 174.0, 190.0, 320.0
511.0, 174.0, 190.0, 320.0
511.0, 174.0, 190.0, 320.0
511.0, 174.0, 190.0, 320.0
511.0, 174.0, 190.0, 320.0
511.0, 174.0, 190.0, 320.0
511.0, 176.0, 190.0, 320.0
511.0, 178.0, 190.0, 320.0
511.0, 180.0, 190.0, 320.0
511.0, 182.0, 190.0, 320.0
511.0, 184.0, 190.0, 320.0
511.0, 186.0, 190.0, 320.0
511.0, 186.0, 190.0, 320.0
511.0, 188.0, 190.0, 320.0
511.0, 190.0, 190.0, 320.0
511.0, 192.0, 190.0, 320.0
511.0, 194.0, 190.0, 320.0
511.0, 196.0, 190.0, 320.0
511.0, 196.0, 190.0, 320.0
513.0, 198.0, 190.0, 320.0
513.0, 198.0, 190.0, 320.0
515.0, 198.0, 190.0, 320.0
517.0, 200.0, 190.0, 320.0
519.0, 200.0, 190.0, 320.0
523.0, 202.0, 190.0, 320.0
525.0, 204.0, 190.0, 320.0
527.0, 206.0, 190.0, 320.0
531.0, 208.0, 190.0, 320.0
533.0, 210.0, 190.0, 320.0
537.0, 212.0, 190.0, 320.0
541.0, 212.0, 190.0, 320.0
547.0, 214.0, 190.0, 320.0
551.0, 216.0, 190.0, 320.0
557.0, 216.0, 190.0, 320.0
561.0, 218.0, 190.0, 320.0
567.0, 220.0, 190.0, 320.0
573.0, 222.0, 190.0, 320.0
577.0, 224.0, 190.0, 320.0
583.0, 224.0, 190.0, 320.0
587.0, 224.0, 190.0, 320.0
591.0, 224.0, 190.0, 320.0
595.0, 224.0, 190.0, 320.0
599.0, 224.0, 190.0, 320.0
603.0, 226.0, 190.0, 320.0
607.0, 226.0, 190.0, 320.0
609.0, 228.0, 190.0, 320.0
613.0, 230.0, 190.0, 320.0
617.0, 232.0, 190.0, 320.0
621.0, 234.0, 190.0, 320.0
625.0, 236.0, 190.0, 320.0
627.0, 238.0, 190.0, 320.0
631.0, 238.0, 190.0, 320.0
635.0, 238.0, 190.0, 320.0
639.0, 240.0, 190.0, 320.0
641.0, 240.0, 190.0, 320.0
645.0, 240.0, 190.0, 320.0
647.0, 240.0, 190.0, 320.0
651.0, 240.0, 190.0, 320.0
655.0, 242.0, 190.0, 320.0
659.0, 242.0, 190.0, 320.0
661.0, 242.0, 190.0, 320.0
665.0, 242.0, 190.0, 320.0
667.0, 244.0, 190.0, 320.0
671.0, 246.0, 190.0, 320.0
675.0, 248.0, 190.0, 320.0
677.0, 250.0, 190.0, 320.0
681.0, 252.0, 190.0, 320.0
685.0, 256.0, 190.0, 320.0
689.0, 258.0, 190.0, 320.0
693.0, 260.0, 190.0, 320.0
697.0, 260.0, 190.0, 320.0
701.0, 262.0, 190.0, 320.0
707.0, 264.0, 190.0, 320.0
713.0, 266.0, 190.0, 320.0
719.0, 268.0, 190.0, 320.0
723.0, 270.0, 190.0, 320.0
727.0, 272.0, 190.0, 320.0
729.0, 274.0, 190.0, 320.0
733.0, 274.0, 190.0, 320.0
735.0, 276.0, 190.0, 320.0
737.0, 276.0, 190.0, 320.0
737.0, 278.0, 190.0, 320.0
739.0, 280.0, 190.0, 320.0
739.0, 282.0, 190.0, 320.0
739.0, 284.0, 190.0, 320.0
737.0, 286.0, 190.0, 320.0
737.0, 288.0, 190.0, 320.0
737.0, 290.0, 190.0, 320.0
735.0, 292.0, 190.0, 320.0
735.0, 294.0, 190.0, 320.0
733.0, 296.0, 190.0, 320.0
733.0, 298.0, 190.0, 320.0
731.0, 300.0, 190.0, 320.0
731.0, 300.0, 190.0, 320.0
729.0, 302.0, 190.0, 320.0
729.0, 304.0, 190.0, 320.0
727.0, 306.0, 190.0, 320.0
725.0, 308.0, 190.0, 320.0
723.0, 308.0, 190.0, 320.0
723.0, 310.0, 190.0, 320.0
723.0, 310.0, 190.0, 320.0
723.0, 312.0, 190.0, 320.0
723.0, 312.0, 190.0, 320.0
723.0, 312.0, 190.0, 320.0
723.0, 312.0, 190.0, 320.0
723.0, 314.0, 190.0, 320.0
723.0, 316.0, 190.0, 320.0
723.0, 318.0, 190.0, 320.0
721.0, 320.0, 190.0, 320.0
721.0, 320.0, 190.0, 320.0
721.0, 322.0, 190.0, 320.0
721.0, 324.0, 190.0, 320.0
721.0, 324.0, 190.0, 320.0
723.0, 326.0, 190.0, 320.0
723.0, 326.0, 190.0, 320.0
725.0, 326.0, 190.0, 320.0
725.0, 328.0, 190.0, 320.0
727.0, 328.0, 190.0, 320.0
727.0, 328.0, 190.0, 320.0
727.0, 326.0, 190.0, 320.0
729.0, 326.0, 190.0, 320.0
729.0, 326.0, 190.0, 320.0
729.0, 324.0, 190.0, 320.0
731.0, 324.0, 190.0, 320.0
731.0, 324.0, 190.0, 320.0
729.0, 324.0, 190.0, 320.0
729.0, 324.0, 190.0, 320.0
729.0, 322.0, 190.0, 320.0
727.0, 322.0, 190.0, 320.0
725.0, 320.0, 190.0, 320.0
723.0, 318.0, 190.0, 320.0
721.0, 318.0, 190.0, 320.0
719.0, 316.0, 190.0, 320.0
717.0, 314.0, 190.0, 320.0
715.0, 312.0, 190.0, 320.0
711.0, 308.0, 190.0, 320.0
707.0, 306.0, 190.0, 320.0
703.0, 302.0, 190.0, 320.0
699.0, 300.0, 190.0, 320.0
693.0, 296.0, 190.0, 320.0
689.0, 292.0, 190.0, 320.0
685.0, 288.0, 190.0, 320.0
679.0, 282.0, 190.0, 320.0
675.0, 276.0, 190.0, 320.0
671.0, 270.0, 190.0, 320.0
667.0, 266.0, 190.0, 320.0
663.0, 262.0, 190.0, 320.0
659.0, 260.0, 190.0, 320.0
655.0, 256.0, 190.0, 320.0
651.0, 254.0, 190.0, 320.0
647.0, 250.0, 190.0, 320.0
643.0, 246.0, 190.0, 320.0
641.0, 240.0, 190.0, 320.0
637.0, 234.0, 190.0, 320.0
635.0, 228.0, 190.0, 320.0
631.0, 222.0, 190.0, 320.0
629.0, 216.0, 190.0, 320.0
627.0, 208.0, 190.0, 320.0
623.0, 200.0, 190.0, 320.0
621.0, 194.0, 190.0, 320.0
617.0, 186.0, 190.0, 320.0
615.0, 180.0, 190.0, 320.0
611.0, 176.0, 190.0, 320.0
607.0, 174.0, 190.0, 320.0
603.0, 170.0, 190.0, 320.0
601.0, 168.0, 190.0, 320.0
597.0, 168.0, 190.0, 320.0
593.0, 164.0, 190.0, 320.0
589.0, 158.0, 190.0, 320.0
583.0, 152.0, 190.0, 320.0
579.0, 146.0, 190.0, 320.0
573.0, 140.0, 190.0, 320.0
569.0, 134.0, 190.0, 320.0
563.0, 128.0, 190.0, 320.0
557.0, 120.0, 190.0, 320.0
549.0, 114.0, 190.0, 320.0
541.0, 106.0, 190.0, 320.0
535.0, 100.0, 190.0, 320.0
527.0, 96.0, 190.0, 320.0
521.0, 92.0, 190.0, 320.0
515.0, 88.0, 190.0, 320.0
509.0, 86.0, 190.0, 320.0
503.0, 84.0, 190.0, 320.0
497.0, 84.0, 190.0, 320.0
491.0, 84.0, 190.0, 320.0
485.0, 82.0, 190.0, 320.0
479.0, 80.0, 190.0, 320.0
475.0, 78.0, 190.0, 320.0
469.0, 74.0, 190.0, 320.0
463.0, 70.0, 190.0, 320.0
459.0, 66.0, 190.0, 320.0
455.0, 62.0, 190.0, 320.0
451.0, 60.0, 190.0, 320.0
447.0, 60.0, 190.0, 320.0
445.0, 60.0, 190.0, 320.0
441.0, 62.0, 190.0, 320.0
439.0, 64.0, 190.0, 320.0
437.0, 64.0, 190.0, 320.0
435.0, 64.0, 190.0, 320.0
433.0, 62.0, 190.0, 320.0
433.0, 62.0, 190.0, 320.0
431.0, 60.0, 190.0, 320.0
429.0, 60.0, 190.0, 320.0
429.0, 60.0, 190.0, 320.0
427.0, 60.0, 190.0, 320.0
425.0, 62.0, 190.0, 320.0
425.0, 64.0, 190.0, 320.0
423.0, 68.0, 190.0, 320.0
421.0, 70.0, 190.0, 320.0
419.0, 74.0, 190.0, 320.0
417.0, 76.0, 190.0, 320.0
415.0, 76.0, 190.0, 320.0
413.0, 78.0, 190.0, 320.0
411.0, 78.0, 190.0, 320.0
409.0, 80.0, 190.0, 320.0
407.0, 82.0, 190.0, 320.0
407.0, 84.0, 190.0, 320.0
405.0, 86.0, 190.0, 320.0
405.0, 86.0, 190.0, 320.0
405.0, 88.0, 190.0, 320.0
403.0, 92.0, 190.0, 320.0
403.0, 94.0, 190.0, 320.0
403.0, 98.0, 190.0, 320.0
403.0, 102.0, 190.0, 320.0
401.0, 104.0, 190.0, 320.0
401.0, 106.0, 190.0, 320.0
401.0, 106.0, 190.0, 320.0
401.0, 106.0, 190.0, 320.0
401.0, 106.0, 190.0, 320.0
401.0, 108.0, 190.0, 320.0
401.0, 108.0, 190.0, 320.0
401.0, 110.0, 190.0, 320.0
401.0, 110.0, 190.0, 320.0
401.0, 110.0, 190.0, 320.0
399.0, 112.0, 190.0, 320.0
399.0, 112.0, 190.0, 320.0
399.0, 114.0, 190.0, 320.0
397.0, 116.0, 190.0, 320.0
397.0, 118.0, 190.0, 320.0
397.0, 120.0, 190.0, 320.0
395.0, 122.0, 190.0, 320.0
395.0, 124.0, 190.0, 320.0
393.0, 128.0, 190.0, 320.0
393.0, 128.0, 190.0, 320.0
391.0, 130.0, 190.0, 320.0
391.0, 132.0, 190.0, 320.0
391.0, 132.0, 190.0, 320.0
391.0, 134.0, 190.0, 320.0
391.0, 134.0, 190.0, 320.0
391.0, 136.0, 190.0, 320.0
391.0, 140.0, 190.0, 320.0
391.0, 142.0, 190.0, 320.0
393.0, 146.0, 190.0, 320.0
393.0, 148.0, 190.0, 320.0
395.0, 152.0, 190.0, 320.0
395.0, 154.0, 190.0, 320.0
397.0, 156.0, 190.0, 320.0
399.0, 158.0, 190.0, 320.0
401.0, 160.0, 190.0, 320.0
401.0, 162.0, 190.0, 320.0
403.0, 164.0, 190.0, 320.0
405.0, 166.0, 190.0, 320.0
407.0, 168.0, 190.0, 320.0
409.0, 172.0, 190.0, 320.0
411.0, 174.0, 190.0, 320.0
411.0, 176.0, 190.0, 320.0
413.0, 178.0, 190.0, 320.0
413.0, 180.0, 190.0, 320.0
415.0, 182.0, 190.0, 320.0
415.0, 186.0, 190.0, 320.0
417.0, 188.0, 190.0, 320.0
419.0, 192.0, 190.0, 320.0
419.0, 194.0, 190.0, 320.0
421.0, 196.0, 190.0, 320.0
421.0, 196.0, 190.0, 320.0
421.0, 198.0, 190.0, 320.0
423.0, 198.0, 190.0, 320.0
423.0, 198.0, 190.0, 320.0
425.0, 198.0, 190.0, 320.0
425.0, 198.0, 190.0, 320.0
425.0, 198.0, 190.0, 320.0
425.0, 200.0, 190.0, 320.0
427.0, 200.0, 190.0, 320.0
427.0, 202.0, 190.0, 320.0
429.0, 204.0, 190.0, 320.0
429.0, 204.0, 190.0, 320.0
431.0, 208.0, 190.0, 320.0
431.0, 210.0, 190.0, 320.0
433.0, 210.0, 190.0, 320.0
435.0, 212.0, 190.0, 320.0
435.0, 212.0, 190.0, 320.0
437.0, 212.0, 190.0, 320.0
439.0, 212.0, 190.0, 320.0
439.0, 210.0, 190.0, 320.0
441.0, 210.0, 190.0, 320.0
441.0, 208.0, 190.0, 320.0
443.0, 208.0, 190.0, 320.0
443.0, 206.0, 190.0, 320.0
443.0, 206.0, 190.0, 320.0
443.0, 206.0, 190.0, 320.0
443.0, 208.0, 190.0, 320.0
445.0, 208.0, 190.0, 320.0
445.0, 210.0, 190.0, 320.0
445.0, 210.0, 190.0, 320.0
445.0, 212.0, 190.0, 320.0
445.0, 212.0, 190.0, 320.0
443.0, 214.0, 190.0, 320.0
443.0, 214.0, 190.0, 320.0
443.0, 212.0, 190.0, 320.0
443.0, 212.0, 190.0, 320.0
443.0, 212.0, 190.0, 320.0
443.0, 210.0, 190.0, 320.0
443.0, 210.0, 190.0, 320.0
445.0, 210.0, 190.0, 320.0
445.0, 210.0, 190.0, 320.0
447.0, 212.0, 190.0, 320.0
447.0, 212.0, 190.0, 320.0
449.0, 214.0, 190.0, 320.0
451.0, 214.0, 190.0, 320.0
453.0, 216.0, 190.0, 320.0
455.0, 218.0, 190.0, 320.0
459.0, 218.0, 190.0, 320.0
461.0, 218.0, 190.0, 320.0
465.0, 218.0, 190.0, 320.0
467.0, 218.0, 190.0, 320.0
471.0, 218.0, 190.0, 320.0
473.0, 218.0, 190.0, 320.0
477.0, 218.0, 190.0, 320.0
479.0, 218.0, 190.0, 320.0
483.0, 218.0, 190.0, 320.0
485.0, 220.0, 190.0, 320.0
489.0, 222.0, 190.0, 320.0
493.0, 224.0, 190.0, 320.0
495.0, 226.0, 190.0, 320.0
499.0, 228.0, 190.0, 320.0
503.0, 230.0, 190.0, 320.0
507.0, 232.0, 190.0, 320.0
511.0, 232.0, 190.0, 320.0
515.0, 232.0, 190.0, 320.0
519.0, 234.0, 190.0, 320.0
525.0, 234.0, 190.0, 320.0
529.0, 234.0, 190.0, 320.0
533.0, 234.0, 190.0, 320.0
537.0, 236.0, 190.0, 320.0
541.0, 236.0, 190.0, 320.0
545.0, 238.0, 190.0, 320.0
551.0, 240.0, 190.0, 320.0
555.0, 242.0, 190.0, 320.0
561.0, 244.0, 190.0, 320.0
565.0, 246.0, 190.0, 320.0
571.0, 248.0, 190.0, 320.0
577.0, 252.0, 190.0, 320.0
583.0, 254.0, 190.0, 320.0
589.0, 258.0, 190.0, 320.0
597.0, 258.0, 190.0, 320.0
603.0, 260.0, 190.0, 320.0
609.0, 262.0, 190.0, 320.0
615.0, 266.0, 190.0, 320.0
621.0, 268.0, 190.0, 320.0
625.0, 270.0, 190.0, 320.0
629.0, 272.0, 190.0, 320.0
633.0, 272.0, 190.0, 320.0
637.0, 274.0, 190.0, 320.0
639.0, 276.0, 190.0, 320.0
643.0, 278.0, 190.0, 320.0
645.0, 280.0, 190.0, 320.0
649.0, 282.0, 190.0, 320.0
653.0, 284.0, 190.0, 320.0
657.0, 286.0, 190.0, 320.0
661.0, 288.0, 190.0, 320.0
665.0, 288.0, 190.0, 320.0
669.0, 290.0, 190.0, 320.0
675.0, 290.0, 190.0, 320.0
679.0, 292.0, 190.0, 320.0
685.0, 294.0, 190.0, 320.0
689.0, 294.0, 190.0, 320.0
693.0, 294.0, 190.0, 320.0
697.0, 296.0, 190.0, 320.0
701.0, 298.0, 190.0, 320.0
705.0, 300.0, 190.0, 320.0
709.0, 300.0, 190.0, 320.0
713.0, 302.0, 190.0, 320.0
717.0, 304.0, 190.0, 320.0
721.0, 306.0, 190.0, 320.0
725.0, 308.0, 190.0, 320.0
731.0, 310.0, 190.0, 320.0
737.0, 312.0, 190.0, 320.0
743.0, 314.0, 190.0, 320.0
751.0, 316.0, 190.0, 320.0
757.0, 318.0, 190.0, 320.0
763.0, 322.0, 190.0, 320.0
769.0, 324.0, 190.0, 320.0
775.0, 326.0, 190.0, 320.0
779.0, 326.0, 190.0, 320.0
783.0, 326.0, 190.0, 320.0
787.0, 326.0, 190.0, 320.0
791.0, 326.0, 190.0, 320.0
793.0, 328.0, 190.0, 320.0
795.0, 330.0, 190.0, 320.0
799.0, 330.0, 190.0, 320.0
801.0, 332.0, 190.0, 320.0
803.0, 332.0, 190.0, 320.0
805.0, 332.0, 190.0, 320.0
807.0, 332.0, 190.0, 320.0
811.0, 330.0, 190.0, 320.0
813.0, 328.0, 190.0, 320.0
817.0, 326.0, 190.0, 320.0
819.0, 322.0, 190.0, 320.0
823.0, 320.0, 190.0, 320.0
825.0, 318.0, 190.0, 320.0
827.0, 314.0, 190.0, 320.0
829.0, 312.0, 190.0, 320.0
831.0, 310.0, 190.0, 320.0
833.0, 308.0, 190.0, 320.0
835.0, 304.0, 190.0, 320.0
839.0, 302.0, 190.0, 320.0
841.0, 300.0, 190.0, 320.0
843.0, 298.0, 190.0, 320.0
847.0, 296.0, 190.0, 320.0
853.0, 294.0, 190.0, 320.0
857.0, 290.0, 190.0, 320.0
863.0, 288.0, 190.0, 320.0
871.0, 284.0, 190.0, 320.0
877.0, 278.0, 190.0, 320.0
881.0, 274.0, 190.0, 320.0
887.0, 270.0, 190.0, 320.0
893.0, 264.0, 190.0, 320.0
897.0, 260.0, 190.0, 320.0
901.0, 256.0, 190.0, 320.0
905.0, 252.0, 190.0, 320.0
909.0, 250.0, 190.0, 320.0
911.0, 246.0, 190.0, 320.0
915.0, 244.0, 190.0, 320.0
917.0, 242.0, 190.0, 320.0
919.0, 238.0, 190.0, 320.0
921.0, 236.0, 190.0, 320.0
923.0, 232.0, 190.0, 320.0
927.0, 226.0, 190.0, 320.0
929.0, 220.0, 190.0, 320.0
931.0, 216.0, 190.0, 320.0
933.0, 210.0, 190.0, 320.0
935.0, 204.0, 190.0, 320.0
935.0, 196.0, 190.0, 320.0
935.0, 190.0, 190.0, 320.0
935.0, 186.0, 190.0, 320.0
935.0, 180.0, 190.0, 320.0
935.0, 176.0, 190.0, 320.0
933.0, 172.0, 190.0, 320.0
933.0, 168.0, 190.0, 320.0
931.0, 164.0, 190.0, 320.0
929.0, 162.0, 190.0, 320.0
929.0, 156.0, 190.0, 320.0
927.0, 152.0, 190.0, 320.0
927.0, 148.0, 190.0, 320.0
925.0, 142.0, 190.0, 320.0
925.0, 138.0, 190.0, 320.0
923.0, 132.0, 190.0, 320.0
921.0, 128.0, 190.0, 320.0
919.0, 124.0, 190.0, 320.0
917.0, 118.0, 190.0, 320.0
915.0, 114.0, 190.0, 320.0
913.0, 110.0, 190.0, 320.0
909.0, 106.0, 190.0, 320.0
905.0, 104.0, 190.0, 320.0
901.0, 100.0, 190.0, 320.0
897.0, 98.0, 190.0, 320.0
893.0, 94.0, 190.0, 320.0
889.0, 92.0, 190.0, 320.0
885.0, 90.0, 190.0, 320.0
881.0, 86.0, 190.0, 320.0
877.0, 82.0, 190.0, 320.0
873.0, 78.0, 190.0, 320.0
869.0, 74.0, 190.0, 320.0
865.0, 70.0, 190.0, 320.0
859.0, 64.0, 190.0, 320.0
855.0, 60.0, 190.0, 320.0
849.0, 56.0, 190.0, 320.0
845.0, 52.0, 190.0, 320.0
839.0, 48.0, 190.0, 320.0
833.0, 46.0, 190.0, 320.0
829.0, 44.0, 190.0, 320.0
823.0, 42.0, 190.0, 320.0
819.0, 40.0, 190.0, 320.0
813.0, 38.0, 190.0, 320.0
807.0, 36.0, 190.0, 320.0
803.0, 34.0, 190.0, 320.0
797.0, 32.0, 190.0, 320.0
793.0, 28.0, 190.0, 320.0
789.0, 24.0, 190.0, 320.0
783.0, 22.0, 190.0, 320.0
779.0, 18.0, 190.0, 320.0
773.0, 16.0, 190.0, 320.0
769.0, 12.0, 190.0, 320.0
763.0, 8.0, 190.0, 320.0
757.0, 6.0, 190.0, 320.0
751.0, 4.0, 190.0, 320.0
745.0, 2.0, 190.0, 320.0
739.0, 0.0, 190.0, 320.0
733.0, 0.0, 190.0, 320.0
727.0, -2.0, 190.0, 320.0
719.0, -2.0, 190.0, 320.0
713.0, -4.0, 190.0, 320.0
707.0, -6.0, 190.0, 320.0
701.0, -8.0, 190.0, 320.0
693.0, -10.0, 190.0, 320.0
687.0, -12.0, 190.0, 320.0
679.0, -14.0, 190.0, 320.0
673.0, -16.0, 190.0, 320.0
665.0, -18.0, 190.0, 320.0
657.0, -20.0, 190.0, 320.0
651.0, -22.0, 190.0, 320.0
643.0, -24.0, 190.0, 320.0
635.0, -24.0, 190.0, 320.0
627.0, -26.0, 190.0, 320.0
619.0, -26.0, 190.0, 320.0
611.0, -26.0, 190.0, 320.0
603.0, -26.0, 190.0, 320.0
595.0, -26.0, 190.0, 320.0
587.0, -26.0, 190.0, 320.0
581.0, -28.0, 190.0, 320.0
573.0, -30.0, 190.0, 320.0
567.0, -30.0, 190.0, 320.0
559.0, -32.0, 190.0, 320.0
553.0, -34.0, 190.0, 320.0
547.0, -36.0, 190.0, 320.0
541.0, -38.0, 190.0, 320.0
535.0, -40.0, 190.0, 320.0
527.0, -40.0, 190.0, 320.0
521.0, -40.0, 190.0, 320.0
515.0, -40.0, 190.0, 320.0
509.0, -38.0, 190.0, 320.0
505.0, -34.0, 190.0, 320.0
499.0, -32.0, 190.0, 320.0
495.0, -32.0, 190.0, 320.0
491.0, -30.0, 190.0, 320.0
487.0, -30.0, 190.0, 320.0
485.0, -30.0, 190.0, 320.0
483.0, -30.0, 190.0, 320.0
481.0, -30.0, 190.0, 320.0
481.0, -30.0, 190.0, 320.0
481.0, -30.0, 190.0, 320.0
481.0, -32.0, 190.0, 320.0
483.0, -32.0, 190.0, 320.0
483.0, -32.0, 190.0, 320.0
485.0, -32.0, 190.0, 320.0
487.0, -32.0, 190.0, 320.0
491.0, -30.0, 190.0, 320.0
493.0, -28.0, 190.0, 320.0
495.0, -26.0, 190.0, 320.0
499.0, -26.0, 190.0, 320.0
501.0, -24.0, 190.0, 320.0
505.0, -24.0, 190.0, 320.0
507.0, -24.0, 190.0, 320.0
511.0, -24.0, 190.0, 320.0
515.0, -24.0, 190.0, 320.0
517.0, -24.0, 190.0, 320.0
521.0, -26.0, 190.0, 320.0
523.0, -26.0, 190.0, 320.0
527.0, -26.0, 190.0, 320.0
529.0, -26.0, 190.0, 320.0
533.0, -26.0, 190.0, 320.0
535.0, -26.0, 190.0, 320.0
537.0, -24.0, 190.0, 320.0
539.0, -24.0, 190.0, 320.0
543.0, -22.0, 190.0, 320.0
545.0, -20.0, 190.0, 320.0
547.0, -18.0, 190.0, 320.0
549.0, -16.0, 190.0, 320.0
551.0, -16.0, 190.0, 320.0
553.0, -14.0, 190.0, 320.0
555.0, -14.0, 190.0, 320.0
557.0, -14.0, 190.0, 320.0
559.0, -14.0, 190.0, 320.0
561.0, -12.0, 190.0, 320.0
563.0, -12.0, 190.0, 320.0
565.0, -12.0, 190.0, 320.0
567.0, -12.0, 190.0, 320.0
569.0, -10.0, 190.0, 320.0
571.0, -8.0, 190.0, 320.0
573.0, -6.0, 190.0, 320.0
575.0, -4.0, 190.0, 320.0
577.0, -2.0, 190.0, 320.0
579.0, 0.0, 190.0, 320.0
581.0, 2.0, 190.0, 320.0
585.0, 2.0, 190.0, 320.0
587.0, 2.0, 190.0, 320.0
589.0, 2.0, 190.0, 320.0
593.0, 2.0, 190.0, 320.0
595.0, 2.0, 190.0, 320.0
597.0, 2.0, 190.0, 320.0
601.0, 2.0, 190.0, 320.0
603.0, 2.0, 190.0, 320.0
605.0, 2.0, 190.0, 320.0
609.0, 0.0, 190.0, 320.0
611.0, 0.0, 190.0, 320.0
615.0, 0.0, 190.0, 320.0
617.0, 0.0, 190.0, 320.0
619.0, 2.0, 190.0, 320.0
623.0, 2.0, 190.0, 320.0
625.0, 4.0, 190.0, 320.0
627.0, 6.0, 190.0, 320.0
631.0, 6.0, 190.0, 320.0
633.0, 8.0, 190.0, 320.0
637.0, 8.0, 190.0, 320.0
639.0, 8.0, 190.0, 320.0
643.0, 8.0, 190.0, 320.0
645.0, 8.0, 190.0, 320.0
647.0, 10.0, 190.0, 320.0
651.0, 10.0, 190.0, 320.0
653.0, 12.0, 190.0, 320.0
655.0, 12.0, 190.0, 320.0
659.0, 12.0, 190.0, 320.0
661.0, 14.0, 190.0, 320.0
665.0, 14.0, 190.0, 320.0
667.0, 16.0, 190.0, 320.0
671.0, 16.0, 190.0, 320.0
673.0, 18.0, 190.0, 320.0
677.0, 18.0, 190.0, 320.0
679.0, 18.0, 190.0, 320.0
683.0, 20.0, 190.0, 320.0
687.0, 20.0, 190.0, 320.0
691.0, 20.0, 190.0, 320.0
695.0, 20.0, 190.0, 320.0
699.0, 20.0, 190.0, 320.0
703.0, 20.0, 190.0, 320.0
707.0, 20.0, 190.0, 320.0
709.0, 20.0, 190.0, 320.0
713.0, 22.0, 190.0, 320.0
715.0, 22.0, 190.0, 320.0
719.0, 24.0, 190.0, 320.0
721.0, 24.0, 190.0, 320.0
725.0, 26.0, 190.0, 320.0
727.0, 26.0, 190.0, 320.0
731.0, 28.0, 190.0, 320.0
733.0, 30.0, 190.0, 320.0
735.0, 32.0, 190.0, 320.0
739.0, 32.0, 190.0, 320.0
741.0, 34.0, 190.0, 320.0
743.0, 34.0, 190.0, 320.0
747.0, 36.0, 190.0, 320.0
749.0, 38.0, 190.0, 320.0
751.0, 38.0, 190.0, 320.0
755.0, 40.0, 190.0, 320.0
757.0, 42.0, 190.0, 320.0
759.0, 42.0, 190.0, 320.0
761.0, 44.0, 190.0, 320.0
763.0, 46.0, 190.0, 320.0
765.0, 46.0, 190.0, 320.0
767.0, 48.0, 190.0, 320.0
769.0, 50.0, 190.0, 320.0
771.0, 52.0, 190.0, 320.0
773.0, 52.0, 190.0, 320.0
773.0, 54.0, 190.0, 320.0
775.0, 56.0, 190.0, 320.0
777.0, 58.0, 190.0, 320.0
779.0, 60.0, 190.0, 320.0
781.0, 62.0, 190.0, 320.0
783.0, 62.0, 190.0, 320.0
785.0, 64.0, 190.0, 320.0
787.0, 66.0, 190.0, 320.0
789.0, 68.0, 190.0, 320.0
789.0, 70.0, 190.0, 320.0
791.0, 72.0, 190.0, 320.0
793.0, 74.0, 190.0, 320.0
793.0, 78.0, 190.0, 320.0
793.0, 80.0, 190.0, 320.0
791.0, 82.0, 190.0, 320.0
789.0, 84.0, 190.0, 320.0
785.0, 86.0, 190.0, 320.0
781.0, 86.0, 190.0, 320.0
775.0, 88.0, 190.0, 320.0
769.0, 88.0, 190.0, 320.0
763.0, 90.0, 190.0, 320.0
755.0, 90.0, 190.0, 320.0
747.0, 92.0, 190.0, 320.0
739.0, 92.0, 190.0, 320.0
731.0, 94.0, 190.0, 320.0
721.0, 94.0, 190.0, 320.0
711.0, 94.0, 190.0, 320.0
699.0, 94.0, 190.0, 320.0
689.0, 94.0, 190.0, 320.0
677.0, 96.0, 190.0, 320.0
665.0, 96.0, 190.0, 320.0
653.0, 96.0, 190.0, 320.0
643.0, 98.0, 190.0, 320.0
633.0, 98.0, 190.0, 320.0
621.0, 100.0, 190.0, 320.0
611.0, 102.0, 190.0, 320.0
601.0, 104.0, 190.0, 320.0
591.0, 104.0, 190.0, 320.0
581.0, 106.0, 190.0, 320.0
571.0, 108.0, 190.0, 320.0
561.0, 110.0, 190.0, 320.0
551.0, 112.0, 190.0, 320.0
543.0, 114.0, 190.0, 320.0
533.0, 116.0, 190.0, 320.0
525.0, 120.0, 190.0, 320.0
517.0, 122.0, 190.0, 320.0
507.0, 124.0, 190.0, 320.0
499.0, 128.0, 190.0, 320.0
491.0, 130.0, 190.0, 320.0
483.0, 134.0, 190.0, 320.0
475.0, 138.0, 190.0, 320.0
467.0, 142.0, 190.0, 320.0
459.0, 144.0, 190.0, 320.0
451.0, 148.0, 190.0, 320.0
445.0, 152.0, 190.0, 320.0
437.0, 156.0, 190.0, 320.0
429.0, 160.0, 190.0, 320.0
423.0, 166.0, 190.0, 320.0
417.0, 170.0, 190.0, 320.0
409.0, 174.0, 190.0, 320.0
403.0, 178.0, 190.0, 320.0
397.0, 184.0, 190.0, 320.0
391.0, 190.0, 190.0, 320.0
385.0, 194.0, 190.0, 320.0
379.0, 200.0, 190.0, 320.0
373.0, 204.0, 190.0, 320.0
367.0, 210.0, 190.0, 320.0
361.0, 214.0, 190.0, 320.0
355.0, 220.0, 190.0, 320.0
349.0, 226.0, 190.0, 320.0
341.0, 232.0, 190.0, 320.0
335.0, 238.0, 190.0, 320.0
329.0, 244.0, 190.0, 320.0
321.0, 250.0, 190.0, 320.0
315.0, 256.0, 190.0, 320.0
309.0, 262.0, 190.0, 320.0
303.0, 268.0, 190.0, 320.0
297.0, 274.0, 190.0, 320.0
291.0, 280.0, 190.0, 320.0
285.0, 286.0, 190.0, 320.0
279.0, 292.0, 190.0, 320.0
273.0, 298.0, 190.0, 320.0
267.0, 306.0, 190.0, 320.0
261.0, 312.0, 190.0, 320.0
255.0, 318.0, 190.0, 320.0
251.0, 326.0, 190.0, 320.0
245.0, 332.0, 190.0, 320.0
241.0, 340.0, 190.0, 320.0
235.0, 346.0, 190.0, 320.0
229.0, 354.0, 190.0, 320.0
225.0, 360.0, 190.0, 320.0
219.0, 368.0, 190.0, 320.0
215.0, 376.0, 190.0, 320.0
209.0, 384.0, 190.0, 320.0
203.0, 392.0, 190.0, 320.0
197.0, 398.0, 190.0, 320.0
193.0, 406.0, 190.0, 320.0
189.0, 416.0, 190.0, 320.0
183.0, 424.0, 190.0, 320.0
177.0, 432.0, 190.0, 320.0
173.0, 440.0, 190.0, 320.0
167.0, 450.0, 190.0, 320.0
161.0, 458.0, 190.0, 320.0
157.0, 468.0, 190.0, 320.0
153.0, 476.0, 190.0, 320.0
147.0, 486.0, 190.0, 320.0
141.0, 494.0, 190.0, 320.0
137.0, 504.0, 190.0, 320.0
133.0, 514.0, 190.0, 320.0
127.0, 522.0, 190.0, 320.0
121.0, 532.0, 190.0, 320.0
115.0, 542.0, 190.0, 320.0
113.0, 552.0, 190.0, 320.0
109.0, 562.0, 190.0, 320.0
109.0, 572.0, 190.0, 320.0
109.0, 582.0, 190.0, 320.0
103.0, 590.0, 190.0, 320.0
91.0, 598.0, 190.0, 320.0
0.0, 0.0, 0.0, 0.0
0.0, 0.0, 0.0, 0.0
0.0, 0.0, 0.0, 0.0
0.0, 0.0, 0.0, 0.0
0.0, 0.0, 0.0, 0.0
0.0, 0.0, 0.0, 0.0
0.0, 0.0, 0.0, 0.0
0.0, 0.0, 0.0, 0.0
0.0, 0.0, 0.0, 0.0
0.0, 0.0, 0.0, 0.0
0.0, 0.0, 0.0, 0.0
0.0, 0.0, 0.0, 0.0
0.0, 0.0, 0.0, 0.0
0.0, 0.0, 0.0, 0.0
0.0, 0.0, 0.0, 0.0
0.0, 0.0, 0.0, 0.0
0.0, 0.0, 0.0, 0.0
0.0, 0.0, 0.0, 0.0
0.0, 0.0, 0.0, 0.0
0.0, 0.0, 0.0, 0.0
0.0, 0.0, 0.0, 0.0
0.0, 0.0, 0.0, 0.0
0.0, 0.0, 0.0, 0.0
0.0, 0.0, 0.0, 0.0
0.0, 0.0, 0.0, 0.0
0.0, 0.0, 0.0, 0.0
0.0, 0.0, 0.0, 0.0
0.0, 0.0, 0.0, 0.0
0.0, 0.0, 0.0, 0.0
0.0, 0.0, 0.0, 0.0
0.0, 0.0, 0.0, 0.0
0.0, 0.0, 0.0, 0.0
0.0, 0.0, 0.0, 0.0
0.0, 0.0, 0.0, 0.0
0.0, 0.0, 0.0, 0.0
0.0, 0.0, 0.0, 0.0
0.0, 0.0, 0.0, 0.0
0.0, 0.0, 0.0, 0.0
0.0, 0.0, 0.0, 0.0
0.0, 0.0, 0.0, 0.0
0.0, 0.0, 0.0, 0.0
0.0, 0.0, 0.0, 0.0
0.0, 0.0, 0.0, 0.0
0.0, 0.0, 0.0, 0.0
0.0, 0.0, 0.0, 0.0
0.0, 0.0, 0.0, 0.0
0.0, 0.0, 0.0, 0.0
0.0, 0.0, 0.0, 0.0
0.0, 0.0, 0.0, 0.0
0.0, 0.0, 0.0, 0.0
0.0, 0.0, 0.0, 0.0
0.0, 0.0, 0.0, 0.0
0.0, 0.0, 0.0, 0.0
0.0, 0.0, 0.0, 0.0
0.0, 0.0, 0.0, 0.0
0.0, 0.0, 0.0, 0.0
0.0, 0.0, 0.0, 0.0
0.0, 0.0, 0.0, 0.0
0.0, 0.0, 0.0, 0.0
0.0, 0.0, 0.0, 0.0
0.0, 0.0, 0.0, 0.0
0.0, 0.0, 0.0, 0.0
0.0, 0.0, 0.0, 0.0
0.0, 0.0, 0.0, 0.0
0.0, 0.0, 0.0, 0.0
0.0, 0.0, 0.0, 0.0
0.0, 0.0, 0.0, 0.0
0.0, 0.0, 0.0, 0.0
0.0, 0.0, 0.0, 0.0
0.0, 0.0, 0.0, 0.0
0.0, 0.0, 0.0, 0.0
0.0, 0.0, 0.0, 0.0
0.0, 0.0, 0.0, 0.0
0.0, 0.0, 0.0, 0.0
0.0, 0.0, 0.0, 0.0
0.0, 0.0, 0.0, 0.0
0.0, 0.0, 0.0, 0.0
0.0, 0.0, 0.0, 0.0
0.0, 0.0, 0.0, 0.0
0.0, 0.0, 0.0, 0.0
0.0, 0.0, 0.0, 0.0
0.0, 0.0, 0.0, 0.0
0.0, 0.0, 0.0, 0.0
0.0, 0.0, 0.0, 0.0
0.0, 0.0, 0.0, 0.0
0.0, 0.0, 0.0, 0.0
0.0, 0.0, 0.0, 0.0
0.0, 0.0, 0.0, 0.0
0.0, 0.0, 0.0, 0.0
0.0, 0.0, 0.0, 0.0
0.0, 0.0, 0.0, 0.0
0.0, 0.0, 0.0, 0.0
0.0, 0.0, 0.0, 0.0
0.0, 0.0, 0.0, 0.0
0.0, 0.0, 0.0, 0.0
0.0, 0.0, 0.0, 0.0
0.0, 0.0, 0.0, 0.0
0.0, 0.0, 0.0, 0.0
0.0, 0.0, 0.0, 0.0
0.0, 0.0, 0.0, 0.0
0.0, 0.0, 0.0, 0.0
0.0, 0.0, 0.0, 0.0
0.0, 0.0, 0.0, 0.0
0.0, 0.0, 0.0, 0.0
0.0, 0.0, 0.0, 0.0
0.0, 0.0, 0.0, 0.0
0.0, 0.0, 0.0, 0.0
0.0, 0.0, 0.0, 0.0
0.0, 0.0, 0.0, 0.0
0.0, 0.0, 0.0, 0.0
0.0, 0.0, 0.0, 0.0
0.0, 0.0, 0.0, 0.0
0.0, 0.0, 0.0, 0.0
0.0, 0.0, 0.0, 0.0
0.0, 0.0, 0.0, 0.0
0.0, 0.0, 0.0, 0.0
0.0, 0.0, 0.0, 0.0
0.0, 0.0, 0.0, 0.0
0.0, 0.0, 0.0, 0.0
0.0, 0.0, 0.0, 0.0
0.0, 0.0, 0.0, 0.0
0.0, 0.0, 0.0, 0.0
0.0, 0.0, 0.0, 0.0
0.0, 0.0, 0.0, 0.0
0.0, 0.0, 0.0, 0.0
0.0, 0.0, 0.0, 0.0
