383, 71, 133, 303
379, 73, 133, 303
373, 76, 133, 303
368, 75, 136, 309
367, 80, 133, 303
364, 81, 133, 303
361, 80, 136, 309
359, 79, 138, 315
359, 79, 138, 315
358, 76, 141, 322
359, 73, 144, 328
359, 69, 147, 335
361, 69, 147, 335
363, 68, 147, 335
365, 68, 147, 335
367, 66, 147, 335
371, 69, 144, 328
372, 64, 147, 335
376, 67, 144, 328
378, 66, 144, 328
379, 66, 144, 328
383, 69, 141, 322
384, 69, 141, 322
385, 68, 141, 322
386, 72, 138, 315
387, 75, 136, 309
385, 74, 136, 309
381, 75, 136, 309
378, 75, 136, 309
371, 72, 138, 315
367, 72, 138, 315
358, 69, 141, 322
353, 69, 141, 322
343, 66, 141, 322
336, 64, 144, 328
326, 66, 141, 322
320, 69, 138, 315
310, 71, 136, 309
301, 70, 138, 315
291, 73, 136, 309
283, 75, 136, 309
272, 78, 133, 303
262, 78, 133, 303
252, 80, 133, 303
243, 84, 130, 297
234, 84, 133, 303
224, 84, 136, 309
219, 85, 136, 309
0.0, 0.0, 0.0, 0.0
207, 96, 150, 305
200, 91, 156, 317
197, 91, 156, 317
191, 83, 162, 330
190, 82, 162, 330
190, 80, 162, 330
190, 78, 162, 330
192, 76, 162, 330
195, 75, 162, 330
196, 70, 166, 337
200, 68, 166, 337
202, 64, 169, 343
207, 62, 169, 343
211, 61, 169, 343
215, 59, 169, 343
219, 57, 169, 343
222, 51, 172, 350
225, 50, 172, 350
229, 48, 172, 350
232, 46, 172, 350
235, 42, 172, 350
239, 38, 172, 350
241, 32, 176, 357
243, 29, 176, 357
246, 26, 176, 357
248, 23, 176, 357
250, 21, 176, 357
254, 21, 172, 350
256, 18, 172, 350
260, 19, 169, 343
265, 19, 166, 337
269, 18, 166, 337
273, 19, 162, 330
278, 20, 159, 324
282, 22, 156, 317
287, 23, 153, 311
291, 22, 153, 311
296, 24, 150, 305
300, 23, 150, 305
304, 23, 150, 305
308, 22, 150, 305
312, 20, 150, 305
314, 17, 153, 311
318, 15, 153, 311
321, 13, 153, 311
326, 12, 153, 311
329, 11, 153, 311
0.0, 0.0, 0.0, 0.0
351, 18, 122, 258
356, 20, 120, 253
360, 19, 120, 253
363, 19, 120, 253
366, 19, 120, 253
370, 19, 120, 253
372, 20, 120, 253
376, 20, 120, 253
379, 20, 120, 253
381, 21, 120, 253
384, 21, 120, 253
387, 24, 117, 248
390, 23, 117, 248
392, 25, 115, 243
395, 24, 115, 243
398, 25, 113, 238
401, 24, 113, 238
403, 23, 113, 238
406, 25, 110, 234
409, 23, 110, 234
411, 23, 110, 234
415, 25, 108, 229
418, 28, 106, 225
422, 27, 106, 225
425, 28, 106, 225
428, 28, 106, 225
430, 29, 106, 225
434, 32, 104, 220
438, 35, 102, 216
441, 35, 102, 216
445, 38, 100, 212
449, 41, 98, 207
453, 41, 98, 207
454, 37, 102, 216
456, 38, 102, 216
459, 36, 104, 220
461, 34, 106, 225
462, 33, 108, 229
464, 33, 108, 229
467, 33, 108, 229
469, 33, 108, 229
471, 33, 108, 229
474, 34, 108, 229
476, 35, 108, 229
479, 38, 106, 225
482, 39, 106, 225
485, 43, 104, 220
487, 43, 104, 220
489, 48, 102, 216
490, 50, 102, 216
491, 54, 100, 212
490, 55, 100, 212
488, 57, 100, 212
484, 57, 102, 216
479, 57, 104, 220
474, 57, 106, 225
466, 57, 106, 225
460, 58, 108, 229
454, 60, 106, 225
448, 61, 108, 229
441, 64, 106, 225
434, 65, 108, 229
429, 67, 108, 229
422, 68, 110, 234
418, 70, 110, 234
413, 73, 110, 234
409, 75, 110, 234
406, 79, 108, 229
403, 82, 108, 229
400, 85, 108, 229
398, 89, 106, 225
396, 90, 106, 225
396, 94, 104, 220
395, 94, 104, 220
395, 94, 104, 220
395, 94, 104, 220
396, 93, 104, 220
396, 90, 106, 225
396, 87, 108, 229
397, 85, 108, 229
398, 84, 108, 229
399, 83, 108, 229
400, 83, 108, 229
402, 84, 106, 225
403, 84, 106, 225
405, 84, 106, 225
406, 83, 106, 225
407, 84, 106, 225
408, 84, 106, 225
408, 84, 106, 225
410, 84, 106, 225
0.0, 0.0, 0.0, 0.0
401, 73, 136, 288
402, 74, 136, 288
403, 74, 136, 288
403, 71, 139, 294
403, 68, 141, 300
401, 62, 147, 312
400, 59, 150, 318
400, 56, 153, 324
400, 53, 156, 331
403, 57, 153, 324
403, 56, 153, 324
405, 59, 150, 318
405, 58, 150, 318
408, 60, 147, 312
410, 62, 144, 306
413, 64, 141, 300
415, 65, 139, 294
417, 68, 136, 288
420, 71, 133, 282
420, 71, 133, 282
421, 71, 133, 282
424, 74, 131, 277
424, 71, 133, 282
425, 71, 133, 282
425, 67, 136, 288
427, 67, 136, 288
427, 64, 139, 294
428, 64, 139, 294
429, 64, 139, 294
430, 64, 139, 294
431, 64, 139, 294
431, 65, 139, 294
432, 66, 139, 294
433, 68, 139, 294
433, 69, 139, 294
434, 71, 139, 294
434, 72, 139, 294
435, 74, 139, 294
435, 75, 139, 294
436, 77, 139, 294
436, 78, 139, 294
438, 82, 136, 288
437, 79, 139, 294
436, 79, 139, 294
437, 78, 139, 294
439, 80, 136, 288
439, 80, 136, 288
440, 83, 133, 282
440, 83, 133, 282
442, 86, 131, 277
442, 88, 131, 277
442, 89, 131, 277
442, 91, 131, 277
443, 94, 131, 277
443, 96, 131, 277
443, 96, 133, 282
444, 101, 131, 277
445, 103, 131, 277
447, 105, 131, 277
448, 107, 131, 277
449, 107, 131, 277
451, 107, 131, 277
451, 105, 133, 282
450, 101, 136, 288
449, 100, 139, 294
0.0, 0.0, 0.0, 0.0
443, 103, 142, 296
444, 104, 142, 296
444, 105, 142, 296
444, 106, 142, 296
445, 111, 139, 290
443, 109, 142, 296
443, 112, 142, 296
444, 115, 142, 296
444, 117, 142, 296
445, 119, 142, 296
444, 118, 145, 302
445, 124, 142, 296
445, 126, 142, 296
446, 130, 139, 290
447, 131, 136, 285
446, 131, 136, 285
445, 130, 136, 285
444, 128, 139, 290
443, 129, 139, 290
442, 126, 142, 296
443, 131, 139, 290
443, 131, 139, 290
445, 134, 136, 285
447, 137, 134, 279
447, 137, 134, 279
447, 138, 134, 279
449, 142, 131, 273
451, 143, 131, 273
452, 146, 129, 268
453, 147, 129, 268
455, 148, 129, 268
456, 149, 129, 268
457, 151, 129, 268
457, 150, 131, 273
458, 151, 131, 273
459, 149, 134, 279
459, 145, 136, 285
460, 144, 136, 285
461, 140, 139, 290
462, 140, 139, 290
464, 139, 139, 290
466, 139, 139, 290
467, 138, 139, 290
469, 141, 136, 285
471, 140, 136, 285
472, 141, 136, 285
473, 141, 136, 285
476, 144, 134, 279
477, 144, 134, 279
480, 147, 131, 273
481, 148, 131, 273
482, 146, 134, 279
481, 147, 134, 279
482, 148, 134, 279
483, 148, 134, 279
486, 149, 131, 273
486, 148, 131, 273
487, 144, 134, 279
487, 144, 134, 279
489, 144, 134, 279
491, 144, 134, 279
493, 143, 134, 279
495, 144, 134, 279
497, 144, 134, 279
499, 145, 134, 279
501, 146, 134, 279
503, 146, 134, 279
505, 148, 134, 279
507, 149, 134, 279
510, 151, 134, 279
512, 152, 134, 279
514, 153, 134, 279
516, 154, 134, 279
0.0, 0.0, 0.0, 0.0
510, 144, 154, 319
510, 142, 157, 325
507, 136, 163, 339
506, 134, 167, 345
504, 132, 170, 352
501, 131, 173, 359
500, 132, 173, 359
497, 130, 177, 366
496, 132, 177, 366
498, 141, 170, 352
498, 144, 167, 345
497, 148, 163, 339
493, 149, 163, 339
491, 156, 160, 332
487, 158, 160, 332
481, 159, 163, 339
473, 163, 163, 339
468, 165, 163, 339
460, 166, 163, 339
452, 164, 167, 345
444, 165, 167, 345
433, 165, 167, 345
427, 168, 163, 339
418, 168, 163, 339
411, 170, 163, 339
404, 172, 163, 339
398, 178, 160, 332
392, 180, 160, 332
389, 184, 157, 325
386, 186, 157, 325
383, 191, 154, 319
381, 196, 151, 313
378, 198, 151, 313
376, 200, 151, 313
374, 202, 151, 313
375, 202, 151, 313
375, 201, 151, 313
376, 199, 151, 313
375, 194, 154, 319
375, 190, 157, 325
377, 187, 160, 332
376, 184, 163, 339
379, 187, 160, 332
383, 187, 160, 332
386, 186, 160, 332
389, 186, 160, 332
391, 185, 160, 332
0.0, 0.0, 0.0, 0.0
404, 183, 165, 315
407, 182, 165, 315
409, 182, 165, 315
411, 179, 168, 321
412, 177, 171, 327
413, 173, 175, 334
413, 170, 178, 341
415, 170, 178, 341
418, 167, 178, 341
420, 160, 182, 347
423, 157, 182, 347
426, 154, 182, 347
429, 151, 182, 347
434, 149, 182, 347
436, 143, 185, 354
438, 138, 189, 361
443, 137, 189, 361
448, 135, 189, 361
454, 132, 189, 361
455, 135, 185, 354
463, 133, 185, 354
455, 135, 182, 347
465, 137, 178, 341
467, 138, 175, 334
468, 142, 168, 321
466, 137, 168, 321
464, 135, 168, 321
462, 132, 168, 321
462, 131, 165, 315
463, 131, 161, 309
460, 130, 158, 302
457, 127, 158, 302
454, 125, 158, 302
449, 121, 161, 309
444, 118, 161, 309
441, 117, 161, 309
437, 112, 165, 315
435, 113, 165, 315
432, 111, 165, 315
431, 110, 165, 315
429, 109, 165, 315
426, 108, 165, 315
425, 108, 165, 315
425, 107, 165, 315
425, 106, 165, 315
427, 104, 165, 315
429, 101, 165, 315
0.0, 0.0, 0.0, 0.0
430, 103, 154, 296
433, 98, 157, 302
434, 93, 160, 308
437, 88, 163, 314
441, 86, 163, 314
446, 84, 163, 314
449, 83, 163, 314
452, 80, 163, 314
456, 82, 160, 308
458, 78, 163, 314
462, 76, 163, 314
466, 79, 160, 308
474, 82, 154, 296
478, 79, 154, 296
483, 79, 151, 290
488, 79, 148, 285
494, 79, 145, 279
497, 78, 145, 279
501, 75, 145, 279
504, 72, 145, 279
505, 67, 148, 285
506, 65, 148, 285
505, 60, 151, 290
506, 58, 151, 290
504, 54, 154, 296
501, 50, 157, 302
500, 50, 157, 302
497, 50, 157, 302
495, 52, 154, 296
490, 51, 154, 296
485, 49, 154, 296
479, 50, 154, 296
469, 47, 157, 302
464, 49, 154, 296
459, 54, 148, 285
451, 52, 145, 279
443, 54, 139, 268
435, 54, 137, 263
426, 52, 134, 258
417, 50, 131, 253
407, 50, 129, 248
397, 53, 124, 238
383, 42, 131, 253
367, 37, 139, 268
356, 37, 142, 273
345, 36, 145, 279
339, 44, 142, 273
329, 37, 145, 279
326, 45, 142, 273
319, 45, 142, 273
316, 45, 142, 273
315, 48, 139, 268
313, 49, 139, 268
313, 52, 137, 263
0.0, 0.0, 0.0, 0.0
312, 35, 151, 323
313, 35, 151, 323
314, 34, 151, 323
316, 31, 151, 323
316, 23, 157, 336
320, 22, 157, 336
322, 16, 160, 343
326, 18, 157, 336
331, 18, 154, 329
334, 17, 154, 329
340, 18, 151, 323
342, 17, 151, 323
345, 15, 151, 323
349, 15, 151, 323
351, 15, 151, 323
356, 18, 148, 317
357, 16, 148, 317
361, 16, 148, 317
363, 16, 148, 317
365, 16, 148, 317
368, 16, 148, 317
371, 15, 148, 317
376, 16, 145, 310
378, 15, 145, 310
381, 13, 145, 310
384, 10, 145, 310
386, 9, 145, 310
389, 7, 145, 310
391, 5, 145, 310
394, 4, 145, 310
397, 3, 145, 310
400, 3, 145, 310
402, 3, 145, 310
405, 3, 145, 310
407, 4, 145, 310
411, 7, 142, 304
414, 10, 140, 298
417, 11, 140, 298
420, 12, 140, 298
424, 15, 137, 293
428, 18, 134, 287
432, 19, 134, 287
436, 20, 134, 287
441, 23, 131, 281
445, 24, 131, 281
449, 25, 131, 281
452, 22, 134, 287
456, 21, 134, 287
460, 21, 134, 287
464, 21, 134, 287
468, 20, 134, 287
472, 21, 134, 287
475, 22, 134, 287
480, 26, 131, 281
484, 29, 129, 276
487, 29, 129, 276
493, 33, 126, 270
498, 37, 124, 265
502, 39, 124, 265
504, 42, 124, 265
508, 46, 121, 260
0.0, 0.0, 0.0, 0.0
507, 52, 123, 260
510, 55, 123, 260
513, 57, 123, 260
516, 60, 123, 260
518, 58, 125, 265
521, 60, 125, 265
524, 59, 128, 270
529, 62, 125, 265
533, 65, 123, 260
538, 67, 123, 260
543, 70, 120, 255
546, 72, 120, 255
551, 75, 118, 250
555, 80, 115, 245
558, 82, 115, 245
561, 88, 113, 240
564, 90, 113, 240
566, 95, 111, 235
568, 99, 109, 231
569, 105, 105, 222
570, 109, 103, 217
570, 115, 99, 209
569, 119, 97, 205
570, 121, 95, 201
569, 125, 91, 193
566, 128, 89, 189
563, 130, 89, 189
558, 132, 89, 189
552, 132, 91, 193
540, 133, 91, 193
535, 134, 93, 197
524, 135, 93, 197
513, 137, 95, 201
502, 139, 95, 201
492, 143, 95, 201
480, 146, 95, 201
468, 148, 97, 205
456, 151, 99, 209
444, 155, 99, 209
433, 159, 99, 209
423, 164, 99, 209
413, 169, 97, 205
406, 174, 95, 201
398, 179, 93, 197
397, 194, 89, 189
386, 186, 95, 201
375, 189, 95, 201
371, 190, 101, 213
362, 190, 101, 213
355, 190, 105, 222
352, 191, 105, 222
350, 193, 105, 222
348, 194, 105, 222
348, 197, 103, 217
349, 200, 101, 213
350, 201, 101, 213
353, 205, 97, 205
357, 208, 95, 201
360, 211, 93, 197
364, 213, 91, 193
365, 215, 91, 193
368, 218, 89, 189
371, 219, 89, 189
373, 221, 89, 189
376, 223, 88, 186
379, 224, 88, 186
381, 224, 88, 186
383, 223, 89, 189
385, 221, 91, 193
387, 219, 93, 197
389, 217, 95, 201
391, 214, 97, 205
393, 214, 97, 205
396, 215, 97, 205
399, 214, 97, 205
402, 215, 97, 205
406, 216, 95, 201
409, 216, 95, 201
413, 218, 93, 197
416, 220, 91, 193
420, 222, 89, 189
423, 223, 89, 189
426, 224, 89, 189
429, 227, 88, 186
433, 228, 88, 186
434, 228, 89, 189
438, 230, 88, 186
441, 230, 88, 186
444, 231, 88, 186
448, 232, 86, 182
450, 230, 88, 186
452, 230, 88, 186
455, 230, 88, 186
458, 230, 88, 186
461, 231, 88, 186
465, 233, 86, 182
468, 233, 86, 182
472, 236, 84, 178
473, 235, 86, 182
478, 239, 84, 178
482, 240, 84, 178
485, 242, 84, 178
489, 246, 82, 175
0.0, 0.0, 0.0, 0.0
483, 229, 117, 241
489, 233, 115, 236
492, 235, 115, 236
498, 236, 115, 236
502, 238, 115, 236
506, 237, 117, 241
509, 237, 119, 246
516, 240, 117, 241
520, 240, 119, 246
524, 242, 119, 246
529, 243, 119, 246
537, 248, 117, 241
541, 250, 117, 241
548, 254, 115, 236
553, 258, 112, 232
558, 263, 110, 227
565, 268, 108, 223
568, 267, 112, 232
571, 270, 115, 236
574, 274, 115, 236
580, 280, 112, 232
584, 284, 110, 227
588, 288, 110, 227
592, 291, 110, 227
596, 294, 110, 227
601, 296, 110, 227
605, 298, 110, 227
609, 300, 110, 227
614, 302, 110, 227
618, 304, 110, 227
621, 307, 112, 232
626, 310, 110, 227
631, 315, 110, 227
637, 319, 108, 223
641, 324, 106, 218
646, 329, 104, 214
652, 335, 102, 210
657, 340, 100, 206
661, 343, 100, 206
666, 349, 98, 202
671, 353, 98, 202
675, 357, 98, 202
680, 361, 98, 202
683, 364, 98, 202
688, 368, 96, 198
690, 369, 96, 198
694, 373, 94, 194
698, 376, 92, 190
699, 377, 90, 186
696, 379, 92, 190
694, 381, 92, 190
690, 380, 94, 194
685, 382, 96, 198
680, 384, 96, 198
675, 387, 96, 198
669, 389, 96, 198
663, 392, 96, 198
657, 395, 94, 194
651, 398, 94, 194
642, 400, 94, 194
633, 401, 94, 194
626, 402, 94, 194
617, 404, 94, 194
611, 404, 94, 194
601, 403, 96, 198
592, 402, 96, 198
584, 401, 96, 198
577, 403, 94, 194
568, 403, 94, 194
562, 405, 92, 190
554, 407, 90, 186
547, 407, 90, 186
541, 409, 89, 183
535, 410, 89, 183
529, 411, 90, 186
523, 410, 92, 190
520, 411, 92, 190
517, 412, 92, 190
514, 412, 92, 190
514, 414, 90, 186
513, 412, 90, 186
513, 411, 90, 186
514, 409, 90, 186
514, 406, 90, 186
516, 404, 89, 183
0.0, 0.0, 0.0, 0.0
503, 396, 117, 220
505, 390, 119, 224
506, 388, 119, 224
511, 387, 117, 220
513, 386, 114, 215
519, 383, 114, 215
521, 382, 112, 211
525, 381, 110, 207
526, 378, 110, 207
527, 374, 112, 211
530, 372, 112, 211
531, 369, 112, 211
533, 366, 112, 211
534, 364, 112, 211
538, 363, 110, 207
538, 357, 112, 211
537, 350, 117, 220
539, 347, 117, 220
541, 343, 117, 220
542, 340, 117, 220
544, 336, 117, 220
544, 331, 119, 224
547, 329, 119, 224
548, 326, 119, 224
549, 321, 121, 228
549, 318, 121, 228
551, 317, 119, 224
555, 315, 117, 220
556, 312, 117, 220
558, 310, 114, 215
561, 309, 112, 211
563, 305, 112, 211
564, 302, 112, 211
565, 299, 112, 211
566, 295, 112, 211
565, 288, 114, 215
564, 285, 114, 215
562, 280, 117, 220
561, 276, 117, 220
561, 275, 114, 215
561, 275, 112, 211
561, 273, 110, 207
561, 273, 108, 203
559, 269, 110, 207
556, 267, 110, 207
555, 267, 108, 203
553, 268, 106, 199
551, 267, 106, 199
549, 266, 106, 199
546, 264, 106, 199
543, 263, 106, 199
540, 262, 106, 199
538, 261, 106, 199
535, 258, 106, 199
533, 257, 106, 199
531, 253, 108, 203
530, 252, 108, 203
529, 252, 106, 199
530, 252, 104, 195
531, 253, 102, 191
533, 253, 100, 187
535, 254, 98, 184
537, 255, 96, 180
539, 256, 94, 177
541, 256, 94, 177
544, 257, 92, 173
547, 258, 90, 170
550, 260, 88, 166
552, 260, 88, 166
554, 260, 88, 166
556, 259, 88, 166
560, 259, 87, 163
562, 259, 87, 163
565, 259, 85, 160
567, 258, 85, 160
570, 259, 83, 157
572, 258, 83, 157
575, 260, 82, 154
576, 262, 80, 151
578, 260, 82, 154
579, 262, 80, 151
581, 263, 80, 151
582, 264, 80, 151
582, 264, 82, 154
583, 267, 80, 151
584, 267, 82, 154
585, 267, 82, 154
586, 269, 80, 151
587, 268, 82, 154
588, 268, 82, 154
589, 268, 82, 154
590, 268, 82, 154
591, 270, 80, 151
593, 271, 80, 151
593, 270, 82, 154
0.0, 0.0, 0.0, 0.0
599, 271, 74, 150
600, 275, 71, 144
598, 275, 73, 147
597, 277, 71, 144
595, 278, 71, 144
592, 280, 71, 144
589, 282, 71, 144
585, 282, 73, 147
583, 283, 73, 147
581, 286, 71, 144
577, 284, 74, 150
577, 288, 71, 144
575, 288, 71, 144
574, 289, 70, 141
573, 289, 70, 141
573, 289, 70, 141
572, 290, 70, 141
572, 291, 70, 141
572, 291, 70, 141
572, 292, 70, 141
574, 296, 67, 136
575, 298, 66, 133
577, 299, 66, 133
579, 301, 66, 133
579, 301, 68, 139
580, 303, 67, 136
582, 305, 66, 133
582, 306, 67, 136
583, 307, 67, 136
585, 309, 66, 133
586, 309, 67, 136
587, 311, 66, 133
589, 310, 67, 136
590, 312, 66, 133
591, 312, 67, 136
593, 315, 66, 133
595, 317, 66, 133
596, 318, 66, 133
597, 320, 66, 133
599, 322, 66, 133
600, 324, 66, 133
602, 326, 66, 133
604, 328, 66, 133
605, 330, 66, 133
607, 333, 64, 131
609, 337, 63, 128
611, 340, 62, 126
615, 342, 61, 123
617, 345, 60, 121
622, 348, 60, 121
623, 349, 60, 121
626, 350, 60, 121
629, 354, 57, 116
631, 355, 57, 116
635, 357, 56, 114
638, 361, 54, 109
639, 363, 54, 109
641, 365, 53, 107
643, 368, 52, 105
645, 371, 52, 105
646, 373, 52, 105
649, 376, 51, 103
651, 378, 50, 101
653, 381, 51, 103
655, 383, 50, 101
657, 385, 50, 101
658, 387, 50, 101
659, 389, 50, 101
661, 390, 50, 101
662, 390, 52, 105
664, 391, 51, 103
665, 392, 52, 105
667, 393, 52, 105
669, 395, 51, 103
671, 397, 50, 101
672, 398, 51, 103
672, 400, 51, 103
673, 402, 50, 101
673, 403, 51, 103
671, 404, 51, 103
669, 406, 50, 101
666, 407, 50, 101
662, 407, 51, 103
658, 408, 50, 101
652, 409, 51, 103
645, 409, 51, 103
639, 410, 50, 101
632, 410, 51, 103
626, 410, 50, 101
618, 410, 51, 103
610, 410, 49, 99
601, 410, 49, 99
590, 410, 50, 101
579, 410, 50, 101
569, 410, 50, 101
558, 411, 50, 101
547, 411, 51, 103
535, 412, 51, 103
527, 414, 49, 99
516, 415, 50, 101
509, 416, 50, 101
501, 418, 50, 101
0.0, 0.0, 0.0, 0.0
478, 416, 66, 119
473, 416, 66, 119
467, 417, 67, 121
465, 418, 66, 119
458, 416, 69, 124
455, 416, 69, 124
452, 415, 69, 124
450, 415, 69, 124
448, 414, 69, 124
446, 414, 69, 124
445, 413, 69, 124
445, 414, 67, 121
445, 413, 67, 121
444, 412, 69, 124
444, 411, 69, 124
443, 409, 70, 126
444, 408, 70, 126
445, 407, 70, 126
446, 406, 71, 129
449, 405, 71, 129
449, 405, 71, 129
449, 401, 74, 134
451, 399, 74, 134
452, 397, 74, 134
454, 395, 74, 134
457, 395, 73, 131
458, 392, 74, 134
459, 391, 74, 134
460, 390, 74, 134
462, 389, 74, 134
463, 387, 74, 134
464, 386, 74, 134
465, 385, 74, 134
467, 385, 73, 131
466, 383, 74, 134
468, 383, 73, 131
469, 382, 73, 131
470, 382, 71, 129
471, 380, 71, 129
472, 379, 71, 129
472, 377, 71, 129
473, 376, 71, 129
475, 375, 70, 126
475, 373, 70, 126
476, 371, 70, 126
477, 371, 69, 124
478, 371, 67, 121
479, 370, 67, 121
480, 369, 67, 121
480, 367, 69, 124
481, 368, 66, 119
482, 367, 66, 119
482, 366, 66, 119
482, 365, 66, 119
483, 364, 66, 119
485, 364, 65, 117
485, 362, 66, 119
485, 360, 67, 121
486, 360, 66, 119
486, 358, 67, 121
487, 355, 69, 124
490, 355, 66, 119
490, 354, 66, 119
492, 352, 65, 117
494, 353, 63, 114
494, 350, 65, 117
495, 349, 65, 117
495, 348, 65, 117
495, 347, 65, 117
497, 348, 63, 114
497, 346, 63, 114
498, 346, 62, 112
498, 345, 63, 114
498, 344, 63, 114
500, 344, 62, 112
500, 343, 63, 114
502, 343, 62, 112
502, 342, 62, 112
503, 341, 62, 112
503, 339, 63, 114
503, 338, 63, 114
504, 337, 63, 114
505, 336, 63, 114
507, 336, 62, 112
508, 336, 62, 112
508, 335, 62, 112
509, 335, 62, 112
510, 336, 61, 110
511, 334, 62, 112
511, 334, 62, 112
512, 334, 62, 112
513, 335, 61, 110
514, 335, 61, 110
515, 334, 62, 112
516, 333, 62, 112
517, 332, 63, 114
0.0, 0.0, 0.0, 0.0
518, 329, 57, 107
519, 328, 58, 109
519, 326, 60, 114
520, 325, 60, 114
521, 325, 60, 114
521, 323, 62, 116
522, 322, 63, 118
524, 324, 60, 114
525, 323, 62, 116
525, 321, 64, 120
527, 323, 62, 116
527, 321, 64, 120
529, 323, 62, 116
530, 322, 62, 116
531, 322, 62, 116
532, 322, 62, 116
534, 323, 60, 114
534, 322, 60, 114
536, 323, 59, 111
537, 322, 60, 114
537, 321, 60, 114
538, 321, 60, 114
538, 319, 62, 116
540, 320, 60, 114
541, 320, 60, 114
541, 320, 60, 114
541, 320, 60, 114
542, 320, 60, 114
543, 320, 60, 114
544, 319, 60, 114
545, 320, 60, 114
547, 321, 59, 111
549, 321, 59, 111
549, 321, 59, 111
550, 320, 60, 114
552, 322, 58, 109
554, 322, 58, 109
554, 322, 58, 109
556, 322, 58, 109
558, 322, 57, 107
558, 320, 58, 109
560, 321, 57, 107
560, 320, 58, 109
561, 318, 59, 111
562, 318, 59, 111
563, 318, 59, 111
565, 320, 57, 107
565, 320, 57, 107
567, 320, 57, 107
568, 320, 57, 107
568, 320, 57, 107
569, 321, 56, 105
570, 321, 56, 105
571, 321, 56, 105
572, 321, 56, 105
573, 321, 56, 105
574, 321, 55, 103
574, 321, 55, 103
574, 320, 56, 105
575, 319, 56, 105
575, 319, 56, 105
575, 319, 56, 105
576, 318, 56, 105
577, 318, 56, 105
578, 318, 56, 105
578, 318, 56, 105
578, 318, 56, 105
580, 318, 55, 103
581, 319, 55, 103
580, 318, 56, 105
581, 318, 55, 103
582, 318, 55, 103
583, 318, 55, 103
583, 317, 56, 105
584, 317, 55, 103
585, 316, 56, 105
585, 315, 57, 107
586, 315, 56, 105
586, 313, 58, 109
588, 313, 57, 107
588, 312, 58, 109
590, 311, 58, 109
591, 311, 57, 107
590, 310, 58, 109
591, 309, 59, 111
592, 309, 58, 109
593, 308, 59, 111
593, 306, 60, 114
593, 307, 59, 111
595, 306, 59, 111
0.0, 0.0, 0.0, 0.0
607, 314, 45, 93
608, 314, 44, 91
608, 313, 45, 93
610, 313, 44, 91
610, 312, 45, 93
610, 310, 46, 95
611, 309, 46, 95
611, 308, 47, 97
612, 307, 47, 97
612, 306, 48, 99
612, 306, 48, 99
612, 305, 48, 99
613, 304, 48, 99
614, 305, 47, 97
614, 304, 48, 99
614, 302, 49, 100
616, 302, 48, 99
615, 301, 48, 99
616, 301, 48, 99
616, 299, 49, 100
618, 300, 47, 97
618, 298, 48, 99
619, 296, 48, 99
620, 296, 47, 97
622, 295, 47, 97
622, 292, 48, 99
623, 292, 47, 97
624, 291, 47, 97
625, 289, 47, 97
625, 288, 47, 97
626, 287, 47, 97
627, 286, 47, 97
627, 285, 47, 97
628, 284, 47, 97
628, 283, 47, 97
630, 283, 46, 95
630, 282, 46, 95
630, 281, 46, 95
631, 282, 45, 93
631, 280, 45, 93
631, 278, 46, 95
631, 277, 46, 95
631, 275, 47, 97
631, 273, 48, 99
631, 273, 47, 97
631, 270, 49, 100
631, 270, 48, 99
631, 269, 48, 99
630, 266, 50, 102
631, 265, 50, 102
632, 264, 50, 102
632, 263, 50, 102
632, 261, 51, 105
631, 260, 52, 107
632, 259, 52, 107
632, 258, 52, 107
631, 256, 54, 111
631, 255, 54, 111
631, 254, 54, 111
632, 253, 53, 109
631, 251, 54, 111
631, 249, 55, 113
631, 246, 56, 115
632, 247, 54, 111
633, 245, 54, 111
633, 243, 55, 113
634, 242, 54, 111
633, 240, 55, 113
633, 239, 55, 113
634, 238, 54, 111
634, 237, 54, 111
635, 236, 53, 109
634, 235, 53, 109
634, 234, 53, 109
634, 234, 52, 107
635, 234, 51, 105
634, 231, 52, 107
633, 229, 53, 109
633, 229, 52, 107
632, 228, 52, 107
631, 224, 54, 111
631, 222, 54, 111
631, 219, 55, 113
630, 219, 54, 111
630, 218, 54, 111
630, 216, 54, 111
630, 216, 54, 111
0.0, 0.0, 0.0, 0.0
633, 215, 47, 88
632, 215, 47, 88
632, 213, 48, 90
630, 210, 52, 97
630, 209, 52, 97
628, 207, 54, 101
628, 206, 55, 103
627, 204, 56, 105
627, 203, 57, 107
627, 202, 57, 107
627, 201, 57, 107
626, 199, 58, 109
627, 198, 57, 107
626, 196, 58, 109
627, 195, 58, 109
626, 193, 58, 109
628, 193, 57, 107
628, 192, 57, 107
628, 191, 57, 107
629, 190, 56, 105
629, 190, 55, 103
630, 189, 55, 103
630, 189, 54, 101
630, 188, 54, 101
630, 187, 54, 101
631, 187, 53, 99
632, 186, 53, 99
632, 185, 53, 99
632, 184, 54, 101
632, 183, 54, 101
632, 182, 54, 101
632, 180, 55, 103
631, 178, 56, 105
630, 176, 57, 107
631, 175, 57, 107
631, 174, 57, 107
