497, 278, 57, 89
497, 278, 57, 89
499, 279, 56, 87
498, 278, 57, 89
498, 278, 58, 91
499, 278, 57, 89
499, 277, 58, 91
499, 276, 59, 93
499, 276, 59, 93
499, 275, 59, 93
500, 274, 59, 93
500, 274, 59, 93
501, 274, 59, 93
502, 274, 58, 91
502, 274, 58, 91
503, 274, 57, 89
504, 275, 56, 87
505, 276, 55, 86
505, 276, 55, 86
504, 276, 56, 87
505, 276, 55, 86
505, 276, 55, 86
505, 275, 56, 87
505, 275, 56, 87
505, 274, 57, 89
504, 273, 57, 89
504, 273, 57, 89
504, 272, 57, 89
504, 272, 57, 89
504, 272, 57, 89
504, 272, 56, 87
504, 272, 57, 89
504, 272, 57, 89
505, 272, 56, 87
505, 272, 56, 87
506, 273, 56, 87
505, 272, 57, 89
507, 273, 55, 86
506, 272, 57, 89
506, 272, 56, 87
506, 271, 57, 89
506, 271, 57, 89
506, 270, 57, 89
506, 270, 56, 87
507, 270, 56, 87
506, 269, 57, 89
506, 269, 57, 89
506, 269, 57, 89
506, 269, 57, 89
507, 269, 56, 87
507, 270, 56, 87
507, 270, 56, 87
507, 270, 56, 87
507, 271, 55, 86
507, 271, 55, 86
506, 270, 56, 87
506, 270, 56, 87
506, 270, 56, 87
506, 270, 56, 87
505, 269, 57, 89
504, 268, 56, 87
504, 269, 56, 87
504, 268, 56, 87
503, 268, 57, 89
503, 267, 56, 87
503, 268, 56, 87
503, 268, 56, 87
502, 268, 56, 87
501, 268, 56, 87
501, 268, 56, 87
501, 268, 56, 87
500, 268, 56, 87
501, 268, 55, 86
501, 268, 55, 86
500, 267, 55, 86
499, 267, 55, 86
500, 267, 54, 84
499, 266, 54, 84
498, 266, 53, 82
499, 266, 53, 82
497, 265, 53, 82
497, 265, 53, 82
496, 265, 53, 82
496, 266, 52, 81
495, 266, 51, 79
494, 266, 51, 79
492, 266, 51, 79
492, 267, 50, 77
490, 267, 51, 79
489, 266, 51, 79
487, 265, 52, 81
486, 265, 52, 81
484, 264, 53, 82
482, 263, 54, 84
482, 264, 53, 82
480, 264, 53, 82
479, 263, 54, 84
477, 262, 55, 86
475, 261, 56, 87
475, 261, 56, 87
473, 261, 57, 89
471, 261, 57, 89
470, 261, 56, 87
470, 261, 57, 89
468, 261, 56, 87
468, 262, 56, 87
467, 261, 56, 87
466, 261, 56, 87
464, 260, 56, 87
463, 260, 56, 87
462, 259, 57, 89
461, 258, 56, 87
460, 259, 56, 87
459, 258, 57, 89
457, 259, 55, 86
456, 258, 57, 89
455, 258, 56, 87
454, 259, 55, 86
453, 259, 56, 87
451, 259, 56, 87
450, 259, 56, 87
448, 259, 56, 87
447, 259, 56, 87
444, 259, 56, 87
443, 259, 56, 87
442, 258, 56, 87
441, 258, 56, 87
439, 258, 55, 86
438, 258, 56, 87
436, 257, 56, 87
435, 257, 56, 87
434, 256, 57, 89
436, 255, 56, 87
439, 256, 56, 87
440, 255, 57, 89
446, 254, 56, 87
451, 254, 56, 87
457, 254, 55, 86
463, 252, 55, 86
470, 251, 55, 86
480, 250, 55, 86
490, 249, 55, 86
497, 247, 56, 87
506, 246, 56, 87
516, 244, 56, 87
528, 243, 57, 89
538, 242, 55, 86
549, 242, 55, 86
559, 242, 54, 84
569, 241, 54, 84
580, 241, 54, 84
590, 241, 54, 84
598, 240, 54, 84
607, 239, 54, 84
615, 240, 53, 82
626, 240, 53, 82
632, 238, 54, 84
638, 238, 54, 84
643, 237, 54, 84
647, 237, 54, 84
652, 236, 55, 86
654, 235, 56, 87
656, 235, 56, 87
657, 235, 56, 87
658, 235, 56, 87
659, 235, 56, 87
659, 235, 56, 87
659, 235, 56, 87
657, 235, 56, 87
656, 235, 55, 86
655, 233, 56, 87
654, 234, 54, 84
652, 234, 54, 84
650, 233, 54, 84
649, 232, 54, 84
647, 232, 54, 84
646, 231, 54, 84
645, 231, 54, 84
644, 231, 54, 84
643, 230, 54, 84
640, 230, 54, 84
639, 231, 53, 82
638, 231, 53, 82
636, 230, 54, 84
634, 231, 53, 82
633, 231, 53, 82
630, 230, 54, 84
628, 229, 54, 84
627, 229, 54, 84
624, 227, 55, 86
622, 227, 56, 87
620, 227, 55, 86
618, 226, 57, 89
617, 226, 55, 86
615, 225, 56, 87
614, 226, 55, 86
612, 226, 55, 86
609, 225, 56, 87
609, 226, 55, 86
606, 226, 55, 86
605, 226, 55, 86
603, 226, 55, 86
601, 226, 55, 86
600, 226, 55, 86
597, 225, 56, 87
596, 225, 56, 87
594, 225, 56, 87
592, 224, 56, 87
590, 224, 57, 89
589, 224, 55, 86
587, 223, 56, 87
585, 223, 57, 89
582, 223, 57, 89
581, 223, 56, 87
580, 224, 56, 87
577, 224, 56, 87
575, 224, 57, 89
573, 224, 56, 87
572, 225, 56, 87
571, 224, 56, 87
568, 224, 56, 87
565, 223, 58, 91
563, 223, 57, 89
561, 222, 58, 91
560, 223, 56, 87
558, 222, 58, 91
554, 221, 59, 93
553, 222, 58, 91
552, 222, 57, 89
550, 222, 58, 91
547, 223, 57, 89
546, 223, 57, 89
545, 224, 56, 87
544, 224, 57, 89
541, 224, 55, 86
540, 224, 56, 87
538, 223, 58, 91
535, 222, 58, 91
533, 222, 58, 91
531, 222, 58, 91
529, 221, 58, 91
528, 221, 58, 91
525, 220, 60, 94
524, 221, 59, 93
523, 220, 60, 94
523, 221, 58, 91
523, 222, 57, 89
524, 221, 56, 87
525, 221, 56, 87
526, 221, 56, 87
527, 222, 55, 86
528, 222, 55, 86
529, 220, 56, 87
531, 221, 55, 86
532, 221, 55, 86
533, 220, 55, 86
533, 219, 56, 87
534, 218, 57, 89
535, 218, 56, 87
538, 218, 56, 87
540, 218, 57, 89
541, 218, 56, 87
544, 218, 56, 87
546, 218, 57, 89
548, 216, 56, 87
553, 218, 56, 87
555, 217, 55, 86
560, 218, 55, 86
562, 217, 54, 84
565, 216, 55, 86
570, 216, 55, 86
572, 217, 53, 82
576, 217, 54, 84
577, 215, 54, 84
582, 216, 54, 84
584, 214, 55, 86
588, 215, 54, 84
590, 215, 53, 82
594, 215, 53, 82
596, 215, 53, 82
600, 214, 54, 84
601, 213, 54, 84
604, 214, 53, 82
608, 216, 52, 81
609, 212, 53, 82
613, 214, 53, 82
615, 212, 53, 82
617, 213, 52, 81
620, 211, 52, 81
622, 212, 52, 81
624, 211, 53, 82
625, 212, 53, 82
628, 212, 53, 82
629, 212, 53, 82
631, 212, 53, 82
632, 212, 53, 82
635, 213, 53, 82
635, 212, 53, 82
636, 212, 53, 82
638, 213, 52, 81
638, 212, 53, 82
639, 212, 53, 82
639, 211, 54, 84
639, 211, 54, 84
640, 212, 53, 82
640, 212, 54, 84
640, 211, 54, 84
640, 210, 54, 84
640, 210, 54, 84
640, 211, 54, 84
640, 211, 54, 84
641, 212, 52, 81
641, 212, 53, 82
641, 213, 53, 82
640, 213, 54, 84
640, 212, 54, 84
641, 213, 53, 82
641, 213, 54, 84
640, 213, 54, 84
640, 212, 55, 86
639, 212, 55, 86
639, 211, 56, 87
639, 211, 56, 87
639, 211, 56, 87
640, 212, 55, 86
641, 213, 54, 84
640, 212, 54, 84
641, 213, 53, 82
642, 214, 53, 82
642, 215, 53, 82
643, 214, 54, 84
643, 214, 54, 84
644, 215, 53, 82
644, 214, 55, 86
645, 215, 54, 84
646, 215, 54, 84
647, 215, 54, 84
648, 215, 54, 84
648, 215, 55, 86
649, 215, 55, 86
651, 216, 54, 84
652, 217, 53, 82
653, 217, 54, 84
654, 217, 53, 82
656, 219, 52, 81
657, 219, 52, 81
658, 220, 51, 79
658, 220, 52, 81
660, 220, 52, 81
661, 220, 52, 81
661, 220, 53, 82
662, 219, 55, 86
663, 221, 54, 84
663, 220, 54, 84
664, 220, 54, 84
665, 220, 54, 84
667, 222, 53, 82
667, 222, 54, 84
668, 221, 55, 86
669, 222, 54, 84
669, 222, 55, 86
670, 223, 55, 86
671, 223, 55, 86
672, 225, 54, 84
674, 226, 53, 82
675, 226, 54, 84
675, 227, 53, 82
676, 227, 55, 86
677, 227, 55, 86
678, 227, 55, 86
678, 226, 56, 87
678, 226, 57, 89
678, 226, 56, 87
678, 227, 57, 89
678, 226, 57, 89
678, 227, 57, 89
679, 228, 56, 87
679, 229, 56, 87
680, 230, 55, 86
680, 231, 55, 86
680, 231, 55, 86
679, 232, 55, 86
679, 232, 55, 86
679, 232, 55, 86
678, 233, 55, 86
677, 233, 57, 89
677, 232, 56, 87
677, 233, 56, 87
676, 233, 57, 89
676, 233, 57, 89
677, 234, 56, 87
676, 234, 57, 89
676, 235, 56, 87
677, 236, 56, 87
677, 236, 57, 89
678, 237, 56, 87
678, 238, 56, 87
678, 239, 56, 87
679, 240, 55, 86
679, 240, 56, 87
679, 240, 57, 89
680, 240, 55, 86
681, 241, 55, 86
682, 241, 55, 86
683, 242, 55, 86
683, 242, 56, 87
683, 242, 56, 87
683, 242, 57, 89
682, 242, 58, 91
682, 242, 58, 91
683, 243, 58, 91
685, 244, 57, 89
686, 245, 56, 87
687, 246, 57, 89
686, 246, 58, 91
686, 247, 58, 91
687, 248, 57, 89
688, 249, 58, 91
689, 249, 57, 89
689, 250, 58, 91
691, 250, 57, 89
690, 251, 58, 91
690, 250, 59, 93
692, 250, 59, 93
692, 251, 58, 91
692, 252, 58, 91
693, 253, 58, 91
693, 253, 59, 93
693, 253, 60, 94
695, 255, 59, 93
694, 256, 60, 94
694, 257, 60, 94
695, 258, 59, 93
696, 259, 59, 93
697, 260, 58, 91
699, 262, 58, 91
701, 264, 57, 89
703, 263, 57, 89
703, 264, 58, 91
704, 264, 58, 91
704, 265, 59, 93
705, 265, 59, 93
0.0, 0.0, 0.0, 0.0
712, 264, 39, 91
712, 264, 41, 95
713, 265, 41, 95
712, 265, 42, 99
712, 266, 42, 99
712, 266, 44, 102
712, 268, 43, 100
712, 269, 44, 102
712, 270, 44, 102
712, 272, 44, 102
713, 272, 45, 105
713, 272, 45, 105
714, 273, 45, 105
715, 273, 45, 105
715, 274, 44, 102
716, 274, 44, 102
716, 275, 43, 100
717, 276, 43, 100
716, 276, 44, 102
716, 278, 42, 99
716, 279, 42, 99
714, 281, 40, 93
714, 283, 40, 93
714, 284, 40, 93
714, 285, 40, 93
713, 286, 40, 93
712, 287, 41, 95
712, 288, 41, 95
713, 289, 40, 93
713, 290, 40, 93
712, 290, 41, 95
712, 291, 41, 95
711, 291, 41, 97
709, 292, 41, 97
708, 293, 41, 95
707, 294, 41, 97
703, 293, 43, 100
702, 295, 43, 100
700, 295, 44, 102
698, 296, 44, 102
697, 297, 44, 102
696, 299, 42, 99
694, 300, 43, 100
693, 301, 43, 100
691, 302, 43, 100
690, 302, 45, 105
689, 303, 45, 105
686, 303, 46, 107
685, 303, 47, 109
683, 303, 47, 109
683, 304, 46, 107
682, 305, 46, 107
681, 306, 45, 105
678, 307, 45, 105
677, 309, 44, 102
675, 311, 42, 99
674, 312, 42, 99
672, 313, 43, 100
670, 314, 43, 100
669, 316, 43, 100
667, 317, 43, 100
667, 319, 42, 99
666, 321, 41, 97
666, 322, 41, 95
666, 323, 41, 95
666, 323, 42, 99
665, 324, 41, 97
664, 325, 42, 99
663, 326, 42, 99
662, 326, 43, 100
660, 326, 45, 105
657, 326, 45, 105
657, 328, 45, 105
655, 329, 46, 107
655, 330, 47, 109
654, 331, 46, 107
652, 332, 47, 109
651, 334, 46, 107
651, 336, 45, 105
649, 337, 44, 102
649, 338, 45, 105
648, 339, 45, 105
647, 339, 47, 109
646, 338, 48, 113
644, 338, 49, 115
644, 338, 49, 115
643, 338, 49, 115
0.0, 0.0, 0.0, 0.0
651, 340, 45, 110
649, 340, 46, 112
648, 341, 46, 112
645, 342, 46, 112
645, 345, 44, 108
645, 346, 44, 108
646, 347, 43, 106
646, 349, 42, 104
646, 350, 42, 102
646, 352, 42, 102
647, 353, 42, 102
647, 353, 42, 104
646, 353, 42, 104
647, 354, 42, 104
647, 355, 42, 104
647, 355, 43, 106
646, 355, 44, 108
645, 354, 45, 110
645, 354, 46, 112
644, 355, 46, 112
645, 357, 45, 110
644, 358, 45, 110
644, 360, 44, 108
644, 361, 43, 106
643, 362, 43, 106
644, 363, 42, 104
644, 364, 42, 102
645, 364, 42, 104
644, 362, 44, 108
644, 362, 45, 110
643, 361, 47, 114
641, 361, 48, 117
641, 361, 48, 117
641, 361, 49, 119
641, 362, 49, 119
640, 361, 50, 121
640, 363, 49, 119
641, 366, 47, 114
639, 365, 48, 117
640, 368, 46, 112
641, 369, 46, 112
642, 369, 46, 112
642, 370, 46, 112
643, 372, 45, 110
643, 373, 45, 110
644, 374, 45, 110
644, 374, 45, 110
645, 375, 45, 110
645, 374, 46, 112
646, 374, 47, 114
644, 374, 48, 117
645, 375, 48, 117
646, 376, 48, 117
646, 377, 48, 117
646, 377, 49, 119
646, 378, 48, 117
647, 379, 48, 117
647, 380, 47, 114
647, 382, 46, 112
647, 382, 47, 114
648, 383, 47, 114
648, 384, 47, 114
648, 383, 49, 119
649, 383, 49, 119
649, 382, 51, 124
650, 382, 52, 126
650, 383, 51, 124
650, 385, 51, 124
651, 386, 51, 124
652, 387, 51, 124
652, 388, 51, 124
653, 389, 50, 121
655, 394, 47, 114
655, 394, 48, 117
656, 396, 48, 117
658, 399, 46, 112
658, 399, 47, 114
661, 402, 46, 112
662, 403, 46, 112
665, 403, 47, 114
667, 404, 47, 114
668, 404, 48, 117
669, 404, 49, 119
670, 404, 49, 119
672, 405, 50, 121
674, 405, 50, 121
674, 404, 52, 126
675, 404, 52, 126
677, 406, 51, 124
679, 406, 53, 129
680, 405, 54, 131
681, 405, 55, 134
683, 407, 54, 131
686, 407, 54, 131
689, 408, 54, 131
691, 408, 55, 134
692, 408, 55, 134
694, 407, 55, 134
697, 407, 54, 131
699, 407, 54, 131
701, 407, 54, 131
704, 408, 54, 131
706, 408, 54, 131
710, 408, 53, 129
713, 408, 52, 126
715, 408, 52, 126
719, 409, 51, 124
722, 412, 50, 121
727, 413, 50, 121
732, 414, 50, 121
734, 416, 50, 121
0.0, 0.0, 0.0, 0.0
725, 436, 69, 110
725, 434, 71, 115
728, 429, 74, 119
734, 429, 74, 119
738, 425, 76, 122
744, 425, 73, 117
746, 421, 77, 124
749, 423, 79, 127
753, 426, 76, 122
754, 424, 80, 129
755, 421, 84, 134
760, 424, 79, 127
765, 421, 77, 124
767, 420, 79, 127
769, 418, 79, 127
775, 415, 79, 127
778, 416, 76, 122
775, 410, 79, 127
771, 406, 76, 122
773, 407, 76, 122
771, 407, 76, 122
772, 409, 73, 117
768, 409, 73, 117
765, 411, 70, 112
762, 412, 67, 108
756, 407, 69, 110
748, 403, 70, 112
742, 398, 70, 112
737, 398, 67, 108
732, 394, 66, 106
723, 389, 67, 108
714, 385, 70, 112
704, 383, 70, 112
699, 386, 67, 108
691, 385, 67, 108
684, 383, 66, 106
675, 379, 66, 106
664, 378, 65, 104
656, 374, 66, 106
645, 367, 67, 108
637, 365, 67, 108
628, 360, 67, 108
619, 357, 67, 108
611, 353, 70, 112
604, 352, 71, 115
596, 351, 73, 117
590, 353, 71, 115
584, 352, 71, 115
578, 351, 70, 112
574, 353, 67, 108
568, 350, 67, 108
563, 347, 67, 108
555, 343, 67, 108
549, 342, 67, 108
544, 341, 67, 108
540, 338, 66, 106
535, 338, 66, 106
529, 337, 66, 106
526, 336, 66, 106
522, 337, 66, 106
518, 334, 66, 106
515, 333, 66, 106
510, 329, 67, 108
509, 326, 66, 106
506, 322, 66, 106
506, 320, 66, 106
506, 317, 65, 104
506, 316, 63, 102
507, 316, 63, 102
509, 315, 63, 102
511, 316, 63, 102
514, 313, 65, 104
517, 312, 63, 102
519, 310, 65, 104
521, 308, 65, 104
524, 304, 65, 104
526, 300, 65, 104
530, 296, 65, 104
531, 294, 65, 104
535, 291, 65, 104
536, 291, 63, 102
541, 290, 63, 102
545, 290, 62, 100
547, 288, 63, 102
548, 287, 63, 102
550, 285, 63, 102
551, 283, 65, 104
553, 279, 66, 106
555, 276, 65, 104
557, 273, 65, 104
560, 269, 63, 102
562, 266, 63, 102
565, 264, 62, 100
567, 264, 62, 100
571, 263, 62, 100
575, 262, 62, 100
577, 262, 62, 100
581, 261, 62, 100
584, 260, 62, 100
587, 257, 62, 100
589, 255, 62, 100
592, 251, 62, 100
595, 246, 62, 100
598, 244, 62, 100
601, 242, 61, 98
604, 240, 61, 98
0.0, 0.0, 0.0, 0.0
612, 217, 46, 117
614, 216, 47, 120
616, 215, 48, 122
617, 212, 49, 124
620, 210, 49, 124
623, 207, 48, 122
625, 204, 49, 124
629, 203, 47, 120
633, 199, 49, 124
635, 198, 45, 115
639, 196, 46, 117
642, 194, 46, 117
644, 192, 48, 122
647, 193, 45, 115
650, 193, 45, 115
651, 189, 48, 122
652, 187, 48, 122
655, 187, 46, 117
657, 185, 47, 120
659, 182, 48, 122
662, 180, 46, 117
663, 177, 48, 122
666, 177, 45, 115
668, 177, 45, 115
670, 176, 45, 115
672, 174, 45, 115
674, 172, 46, 117
676, 172, 45, 115
678, 171, 45, 115
679, 170, 45, 115
681, 165, 48, 122
683, 165, 45, 115
684, 163, 46, 117
686, 161, 46, 117
687, 159, 47, 120
691, 158, 46, 117
692, 157, 45, 115
694, 156, 45, 115
696, 156, 44, 113
697, 155, 44, 113
701, 154, 43, 111
702, 153, 43, 111
704, 154, 42, 106
707, 151, 43, 111
708, 150, 42, 108
708, 147, 44, 113
709, 145, 44, 113
711, 143, 45, 115
712, 141, 46, 117
714, 140, 46, 117
716, 138, 46, 117
717, 138, 45, 115
719, 136, 46, 117
721, 138, 43, 111
722, 136, 44, 113
724, 137, 42, 108
725, 135, 43, 111
727, 134, 42, 108
728, 133, 42, 108
729, 131, 43, 111
730, 129, 44, 113
732, 128, 44, 113
733, 125, 45, 115
733, 124, 45, 115
735, 122, 45, 115
737, 121, 45, 115
738, 120, 44, 113
740, 120, 44, 113
740, 118, 45, 115
742, 118, 44, 113
745, 120, 41, 104
746, 118, 42, 106
749, 118, 42, 106
750, 117, 42, 106
751, 116, 42, 106
751, 112, 43, 111
753, 111, 42, 108
754, 109, 43, 111
755, 109, 42, 108
756, 107, 43, 111
758, 104, 44, 113
758, 103, 44, 113
760, 102, 43, 111
761, 102, 43, 111
764, 103, 42, 106
765, 102, 42, 108
765, 100, 42, 108
767, 99, 42, 108
769, 100, 42, 106
769, 97, 43, 111
771, 97, 42, 106
773, 95, 43, 111
772, 93, 42, 108
774, 93, 42, 106
775, 90, 43, 111
776, 88, 43, 111
776, 87, 43, 111
