884.0245971679688, 371.27777099609375, 28.652612686157227, 57.30522537231445
882.783935546875, 370.49200439453125, 29.225664138793945, 58.45132827758789
882.101318359375, 370.0849304199219, 29.810178756713867, 59.620357513427734
882.4385375976562, 372.9136657714844, 27.53999900817871, 55.07999801635742
880.975341796875, 372.65753173828125, 27.0, 54.0
881.0756225585938, 373.44390869140625, 27.53999900817871, 55.07999801635742
880.5128173828125, 374.0784606933594, 27.0, 54.0
879.2949829101562, 373.4815368652344, 27.0, 54.0
880.334228515625, 374.678955078125, 26.47058868408203, 52.94117736816406
878.8919067382812, 373.7482604980469, 25.951557159423828, 51.903114318847656
878.9598388671875, 375.1790771484375, 25.951557159423828, 51.903114318847656
876.7259521484375, 373.38934326171875, 26.999996185302734, 53.99999237060547
875.3582153320312, 373.2510681152344, 26.999996185302734, 53.99999237060547
875.3521118164062, 373.67266845703125, 26.999996185302734, 53.99999237060547
874.5844116210938, 373.67913818359375, 26.999996185302734, 53.99999237060547
872.1414184570312, 374.2361145019531, 26.999996185302734, 53.99999237060547
872.00244140625, 373.8227233886719, 26.999996185302734, 53.99999237060547
871.5601806640625, 375.1004943847656, 25.951555252075195, 51.90311050415039
871.1336669921875, 374.217529296875, 25.44270133972168, 50.88540267944336
870.1737670898438, 374.5339660644531, 25.44270133972168, 50.88540267944336
869.8063354492188, 375.5340576171875, 24.943824768066406, 49.88764953613281
869.468017578125, 375.91998291015625, 24.454729080200195, 48.90945816040039
868.5313110351562, 375.3146057128906, 23.9752254486084, 47.9504508972168
867.424072265625, 375.5351257324219, 23.9752254486084, 47.9504508972168
866.762451171875, 375.68487548828125, 23.505123138427734, 47.01024627685547
867.2073364257812, 376.05108642578125, 23.505123138427734, 47.01024627685547
865.7763671875, 375.07769775390625, 24.454727172851562, 48.909454345703125
863.312255859375, 374.8030090332031, 24.94382095336914, 49.88764190673828
863.3751220703125, 375.3400573730469, 24.94382095336914, 49.88764190673828
861.9214477539062, 373.8768005371094, 25.442697525024414, 50.88539505004883
860.320068359375, 373.503173828125, 25.442697525024414, 50.88539505004883
859.2554931640625, 373.984619140625, 24.94382095336914, 49.88764190673828
859.2648315429688, 374.6753845214844, 24.94382095336914, 49.88764190673828
858.6979370117188, 374.4603576660156, 24.94382095336914, 49.88764190673828
857.2178344726562, 373.65570068359375, 24.94382095336914, 49.88764190673828
857.4651489257812, 374.6978759765625, 24.454727172851562, 48.909454345703125
856.9082641601562, 373.0672302246094, 23.5051212310791, 47.0102424621582
856.3349609375, 374.1859130859375, 23.5051212310791, 47.0102424621582
854.7451782226562, 375.83551025390625, 23.04423713684082, 46.08847427368164
853.5838623046875, 374.57672119140625, 23.04423713684082, 46.08847427368164
853.0636596679688, 374.084228515625, 23.5051212310791, 47.0102424621582
853.5106811523438, 375.0907897949219, 23.5051212310791, 47.0102424621582
852.2335815429688, 375.35760498046875, 23.04423713684082, 46.08847427368164
851.1678466796875, 374.82073974609375, 23.04423713684082, 46.08847427368164
850.416259765625, 374.884521484375, 23.04423713684082, 46.08847427368164
849.769287109375, 375.3272705078125, 22.592390060424805, 45.18478012084961
848.31298828125, 375.42706298828125, 22.592390060424805, 45.18478012084961
847.504150390625, 375.2969970703125, 22.592390060424805, 45.18478012084961
846.9373168945312, 375.3225402832031, 22.592390060424805, 45.18478012084961
845.5978393554688, 375.2049865722656, 22.14940071105957, 44.29880142211914
845.9020385742188, 374.72735595703125, 22.592390060424805, 45.18478012084961
844.1459350585938, 374.94036865234375, 22.592390060424805, 45.18478012084961
843.9262084960938, 374.6180419921875, 22.14940071105957, 44.29880142211914
843.8341674804688, 375.29534912109375, 21.715099334716797, 43.430198669433594
843.3192749023438, 374.6910095214844, 22.14940071105957, 44.29880142211914
842.4202880859375, 375.0713806152344, 21.715099334716797, 43.430198669433594
841.2289428710938, 375.0270690917969, 21.715099334716797, 43.430198669433594
840.2535400390625, 374.612548828125, 22.14940071105957, 44.29880142211914
839.8985595703125, 374.7704772949219, 22.14940071105957, 44.29880142211914
839.7349853515625, 374.7132873535156, 22.592390060424805, 45.18478012084961
837.4871215820312, 374.66729736328125, 22.592390060424805, 45.18478012084961
837.1861572265625, 373.8491516113281, 22.592390060424805, 45.18478012084961
836.1068115234375, 373.415771484375, 22.592390060424805, 45.18478012084961
834.944091796875, 372.7578430175781, 22.592390060424805, 45.18478012084961
834.0958251953125, 372.9471435546875, 22.592390060424805, 45.18478012084961
833.0607299804688, 372.8587341308594, 22.592390060424805, 45.18478012084961
832.2133178710938, 372.82080078125, 22.592390060424805, 45.18478012084961
831.610595703125, 372.5810546875, 22.592390060424805, 45.18478012084961
831.6612548828125, 372.5466003417969, 22.14940071105957, 44.29880142211914
831.3932495117188, 373.18414306640625, 22.14940071105957, 44.29880142211914
830.4979858398438, 372.43780517578125, 22.14940071105957, 44.29880142211914
829.423828125, 372.1522521972656, 22.592390060424805, 45.18478012084961
828.3543701171875, 371.8877258300781, 23.04423713684082, 46.08847427368164
828.1351318359375, 372.2514343261719, 23.04423713684082, 46.08847427368164
826.8427124023438, 371.5439758300781, 23.04423713684082, 46.08847427368164
826.245361328125, 371.87286376953125, 23.04423713684082, 46.08847427368164
825.9115600585938, 372.43536376953125, 23.04423713684082, 46.08847427368164
824.5101928710938, 372.0857238769531, 23.04423713684082, 46.08847427368164
823.2631225585938, 371.7908020019531, 23.04423713684082, 46.08847427368164
823.3418579101562, 372.3153991699219, 22.592390060424805, 45.18478012084961
822.1348876953125, 371.8013610839844, 23.04423713684082, 46.08847427368164
821.3060302734375, 371.8854064941406, 22.592390060424805, 45.18478012084961
820.5582885742188, 371.7430419921875, 22.592390060424805, 45.18478012084961
820.3549194335938, 371.5940246582031, 22.592390060424805, 45.18478012084961
819.6392211914062, 371.652587890625, 22.14940071105957, 44.29880142211914
819.963623046875, 372.3918151855469, 22.592390060424805, 45.18478012084961
818.3406982421875, 371.2635498046875, 22.592390060424805, 45.18478012084961
818.0258178710938, 371.8857727050781, 22.592390060424805, 45.18478012084961
816.8357543945312, 371.20263671875, 22.592390060424805, 45.18478012084961
816.06298828125, 371.5516357421875, 22.14940071105957, 44.29880142211914
815.8809204101562, 371.4438171386719, 22.592390060424805, 45.18478012084961
814.9823608398438, 370.0142822265625, 22.592390060424805, 45.18478012084961
814.3946533203125, 370.3158874511719, 22.592390060424805, 45.18478012084961
813.9374389648438, 370.3028259277344, 22.592390060424805, 45.18478012084961
812.969970703125, 369.8443298339844, 22.592390060424805, 45.18478012084961
811.7886352539062, 369.30267333984375, 22.592390060424805, 45.18478012084961
810.66845703125, 369.2754821777344, 22.592390060424805, 45.18478012084961
810.3345336914062, 369.3932800292969, 22.592390060424805, 45.18478012084961
808.9501953125, 369.1031494140625, 22.592390060424805, 45.18478012084961
807.2264404296875, 369.2539978027344, 22.592390060424805, 45.18478012084961
806.6287231445312, 368.5966796875, 22.592390060424805, 45.18478012084961
806.4810180664062, 367.7597351074219, 22.592390060424805, 45.18478012084961
805.7659912109375, 367.642333984375, 22.592390060424805, 45.18478012084961
804.8245849609375, 366.94512939453125, 22.592390060424805, 45.18478012084961
804.3403930664062, 366.95489501953125, 22.592390060424805, 45.18478012084961
804.0447998046875, 366.76336669921875, 22.592390060424805, 45.18478012084961
803.458251953125, 366.3936462402344, 22.592390060424805, 45.18478012084961
803.8382568359375, 367.0347595214844, 22.592390060424805, 45.18478012084961
805.1040649414062, 365.0606689453125, 22.592390060424805, 45.18478012084961
801.3241577148438, 367.22149658203125, 22.592390060424805, 45.18478012084961
801.2760620117188, 366.95758056640625, 22.592390060424805, 45.18478012084961
800.8563232421875, 366.2505798339844, 22.592390060424805, 45.18478012084961
799.81591796875, 365.42279052734375, 22.592390060424805, 45.18478012084961
799.1536865234375, 364.7818603515625, 22.592390060424805, 45.18478012084961
799.0980224609375, 365.21575927734375, 22.592390060424805, 45.18478012084961
796.3973999023438, 366.9515075683594, 22.592390060424805, 45.18478012084961
796.3414306640625, 366.180908203125, 22.592390060424805, 45.18478012084961
796.0231323242188, 366.1719055175781, 22.592390060424805, 45.18478012084961
793.5943603515625, 366.35791015625, 22.592390060424805, 45.18478012084961
793.1292724609375, 366.1627197265625, 22.592390060424805, 45.18478012084961
791.4442138671875, 367.30126953125, 22.592390060424805, 45.18478012084961
791.1407470703125, 365.8190612792969, 22.592390060424805, 45.18478012084961
790.7685546875, 365.512939453125, 22.592390060424805, 45.18478012084961
789.7769165039062, 365.0795593261719, 22.14940071105957, 44.29880142211914
790.1066284179688, 366.23809814453125, 22.14940071105957, 44.29880142211914
788.2252807617188, 367.2562255859375, 22.14940071105957, 44.29880142211914
786.5546264648438, 365.9605407714844, 22.592390060424805, 45.18478012084961
785.890869140625, 366.0967102050781, 22.592390060424805, 45.18478012084961
784.3582153320312, 365.83160400390625, 22.592390060424805, 45.18478012084961
783.9041137695312, 365.5845031738281, 22.592390060424805, 45.18478012084961
782.6892700195312, 365.6044006347656, 22.14940071105957, 44.29880142211914
783.1129760742188, 366.66754150390625, 22.14940071105957, 44.29880142211914
781.4405517578125, 367.1270446777344, 22.14940071105957, 44.29880142211914
781.1034545898438, 365.7350769042969, 22.14940071105957, 44.29880142211914
780.6021728515625, 366.1094665527344, 22.14940071105957, 44.29880142211914
780.08984375, 366.0664367675781, 22.14940071105957, 44.29880142211914
778.8598022460938, 365.5076599121094, 22.14940071105957, 44.29880142211914
778.9227294921875, 366.3160705566406, 22.14940071105957, 44.29880142211914
778.1851196289062, 366.46636962890625, 22.14940071105957, 44.29880142211914
777.2286376953125, 366.49639892578125, 22.14940071105957, 44.29880142211914
776.1439819335938, 366.44183349609375, 22.14940071105957, 44.29880142211914
775.2577514648438, 366.6312255859375, 22.14940071105957, 44.29880142211914
774.589111328125, 366.843505859375, 22.14940071105957, 44.29880142211914
773.915283203125, 367.1164245605469, 22.14940071105957, 44.29880142211914
773.001708984375, 366.50482177734375, 22.14940071105957, 44.29880142211914
771.5505981445312, 366.3572692871094, 22.14940071105957, 44.29880142211914
770.8801879882812, 366.5003662109375, 22.14940071105957, 44.29880142211914
770.40625, 366.701416015625, 22.14940071105957, 44.29880142211914
769.1094360351562, 366.11737060546875, 22.14940071105957, 44.29880142211914
768.1096801757812, 365.6311950683594, 22.14940071105957, 44.29880142211914
767.5489501953125, 366.0946960449219, 22.14940071105957, 44.29880142211914
767.11767578125, 365.82318115234375, 22.14940071105957, 44.29880142211914
766.23193359375, 366.12066650390625, 22.14940071105957, 44.29880142211914
765.2783813476562, 365.79498291015625, 22.14940071105957, 44.29880142211914
764.5963745117188, 366.3842468261719, 22.14940071105957, 44.29880142211914
763.8468627929688, 366.19866943359375, 22.14940071105957, 44.29880142211914
763.2866821289062, 366.005859375, 22.14940071105957, 44.29880142211914
761.9874877929688, 365.79681396484375, 22.14940071105957, 44.29880142211914
760.888427734375, 366.30841064453125, 22.14940071105957, 44.29880142211914
760.429443359375, 366.1824951171875, 22.14940071105957, 44.29880142211914
758.89013671875, 365.80389404296875, 22.14940071105957, 44.29880142211914
758.6785888671875, 366.4561462402344, 22.14940071105957, 44.29880142211914
757.7268676757812, 365.80621337890625, 22.14940071105957, 44.29880142211914
757.2951049804688, 366.1794128417969, 22.14940071105957, 44.29880142211914
755.6370849609375, 366.2862243652344, 22.14940071105957, 44.29880142211914
755.3604125976562, 365.55853271484375, 22.14940071105957, 44.29880142211914
754.4420166015625, 365.2373352050781, 22.14940071105957, 44.29880142211914
753.7198486328125, 365.14569091796875, 22.14940071105957, 44.29880142211914
753.0845336914062, 365.1123352050781, 22.14940071105957, 44.29880142211914
751.7786865234375, 365.05426025390625, 22.14940071105957, 44.29880142211914
751.8482666015625, 365.2339782714844, 22.14940071105957, 44.29880142211914
751.1558227539062, 365.2506408691406, 22.14940071105957, 44.29880142211914
749.7680053710938, 365.1113586425781, 22.14940071105957, 44.29880142211914
749.7234497070312, 365.4033203125, 22.14940071105957, 44.29880142211914
748.7152099609375, 365.2188720703125, 22.14940071105957, 44.29880142211914
747.5616455078125, 365.0367431640625, 22.14940071105957, 44.29880142211914
746.63720703125, 364.5318603515625, 22.14940071105957, 44.29880142211914
745.8345336914062, 364.7208557128906, 22.14940071105957, 44.29880142211914
745.0032958984375, 364.9898376464844, 22.14940071105957, 44.29880142211914
743.1761474609375, 364.94464111328125, 22.14940071105957, 44.29880142211914
742.6060791015625, 364.50347900390625, 22.14940071105957, 44.29880142211914
742.2552490234375, 364.4833068847656, 22.14940071105957, 44.29880142211914
741.3020629882812, 364.36846923828125, 22.14940071105957, 44.29880142211914
740.63525390625, 364.2939147949219, 22.14940071105957, 44.29880142211914
740.3223266601562, 364.3493957519531, 22.14940071105957, 44.29880142211914
739.57568359375, 364.296875, 22.14940071105957, 44.29880142211914
738.7054443359375, 364.48211669921875, 22.14940071105957, 44.29880142211914
738.0325317382812, 364.72576904296875, 22.14940071105957, 44.29880142211914
736.5950317382812, 364.83935546875, 22.14940071105957, 44.29880142211914
735.8817749023438, 365.1055603027344, 22.14940071105957, 44.29880142211914
735.5535278320312, 364.5595397949219, 22.14940071105957, 44.29880142211914
734.681884765625, 364.4245910644531, 22.14940071105957, 44.29880142211914
733.8390502929688, 364.517822265625, 22.14940071105957, 44.29880142211914
733.0052490234375, 364.6153869628906, 22.14940071105957, 44.29880142211914
731.7058715820312, 364.3978576660156, 22.14940071105957, 44.29880142211914
731.1873168945312, 364.0661315917969, 22.14940071105957, 44.29880142211914
730.2393798828125, 363.79083251953125, 22.14940071105957, 44.29880142211914
729.5338745117188, 364.0777587890625, 22.14940071105957, 44.29880142211914
729.0081787109375, 363.26019287109375, 22.14940071105957, 44.29880142211914
727.6971435546875, 363.28509521484375, 22.14940071105957, 44.29880142211914
727.513427734375, 363.5067138671875, 22.14940071105957, 44.29880142211914
726.8715209960938, 363.7722473144531, 22.14940071105957, 44.29880142211914
726.3245849609375, 363.9223327636719, 22.14940071105957, 44.29880142211914
724.7742309570312, 363.51031494140625, 22.14940071105957, 44.29880142211914
724.665771484375, 364.3110656738281, 22.14940071105957, 44.29880142211914
723.9935302734375, 363.6524963378906, 22.14940071105957, 44.29880142211914
722.3338623046875, 364.2156982421875, 22.14940071105957, 44.29880142211914
721.8035888671875, 363.1638488769531, 22.14940071105957, 44.29880142211914
721.7122802734375, 363.3991394042969, 22.14940071105957, 44.29880142211914
720.6803588867188, 363.51690673828125, 22.14940071105957, 44.29880142211914
719.5889282226562, 364.05340576171875, 22.14940071105957, 44.29880142211914
718.69482421875, 364.3360290527344, 22.14940071105957, 44.29880142211914
717.7462158203125, 365.2983093261719, 22.14940071105957, 44.29880142211914
717.275390625, 365.3840637207031, 22.14940071105957, 44.29880142211914
715.9556274414062, 365.58355712890625, 22.14940071105957, 44.29880142211914
715.0591430664062, 366.25811767578125, 22.14940071105957, 44.29880142211914
714.2667846679688, 366.6438293457031, 22.14940071105957, 44.29880142211914
713.680419921875, 367.8702697753906, 22.14940071105957, 44.29880142211914
712.9882202148438, 367.98583984375, 22.14940071105957, 44.29880142211914
711.5009155273438, 368.794677734375, 22.14940071105957, 44.29880142211914
710.8742065429688, 369.6976013183594, 22.14940071105957, 44.29880142211914
710.5298461914062, 370.4540710449219, 22.14940071105957, 44.29880142211914
709.7536010742188, 370.8692626953125, 22.14940071105957, 44.29880142211914
709.0519409179688, 370.91741943359375, 22.14940071105957, 44.29880142211914
707.3911743164062, 371.9277038574219, 22.14940071105957, 44.29880142211914
707.0301513671875, 372.08197021484375, 22.14940071105957, 44.29880142211914
706.0656127929688, 373.3766174316406, 22.14940071105957, 44.29880142211914
704.7136840820312, 375.72216796875, 22.14940071105957, 44.29880142211914
704.6583251953125, 378.9199523925781, 22.14940071105957, 44.29880142211914
703.973388671875, 379.92431640625, 22.14940071105957, 44.29880142211914
702.0133666992188, 382.81488037109375, 22.14940071105957, 44.29880142211914
701.7001342773438, 385.32586669921875, 22.14940071105957, 44.29880142211914
701.8395385742188, 386.8571472167969, 22.14940071105957, 44.29880142211914
700.98876953125, 389.3431091308594, 22.14940071105957, 44.29880142211914
699.012451171875, 392.3537902832031, 22.14940071105957, 44.29880142211914
698.4566650390625, 394.39923095703125, 22.14940071105957, 44.29880142211914
698.1826171875, 396.65789794921875, 22.14940071105957, 44.29880142211914
697.3695678710938, 399.6632385253906, 22.14940071105957, 44.29880142211914
696.70556640625, 402.19891357421875, 22.14940071105957, 44.29880142211914
696.2450561523438, 402.89739990234375, 22.14940071105957, 44.29880142211914
695.18603515625, 402.9653015136719, 22.14940071105957, 44.29880142211914
694.2239990234375, 403.47796630859375, 22.14940071105957, 44.29880142211914
693.42919921875, 403.6467590332031, 22.14940071105957, 44.29880142211914
692.8080444335938, 403.949951171875, 22.14940071105957, 44.29880142211914
692.12548828125, 403.39141845703125, 22.14940071105957, 44.29880142211914
690.5776977539062, 403.8471374511719, 22.14940071105957, 44.29880142211914
690.2817993164062, 404.2179260253906, 22.14940071105957, 44.29880142211914
689.191162109375, 404.1168518066406, 22.14940071105957, 44.29880142211914
688.1828002929688, 403.8965759277344, 22.14940071105957, 44.29880142211914
687.5721435546875, 403.6148986816406, 22.14940071105957, 44.29880142211914
687.1149291992188, 403.8518371582031, 22.14940071105957, 44.29880142211914
685.7420654296875, 403.2331237792969, 22.14940071105957, 44.29880142211914
685.62060546875, 403.661865234375, 22.14940071105957, 44.29880142211914
685.0338745117188, 404.1893310546875, 22.14940071105957, 44.29880142211914
683.9600219726562, 403.908447265625, 22.14940071105957, 44.29880142211914
683.0802001953125, 403.86322021484375, 22.14940071105957, 44.29880142211914
682.4818115234375, 404.20281982421875, 22.14940071105957, 44.29880142211914
682.0175170898438, 404.8642883300781, 22.14940071105957, 44.29880142211914
680.5445556640625, 404.5082092285156, 22.14940071105957, 44.29880142211914
680.1600952148438, 405.2432556152344, 22.14940071105957, 44.29880142211914
679.1317138671875, 405.1546630859375, 22.14940071105957, 44.29880142211914
678.3849487304688, 405.1974182128906, 22.14940071105957, 44.29880142211914
677.9165649414062, 405.315673828125, 22.14940071105957, 44.29880142211914
677.2810668945312, 405.5366516113281, 22.14940071105957, 44.29880142211914
676.2337646484375, 405.3183898925781, 22.14940071105957, 44.29880142211914
675.6796264648438, 404.2916259765625, 22.14940071105957, 44.29880142211914
675.1859130859375, 404.7372741699219, 22.14940071105957, 44.29880142211914
674.4121704101562, 404.7327575683594, 22.14940071105957, 44.29880142211914
673.76611328125, 404.6514587402344, 22.14940071105957, 44.29880142211914
673.0938720703125, 404.6689453125, 22.14940071105957, 44.29880142211914
671.7802734375, 404.5843811035156, 22.14940071105957, 44.29880142211914
671.6425170898438, 404.5829772949219, 22.14940071105957, 44.29880142211914
671.0309448242188, 404.5326843261719, 22.14940071105957, 44.29880142211914
669.9895629882812, 404.6910705566406, 22.14940071105957, 44.29880142211914
669.1861572265625, 404.9222106933594, 22.14940071105957, 44.29880142211914
668.380126953125, 404.49200439453125, 22.14940071105957, 44.29880142211914
667.6754150390625, 405.1590576171875, 22.14940071105957, 44.29880142211914
667.0111083984375, 404.8070068359375, 22.14940071105957, 44.29880142211914
665.7843017578125, 404.9435119628906, 22.14940071105957, 44.29880142211914
665.126220703125, 404.55316162109375, 22.14940071105957, 44.29880142211914
663.8833618164062, 404.8656921386719, 22.14940071105957, 44.29880142211914
663.7425537109375, 404.417724609375, 22.14940071105957, 44.29880142211914
663.3238525390625, 404.0635070800781, 22.14940071105957, 44.29880142211914
661.8851318359375, 403.6972961425781, 22.14940071105957, 44.29880142211914
661.542236328125, 404.7200927734375, 22.14940071105957, 44.29880142211914
660.8840942382812, 404.3771667480469, 22.14940071105957, 44.29880142211914
660.3143920898438, 404.17803955078125, 22.14940071105957, 44.29880142211914
659.1008911132812, 403.901123046875, 22.14940071105957, 44.29880142211914
658.3786010742188, 404.46588134765625, 22.14940071105957, 44.29880142211914
657.7593994140625, 405.19110107421875, 22.14940071105957, 44.29880142211914
657.2542114257812, 405.1145935058594, 22.14940071105957, 44.29880142211914
656.0220336914062, 405.00616455078125, 21.715099334716797, 43.430198669433594
655.4188842773438, 405.6940612792969, 22.14940071105957, 44.29880142211914
654.3643798828125, 405.5692443847656, 22.14940071105957, 44.29880142211914
653.2476806640625, 405.41278076171875, 22.14940071105957, 44.29880142211914
652.4577026367188, 405.0718078613281, 22.14940071105957, 44.29880142211914
651.958984375, 404.62286376953125, 22.14940071105957, 44.29880142211914
650.88427734375, 404.5364074707031, 22.14940071105957, 44.29880142211914
650.7887573242188, 404.6397399902344, 22.14940071105957, 44.29880142211914
650.286376953125, 404.5991516113281, 22.14940071105957, 44.29880142211914
649.3574829101562, 404.46478271484375, 22.14940071105957, 44.29880142211914
648.2425537109375, 404.4166259765625, 22.14940071105957, 44.29880142211914
647.5051879882812, 404.5295104980469, 22.14940071105957, 44.29880142211914
646.8283081054688, 404.753173828125, 22.14940071105957, 44.29880142211914
646.5621337890625, 405.2213134765625, 22.14940071105957, 44.29880142211914
645.6917724609375, 405.0653076171875, 22.14940071105957, 44.29880142211914
644.91015625, 404.9082946777344, 22.14940071105957, 44.29880142211914
644.4786987304688, 404.5960693359375, 22.14940071105957, 44.29880142211914
642.8213500976562, 405.7937316894531, 22.14940071105957, 44.29880142211914
642.3997802734375, 405.6204833984375, 22.14940071105957, 44.29880142211914
640.7833251953125, 405.11077880859375, 22.14940071105957, 44.29880142211914
640.3607177734375, 404.4601745605469, 22.14940071105957, 44.29880142211914
639.6233520507812, 404.2695007324219, 22.14940071105957, 44.29880142211914
638.8807983398438, 403.99200439453125, 22.14940071105957, 44.29880142211914
638.2535400390625, 403.152099609375, 22.14940071105957, 44.29880142211914
637.0821533203125, 402.82183837890625, 22.14940071105957, 44.29880142211914
635.8204956054688, 403.2555236816406, 22.14940071105957, 44.29880142211914
635.663818359375, 402.8603515625, 22.14940071105957, 44.29880142211914
635.044189453125, 402.2103576660156, 22.14940071105957, 44.29880142211914
633.2804565429688, 402.35888671875, 22.14940071105957, 44.29880142211914
632.9000854492188, 402.2135009765625, 22.14940071105957, 44.29880142211914
632.9380493164062, 401.80322265625, 22.14940071105957, 44.29880142211914
630.8439331054688, 402.1304626464844, 22.14940071105957, 44.29880142211914
631.1926879882812, 400.83251953125, 22.14940071105957, 44.29880142211914
629.5840454101562, 400.962646484375, 22.14940071105957, 44.29880142211914
629.2724609375, 399.8706970214844, 22.14940071105957, 44.29880142211914
627.982177734375, 398.7284851074219, 22.14940071105957, 44.29880142211914
627.0167846679688, 399.10980224609375, 22.14940071105957, 44.29880142211914
626.3154907226562, 397.66302490234375, 22.14940071105957, 44.29880142211914
625.5245361328125, 397.7694091796875, 22.14940071105957, 44.29880142211914
624.780517578125, 396.9773254394531, 22.14940071105957, 44.29880142211914
623.4891357421875, 394.7545471191406, 22.592390060424805, 45.18478012084961
622.5152587890625, 394.13250732421875, 22.592390060424805, 45.18478012084961
621.9710083007812, 393.9134216308594, 22.14940071105957, 44.29880142211914
621.1280517578125, 393.2391357421875, 22.14940071105957, 44.29880142211914
620.3511962890625, 393.1886291503906, 22.14940071105957, 44.29880142211914
620.1082763671875, 392.4720153808594, 22.14940071105957, 44.29880142211914
618.8743286132812, 391.92095947265625, 22.14940071105957, 44.29880142211914
619.0986328125, 390.42529296875, 22.14940071105957, 44.29880142211914
617.1064453125, 390.22808837890625, 22.14940071105957, 44.29880142211914
616.9078979492188, 389.81329345703125, 22.14940071105957, 44.29880142211914
616.2811889648438, 389.2158203125, 22.14940071105957, 44.29880142211914
614.1636352539062, 387.61700439453125, 22.14940071105957, 44.29880142211914
614.0107421875, 387.19354248046875, 22.14940071105957, 44.29880142211914
613.1856079101562, 386.199951171875, 22.14940071105957, 44.29880142211914
610.773681640625, 384.2559814453125, 22.14940071105957, 44.29880142211914
611.803955078125, 384.0227355957031, 22.14940071105957, 44.29880142211914
611.403076171875, 383.0143127441406, 22.14940071105957, 44.29880142211914
609.2064208984375, 381.33319091796875, 22.14940071105957, 44.29880142211914
608.9151000976562, 381.03680419921875, 22.14940071105957, 44.29880142211914
608.8880004882812, 380.2441101074219, 22.14940071105957, 44.29880142211914
608.21630859375, 379.6779479980469, 22.14940071105957, 44.29880142211914
605.87060546875, 378.6916809082031, 22.14940071105957, 44.29880142211914
606.0747680664062, 378.23974609375, 22.14940071105957, 44.29880142211914
604.0023193359375, 376.8516845703125, 22.14940071105957, 44.29880142211914
602.9000244140625, 375.9109802246094, 22.14940071105957, 44.29880142211914
602.9293823242188, 375.0228271484375, 22.14940071105957, 44.29880142211914
600.78857421875, 374.1427917480469, 22.14940071105957, 44.29880142211914
601.106689453125, 373.67816162109375, 22.14940071105957, 44.29880142211914
599.33837890625, 372.6448059082031, 22.14940071105957, 44.29880142211914
598.9382934570312, 371.0544738769531, 22.14940071105957, 44.29880142211914
596.9584350585938, 368.8688659667969, 22.14940071105957, 44.29880142211914
596.7401733398438, 369.2387390136719, 22.14940071105957, 44.29880142211914
596.640380859375, 367.84429931640625, 22.14940071105957, 44.29880142211914
595.73291015625, 368.189697265625, 22.14940071105957, 44.29880142211914
595.2172241210938, 367.04541015625, 22.14940071105957, 44.29880142211914
592.7702026367188, 365.4455871582031, 22.14940071105957, 44.29880142211914
592.5966796875, 365.4014892578125, 22.14940071105957, 44.29880142211914
591.9805908203125, 363.974365234375, 22.14940071105957, 44.29880142211914
590.786865234375, 363.5787658691406, 22.14940071105957, 44.29880142211914
590.7115478515625, 362.8858337402344, 22.14940071105957, 44.29880142211914
589.841796875, 361.76043701171875, 22.14940071105957, 44.29880142211914
588.0809936523438, 360.69732666015625, 22.14940071105957, 44.29880142211914
586.680908203125, 359.5785827636719, 22.14940071105957, 44.29880142211914
586.1452026367188, 359.5543212890625, 22.14940071105957, 44.29880142211914
585.0446166992188, 357.9956970214844, 22.14940071105957, 44.29880142211914
583.3252563476562, 356.5706787109375, 22.14940071105957, 44.29880142211914
583.2603149414062, 355.40740966796875, 22.14940071105957, 44.29880142211914
582.7149047851562, 354.4173583984375, 22.14940071105957, 44.29880142211914
582.626708984375, 354.0820617675781, 22.14940071105957, 44.29880142211914
580.5678100585938, 353.90740966796875, 22.14940071105957, 44.29880142211914
579.764404296875, 352.77667236328125, 22.14940071105957, 44.29880142211914
578.1535034179688, 352.5419616699219, 22.14940071105957, 44.29880142211914
577.196044921875, 351.7571105957031, 22.14940071105957, 44.29880142211914
575.8538208007812, 351.09228515625, 22.14940071105957, 44.29880142211914
575.8333129882812, 349.0206298828125, 22.14940071105957, 44.29880142211914
574.0647583007812, 348.47747802734375, 22.14940071105957, 44.29880142211914
572.7037963867188, 348.0343017578125, 22.14940071105957, 44.29880142211914
572.0076293945312, 346.0284423828125, 22.14940071105957, 44.29880142211914
569.8514404296875, 345.0422668457031, 22.14940071105957, 44.29880142211914
569.9951171875, 343.8243103027344, 22.14940071105957, 44.29880142211914
567.7686767578125, 344.1578063964844, 22.14940071105957, 44.29880142211914
567.5894165039062, 341.4461669921875, 22.14940071105957, 44.29880142211914
566.4479370117188, 342.31231689453125, 22.14940071105957, 44.29880142211914
564.8450317382812, 342.5360107421875, 22.14940071105957, 44.29880142211914
564.1296997070312, 339.8959045410156, 22.14940071105957, 44.29880142211914
561.6094360351562, 338.7380676269531, 22.14940071105957, 44.29880142211914
561.5345458984375, 338.28778076171875, 22.14940071105957, 44.29880142211914
560.59130859375, 338.00634765625, 22.14940071105957, 44.29880142211914
558.7005615234375, 337.3255310058594, 22.14940071105957, 44.29880142211914
557.8002319335938, 337.1301574707031, 22.14940071105957, 44.29880142211914
557.0385131835938, 335.1308898925781, 22.14940071105957, 44.29880142211914
555.537353515625, 333.85736083984375, 22.14940071105957, 44.29880142211914
554.630126953125, 333.0994873046875, 22.14940071105957, 44.29880142211914
553.05224609375, 331.8747863769531, 22.14940071105957, 44.29880142211914
552.1565551757812, 330.7879638671875, 22.14940071105957, 44.29880142211914
551.9536743164062, 331.02459716796875, 22.14940071105957, 44.29880142211914
549.8646240234375, 329.9869384765625, 22.14940071105957, 44.29880142211914
549.5459594726562, 329.51055908203125, 22.14940071105957, 44.29880142211914
547.6435546875, 328.80584716796875, 22.14940071105957, 44.29880142211914
546.6969604492188, 328.4162292480469, 22.14940071105957, 44.29880142211914
546.01416015625, 327.4198303222656, 22.14940071105957, 44.29880142211914
543.8213500976562, 325.8856506347656, 22.14940071105957, 44.29880142211914
543.8001708984375, 325.6646728515625, 22.14940071105957, 44.29880142211914
542.1166381835938, 324.6791076660156, 22.14940071105957, 44.29880142211914
539.6323852539062, 322.89471435546875, 22.14940071105957, 44.29880142211914
538.15234375, 322.0525817871094, 22.14940071105957, 44.29880142211914
536.0261840820312, 321.52899169921875, 22.14940071105957, 44.29880142211914
534.0178833007812, 320.75946044921875, 22.14940071105957, 44.29880142211914
532.235595703125, 319.4648132324219, 22.14940071105957, 44.29880142211914
530.207763671875, 319.0331726074219, 22.14940071105957, 44.29880142211914
529.1399536132812, 316.9063720703125, 22.14940071105957, 44.29880142211914
526.8314208984375, 316.3919982910156, 22.14940071105957, 44.29880142211914
525.4384765625, 316.149169921875, 22.14940071105957, 44.29880142211914
522.0966186523438, 315.640625, 22.14940071105957, 44.29880142211914
519.0572509765625, 315.29302978515625, 22.592390060424805, 45.18478012084961
518.0858764648438, 313.25177001953125, 22.14940071105957, 44.29880142211914
516.3564453125, 313.94329833984375, 22.14940071105957, 44.29880142211914
514.374267578125, 311.8940124511719, 22.14940071105957, 44.29880142211914
512.3463134765625, 310.6590576171875, 22.14940071105957, 44.29880142211914
510.65625, 310.6799621582031, 22.14940071105957, 44.29880142211914
509.60400390625, 309.6269226074219, 22.14940071105957, 44.29880142211914
507.079833984375, 308.464111328125, 22.14940071105957, 44.29880142211914
506.15240478515625, 307.9993591308594, 22.14940071105957, 44.29880142211914
503.53607177734375, 305.331298828125, 22.14940071105957, 44.29880142211914
503.0906982421875, 305.5080871582031, 22.14940071105957, 44.29880142211914
500.84722900390625, 304.7897033691406, 22.14940071105957, 44.29880142211914
499.720458984375, 305.2398376464844, 22.14940071105957, 44.29880142211914
496.92498779296875, 303.0126037597656, 22.14940071105957, 44.29880142211914
495.84857177734375, 303.126220703125, 22.14940071105957, 44.29880142211914
492.4268798828125, 300.9410705566406, 22.14940071105957, 44.29880142211914
489.7490234375, 300.0830078125, 22.14940071105957, 44.29880142211914
487.91546630859375, 299.4408264160156, 22.14940071105957, 44.29880142211914
485.267822265625, 298.6651306152344, 22.14940071105957, 44.29880142211914
481.8791809082031, 298.0484924316406, 22.14940071105957, 44.29880142211914
479.9768371582031, 296.6828918457031, 22.14940071105957, 44.29880142211914
476.8404235839844, 295.8935241699219, 22.14940071105957, 44.29880142211914
476.13531494140625, 294.24822998046875, 22.14940071105957, 44.29880142211914
473.6768493652344, 293.1226806640625, 22.14940071105957, 44.29880142211914
472.60662841796875, 291.7416687011719, 22.14940071105957, 44.29880142211914
471.17523193359375, 291.3780517578125, 22.14940071105957, 44.29880142211914
469.94708251953125, 290.3344421386719, 22.14940071105957, 44.29880142211914
468.0146179199219, 289.84527587890625, 22.592390060424805, 45.18478012084961
467.1361999511719, 289.1284484863281, 22.14940071105957, 44.29880142211914
466.7019958496094, 289.8816223144531, 22.14940071105957, 44.29880142211914
466.21331787109375, 289.369384765625, 22.14940071105957, 44.29880142211914
464.2247009277344, 289.8323059082031, 22.14940071105957, 44.29880142211914
462.71771240234375, 290.4433898925781, 22.14940071105957, 44.29880142211914
462.4641418457031, 290.5797119140625, 22.14940071105957, 44.29880142211914
459.8441162109375, 291.0008850097656, 22.14940071105957, 44.29880142211914
458.8211364746094, 290.59912109375, 22.14940071105957, 44.29880142211914
456.317626953125, 291.1662292480469, 22.14940071105957, 44.29880142211914
454.34564208984375, 291.1307067871094, 21.715099334716797, 43.430198669433594
451.9330749511719, 291.4010314941406, 22.14940071105957, 44.29880142211914
450.4323425292969, 291.3141174316406, 22.14940071105957, 44.29880142211914
449.27349853515625, 290.7915344238281, 22.14940071105957, 44.29880142211914
446.7919006347656, 291.4117736816406, 22.14940071105957, 44.29880142211914
446.3743896484375, 290.91693115234375, 22.14940071105957, 44.29880142211914
443.3799133300781, 290.28070068359375, 22.14940071105957, 44.29880142211914
441.9661560058594, 290.7359619140625, 22.14940071105957, 44.29880142211914
439.1607971191406, 291.06103515625, 22.14940071105957, 44.29880142211914
437.80157470703125, 290.7760314941406, 22.14940071105957, 44.29880142211914
436.5338134765625, 290.9573669433594, 22.14940071105957, 44.29880142211914
433.4961242675781, 290.8558654785156, 22.14940071105957, 44.29880142211914
431.4531555175781, 290.79742431640625, 22.14940071105957, 44.29880142211914
428.9660339355469, 291.2782897949219, 22.14940071105957, 44.29880142211914
426.3894958496094, 291.1500549316406, 22.14940071105957, 44.29880142211914
424.57965087890625, 291.2495422363281, 22.14940071105957, 44.29880142211914
422.2289733886719, 290.7632141113281, 22.14940071105957, 44.29880142211914
419.6084289550781, 291.6658935546875, 22.14940071105957, 44.29880142211914
418.0771484375, 291.5108947753906, 22.14940071105957, 44.29880142211914
415.0602111816406, 291.5695495605469, 22.14940071105957, 44.29880142211914
412.73876953125, 291.44696044921875, 22.14940071105957, 44.29880142211914
410.6351623535156, 291.1956481933594, 22.14940071105957, 44.29880142211914
408.18902587890625, 290.58294677734375, 22.14940071105957, 44.29880142211914
405.4803466796875, 291.27032470703125, 22.14940071105957, 44.29880142211914
404.4218444824219, 290.80950927734375, 22.14940071105957, 44.29880142211914
401.343994140625, 292.2790832519531, 22.14940071105957, 44.29880142211914
398.19769287109375, 292.14892578125, 22.14940071105957, 44.29880142211914
395.9568176269531, 292.3991394042969, 22.14940071105957, 44.29880142211914
393.3148193359375, 292.7793273925781, 22.14940071105957, 44.29880142211914
391.2151184082031, 293.23968505859375, 22.14940071105957, 44.29880142211914
388.41558837890625, 292.9022521972656, 22.14940071105957, 44.29880142211914
386.29754638671875, 292.8499755859375, 22.14940071105957, 44.29880142211914
383.46343994140625, 293.6958312988281, 22.592390060424805, 45.18478012084961
380.5939636230469, 293.4676513671875, 22.14940071105957, 44.29880142211914
379.3284912109375, 293.0011291503906, 22.14940071105957, 44.29880142211914
376.4031982421875, 293.6627197265625, 22.14940071105957, 44.29880142211914
374.5152893066406, 294.92596435546875, 22.14940071105957, 44.29880142211914
371.736083984375, 294.59613037109375, 22.14940071105957, 44.29880142211914
369.6432800292969, 295.1244812011719, 22.14940071105957, 44.29880142211914
367.3076477050781, 295.1852722167969, 22.14940071105957, 44.29880142211914
364.54510498046875, 295.384765625, 22.14940071105957, 44.29880142211914
361.984375, 295.9771423339844, 22.14940071105957, 44.29880142211914
359.36053466796875, 295.9291687011719, 22.14940071105957, 44.29880142211914
357.047119140625, 295.9012451171875, 22.14940071105957, 44.29880142211914
354.57684326171875, 296.1122741699219, 22.14940071105957, 44.29880142211914
352.6647033691406, 297.0510559082031, 21.715099334716797, 43.430198669433594
349.6732177734375, 297.1394348144531, 22.14940071105957, 44.29880142211914
346.8988342285156, 296.9550476074219, 22.14940071105957, 44.29880142211914
