858.0,562.0,45.0,96.0
857.0,561.0,45.0,96.0
856.0,562.0,44.0,95.0
853.0,563.0,44.0,95.0
851.0,562.0,45.0,98.0
850.0,561.0,46.0,99.0
850.0,563.0,44.0,94.0
849.0,561.0,43.0,93.0
849.0,561.0,43.0,93.0
848.0,561.0,43.0,93.0
850.0,561.0,43.0,93.0
848.0,561.0,43.0,93.0
849.0,560.0,44.0,94.0
847.0,560.0,43.0,93.0
846.0,560.0,43.0,93.0
844.0,558.0,44.0,94.0
842.0,558.0,43.0,93.0
839.0,557.0,43.0,93.0
837.0,557.0,43.0,93.0
835.0,556.0,43.0,93.0
832.0,556.0,43.0,93.0
830.0,556.0,44.0,94.0
827.0,556.0,43.0,93.0
825.0,557.0,43.0,93.0
823.0,556.0,44.0,94.0
820.0,555.0,44.0,94.0
818.0,555.0,43.0,93.0
816.0,552.0,43.0,93.0
813.0,551.0,43.0,93.0
811.0,548.0,43.0,93.0
809.0,547.0,43.0,93.0
807.0,545.0,43.0,93.0
805.0,544.0,43.0,93.0
803.0,543.0,43.0,92.0
801.0,541.0,43.0,93.0
800.0,540.0,43.0,92.0
797.0,539.0,43.0,92.0
795.0,537.0,43.0,92.0
793.0,534.0,43.0,93.0
791.0,533.0,43.0,92.0
789.0,532.0,43.0,90.0
788.0,531.0,42.0,89.0
785.0,530.0,42.0,89.0
783.0,530.0,42.0,89.0
781.0,531.0,41.0,88.0
779.0,531.0,42.0,89.0
777.0,532.0,42.0,89.0
775.0,531.0,42.0,89.0
772.0,532.0,42.0,89.0
770.0,532.0,42.0,89.0
769.0,532.0,42.0,89.0
765.0,531.0,43.0,90.0
764.0,531.0,43.0,90.0
763.0,531.0,43.0,90.0
762.0,532.0,42.0,89.0
759.0,532.0,43.0,90.0
757.0,533.0,43.0,90.0
756.0,533.0,42.0,89.0
754.0,533.0,42.0,89.0
753.0,533.0,42.0,89.0
752.0,533.0,42.0,89.0
749.0,533.0,42.0,89.0
748.0,533.0,42.0,89.0
746.0,533.0,42.0,89.0
745.0,532.0,42.0,89.0
742.0,533.0,42.0,89.0
741.0,534.0,42.0,89.0
739.0,534.0,42.0,89.0
737.0,534.0,42.0,89.0
736.0,534.0,42.0,89.0
734.0,534.0,43.0,90.0
732.0,534.0,43.0,90.0
730.0,534.0,43.0,90.0
728.0,534.0,43.0,90.0
727.0,534.0,43.0,90.0
725.0,534.0,43.0,90.0
724.0,533.0,43.0,90.0
723.0,534.0,43.0,90.0
722.0,534.0,42.0,89.0
720.0,534.0,42.0,89.0
719.0,534.0,42.0,89.0
718.0,535.0,42.0,89.0
716.0,535.0,42.0,89.0
715.0,534.0,42.0,89.0
713.0,534.0,42.0,89.0
711.0,533.0,42.0,89.0
710.0,533.0,42.0,89.0
708.0,533.0,42.0,89.0
707.0,533.0,42.0,89.0
705.0,534.0,42.0,89.0
704.0,534.0,42.0,89.0
702.0,534.0,42.0,89.0
701.0,534.0,42.0,89.0
698.0,534.0,42.0,89.0
696.0,533.0,42.0,89.0
695.0,533.0,42.0,89.0
694.0,531.0,42.0,89.0
692.0,531.0,42.0,89.0
690.0,531.0,42.0,89.0
689.0,531.0,42.0,89.0
688.0,530.0,42.0,89.0
686.0,530.0,43.0,90.0
685.0,530.0,43.0,90.0
684.0,531.0,42.0,89.0
683.0,531.0,42.0,89.0
681.0,531.0,42.0,89.0
680.0,529.0,42.0,89.0
679.0,529.0,42.0,89.0
678.0,528.0,42.0,89.0
677.0,528.0,42.0,89.0
677.0,527.0,43.0,89.0
678.0,526.0,43.0,89.0
681.0,526.0,43.0,89.0
684.0,526.0,42.0,89.0
688.0,526.0,42.0,89.0
691.0,526.0,42.0,89.0
693.0,524.0,43.0,89.0
697.0,523.0,43.0,89.0
700.0,522.0,43.0,89.0
703.0,521.0,42.0,89.0
706.0,520.0,42.0,89.0
710.0,519.0,42.0,89.0
713.0,518.0,42.0,89.0
717.0,519.0,42.0,88.0
721.0,519.0,42.0,88.0
725.0,518.0,42.0,88.0
729.0,518.0,42.0,88.0
732.0,517.0,42.0,89.0
734.0,516.0,42.0,89.0
738.0,516.0,42.0,88.0
741.0,515.0,42.0,89.0
744.0,514.0,42.0,89.0
746.0,514.0,42.0,89.0
750.0,513.0,42.0,89.0
753.0,513.0,42.0,89.0
757.0,513.0,42.0,89.0
760.0,513.0,42.0,89.0
763.0,512.0,42.0,89.0
766.0,512.0,42.0,89.0
768.0,511.0,43.0,89.0
772.0,510.0,43.0,89.0
775.0,510.0,43.0,89.0
778.0,508.0,43.0,89.0
782.0,508.0,42.0,89.0
785.0,508.0,42.0,89.0
788.0,507.0,42.0,89.0
791.0,507.0,42.0,88.0
795.0,508.0,42.0,88.0
798.0,506.0,42.0,89.0
801.0,506.0,42.0,89.0
804.0,506.0,42.0,88.0
807.0,504.0,42.0,89.0
810.0,502.0,42.0,89.0
814.0,502.0,42.0,89.0
817.0,501.0,42.0,89.0
820.0,501.0,42.0,89.0
823.0,501.0,42.0,89.0
825.0,501.0,42.0,89.0
827.0,501.0,42.0,89.0
829.0,501.0,42.0,89.0
829.0,501.0,42.0,89.0
830.0,501.0,42.0,89.0
830.0,501.0,42.0,89.0
830.0,501.0,42.0,89.0
830.0,500.0,42.0,89.0
831.0,500.0,42.0,89.0
831.0,500.0,42.0,89.0
833.0,500.0,42.0,89.0
833.0,500.0,42.0,89.0
832.0,500.0,42.0,89.0
832.0,500.0,42.0,89.0
833.0,500.0,42.0,89.0
833.0,500.0,42.0,88.0
832.0,500.0,42.0,89.0
831.0,500.0,42.0,88.0
831.0,499.0,42.0,89.0
830.0,499.0,42.0,88.0
829.0,499.0,42.0,88.0
828.0,499.0,43.0,89.0
826.0,499.0,42.0,89.0
825.0,499.0,42.0,89.0
824.0,500.0,42.0,88.0
823.0,500.0,42.0,88.0
822.0,500.0,42.0,88.0
820.0,500.0,42.0,89.0
819.0,500.0,43.0,89.0
818.0,500.0,43.0,89.0
817.0,499.0,42.0,89.0
816.0,499.0,43.0,89.0
815.0,499.0,43.0,89.0
815.0,500.0,42.0,88.0
815.0,500.0,43.0,89.0
814.0,499.0,43.0,89.0
814.0,499.0,43.0,89.0
815.0,499.0,43.0,89.0
816.0,499.0,43.0,89.0
817.0,498.0,43.0,89.0
818.0,498.0,43.0,89.0
819.0,497.0,43.0,89.0
819.0,497.0,43.0,89.0
820.0,497.0,43.0,89.0
820.0,497.0,43.0,89.0
821.0,498.0,43.0,89.0
822.0,498.0,43.0,89.0
823.0,497.0,43.0,89.0
824.0,498.0,43.0,89.0
824.0,498.0,43.0,89.0
825.0,498.0,42.0,88.0
826.0,498.0,42.0,88.0
827.0,497.0,43.0,89.0
827.0,497.0,43.0,89.0
828.0,497.0,42.0,88.0
829.0,497.0,43.0,89.0
830.0,497.0,43.0,89.0
830.0,497.0,43.0,89.0
831.0,497.0,43.0,89.0
832.0,497.0,43.0,89.0
