13.0,503.0,79.0,122.0
31.0,495.0,80.0,125.0
50.0,486.0,81.0,125.0
71.0,479.0,81.0,125.0
94.0,470.0,81.0,124.0
115.0,467.0,78.0,120.0
132.0,460.0,81.0,124.0
126.0,448.0,81.0,123.0
172.0,444.0,81.0,122.0
193.0,434.0,79.0,121.0
214.0,433.0,83.0,125.0
236.0,428.0,83.0,126.0
256.0,421.0,85.0,127.0
275.0,416.0,85.0,126.0
292.0,409.0,87.0,130.0
312.0,402.0,87.0,129.0
335.0,394.0,88.0,131.0
352.0,389.0,90.0,131.0
371.0,384.0,89.0,131.0
392.0,383.0,85.0,126.0
411.0,378.0,84.0,123.0
429.0,378.0,80.0,116.0
447.0,368.0,80.0,118.0
457.0,365.0,78.0,114.0
468.0,364.0,76.0,111.0
477.0,357.0,77.0,114.0
487.0,358.0,74.0,109.0
495.0,353.0,75.0,111.0
502.0,350.0,75.0,111.0
511.0,345.0,75.0,110.0
520.0,343.0,75.0,110.0
529.0,340.0,73.0,109.0
536.0,338.0,73.0,109.0
546.0,331.0,74.0,109.0
554.0,330.0,74.0,109.0
563.0,323.0,76.0,112.0
572.0,321.0,77.0,113.0
580.0,318.0,76.0,113.0
590.0,316.0,76.0,113.0
600.0,314.0,75.0,112.0
609.0,308.0,78.0,115.0
619.0,306.0,79.0,115.0
629.0,304.0,79.0,115.0
640.0,299.0,80.0,115.0
649.0,300.0,80.0,115.0
659.0,297.0,80.0,115.0
669.0,297.0,80.0,113.0
678.0,291.0,82.0,115.0
686.0,291.0,81.0,113.0
693.0,287.0,80.0,112.0
705.0,287.0,80.0,110.0
708.0,286.0,79.0,110.0
715.0,285.0,77.0,108.0
722.0,282.0,76.0,108.0
728.0,282.0,74.0,107.0
734.0,281.0,73.0,107.0
739.0,278.0,73.0,108.0
739.0,276.0,73.0,110.0
742.0,275.0,72.0,110.0
742.0,274.0,72.0,110.0
740.0,272.0,70.0,110.0
741.0,271.0,69.0,110.0
737.0,269.0,70.0,110.0
733.0,268.0,70.0,110.0
728.0,266.0,70.0,108.0
723.0,265.0,70.0,108.0
720.0,265.0,70.0,108.0
715.0,264.0,70.0,108.0
710.0,264.0,69.0,106.0
706.0,264.0,70.0,106.0
701.0,263.0,70.0,106.0
695.0,262.0,70.0,106.0
691.0,261.0,70.0,103.0
686.0,262.0,69.0,102.0
681.0,259.0,71.0,105.0
676.0,259.0,71.0,105.0
673.0,259.0,72.0,104.0
670.0,256.0,75.0,107.0
668.0,255.0,75.0,109.0
666.0,254.0,75.0,110.0
664.0,254.0,75.0,110.0
664.0,254.0,75.0,109.0
664.0,254.0,73.0,109.0
663.0,255.0,71.0,105.0
663.0,253.0,71.0,105.0
662.0,253.0,70.0,105.0
661.0,252.0,70.0,105.0
660.0,251.0,70.0,105.0
657.0,251.0,71.0,107.0
656.0,250.0,71.0,107.0
651.0,250.0,71.0,107.0
646.0,250.0,70.0,105.0
642.0,250.0,70.0,102.0
638.0,250.0,70.0,101.0
634.0,250.0,70.0,101.0
631.0,250.0,70.0,99.0
624.0,248.0,71.0,100.0
619.0,250.0,71.0,99.0
614.0,249.0,72.0,99.0
609.0,249.0,73.0,100.0
602.0,249.0,73.0,101.0
597.0,248.0,74.0,103.0
591.0,248.0,74.0,105.0
585.0,248.0,73.0,106.0
580.0,248.0,73.0,106.0
573.0,249.0,72.0,107.0
569.0,249.0,71.0,108.0
564.0,250.0,70.0,108.0
558.0,247.0,70.0,108.0
552.0,247.0,69.0,107.0
545.0,247.0,70.0,107.0
538.0,247.0,71.0,106.0
533.0,248.0,70.0,104.0
525.0,248.0,71.0,104.0
518.0,248.0,72.0,103.0
512.0,248.0,73.0,103.0
506.0,249.0,72.0,102.0
499.0,248.0,74.0,103.0
493.0,250.0,74.0,101.0
485.0,250.0,74.0,101.0
479.0,251.0,73.0,100.0
471.0,250.0,74.0,101.0
464.0,250.0,74.0,103.0
459.0,252.0,73.0,101.0
452.0,251.0,73.0,103.0
450.0,251.0,73.0,103.0
439.0,265.0,71.0,101.0
437.0,266.0,71.0,101.0
435.0,268.0,71.0,101.0
432.0,270.0,71.0,101.0
428.0,271.0,72.0,103.0
426.0,272.0,72.0,104.0
424.0,274.0,72.0,104.0
423.0,276.0,73.0,105.0
420.0,278.0,73.0,105.0
421.0,281.0,73.0,107.0
419.0,282.0,73.0,107.0
421.0,284.0,72.0,105.0
426.0,286.0,72.0,107.0
431.0,287.0,73.0,109.0
437.0,288.0,74.0,110.0
444.0,288.0,75.0,112.0
452.0,289.0,74.0,112.0
459.0,291.0,74.0,112.0
468.0,292.0,76.0,114.0
476.0,294.0,76.0,114.0
485.0,295.0,75.0,114.0
494.0,298.0,75.0,114.0
503.0,299.0,74.0,114.0
512.0,301.0,74.0,114.0
522.0,303.0,74.0,114.0
531.0,305.0,74.0,114.0
540.0,305.0,74.0,116.0
548.0,307.0,75.0,118.0
556.0,307.0,76.0,120.0
566.0,308.0,76.0,120.0
575.0,311.0,77.0,122.0
585.0,312.0,77.0,122.0
594.0,313.0,79.0,123.0
605.0,315.0,79.0,123.0
614.0,316.0,81.0,125.0
624.0,319.0,81.0,125.0
633.0,321.0,83.0,127.0
644.0,322.0,83.0,127.0
654.0,324.0,83.0,127.0
663.0,326.0,83.0,127.0
673.0,328.0,85.0,129.0
683.0,329.0,85.0,129.0
692.0,332.0,84.0,127.0
700.0,333.0,85.0,129.0
708.0,335.0,86.0,129.0
714.0,337.0,86.0,129.0
716.0,340.0,86.0,127.0
715.0,343.0,86.0,127.0
714.0,346.0,88.0,128.0
712.0,349.0,88.0,129.0
712.0,352.0,86.0,127.0
710.0,356.0,87.0,127.0
709.0,359.0,88.0,128.0
707.0,361.0,89.0,128.0
707.0,364.0,89.0,128.0
705.0,367.0,89.0,128.0
704.0,369.0,88.0,128.0
702.0,372.0,90.0,130.0
701.0,373.0,91.0,132.0
699.0,376.0,90.0,132.0
697.0,378.0,92.0,134.0
696.0,381.0,92.0,134.0
695.0,384.0,93.0,136.0
693.0,387.0,92.0,135.0
692.0,391.0,91.0,134.0
691.0,394.0,91.0,135.0
691.0,396.0,91.0,135.0
692.0,399.0,92.0,137.0
694.0,404.0,92.0,136.0
696.0,405.0,92.0,139.0
698.0,408.0,92.0,139.0
700.0,410.0,92.0,138.0
704.0,412.0,95.0,142.0
707.0,413.0,94.0,142.0
709.0,416.0,97.0,146.0
714.0,419.0,96.0,144.0
718.0,422.0,96.0,144.0
723.0,425.0,97.0,146.0
726.0,427.0,97.0,146.0
731.0,431.0,99.0,148.0
734.0,434.0,101.0,151.0
739.0,438.0,102.0,153.0
742.0,440.0,102.0,153.0
750.0,444.0,102.0,153.0
751.0,445.0,102.0,153.0
757.0,449.0,104.0,156.0
760.0,452.0,104.0,156.0
764.0,455.0,104.0,156.0
769.0,458.0,104.0,156.0
773.0,461.0,104.0,156.0
775.0,464.0,106.0,158.0
781.0,467.0,108.0,161.0
784.0,472.0,108.0,161.0
789.0,477.0,108.0,161.0
793.0,481.0,107.0,161.0
797.0,483.0,110.0,163.0
801.0,490.0,110.0,163.0
805.0,494.0,110.0,163.0
809.0,497.0,109.0,163.0
814.0,503.0,109.0,163.0
818.0,504.0,109.0,163.0
821.0,509.0,109.0,163.0
827.0,513.0,107.0,161.0
831.0,519.0,105.0,158.0
835.0,524.0,105.0,158.0
838.0,528.0,105.0,158.0
842.0,532.0,107.0,160.0
847.0,537.0,107.0,161.0
851.0,542.0,107.0,161.0
855.0,547.0,107.0,160.0
860.0,552.0,108.0,163.0
864.0,556.0,110.0,166.0
869.0,561.0,110.0,166.0
874.0,567.0,110.0,166.0
878.0,570.0,112.0,169.0
882.0,576.0,112.0,169.0
887.0,581.0,111.0,169.0
892.0,586.0,111.0,169.0
897.0,592.0,111.0,169.0
901.0,598.0,111.0,169.0
905.0,604.0,111.0,169.0
910.0,611.0,111.0,169.0
914.0,617.0,111.0,169.0
920.0,625.0,110.0,169.0
923.0,631.0,113.0,171.0
928.0,641.0,110.0,169.0
932.0,647.0,110.0,169.0
937.0,654.0,110.0,169.0
941.0,654.0,110.0,169.0
946.0,654.0,110.0,169.0
951.0,655.0,108.0,166.0
956.0,656.0,106.0,163.0
967.0,657.0,104.0,160.0
1022.0,657.0,104.0,160.0
1029.0,659.0,101.0,158.0
1034.0,659.0,101.0,158.0
1043.0,659.0,101.0,158.0
337.0,55.0,12.0,27.0
1057.0,681.0,69.0,111.0
1063.0,680.0,70.0,114.0
1058.0,678.0,73.0,117.0
1062.0,678.0,74.0,119.0
1037.0,678.0,73.0,119.0
1031.0,677.0,75.0,120.0
1026.0,675.0,73.0,119.0
1063.0,676.0,76.0,122.0
1067.0,676.0,76.0,122.0
1085.0,674.0,77.0,124.0
1103.0,674.0,78.0,126.0
1084.0,673.0,80.0,129.0
1070.0,672.0,81.0,130.0
1099.0,673.0,80.0,129.0
1144.0,670.0,83.0,132.0
1147.0,671.0,83.0,132.0
1142.0,670.0,83.0,132.0
1138.0,662.0,83.0,132.0
1137.0,671.0,80.0,129.0
1135.0,673.0,78.0,126.0
1111.0,674.0,78.0,126.0
1097.0,669.0,81.0,130.0
1082.0,668.0,83.0,132.0
1091.0,669.0,83.0,132.0
1086.0,672.0,81.0,130.0
1105.0,669.0,84.0,135.0
1134.0,667.0,85.0,136.0
1114.0,669.0,86.0,136.0
1106.0,667.0,87.0,139.0
1071.0,667.0,86.0,136.0
1107.0,671.0,84.0,134.0
1105.0,671.0,82.0,132.0
1106.0,668.0,82.0,132.0
1114.0,674.0,81.0,129.0
1113.0,672.0,82.0,132.0
1150.0,674.0,82.0,131.0
1151.0,674.0,82.0,131.0
1204.0,669.0,85.0,136.0
1226.0,669.0,87.0,138.0
1211.0,671.0,86.0,135.0
1225.0,671.0,85.0,135.0
1225.0,672.0,86.0,135.0
1234.0,672.0,86.0,135.0
1229.0,669.0,87.0,137.0
1229.0,671.0,86.0,134.0
1270.0,674.0,84.0,133.0
1284.0,674.0,84.0,133.0
1313.0,674.0,84.0,133.0
1296.0,672.0,86.0,134.0
1326.0,675.0,84.0,133.0
1321.0,674.0,84.0,133.0
1307.0,673.0,84.0,133.0
1302.0,674.0,86.0,134.0
1306.0,675.0,86.0,134.0
1321.0,673.0,86.0,134.0
1324.0,677.0,84.0,133.0
1357.0,677.0,84.0,133.0
1369.0,679.0,81.0,128.0
1358.0,681.0,78.0,124.0
1344.0,683.0,78.0,124.0
1384.0,683.0,78.0,124.0
1368.0,684.0,77.0,122.0
1377.0,684.0,77.0,122.0
1387.0,683.0,77.0,122.0
1397.0,683.0,77.0,122.0
1400.0,686.0,75.0,118.0
1401.0,686.0,75.0,118.0
1427.0,683.0,76.0,119.0
