930.0,550.0,46.0,77.0
928.0,550.0,46.0,77.0
926.0,548.0,48.0,79.0
923.0,550.0,47.0,77.0
921.0,551.0,45.0,75.0
917.0,549.0,47.0,77.0
916.0,549.0,47.0,77.0
913.0,548.0,48.0,78.0
911.0,548.0,49.0,79.0
909.0,548.0,49.0,79.0
907.0,548.0,48.0,78.0
905.0,548.0,49.0,78.0
901.0,547.0,50.0,79.0
900.0,548.0,49.0,78.0
898.0,548.0,49.0,78.0
896.0,549.0,48.0,75.0
892.0,548.0,49.0,78.0
890.0,547.0,49.0,78.0
887.0,546.0,50.0,79.0
884.0,544.0,52.0,82.0
882.0,546.0,51.0,81.0
881.0,546.0,50.0,79.0
878.0,546.0,50.0,79.0
876.0,546.0,50.0,79.0
874.0,546.0,49.0,78.0
872.0,548.0,48.0,75.0
870.0,547.0,48.0,75.0
867.0,549.0,47.0,75.0
865.0,549.0,46.0,73.0
863.0,549.0,46.0,73.0
860.0,548.0,47.0,75.0
858.0,547.0,47.0,75.0
854.0,547.0,49.0,78.0
852.0,547.0,49.0,78.0
849.0,547.0,49.0,78.0
848.0,547.0,47.0,75.0
848.0,549.0,46.0,73.0
844.0,549.0,46.0,75.0
842.0,548.0,46.0,75.0
839.0,549.0,46.0,75.0
837.0,548.0,46.0,75.0
835.0,549.0,46.0,75.0
831.0,548.0,47.0,75.0
830.0,547.0,48.0,77.0
826.0,547.0,48.0,78.0
826.0,547.0,47.0,75.0
824.0,548.0,46.0,75.0
821.0,548.0,46.0,75.0
820.0,549.0,44.0,73.0
817.0,550.0,44.0,71.0
816.0,550.0,44.0,71.0
813.0,550.0,44.0,71.0
810.0,550.0,44.0,72.0
807.0,550.0,44.0,72.0
806.0,550.0,44.0,71.0
805.0,551.0,43.0,70.0
802.0,550.0,44.0,71.0
800.0,550.0,44.0,71.0
798.0,550.0,45.0,72.0
795.0,550.0,45.0,72.0
793.0,550.0,45.0,72.0
791.0,551.0,44.0,70.0
789.0,550.0,45.0,72.0
786.0,550.0,44.0,70.0
785.0,549.0,44.0,70.0
781.0,548.0,45.0,72.0
779.0,547.0,46.0,72.0
777.0,546.0,46.0,72.0
774.0,546.0,46.0,72.0
772.0,546.0,46.0,72.0
770.0,546.0,46.0,72.0
768.0,546.0,46.0,72.0
766.0,546.0,46.0,72.0
764.0,546.0,46.0,72.0
762.0,546.0,46.0,72.0
759.0,546.0,47.0,74.0
756.0,546.0,47.0,74.0
754.0,545.0,47.0,74.0
751.0,545.0,47.0,74.0
749.0,545.0,46.0,72.0
747.0,544.0,47.0,74.0
745.0,544.0,47.0,74.0
743.0,544.0,47.0,74.0
741.0,542.0,48.0,75.0
740.0,543.0,47.0,74.0
737.0,543.0,47.0,74.0
734.0,542.0,47.0,74.0
733.0,542.0,46.0,73.0
730.0,542.0,47.0,74.0
728.0,541.0,48.0,75.0
726.0,540.0,48.0,75.0
724.0,539.0,48.0,75.0
722.0,538.0,48.0,75.0
719.0,539.0,47.0,74.0
718.0,539.0,47.0,74.0
716.0,539.0,47.0,73.0
716.0,540.0,46.0,72.0
712.0,539.0,46.0,72.0
710.0,539.0,46.0,72.0
707.0,539.0,46.0,72.0
705.0,539.0,45.0,71.0
703.0,539.0,45.0,71.0
701.0,538.0,46.0,72.0
698.0,537.0,47.0,73.0
696.0,537.0,47.0,73.0
693.0,536.0,47.0,74.0
691.0,536.0,47.0,74.0
689.0,536.0,47.0,74.0
687.0,536.0,47.0,74.0
685.0,536.0,47.0,74.0
683.0,536.0,47.0,74.0
682.0,535.0,47.0,74.0
680.0,534.0,48.0,75.0
678.0,533.0,49.0,77.0
676.0,535.0,47.0,74.0
674.0,532.0,49.0,77.0
671.0,532.0,49.0,77.0
669.0,531.0,50.0,78.0
667.0,531.0,50.0,78.0
664.0,531.0,50.0,78.0
663.0,531.0,50.0,78.0
660.0,530.0,50.0,78.0
657.0,529.0,50.0,78.0
654.0,529.0,50.0,78.0
652.0,529.0,50.0,78.0
650.0,527.0,50.0,79.0
648.0,529.0,50.0,78.0
647.0,528.0,50.0,78.0
645.0,529.0,50.0,78.0
644.0,529.0,50.0,78.0
642.0,530.0,49.0,77.0
640.0,531.0,49.0,77.0
639.0,531.0,49.0,77.0
636.0,531.0,49.0,77.0
635.0,532.0,49.0,77.0
629.0,530.0,49.0,77.0
626.0,530.0,50.0,78.0
624.0,529.0,50.0,78.0
622.0,530.0,50.0,78.0
620.0,531.0,50.0,78.0
618.0,531.0,50.0,78.0
615.0,531.0,50.0,79.0
613.0,532.0,51.0,80.0
611.0,532.0,50.0,79.0
609.0,534.0,50.0,79.0
606.0,533.0,51.0,80.0
603.0,534.0,50.0,79.0
601.0,535.0,50.0,79.0
599.0,535.0,51.0,80.0
596.0,535.0,53.0,82.0
593.0,534.0,54.0,84.0
590.0,535.0,55.0,86.0
588.0,535.0,55.0,86.0
586.0,536.0,55.0,86.0
583.0,537.0,55.0,86.0
582.0,537.0,55.0,86.0
579.0,538.0,55.0,86.0
578.0,538.0,56.0,87.0
576.0,539.0,56.0,87.0
572.0,538.0,57.0,88.0
572.0,540.0,55.0,87.0
570.0,540.0,55.0,87.0
567.0,540.0,55.0,87.0
564.0,540.0,55.0,85.0
563.0,540.0,55.0,85.0
560.0,540.0,55.0,85.0
557.0,540.0,56.0,87.0
556.0,541.0,55.0,87.0
554.0,540.0,55.0,87.0
552.0,541.0,55.0,87.0
551.0,541.0,55.0,86.0
549.0,541.0,55.0,86.0
546.0,541.0,56.0,86.0
544.0,541.0,56.0,86.0
542.0,542.0,57.0,88.0
540.0,542.0,57.0,88.0
538.0,542.0,57.0,88.0
536.0,543.0,57.0,88.0
532.0,543.0,57.0,88.0
531.0,543.0,57.0,88.0
527.0,544.0,57.0,88.0
526.0,543.0,57.0,88.0
523.0,543.0,58.0,89.0
522.0,543.0,58.0,89.0
520.0,543.0,59.0,91.0
517.0,543.0,58.0,89.0
515.0,543.0,59.0,91.0
515.0,543.0,58.0,89.0
512.0,543.0,59.0,91.0
510.0,544.0,59.0,91.0
507.0,544.0,59.0,91.0
504.0,544.0,60.0,92.0
502.0,544.0,60.0,92.0
499.0,544.0,59.0,91.0
497.0,544.0,58.0,90.0
496.0,545.0,58.0,90.0
494.0,544.0,59.0,91.0
492.0,543.0,59.0,91.0
491.0,543.0,58.0,90.0
488.0,543.0,58.0,90.0
486.0,542.0,58.0,90.0
486.0,542.0,57.0,88.0
483.0,543.0,57.0,88.0
481.0,543.0,57.0,88.0
480.0,543.0,57.0,88.0
478.0,543.0,57.0,88.0
477.0,544.0,56.0,87.0
474.0,542.0,56.0,87.0
473.0,543.0,56.0,87.0
470.0,542.0,57.0,89.0
469.0,541.0,57.0,89.0
465.0,540.0,58.0,90.0
464.0,540.0,58.0,90.0
462.0,540.0,59.0,92.0
459.0,540.0,59.0,92.0
458.0,540.0,59.0,92.0
455.0,540.0,59.0,92.0
453.0,539.0,59.0,92.0
453.0,540.0,58.0,90.0
449.0,539.0,59.0,92.0
447.0,538.0,59.0,92.0
444.0,537.0,60.0,93.0
443.0,537.0,58.0,92.0
442.0,537.0,59.0,92.0
439.0,536.0,60.0,93.0
438.0,535.0,61.0,95.0
436.0,535.0,60.0,95.0
435.0,535.0,61.0,95.0
433.0,535.0,60.0,95.0
432.0,534.0,60.0,95.0
430.0,533.0,60.0,95.0
429.0,532.0,62.0,96.0
428.0,532.0,60.0,95.0
426.0,532.0,60.0,95.0
426.0,532.0,60.0,95.0
424.0,531.0,60.0,95.0
422.0,530.0,60.0,95.0
421.0,530.0,60.0,95.0
420.0,529.0,60.0,95.0
419.0,529.0,60.0,95.0
417.0,528.0,60.0,95.0
416.0,528.0,60.0,95.0
414.0,528.0,60.0,95.0
412.0,527.0,60.0,95.0
411.0,527.0,60.0,95.0
410.0,526.0,60.0,95.0
408.0,525.0,61.0,96.0
406.0,523.0,62.0,98.0
405.0,523.0,62.0,98.0
403.0,522.0,63.0,99.0
402.0,522.0,63.0,99.0
401.0,521.0,63.0,99.0
400.0,520.0,63.0,99.0
398.0,520.0,63.0,99.0
398.0,520.0,62.0,98.0
396.0,519.0,63.0,99.0
396.0,518.0,62.0,98.0
395.0,518.0,62.0,98.0
395.0,517.0,62.0,98.0
394.0,516.0,62.0,98.0
393.0,516.0,62.0,98.0
390.0,514.0,63.0,99.0
389.0,514.0,63.0,99.0
389.0,513.0,63.0,99.0
388.0,513.0,63.0,99.0
387.0,513.0,64.0,101.0
386.0,512.0,64.0,101.0
385.0,512.0,66.0,103.0
384.0,512.0,66.0,103.0
383.0,511.0,67.0,104.0
382.0,512.0,66.0,103.0
383.0,512.0,66.0,103.0
382.0,511.0,66.0,103.0
382.0,510.0,66.0,103.0
381.0,510.0,66.0,103.0
380.0,509.0,66.0,103.0
380.0,509.0,66.0,103.0
380.0,509.0,66.0,103.0
379.0,510.0,66.0,103.0
378.0,509.0,66.0,103.0
378.0,508.0,67.0,104.0
378.0,508.0,67.0,104.0
377.0,508.0,67.0,104.0
376.0,508.0,67.0,104.0
377.0,508.0,67.0,104.0
377.0,508.0,67.0,104.0
378.0,508.0,67.0,104.0
377.0,507.0,68.0,106.0
376.0,506.0,69.0,108.0
376.0,507.0,68.0,106.0
376.0,505.0,69.0,108.0
375.0,505.0,69.0,108.0
375.0,505.0,69.0,108.0
375.0,504.0,71.0,110.0
375.0,505.0,69.0,108.0
375.0,505.0,71.0,110.0
374.0,506.0,69.0,108.0
374.0,505.0,69.0,108.0
374.0,505.0,69.0,108.0
374.0,505.0,69.0,108.0
374.0,505.0,69.0,108.0
373.0,504.0,69.0,108.0
373.0,505.0,69.0,108.0
373.0,504.0,69.0,108.0
373.0,506.0,68.0,106.0
373.0,505.0,68.0,106.0
373.0,505.0,68.0,106.0
373.0,505.0,68.0,106.0
373.0,506.0,67.0,104.0
373.0,505.0,68.0,105.0
373.0,506.0,67.0,104.0
372.0,505.0,68.0,105.0
372.0,505.0,68.0,105.0
374.0,506.0,66.0,102.0
372.0,506.0,67.0,104.0
372.0,506.0,67.0,104.0
372.0,506.0,67.0,104.0
372.0,506.0,67.0,104.0
372.0,505.0,67.0,104.0
373.0,505.0,67.0,104.0
373.0,505.0,67.0,104.0
373.0,505.0,67.0,104.0
373.0,505.0,66.0,103.0
372.0,505.0,67.0,103.0
372.0,505.0,67.0,103.0
372.0,505.0,67.0,103.0
372.0,505.0,66.0,103.0
372.0,505.0,66.0,103.0
372.0,504.0,67.0,103.0
372.0,504.0,66.0,103.0
372.0,504.0,66.0,103.0
372.0,504.0,66.0,103.0
373.0,504.0,67.0,103.0
372.0,504.0,68.0,104.0
373.0,504.0,66.0,103.0
373.0,505.0,66.0,101.0
373.0,505.0,66.0,101.0
374.0,505.0,66.0,101.0
374.0,505.0,66.0,101.0
374.0,505.0,66.0,101.0
374.0,505.0,66.0,101.0
374.0,504.0,66.0,101.0
374.0,504.0,66.0,101.0
374.0,504.0,66.0,101.0
374.0,504.0,66.0,101.0
374.0,504.0,66.0,101.0
373.0,505.0,66.0,101.0
373.0,505.0,66.0,101.0
373.0,505.0,66.0,101.0
373.0,505.0,66.0,101.0
373.0,505.0,66.0,101.0
372.0,505.0,66.0,101.0
372.0,505.0,66.0,101.0
372.0,505.0,66.0,101.0
372.0,506.0,64.0,99.0
372.0,506.0,64.0,99.0
372.0,505.0,64.0,99.0
372.0,505.0,64.0,99.0
372.0,505.0,64.0,99.0
372.0,505.0,64.0,99.0
372.0,505.0,64.0,99.0
372.0,506.0,63.0,98.0
372.0,507.0,63.0,98.0
372.0,506.0,63.0,98.0
372.0,506.0,64.0,99.0
372.0,506.0,63.0,98.0
372.0,507.0,63.0,98.0
372.0,506.0,63.0,98.0
372.0,506.0,63.0,98.0
372.0,505.0,64.0,99.0
372.0,506.0,63.0,98.0
372.0,506.0,63.0,98.0
372.0,506.0,64.0,99.0
372.0,505.0,64.0,99.0
373.0,506.0,63.0,98.0
372.0,506.0,64.0,99.0
374.0,506.0,63.0,98.0
373.0,505.0,64.0,99.0
373.0,506.0,63.0,98.0
373.0,506.0,64.0,99.0
373.0,506.0,64.0,99.0
374.0,506.0,64.0,99.0
373.0,505.0,66.0,101.0
373.0,505.0,66.0,101.0
374.0,506.0,66.0,101.0
374.0,507.0,64.0,99.0
374.0,506.0,66.0,101.0
373.0,505.0,66.0,103.0
374.0,507.0,66.0,101.0
374.0,507.0,66.0,101.0
374.0,507.0,66.0,101.0
373.0,506.0,66.0,103.0
374.0,507.0,66.0,101.0
373.0,508.0,66.0,101.0
374.0,508.0,66.0,101.0
373.0,508.0,66.0,101.0
374.0,508.0,66.0,101.0
373.0,508.0,66.0,101.0
372.0,507.0,66.0,103.0
372.0,507.0,66.0,103.0
371.0,507.0,66.0,103.0
371.0,507.0,66.0,103.0
371.0,508.0,66.0,103.0
371.0,508.0,66.0,103.0
371.0,507.0,68.0,104.0
371.0,507.0,68.0,104.0
371.0,507.0,68.0,104.0
371.0,507.0,68.0,104.0
371.0,507.0,68.0,104.0
371.0,507.0,68.0,104.0
371.0,507.0,68.0,104.0
371.0,507.0,68.0,104.0
371.0,507.0,68.0,104.0
371.0,507.0,68.0,104.0
371.0,508.0,66.0,103.0
371.0,508.0,66.0,103.0
370.0,507.0,68.0,104.0
372.0,508.0,66.0,103.0
372.0,508.0,66.0,103.0
371.0,506.0,68.0,104.0
371.0,506.0,68.0,104.0
372.0,506.0,68.0,104.0
372.0,507.0,66.0,103.0
372.0,507.0,66.0,103.0
373.0,507.0,66.0,103.0
373.0,507.0,66.0,103.0
373.0,506.0,66.0,103.0
372.0,505.0,68.0,104.0
372.0,505.0,68.0,104.0
373.0,505.0,68.0,104.0
373.0,505.0,68.0,104.0
374.0,506.0,66.0,103.0
374.0,506.0,66.0,103.0
373.0,505.0,66.0,103.0
373.0,505.0,66.0,103.0
372.0,505.0,68.0,104.0
371.0,504.0,69.0,107.0
364.0,506.0,66.0,103.0
356.0,507.0,66.0,101.0
342.0,507.0,66.0,103.0
331.0,509.0,66.0,103.0
325.0,508.0,68.0,104.0
324.0,508.0,68.0,104.0
324.0,508.0,68.0,104.0
324.0,509.0,68.0,104.0
323.0,509.0,68.0,104.0
323.0,510.0,66.0,103.0
323.0,510.0,66.0,103.0
323.0,510.0,66.0,103.0
322.0,512.0,66.0,101.0
316.0,513.0,66.0,101.0
309.0,513.0,66.0,101.0
301.0,514.0,66.0,101.0
295.0,515.0,66.0,101.0
291.0,514.0,66.0,103.0
291.0,516.0,66.0,101.0
291.0,516.0,66.0,103.0
291.0,517.0,66.0,103.0
291.0,517.0,66.0,103.0
290.0,517.0,66.0,103.0
290.0,518.0,66.0,103.0
289.0,518.0,66.0,103.0
284.0,518.0,68.0,104.0
279.0,518.0,68.0,104.0
273.0,519.0,68.0,104.0
272.0,521.0,66.0,103.0
270.0,520.0,68.0,104.0
270.0,520.0,68.0,104.0
270.0,520.0,69.0,107.0
269.0,521.0,69.0,107.0
269.0,521.0,68.0,104.0
269.0,522.0,68.0,104.0
269.0,522.0,68.0,104.0
268.0,521.0,69.0,107.0
269.0,522.0,68.0,104.0
268.0,522.0,68.0,104.0
268.0,523.0,68.0,104.0
268.0,524.0,68.0,104.0
268.0,524.0,68.0,104.0
267.0,523.0,69.0,107.0
267.0,523.0,69.0,107.0
267.0,523.0,69.0,107.0
267.0,524.0,68.0,104.0
267.0,524.0,68.0,104.0
267.0,525.0,68.0,104.0
267.0,525.0,68.0,104.0
267.0,525.0,68.0,104.0
267.0,526.0,68.0,104.0
267.0,527.0,66.0,103.0
266.0,526.0,68.0,104.0
267.0,527.0,66.0,103.0
266.0,526.0,68.0,104.0
267.0,528.0,66.0,101.0
267.0,528.0,66.0,103.0
267.0,528.0,66.0,103.0
267.0,528.0,66.0,103.0
267.0,528.0,66.0,103.0
266.0,527.0,68.0,104.0
267.0,527.0,68.0,104.0
267.0,529.0,66.0,101.0
267.0,528.0,66.0,103.0
268.0,529.0,66.0,101.0
267.0,528.0,66.0,103.0
267.0,529.0,66.0,101.0
268.0,528.0,66.0,103.0
268.0,528.0,66.0,103.0
268.0,529.0,66.0,101.0
268.0,528.0,66.0,103.0
268.0,528.0,66.0,103.0
268.0,528.0,66.0,103.0
268.0,529.0,66.0,101.0
268.0,529.0,66.0,101.0
268.0,530.0,64.0,99.0
269.0,530.0,63.0,98.0
268.0,530.0,63.0,98.0
268.0,530.0,63.0,98.0
270.0,531.0,61.0,95.0
269.0,531.0,62.0,96.0
270.0,531.0,61.0,95.0
270.0,531.0,61.0,95.0
271.0,532.0,59.0,92.0
272.0,533.0,57.0,89.0
272.0,533.0,57.0,89.0
272.0,533.0,57.0,89.0
272.0,532.0,57.0,90.0
272.0,532.0,57.0,89.0
272.0,532.0,57.0,89.0
272.0,533.0,56.0,87.0
273.0,534.0,54.0,84.0
272.0,534.0,54.0,84.0
273.0,534.0,53.0,83.0
272.0,532.0,54.0,86.0
273.0,534.0,56.0,87.0
273.0,534.0,57.0,89.0
273.0,534.0,57.0,90.0
271.0,533.0,60.0,93.0
272.0,533.0,60.0,93.0
273.0,534.0,61.0,95.0
273.0,534.0,61.0,95.0
273.0,534.0,61.0,95.0
273.0,534.0,60.0,93.0
273.0,535.0,60.0,93.0
273.0,534.0,61.0,95.0
273.0,536.0,59.0,92.0
274.0,536.0,57.0,90.0
274.0,537.0,57.0,89.0
274.0,537.0,57.0,90.0
274.0,537.0,57.0,90.0
274.0,538.0,57.0,89.0
274.0,537.0,59.0,92.0
274.0,537.0,57.0,90.0
274.0,538.0,57.0,89.0
274.0,537.0,59.0,92.0
275.0,538.0,57.0,89.0
275.0,538.0,57.0,90.0
274.0,538.0,57.0,90.0
275.0,539.0,57.0,89.0
275.0,539.0,57.0,90.0
274.0,538.0,59.0,92.0
275.0,539.0,57.0,90.0
275.0,539.0,57.0,90.0
275.0,540.0,57.0,89.0
274.0,539.0,59.0,92.0
275.0,540.0,57.0,90.0
274.0,539.0,59.0,92.0
274.0,539.0,57.0,90.0
273.0,539.0,59.0,92.0
273.0,539.0,59.0,92.0
274.0,540.0,57.0,89.0
273.0,539.0,59.0,92.0
273.0,539.0,59.0,92.0
274.0,540.0,57.0,90.0
273.0,539.0,59.0,92.0
272.0,539.0,59.0,92.0
272.0,539.0,59.0,92.0
273.0,541.0,57.0,89.0
272.0,539.0,59.0,92.0
272.0,539.0,57.0,90.0
272.0,539.0,57.0,90.0
270.0,538.0,59.0,92.0
270.0,539.0,57.0,90.0
269.0,538.0,59.0,92.0
270.0,538.0,57.0,90.0
269.0,537.0,59.0,92.0
269.0,537.0,59.0,92.0
269.0,537.0,57.0,90.0
269.0,537.0,57.0,90.0
268.0,536.0,59.0,92.0
268.0,535.0,59.0,92.0
267.0,535.0,59.0,92.0
268.0,535.0,57.0,90.0
267.0,535.0,59.0,92.0
267.0,535.0,59.0,92.0
267.0,534.0,59.0,92.0
266.0,534.0,59.0,92.0
266.0,533.0,59.0,92.0
266.0,533.0,59.0,92.0
266.0,533.0,57.0,90.0
266.0,533.0,57.0,90.0
265.0,531.0,59.0,92.0
265.0,531.0,60.0,93.0
265.0,530.0,61.0,95.0
265.0,530.0,60.0,93.0
265.0,529.0,61.0,95.0
265.0,529.0,60.0,93.0
266.0,528.0,59.0,92.0
265.0,528.0,59.0,92.0
265.0,528.0,59.0,92.0
265.0,527.0,59.0,92.0
265.0,527.0,57.0,90.0
265.0,526.0,59.0,92.0
265.0,526.0,57.0,90.0
265.0,526.0,57.0,90.0
265.0,525.0,59.0,92.0
265.0,525.0,57.0,90.0
265.0,525.0,57.0,89.0
264.0,524.0,60.0,93.0
265.0,523.0,60.0,93.0
264.0,522.0,61.0,95.0
265.0,522.0,58.0,91.0
265.0,522.0,59.0,92.0
265.0,522.0,58.0,90.0
265.0,521.0,57.0,89.0
265.0,521.0,58.0,90.0
265.0,520.0,57.0,89.0
265.0,520.0,58.0,91.0
266.0,519.0,57.0,89.0
265.0,519.0,57.0,89.0
266.0,519.0,57.0,89.0
266.0,518.0,57.0,89.0
265.0,518.0,58.0,91.0
265.0,517.0,57.0,89.0
265.0,517.0,58.0,91.0
266.0,516.0,57.0,89.0
266.0,516.0,56.0,88.0
266.0,516.0,56.0,88.0
266.0,515.0,57.0,89.0
266.0,515.0,58.0,91.0
267.0,515.0,56.0,88.0
267.0,514.0,57.0,89.0
267.0,515.0,56.0,88.0
266.0,513.0,58.0,91.0
266.0,513.0,57.0,89.0
268.0,514.0,56.0,88.0
267.0,514.0,56.0,88.0
267.0,513.0,56.0,88.0
267.0,512.0,57.0,89.0
267.0,512.0,57.0,90.0
266.0,512.0,57.0,89.0
268.0,512.0,56.0,88.0
268.0,512.0,56.0,88.0
266.0,511.0,58.0,91.0
267.0,511.0,56.0,88.0
268.0,511.0,56.0,88.0
268.0,511.0,56.0,88.0
268.0,511.0,56.0,88.0
268.0,511.0,57.0,88.0
267.0,511.0,57.0,88.0
267.0,511.0,57.0,88.0
267.0,511.0,57.0,88.0
267.0,511.0,57.0,88.0
267.0,511.0,57.0,88.0
267.0,511.0,57.0,88.0
267.0,512.0,54.0,85.0
267.0,512.0,54.0,85.0
267.0,512.0,54.0,85.0
267.0,512.0,54.0,85.0
267.0,512.0,54.0,85.0
268.0,512.0,53.0,82.0
267.0,512.0,54.0,85.0
268.0,512.0,53.0,82.0
268.0,512.0,53.0,82.0
267.0,512.0,54.0,84.0
266.0,512.0,54.0,85.0
267.0,512.0,53.0,82.0
267.0,512.0,54.0,84.0
266.0,512.0,54.0,84.0
267.0,513.0,52.0,81.0
267.0,512.0,54.0,84.0
266.0,512.0,54.0,84.0
266.0,512.0,54.0,84.0
266.0,512.0,54.0,84.0
265.0,512.0,54.0,84.0
265.0,511.0,54.0,84.0
266.0,513.0,52.0,81.0
265.0,512.0,54.0,84.0
264.0,512.0,54.0,84.0
264.0,512.0,54.0,84.0
264.0,512.0,53.0,82.0
264.0,511.0,54.0,85.0
263.0,511.0,54.0,85.0
264.0,511.0,54.0,85.0
263.0,511.0,54.0,85.0
263.0,511.0,54.0,85.0
263.0,510.0,54.0,85.0
264.0,512.0,53.0,82.0
262.0,511.0,54.0,85.0
263.0,511.0,54.0,84.0
262.0,510.0,55.0,87.0
262.0,510.0,55.0,87.0
263.0,510.0,55.0,87.0
262.0,510.0,55.0,87.0
262.0,510.0,57.0,88.0
262.0,509.0,57.0,90.0
261.0,509.0,57.0,90.0
262.0,509.0,57.0,90.0
262.0,509.0,57.0,88.0
261.0,508.0,57.0,90.0
262.0,509.0,57.0,88.0
261.0,508.0,57.0,90.0
261.0,506.0,58.0,91.0
261.0,506.0,57.0,90.0
261.0,506.0,57.0,90.0
261.0,505.0,58.0,91.0
261.0,505.0,57.0,90.0
261.0,504.0,58.0,91.0
261.0,504.0,57.0,90.0
261.0,504.0,58.0,91.0
261.0,503.0,57.0,90.0
262.0,503.0,57.0,88.0
261.0,503.0,57.0,90.0
261.0,502.0,58.0,91.0
261.0,502.0,57.0,90.0
262.0,501.0,58.0,91.0
262.0,501.0,57.0,90.0
262.0,501.0,57.0,88.0
262.0,500.0,57.0,90.0
262.0,499.0,58.0,91.0
262.0,499.0,57.0,90.0
262.0,499.0,57.0,90.0
262.0,499.0,57.0,90.0
262.0,498.0,57.0,90.0
262.0,498.0,57.0,90.0
262.0,497.0,58.0,91.0
262.0,497.0,57.0,90.0
263.0,497.0,57.0,88.0
262.0,496.0,57.0,90.0
262.0,496.0,57.0,90.0
262.0,496.0,57.0,90.0
262.0,496.0,57.0,90.0
262.0,496.0,57.0,90.0
263.0,496.0,55.0,87.0
263.0,496.0,55.0,87.0
263.0,496.0,57.0,88.0
262.0,495.0,57.0,90.0
262.0,495.0,57.0,90.0
263.0,495.0,57.0,88.0
262.0,495.0,57.0,90.0
262.0,495.0,57.0,90.0
263.0,495.0,57.0,90.0
263.0,496.0,55.0,87.0
262.0,495.0,57.0,90.0
263.0,495.0,57.0,90.0
262.0,495.0,57.0,90.0
263.0,495.0,57.0,90.0
263.0,495.0,57.0,90.0
263.0,495.0,57.0,90.0
263.0,495.0,57.0,90.0
263.0,495.0,57.0,90.0
264.0,495.0,57.0,90.0
264.0,495.0,55.0,87.0
264.0,495.0,57.0,90.0
264.0,495.0,57.0,90.0
264.0,495.0,57.0,90.0
264.0,495.0,57.0,88.0
264.0,495.0,57.0,88.0
264.0,495.0,57.0,90.0
264.0,494.0,57.0,90.0
265.0,494.0,57.0,90.0
264.0,494.0,57.0,90.0
265.0,494.0,56.0,89.0
265.0,494.0,56.0,89.0
265.0,494.0,56.0,89.0
265.0,494.0,56.0,89.0
265.0,494.0,56.0,89.0
265.0,494.0,56.0,89.0
265.0,494.0,56.0,89.0
265.0,494.0,56.0,89.0
265.0,495.0,53.0,84.0
265.0,495.0,53.0,84.0
265.0,495.0,53.0,84.0
264.0,494.0,54.0,86.0
264.0,494.0,54.0,86.0
262.0,493.0,55.0,87.0
262.0,493.0,55.0,87.0
262.0,493.0,56.0,89.0
262.0,493.0,55.0,87.0
261.0,492.0,56.0,89.0
260.0,492.0,55.0,87.0
259.0,491.0,56.0,89.0
258.0,490.0,56.0,88.0
258.0,490.0,56.0,88.0
258.0,490.0,55.0,87.0
257.0,489.0,57.0,89.0
257.0,489.0,56.0,89.0
256.0,489.0,56.0,89.0
256.0,489.0,55.0,87.0
256.0,489.0,57.0,88.0
255.0,489.0,56.0,88.0
256.0,489.0,54.0,85.0
255.0,489.0,55.0,87.0
255.0,489.0,55.0,87.0
255.0,489.0,55.0,87.0
254.0,488.0,56.0,88.0
254.0,488.0,57.0,88.0
254.0,488.0,57.0,88.0
253.0,488.0,56.0,88.0
253.0,488.0,56.0,88.0
254.0,488.0,55.0,87.0
254.0,487.0,57.0,88.0
253.0,487.0,56.0,88.0
253.0,487.0,57.0,88.0
254.0,487.0,57.0,88.0
253.0,486.0,57.0,90.0
253.0,487.0,56.0,88.0
253.0,487.0,57.0,88.0
253.0,487.0,57.0,88.0
253.0,487.0,57.0,88.0
252.0,487.0,57.0,88.0
252.0,487.0,57.0,88.0
252.0,487.0,57.0,88.0
252.0,487.0,57.0,88.0
253.0,487.0,55.0,87.0
253.0,487.0,55.0,87.0
253.0,487.0,55.0,87.0
252.0,487.0,57.0,90.0
253.0,487.0,55.0,87.0
253.0,488.0,55.0,87.0
253.0,487.0,57.0,88.0
253.0,487.0,55.0,87.0
253.0,488.0,57.0,88.0
254.0,488.0,55.0,85.0
254.0,488.0,55.0,85.0
255.0,489.0,54.0,84.0
254.0,488.0,55.0,87.0
256.0,489.0,55.0,85.0
255.0,489.0,55.0,85.0
256.0,490.0,54.0,84.0
255.0,489.0,55.0,85.0
256.0,491.0,53.0,83.0
255.0,492.0,53.0,82.0
256.0,493.0,52.0,82.0
255.0,493.0,53.0,82.0
256.0,493.0,52.0,82.0
255.0,493.0,53.0,83.0
255.0,494.0,52.0,82.0
255.0,494.0,53.0,83.0
255.0,494.0,53.0,83.0
254.0,494.0,54.0,84.0
255.0,495.0,53.0,83.0
255.0,496.0,52.0,82.0
254.0,496.0,53.0,83.0
253.0,496.0,55.0,86.0
253.0,496.0,54.0,84.0
253.0,497.0,54.0,84.0
253.0,498.0,53.0,83.0
252.0,498.0,54.0,84.0
252.0,499.0,53.0,82.0
253.0,500.0,53.0,82.0
253.0,500.0,53.0,82.0
252.0,499.0,55.0,85.0
253.0,500.0,54.0,84.0
254.0,501.0,53.0,82.0
254.0,501.0,53.0,82.0
254.0,501.0,55.0,85.0
255.0,501.0,54.0,84.0
255.0,502.0,54.0,84.0
256.0,503.0,53.0,82.0
255.0,503.0,54.0,84.0
256.0,503.0,54.0,84.0
256.0,503.0,55.0,85.0
257.0,504.0,54.0,84.0
258.0,505.0,53.0,82.0
257.0,504.0,54.0,84.0
258.0,505.0,54.0,84.0
259.0,506.0,53.0,82.0
259.0,506.0,54.0,84.0
260.0,507.0,53.0,82.0
259.0,507.0,54.0,84.0
259.0,507.0,55.0,85.0
260.0,508.0,54.0,84.0
261.0,509.0,53.0,82.0
260.0,509.0,54.0,84.0
261.0,510.0,53.0,82.0
261.0,510.0,54.0,84.0
262.0,511.0,53.0,82.0
262.0,511.0,54.0,84.0
262.0,511.0,54.0,84.0
263.0,511.0,55.0,85.0
263.0,512.0,54.0,84.0
263.0,512.0,55.0,85.0
264.0,513.0,54.0,84.0
264.0,514.0,54.0,84.0
264.0,514.0,54.0,84.0
265.0,515.0,54.0,84.0
265.0,516.0,53.0,82.0
265.0,516.0,54.0,84.0
265.0,516.0,55.0,85.0
266.0,517.0,54.0,84.0
266.0,517.0,53.0,82.0
266.0,518.0,54.0,84.0
265.0,518.0,54.0,85.0
266.0,518.0,54.0,84.0
265.0,518.0,54.0,85.0
266.0,519.0,54.0,85.0
266.0,520.0,54.0,84.0
266.0,521.0,54.0,84.0
266.0,522.0,53.0,82.0
266.0,522.0,54.0,85.0
266.0,522.0,53.0,82.0
266.0,522.0,55.0,87.0
266.0,522.0,54.0,85.0
266.0,522.0,54.0,85.0
266.0,523.0,54.0,84.0
266.0,523.0,55.0,87.0
266.0,523.0,54.0,85.0
266.0,523.0,54.0,85.0
266.0,523.0,55.0,87.0
266.0,523.0,55.0,87.0
267.0,523.0,55.0,87.0
267.0,523.0,55.0,87.0
265.0,523.0,57.0,90.0
266.0,523.0,57.0,90.0
266.0,524.0,56.0,89.0
266.0,524.0,56.0,89.0
266.0,524.0,56.0,89.0
266.0,524.0,56.0,89.0
267.0,524.0,55.0,87.0
266.0,525.0,56.0,89.0
265.0,524.0,57.0,90.0
266.0,524.0,56.0,89.0
266.0,525.0,56.0,89.0
266.0,525.0,56.0,89.0
265.0,525.0,56.0,89.0
266.0,525.0,56.0,89.0
267.0,526.0,54.0,87.0
267.0,526.0,54.0,87.0
266.0,526.0,56.0,89.0
266.0,526.0,56.0,89.0
267.0,526.0,54.0,88.0
266.0,526.0,56.0,89.0
266.0,526.0,56.0,89.0
266.0,526.0,56.0,89.0
266.0,526.0,56.0,89.0
265.0,526.0,57.0,91.0
266.0,527.0,54.0,88.0
266.0,527.0,56.0,89.0
266.0,526.0,56.0,89.0
266.0,527.0,54.0,88.0
265.0,526.0,57.0,91.0
267.0,527.0,54.0,88.0
266.0,527.0,56.0,89.0
266.0,527.0,54.0,88.0
266.0,527.0,56.0,89.0
267.0,527.0,54.0,88.0
266.0,526.0,56.0,89.0
266.0,526.0,56.0,89.0
266.0,526.0,56.0,89.0
266.0,526.0,56.0,89.0
266.0,526.0,56.0,89.0
266.0,526.0,56.0,89.0
266.0,526.0,56.0,90.0
267.0,526.0,56.0,90.0
267.0,527.0,56.0,89.0
267.0,527.0,54.0,88.0
267.0,527.0,56.0,90.0
268.0,527.0,54.0,88.0
267.0,527.0,56.0,90.0
267.0,527.0,56.0,90.0
268.0,527.0,54.0,88.0
267.0,527.0,55.0,90.0
267.0,527.0,55.0,90.0
268.0,527.0,55.0,90.0
268.0,527.0,55.0,90.0
268.0,527.0,55.0,90.0
268.0,527.0,55.0,90.0
269.0,528.0,54.0,88.0
268.0,528.0,54.0,88.0
269.0,528.0,54.0,88.0
269.0,528.0,54.0,88.0
269.0,528.0,54.0,88.0
269.0,528.0,54.0,88.0
268.0,527.0,55.0,90.0
269.0,527.0,55.0,90.0
270.0,528.0,53.0,87.0
269.0,528.0,53.0,87.0
269.0,528.0,54.0,88.0
269.0,528.0,53.0,87.0
269.0,528.0,53.0,87.0
270.0,528.0,53.0,87.0
269.0,527.0,54.0,88.0
270.0,527.0,54.0,88.0
270.0,527.0,54.0,88.0
270.0,527.0,54.0,88.0
271.0,527.0,53.0,87.0
270.0,527.0,53.0,87.0
271.0,527.0,53.0,87.0
271.0,527.0,53.0,87.0
271.0,526.0,53.0,87.0
272.0,528.0,52.0,84.0
273.0,528.0,51.0,83.0
272.0,527.0,53.0,87.0
272.0,527.0,53.0,87.0
272.0,527.0,52.0,85.0
272.0,528.0,52.0,84.0
272.0,527.0,53.0,87.0
272.0,527.0,52.0,85.0
272.0,527.0,53.0,87.0
272.0,527.0,52.0,85.0
273.0,527.0,52.0,85.0
272.0,527.0,53.0,87.0
273.0,527.0,52.0,85.0
273.0,527.0,52.0,85.0
272.0,527.0,53.0,87.0
273.0,527.0,52.0,85.0
273.0,527.0,53.0,87.0
273.0,527.0,52.0,85.0
273.0,527.0,52.0,85.0
272.0,527.0,53.0,87.0
274.0,528.0,52.0,84.0
274.0,528.0,52.0,85.0
273.0,528.0,53.0,87.0
274.0,528.0,52.0,85.0
273.0,528.0,53.0,87.0
274.0,528.0,53.0,87.0
275.0,528.0,52.0,84.0
275.0,528.0,52.0,85.0
275.0,528.0,53.0,87.0
275.0,528.0,53.0,87.0
276.0,529.0,52.0,85.0
276.0,529.0,52.0,85.0
276.0,529.0,52.0,85.0
276.0,529.0,53.0,87.0
276.0,529.0,53.0,87.0
276.0,529.0,53.0,87.0
277.0,530.0,52.0,85.0
277.0,530.0,52.0,85.0
277.0,530.0,52.0,85.0
277.0,530.0,53.0,87.0
277.0,530.0,52.0,85.0
277.0,530.0,53.0,87.0
277.0,530.0,53.0,86.0
277.0,530.0,52.0,85.0
276.0,530.0,53.0,87.0
277.0,530.0,53.0,87.0
277.0,530.0,52.0,85.0
276.0,530.0,53.0,87.0
276.0,530.0,52.0,85.0
276.0,530.0,52.0,85.0
276.0,529.0,53.0,87.0
275.0,529.0,52.0,85.0
275.0,529.0,53.0,87.0
275.0,529.0,52.0,85.0
275.0,529.0,52.0,85.0
275.0,529.0,52.0,85.0
274.0,528.0,53.0,87.0
274.0,529.0,51.0,84.0
274.0,529.0,52.0,85.0
274.0,529.0,51.0,84.0
273.0,529.0,52.0,85.0
274.0,529.0,51.0,84.0
273.0,529.0,52.0,85.0
273.0,529.0,51.0,84.0
274.0,529.0,51.0,84.0
273.0,528.0,52.0,85.0
273.0,528.0,52.0,85.0
274.0,528.0,52.0,85.0
274.0,528.0,52.0,85.0
274.0,528.0,52.0,85.0
275.0,529.0,51.0,84.0
275.0,529.0,52.0,84.0
275.0,529.0,51.0,84.0
276.0,528.0,52.0,84.0
276.0,528.0,51.0,84.0
276.0,529.0,52.0,84.0
277.0,528.0,52.0,84.0
276.0,527.0,52.0,85.0
277.0,528.0,52.0,85.0
277.0,528.0,52.0,85.0
278.0,527.0,52.0,85.0
279.0,528.0,53.0,85.0
280.0,527.0,52.0,85.0
280.0,527.0,53.0,85.0
280.0,527.0,52.0,85.0
281.0,527.0,53.0,85.0
281.0,527.0,53.0,85.0
282.0,527.0,53.0,85.0
282.0,527.0,53.0,85.0
283.0,526.0,53.0,85.0
283.0,526.0,53.0,85.0
283.0,527.0,53.0,85.0
283.0,527.0,53.0,85.0
283.0,527.0,53.0,85.0
283.0,527.0,53.0,85.0
283.0,528.0,53.0,85.0
284.0,527.0,53.0,85.0
284.0,528.0,53.0,85.0
284.0,528.0,53.0,85.0
284.0,527.0,53.0,85.0
283.0,526.0,53.0,87.0
283.0,528.0,53.0,85.0
283.0,527.0,53.0,85.0
283.0,527.0,53.0,85.0
283.0,528.0,53.0,85.0
283.0,528.0,53.0,85.0
283.0,528.0,53.0,85.0
283.0,527.0,53.0,85.0
283.0,528.0,53.0,85.0
283.0,527.0,53.0,85.0
283.0,527.0,53.0,87.0
283.0,528.0,52.0,85.0
283.0,528.0,52.0,85.0
283.0,528.0,52.0,85.0
283.0,528.0,52.0,85.0
283.0,528.0,52.0,85.0
283.0,528.0,52.0,85.0
282.0,528.0,52.0,85.0
283.0,528.0,52.0,85.0
283.0,527.0,52.0,85.0
283.0,527.0,52.0,85.0
283.0,528.0,52.0,85.0
283.0,528.0,52.0,85.0
283.0,528.0,52.0,85.0
283.0,528.0,52.0,85.0
283.0,528.0,52.0,85.0
283.0,528.0,52.0,85.0
283.0,528.0,52.0,85.0
283.0,528.0,52.0,85.0
283.0,528.0,52.0,85.0
283.0,528.0,52.0,85.0
283.0,528.0,52.0,85.0
283.0,528.0,52.0,85.0
283.0,528.0,52.0,85.0
282.0,528.0,52.0,85.0
282.0,528.0,52.0,85.0
282.0,528.0,53.0,87.0
282.0,529.0,52.0,85.0
282.0,529.0,52.0,85.0
282.0,529.0,52.0,85.0
282.0,529.0,52.0,85.0
282.0,529.0,52.0,85.0
282.0,529.0,52.0,85.0
282.0,530.0,52.0,85.0
282.0,529.0,52.0,85.0
282.0,529.0,52.0,85.0
283.0,530.0,52.0,85.0
283.0,530.0,52.0,85.0
284.0,530.0,52.0,85.0
284.0,530.0,52.0,85.0
285.0,531.0,52.0,85.0
285.0,531.0,52.0,85.0
285.0,531.0,52.0,85.0
286.0,532.0,52.0,85.0
286.0,532.0,52.0,85.0
286.0,533.0,51.0,84.0
286.0,533.0,52.0,85.0
287.0,533.0,52.0,85.0
288.0,533.0,51.0,84.0
287.0,533.0,51.0,84.0
288.0,534.0,52.0,85.0
288.0,534.0,52.0,85.0
289.0,534.0,51.0,84.0
289.0,534.0,51.0,84.0
289.0,535.0,51.0,83.0
288.0,534.0,52.0,85.0
288.0,534.0,53.0,87.0
289.0,535.0,52.0,85.0
289.0,535.0,52.0,85.0
289.0,535.0,52.0,85.0
289.0,535.0,52.0,85.0
289.0,535.0,52.0,85.0
290.0,535.0,52.0,85.0
290.0,535.0,52.0,85.0
290.0,535.0,52.0,85.0
290.0,535.0,52.0,85.0
290.0,535.0,52.0,85.0
291.0,535.0,52.0,85.0
290.0,535.0,52.0,85.0
291.0,535.0,51.0,84.0
291.0,534.0,52.0,85.0
291.0,534.0,52.0,85.0
292.0,534.0,52.0,85.0
291.0,534.0,52.0,85.0
291.0,534.0,52.0,85.0
291.0,534.0,52.0,85.0
291.0,533.0,53.0,87.0
291.0,534.0,52.0,85.0
291.0,534.0,52.0,85.0
291.0,534.0,52.0,85.0
291.0,534.0,52.0,85.0
291.0,534.0,52.0,85.0
291.0,534.0,53.0,87.0
291.0,534.0,52.0,85.0
291.0,534.0,52.0,85.0
291.0,533.0,52.0,85.0
291.0,533.0,52.0,85.0
291.0,533.0,52.0,85.0
291.0,533.0,52.0,85.0
290.0,532.0,53.0,87.0
291.0,532.0,53.0,87.0
291.0,532.0,52.0,85.0
291.0,531.0,52.0,85.0
290.0,531.0,53.0,87.0
291.0,531.0,52.0,85.0
290.0,530.0,52.0,85.0
290.0,530.0,52.0,85.0
290.0,530.0,52.0,85.0
290.0,529.0,52.0,85.0
290.0,529.0,52.0,85.0
290.0,529.0,52.0,85.0
290.0,529.0,52.0,85.0
289.0,528.0,52.0,85.0
289.0,528.0,52.0,85.0
289.0,527.0,52.0,85.0
288.0,527.0,52.0,85.0
288.0,526.0,52.0,85.0
288.0,527.0,52.0,85.0
288.0,526.0,52.0,85.0
288.0,525.0,52.0,85.0
288.0,525.0,52.0,84.0
288.0,525.0,52.0,84.0
288.0,524.0,52.0,85.0
287.0,524.0,53.0,86.0
286.0,524.0,53.0,84.0
286.0,524.0,53.0,84.0
287.0,524.0,52.0,83.0
286.0,524.0,53.0,84.0
285.0,524.0,53.0,84.0
285.0,523.0,53.0,84.0
285.0,523.0,53.0,84.0
285.0,523.0,53.0,84.0
284.0,523.0,53.0,84.0
284.0,523.0,53.0,84.0
283.0,522.0,53.0,84.0
283.0,522.0,53.0,84.0
283.0,522.0,53.0,84.0
283.0,522.0,53.0,84.0
283.0,521.0,53.0,84.0
283.0,521.0,53.0,84.0
283.0,521.0,53.0,84.0
283.0,521.0,53.0,84.0
283.0,520.0,53.0,84.0
283.0,520.0,53.0,84.0
283.0,520.0,53.0,84.0
283.0,519.0,53.0,84.0
283.0,520.0,52.0,82.0
283.0,519.0,53.0,84.0
283.0,519.0,53.0,83.0
283.0,519.0,53.0,84.0
283.0,519.0,54.0,85.0
283.0,519.0,53.0,84.0
283.0,519.0,53.0,83.0
283.0,519.0,53.0,83.0
283.0,519.0,53.0,83.0
283.0,519.0,53.0,83.0
283.0,519.0,53.0,83.0
283.0,519.0,53.0,83.0
283.0,519.0,53.0,83.0
284.0,520.0,52.0,81.0
284.0,519.0,53.0,83.0
283.0,518.0,53.0,83.0
283.0,518.0,53.0,83.0
283.0,518.0,53.0,83.0
283.0,518.0,53.0,83.0
282.0,517.0,53.0,83.0
282.0,517.0,53.0,83.0
283.0,519.0,52.0,81.0
282.0,518.0,53.0,83.0
282.0,518.0,53.0,83.0
281.0,518.0,53.0,83.0
281.0,518.0,53.0,83.0
281.0,519.0,53.0,82.0
281.0,518.0,53.0,83.0
281.0,519.0,53.0,82.0
281.0,519.0,53.0,83.0
281.0,518.0,53.0,83.0
282.0,519.0,53.0,82.0
281.0,519.0,53.0,83.0
281.0,519.0,53.0,83.0
281.0,519.0,53.0,83.0
281.0,519.0,53.0,83.0
281.0,519.0,53.0,83.0
281.0,519.0,53.0,83.0
281.0,519.0,53.0,83.0
281.0,520.0,53.0,82.0
281.0,520.0,53.0,83.0
281.0,520.0,53.0,83.0
280.0,520.0,53.0,82.0
280.0,520.0,53.0,83.0
280.0,520.0,53.0,83.0
280.0,520.0,53.0,83.0
281.0,521.0,53.0,82.0
280.0,520.0,53.0,83.0
280.0,521.0,53.0,82.0
280.0,521.0,53.0,83.0
280.0,521.0,53.0,82.0
280.0,521.0,53.0,83.0
280.0,521.0,53.0,83.0
280.0,522.0,53.0,82.0
280.0,522.0,53.0,82.0
280.0,522.0,53.0,83.0
280.0,522.0,53.0,83.0
280.0,522.0,53.0,83.0
281.0,523.0,53.0,82.0
280.0,522.0,53.0,83.0
281.0,523.0,53.0,82.0
281.0,523.0,53.0,83.0
282.0,523.0,53.0,83.0
282.0,523.0,53.0,83.0
282.0,523.0,53.0,83.0
283.0,523.0,53.0,82.0
283.0,523.0,53.0,82.0
283.0,523.0,53.0,82.0
282.0,523.0,53.0,83.0
283.0,523.0,53.0,83.0
283.0,523.0,53.0,83.0
283.0,523.0,53.0,83.0
283.0,524.0,53.0,82.0
283.0,524.0,53.0,82.0
283.0,524.0,53.0,83.0
283.0,524.0,53.0,82.0
283.0,524.0,53.0,83.0
283.0,524.0,53.0,83.0
283.0,524.0,53.0,82.0
283.0,524.0,53.0,83.0
283.0,525.0,52.0,81.0
283.0,524.0,53.0,83.0
283.0,524.0,53.0,83.0
283.0,524.0,53.0,83.0
283.0,524.0,53.0,83.0
283.0,524.0,53.0,83.0
283.0,524.0,53.0,83.0
283.0,524.0,53.0,83.0
283.0,524.0,53.0,83.0
283.0,525.0,53.0,83.0
284.0,525.0,53.0,82.0
284.0,525.0,53.0,82.0
284.0,525.0,53.0,83.0
284.0,525.0,53.0,83.0
285.0,526.0,52.0,81.0
285.0,526.0,53.0,82.0
284.0,525.0,53.0,83.0
285.0,526.0,53.0,82.0
285.0,525.0,53.0,83.0
285.0,527.0,52.0,81.0
285.0,527.0,53.0,83.0
286.0,527.0,53.0,82.0
285.0,526.0,53.0,83.0
286.0,527.0,53.0,82.0
285.0,527.0,53.0,83.0
286.0,527.0,53.0,83.0
286.0,528.0,52.0,81.0
286.0,527.0,53.0,83.0
286.0,527.0,53.0,83.0
286.0,528.0,53.0,82.0
286.0,527.0,53.0,83.0
287.0,528.0,53.0,82.0
286.0,528.0,53.0,83.0
286.0,528.0,53.0,83.0
287.0,529.0,53.0,82.0
287.0,529.0,53.0,82.0
286.0,529.0,53.0,83.0
286.0,529.0,53.0,83.0
287.0,529.0,53.0,82.0
286.0,529.0,53.0,83.0
287.0,530.0,52.0,81.0
287.0,530.0,53.0,83.0
287.0,530.0,53.0,83.0
287.0,530.0,53.0,82.0
287.0,530.0,53.0,83.0
287.0,530.0,53.0,83.0
287.0,530.0,53.0,83.0
287.0,531.0,53.0,82.0
287.0,531.0,53.0,82.0
286.0,530.0,53.0,83.0
286.0,531.0,53.0,82.0
286.0,531.0,53.0,83.0
286.0,531.0,53.0,83.0
286.0,532.0,52.0,81.0
286.0,531.0,53.0,83.0
285.0,531.0,53.0,83.0
285.0,531.0,53.0,83.0
285.0,531.0,53.0,83.0
285.0,531.0,53.0,83.0
285.0,531.0,53.0,83.0
285.0,531.0,53.0,83.0
285.0,532.0,53.0,82.0
284.0,532.0,53.0,83.0
285.0,532.0,53.0,82.0
285.0,532.0,53.0,82.0
284.0,532.0,53.0,83.0
284.0,532.0,53.0,83.0
285.0,533.0,52.0,81.0
284.0,532.0,53.0,83.0
284.0,532.0,53.0,83.0
284.0,532.0,53.0,83.0
284.0,532.0,53.0,82.0
284.0,532.0,53.0,83.0
283.0,532.0,53.0,83.0
283.0,532.0,53.0,83.0
283.0,531.0,53.0,83.0
283.0,531.0,53.0,83.0
283.0,531.0,53.0,83.0
283.0,530.0,53.0,83.0
283.0,531.0,53.0,82.0
283.0,531.0,53.0,82.0
283.0,531.0,53.0,83.0
283.0,531.0,53.0,82.0
282.0,531.0,53.0,83.0
283.0,531.0,53.0,82.0
282.0,531.0,53.0,83.0
282.0,531.0,53.0,82.0
282.0,531.0,53.0,83.0
282.0,531.0,53.0,83.0
282.0,531.0,53.0,82.0
281.0,530.0,53.0,83.0
281.0,530.0,53.0,83.0
281.0,530.0,53.0,83.0
281.0,530.0,53.0,83.0
281.0,530.0,53.0,83.0
281.0,530.0,53.0,83.0
281.0,530.0,53.0,83.0
281.0,530.0,53.0,83.0
281.0,530.0,53.0,83.0
281.0,530.0,53.0,83.0
282.0,530.0,53.0,82.0
281.0,530.0,53.0,83.0
281.0,530.0,53.0,83.0
281.0,530.0,53.0,83.0
281.0,529.0,53.0,83.0
282.0,531.0,52.0,81.0
281.0,530.0,53.0,83.0
281.0,530.0,53.0,83.0
281.0,530.0,53.0,83.0
281.0,530.0,53.0,83.0
281.0,530.0,53.0,83.0
281.0,530.0,53.0,83.0
281.0,530.0,53.0,83.0
281.0,530.0,53.0,83.0
281.0,530.0,53.0,83.0
281.0,531.0,53.0,83.0
281.0,531.0,53.0,82.0
281.0,531.0,53.0,83.0
281.0,531.0,53.0,83.0
281.0,531.0,54.0,85.0
281.0,531.0,53.0,83.0
281.0,531.0,53.0,83.0
281.0,531.0,53.0,83.0
281.0,532.0,53.0,83.0
281.0,532.0,53.0,83.0
281.0,532.0,53.0,83.0
281.0,532.0,53.0,83.0
281.0,532.0,53.0,83.0
281.0,532.0,53.0,83.0
281.0,533.0,53.0,82.0
281.0,533.0,53.0,83.0
281.0,533.0,53.0,83.0
281.0,533.0,53.0,83.0
281.0,534.0,53.0,83.0
281.0,534.0,53.0,83.0
282.0,535.0,53.0,82.0
282.0,535.0,53.0,82.0
282.0,535.0,53.0,82.0
282.0,535.0,53.0,83.0
282.0,536.0,53.0,83.0
282.0,536.0,53.0,83.0
282.0,536.0,53.0,82.0
282.0,536.0,53.0,83.0
282.0,536.0,53.0,83.0
282.0,536.0,53.0,83.0
282.0,536.0,53.0,83.0
282.0,537.0,53.0,83.0
282.0,537.0,53.0,83.0
282.0,536.0,53.0,83.0
282.0,537.0,53.0,83.0
282.0,537.0,53.0,83.0
282.0,537.0,53.0,83.0
283.0,538.0,53.0,82.0
282.0,538.0,53.0,83.0
282.0,538.0,53.0,83.0
283.0,538.0,53.0,83.0
283.0,538.0,53.0,83.0
284.0,538.0,53.0,83.0
283.0,538.0,53.0,83.0
283.0,538.0,53.0,83.0
283.0,538.0,53.0,83.0
284.0,538.0,53.0,83.0
284.0,539.0,53.0,82.0
284.0,539.0,53.0,83.0
284.0,539.0,53.0,83.0
284.0,539.0,53.0,83.0
284.0,540.0,53.0,82.0
284.0,539.0,53.0,83.0
284.0,540.0,53.0,82.0
284.0,540.0,53.0,83.0
284.0,540.0,53.0,82.0
284.0,540.0,53.0,83.0
284.0,540.0,53.0,82.0
284.0,540.0,53.0,83.0
284.0,540.0,53.0,82.0
284.0,540.0,53.0,83.0
283.0,539.0,53.0,83.0
283.0,539.0,53.0,83.0
283.0,540.0,53.0,82.0
283.0,540.0,53.0,82.0
283.0,540.0,53.0,84.0
283.0,539.0,53.0,84.0
283.0,540.0,53.0,84.0
283.0,539.0,53.0,84.0
283.0,540.0,53.0,82.0
283.0,539.0,53.0,84.0
283.0,540.0,52.0,82.0
282.0,539.0,53.0,84.0
281.0,539.0,53.0,84.0
281.0,539.0,53.0,84.0
282.0,540.0,53.0,82.0
281.0,540.0,53.0,84.0
281.0,540.0,53.0,82.0
281.0,540.0,53.0,82.0
281.0,540.0,53.0,84.0
281.0,540.0,53.0,83.0
281.0,540.0,53.0,83.0
280.0,541.0,52.0,82.0
280.0,541.0,52.0,82.0
280.0,540.0,53.0,84.0
281.0,542.0,50.0,80.0
280.0,541.0,53.0,84.0
279.0,541.0,53.0,84.0
280.0,542.0,52.0,82.0
279.0,542.0,53.0,84.0
279.0,541.0,53.0,84.0
280.0,542.0,52.0,82.0
278.0,542.0,53.0,84.0
278.0,542.0,53.0,84.0
278.0,542.0,52.0,83.0
279.0,543.0,52.0,83.0
279.0,543.0,52.0,83.0
279.0,543.0,52.0,82.0
278.0,543.0,53.0,84.0
279.0,543.0,52.0,83.0
279.0,543.0,52.0,83.0
278.0,543.0,53.0,85.0
279.0,544.0,52.0,82.0
280.0,544.0,52.0,83.0
279.0,544.0,52.0,83.0
280.0,545.0,52.0,82.0
279.0,544.0,53.0,85.0
279.0,545.0,52.0,83.0
280.0,545.0,52.0,83.0
279.0,544.0,53.0,85.0
279.0,544.0,52.0,83.0
280.0,544.0,52.0,83.0
280.0,545.0,52.0,83.0
279.0,545.0,52.0,83.0
280.0,545.0,52.0,83.0
279.0,545.0,52.0,83.0
280.0,544.0,52.0,83.0
279.0,544.0,52.0,83.0
280.0,544.0,52.0,83.0
280.0,544.0,52.0,83.0
280.0,545.0,52.0,83.0
280.0,545.0,52.0,83.0
280.0,545.0,52.0,83.0
280.0,544.0,52.0,83.0
281.0,545.0,52.0,82.0
281.0,545.0,52.0,83.0
281.0,545.0,52.0,83.0
281.0,544.0,52.0,83.0
282.0,545.0,52.0,82.0
282.0,545.0,52.0,83.0
282.0,544.0,52.0,83.0
282.0,544.0,52.0,83.0
282.0,544.0,53.0,85.0
282.0,544.0,52.0,83.0
282.0,544.0,53.0,85.0
283.0,545.0,52.0,82.0
282.0,545.0,53.0,85.0
283.0,545.0,52.0,83.0
283.0,544.0,52.0,83.0
284.0,545.0,52.0,82.0
283.0,545.0,52.0,83.0
283.0,545.0,52.0,83.0
283.0,544.0,52.0,83.0
284.0,545.0,52.0,82.0
284.0,544.0,53.0,85.0
284.0,544.0,52.0,83.0
284.0,544.0,52.0,83.0
284.0,545.0,52.0,82.0
284.0,544.0,53.0,85.0
284.0,545.0,52.0,82.0
284.0,545.0,52.0,83.0
284.0,544.0,52.0,83.0
284.0,545.0,52.0,82.0
283.0,544.0,53.0,85.0
284.0,543.0,52.0,83.0
284.0,544.0,52.0,82.0
283.0,543.0,53.0,85.0
284.0,543.0,52.0,82.0
283.0,542.0,53.0,85.0
284.0,542.0,52.0,83.0
284.0,542.0,52.0,82.0
284.0,541.0,53.0,85.0
284.0,541.0,52.0,83.0
284.0,541.0,52.0,82.0
284.0,541.0,52.0,83.0
284.0,540.0,52.0,83.0
284.0,541.0,52.0,82.0
284.0,540.0,52.0,83.0
284.0,540.0,52.0,83.0
284.0,540.0,52.0,82.0
284.0,540.0,52.0,83.0
284.0,540.0,52.0,82.0
283.0,539.0,53.0,85.0
284.0,540.0,50.0,81.0
283.0,539.0,52.0,83.0
283.0,538.0,52.0,83.0
283.0,539.0,52.0,82.0
283.0,539.0,52.0,83.0
282.0,538.0,52.0,83.0
281.0,538.0,52.0,83.0
281.0,537.0,52.0,83.0
281.0,537.0,52.0,83.0
281.0,537.0,52.0,83.0
281.0,537.0,52.0,82.0
281.0,536.0,52.0,83.0
281.0,536.0,52.0,83.0
280.0,536.0,52.0,83.0
280.0,536.0,52.0,82.0
280.0,535.0,52.0,83.0
279.0,535.0,52.0,83.0
279.0,535.0,52.0,82.0
279.0,535.0,52.0,83.0
278.0,535.0,52.0,83.0
278.0,535.0,52.0,82.0
277.0,535.0,52.0,83.0
277.0,534.0,52.0,83.0
276.0,533.0,52.0,83.0
276.0,534.0,52.0,82.0
275.0,534.0,52.0,83.0
275.0,534.0,52.0,82.0
274.0,534.0,52.0,83.0
274.0,533.0,52.0,82.0
274.0,534.0,52.0,82.0
273.0,533.0,52.0,83.0
273.0,533.0,52.0,82.0
273.0,533.0,52.0,82.0
272.0,532.0,52.0,83.0
272.0,532.0,52.0,83.0
271.0,532.0,52.0,82.0
271.0,531.0,52.0,83.0
271.0,532.0,52.0,82.0
271.0,532.0,52.0,82.0
270.0,531.0,52.0,83.0
271.0,532.0,50.0,81.0
270.0,531.0,52.0,82.0
269.0,529.0,53.0,85.0
270.0,529.0,52.0,83.0
269.0,529.0,52.0,83.0
270.0,530.0,52.0,82.0
269.0,530.0,52.0,83.0
269.0,530.0,52.0,82.0
268.0,529.0,52.0,83.0
268.0,529.0,52.0,83.0
269.0,530.0,52.0,83.0
268.0,530.0,52.0,83.0
267.0,528.0,53.0,85.0
268.0,529.0,52.0,82.0
267.0,529.0,52.0,83.0
267.0,529.0,52.0,83.0
266.0,528.0,52.0,83.0
266.0,527.0,52.0,83.0
266.0,529.0,50.0,81.0
266.0,528.0,52.0,83.0
265.0,527.0,52.0,83.0
265.0,527.0,52.0,83.0
265.0,527.0,52.0,83.0
264.0,527.0,52.0,83.0
264.0,527.0,52.0,83.0
264.0,527.0,52.0,83.0
264.0,527.0,52.0,83.0
263.0,526.0,52.0,84.0
263.0,525.0,52.0,84.0
264.0,527.0,50.0,81.0
263.0,526.0,52.0,83.0
263.0,525.0,52.0,83.0
262.0,526.0,52.0,83.0
262.0,526.0,52.0,84.0
262.0,526.0,52.0,83.0
262.0,526.0,52.0,83.0
262.0,525.0,52.0,84.0
262.0,525.0,52.0,83.0
261.0,524.0,52.0,83.0
262.0,524.0,52.0,83.0
262.0,524.0,52.0,83.0
262.0,524.0,52.0,83.0
262.0,524.0,52.0,83.0
262.0,524.0,52.0,83.0
261.0,523.0,52.0,84.0
260.0,523.0,52.0,84.0
261.0,523.0,52.0,83.0
260.0,522.0,53.0,85.0
261.0,522.0,52.0,84.0
261.0,523.0,50.0,81.0
260.0,522.0,52.0,84.0
260.0,522.0,52.0,83.0
260.0,521.0,52.0,84.0
259.0,521.0,52.0,83.0
260.0,521.0,52.0,83.0
260.0,521.0,52.0,83.0
259.0,520.0,52.0,84.0
260.0,521.0,50.0,81.0
260.0,521.0,52.0,83.0
259.0,519.0,52.0,84.0
259.0,520.0,50.0,81.0
259.0,520.0,52.0,83.0
259.0,519.0,52.0,83.0
259.0,519.0,52.0,83.0
259.0,519.0,52.0,83.0
259.0,519.0,52.0,83.0
259.0,518.0,52.0,83.0
259.0,518.0,52.0,83.0
259.0,518.0,52.0,84.0
259.0,518.0,52.0,83.0
259.0,518.0,52.0,83.0
259.0,518.0,52.0,83.0
259.0,518.0,52.0,83.0
