882.0,563.0,35.0,74.0
881.0,563.0,37.0,76.0
882.0,563.0,36.0,75.0
883.0,564.0,37.0,76.0
883.0,566.0,35.0,74.0
883.0,565.0,37.0,76.0
884.0,567.0,35.0,74.0
883.0,566.0,37.0,76.0
884.0,568.0,35.0,74.0
884.0,566.0,37.0,76.0
883.0,566.0,38.0,78.0
883.0,566.0,39.0,81.0
882.0,565.0,41.0,84.0
881.0,565.0,43.0,89.0
881.0,566.0,44.0,90.0
881.0,566.0,45.0,93.0
881.0,565.0,46.0,94.0
880.0,567.0,45.0,93.0
880.0,567.0,45.0,93.0
880.0,568.0,44.0,91.0
880.0,569.0,44.0,90.0
878.0,568.0,46.0,94.0
876.0,568.0,46.0,94.0
875.0,568.0,47.0,96.0
873.0,568.0,47.0,97.0
871.0,568.0,49.0,100.0
869.0,568.0,50.0,102.0
868.0,569.0,51.0,104.0
866.0,572.0,51.0,104.0
867.0,574.0,50.0,102.0
865.0,574.0,50.0,102.0
865.0,575.0,50.0,102.0
863.0,575.0,50.0,102.0
864.0,576.0,50.0,102.0
864.0,578.0,49.0,100.0
865.0,580.0,48.0,99.0
864.0,581.0,48.0,99.0
865.0,582.0,48.0,99.0
866.0,583.0,48.0,99.0
867.0,584.0,48.0,99.0
866.0,585.0,49.0,100.0
866.0,587.0,48.0,99.0
867.0,588.0,49.0,100.0
866.0,588.0,50.0,102.0
866.0,590.0,50.0,102.0
867.0,590.0,50.0,102.0
867.0,591.0,50.0,102.0
867.0,592.0,51.0,104.0
868.0,593.0,51.0,104.0
869.0,595.0,51.0,104.0
870.0,596.0,51.0,104.0
871.0,599.0,49.0,100.0
871.0,600.0,49.0,100.0
872.0,601.0,49.0,100.0
871.0,602.0,51.0,103.0
872.0,603.0,51.0,103.0
872.0,604.0,52.0,103.0
873.0,606.0,52.0,103.0
874.0,608.0,52.0,103.0
874.0,609.0,51.0,103.0
874.0,611.0,51.0,102.0
874.0,612.0,51.0,103.0
873.0,614.0,51.0,103.0
872.0,614.0,52.0,105.0
871.0,616.0,52.0,105.0
870.0,617.0,53.0,106.0
869.0,618.0,53.0,106.0
868.0,619.0,53.0,106.0
868.0,621.0,53.0,106.0
868.0,622.0,53.0,106.0
868.0,624.0,53.0,106.0
868.0,625.0,53.0,106.0
869.0,626.0,53.0,106.0
870.0,628.0,53.0,106.0
871.0,629.0,53.0,106.0
871.0,630.0,53.0,106.0
872.0,631.0,53.0,106.0
872.0,634.0,52.0,105.0
873.0,637.0,52.0,105.0
874.0,638.0,52.0,105.0
874.0,640.0,52.0,105.0
874.0,642.0,52.0,105.0
874.0,644.0,52.0,105.0
875.0,647.0,53.0,105.0
875.0,649.0,54.0,106.0
874.0,651.0,55.0,108.0
874.0,654.0,55.0,108.0
874.0,657.0,56.0,108.0
875.0,661.0,56.0,108.0
874.0,663.0,57.0,110.0
875.0,665.0,56.0,108.0
875.0,669.0,56.0,108.0
875.0,672.0,55.0,106.0
875.0,675.0,55.0,106.0
875.0,677.0,55.0,106.0
875.0,680.0,55.0,106.0
876.0,682.0,55.0,106.0
875.0,685.0,55.0,106.0
875.0,687.0,54.0,105.0
875.0,691.0,54.0,105.0
874.0,692.0,55.0,106.0
873.0,694.0,55.0,106.0
873.0,695.0,55.0,106.0
872.0,696.0,55.0,106.0
871.0,698.0,55.0,106.0
871.0,698.0,55.0,106.0
870.0,699.0,55.0,106.0
870.0,700.0,55.0,106.0
870.0,701.0,55.0,106.0
870.0,701.0,55.0,106.0
870.0,702.0,55.0,106.0
870.0,703.0,55.0,106.0
870.0,704.0,55.0,106.0
869.0,704.0,55.0,107.0
868.0,704.0,56.0,109.0
869.0,705.0,56.0,110.0
869.0,706.0,55.0,110.0
870.0,707.0,55.0,107.0
870.0,707.0,55.0,107.0
868.0,709.0,55.0,107.0
869.0,710.0,55.0,107.0
