425.0,218.0,218.0,369.0
425.0,215.0,218.0,369.0
423.0,214.0,218.0,369.0
421.0,213.0,218.0,369.0
421.0,210.0,218.0,369.0
419.0,209.0,219.0,369.0
417.0,208.0,219.0,370.0
416.0,209.0,219.0,370.0
416.0,208.0,219.0,370.0
416.0,209.0,219.0,370.0
416.0,210.0,219.0,370.0
414.0,211.0,219.0,370.0
412.0,212.0,219.0,371.0
414.0,214.0,219.0,370.0
412.0,215.0,219.0,370.0
412.0,216.0,219.0,370.0
412.0,217.0,219.0,370.0
412.0,220.0,219.0,370.0
410.0,219.0,219.0,370.0
408.0,222.0,219.0,370.0
408.0,221.0,220.0,370.0
408.0,221.0,220.0,370.0
407.0,216.0,220.0,370.0
407.0,215.0,220.0,370.0
407.0,213.0,220.0,370.0
407.0,210.0,220.0,370.0
406.0,209.0,220.0,370.0
406.0,208.0,220.0,370.0
404.0,207.0,221.0,370.0
402.0,206.0,221.0,371.0
404.0,203.0,221.0,371.0
402.0,202.0,221.0,371.0
404.0,201.0,221.0,371.0
402.0,200.0,221.0,371.0
402.0,199.0,221.0,371.0
402.0,200.0,221.0,371.0
402.0,201.0,221.0,371.0
400.0,202.0,221.0,370.0
399.0,201.0,221.0,370.0
400.0,202.0,221.0,370.0
399.0,201.0,221.0,371.0
401.0,200.0,220.0,371.0
401.0,199.0,220.0,371.0
401.0,198.0,220.0,371.0
401.0,197.0,220.0,372.0
401.0,195.0,220.0,372.0
401.0,194.0,220.0,372.0
401.0,193.0,220.0,372.0
401.0,192.0,220.0,373.0
401.0,192.0,220.0,373.0
401.0,190.0,220.0,374.0
401.0,189.0,219.0,375.0
401.0,190.0,219.0,375.0
401.0,191.0,219.0,374.0
401.0,191.0,219.0,374.0
401.0,192.0,219.0,374.0
401.0,191.0,219.0,374.0
401.0,190.0,219.0,374.0
401.0,189.0,219.0,374.0
401.0,190.0,219.0,374.0
401.0,188.0,219.0,374.0
401.0,188.0,219.0,374.0
401.0,188.0,219.0,374.0
401.0,188.0,219.0,374.0
401.0,188.0,219.0,374.0
401.0,188.0,219.0,374.0
401.0,188.0,219.0,374.0
401.0,188.0,219.0,374.0
401.0,186.0,219.0,374.0
401.0,187.0,219.0,374.0
401.0,186.0,219.0,373.0
401.0,187.0,219.0,373.0
401.0,186.0,219.0,373.0
401.0,188.0,219.0,373.0
401.0,188.0,219.0,373.0
401.0,189.0,219.0,373.0
401.0,188.0,220.0,372.0
401.0,188.0,220.0,371.0
399.0,189.0,220.0,371.0
401.0,190.0,220.0,371.0
397.0,191.0,220.0,370.0
397.0,192.0,220.0,370.0
397.0,191.0,220.0,370.0
397.0,190.0,220.0,370.0
395.0,189.0,220.0,371.0
397.0,188.0,220.0,371.0
393.0,187.0,220.0,370.0
393.0,186.0,221.0,370.0
393.0,185.0,221.0,371.0
393.0,184.0,221.0,371.0
393.0,183.0,221.0,371.0
393.0,181.0,221.0,371.0
393.0,180.0,221.0,371.0
393.0,181.0,222.0,371.0
393.0,180.0,222.0,371.0
393.0,179.0,222.0,371.0
393.0,178.0,222.0,371.0
393.0,179.0,222.0,371.0
393.0,176.0,222.0,371.0
393.0,177.0,222.0,371.0
395.0,176.0,222.0,371.0
396.0,175.0,222.0,371.0
394.0,174.0,222.0,371.0
396.0,173.0,222.0,371.0
394.0,170.0,222.0,371.0
396.0,169.0,222.0,371.0
396.0,168.0,222.0,371.0
396.0,169.0,222.0,371.0
397.0,168.0,222.0,371.0
398.0,171.0,222.0,371.0
400.0,170.0,222.0,371.0
400.0,170.0,222.0,371.0
400.0,169.0,222.0,372.0
400.0,168.0,222.0,372.0
402.0,167.0,222.0,372.0
403.0,166.0,222.0,372.0
402.0,166.0,222.0,372.0
403.0,166.0,222.0,372.0
403.0,166.0,223.0,372.0
403.0,166.0,223.0,372.0
403.0,166.0,223.0,372.0
406.0,165.0,223.0,372.0
408.0,163.0,223.0,372.0
408.0,164.0,222.0,372.0
408.0,163.0,222.0,372.0
410.0,163.0,222.0,372.0
412.0,162.0,222.0,371.0
412.0,161.0,222.0,371.0
414.0,158.0,222.0,371.0
418.0,158.0,222.0,371.0
420.0,153.0,222.0,371.0
420.0,152.0,222.0,371.0
420.0,151.0,222.0,371.0
422.0,152.0,222.0,371.0
423.0,155.0,222.0,371.0
424.0,157.0,222.0,371.0
426.0,158.0,222.0,371.0
428.0,157.0,222.0,371.0
428.0,155.0,222.0,371.0
430.0,154.0,222.0,371.0
434.0,151.0,222.0,371.0
436.0,150.0,222.0,371.0
434.0,149.0,222.0,371.0
436.0,150.0,222.0,371.0
434.0,151.0,222.0,371.0
436.0,152.0,221.0,371.0
434.0,151.0,221.0,371.0
436.0,150.0,221.0,371.0
436.0,149.0,221.0,371.0
436.0,148.0,221.0,371.0
436.0,145.0,221.0,371.0
438.0,144.0,221.0,371.0
440.0,143.0,221.0,371.0
439.0,144.0,221.0,371.0
438.0,143.0,221.0,371.0
438.0,144.0,221.0,371.0
438.0,143.0,221.0,371.0
436.0,144.0,221.0,371.0
435.0,143.0,221.0,371.0
436.0,142.0,221.0,371.0
433.0,141.0,221.0,371.0
433.0,142.0,221.0,371.0
431.0,141.0,221.0,371.0
433.0,140.0,221.0,371.0
429.0,139.0,221.0,371.0
429.0,140.0,221.0,371.0
427.0,139.0,220.0,371.0
427.0,139.0,220.0,370.0
427.0,138.0,220.0,370.0
425.0,139.0,220.0,370.0
423.0,138.0,220.0,370.0
425.0,139.0,220.0,370.0
423.0,138.0,220.0,370.0
423.0,139.0,220.0,370.0
423.0,138.0,220.0,370.0
419.0,137.0,220.0,370.0
417.0,134.0,220.0,370.0
413.0,135.0,221.0,370.0
411.0,132.0,220.0,370.0
409.0,133.0,220.0,370.0
405.0,132.0,220.0,370.0
401.0,133.0,220.0,371.0
397.0,132.0,220.0,371.0
395.0,133.0,221.0,371.0
392.0,132.0,221.0,371.0
386.0,131.0,221.0,371.0
384.0,130.0,221.0,371.0
380.0,131.0,221.0,371.0
376.0,130.0,221.0,371.0
373.0,131.0,221.0,371.0
369.0,130.0,221.0,371.0
365.0,131.0,221.0,371.0
360.0,131.0,221.0,371.0
354.0,132.0,221.0,371.0
352.0,131.0,221.0,371.0
344.0,132.0,221.0,371.0
338.0,132.0,221.0,371.0
334.0,134.0,221.0,370.0
327.0,134.0,221.0,370.0
322.0,136.0,221.0,370.0
316.0,136.0,221.0,370.0
310.0,136.0,221.0,370.0
308.0,137.0,221.0,370.0
304.0,138.0,221.0,370.0
302.0,137.0,221.0,370.0
300.0,138.0,221.0,370.0
298.0,139.0,221.0,370.0
297.0,140.0,221.0,370.0
297.0,139.0,221.0,370.0
295.0,142.0,222.0,370.0
293.0,143.0,222.0,370.0
292.0,144.0,222.0,370.0
290.0,143.0,222.0,370.0
288.0,144.0,221.0,370.0
286.0,143.0,221.0,370.0
284.0,144.0,221.0,370.0
284.0,143.0,221.0,370.0
282.0,144.0,221.0,370.0
280.0,145.0,221.0,370.0
280.0,146.0,221.0,370.0
278.0,147.0,221.0,370.0
276.0,150.0,221.0,370.0
274.0,151.0,221.0,370.0
271.0,152.0,221.0,370.0
269.0,151.0,221.0,370.0
269.0,153.0,221.0,370.0
266.0,152.0,221.0,370.0
262.0,155.0,221.0,370.0
260.0,156.0,221.0,370.0
258.0,157.0,222.0,371.0
254.0,158.0,222.0,373.0
250.0,160.0,223.0,374.0
246.0,161.0,223.0,374.0
244.0,162.0,223.0,375.0
244.0,163.0,223.0,376.0
241.0,166.0,223.0,376.0
237.0,167.0,223.0,376.0
233.0,170.0,223.0,376.0
231.0,171.0,224.0,376.0
228.0,174.0,224.0,376.0
220.0,175.0,225.0,376.0
214.0,176.0,225.0,376.0
210.0,175.0,225.0,376.0
202.0,176.0,225.0,376.0
193.0,175.0,225.0,376.0
183.0,177.0,225.0,376.0
173.0,176.0,225.0,376.0
167.0,179.0,224.0,376.0
158.0,180.0,224.0,376.0
152.0,181.0,224.0,376.0
142.0,181.0,224.0,377.0
138.0,180.0,224.0,378.0
134.0,179.0,224.0,380.0
128.0,182.0,224.0,379.0
122.0,182.0,224.0,379.0
120.0,184.0,224.0,378.0
116.0,186.0,224.0,378.0
113.0,187.0,224.0,378.0
111.0,188.0,224.0,378.0
106.0,190.0,224.0,378.0
101.0,189.0,224.0,378.0
97.0,190.0,224.0,378.0
93.0,191.0,224.0,378.0
91.0,192.0,224.0,378.0
85.0,192.0,224.0,378.0
81.0,195.0,225.0,379.0
77.0,196.0,225.0,379.0
74.0,197.0,226.0,379.0
71.0,197.0,226.0,381.0
67.0,198.0,227.0,382.0
64.0,196.0,227.0,383.0
64.0,195.0,227.0,383.0
64.0,194.0,227.0,383.0
63.0,195.0,227.0,383.0
63.0,195.0,227.0,383.0
61.0,196.0,227.0,383.0
57.0,195.0,227.0,383.0
56.0,195.0,226.0,384.0
56.0,194.0,226.0,384.0
56.0,195.0,226.0,384.0
58.0,194.0,227.0,384.0
58.0,193.0,227.0,384.0
62.0,191.0,227.0,383.0
66.0,190.0,227.0,383.0
70.0,189.0,227.0,383.0
76.0,187.0,227.0,383.0
82.0,184.0,227.0,383.0
87.0,183.0,227.0,383.0
93.0,182.0,227.0,383.0
99.0,182.0,227.0,383.0
104.0,181.0,227.0,383.0
110.0,180.0,227.0,383.0
115.0,179.0,226.0,383.0
121.0,178.0,226.0,383.0
127.0,175.0,226.0,383.0
131.0,174.0,226.0,383.0
131.0,171.0,225.0,383.0
133.0,170.0,225.0,383.0
135.0,167.0,225.0,383.0
136.0,166.0,224.0,383.0
138.0,165.0,224.0,383.0
142.0,164.0,224.0,383.0
144.0,163.0,224.0,383.0
144.0,162.0,224.0,383.0
148.0,161.0,224.0,383.0
152.0,160.0,224.0,382.0
154.0,160.0,224.0,381.0
158.0,159.0,223.0,381.0
162.0,158.0,223.0,381.0
164.0,157.0,223.0,381.0
167.0,156.0,223.0,381.0
171.0,157.0,223.0,381.0
175.0,156.0,222.0,381.0
177.0,156.0,222.0,381.0
179.0,155.0,222.0,381.0
185.0,154.0,222.0,381.0
187.0,153.0,222.0,381.0
193.0,152.0,222.0,381.0
196.0,149.0,222.0,381.0
203.0,148.0,222.0,381.0
211.0,144.0,222.0,381.0
217.0,143.0,222.0,381.0
221.0,142.0,222.0,381.0
225.0,143.0,222.0,381.0
231.0,144.0,222.0,381.0
239.0,143.0,222.0,381.0
242.0,142.0,222.0,381.0
246.0,143.0,222.0,381.0
249.0,142.0,222.0,381.0
251.0,141.0,222.0,381.0
257.0,140.0,221.0,381.0
260.0,141.0,221.0,381.0
266.0,140.0,221.0,381.0
268.0,140.0,221.0,381.0
274.0,139.0,221.0,380.0
282.0,138.0,222.0,380.0
288.0,137.0,222.0,380.0
296.0,140.0,222.0,380.0
302.0,139.0,221.0,379.0
308.0,138.0,221.0,379.0
316.0,138.0,221.0,378.0
322.0,137.0,221.0,378.0
326.0,136.0,221.0,377.0
330.0,135.0,221.0,377.0
336.0,134.0,221.0,377.0
344.0,135.0,221.0,377.0
348.0,135.0,221.0,377.0
353.0,136.0,220.0,377.0
359.0,135.0,220.0,377.0
361.0,135.0,220.0,377.0
369.0,134.0,220.0,377.0
373.0,135.0,220.0,377.0
379.0,134.0,220.0,377.0
383.0,135.0,220.0,377.0
391.0,136.0,221.0,377.0
399.0,137.0,221.0,377.0
405.0,136.0,221.0,377.0
415.0,136.0,221.0,376.0
419.0,135.0,221.0,376.0
425.0,136.0,221.0,376.0
434.0,135.0,221.0,376.0
439.0,134.0,220.0,376.0
443.0,133.0,220.0,376.0
448.0,131.0,220.0,377.0
452.0,130.0,220.0,377.0
460.0,131.0,220.0,377.0
464.0,132.0,220.0,377.0
470.0,133.0,220.0,377.0
476.0,132.0,220.0,377.0
482.0,133.0,220.0,377.0
488.0,134.0,220.0,377.0
492.0,133.0,220.0,377.0
496.0,132.0,220.0,377.0
500.0,131.0,220.0,377.0
504.0,131.0,220.0,377.0
509.0,130.0,220.0,377.0
515.0,129.0,220.0,377.0
517.0,129.0,220.0,376.0
521.0,128.0,220.0,375.0
523.0,129.0,220.0,375.0
526.0,128.0,220.0,375.0
530.0,129.0,220.0,375.0
532.0,130.0,220.0,375.0
534.0,132.0,220.0,375.0
538.0,131.0,220.0,375.0
543.0,131.0,220.0,375.0
545.0,131.0,220.0,375.0
551.0,131.0,221.0,375.0
553.0,130.0,221.0,375.0
559.0,129.0,221.0,375.0
563.0,128.0,221.0,375.0
566.0,129.0,221.0,375.0
570.0,129.0,221.0,375.0
572.0,130.0,221.0,375.0
576.0,127.0,221.0,375.0
578.0,126.0,221.0,375.0
578.0,125.0,221.0,375.0
579.0,126.0,221.0,375.0
581.0,125.0,220.0,376.0
584.0,128.0,220.0,376.0
582.0,129.0,220.0,376.0
584.0,131.0,220.0,376.0
584.0,132.0,220.0,376.0
586.0,135.0,220.0,377.0
588.0,136.0,220.0,377.0
588.0,137.0,220.0,377.0
590.0,136.0,220.0,377.0
595.0,136.0,221.0,377.0
595.0,137.0,222.0,377.0
598.0,139.0,222.0,377.0
602.0,140.0,222.0,377.0
604.0,143.0,222.0,377.0
608.0,142.0,221.0,377.0
611.0,143.0,221.0,377.0
613.0,143.0,221.0,377.0
615.0,146.0,221.0,377.0
616.0,149.0,221.0,377.0
618.0,151.0,221.0,377.0
623.0,151.0,221.0,377.0
623.0,152.0,221.0,377.0
627.0,153.0,221.0,377.0
631.0,154.0,221.0,377.0
635.0,154.0,221.0,377.0
639.0,155.0,221.0,377.0
643.0,156.0,221.0,376.0
649.0,157.0,221.0,375.0
653.0,157.0,221.0,375.0
654.0,158.0,221.0,375.0
654.0,157.0,222.0,375.0
654.0,156.0,222.0,375.0
654.0,155.0,222.0,375.0
655.0,154.0,222.0,375.0
655.0,155.0,222.0,375.0
655.0,156.0,222.0,375.0
657.0,159.0,222.0,375.0
659.0,162.0,222.0,375.0
661.0,163.0,222.0,375.0
663.0,166.0,222.0,375.0
663.0,166.0,222.0,375.0
665.0,167.0,222.0,375.0
671.0,168.0,222.0,375.0
673.0,169.0,222.0,375.0
675.0,170.0,222.0,375.0
675.0,171.0,222.0,375.0
677.0,172.0,222.0,375.0
679.0,173.0,222.0,374.0
679.0,172.0,222.0,374.0
679.0,173.0,222.0,373.0
681.0,172.0,222.0,373.0
683.0,172.0,222.0,373.0
683.0,173.0,222.0,373.0
685.0,174.0,222.0,373.0
689.0,173.0,222.0,373.0
690.0,176.0,222.0,373.0
691.0,175.0,222.0,373.0
694.0,176.0,222.0,373.0
696.0,175.0,222.0,373.0
700.0,176.0,222.0,373.0
701.0,178.0,222.0,373.0
701.0,179.0,222.0,373.0
701.0,178.0,222.0,373.0
701.0,179.0,222.0,373.0
701.0,176.0,222.0,372.0
699.0,175.0,222.0,372.0
701.0,174.0,222.0,372.0
698.0,175.0,222.0,372.0
698.0,174.0,222.0,372.0
696.0,177.0,222.0,372.0
698.0,178.0,222.0,372.0
697.0,181.0,222.0,373.0
698.0,182.0,222.0,373.0
699.0,184.0,222.0,373.0
699.0,184.0,222.0,373.0
700.0,185.0,222.0,373.0
704.0,184.0,222.0,373.0
706.0,185.0,222.0,373.0
706.0,185.0,222.0,373.0
706.0,186.0,222.0,373.0
706.0,185.0,222.0,373.0
706.0,186.0,222.0,373.0
706.0,185.0,222.0,372.0
706.0,186.0,222.0,372.0
706.0,185.0,222.0,372.0
706.0,186.0,222.0,372.0
706.0,185.0,222.0,372.0
708.0,186.0,222.0,372.0
710.0,183.0,222.0,372.0
710.0,184.0,222.0,372.0
710.0,185.0,222.0,372.0
712.0,186.0,222.0,372.0
716.0,185.0,222.0,372.0
718.0,184.0,222.0,372.0
718.0,182.0,222.0,372.0
720.0,183.0,222.0,372.0
721.0,182.0,222.0,372.0
720.0,181.0,222.0,372.0
720.0,180.0,222.0,372.0
718.0,179.0,222.0,373.0
714.0,176.0,222.0,373.0
713.0,177.0,222.0,373.0
713.0,176.0,222.0,373.0
711.0,178.0,222.0,373.0
707.0,177.0,222.0,374.0
706.0,180.0,222.0,374.0
707.0,179.0,222.0,375.0
707.0,180.0,222.0,374.0
707.0,181.0,222.0,373.0
708.0,182.0,222.0,372.0
709.0,182.0,222.0,372.0
711.0,183.0,222.0,372.0
711.0,182.0,222.0,372.0
711.0,184.0,222.0,372.0
711.0,183.0,222.0,372.0
711.0,184.0,222.0,372.0
711.0,183.0,222.0,372.0
711.0,184.0,222.0,372.0
711.0,183.0,222.0,372.0
711.0,182.0,222.0,373.0
711.0,181.0,222.0,374.0
712.0,179.0,222.0,374.0
714.0,178.0,222.0,374.0
714.0,179.0,222.0,374.0
715.0,180.0,222.0,374.0
719.0,181.0,222.0,375.0
723.0,180.0,222.0,375.0
725.0,181.0,222.0,375.0
726.0,180.0,222.0,375.0
728.0,181.0,222.0,375.0
730.0,181.0,222.0,375.0
728.0,181.0,222.0,375.0
730.0,180.0,222.0,375.0
726.0,179.0,222.0,374.0
726.0,176.0,222.0,375.0
724.0,177.0,222.0,375.0
724.0,176.0,222.0,375.0
723.0,175.0,222.0,376.0
719.0,176.0,222.0,376.0
719.0,177.0,221.0,376.0
719.0,178.0,221.0,376.0
719.0,179.0,221.0,376.0
721.0,180.0,221.0,376.0
723.0,181.0,221.0,377.0
723.0,182.0,221.0,377.0
725.0,183.0,221.0,377.0
729.0,182.0,221.0,377.0
729.0,184.0,221.0,377.0
731.0,184.0,221.0,377.0
729.0,184.0,221.0,377.0
731.0,183.0,221.0,377.0
730.0,182.0,221.0,377.0
731.0,181.0,221.0,377.0
729.0,180.0,221.0,377.0
731.0,179.0,221.0,377.0
729.0,178.0,221.0,377.0
733.0,176.0,221.0,376.0
733.0,178.0,221.0,376.0
734.0,179.0,222.0,375.0
733.0,181.0,222.0,375.0
735.0,180.0,222.0,374.0
739.0,181.0,222.0,374.0
741.0,180.0,221.0,375.0
741.0,181.0,220.0,375.0
742.0,180.0,220.0,375.0
741.0,181.0,220.0,375.0
741.0,180.0,220.0,375.0
739.0,179.0,220.0,375.0
736.0,176.0,220.0,375.0
734.0,177.0,220.0,375.0
733.0,176.0,220.0,375.0
731.0,177.0,220.0,375.0
727.0,178.0,220.0,375.0
727.0,178.0,220.0,375.0
728.0,179.0,220.0,375.0
728.0,180.0,220.0,376.0
728.0,181.0,220.0,376.0
728.0,182.0,220.0,376.0
730.0,181.0,220.0,376.0
731.0,182.0,220.0,376.0
732.0,182.0,220.0,376.0
732.0,183.0,220.0,376.0
732.0,182.0,220.0,377.0
732.0,183.0,220.0,377.0
732.0,182.0,220.0,377.0
732.0,182.0,220.0,376.0
730.0,181.0,220.0,376.0
732.0,180.0,220.0,375.0
730.0,179.0,220.0,375.0
731.0,180.0,220.0,375.0
729.0,179.0,220.0,375.0
731.0,180.0,220.0,375.0
731.0,181.0,221.0,375.0
731.0,182.0,221.0,375.0
733.0,181.0,221.0,375.0
737.0,180.0,221.0,375.0
739.0,180.0,221.0,374.0
738.0,181.0,221.0,374.0
738.0,180.0,221.0,374.0
738.0,181.0,221.0,374.0
736.0,178.0,221.0,374.0
736.0,179.0,221.0,374.0
734.0,176.0,221.0,374.0
732.0,175.0,221.0,374.0
730.0,174.0,221.0,374.0
729.0,175.0,221.0,374.0
727.0,174.0,221.0,374.0
723.0,177.0,221.0,374.0
721.0,178.0,221.0,374.0
723.0,179.0,221.0,374.0
721.0,179.0,221.0,374.0
723.0,180.0,221.0,374.0
721.0,180.0,221.0,375.0
723.0,181.0,221.0,375.0
723.0,180.0,221.0,375.0
723.0,181.0,221.0,375.0
723.0,182.0,221.0,375.0
723.0,183.0,221.0,375.0
721.0,182.0,221.0,375.0
723.0,181.0,221.0,375.0
719.0,180.0,221.0,375.0
719.0,180.0,221.0,375.0
717.0,179.0,221.0,375.0
717.0,180.0,221.0,375.0
716.0,179.0,221.0,375.0
718.0,178.0,221.0,375.0
716.0,177.0,221.0,375.0
718.0,180.0,222.0,375.0
718.0,179.0,222.0,375.0
718.0,178.0,222.0,375.0
719.0,178.0,222.0,375.0
721.0,179.0,222.0,375.0
719.0,178.0,222.0,375.0
721.0,179.0,222.0,375.0
718.0,176.0,222.0,375.0
718.0,177.0,222.0,375.0
716.0,174.0,222.0,375.0
716.0,173.0,222.0,375.0
714.0,170.0,222.0,375.0
710.0,171.0,222.0,375.0
708.0,170.0,222.0,375.0
708.0,173.0,222.0,375.0
707.0,174.0,222.0,375.0
705.0,175.0,222.0,375.0
705.0,176.0,222.0,375.0
705.0,178.0,222.0,375.0
705.0,180.0,222.0,375.0
707.0,181.0,222.0,375.0
705.0,180.0,222.0,375.0
706.0,181.0,222.0,375.0
706.0,182.0,222.0,375.0
706.0,183.0,222.0,375.0
705.0,182.0,222.0,375.0
706.0,183.0,222.0,375.0
705.0,182.0,222.0,375.0
704.0,183.0,222.0,375.0
703.0,182.0,222.0,375.0
701.0,182.0,222.0,375.0
702.0,181.0,222.0,375.0
700.0,180.0,222.0,375.0
702.0,181.0,222.0,375.0
700.0,184.0,222.0,375.0
704.0,185.0,222.0,375.0
705.0,186.0,222.0,375.0
706.0,186.0,222.0,375.0
706.0,187.0,222.0,375.0
705.0,186.0,222.0,374.0
703.0,187.0,222.0,374.0
705.0,188.0,223.0,374.0
701.0,187.0,223.0,374.0
699.0,186.0,223.0,374.0
699.0,185.0,223.0,374.0
695.0,182.0,223.0,374.0
694.0,183.0,223.0,374.0
688.0,182.0,223.0,374.0
686.0,183.0,223.0,374.0
683.0,184.0,223.0,374.0
683.0,187.0,223.0,374.0
680.0,188.0,223.0,374.0
680.0,190.0,223.0,374.0
680.0,191.0,223.0,374.0
679.0,192.0,222.0,374.0
679.0,193.0,222.0,375.0
677.0,194.0,222.0,375.0
676.0,195.0,222.0,375.0
676.0,196.0,222.0,375.0
676.0,195.0,222.0,375.0
674.0,196.0,222.0,375.0
670.0,195.0,222.0,374.0
669.0,196.0,222.0,374.0
668.0,195.0,222.0,374.0
666.0,196.0,222.0,374.0
664.0,195.0,222.0,374.0
664.0,196.0,222.0,374.0
664.0,197.0,222.0,374.0
663.0,198.0,222.0,374.0
665.0,197.0,222.0,374.0
663.0,198.0,222.0,374.0
665.0,199.0,222.0,374.0
662.0,200.0,222.0,374.0
662.0,199.0,222.0,374.0
660.0,199.0,222.0,374.0
656.0,198.0,222.0,374.0
653.0,197.0,222.0,374.0
649.0,196.0,222.0,374.0
647.0,195.0,222.0,374.0
646.0,194.0,221.0,374.0
641.0,196.0,221.0,374.0
639.0,197.0,221.0,374.0
635.0,200.0,221.0,374.0
633.0,201.0,221.0,374.0
633.0,204.0,221.0,374.0
631.0,205.0,221.0,374.0
627.0,206.0,221.0,374.0
627.0,207.0,221.0,374.0
626.0,208.0,221.0,375.0
624.0,209.0,222.0,375.0
624.0,210.0,222.0,375.0
622.0,211.0,222.0,375.0
618.0,212.0,222.0,375.0
616.0,211.0,222.0,375.0
614.0,212.0,222.0,374.0
611.0,211.0,222.0,374.0
608.0,212.0,222.0,374.0
608.0,211.0,222.0,374.0
606.0,210.0,222.0,374.0
602.0,209.0,222.0,374.0
600.0,212.0,222.0,374.0
600.0,211.0,222.0,374.0
599.0,212.0,222.0,374.0
599.0,211.0,222.0,374.0
599.0,212.0,222.0,374.0
597.0,213.0,221.0,374.0
593.0,214.0,221.0,374.0
589.0,213.0,221.0,374.0
587.0,212.0,221.0,374.0
585.0,210.0,221.0,373.0
577.0,209.0,221.0,373.0
574.0,208.0,221.0,374.0
570.0,207.0,221.0,374.0
566.0,208.0,221.0,375.0
562.0,208.0,221.0,375.0
558.0,209.0,221.0,375.0
556.0,212.0,221.0,376.0
556.0,213.0,222.0,376.0
556.0,215.0,222.0,376.0
554.0,216.0,222.0,377.0
550.0,219.0,222.0,377.0
550.0,220.0,222.0,377.0
548.0,223.0,222.0,377.0
550.0,224.0,222.0,377.0
546.0,225.0,222.0,377.0
544.0,224.0,222.0,378.0
544.0,225.0,222.0,378.0
540.0,224.0,222.0,378.0
538.0,224.0,222.0,378.0
534.0,223.0,222.0,378.0
530.0,222.0,222.0,378.0
528.0,220.0,222.0,378.0
528.0,221.0,222.0,377.0
526.0,222.0,222.0,377.0
524.0,225.0,222.0,377.0
523.0,226.0,222.0,377.0
523.0,227.0,222.0,377.0
522.0,228.0,222.0,378.0
521.0,229.0,222.0,377.0
519.0,230.0,222.0,377.0
517.0,231.0,222.0,377.0
513.0,232.0,222.0,376.0
509.0,233.0,222.0,376.0
505.0,232.0,222.0,375.0
501.0,233.0,222.0,376.0
497.0,232.0,222.0,376.0
493.0,232.0,222.0,377.0
489.0,232.0,222.0,378.0
487.0,234.0,222.0,378.0
485.0,235.0,222.0,378.0
482.0,240.0,222.0,379.0
480.0,243.0,222.0,379.0
480.0,246.0,222.0,379.0
480.0,247.0,222.0,379.0
478.0,250.0,222.0,380.0
476.0,252.0,222.0,380.0
476.0,255.0,223.0,381.0
475.0,256.0,224.0,381.0
473.0,259.0,224.0,382.0
471.0,262.0,224.0,382.0
469.0,265.0,224.0,382.0
465.0,265.0,224.0,382.0
463.0,268.0,224.0,381.0
460.0,267.0,224.0,381.0
457.0,268.0,224.0,380.0
453.0,265.0,224.0,380.0
451.0,266.0,224.0,380.0
450.0,267.0,224.0,380.0
448.0,270.0,224.0,380.0
446.0,271.0,224.0,380.0
448.0,272.0,224.0,380.0
448.0,272.0,224.0,380.0
448.0,274.0,224.0,380.0
446.0,276.0,224.0,380.0
445.0,276.0,224.0,380.0
443.0,276.0,224.0,379.0
439.0,275.0,224.0,378.0
435.0,272.0,224.0,379.0
434.0,269.0,224.0,379.0
432.0,266.0,224.0,380.0
428.0,265.0,224.0,380.0
426.0,262.0,224.0,381.0
425.0,261.0,224.0,381.0
424.0,259.0,224.0,381.0
423.0,260.0,224.0,381.0
425.0,259.0,224.0,381.0
425.0,260.0,224.0,382.0
425.0,259.0,224.0,382.0
427.0,258.0,224.0,382.0
429.0,257.0,224.0,382.0
429.0,258.0,224.0,383.0
431.0,257.0,224.0,383.0
433.0,256.0,224.0,383.0
431.0,255.0,224.0,383.0
433.0,255.0,224.0,383.0
431.0,252.0,224.0,383.0
432.0,251.0,224.0,383.0
430.0,247.0,224.0,383.0
430.0,244.0,224.0,382.0
430.0,239.0,224.0,381.0
429.0,238.0,224.0,380.0
427.0,239.0,224.0,380.0
428.0,238.0,224.0,380.0
428.0,237.0,224.0,380.0
428.0,237.0,224.0,380.0
430.0,236.0,224.0,380.0
432.0,237.0,224.0,380.0
430.0,236.0,224.0,379.0
430.0,237.0,223.0,379.0
428.0,235.0,223.0,378.0
424.0,233.0,223.0,378.0
422.0,230.0,223.0,378.0
420.0,229.0,223.0,377.0
417.0,226.0,223.0,377.0
415.0,225.0,223.0,378.0
415.0,224.0,223.0,378.0
413.0,225.0,223.0,378.0
411.0,224.0,223.0,378.0
411.0,225.0,223.0,378.0
411.0,226.0,223.0,378.0
411.0,227.0,223.0,379.0
411.0,228.0,223.0,379.0
411.0,229.0,223.0,379.0
411.0,228.0,223.0,379.0
411.0,229.0,223.0,379.0
411.0,228.0,223.0,379.0
411.0,227.0,223.0,379.0
409.0,226.0,223.0,379.0
407.0,226.0,223.0,379.0
407.0,225.0,223.0,378.0
407.0,222.0,223.0,378.0
407.0,219.0,223.0,378.0
405.0,218.0,223.0,378.0
403.0,215.0,223.0,378.0
403.0,215.0,223.0,378.0
403.0,214.0,223.0,378.0
405.0,215.0,223.0,378.0
403.0,214.0,223.0,378.0
406.0,213.0,223.0,378.0
406.0,212.0,223.0,378.0
408.0,213.0,223.0,378.0
406.0,215.0,223.0,377.0
406.0,216.0,223.0,377.0
406.0,213.0,223.0,377.0
404.0,212.0,223.0,376.0
400.0,209.0,223.0,376.0
398.0,209.0,223.0,376.0
398.0,209.0,223.0,376.0
398.0,209.0,223.0,376.0
397.0,208.0,223.0,376.0
395.0,209.0,223.0,376.0
397.0,210.0,223.0,376.0
395.0,211.0,223.0,376.0
397.0,212.0,223.0,376.0
395.0,215.0,223.0,376.0
396.0,214.0,223.0,377.0
396.0,215.0,223.0,378.0
396.0,216.0,223.0,379.0
396.0,219.0,223.0,379.0
396.0,220.0,223.0,379.0
397.0,227.0,223.0,379.0
397.0,230.0,223.0,379.0
397.0,232.0,223.0,379.0
397.0,232.0,223.0,379.0
397.0,232.0,223.0,379.0
397.0,230.0,223.0,378.0
397.0,227.0,223.0,378.0
395.0,228.0,223.0,378.0
397.0,231.0,223.0,378.0
395.0,232.0,223.0,377.0
397.0,235.0,223.0,377.0
397.0,236.0,223.0,377.0
399.0,239.0,223.0,377.0
400.0,242.0,223.0,377.0
400.0,245.0,223.0,377.0
400.0,249.0,223.0,377.0
398.0,253.0,223.0,377.0
400.0,254.0,223.0,376.0
396.0,257.0,223.0,375.0
394.0,257.0,223.0,375.0
394.0,259.0,223.0,375.0
394.0,262.0,223.0,375.0
394.0,265.0,223.0,376.0
392.0,268.0,223.0,376.0
390.0,272.0,223.0,376.0
390.0,277.0,223.0,377.0
390.0,282.0,223.0,378.0
392.0,285.0,223.0,379.0
390.0,290.0,223.0,379.0
392.0,293.0,223.0,379.0
392.0,298.0,223.0,379.0
392.0,303.0,223.0,379.0
392.0,308.0,223.0,379.0
393.0,311.0,223.0,380.0
394.0,314.0,223.0,379.0
396.0,315.0,223.0,379.0
394.0,318.0,223.0,379.0
396.0,319.0,223.0,379.0
394.0,320.0,223.0,379.0
396.0,319.0,223.0,379.0
395.0,322.0,223.0,379.0
395.0,325.0,223.0,379.0
395.0,330.0,223.0,379.0
394.0,333.0,223.0,379.0
394.0,340.0,223.0,379.0
394.0,345.0,223.0,379.0
396.0,350.0,223.0,379.0
394.0,353.0,223.0,379.0
394.0,357.0,223.0,379.0
392.0,359.0,223.0,378.0
388.0,360.0,223.0,377.0
386.0,361.0,223.0,376.0
384.0,362.0,223.0,376.0
383.0,362.0,223.0,377.0
382.0,364.0,223.0,377.0
381.0,365.0,223.0,377.0
379.0,368.0,223.0,377.0
379.0,371.0,223.0,377.0
379.0,374.0,223.0,378.0
378.0,375.0,223.0,378.0
378.0,381.0,223.0,378.0
378.0,384.0,223.0,378.0
378.0,389.0,223.0,377.0
378.0,392.0,223.0,377.0
378.0,395.0,223.0,377.0
378.0,398.0,223.0,376.0
378.0,401.0,223.0,376.0
378.0,402.0,223.0,376.0
378.0,403.0,223.0,376.0
378.0,404.0,223.0,376.0
378.0,405.0,223.0,376.0
378.0,404.0,223.0,375.0
376.0,407.0,223.0,375.0
374.0,408.0,223.0,375.0
374.0,413.0,223.0,374.0
375.0,418.0,223.0,374.0
375.0,423.0,223.0,373.0
376.0,426.0,223.0,372.0
375.0,431.0,223.0,372.0
376.0,435.0,223.0,371.0
374.0,442.0,223.0,370.0
374.0,445.0,223.0,370.0
374.0,450.0,223.0,369.0
370.0,451.0,223.0,369.0
368.0,454.0,224.0,369.0
364.0,455.0,224.0,368.0
360.0,456.0,224.0,368.0
358.0,457.0,224.0,368.0
357.0,460.0,224.0,368.0
355.0,461.0,224.0,368.0
352.0,464.0,224.0,368.0
350.0,467.0,224.0,367.0
352.0,470.0,224.0,367.0
350.0,473.0,224.0,366.0
350.0,476.0,224.0,366.0
350.0,479.0,224.0,366.0
350.0,484.0,224.0,365.0
350.0,487.0,224.0,365.0
350.0,490.0,224.0,364.0
350.0,492.0,224.0,364.0
350.0,495.0,224.0,364.0
350.0,497.0,224.0,364.0
350.0,498.0,224.0,363.0
351.0,497.0,224.0,363.0
350.0,500.0,224.0,363.0
353.0,501.0,224.0,363.0
353.0,502.0,224.0,363.0
356.0,503.0,224.0,363.0
356.0,506.0,224.0,362.0
358.0,509.0,224.0,362.0
359.0,512.0,224.0,361.0
359.0,515.0,224.0,361.0
359.0,518.0,224.0,360.0
359.0,521.0,224.0,360.0
359.0,524.0,224.0,360.0
359.0,527.0,224.0,360.0
358.0,528.0,224.0,359.0
358.0,529.0,224.0,359.0
357.0,530.0,224.0,359.0
355.0,528.0,224.0,360.0
352.0,529.0,224.0,360.0
350.0,528.0,224.0,360.0
352.0,531.0,224.0,360.0
350.0,532.0,224.0,360.0
352.0,535.0,224.0,359.0
351.0,536.0,224.0,359.0
351.0,539.0,224.0,359.0
351.0,542.0,224.0,358.0
353.0,545.0,224.0,358.0
355.0,546.0,224.0,358.0
357.0,551.0,224.0,357.0
361.0,554.0,224.0,357.0
365.0,557.0,224.0,357.0
367.0,556.0,224.0,357.0
370.0,557.0,224.0,357.0
374.0,556.0,224.0,357.0
376.0,557.0,224.0,357.0
378.0,556.0,224.0,357.0
382.0,557.0,224.0,357.0
386.0,558.0,224.0,357.0
390.0,559.0,224.0,356.0
394.0,560.0,224.0,356.0
396.0,563.0,224.0,356.0
396.0,564.0,224.0,356.0
398.0,567.0,224.0,356.0
403.0,570.0,224.0,355.0
404.0,573.0,224.0,355.0
406.0,576.0,224.0,355.0
408.0,578.0,224.0,354.0
408.0,580.0,224.0,354.0
408.0,582.0,224.0,354.0
408.0,583.0,224.0,354.0
408.0,584.0,224.0,354.0
408.0,583.0,224.0,354.0
409.0,584.0,224.0,354.0
413.0,585.0,224.0,354.0
415.0,586.0,225.0,354.0
416.0,587.0,225.0,353.0
425.0,592.0,226.0,353.0
432.0,595.0,226.0,353.0
436.0,599.0,226.0,353.0
440.0,602.0,226.0,352.0
443.0,605.0,226.0,352.0
445.0,608.0,226.0,351.0
449.0,611.0,226.0,351.0
452.0,614.0,226.0,351.0
454.0,617.0,226.0,350.0
458.0,618.0,226.0,350.0
462.0,619.0,226.0,350.0
466.0,618.0,226.0,350.0
470.0,618.0,226.0,350.0
474.0,617.0,226.0,350.0
478.0,618.0,226.0,350.0
481.0,617.0,226.0,350.0
481.0,616.0,226.0,350.0
485.0,617.0,226.0,350.0
487.0,618.0,226.0,350.0
491.0,619.0,226.0,349.0
493.0,620.0,226.0,349.0
493.0,622.0,226.0,349.0
495.0,626.0,226.0,348.0
499.0,627.0,226.0,348.0
499.0,630.0,226.0,348.0
501.0,629.0,226.0,348.0
501.0,630.0,226.0,348.0
503.0,629.0,226.0,348.0
507.0,628.0,226.0,348.0
509.0,625.0,226.0,349.0
509.0,624.0,226.0,349.0
511.0,623.0,226.0,349.0
517.0,622.0,226.0,349.0
517.0,621.0,226.0,349.0
519.0,622.0,226.0,349.0
523.0,623.0,226.0,349.0
525.0,624.0,226.0,349.0
527.0,625.0,226.0,349.0
533.0,626.0,226.0,349.0
536.0,627.0,226.0,349.0
540.0,628.0,226.0,349.0
544.0,627.0,226.0,349.0
548.0,628.0,226.0,349.0
552.0,627.0,226.0,349.0
556.0,626.0,226.0,349.0
558.0,623.0,226.0,349.0
561.0,622.0,226.0,349.0
566.0,619.0,226.0,350.0
568.0,616.0,226.0,350.0
572.0,615.0,226.0,350.0
576.0,614.0,226.0,350.0
580.0,613.0,226.0,350.0
584.0,614.0,226.0,350.0
588.0,615.0,226.0,350.0
592.0,618.0,226.0,349.0
594.0,620.0,226.0,349.0
594.0,622.0,226.0,349.0
596.0,623.0,226.0,349.0
598.0,624.0,226.0,349.0
596.0,625.0,226.0,349.0
598.0,626.0,226.0,349.0
596.0,625.0,226.0,349.0
598.0,624.0,226.0,349.0
596.0,622.0,226.0,349.0
598.0,623.0,226.0,349.0
598.0,622.0,226.0,349.0
598.0,623.0,226.0,349.0
598.0,623.0,226.0,349.0
598.0,624.0,226.0,348.0
598.0,624.0,226.0,348.0
600.0,626.0,226.0,348.0
602.0,628.0,226.0,348.0
602.0,629.0,226.0,348.0
603.0,630.0,226.0,348.0
604.0,631.0,226.0,348.0
606.0,632.0,226.0,348.0
606.0,632.0,226.0,348.0
606.0,630.0,226.0,348.0
608.0,631.0,226.0,348.0
610.0,628.0,226.0,348.0
608.0,629.0,226.0,348.0
610.0,626.0,226.0,348.0
608.0,627.0,226.0,348.0
610.0,626.0,226.0,348.0
608.0,627.0,226.0,348.0
610.0,626.0,226.0,348.0
608.0,627.0,225.0,347.0
608.0,628.0,225.0,347.0
606.0,631.0,225.0,347.0
603.0,632.0,225.0,347.0
76.0,74.0,16.0,15.0
75.0,74.0,16.0,15.0
75.0,74.0,16.0,15.0
75.0,74.0,16.0,15.0
74.0,74.0,16.0,15.0
74.0,74.0,16.0,15.0
74.0,74.0,16.0,15.0
74.0,74.0,16.0,15.0
74.0,74.0,16.0,15.0
74.0,74.0,16.0,15.0
74.0,74.0,16.0,15.0
74.0,74.0,16.0,15.0
74.0,74.0,16.0,15.0
74.0,74.0,16.0,15.0
74.0,74.0,16.0,15.0
74.0,74.0,16.0,15.0
74.0,74.0,16.0,15.0
74.0,74.0,16.0,15.0
74.0,75.0,16.0,15.0
74.0,75.0,16.0,14.0
74.0,75.0,16.0,14.0
74.0,75.0,16.0,15.0
75.0,75.0,16.0,15.0
75.0,75.0,16.0,15.0
75.0,74.0,16.0,15.0
75.0,74.0,16.0,15.0
75.0,74.0,16.0,15.0
76.0,74.0,16.0,15.0
76.0,74.0,16.0,15.0
76.0,74.0,16.0,15.0
76.0,74.0,16.0,15.0
76.0,74.0,16.0,15.0
76.0,75.0,16.0,15.0
76.0,75.0,16.0,14.0
76.0,75.0,16.0,14.0
76.0,75.0,16.0,14.0
76.0,75.0,16.0,14.0
76.0,75.0,16.0,14.0
77.0,75.0,16.0,14.0
77.0,75.0,16.0,14.0
77.0,75.0,16.0,14.0
77.0,75.0,16.0,14.0
77.0,75.0,16.0,14.0
77.0,75.0,16.0,14.0
77.0,75.0,16.0,14.0
77.0,75.0,16.0,14.0
77.0,75.0,16.0,14.0
78.0,75.0,16.0,14.0
78.0,76.0,16.0,14.0
78.0,76.0,16.0,14.0
78.0,76.0,16.0,13.0
78.0,76.0,16.0,13.0
79.0,76.0,16.0,13.0
79.0,76.0,16.0,13.0
80.0,76.0,16.0,13.0
80.0,76.0,16.0,13.0
81.0,76.0,15.0,13.0
81.0,76.0,15.0,13.0
82.0,76.0,15.0,13.0
82.0,76.0,15.0,13.0
82.0,76.0,15.0,13.0
83.0,76.0,15.0,13.0
83.0,77.0,14.0,13.0
84.0,77.0,14.0,12.0
84.0,77.0,13.0,12.0
84.0,77.0,13.0,12.0
85.0,78.0,13.0,11.0
85.0,78.0,13.0,11.0
85.0,78.0,13.0,11.0
85.0,78.0,13.0,11.0
86.0,78.0,13.0,11.0
86.0,78.0,13.0,11.0
86.0,78.0,13.0,11.0
87.0,78.0,13.0,11.0
87.0,78.0,13.0,11.0
87.0,78.0,13.0,11.0
87.0,78.0,13.0,11.0
88.0,78.0,13.0,11.0
88.0,79.0,13.0,11.0
88.0,79.0,13.0,10.0
89.0,79.0,13.0,10.0
89.0,79.0,13.0,10.0
89.0,79.0,13.0,10.0
90.0,79.0,13.0,10.0
90.0,79.0,13.0,10.0
90.0,80.0,13.0,10.0
91.0,80.0,13.0,10.0
91.0,80.0,13.0,10.0
91.0,80.0,13.0,10.0
92.0,80.0,13.0,10.0
92.0,80.0,13.0,10.0
92.0,80.0,13.0,10.0
92.0,80.0,13.0,10.0
92.0,80.0,13.0,10.0
92.0,80.0,13.0,10.0
93.0,80.0,13.0,9.0
93.0,80.0,13.0,9.0
93.0,80.0,13.0,9.0
94.0,80.0,12.0,9.0
95.0,81.0,11.0,9.0
95.0,81.0,10.0,9.0
95.0,81.0,10.0,8.0
95.0,81.0,9.0,8.0
95.0,81.0,9.0,8.0
96.0,81.0,8.0,8.0
96.0,82.0,7.0,8.0
96.0,82.0,7.0,7.0
96.0,82.0,7.0,7.0
96.0,82.0,7.0,7.0
96.0,82.0,7.0,7.0
96.0,81.0,7.0,8.0
96.0,81.0,7.0,8.0
96.0,81.0,8.0,8.0
96.0,81.0,8.0,8.0
96.0,81.0,8.0,8.0
96.0,80.0,8.0,9.0
96.0,80.0,8.0,9.0
96.0,80.0,8.0,9.0
96.0,80.0,8.0,9.0
96.0,80.0,8.0,9.0
96.0,80.0,8.0,9.0
96.0,80.0,8.0,9.0
95.0,80.0,9.0,9.0
94.0,80.0,10.0,9.0
94.0,79.0,12.0,10.0
93.0,79.0,12.0,10.0
93.0,79.0,13.0,11.0
93.0,78.0,13.0,11.0
93.0,77.0,13.0,12.0
93.0,77.0,13.0,12.0
93.0,76.0,13.0,13.0
93.0,75.0,13.0,14.0
93.0,75.0,13.0,14.0
93.0,74.0,13.0,15.0
93.0,74.0,13.0,16.0
93.0,73.0,13.0,16.0
93.0,73.0,13.0,17.0
93.0,72.0,13.0,17.0
93.0,71.0,13.0,18.0
93.0,71.0,13.0,19.0
93.0,70.0,13.0,19.0
93.0,70.0,13.0,19.0
93.0,70.0,13.0,20.0
92.0,69.0,13.0,20.0
91.0,69.0,13.0,20.0
91.0,69.0,13.0,21.0
91.0,68.0,13.0,21.0
90.0,68.0,13.0,21.0
90.0,68.0,13.0,21.0
90.0,68.0,13.0,21.0
90.0,68.0,13.0,21.0
90.0,68.0,13.0,21.0
90.0,68.0,13.0,21.0
90.0,68.0,13.0,21.0
90.0,68.0,13.0,21.0
90.0,68.0,13.0,21.0
90.0,68.0,13.0,21.0
90.0,68.0,13.0,21.0
90.0,68.0,13.0,21.0
90.0,68.0,13.0,21.0
90.0,68.0,13.0,21.0
91.0,69.0,13.0,21.0
91.0,69.0,13.0,20.0
91.0,69.0,13.0,20.0
92.0,69.0,13.0,20.0
92.0,69.0,13.0,20.0
92.0,69.0,13.0,20.0
93.0,69.0,13.0,20.0
93.0,69.0,13.0,20.0
93.0,70.0,13.0,20.0
93.0,69.0,13.0,20.0
93.0,69.0,13.0,20.0
93.0,68.0,13.0,21.0
93.0,68.0,13.0,21.0
94.0,67.0,13.0,22.0
94.0,66.0,13.0,23.0
94.0,66.0,13.0,24.0
94.0,65.0,14.0,24.0
94.0,64.0,14.0,25.0
94.0,63.0,14.0,26.0
95.0,63.0,14.0,26.0
95.0,62.0,14.0,27.0
95.0,62.0,14.0,27.0
95.0,62.0,14.0,28.0
95.0,61.0,14.0,28.0
95.0,61.0,14.0,28.0
95.0,61.0,14.0,29.0
95.0,60.0,14.0,29.0
95.0,60.0,14.0,29.0
95.0,60.0,14.0,29.0
95.0,59.0,13.0,30.0
95.0,59.0,13.0,30.0
95.0,59.0,13.0,30.0
95.0,59.0,13.0,31.0
96.0,59.0,13.0,31.0
96.0,59.0,13.0,31.0
97.0,59.0,13.0,31.0
97.0,59.0,13.0,30.0
97.0,59.0,13.0,30.0
97.0,59.0,13.0,30.0
98.0,59.0,13.0,30.0
98.0,59.0,13.0,30.0
99.0,60.0,13.0,30.0
99.0,60.0,14.0,30.0
99.0,60.0,14.0,29.0
99.0,60.0,14.0,29.0
100.0,60.0,14.0,29.0
100.0,60.0,14.0,29.0
101.0,61.0,14.0,29.0
101.0,60.0,14.0,29.0
101.0,60.0,14.0,29.0
102.0,60.0,14.0,29.0
102.0,59.0,14.0,30.0
102.0,59.0,14.0,30.0
103.0,58.0,14.0,31.0
103.0,58.0,14.0,31.0
103.0,57.0,14.0,32.0
103.0,57.0,14.0,32.0
103.0,56.0,14.0,33.0
104.0,56.0,14.0,33.0
104.0,55.0,14.0,34.0
104.0,55.0,14.0,34.0
104.0,55.0,14.0,35.0
104.0,54.0,14.0,35.0
104.0,54.0,14.0,35.0
104.0,54.0,14.0,35.0
105.0,54.0,14.0,36.0
105.0,53.0,14.0,36.0
105.0,53.0,14.0,36.0
105.0,52.0,14.0,37.0
104.0,52.0,14.0,37.0
104.0,51.0,14.0,37.0
104.0,51.0,14.0,37.0
104.0,51.0,14.0,36.0
104.0,51.0,14.0,36.0
104.0,51.0,14.0,35.0
104.0,51.0,14.0,35.0
104.0,51.0,14.0,34.0
104.0,51.0,14.0,33.0
105.0,51.0,14.0,33.0
105.0,51.0,14.0,33.0
105.0,51.0,14.0,33.0
105.0,51.0,14.0,34.0
105.0,51.0,14.0,34.0
105.0,51.0,14.0,35.0
105.0,51.0,14.0,35.0
105.0,51.0,14.0,36.0
106.0,51.0,14.0,36.0
106.0,51.0,14.0,36.0
106.0,51.0,14.0,37.0
106.0,52.0,14.0,37.0
106.0,51.0,14.0,37.0
106.0,51.0,14.0,37.0
106.0,51.0,14.0,37.0
106.0,51.0,14.0,36.0
107.0,51.0,14.0,35.0
107.0,51.0,14.0,35.0
107.0,51.0,15.0,34.0
106.0,51.0,15.0,34.0
106.0,51.0,15.0,34.0
