781.0,619.0,92.0,100.0
794.0,620.0,92.0,100.0
806.0,621.0,92.0,100.0
819.0,618.0,92.0,100.0
831.0,617.0,93.0,100.0
843.0,614.0,93.0,101.0
856.0,611.0,94.0,101.0
868.0,609.0,94.0,101.0
879.0,608.0,95.0,101.0
892.0,605.0,95.0,101.0
903.0,604.0,95.0,101.0
914.0,603.0,95.0,101.0
924.0,606.0,95.0,101.0
935.0,607.0,95.0,101.0
944.0,609.0,95.0,101.0
954.0,608.0,95.0,101.0
965.0,607.0,96.0,101.0
976.0,605.0,96.0,102.0
988.0,604.0,97.0,102.0
1001.0,601.0,97.0,102.0
1013.0,599.0,96.0,102.0
1026.0,596.0,96.0,103.0
1037.0,595.0,96.0,103.0
1048.0,594.0,96.0,103.0
1057.0,595.0,96.0,103.0
1068.0,596.0,96.0,103.0
1078.0,597.0,95.0,103.0
1087.0,598.0,95.0,103.0
1096.0,599.0,97.0,103.0
1107.0,596.0,99.0,103.0
1117.0,595.0,100.0,103.0
1130.0,593.0,101.0,103.0
1143.0,593.0,101.0,103.0
1156.0,591.0,101.0,103.0
1167.0,592.0,100.0,103.0
1178.0,591.0,99.0,103.0
1188.0,594.0,98.0,103.0
1197.0,595.0,98.0,103.0
1205.0,595.0,99.0,103.0
1211.0,598.0,99.0,103.0
1221.0,599.0,97.0,102.0
1233.0,601.0,95.0,102.0
1239.0,606.0,93.0,101.0
152.0,80.0,7.0,9.0
153.0,82.0,7.0,7.0
153.0,84.0,6.0,5.0
nan,nan,nan,nan
nan,nan,nan,nan
nan,nan,nan,nan
nan,nan,nan,nan
nan,nan,nan,nan
nan,nan,nan,nan
nan,nan,nan,nan
nan,nan,nan,nan
nan,nan,nan,nan
nan,nan,nan,nan
nan,nan,nan,nan
nan,nan,nan,nan
nan,nan,nan,nan
nan,nan,nan,nan
nan,nan,nan,nan
nan,nan,nan,nan
nan,nan,nan,nan
nan,nan,nan,nan
nan,nan,nan,nan
nan,nan,nan,nan
nan,nan,nan,nan
nan,nan,nan,nan
nan,nan,nan,nan
nan,nan,nan,nan
nan,nan,nan,nan
nan,nan,nan,nan
nan,nan,nan,nan
nan,nan,nan,nan
nan,nan,nan,nan
nan,nan,nan,nan
nan,nan,nan,nan
nan,nan,nan,nan
nan,nan,nan,nan
nan,nan,nan,nan
nan,nan,nan,nan
nan,nan,nan,nan
nan,nan,nan,nan
nan,nan,nan,nan
151.0,58.0,8.0,14.0
150.0,57.0,9.0,14.0
149.0,57.0,10.0,15.0
149.0,56.0,10.0,15.0
148.0,56.0,10.0,15.0
147.0,55.0,10.0,15.0
146.0,55.0,10.0,15.0
145.0,54.0,10.0,15.0
144.0,54.0,10.0,15.0
142.0,54.0,10.0,15.0
141.0,53.0,10.0,14.0
140.0,53.0,10.0,14.0
139.0,52.0,10.0,13.0
138.0,52.0,10.0,13.0
137.0,52.0,10.0,12.0
135.0,51.0,9.0,11.0
134.0,51.0,9.0,12.0
133.0,50.0,10.0,12.0
132.0,50.0,10.0,13.0
131.0,50.0,9.0,13.0
130.0,50.0,9.0,13.0
129.0,49.0,9.0,13.0
128.0,49.0,9.0,13.0
127.0,49.0,9.0,13.0
126.0,49.0,9.0,14.0
125.0,49.0,8.0,13.0
124.0,49.0,8.0,13.0
123.0,49.0,8.0,13.0
122.0,48.0,8.0,13.0
121.0,48.0,8.0,12.0
120.0,48.0,8.0,11.0
119.0,48.0,8.0,11.0
117.0,48.0,8.0,11.0
116.0,48.0,8.0,11.0
115.0,48.0,8.0,11.0
113.0,48.0,8.0,11.0
112.0,48.0,8.0,12.0
111.0,48.0,8.0,12.0
110.0,48.0,8.0,12.0
109.0,48.0,8.0,12.0
108.0,48.0,8.0,11.0
107.0,48.0,8.0,11.0
106.0,48.0,7.0,11.0
105.0,49.0,7.0,12.0
104.0,49.0,7.0,12.0
103.0,49.0,7.0,12.0
102.0,49.0,6.0,12.0
101.0,49.0,6.0,12.0
100.0,50.0,6.0,12.0
99.0,50.0,6.0,12.0
98.0,50.0,6.0,13.0
96.0,50.0,6.0,13.0
95.0,50.0,6.0,13.0
94.0,51.0,6.0,13.0
93.0,51.0,5.0,14.0
92.0,51.0,5.0,14.0
91.0,51.0,5.0,14.0
90.0,52.0,5.0,13.0
89.0,52.0,5.0,13.0
88.0,52.0,5.0,13.0
87.0,52.0,5.0,12.0
86.0,53.0,6.0,12.0
84.0,53.0,6.0,12.0
83.0,53.0,6.0,11.0
82.0,53.0,7.0,11.0
81.0,54.0,7.0,12.0
80.0,54.0,7.0,12.0
79.0,54.0,7.0,12.0
78.0,55.0,7.0,12.0
77.0,55.0,7.0,12.0
77.0,56.0,7.0,12.0
76.0,56.0,7.0,12.0
75.0,56.0,7.0,12.0
74.0,56.0,7.0,12.0
73.0,57.0,7.0,12.0
73.0,57.0,7.0,12.0
72.0,57.0,7.0,12.0
71.0,57.0,6.0,12.0
70.0,58.0,6.0,12.0
69.0,58.0,6.0,13.0
68.0,58.0,6.0,13.0
67.0,59.0,6.0,13.0
66.0,59.0,7.0,13.0
65.0,59.0,7.0,14.0
64.0,59.0,7.0,14.0
63.0,60.0,7.0,14.0
62.0,60.0,7.0,13.0
61.0,60.0,7.0,13.0
60.0,61.0,7.0,13.0
59.0,61.0,7.0,13.0
58.0,61.0,7.0,13.0
58.0,61.0,7.0,13.0
57.0,61.0,7.0,12.0
56.0,61.0,7.0,12.0
56.0,61.0,7.0,12.0
55.0,61.0,7.0,11.0
55.0,62.0,7.0,11.0
55.0,62.0,7.0,11.0
54.0,62.0,7.0,11.0
54.0,62.0,7.0,11.0
54.0,62.0,7.0,11.0
53.0,61.0,7.0,12.0
53.0,61.0,7.0,12.0
52.0,61.0,7.0,13.0
52.0,61.0,8.0,13.0
52.0,61.0,8.0,14.0
51.0,61.0,8.0,14.0
51.0,61.0,8.0,15.0
51.0,61.0,8.0,15.0
51.0,61.0,8.0,15.0
50.0,61.0,8.0,14.0
50.0,61.0,8.0,14.0
50.0,61.0,8.0,13.0
50.0,61.0,8.0,12.0
49.0,60.0,8.0,11.0
49.0,60.0,8.0,11.0
49.0,61.0,8.0,11.0
49.0,61.0,8.0,10.0
48.0,61.0,8.0,10.0
48.0,61.0,8.0,10.0
47.0,61.0,8.0,10.0
47.0,61.0,7.0,10.0
47.0,61.0,7.0,10.0
46.0,61.0,7.0,10.0
46.0,60.0,7.0,10.0
46.0,60.0,7.0,10.0
46.0,60.0,7.0,11.0
45.0,60.0,7.0,11.0
45.0,60.0,8.0,11.0
45.0,59.0,8.0,12.0
45.0,59.0,8.0,12.0
45.0,59.0,8.0,12.0
45.0,59.0,8.0,12.0
44.0,59.0,8.0,12.0
44.0,59.0,8.0,13.0
44.0,58.0,8.0,13.0
44.0,58.0,8.0,13.0
44.0,58.0,8.0,14.0
44.0,58.0,8.0,14.0
44.0,57.0,8.0,14.0
44.0,57.0,8.0,15.0
44.0,57.0,8.0,15.0
44.0,56.0,8.0,15.0
44.0,56.0,8.0,16.0
44.0,56.0,8.0,16.0
44.0,56.0,8.0,16.0
44.0,55.0,8.0,16.0
44.0,55.0,8.0,16.0
44.0,55.0,8.0,15.0
44.0,55.0,7.0,15.0
44.0,55.0,7.0,14.0
44.0,54.0,7.0,14.0
43.0,54.0,6.0,13.0
43.0,54.0,6.0,13.0
43.0,54.0,6.0,13.0
43.0,54.0,6.0,13.0
43.0,54.0,6.0,13.0
43.0,54.0,6.0,14.0
43.0,54.0,6.0,14.0
43.0,54.0,6.0,14.0
43.0,54.0,6.0,14.0
43.0,54.0,6.0,13.0
43.0,54.0,6.0,13.0
43.0,54.0,6.0,13.0
43.0,54.0,6.0,13.0
43.0,54.0,6.0,12.0
43.0,53.0,6.0,13.0
43.0,53.0,5.0,13.0
43.0,53.0,5.0,14.0
43.0,53.0,5.0,14.0
43.0,53.0,5.0,14.0
43.0,53.0,5.0,15.0
43.0,53.0,5.0,15.0
44.0,52.0,5.0,15.0
44.0,52.0,5.0,16.0
44.0,52.0,5.0,16.0
44.0,52.0,5.0,15.0
44.0,52.0,4.0,15.0
45.0,52.0,5.0,14.0
45.0,51.0,5.0,14.0
45.0,51.0,5.0,13.0
45.0,51.0,5.0,13.0
45.0,51.0,5.0,13.0
45.0,51.0,6.0,13.0
46.0,51.0,6.0,14.0
46.0,51.0,6.0,14.0
46.0,51.0,6.0,14.0
46.0,51.0,7.0,14.0
46.0,51.0,7.0,14.0
46.0,51.0,7.0,14.0
47.0,51.0,7.0,14.0
47.0,51.0,7.0,14.0
47.0,51.0,6.0,14.0
48.0,51.0,6.0,13.0
48.0,50.0,5.0,12.0
49.0,50.0,5.0,12.0
49.0,50.0,5.0,12.0
50.0,50.0,5.0,12.0
50.0,50.0,5.0,13.0
51.0,50.0,6.0,13.0
51.0,50.0,6.0,13.0
51.0,50.0,7.0,13.0
51.0,50.0,7.0,13.0
51.0,50.0,7.0,13.0
52.0,50.0,8.0,13.0
52.0,50.0,8.0,13.0
53.0,50.0,8.0,14.0
54.0,50.0,8.0,14.0
55.0,49.0,8.0,13.0
56.0,49.0,7.0,12.0
57.0,49.0,7.0,12.0
57.0,49.0,7.0,12.0
57.0,49.0,7.0,12.0
57.0,49.0,7.0,13.0
58.0,48.0,8.0,13.0
58.0,48.0,8.0,13.0
58.0,48.0,8.0,13.0
59.0,48.0,8.0,12.0
60.0,48.0,8.0,11.0
61.0,49.0,7.0,10.0
62.0,49.0,7.0,11.0
62.0,49.0,8.0,11.0
63.0,49.0,8.0,11.0
64.0,49.0,7.0,12.0
64.0,49.0,7.0,12.0
65.0,48.0,7.0,12.0
66.0,48.0,7.0,12.0
66.0,48.0,7.0,13.0
66.0,48.0,8.0,13.0
67.0,48.0,7.0,13.0
68.0,48.0,7.0,13.0
69.0,48.0,7.0,13.0
70.0,48.0,7.0,13.0
71.0,48.0,6.0,12.0
72.0,49.0,6.0,12.0
73.0,49.0,6.0,12.0
73.0,49.0,6.0,12.0
74.0,49.0,7.0,12.0
74.0,48.0,7.0,12.0
75.0,48.0,7.0,12.0
75.0,48.0,8.0,12.0
76.0,49.0,8.0,12.0
76.0,49.0,8.0,11.0
77.0,49.0,8.0,11.0
78.0,49.0,8.0,11.0
79.0,49.0,8.0,11.0
80.0,50.0,8.0,11.0
81.0,50.0,7.0,11.0
82.0,50.0,7.0,11.0
83.0,50.0,6.0,12.0
84.0,49.0,6.0,12.0
84.0,49.0,7.0,12.0
85.0,49.0,7.0,12.0
85.0,49.0,7.0,12.0
85.0,48.0,7.0,12.0
85.0,48.0,7.0,12.0
86.0,48.0,7.0,12.0
86.0,49.0,6.0,12.0
87.0,49.0,6.0,11.0
87.0,48.0,6.0,11.0
87.0,48.0,6.0,11.0
87.0,48.0,6.0,11.0
87.0,48.0,6.0,11.0
87.0,48.0,7.0,11.0
87.0,48.0,7.0,11.0
87.0,47.0,7.0,12.0
87.0,47.0,8.0,12.0
86.0,47.0,8.0,12.0
87.0,47.0,8.0,12.0
87.0,46.0,8.0,12.0
87.0,46.0,8.0,11.0
88.0,46.0,8.0,12.0
88.0,46.0,8.0,12.0
89.0,46.0,7.0,13.0
89.0,45.0,7.0,13.0
89.0,45.0,7.0,13.0
89.0,45.0,8.0,13.0
89.0,45.0,8.0,13.0
89.0,44.0,8.0,13.0
90.0,44.0,8.0,13.0
91.0,44.0,7.0,13.0
92.0,44.0,6.0,13.0
92.0,44.0,6.0,13.0
93.0,43.0,6.0,13.0
93.0,43.0,6.0,13.0
93.0,43.0,6.0,13.0
93.0,43.0,7.0,13.0
93.0,42.0,7.0,13.0
93.0,42.0,8.0,13.0
94.0,42.0,8.0,12.0
94.0,42.0,8.0,12.0
95.0,42.0,8.0,12.0
95.0,42.0,8.0,12.0
96.0,42.0,7.0,11.0
96.0,42.0,7.0,11.0
97.0,42.0,7.0,11.0
98.0,41.0,6.0,12.0
98.0,41.0,6.0,12.0
99.0,41.0,6.0,13.0
99.0,40.0,6.0,13.0
99.0,40.0,6.0,14.0
100.0,39.0,6.0,14.0
100.0,39.0,6.0,14.0
100.0,39.0,6.0,14.0
100.0,39.0,6.0,13.0
101.0,39.0,5.0,13.0
101.0,38.0,5.0,13.0
101.0,38.0,5.0,13.0
102.0,38.0,5.0,12.0
102.0,38.0,5.0,12.0
102.0,37.0,5.0,12.0
102.0,37.0,5.0,13.0
101.0,37.0,6.0,13.0
101.0,36.0,6.0,13.0
101.0,36.0,6.0,13.0
101.0,36.0,6.0,13.0
101.0,36.0,6.0,12.0
101.0,36.0,6.0,12.0
101.0,36.0,6.0,11.0
102.0,35.0,6.0,11.0
102.0,35.0,6.0,12.0
102.0,35.0,6.0,12.0
102.0,34.0,6.0,12.0
102.0,34.0,6.0,13.0
102.0,33.0,6.0,13.0
102.0,33.0,6.0,13.0
102.0,33.0,6.0,13.0
102.0,32.0,6.0,13.0
102.0,32.0,6.0,13.0
102.0,32.0,5.0,13.0
102.0,32.0,5.0,12.0
102.0,32.0,5.0,12.0
102.0,32.0,5.0,12.0
102.0,32.0,5.0,11.0
102.0,32.0,5.0,12.0
102.0,31.0,6.0,12.0
102.0,31.0,6.0,12.0
102.0,31.0,6.0,12.0
102.0,30.0,6.0,12.0
103.0,30.0,6.0,12.0
103.0,30.0,6.0,12.0
103.0,30.0,6.0,12.0
103.0,30.0,6.0,12.0
103.0,30.0,6.0,11.0
103.0,30.0,5.0,11.0
103.0,30.0,5.0,11.0
103.0,30.0,5.0,11.0
103.0,29.0,5.0,12.0
103.0,29.0,6.0,12.0
103.0,29.0,5.0,12.0
103.0,29.0,5.0,12.0
103.0,29.0,5.0,12.0
103.0,29.0,5.0,12.0
103.0,29.0,5.0,12.0
103.0,29.0,5.0,12.0
103.0,29.0,5.0,12.0
103.0,28.0,5.0,11.0
103.0,28.0,5.0,11.0
104.0,28.0,5.0,11.0
104.0,28.0,5.0,12.0
104.0,28.0,5.0,12.0
104.0,28.0,5.0,12.0
105.0,28.0,5.0,12.0
105.0,28.0,5.0,12.0
105.0,28.0,5.0,13.0
105.0,28.0,5.0,13.0
106.0,28.0,5.0,13.0
106.0,28.0,5.0,12.0
107.0,28.0,5.0,12.0
108.0,28.0,5.0,12.0
108.0,28.0,5.0,12.0
109.0,28.0,5.0,12.0
109.0,28.0,5.0,11.0
110.0,28.0,4.0,11.0
110.0,28.0,4.0,11.0
111.0,28.0,4.0,11.0
112.0,28.0,4.0,11.0
112.0,29.0,4.0,11.0
113.0,29.0,4.0,10.0
113.0,29.0,4.0,10.0
114.0,30.0,4.0,10.0
114.0,30.0,4.0,11.0
115.0,30.0,4.0,11.0
115.0,30.0,4.0,11.0
116.0,30.0,4.0,11.0
116.0,30.0,5.0,11.0
117.0,30.0,5.0,11.0
117.0,30.0,5.0,11.0
118.0,30.0,5.0,11.0
118.0,30.0,5.0,11.0
119.0,30.0,5.0,11.0
119.0,30.0,5.0,11.0
119.0,30.0,5.0,11.0
119.0,30.0,6.0,11.0
119.0,30.0,6.0,11.0
119.0,30.0,6.0,10.0
119.0,30.0,6.0,10.0
119.0,30.0,6.0,10.0
119.0,30.0,6.0,10.0
118.0,30.0,6.0,10.0
118.0,30.0,6.0,10.0
118.0,30.0,6.0,10.0
118.0,30.0,7.0,10.0
118.0,31.0,7.0,9.0
117.0,31.0,7.0,9.0
117.0,31.0,7.0,9.0
117.0,31.0,7.0,9.0
117.0,31.0,7.0,9.0
117.0,31.0,7.0,9.0
117.0,30.0,7.0,9.0
116.0,30.0,7.0,9.0
116.0,30.0,7.0,9.0
116.0,30.0,7.0,9.0
116.0,30.0,7.0,10.0
116.0,30.0,7.0,10.0
116.0,30.0,7.0,10.0
116.0,30.0,7.0,10.0
116.0,30.0,7.0,10.0
115.0,30.0,7.0,10.0
115.0,29.0,6.0,10.0
115.0,29.0,6.0,10.0
114.0,29.0,6.0,11.0
114.0,29.0,6.0,11.0
114.0,29.0,6.0,11.0
113.0,29.0,6.0,11.0
113.0,29.0,6.0,11.0
113.0,29.0,6.0,11.0
113.0,29.0,6.0,11.0
112.0,29.0,6.0,11.0
112.0,29.0,6.0,12.0
112.0,29.0,5.0,12.0
111.0,28.0,5.0,12.0
111.0,28.0,5.0,12.0
111.0,28.0,5.0,12.0
111.0,28.0,5.0,11.0
110.0,28.0,5.0,11.0
110.0,28.0,5.0,11.0
110.0,28.0,5.0,11.0
109.0,28.0,5.0,10.0
109.0,28.0,5.0,10.0
109.0,28.0,5.0,10.0
108.0,28.0,5.0,11.0
108.0,28.0,5.0,11.0
108.0,28.0,5.0,11.0
107.0,28.0,5.0,11.0
107.0,28.0,5.0,11.0
107.0,28.0,5.0,11.0
106.0,28.0,5.0,11.0
106.0,28.0,5.0,11.0
105.0,28.0,5.0,11.0
105.0,29.0,5.0,11.0
104.0,29.0,5.0,11.0
104.0,29.0,5.0,11.0
103.0,29.0,5.0,12.0
103.0,29.0,5.0,11.0
102.0,29.0,5.0,11.0
101.0,29.0,5.0,11.0
101.0,29.0,5.0,11.0
100.0,29.0,5.0,11.0
100.0,29.0,5.0,11.0
99.0,29.0,6.0,10.0
98.0,29.0,6.0,10.0
98.0,29.0,6.0,10.0
97.0,29.0,6.0,10.0
96.0,29.0,6.0,10.0
95.0,29.0,6.0,10.0
95.0,29.0,6.0,10.0
94.0,29.0,6.0,11.0
94.0,29.0,6.0,11.0
93.0,29.0,6.0,11.0
93.0,29.0,6.0,11.0
92.0,30.0,6.0,11.0
92.0,30.0,5.0,11.0
92.0,30.0,5.0,11.0
92.0,30.0,5.0,11.0
92.0,30.0,4.0,11.0
92.0,30.0,4.0,11.0
92.0,30.0,4.0,11.0
92.0,31.0,4.0,11.0
92.0,31.0,4.0,11.0
91.0,31.0,4.0,11.0
91.0,31.0,4.0,11.0
91.0,31.0,4.0,11.0
91.0,32.0,4.0,11.0
91.0,32.0,4.0,11.0
92.0,32.0,4.0,11.0
92.0,33.0,4.0,11.0
92.0,33.0,5.0,11.0
92.0,33.0,5.0,11.0
92.0,34.0,5.0,11.0
92.0,34.0,5.0,11.0
91.0,34.0,5.0,11.0
91.0,34.0,5.0,11.0
91.0,34.0,5.0,11.0
91.0,35.0,5.0,10.0
91.0,35.0,5.0,10.0
91.0,35.0,5.0,11.0
90.0,35.0,6.0,11.0
90.0,36.0,6.0,11.0
90.0,36.0,6.0,11.0
90.0,36.0,6.0,11.0
90.0,36.0,6.0,11.0
90.0,36.0,5.0,11.0
90.0,37.0,5.0,11.0
89.0,37.0,5.0,11.0
89.0,37.0,5.0,11.0
89.0,37.0,5.0,11.0
88.0,38.0,4.0,11.0
88.0,38.0,4.0,11.0
87.0,38.0,4.0,11.0
86.0,38.0,4.0,11.0
86.0,38.0,5.0,11.0
85.0,38.0,5.0,11.0
84.0,38.0,5.0,11.0
84.0,39.0,5.0,11.0
83.0,39.0,5.0,11.0
82.0,39.0,5.0,11.0
82.0,39.0,5.0,11.0
81.0,39.0,5.0,11.0
81.0,40.0,5.0,11.0
80.0,40.0,5.0,11.0
80.0,40.0,5.0,11.0
79.0,40.0,5.0,11.0
79.0,41.0,5.0,11.0
78.0,41.0,5.0,11.0
78.0,41.0,6.0,11.0
77.0,42.0,6.0,11.0
76.0,42.0,6.0,11.0
76.0,43.0,6.0,11.0
75.0,43.0,6.0,11.0
75.0,43.0,6.0,11.0
74.0,44.0,5.0,11.0
73.0,44.0,5.0,10.0
73.0,45.0,5.0,10.0
72.0,45.0,5.0,10.0
71.0,45.0,5.0,10.0
71.0,46.0,5.0,10.0
70.0,46.0,5.0,10.0
69.0,47.0,5.0,10.0
69.0,47.0,5.0,10.0
68.0,47.0,5.0,10.0
68.0,48.0,5.0,10.0
67.0,48.0,6.0,11.0
66.0,49.0,6.0,11.0
66.0,49.0,6.0,11.0
66.0,50.0,6.0,11.0
65.0,50.0,6.0,11.0
65.0,51.0,6.0,11.0
64.0,51.0,6.0,11.0
64.0,52.0,6.0,10.0
63.0,52.0,6.0,10.0
63.0,53.0,6.0,10.0
62.0,53.0,6.0,10.0
62.0,54.0,6.0,10.0
62.0,55.0,6.0,10.0
61.0,55.0,6.0,9.0
61.0,56.0,6.0,10.0
60.0,57.0,6.0,10.0
60.0,57.0,6.0,10.0
60.0,58.0,6.0,10.0
59.0,59.0,6.0,10.0
59.0,59.0,7.0,10.0
58.0,60.0,7.0,10.0
58.0,60.0,7.0,10.0
58.0,61.0,7.0,10.0
58.0,62.0,7.0,10.0
58.0,62.0,6.0,10.0
58.0,63.0,6.0,10.0
58.0,63.0,6.0,10.0
59.0,64.0,6.0,10.0
59.0,65.0,5.0,10.0
59.0,65.0,6.0,10.0
59.0,66.0,6.0,11.0
59.0,67.0,6.0,12.0
59.0,68.0,7.0,12.0
58.0,69.0,7.0,12.0
58.0,70.0,8.0,12.0
