1705.0, 383.0, 44.0, 71.0
1693.0, 381.0, 44.0, 71.0
1688.0, 382.0, 44.0, 71.0
1685.0, 380.0, 44.0, 71.0
1681.0, 381.0, 44.0, 71.0
1676.0, 379.0, 44.0, 71.0
1672.0, 382.0, 44.0, 71.0
1666.0, 381.0, 44.0, 71.0
1663.0, 380.0, 44.0, 71.0
1659.0, 379.0, 44.0, 71.0
1656.0, 379.0, 44.0, 71.0
1652.0, 378.0, 44.0, 71.0
1647.0, 376.0, 44.0, 71.0
1643.0, 376.0, 44.0, 71.0
1638.0, 375.0, 44.0, 71.0
1634.0, 375.0, 44.0, 71.0
1630.0, 375.0, 44.0, 71.0
1625.0, 373.0, 44.0, 71.0
1619.0, 373.0, 44.0, 71.0
1616.0, 374.0, 44.0, 71.0
1611.0, 373.0, 44.0, 71.0
1608.0, 372.0, 44.0, 71.0
1607.0, 373.0, 44.0, 71.0
1610.0, 372.0, 44.0, 71.0
1616.0, 375.0, 44.0, 71.0
1622.0, 376.0, 44.0, 71.0
1627.0, 376.0, 44.0, 71.0
1634.0, 378.0, 44.0, 71.0
1640.0, 380.0, 44.0, 71.0
1647.0, 382.0, 44.0, 71.0
1653.0, 384.0, 44.0, 71.0
1660.0, 385.0, 44.0, 71.0
1666.0, 388.0, 44.0, 71.0
1672.0, 389.0, 44.0, 71.0
1679.0, 392.0, 44.0, 71.0
1685.0, 394.0, 44.0, 71.0
1690.0, 396.0, 44.0, 71.0
1697.0, 398.0, 44.0, 71.0
1699.0, 400.0, 44.0, 71.0
1697.0, 399.0, 44.0, 71.0
1691.0, 398.0, 44.0, 71.0
1687.0, 398.0, 44.0, 71.0
1684.0, 398.0, 44.0, 71.0
1677.0, 396.0, 44.0, 71.0
1672.0, 397.0, 44.0, 71.0
1667.0, 397.0, 44.0, 71.0
1662.0, 397.0, 44.0, 71.0
1656.0, 396.0, 44.0, 71.0
1648.0, 396.0, 44.0, 71.0
1641.0, 395.0, 44.0, 71.0
1633.0, 395.0, 44.0, 71.0
1626.0, 394.0, 44.0, 71.0
1618.0, 392.0, 44.0, 71.0
1610.0, 391.0, 44.0, 71.0
1604.0, 391.0, 44.0, 71.0
1597.0, 390.0, 44.0, 71.0
1586.0, 388.0, 44.0, 71.0
1580.0, 387.0, 44.0, 71.0
1570.0, 386.0, 44.0, 71.0
1563.0, 384.0, 44.0, 71.0
1554.0, 383.0, 44.0, 71.0
1547.0, 383.0, 44.0, 71.0
1539.0, 382.0, 44.0, 71.0
1533.0, 380.0, 44.0, 71.0
1524.0, 379.0, 44.0, 71.0
1515.0, 379.0, 44.0, 71.0
1507.0, 379.0, 44.0, 71.0
1501.0, 378.0, 44.0, 71.0
1493.0, 377.0, 44.0, 71.0
1486.0, 377.0, 44.0, 71.0
1478.0, 378.0, 44.0, 71.0
1470.0, 376.0, 44.0, 71.0
1465.0, 375.0, 44.0, 71.0
1457.0, 377.0, 44.0, 71.0
1448.0, 376.0, 44.0, 71.0
1440.0, 376.0, 44.0, 71.0
1435.0, 377.0, 44.0, 71.0
1428.0, 377.0, 44.0, 71.0
1421.0, 376.0, 44.0, 71.0
1415.0, 376.0, 44.0, 71.0
1410.0, 377.0, 44.0, 71.0
1401.0, 375.0, 44.0, 71.0
1396.0, 375.0, 44.0, 71.0
1391.0, 374.0, 44.0, 71.0
1383.0, 375.0, 44.0, 71.0
1376.0, 374.0, 44.0, 71.0
1371.0, 374.0, 44.0, 71.0
1364.0, 374.0, 44.0, 71.0
1358.0, 374.0, 44.0, 71.0
1352.0, 374.0, 44.0, 71.0
1344.0, 375.0, 44.0, 71.0
1339.0, 374.0, 44.0, 71.0
1333.0, 375.0, 44.0, 71.0
1328.0, 374.0, 44.0, 71.0
1321.0, 375.0, 44.0, 71.0
1313.0, 374.0, 44.0, 71.0
1307.0, 375.0, 44.0, 71.0
1300.0, 376.0, 44.0, 71.0
1294.0, 375.0, 44.0, 71.0
1287.0, 376.0, 44.0, 71.0
1280.0, 379.0, 44.0, 71.0
1274.0, 378.0, 44.0, 71.0
1269.0, 378.0, 44.0, 71.0
1262.0, 378.0, 44.0, 71.0
1256.0, 378.0, 44.0, 71.0
1250.0, 378.0, 44.0, 71.0
1244.0, 378.0, 44.0, 71.0
1239.0, 378.0, 44.0, 71.0
1238.0, 379.0, 44.0, 71.0
1240.0, 380.0, 44.0, 71.0
1242.0, 381.0, 44.0, 71.0
1243.0, 383.0, 44.0, 71.0
1245.0, 383.0, 44.0, 71.0
1245.0, 384.0, 44.0, 71.0
1246.0, 386.0, 44.0, 71.0
1248.0, 387.0, 44.0, 71.0
1249.0, 389.0, 44.0, 71.0
1249.0, 390.0, 44.0, 71.0
1250.0, 391.0, 44.0, 71.0
1252.0, 392.0, 44.0, 71.0
1254.0, 393.0, 44.0, 71.0
1256.0, 397.0, 44.0, 71.0
1259.0, 398.0, 44.0, 71.0
1259.0, 399.0, 44.0, 71.0
1256.0, 400.0, 44.0, 71.0
1254.0, 399.0, 44.0, 71.0
1252.0, 399.0, 44.0, 71.0
1250.0, 399.0, 44.0, 71.0
1246.0, 400.0, 44.0, 71.0
1242.0, 400.0, 44.0, 71.0
1237.0, 401.0, 44.0, 71.0
1233.0, 401.0, 44.0, 71.0
1227.0, 401.0, 44.0, 71.0
1222.0, 402.0, 44.0, 71.0
1217.0, 402.0, 44.0, 71.0
1213.0, 402.0, 44.0, 71.0
1208.0, 402.0, 44.0, 71.0
1202.0, 403.0, 44.0, 71.0
1197.0, 405.0, 44.0, 71.0
1192.0, 406.0, 44.0, 71.0
1187.0, 405.0, 44.0, 71.0
1182.0, 407.0, 44.0, 71.0
1177.0, 407.0, 44.0, 71.0
1173.0, 407.0, 44.0, 71.0
1167.0, 408.0, 44.0, 71.0
1162.0, 409.0, 44.0, 71.0
1157.0, 410.0, 44.0, 71.0
1151.0, 410.0, 44.0, 71.0
1146.0, 411.0, 44.0, 71.0
1141.0, 413.0, 44.0, 71.0
1137.0, 415.0, 44.0, 71.0
1131.0, 417.0, 44.0, 71.0
1127.0, 418.0, 44.0, 71.0
1122.0, 418.0, 44.0, 71.0
1120.0, 418.0, 44.0, 71.0
1118.0, 419.0, 44.0, 71.0
1117.0, 420.0, 44.0, 71.0
1116.0, 420.0, 44.0, 71.0
1116.0, 421.0, 44.0, 71.0
1117.0, 422.0, 44.0, 71.0
1121.0, 422.0, 44.0, 71.0
1124.0, 424.0, 44.0, 71.0
1126.0, 426.0, 44.0, 71.0
1132.0, 427.0, 44.0, 71.0
1134.0, 429.0, 44.0, 71.0
1139.0, 430.0, 44.0, 71.0
1142.0, 432.0, 44.0, 71.0
1147.0, 434.0, 44.0, 71.0
1151.0, 436.0, 44.0, 71.0
1155.0, 438.0, 44.0, 71.0
1161.0, 439.0, 44.0, 71.0
1163.0, 439.0, 44.0, 71.0
1168.0, 443.0, 44.0, 71.0
1171.0, 444.0, 44.0, 71.0
1176.0, 447.0, 44.0, 71.0
1180.0, 449.0, 44.0, 71.0
1185.0, 451.0, 44.0, 71.0
1188.0, 452.0, 44.0, 71.0
1191.0, 453.0, 44.0, 71.0
1196.0, 456.0, 44.0, 71.0
1202.0, 458.0, 44.0, 71.0
1209.0, 456.0, 44.0, 71.0
1213.0, 459.0, 44.0, 71.0
1216.0, 460.0, 44.0, 71.0
1221.0, 462.0, 44.0, 71.0
1224.0, 463.0, 44.0, 71.0
1227.0, 464.0, 44.0, 71.0
1225.0, 466.0, 44.0, 71.0
1223.0, 466.0, 44.0, 71.0
1220.0, 467.0, 44.0, 71.0
1215.0, 465.0, 44.0, 71.0
1210.0, 467.0, 44.0, 71.0
1200.0, 468.0, 44.0, 71.0
1189.0, 467.0, 44.0, 71.0
0.0, 0.0, 0.0, 0.0
0.0, 0.0, 0.0, 0.0
0.0, 0.0, 0.0, 0.0
0.0, 0.0, 0.0, 0.0
0.0, 0.0, 0.0, 0.0
0.0, 0.0, 0.0, 0.0
0.0, 0.0, 0.0, 0.0
0.0, 0.0, 0.0, 0.0
0.0, 0.0, 0.0, 0.0
0.0, 0.0, 0.0, 0.0
0.0, 0.0, 0.0, 0.0
0.0, 0.0, 0.0, 0.0
0.0, 0.0, 0.0, 0.0
0.0, 0.0, 0.0, 0.0
0.0, 0.0, 0.0, 0.0
0.0, 0.0, 0.0, 0.0
0.0, 0.0, 0.0, 0.0
0.0, 0.0, 0.0, 0.0
0.0, 0.0, 0.0, 0.0
0.0, 0.0, 0.0, 0.0
0.0, 0.0, 0.0, 0.0
0.0, 0.0, 0.0, 0.0
0.0, 0.0, 0.0, 0.0
0.0, 0.0, 0.0, 0.0
0.0, 0.0, 0.0, 0.0
0.0, 0.0, 0.0, 0.0
0.0, 0.0, 0.0, 0.0
0.0, 0.0, 0.0, 0.0
0.0, 0.0, 0.0, 0.0
0.0, 0.0, 0.0, 0.0
0.0, 0.0, 0.0, 0.0
0.0, 0.0, 0.0, 0.0
0.0, 0.0, 0.0, 0.0
0.0, 0.0, 0.0, 0.0
0.0, 0.0, 0.0, 0.0
0.0, 0.0, 0.0, 0.0
0.0, 0.0, 0.0, 0.0
0.0, 0.0, 0.0, 0.0
0.0, 0.0, 0.0, 0.0
0.0, 0.0, 0.0, 0.0
0.0, 0.0, 0.0, 0.0
0.0, 0.0, 0.0, 0.0
0.0, 0.0, 0.0, 0.0
0.0, 0.0, 0.0, 0.0
0.0, 0.0, 0.0, 0.0
0.0, 0.0, 0.0, 0.0
0.0, 0.0, 0.0, 0.0
0.0, 0.0, 0.0, 0.0
0.0, 0.0, 0.0, 0.0
0.0, 0.0, 0.0, 0.0
0.0, 0.0, 0.0, 0.0
0.0, 0.0, 0.0, 0.0
0.0, 0.0, 0.0, 0.0
0.0, 0.0, 0.0, 0.0
0.0, 0.0, 0.0, 0.0
0.0, 0.0, 0.0, 0.0
0.0, 0.0, 0.0, 0.0
0.0, 0.0, 0.0, 0.0
0.0, 0.0, 0.0, 0.0
0.0, 0.0, 0.0, 0.0
0.0, 0.0, 0.0, 0.0
0.0, 0.0, 0.0, 0.0
0.0, 0.0, 0.0, 0.0
0.0, 0.0, 0.0, 0.0
0.0, 0.0, 0.0, 0.0
0.0, 0.0, 0.0, 0.0
0.0, 0.0, 0.0, 0.0
0.0, 0.0, 0.0, 0.0
0.0, 0.0, 0.0, 0.0
0.0, 0.0, 0.0, 0.0
0.0, 0.0, 0.0, 0.0
0.0, 0.0, 0.0, 0.0
0.0, 0.0, 0.0, 0.0
0.0, 0.0, 0.0, 0.0
0.0, 0.0, 0.0, 0.0
0.0, 0.0, 0.0, 0.0
0.0, 0.0, 0.0, 0.0
0.0, 0.0, 0.0, 0.0
0.0, 0.0, 0.0, 0.0
0.0, 0.0, 0.0, 0.0
0.0, 0.0, 0.0, 0.0
0.0, 0.0, 0.0, 0.0
0.0, 0.0, 0.0, 0.0
0.0, 0.0, 0.0, 0.0
0.0, 0.0, 0.0, 0.0
0.0, 0.0, 0.0, 0.0
0.0, 0.0, 0.0, 0.0
0.0, 0.0, 0.0, 0.0
0.0, 0.0, 0.0, 0.0
0.0, 0.0, 0.0, 0.0
0.0, 0.0, 0.0, 0.0
0.0, 0.0, 0.0, 0.0
0.0, 0.0, 0.0, 0.0
0.0, 0.0, 0.0, 0.0
0.0, 0.0, 0.0, 0.0
