1757.0, 909.0, 108.0, 148.0
1760.0, 914.0, 108.0, 148.0
1748.0, 908.0, 108.0, 148.0
1746.0, 905.0, 108.0, 148.0
1738.0, 909.0, 108.0, 148.0
1735.0, 905.0, 108.0, 148.0
1730.0, 908.0, 108.0, 148.0
1718.0, 909.0, 108.0, 148.0
1721.0, 912.0, 108.0, 148.0
1712.0, 911.0, 108.0, 148.0
1708.0, 917.0, 108.0, 148.0
1701.0, 911.0, 108.0, 148.0
1694.0, 913.0, 108.0, 148.0
1694.0, 913.0, 108.0, 148.0
1688.0, 914.0, 108.0, 148.0
1684.0, 916.0, 108.0, 148.0
1678.0, 915.0, 108.0, 148.0
1675.0, 918.0, 108.0, 148.0
1669.0, 916.0, 108.0, 148.0
1661.0, 916.0, 108.0, 148.0
1657.0, 917.0, 108.0, 148.0
1651.0, 917.0, 108.0, 148.0
1649.0, 918.0, 108.0, 148.0
1641.0, 918.0, 108.0, 148.0
1638.0, 921.0, 108.0, 148.0
1621.0, 912.0, 108.0, 148.0
1618.0, 915.0, 108.0, 148.0
1614.0, 915.0, 108.0, 148.0
1609.0, 914.0, 108.0, 148.0
1599.0, 914.0, 108.0, 148.0
1598.0, 918.0, 108.0, 148.0
1588.0, 917.0, 108.0, 148.0
1584.0, 918.0, 108.0, 148.0
1577.0, 918.0, 108.0, 148.0
1573.0, 921.0, 108.0, 148.0
1569.0, 923.0, 108.0, 148.0
1561.0, 920.0, 108.0, 148.0
1557.0, 919.0, 108.0, 148.0
1551.0, 920.0, 108.0, 148.0
1544.0, 918.0, 108.0, 148.0
1541.0, 920.0, 108.0, 148.0
1533.0, 918.0, 108.0, 148.0
1526.0, 917.0, 108.0, 148.0
1521.0, 920.0, 108.0, 148.0
1518.0, 919.0, 108.0, 148.0
1511.0, 920.0, 108.0, 148.0
1505.0, 920.0, 108.0, 148.0
1498.0, 921.0, 108.0, 148.0
1492.0, 919.0, 108.0, 148.0
1485.0, 920.0, 108.0, 148.0
1479.0, 920.0, 108.0, 148.0
1472.0, 919.0, 108.0, 148.0
1466.0, 920.0, 108.0, 148.0
1461.0, 920.0, 108.0, 148.0
1449.0, 920.0, 108.0, 148.0
1447.0, 921.0, 108.0, 148.0
1442.0, 922.0, 108.0, 148.0
1439.0, 928.0, 108.0, 148.0
1433.0, 924.0, 108.0, 148.0
1426.0, 925.0, 108.0, 148.0
1420.0, 925.0, 108.0, 148.0
1416.0, 925.0, 108.0, 148.0
1408.0, 923.0, 108.0, 148.0
1405.0, 924.0, 108.0, 148.0
1401.0, 926.0, 108.0, 148.0
1395.0, 925.0, 108.0, 148.0
1389.0, 925.0, 108.0, 148.0
1381.0, 927.0, 108.0, 148.0
1378.0, 929.0, 108.0, 148.0
1373.0, 929.0, 108.0, 148.0
1369.0, 931.0, 108.0, 148.0
1361.0, 926.0, 108.0, 148.0
1356.0, 928.0, 108.0, 148.0
1355.0, 935.0, 108.0, 148.0
1343.0, 924.0, 108.0, 148.0
1345.0, 929.0, 108.0, 148.0
1332.0, 928.0, 108.0, 148.0
1326.0, 925.0, 108.0, 148.0
1331.0, 933.0, 108.0, 148.0
1316.0, 929.0, 108.0, 148.0
1311.0, 931.0, 108.0, 148.0
1309.0, 932.0, 108.0, 148.0
1303.0, 931.0, 108.0, 148.0
1297.0, 930.0, 108.0, 148.0
1293.0, 932.0, 108.0, 148.0
1286.0, 931.0, 108.0, 148.0
1276.0, 925.0, 108.0, 148.0
1274.0, 929.0, 108.0, 148.0
1264.0, 928.0, 108.0, 148.0
1255.0, 928.0, 108.0, 148.0
1248.0, 928.0, 108.0, 148.0
1240.0, 928.0, 108.0, 148.0
1229.0, 925.0, 108.0, 148.0
1227.0, 927.0, 108.0, 148.0
1214.0, 921.0, 108.0, 148.0
1210.0, 928.0, 108.0, 148.0
1205.0, 925.0, 108.0, 148.0
1195.0, 921.0, 108.0, 148.0
1187.0, 920.0, 108.0, 148.0
1180.0, 920.0, 108.0, 148.0
1172.0, 922.0, 108.0, 148.0
1164.0, 921.0, 108.0, 148.0
1155.0, 919.0, 108.0, 148.0
1159.0, 932.0, 108.0, 148.0
1139.0, 918.0, 108.0, 148.0
1135.0, 919.0, 108.0, 148.0
1129.0, 920.0, 108.0, 148.0
1119.0, 916.0, 108.0, 148.0
1116.0, 919.0, 108.0, 148.0
1110.0, 915.0, 108.0, 148.0
1104.0, 917.0, 108.0, 148.0
1097.0, 917.0, 108.0, 148.0
1089.0, 911.0, 108.0, 148.0
1088.0, 917.0, 108.0, 148.0
1082.0, 914.0, 108.0, 148.0
1077.0, 914.0, 108.0, 148.0
1070.0, 913.0, 108.0, 148.0
1066.0, 914.0, 108.0, 148.0
1052.0, 906.0, 108.0, 148.0
1055.0, 911.0, 108.0, 148.0
1047.0, 911.0, 108.0, 148.0
1042.0, 911.0, 108.0, 148.0
1039.0, 912.0, 108.0, 148.0
1031.0, 909.0, 108.0, 148.0
1026.0, 914.0, 108.0, 148.0
1019.0, 908.0, 108.0, 148.0
1013.0, 907.0, 108.0, 148.0
1007.0, 903.0, 108.0, 148.0
1003.0, 904.0, 108.0, 148.0
999.0, 901.0, 108.0, 148.0
993.0, 900.0, 108.0, 148.0
988.0, 899.0, 108.0, 148.0
979.0, 898.0, 108.0, 148.0
974.0, 899.0, 108.0, 148.0
969.0, 898.0, 108.0, 148.0
964.0, 897.0, 108.0, 148.0
956.0, 895.0, 108.0, 148.0
948.0, 895.0, 108.0, 148.0
941.0, 894.0, 108.0, 148.0
937.0, 896.0, 108.0, 148.0
931.0, 893.0, 108.0, 148.0
923.0, 888.0, 108.0, 148.0
915.0, 887.0, 108.0, 148.0
909.0, 888.0, 108.0, 148.0
903.0, 886.0, 108.0, 148.0
895.0, 887.0, 108.0, 148.0
887.0, 887.0, 108.0, 148.0
882.0, 885.0, 108.0, 148.0
876.0, 883.0, 108.0, 148.0
868.0, 886.0, 108.0, 148.0
862.0, 880.0, 108.0, 148.0
858.0, 879.0, 108.0, 148.0
854.0, 880.0, 108.0, 148.0
850.0, 878.0, 108.0, 148.0
846.0, 877.0, 108.0, 148.0
841.0, 876.0, 108.0, 148.0
834.0, 875.0, 108.0, 148.0
830.0, 875.0, 108.0, 148.0
825.0, 873.0, 108.0, 148.0
816.0, 871.0, 108.0, 148.0
809.0, 869.0, 108.0, 148.0
804.0, 869.0, 108.0, 148.0
799.0, 867.0, 108.0, 148.0
794.0, 866.0, 108.0, 148.0
790.0, 864.0, 108.0, 148.0
784.0, 862.0, 108.0, 148.0
780.0, 862.0, 108.0, 148.0
774.0, 862.0, 108.0, 148.0
772.0, 860.0, 108.0, 148.0
766.0, 859.0, 108.0, 148.0
759.0, 855.0, 108.0, 148.0
754.0, 859.0, 108.0, 148.0
748.0, 855.0, 108.0, 148.0
742.0, 854.0, 108.0, 148.0
738.0, 852.0, 108.0, 148.0
734.0, 850.0, 108.0, 148.0
730.0, 851.0, 108.0, 148.0
726.0, 848.0, 108.0, 148.0
723.0, 847.0, 108.0, 148.0
719.0, 847.0, 108.0, 148.0
712.0, 845.0, 108.0, 148.0
706.0, 842.0, 108.0, 148.0
702.0, 843.0, 108.0, 148.0
696.0, 842.0, 108.0, 148.0
691.0, 840.0, 108.0, 148.0
684.0, 838.0, 108.0, 148.0
678.0, 838.0, 108.0, 148.0
674.0, 837.0, 108.0, 148.0
670.0, 834.0, 108.0, 148.0
666.0, 834.0, 108.0, 148.0
662.0, 833.0, 108.0, 148.0
658.0, 830.0, 108.0, 148.0
654.0, 830.0, 108.0, 148.0
650.0, 829.0, 108.0, 148.0
644.0, 827.0, 108.0, 148.0
638.0, 827.0, 108.0, 148.0
634.0, 824.0, 108.0, 148.0
630.0, 820.0, 108.0, 148.0
626.0, 820.0, 108.0, 148.0
622.0, 818.0, 108.0, 148.0
618.0, 819.0, 108.0, 148.0
614.0, 816.0, 108.0, 148.0
610.0, 813.0, 108.0, 148.0
606.0, 809.0, 108.0, 148.0
600.0, 810.0, 108.0, 148.0
594.0, 808.0, 108.0, 148.0
590.0, 805.0, 108.0, 148.0
586.0, 803.0, 108.0, 148.0
582.0, 803.0, 108.0, 148.0
576.0, 802.0, 108.0, 148.0
570.0, 797.0, 108.0, 148.0
568.0, 795.0, 108.0, 148.0
564.0, 795.0, 108.0, 148.0
560.0, 793.0, 108.0, 148.0
556.0, 788.0, 108.0, 148.0
552.0, 787.0, 108.0, 148.0
548.0, 785.0, 108.0, 148.0
544.0, 782.0, 108.0, 148.0
540.0, 783.0, 108.0, 148.0
536.0, 781.0, 108.0, 148.0
532.0, 777.0, 108.0, 148.0
528.0, 775.0, 108.0, 148.0
523.0, 775.0, 108.0, 148.0
517.0, 775.0, 108.0, 148.0
513.0, 772.0, 108.0, 148.0
507.0, 769.0, 108.0, 148.0
501.0, 765.0, 108.0, 148.0
497.0, 767.0, 108.0, 148.0
493.0, 764.0, 108.0, 148.0
487.0, 760.0, 108.0, 148.0
481.0, 761.0, 108.0, 148.0
477.0, 759.0, 108.0, 148.0
473.0, 759.0, 108.0, 148.0
467.0, 756.0, 108.0, 148.0
463.0, 754.0, 108.0, 148.0
458.0, 752.0, 108.0, 148.0
454.0, 751.0, 108.0, 148.0
450.0, 750.0, 108.0, 148.0
446.0, 749.0, 108.0, 148.0
442.0, 745.0, 108.0, 148.0
438.0, 744.0, 108.0, 148.0
435.0, 743.0, 108.0, 148.0
430.0, 742.0, 108.0, 148.0
427.0, 740.0, 108.0, 148.0
424.0, 737.0, 108.0, 148.0
419.0, 734.0, 108.0, 148.0
417.0, 734.0, 108.0, 148.0
412.0, 732.0, 108.0, 148.0
408.0, 729.0, 108.0, 148.0
407.0, 726.0, 108.0, 148.0
404.0, 726.0, 108.0, 148.0
401.0, 724.0, 108.0, 148.0
397.0, 720.0, 108.0, 148.0
395.0, 718.0, 108.0, 148.0
392.0, 719.0, 108.0, 148.0
389.0, 717.0, 108.0, 148.0
387.0, 714.0, 108.0, 148.0
386.0, 713.0, 108.0, 148.0
383.0, 710.0, 108.0, 148.0
378.0, 709.0, 108.0, 148.0
377.0, 706.0, 108.0, 148.0
370.0, 704.0, 108.0, 148.0
369.0, 700.0, 108.0, 148.0
365.0, 698.0, 108.0, 148.0
360.0, 698.0, 108.0, 148.0
359.0, 697.0, 108.0, 148.0
359.0, 694.0, 108.0, 148.0
357.0, 694.0, 108.0, 148.0
352.0, 693.0, 108.0, 148.0
350.0, 691.0, 108.0, 148.0
349.0, 691.0, 108.0, 148.0
345.0, 688.0, 108.0, 148.0
343.0, 687.0, 108.0, 148.0
340.0, 687.0, 108.0, 148.0
337.0, 684.0, 108.0, 148.0
335.0, 681.0, 108.0, 148.0
333.0, 680.0, 108.0, 148.0
328.0, 679.0, 108.0, 148.0
327.0, 678.0, 108.0, 148.0
324.0, 679.0, 108.0, 148.0
322.0, 677.0, 108.0, 148.0
323.0, 675.0, 108.0, 148.0
321.0, 674.0, 108.0, 148.0
316.0, 675.0, 108.0, 148.0
314.0, 672.0, 108.0, 148.0
313.0, 670.0, 108.0, 148.0
308.0, 668.0, 108.0, 148.0
305.0, 664.0, 108.0, 148.0
303.0, 663.0, 108.0, 148.0
300.0, 662.0, 108.0, 148.0
299.0, 661.0, 108.0, 148.0
296.0, 659.0, 108.0, 148.0
294.0, 659.0, 108.0, 148.0
292.0, 659.0, 108.0, 148.0
288.0, 659.0, 108.0, 148.0
287.0, 657.0, 108.0, 148.0
286.0, 655.0, 108.0, 148.0
282.0, 655.0, 108.0, 148.0
280.0, 655.0, 108.0, 148.0
276.0, 653.0, 108.0, 148.0
274.0, 651.0, 108.0, 148.0
272.0, 651.0, 108.0, 148.0
269.0, 651.0, 108.0, 148.0
264.0, 651.0, 108.0, 148.0
262.0, 651.0, 108.0, 148.0
262.0, 652.0, 108.0, 148.0
261.0, 651.0, 108.0, 148.0
256.0, 652.0, 108.0, 148.0
251.0, 652.0, 108.0, 148.0
250.0, 651.0, 108.0, 148.0
248.0, 652.0, 108.0, 148.0
242.0, 652.0, 108.0, 148.0
240.0, 652.0, 108.0, 148.0
234.0, 651.0, 108.0, 148.0
231.0, 653.0, 108.0, 148.0
225.0, 652.0, 108.0, 148.0
223.0, 652.0, 108.0, 148.0
220.0, 654.0, 108.0, 148.0
217.0, 652.0, 108.0, 148.0
213.0, 656.0, 108.0, 148.0
212.0, 656.0, 108.0, 148.0
207.0, 657.0, 108.0, 148.0
204.0, 658.0, 108.0, 148.0
200.0, 657.0, 108.0, 148.0
195.0, 658.0, 108.0, 148.0
191.0, 658.0, 108.0, 148.0
187.0, 658.0, 108.0, 148.0
184.0, 658.0, 108.0, 148.0
182.0, 658.0, 108.0, 148.0
179.0, 658.0, 108.0, 148.0
175.0, 658.0, 108.0, 148.0
171.0, 659.0, 108.0, 148.0
169.0, 661.0, 108.0, 148.0
170.0, 663.0, 108.0, 148.0
163.0, 664.0, 108.0, 148.0
159.0, 664.0, 108.0, 148.0
156.0, 663.0, 108.0, 148.0
152.0, 661.0, 108.0, 148.0
149.0, 659.0, 108.0, 148.0
148.0, 659.0, 108.0, 148.0
143.0, 659.0, 108.0, 148.0
140.0, 659.0, 108.0, 148.0
136.0, 659.0, 108.0, 148.0
134.0, 657.0, 108.0, 148.0
134.0, 652.0, 108.0, 148.0
133.0, 653.0, 108.0, 148.0
130.0, 653.0, 108.0, 148.0
131.0, 650.0, 108.0, 148.0
128.0, 651.0, 108.0, 148.0
125.0, 650.0, 108.0, 148.0
123.0, 648.0, 108.0, 148.0
122.0, 644.0, 108.0, 148.0
120.0, 643.0, 108.0, 148.0
119.0, 642.0, 108.0, 148.0
119.0, 640.0, 108.0, 148.0
119.0, 636.0, 108.0, 148.0
116.0, 634.0, 108.0, 148.0
115.0, 634.0, 108.0, 148.0
114.0, 632.0, 108.0, 148.0
115.0, 631.0, 108.0, 148.0
113.0, 630.0, 108.0, 148.0
110.0, 628.0, 108.0, 148.0
110.0, 624.0, 108.0, 148.0
109.0, 622.0, 108.0, 148.0
106.0, 622.0, 108.0, 148.0
106.0, 618.0, 108.0, 148.0
107.0, 616.0, 108.0, 148.0
107.0, 612.0, 108.0, 148.0
107.0, 611.0, 108.0, 148.0
106.0, 610.0, 108.0, 148.0
105.0, 610.0, 108.0, 148.0
102.0, 608.0, 108.0, 148.0
104.0, 604.0, 108.0, 148.0
105.0, 602.0, 108.0, 148.0
105.0, 600.0, 108.0, 148.0
105.0, 598.0, 108.0, 148.0
105.0, 596.0, 108.0, 148.0
105.0, 595.0, 108.0, 148.0
107.0, 592.0, 108.0, 148.0
109.0, 588.0, 108.0, 148.0
108.0, 586.0, 108.0, 148.0
109.0, 586.0, 108.0, 148.0
107.0, 587.0, 108.0, 148.0
109.0, 585.0, 108.0, 148.0
109.0, 582.0, 108.0, 148.0
109.0, 582.0, 108.0, 148.0
111.0, 581.0, 108.0, 148.0
113.0, 576.0, 108.0, 148.0
111.0, 577.0, 108.0, 148.0
114.0, 572.0, 108.0, 148.0
113.0, 571.0, 108.0, 148.0
112.0, 571.0, 108.0, 148.0
113.0, 568.0, 108.0, 148.0
113.0, 567.0, 108.0, 148.0
112.0, 567.0, 108.0, 148.0
112.0, 565.0, 108.0, 148.0
115.0, 561.0, 108.0, 148.0
117.0, 560.0, 108.0, 148.0
115.0, 558.0, 108.0, 148.0
117.0, 558.0, 108.0, 148.0
117.0, 557.0, 108.0, 148.0
117.0, 553.0, 108.0, 148.0
117.0, 550.0, 108.0, 148.0
119.0, 551.0, 108.0, 148.0
120.0, 548.0, 108.0, 148.0
118.0, 547.0, 108.0, 148.0
121.0, 544.0, 108.0, 148.0
121.0, 542.0, 108.0, 148.0
120.0, 543.0, 108.0, 148.0
121.0, 542.0, 108.0, 148.0
121.0, 540.0, 108.0, 148.0
121.0, 538.0, 108.0, 148.0
121.0, 539.0, 108.0, 148.0
120.0, 537.0, 108.0, 148.0
121.0, 534.0, 108.0, 148.0
120.0, 532.0, 108.0, 148.0
121.0, 530.0, 108.0, 148.0
122.0, 530.0, 108.0, 148.0
125.0, 529.0, 108.0, 148.0
123.0, 527.0, 108.0, 148.0
125.0, 525.0, 108.0, 148.0
123.0, 523.0, 108.0, 148.0
125.0, 523.0, 108.0, 148.0
125.0, 521.0, 108.0, 148.0
124.0, 521.0, 108.0, 148.0
125.0, 518.0, 108.0, 148.0
127.0, 518.0, 108.0, 148.0
129.0, 517.0, 108.0, 148.0
128.0, 513.0, 108.0, 148.0
129.0, 511.0, 108.0, 148.0
128.0, 513.0, 108.0, 148.0
128.0, 511.0, 108.0, 148.0
128.0, 511.0, 108.0, 148.0
131.0, 511.0, 108.0, 148.0
132.0, 509.0, 108.0, 148.0
130.0, 507.0, 108.0, 148.0
133.0, 507.0, 108.0, 148.0
130.0, 505.0, 108.0, 148.0
132.0, 503.0, 108.0, 148.0
130.0, 505.0, 108.0, 148.0
132.0, 501.0, 108.0, 148.0
130.0, 501.0, 108.0, 148.0
132.0, 499.0, 108.0, 148.0
132.0, 499.0, 108.0, 148.0
131.0, 499.0, 108.0, 148.0
132.0, 497.0, 108.0, 148.0
132.0, 495.0, 108.0, 148.0
133.0, 495.0, 108.0, 148.0
132.0, 495.0, 108.0, 148.0
133.0, 495.0, 108.0, 148.0
132.0, 493.0, 108.0, 148.0
132.0, 489.0, 108.0, 148.0
134.0, 487.0, 108.0, 148.0
135.0, 486.0, 108.0, 148.0
134.0, 487.0, 108.0, 148.0
136.0, 487.0, 108.0, 148.0
134.0, 487.0, 108.0, 148.0
134.0, 485.0, 108.0, 148.0
136.0, 483.0, 108.0, 148.0
135.0, 483.0, 108.0, 148.0
135.0, 483.0, 108.0, 148.0
135.0, 483.0, 108.0, 148.0
137.0, 481.0, 108.0, 148.0
134.0, 479.0, 108.0, 148.0
134.0, 479.0, 108.0, 148.0
135.0, 478.0, 108.0, 148.0
136.0, 479.0, 108.0, 148.0
136.0, 477.0, 108.0, 148.0
134.0, 475.0, 108.0, 148.0
137.0, 475.0, 108.0, 148.0
136.0, 475.0, 108.0, 148.0
134.0, 475.0, 108.0, 148.0
137.0, 473.0, 108.0, 148.0
137.0, 473.0, 108.0, 148.0
136.0, 471.0, 108.0, 148.0
138.0, 471.0, 108.0, 148.0
141.0, 469.0, 108.0, 148.0
138.0, 467.0, 108.0, 148.0
141.0, 465.0, 108.0, 148.0
140.0, 465.0, 108.0, 148.0
140.0, 463.0, 108.0, 148.0
138.0, 463.0, 108.0, 148.0
141.0, 463.0, 108.0, 148.0
141.0, 460.0, 108.0, 148.0
140.0, 459.0, 108.0, 148.0
140.0, 459.0, 108.0, 148.0
142.0, 459.0, 108.0, 148.0
142.0, 457.0, 108.0, 148.0
143.0, 455.0, 108.0, 148.0
145.0, 455.0, 108.0, 148.0
144.0, 455.0, 108.0, 148.0
144.0, 455.0, 108.0, 148.0
144.0, 453.0, 108.0, 148.0
145.0, 451.0, 108.0, 148.0
145.0, 451.0, 108.0, 148.0
145.0, 451.0, 108.0, 148.0
144.0, 449.0, 108.0, 148.0
146.0, 446.0, 108.0, 148.0
148.0, 447.0, 108.0, 148.0
149.0, 446.0, 108.0, 148.0
148.0, 445.0, 108.0, 148.0
151.0, 440.0, 108.0, 148.0
153.0, 438.0, 108.0, 148.0
152.0, 438.0, 108.0, 148.0
153.0, 438.0, 108.0, 148.0
