89.0, 837.0, 107.0, 134.0
89.0, 836.0, 107.0, 134.0
92.0, 836.0, 107.0, 134.0
94.0, 834.0, 107.0, 134.0
97.0, 828.0, 107.0, 134.0
97.0, 828.0, 107.0, 134.0
99.0, 824.0, 107.0, 134.0
100.0, 822.0, 107.0, 134.0
103.0, 816.0, 107.0, 134.0
104.0, 814.0, 107.0, 134.0
104.0, 810.0, 107.0, 134.0
105.0, 806.0, 107.0, 134.0
109.0, 802.0, 107.0, 134.0
110.0, 800.0, 107.0, 134.0
112.0, 798.0, 107.0, 134.0
116.0, 793.0, 107.0, 134.0
119.0, 792.0, 107.0, 134.0
122.0, 791.0, 107.0, 134.0
126.0, 788.0, 107.0, 134.0
127.0, 786.0, 107.0, 134.0
131.0, 781.0, 107.0, 134.0
133.0, 778.0, 107.0, 134.0
136.0, 774.0, 107.0, 134.0
138.0, 769.0, 107.0, 134.0
141.0, 768.0, 107.0, 134.0
142.0, 766.0, 107.0, 134.0
144.0, 762.0, 107.0, 134.0
146.0, 760.0, 107.0, 134.0
148.0, 760.0, 107.0, 134.0
152.0, 756.0, 107.0, 134.0
154.0, 756.0, 107.0, 134.0
158.0, 752.0, 107.0, 134.0
161.0, 750.0, 107.0, 134.0
163.0, 746.0, 107.0, 134.0
167.0, 744.0, 107.0, 134.0
167.0, 742.0, 107.0, 134.0
171.0, 735.0, 107.0, 134.0
174.0, 733.0, 107.0, 134.0
177.0, 729.0, 107.0, 134.0
178.0, 725.0, 107.0, 134.0
180.0, 723.0, 107.0, 134.0
183.0, 724.0, 107.0, 134.0
186.0, 722.0, 107.0, 134.0
190.0, 718.0, 107.0, 134.0
193.0, 715.0, 107.0, 134.0
196.0, 718.0, 107.0, 134.0
199.0, 714.0, 107.0, 134.0
202.0, 712.0, 107.0, 134.0
205.0, 712.0, 107.0, 134.0
208.0, 710.0, 107.0, 134.0
213.0, 704.0, 107.0, 134.0
216.0, 702.0, 107.0, 134.0
221.0, 698.0, 107.0, 134.0
222.0, 696.0, 107.0, 134.0
227.0, 694.0, 107.0, 134.0
229.0, 689.0, 107.0, 134.0
231.0, 688.0, 107.0, 134.0
234.0, 688.0, 107.0, 134.0
237.0, 686.0, 107.0, 134.0
240.0, 682.0, 107.0, 134.0
243.0, 680.0, 107.0, 134.0
244.0, 682.0, 107.0, 134.0
247.0, 680.0, 107.0, 134.0
250.0, 678.0, 107.0, 134.0
254.0, 676.0, 107.0, 134.0
254.0, 676.0, 107.0, 134.0
260.0, 674.0, 107.0, 134.0
260.0, 672.0, 107.0, 134.0
263.0, 670.0, 107.0, 134.0
266.0, 665.0, 107.0, 134.0
269.0, 664.0, 107.0, 134.0
271.0, 664.0, 107.0, 134.0
274.0, 662.0, 107.0, 134.0
274.0, 660.0, 107.0, 134.0
279.0, 659.0, 107.0, 134.0
279.0, 658.0, 107.0, 134.0
281.0, 653.0, 107.0, 134.0
285.0, 654.0, 107.0, 134.0
287.0, 652.0, 107.0, 134.0
291.0, 651.0, 107.0, 134.0
294.0, 652.0, 107.0, 134.0
296.0, 650.0, 107.0, 134.0
300.0, 648.0, 107.0, 134.0
302.0, 648.0, 107.0, 134.0
305.0, 646.0, 107.0, 134.0
307.0, 644.0, 107.0, 134.0
312.0, 643.0, 107.0, 134.0
312.0, 644.0, 107.0, 134.0
315.0, 642.0, 107.0, 134.0
319.0, 640.0, 107.0, 134.0
323.0, 639.0, 107.0, 134.0
322.0, 638.0, 107.0, 134.0
325.0, 636.0, 107.0, 134.0
329.0, 636.0, 107.0, 134.0
332.0, 633.0, 107.0, 134.0
333.0, 630.0, 107.0, 134.0
338.0, 628.0, 107.0, 134.0
337.0, 630.0, 107.0, 134.0
340.0, 628.0, 107.0, 134.0
340.0, 628.0, 107.0, 134.0
344.0, 626.0, 107.0, 134.0
345.0, 623.0, 107.0, 134.0
348.0, 624.0, 107.0, 134.0
349.0, 624.0, 107.0, 134.0
350.0, 622.0, 107.0, 134.0
350.0, 620.0, 107.0, 134.0
353.0, 620.0, 107.0, 134.0
354.0, 620.0, 107.0, 134.0
357.0, 618.0, 107.0, 134.0
358.0, 616.0, 107.0, 134.0
359.0, 616.0, 107.0, 134.0
359.0, 616.0, 107.0, 134.0
360.0, 614.0, 107.0, 134.0
359.0, 612.0, 107.0, 134.0
360.0, 612.0, 107.0, 134.0
357.0, 610.0, 107.0, 134.0
357.0, 612.0, 107.0, 134.0
356.0, 612.0, 107.0, 134.0
355.0, 612.0, 107.0, 134.0
351.0, 610.0, 107.0, 134.0
350.0, 608.0, 107.0, 134.0
347.0, 610.0, 107.0, 134.0
344.0, 609.0, 107.0, 134.0
341.0, 611.0, 107.0, 134.0
338.0, 611.0, 107.0, 134.0
333.0, 611.0, 107.0, 134.0
332.0, 610.0, 107.0, 134.0
327.0, 610.0, 107.0, 134.0
324.0, 612.0, 107.0, 134.0
321.0, 613.0, 107.0, 134.0
320.0, 614.0, 107.0, 134.0
317.0, 613.0, 107.0, 134.0
314.0, 615.0, 107.0, 134.0
311.0, 612.0, 107.0, 134.0
310.0, 613.0, 107.0, 134.0
307.0, 612.0, 107.0, 134.0
306.0, 612.0, 107.0, 134.0
306.0, 613.0, 107.0, 134.0
309.0, 612.0, 107.0, 134.0
311.0, 612.0, 107.0, 134.0
314.0, 610.0, 107.0, 134.0
315.0, 608.0, 107.0, 134.0
315.0, 610.0, 107.0, 134.0
317.0, 608.0, 107.0, 134.0
320.0, 608.0, 107.0, 134.0
321.0, 608.0, 107.0, 134.0
322.0, 608.0, 107.0, 134.0
323.0, 605.0, 107.0, 134.0
324.0, 604.0, 107.0, 134.0
325.0, 603.0, 107.0, 134.0
328.0, 603.0, 107.0, 134.0
326.0, 602.0, 107.0, 134.0
330.0, 600.0, 107.0, 134.0
329.0, 599.0, 107.0, 134.0
339.0, 584.0, 107.0, 134.0
331.0, 595.0, 107.0, 134.0
334.0, 596.0, 107.0, 134.0
329.0, 597.0, 107.0, 134.0
336.0, 594.0, 107.0, 134.0
337.0, 592.0, 107.0, 134.0
338.0, 591.0, 107.0, 134.0
339.0, 592.0, 107.0, 134.0
342.0, 589.0, 107.0, 134.0
343.0, 588.0, 107.0, 134.0
343.0, 588.0, 107.0, 134.0
345.0, 585.0, 107.0, 134.0
346.0, 584.0, 107.0, 134.0
347.0, 584.0, 107.0, 134.0
347.0, 583.0, 107.0, 134.0
349.0, 581.0, 107.0, 134.0
352.0, 580.0, 107.0, 134.0
353.0, 579.0, 107.0, 134.0
354.0, 580.0, 107.0, 134.0
355.0, 578.0, 107.0, 134.0
357.0, 575.0, 107.0, 134.0
359.0, 578.0, 107.0, 134.0
360.0, 576.0, 107.0, 134.0
361.0, 576.0, 107.0, 134.0
364.0, 575.0, 107.0, 134.0
364.0, 574.0, 107.0, 134.0
365.0, 571.0, 107.0, 134.0
364.0, 572.0, 107.0, 134.0
367.0, 572.0, 107.0, 134.0
365.0, 570.0, 107.0, 134.0
366.0, 568.0, 107.0, 134.0
365.0, 568.0, 107.0, 134.0
366.0, 568.0, 107.0, 134.0
365.0, 566.0, 107.0, 134.0
366.0, 564.0, 107.0, 134.0
365.0, 564.0, 107.0, 134.0
366.0, 564.0, 107.0, 134.0
365.0, 564.0, 107.0, 134.0
367.0, 564.0, 107.0, 134.0
367.0, 562.0, 107.0, 134.0
370.0, 563.0, 107.0, 134.0
367.0, 562.0, 107.0, 134.0
368.0, 560.0, 107.0, 134.0
370.0, 560.0, 107.0, 134.0
370.0, 560.0, 107.0, 134.0
371.0, 560.0, 107.0, 134.0
372.0, 560.0, 107.0, 134.0
371.0, 560.0, 107.0, 134.0
374.0, 558.0, 107.0, 134.0
375.0, 556.0, 107.0, 134.0
377.0, 558.0, 107.0, 134.0
375.0, 556.0, 107.0, 134.0
378.0, 558.0, 107.0, 134.0
377.0, 556.0, 107.0, 134.0
378.0, 558.0, 107.0, 134.0
377.0, 556.0, 107.0, 134.0
380.0, 558.0, 107.0, 134.0
379.0, 556.0, 107.0, 134.0
380.0, 558.0, 107.0, 134.0
378.0, 556.0, 107.0, 134.0
380.0, 559.0, 107.0, 134.0
379.0, 556.0, 107.0, 134.0
380.0, 556.0, 107.0, 134.0
379.0, 558.0, 107.0, 134.0
380.0, 554.0, 107.0, 134.0
380.0, 551.0, 107.0, 134.0
380.0, 552.0, 107.0, 134.0
379.0, 552.0, 107.0, 134.0
380.0, 552.0, 107.0, 134.0
379.0, 552.0, 107.0, 134.0
380.0, 552.0, 107.0, 134.0
379.0, 552.0, 107.0, 134.0
380.0, 552.0, 107.0, 134.0
379.0, 550.0, 107.0, 134.0
381.0, 548.0, 107.0, 134.0
382.0, 550.0, 107.0, 134.0
383.0, 548.0, 107.0, 134.0
385.0, 548.0, 107.0, 134.0
387.0, 547.0, 107.0, 134.0
388.0, 548.0, 107.0, 134.0
392.0, 547.0, 107.0, 134.0
393.0, 545.0, 107.0, 134.0
393.0, 544.0, 107.0, 134.0
395.0, 546.0, 107.0, 134.0
395.0, 543.0, 107.0, 134.0
397.0, 544.0, 107.0, 134.0
399.0, 543.0, 107.0, 134.0
398.0, 544.0, 107.0, 134.0
399.0, 543.0, 107.0, 134.0
401.0, 544.0, 107.0, 134.0
401.0, 543.0, 107.0, 134.0
402.0, 543.0, 107.0, 134.0
403.0, 543.0, 107.0, 134.0
402.0, 543.0, 107.0, 134.0
403.0, 541.0, 107.0, 134.0
404.0, 540.0, 107.0, 134.0
405.0, 541.0, 107.0, 134.0
406.0, 539.0, 107.0, 134.0
407.0, 542.0, 107.0, 134.0
406.0, 539.0, 107.0, 134.0
407.0, 539.0, 107.0, 134.0
406.0, 539.0, 107.0, 134.0
407.0, 539.0, 107.0, 134.0
408.0, 539.0, 107.0, 134.0
407.0, 539.0, 107.0, 134.0
406.0, 540.0, 107.0, 134.0
406.0, 538.0, 107.0, 134.0
405.0, 536.0, 107.0, 134.0
406.0, 538.0, 107.0, 134.0
407.0, 536.0, 107.0, 134.0
406.0, 538.0, 107.0, 134.0
405.0, 537.0, 107.0, 134.0
406.0, 538.0, 107.0, 134.0
405.0, 538.0, 107.0, 134.0
406.0, 537.0, 107.0, 134.0
405.0, 537.0, 107.0, 134.0
406.0, 537.0, 107.0, 134.0
405.0, 537.0, 107.0, 134.0
404.0, 538.0, 107.0, 134.0
403.0, 538.0, 107.0, 134.0
404.0, 537.0, 107.0, 134.0
403.0, 538.0, 107.0, 134.0
404.0, 537.0, 107.0, 134.0
404.0, 537.0, 107.0, 134.0
404.0, 535.0, 107.0, 134.0
403.0, 537.0, 107.0, 134.0
405.0, 535.0, 107.0, 134.0
404.0, 536.0, 107.0, 134.0
404.0, 535.0, 107.0, 134.0
403.0, 536.0, 107.0, 134.0
405.0, 534.0, 107.0, 134.0
404.0, 532.0, 107.0, 134.0
404.0, 533.0, 107.0, 134.0
401.0, 534.0, 107.0, 134.0
402.0, 534.0, 107.0, 134.0
401.0, 533.0, 107.0, 134.0
400.0, 534.0, 107.0, 134.0
400.0, 533.0, 107.0, 134.0
401.0, 533.0, 107.0, 134.0
402.0, 535.0, 107.0, 134.0
404.0, 535.0, 107.0, 134.0
403.0, 535.0, 107.0, 134.0
405.0, 536.0, 107.0, 134.0
403.0, 535.0, 107.0, 134.0
404.0, 535.0, 107.0, 134.0
405.0, 535.0, 107.0, 134.0
405.0, 535.0, 107.0, 134.0
407.0, 535.0, 107.0, 134.0
408.0, 536.0, 107.0, 134.0
409.0, 535.0, 107.0, 134.0
409.0, 535.0, 107.0, 134.0
411.0, 535.0, 107.0, 134.0
414.0, 536.0, 107.0, 134.0
417.0, 537.0, 107.0, 134.0
419.0, 536.0, 107.0, 134.0
421.0, 535.0, 107.0, 134.0
424.0, 536.0, 107.0, 134.0
422.0, 535.0, 107.0, 134.0
426.0, 535.0, 107.0, 134.0
427.0, 535.0, 107.0, 134.0
429.0, 535.0, 107.0, 134.0
429.0, 535.0, 107.0, 134.0
434.0, 536.0, 107.0, 134.0
435.0, 535.0, 107.0, 134.0
435.0, 533.0, 107.0, 134.0
437.0, 532.0, 107.0, 134.0
440.0, 533.0, 107.0, 134.0
439.0, 531.0, 107.0, 134.0
441.0, 531.0, 107.0, 134.0
443.0, 531.0, 107.0, 134.0
444.0, 531.0, 107.0, 134.0
443.0, 532.0, 107.0, 134.0
446.0, 529.0, 107.0, 134.0
445.0, 527.0, 107.0, 134.0
448.0, 527.0, 107.0, 134.0
447.0, 527.0, 107.0, 134.0
448.0, 528.0, 107.0, 134.0
446.0, 527.0, 107.0, 134.0
448.0, 526.0, 107.0, 134.0
448.0, 523.0, 107.0, 134.0
449.0, 525.0, 107.0, 134.0
448.0, 523.0, 107.0, 134.0
449.0, 523.0, 107.0, 134.0
448.0, 524.0, 107.0, 134.0
449.0, 523.0, 107.0, 134.0
448.0, 524.0, 107.0, 134.0
446.0, 524.0, 107.0, 134.0
446.0, 524.0, 107.0, 134.0
447.0, 521.0, 107.0, 134.0
445.0, 520.0, 107.0, 134.0
445.0, 520.0, 107.0, 134.0
443.0, 520.0, 107.0, 134.0
444.0, 520.0, 107.0, 134.0
444.0, 520.0, 107.0, 134.0
444.0, 520.0, 107.0, 134.0
441.0, 518.0, 107.0, 134.0
442.0, 518.0, 107.0, 134.0
439.0, 516.0, 107.0, 134.0
437.0, 518.0, 107.0, 134.0
437.0, 516.0, 107.0, 134.0
435.0, 518.0, 107.0, 134.0
432.0, 515.0, 107.0, 134.0
432.0, 518.0, 107.0, 134.0
429.0, 516.0, 107.0, 134.0
428.0, 518.0, 107.0, 134.0
425.0, 516.0, 107.0, 134.0
424.0, 516.0, 107.0, 134.0
421.0, 517.0, 107.0, 134.0
418.0, 516.0, 107.0, 134.0
415.0, 516.0, 107.0, 134.0
414.0, 516.0, 107.0, 134.0
411.0, 516.0, 107.0, 134.0
412.0, 516.0, 107.0, 134.0
410.0, 515.0, 107.0, 134.0
412.0, 516.0, 107.0, 134.0
411.0, 515.0, 107.0, 134.0
412.0, 515.0, 107.0, 134.0
411.0, 516.0, 107.0, 134.0
412.0, 516.0, 107.0, 134.0
411.0, 516.0, 107.0, 134.0
414.0, 515.0, 107.0, 134.0
413.0, 514.0, 107.0, 134.0
416.0, 513.0, 107.0, 134.0
415.0, 512.0, 107.0, 134.0
416.0, 513.0, 107.0, 134.0
415.0, 510.0, 107.0, 134.0
416.0, 509.0, 107.0, 134.0
415.0, 509.0, 107.0, 134.0
416.0, 510.0, 107.0, 134.0
415.0, 510.0, 107.0, 134.0
416.0, 507.0, 107.0, 134.0
415.0, 509.0, 107.0, 134.0
414.0, 508.0, 107.0, 134.0
416.0, 509.0, 107.0, 134.0
416.0, 508.0, 107.0, 134.0
415.0, 508.0, 107.0, 134.0
416.0, 506.0, 107.0, 134.0
415.0, 505.0, 107.0, 134.0
416.0, 503.0, 107.0, 134.0
415.0, 505.0, 107.0, 134.0
416.0, 504.0, 107.0, 134.0
417.0, 506.0, 107.0, 134.0
418.0, 503.0, 107.0, 134.0
417.0, 506.0, 107.0, 134.0
418.0, 503.0, 107.0, 134.0
417.0, 504.0, 107.0, 134.0
418.0, 505.0, 107.0, 134.0
419.0, 503.0, 107.0, 134.0
420.0, 504.0, 107.0, 134.0
419.0, 504.0, 107.0, 134.0
420.0, 502.0, 107.0, 134.0
421.0, 499.0, 107.0, 134.0
422.0, 502.0, 107.0, 134.0
423.0, 499.0, 107.0, 134.0
426.0, 502.0, 107.0, 134.0
427.0, 499.0, 107.0, 134.0
430.0, 501.0, 107.0, 134.0
431.0, 499.0, 107.0, 134.0
434.0, 501.0, 107.0, 134.0
435.0, 501.0, 107.0, 134.0
436.0, 501.0, 107.0, 134.0
437.0, 502.0, 107.0, 134.0
438.0, 501.0, 107.0, 134.0
438.0, 502.0, 107.0, 134.0
440.0, 504.0, 107.0, 134.0
440.0, 505.0, 107.0, 134.0
441.0, 503.0, 107.0, 134.0
442.0, 506.0, 107.0, 134.0
443.0, 506.0, 107.0, 134.0
442.0, 505.0, 107.0, 134.0
443.0, 506.0, 107.0, 134.0
444.0, 506.0, 107.0, 134.0
445.0, 506.0, 107.0, 134.0
446.0, 506.0, 107.0, 134.0
447.0, 506.0, 107.0, 134.0
446.0, 506.0, 107.0, 134.0
447.0, 505.0, 107.0, 134.0
448.0, 506.0, 107.0, 134.0
449.0, 506.0, 107.0, 134.0
448.0, 506.0, 107.0, 134.0
448.0, 506.0, 107.0, 134.0
447.0, 506.0, 107.0, 134.0
448.0, 506.0, 107.0, 134.0
445.0, 506.0, 107.0, 134.0
446.0, 506.0, 107.0, 134.0
445.0, 508.0, 107.0, 134.0
444.0, 510.0, 107.0, 134.0
443.0, 508.0, 107.0, 134.0
442.0, 510.0, 107.0, 134.0
441.0, 508.0, 107.0, 134.0
439.0, 510.0, 107.0, 134.0
438.0, 510.0, 107.0, 134.0
437.0, 510.0, 107.0, 134.0
434.0, 509.0, 107.0, 134.0
434.0, 509.0, 107.0, 134.0
432.0, 510.0, 107.0, 134.0
430.0, 510.0, 107.0, 134.0
430.0, 512.0, 107.0, 134.0
429.0, 514.0, 107.0, 134.0
429.0, 514.0, 107.0, 134.0
431.0, 511.0, 107.0, 134.0
0.0, 0.0, 0.0, 0.0
0.0, 0.0, 0.0, 0.0
0.0, 0.0, 0.0, 0.0
0.0, 0.0, 0.0, 0.0
0.0, 0.0, 0.0, 0.0
0.0, 0.0, 0.0, 0.0
0.0, 0.0, 0.0, 0.0
0.0, 0.0, 0.0, 0.0
0.0, 0.0, 0.0, 0.0
0.0, 0.0, 0.0, 0.0
0.0, 0.0, 0.0, 0.0
0.0, 0.0, 0.0, 0.0
0.0, 0.0, 0.0, 0.0
0.0, 0.0, 0.0, 0.0
0.0, 0.0, 0.0, 0.0
0.0, 0.0, 0.0, 0.0
0.0, 0.0, 0.0, 0.0
0.0, 0.0, 0.0, 0.0
0.0, 0.0, 0.0, 0.0
0.0, 0.0, 0.0, 0.0
0.0, 0.0, 0.0, 0.0
0.0, 0.0, 0.0, 0.0
0.0, 0.0, 0.0, 0.0
0.0, 0.0, 0.0, 0.0
0.0, 0.0, 0.0, 0.0
0.0, 0.0, 0.0, 0.0
