750.0, 229.0, 58.0, 117.0
750.0, 229.0, 58.0, 117.0
748.0, 230.0, 58.0, 117.0
748.0, 229.0, 58.0, 117.0
746.0, 230.0, 58.0, 117.0
746.0, 228.0, 58.0, 117.0
744.0, 230.0, 58.0, 117.0
744.0, 229.0, 58.0, 117.0
742.0, 230.0, 58.0, 117.0
740.0, 228.0, 58.0, 117.0
740.0, 230.0, 58.0, 117.0
738.0, 229.0, 58.0, 117.0
736.0, 230.0, 58.0, 117.0
734.0, 229.0, 58.0, 117.0
734.0, 230.0, 58.0, 117.0
732.0, 228.0, 58.0, 117.0
730.0, 229.0, 58.0, 117.0
730.0, 228.0, 58.0, 117.0
728.0, 230.0, 58.0, 117.0
728.0, 228.0, 58.0, 117.0
726.0, 229.0, 58.0, 117.0
724.0, 228.0, 58.0, 117.0
724.0, 229.0, 58.0, 117.0
722.0, 228.0, 58.0, 117.0
720.0, 230.0, 58.0, 117.0
718.0, 228.0, 58.0, 117.0
718.0, 229.0, 58.0, 117.0
716.0, 228.0, 58.0, 117.0
714.0, 230.0, 58.0, 117.0
714.0, 228.0, 58.0, 117.0
714.0, 230.0, 58.0, 117.0
714.0, 228.0, 58.0, 117.0
714.0, 230.0, 58.0, 117.0
714.0, 229.0, 58.0, 117.0
716.0, 230.0, 58.0, 117.0
716.0, 229.0, 58.0, 117.0
719.0, 230.0, 58.0, 117.0
720.0, 228.0, 58.0, 117.0
723.0, 230.0, 58.0, 117.0
724.0, 229.0, 58.0, 117.0
726.0, 230.0, 58.0, 117.0
728.0, 229.0, 58.0, 117.0
732.0, 229.0, 58.0, 117.0
737.0, 229.0, 58.0, 117.0
740.0, 227.0, 58.0, 117.0
744.0, 227.0, 58.0, 117.0
748.0, 225.0, 58.0, 117.0
752.0, 224.0, 58.0, 117.0
757.0, 225.0, 58.0, 117.0
761.0, 224.0, 58.0, 117.0
765.0, 226.0, 58.0, 117.0
769.0, 224.0, 58.0, 117.0
775.0, 223.0, 58.0, 117.0
779.0, 223.0, 58.0, 117.0
783.0, 224.0, 58.0, 117.0
787.0, 222.0, 58.0, 117.0
793.0, 224.0, 58.0, 117.0
797.0, 222.0, 58.0, 117.0
801.0, 223.0, 58.0, 117.0
806.0, 220.0, 58.0, 117.0
811.0, 221.0, 58.0, 117.0
815.0, 220.0, 58.0, 117.0
821.0, 219.0, 58.0, 117.0
824.0, 218.0, 58.0, 117.0
829.0, 219.0, 58.0, 117.0
833.0, 218.0, 58.0, 117.0
837.0, 219.0, 58.0, 117.0
841.0, 219.0, 58.0, 117.0
845.0, 220.0, 58.0, 117.0
849.0, 219.0, 58.0, 117.0
853.0, 220.0, 58.0, 117.0
857.0, 219.0, 58.0, 117.0
861.0, 220.0, 58.0, 117.0
865.0, 219.0, 58.0, 117.0
868.0, 219.0, 58.0, 117.0
873.0, 218.0, 58.0, 117.0
875.0, 219.0, 58.0, 117.0
877.0, 218.0, 58.0, 117.0
881.0, 220.0, 58.0, 117.0
883.0, 219.0, 58.0, 117.0
885.0, 220.0, 58.0, 117.0
887.0, 219.0, 58.0, 117.0
889.0, 222.0, 58.0, 117.0
893.0, 221.0, 58.0, 117.0
895.0, 222.0, 58.0, 117.0
897.0, 221.0, 58.0, 117.0
899.0, 222.0, 58.0, 117.0
901.0, 221.0, 58.0, 117.0
903.0, 222.0, 58.0, 117.0
905.0, 221.0, 58.0, 117.0
907.0, 222.0, 58.0, 117.0
907.0, 223.0, 58.0, 117.0
909.0, 223.0, 58.0, 117.0
909.0, 224.0, 58.0, 117.0
911.0, 225.0, 58.0, 117.0
911.0, 224.0, 58.0, 117.0
911.0, 225.0, 58.0, 117.0
910.0, 224.0, 58.0, 117.0
911.0, 226.0, 58.0, 117.0
911.0, 225.0, 58.0, 117.0
911.0, 226.0, 58.0, 117.0
910.0, 224.0, 58.0, 117.0
908.0, 225.0, 58.0, 117.0
908.0, 225.0, 58.0, 117.0
909.0, 226.0, 58.0, 117.0
907.0, 225.0, 58.0, 117.0
905.0, 226.0, 58.0, 117.0
903.0, 225.0, 58.0, 117.0
901.0, 225.0, 58.0, 117.0
899.0, 225.0, 58.0, 117.0
897.0, 224.0, 58.0, 117.0
895.0, 223.0, 58.0, 117.0
892.0, 224.0, 58.0, 117.0
889.0, 223.0, 58.0, 117.0
887.0, 222.0, 58.0, 117.0
882.0, 221.0, 58.0, 117.0
881.0, 222.0, 58.0, 117.0
879.0, 221.0, 58.0, 117.0
877.0, 222.0, 58.0, 117.0
875.0, 221.0, 58.0, 117.0
873.0, 222.0, 58.0, 117.0
871.0, 221.0, 58.0, 117.0
868.0, 221.0, 58.0, 117.0
867.0, 221.0, 58.0, 117.0
865.0, 222.0, 58.0, 117.0
0.0, 0.0, 0.0, 0.0
0.0, 0.0, 0.0, 0.0
874.0, 220.0, 58.0, 117.0
879.0, 222.0, 58.0, 117.0
878.0, 221.0, 58.0, 117.0
879.0, 222.0, 58.0, 117.0
879.0, 221.0, 58.0, 117.0
879.0, 222.0, 58.0, 117.0
879.0, 221.0, 58.0, 117.0
878.0, 221.0, 58.0, 117.0
878.0, 221.0, 58.0, 117.0
879.0, 222.0, 58.0, 117.0
879.0, 220.0, 58.0, 117.0
879.0, 222.0, 58.0, 117.0
878.0, 221.0, 58.0, 117.0
878.0, 221.0, 58.0, 117.0
878.0, 221.0, 58.0, 117.0
879.0, 221.0, 58.0, 117.0
878.0, 220.0, 58.0, 117.0
878.0, 221.0, 58.0, 117.0
878.0, 220.0, 58.0, 117.0
878.0, 221.0, 58.0, 117.0
878.0, 220.0, 58.0, 117.0
878.0, 221.0, 58.0, 117.0
878.0, 220.0, 58.0, 117.0
876.0, 222.0, 58.0, 117.0
877.0, 221.0, 58.0, 117.0
877.0, 222.0, 58.0, 117.0
877.0, 221.0, 58.0, 117.0
876.0, 221.0, 58.0, 117.0
877.0, 221.0, 58.0, 117.0
877.0, 222.0, 58.0, 117.0
878.0, 221.0, 58.0, 117.0
879.0, 222.0, 58.0, 117.0
879.0, 221.0, 58.0, 117.0
879.0, 222.0, 58.0, 117.0
879.0, 220.0, 58.0, 117.0
881.0, 221.0, 58.0, 117.0
881.0, 221.0, 58.0, 117.0
881.0, 221.0, 58.0, 117.0
883.0, 221.0, 58.0, 117.0
883.0, 222.0, 58.0, 117.0
885.0, 223.0, 58.0, 117.0
885.0, 224.0, 58.0, 117.0
887.0, 223.0, 58.0, 117.0
887.0, 224.0, 58.0, 117.0
889.0, 223.0, 58.0, 117.0
891.0, 224.0, 58.0, 117.0
891.0, 223.0, 58.0, 117.0
891.0, 224.0, 58.0, 117.0
893.0, 225.0, 58.0, 117.0
895.0, 226.0, 58.0, 117.0
897.0, 225.0, 58.0, 117.0
899.0, 226.0, 58.0, 117.0
899.0, 225.0, 58.0, 117.0
900.0, 226.0, 58.0, 117.0
900.0, 227.0, 58.0, 117.0
902.0, 228.0, 58.0, 117.0
904.0, 226.0, 58.0, 117.0
904.0, 227.0, 58.0, 117.0
906.0, 226.0, 58.0, 117.0
909.0, 230.0, 58.0, 117.0
908.0, 228.0, 58.0, 117.0
910.0, 230.0, 58.0, 117.0
910.0, 228.0, 58.0, 117.0
912.0, 230.0, 58.0, 117.0
913.0, 229.0, 58.0, 117.0
914.0, 230.0, 58.0, 117.0
916.0, 231.0, 58.0, 117.0
916.0, 232.0, 58.0, 117.0
918.0, 231.0, 58.0, 117.0
918.0, 232.0, 58.0, 117.0
920.0, 232.0, 58.0, 117.0
920.0, 233.0, 58.0, 117.0
920.0, 233.0, 58.0, 117.0
920.0, 234.0, 58.0, 117.0
920.0, 233.0, 58.0, 117.0
920.0, 234.0, 58.0, 117.0
918.0, 233.0, 58.0, 117.0
918.0, 234.0, 58.0, 117.0
916.0, 233.0, 58.0, 117.0
916.0, 234.0, 58.0, 117.0
916.0, 232.0, 58.0, 117.0
916.0, 234.0, 58.0, 117.0
914.0, 233.0, 58.0, 117.0
914.0, 232.0, 58.0, 117.0
913.0, 231.0, 58.0, 117.0
911.0, 232.0, 58.0, 117.0
911.0, 231.0, 58.0, 117.0
910.0, 232.0, 58.0, 117.0
910.0, 231.0, 58.0, 117.0
910.0, 232.0, 58.0, 117.0
911.0, 231.0, 58.0, 117.0
908.0, 231.0, 58.0, 117.0
909.0, 231.0, 58.0, 117.0
908.0, 232.0, 58.0, 117.0
908.0, 231.0, 58.0, 117.0
908.0, 231.0, 58.0, 117.0
908.0, 230.0, 58.0, 117.0
908.0, 231.0, 58.0, 117.0
908.0, 230.0, 58.0, 117.0
908.0, 232.0, 58.0, 117.0
908.0, 230.0, 58.0, 117.0
908.0, 231.0, 58.0, 117.0
908.0, 230.0, 58.0, 117.0
908.0, 231.0, 58.0, 117.0
908.0, 230.0, 58.0, 117.0
908.0, 231.0, 58.0, 117.0
911.0, 230.0, 58.0, 117.0
911.0, 231.0, 58.0, 117.0
913.0, 230.0, 58.0, 117.0
913.0, 231.0, 58.0, 117.0
913.0, 230.0, 58.0, 117.0
915.0, 231.0, 58.0, 117.0
915.0, 230.0, 58.0, 117.0
915.0, 231.0, 58.0, 117.0
915.0, 230.0, 58.0, 117.0
914.0, 231.0, 58.0, 117.0
915.0, 230.0, 58.0, 117.0
915.0, 231.0, 58.0, 117.0
915.0, 231.0, 58.0, 117.0
915.0, 231.0, 58.0, 117.0
914.0, 230.0, 58.0, 117.0
915.0, 232.0, 58.0, 117.0
915.0, 230.0, 58.0, 117.0
914.0, 231.0, 58.0, 117.0
915.0, 230.0, 58.0, 117.0
915.0, 231.0, 58.0, 117.0
914.0, 230.0, 58.0, 117.0
915.0, 232.0, 58.0, 117.0
915.0, 231.0, 58.0, 117.0
918.0, 232.0, 58.0, 117.0
917.0, 231.0, 58.0, 117.0
920.0, 232.0, 58.0, 117.0
920.0, 231.0, 58.0, 117.0
922.0, 232.0, 58.0, 117.0
922.0, 231.0, 58.0, 117.0
924.0, 232.0, 58.0, 117.0
924.0, 231.0, 58.0, 117.0
926.0, 232.0, 58.0, 117.0
926.0, 231.0, 58.0, 117.0
926.0, 232.0, 58.0, 117.0
927.0, 230.0, 58.0, 117.0
927.0, 232.0, 58.0, 117.0
929.0, 231.0, 58.0, 117.0
929.0, 232.0, 58.0, 117.0
930.0, 231.0, 58.0, 117.0
929.0, 229.0, 58.0, 117.0
929.0, 230.0, 58.0, 117.0
930.0, 232.0, 58.0, 117.0
929.0, 231.0, 58.0, 117.0
932.0, 232.0, 58.0, 117.0
931.0, 231.0, 58.0, 117.0
933.0, 232.0, 58.0, 117.0
935.0, 233.0, 58.0, 117.0
937.0, 234.0, 58.0, 117.0
937.0, 233.0, 58.0, 117.0
939.0, 234.0, 58.0, 117.0
941.0, 233.0, 58.0, 117.0
943.0, 234.0, 58.0, 117.0
943.0, 233.0, 58.0, 117.0
942.0, 234.0, 58.0, 117.0
944.0, 235.0, 58.0, 117.0
944.0, 236.0, 58.0, 117.0
944.0, 235.0, 58.0, 117.0
944.0, 236.0, 58.0, 117.0
946.0, 235.0, 58.0, 117.0
946.0, 238.0, 58.0, 117.0
946.0, 237.0, 58.0, 117.0
946.0, 238.0, 58.0, 117.0
946.0, 237.0, 58.0, 117.0
944.0, 238.0, 58.0, 117.0
944.0, 237.0, 58.0, 117.0
944.0, 238.0, 58.0, 117.0
944.0, 237.0, 58.0, 117.0
942.0, 237.0, 58.0, 117.0
942.0, 237.0, 58.0, 117.0
942.0, 237.0, 58.0, 117.0
939.0, 237.0, 58.0, 117.0
940.0, 237.0, 58.0, 117.0
938.0, 237.0, 58.0, 117.0
938.0, 237.0, 58.0, 117.0
936.0, 237.0, 58.0, 117.0
934.0, 238.0, 58.0, 117.0
934.0, 237.0, 58.0, 117.0
932.0, 237.0, 58.0, 117.0
930.0, 236.0, 58.0, 117.0
930.0, 238.0, 58.0, 117.0
926.0, 236.0, 58.0, 117.0
925.0, 238.0, 58.0, 117.0
924.0, 236.0, 58.0, 117.0
921.0, 236.0, 58.0, 117.0
919.0, 235.0, 58.0, 117.0
918.0, 236.0, 58.0, 117.0
916.0, 235.0, 58.0, 117.0
913.0, 236.0, 58.0, 117.0
912.0, 235.0, 58.0, 117.0
910.0, 233.0, 58.0, 117.0
908.0, 233.0, 58.0, 117.0
906.0, 234.0, 58.0, 117.0
904.0, 232.0, 58.0, 117.0
902.0, 234.0, 58.0, 117.0
900.0, 231.0, 58.0, 117.0
898.0, 232.0, 58.0, 117.0
895.0, 230.0, 58.0, 117.0
893.0, 231.0, 58.0, 117.0
892.0, 231.0, 58.0, 117.0
889.0, 231.0, 58.0, 117.0
889.0, 230.0, 58.0, 117.0
888.0, 231.0, 58.0, 117.0
888.0, 230.0, 58.0, 117.0
886.0, 232.0, 58.0, 117.0
886.0, 230.0, 58.0, 117.0
885.0, 232.0, 58.0, 117.0
886.0, 230.0, 58.0, 117.0
885.0, 231.0, 58.0, 117.0
886.0, 230.0, 58.0, 117.0
885.0, 231.0, 58.0, 117.0
886.0, 230.0, 58.0, 117.0
884.0, 231.0, 58.0, 117.0
883.0, 230.0, 58.0, 117.0
883.0, 231.0, 58.0, 117.0
884.0, 231.0, 58.0, 117.0
884.0, 232.0, 58.0, 117.0
881.0, 231.0, 58.0, 117.0
882.0, 232.0, 58.0, 117.0
880.0, 230.0, 58.0, 117.0
881.0, 231.0, 58.0, 117.0
879.0, 230.0, 58.0, 117.0
880.0, 231.0, 58.0, 117.0
880.0, 231.0, 58.0, 117.0
880.0, 232.0, 58.0, 117.0
880.0, 230.0, 58.0, 117.0
880.0, 232.0, 58.0, 117.0
880.0, 230.0, 58.0, 117.0
878.0, 232.0, 58.0, 117.0
878.0, 231.0, 58.0, 117.0
878.0, 232.0, 58.0, 117.0
878.0, 231.0, 58.0, 117.0
878.0, 232.0, 58.0, 117.0
878.0, 230.0, 58.0, 117.0
878.0, 232.0, 58.0, 117.0
878.0, 230.0, 58.0, 117.0
878.0, 231.0, 58.0, 117.0
878.0, 230.0, 58.0, 117.0
878.0, 232.0, 58.0, 117.0
878.0, 230.0, 58.0, 117.0
878.0, 232.0, 58.0, 117.0
878.0, 230.0, 58.0, 117.0
878.0, 231.0, 58.0, 117.0
878.0, 230.0, 58.0, 117.0
879.0, 232.0, 58.0, 117.0
878.0, 230.0, 58.0, 117.0
879.0, 232.0, 58.0, 117.0
878.0, 231.0, 58.0, 117.0
879.0, 232.0, 58.0, 117.0
878.0, 231.0, 58.0, 117.0
879.0, 232.0, 58.0, 117.0
879.0, 231.0, 58.0, 117.0
879.0, 232.0, 58.0, 117.0
881.0, 231.0, 58.0, 117.0
881.0, 232.0, 58.0, 117.0
880.0, 230.0, 58.0, 117.0
881.0, 232.0, 58.0, 117.0
881.0, 231.0, 58.0, 117.0
881.0, 232.0, 58.0, 117.0
881.0, 231.0, 58.0, 117.0
883.0, 232.0, 58.0, 117.0
883.0, 231.0, 58.0, 117.0
883.0, 232.0, 58.0, 117.0
883.0, 230.0, 58.0, 117.0
883.0, 232.0, 58.0, 117.0
883.0, 231.0, 58.0, 117.0
883.0, 232.0, 58.0, 117.0
882.0, 231.0, 58.0, 117.0
882.0, 231.0, 58.0, 117.0
882.0, 231.0, 58.0, 117.0
882.0, 232.0, 58.0, 117.0
882.0, 231.0, 58.0, 117.0
882.0, 231.0, 58.0, 117.0
882.0, 230.0, 58.0, 117.0
882.0, 232.0, 58.0, 117.0
