8.0, 491.0, 105.0, 154.0
25.0, 481.0, 105.0, 154.0
41.0, 468.0, 105.0, 154.0
0.0, 0.0, 0.0, 0.0
0.0, 0.0, 0.0, 0.0
0.0, 0.0, 0.0, 0.0
0.0, 0.0, 0.0, 0.0
0.0, 0.0, 0.0, 0.0
0.0, 0.0, 0.0, 0.0
0.0, 0.0, 0.0, 0.0
43.0, 470.0, 105.0, 154.0
32.0, 480.0, 105.0, 154.0
0.0, 0.0, 0.0, 0.0
37.0, 471.0, 105.0, 154.0
0.0, 0.0, 0.0, 0.0
40.0, 476.0, 105.0, 154.0
0.0, 0.0, 0.0, 0.0
35.0, 476.0, 105.0, 154.0
0.0, 0.0, 0.0, 0.0
0.0, 0.0, 0.0, 0.0
0.0, 0.0, 0.0, 0.0
0.0, 0.0, 0.0, 0.0
0.0, 0.0, 0.0, 0.0
0.0, 0.0, 0.0, 0.0
0.0, 0.0, 0.0, 0.0
0.0, 0.0, 0.0, 0.0
0.0, 0.0, 0.0, 0.0
0.0, 0.0, 0.0, 0.0
0.0, 0.0, 0.0, 0.0
0.0, 0.0, 0.0, 0.0
0.0, 0.0, 0.0, 0.0
0.0, 0.0, 0.0, 0.0
0.0, 0.0, 0.0, 0.0
0.0, 0.0, 0.0, 0.0
0.0, 0.0, 0.0, 0.0
0.0, 0.0, 0.0, 0.0
0.0, 0.0, 0.0, 0.0
0.0, 0.0, 0.0, 0.0
0.0, 0.0, 0.0, 0.0
0.0, 0.0, 0.0, 0.0
0.0, 0.0, 0.0, 0.0
0.0, 0.0, 0.0, 0.0
0.0, 0.0, 0.0, 0.0
0.0, 0.0, 0.0, 0.0
0.0, 0.0, 0.0, 0.0
0.0, 0.0, 0.0, 0.0
0.0, 0.0, 0.0, 0.0
0.0, 0.0, 0.0, 0.0
38.0, 475.0, 105.0, 154.0
0.0, 0.0, 0.0, 0.0
38.0, 480.0, 105.0, 154.0
32.0, 473.0, 105.0, 154.0
0.0, 0.0, 0.0, 0.0
36.0, 472.0, 105.0, 154.0
0.0, 0.0, 0.0, 0.0
0.0, 0.0, 0.0, 0.0
0.0, 0.0, 0.0, 0.0
0.0, 0.0, 0.0, 0.0
0.0, 0.0, 0.0, 0.0
0.0, 0.0, 0.0, 0.0
0.0, 0.0, 0.0, 0.0
23.0, 476.0, 105.0, 154.0
21.0, 476.0, 105.0, 154.0
0.0, 0.0, 0.0, 0.0
0.0, 0.0, 0.0, 0.0
0.0, 0.0, 0.0, 0.0
25.0, 476.0, 105.0, 154.0
17.0, 478.0, 105.0, 154.0
0.0, 0.0, 0.0, 0.0
26.0, 476.0, 105.0, 154.0
2.0, 484.0, 105.0, 154.0
0.0, 0.0, 0.0, 0.0
26.0, 476.0, 105.0, 154.0
7.0, 481.0, 105.0, 154.0
19.0, 485.0, 105.0, 154.0
0.0, 0.0, 0.0, 0.0
33.0, 481.0, 105.0, 154.0
0.0, 0.0, 0.0, 0.0
37.0, 483.0, 105.0, 154.0
31.0, 482.0, 105.0, 154.0
26.0, 489.0, 105.0, 154.0
0.0, 0.0, 0.0, 0.0
34.0, 486.0, 105.0, 154.0
30.0, 487.0, 105.0, 154.0
24.0, 491.0, 105.0, 154.0
22.0, 492.0, 105.0, 154.0
20.0, 489.0, 105.0, 154.0
23.0, 493.0, 105.0, 154.0
19.0, 487.0, 105.0, 154.0
28.0, 488.0, 105.0, 154.0
23.0, 489.0, 105.0, 154.0
23.0, 491.0, 105.0, 154.0
28.0, 492.0, 105.0, 154.0
41.0, 487.0, 105.0, 154.0
34.0, 484.0, 105.0, 154.0
35.0, 490.0, 105.0, 154.0
34.0, 491.0, 105.0, 154.0
39.0, 493.0, 105.0, 154.0
26.0, 491.0, 105.0, 154.0
40.0, 494.0, 105.0, 154.0
31.0, 493.0, 105.0, 154.0
29.0, 502.0, 105.0, 154.0
23.0, 502.0, 105.0, 154.0
24.0, 505.0, 105.0, 154.0
27.0, 504.0, 105.0, 154.0
29.0, 502.0, 105.0, 154.0
23.0, 506.0, 105.0, 154.0
25.0, 506.0, 105.0, 154.0
23.0, 505.0, 105.0, 154.0
28.0, 503.0, 105.0, 154.0
22.0, 505.0, 105.0, 154.0
27.0, 500.0, 105.0, 154.0
29.0, 505.0, 105.0, 154.0
14.0, 509.0, 105.0, 154.0
31.0, 505.0, 105.0, 154.0
27.0, 511.0, 105.0, 154.0
25.0, 507.0, 105.0, 154.0
28.0, 512.0, 105.0, 154.0
25.0, 511.0, 105.0, 154.0
21.0, 516.0, 105.0, 154.0
27.0, 510.0, 105.0, 154.0
17.0, 514.0, 105.0, 154.0
30.0, 519.0, 105.0, 154.0
24.0, 518.0, 105.0, 154.0
26.0, 519.0, 105.0, 154.0
25.0, 520.0, 105.0, 154.0
18.0, 528.0, 105.0, 154.0
14.0, 538.0, 105.0, 154.0
22.0, 540.0, 105.0, 154.0
15.0, 539.0, 105.0, 154.0
12.0, 548.0, 105.0, 154.0
3.0, 556.0, 105.0, 154.0
6.0, 552.0, 105.0, 154.0
10.0, 558.0, 105.0, 154.0
5.0, 561.0, 105.0, 154.0
7.0, 567.0, 105.0, 154.0
7.0, 572.0, 105.0, 154.0
10.0, 575.0, 105.0, 154.0
12.0, 571.0, 105.0, 154.0
21.0, 569.0, 105.0, 154.0
-10.0, 588.0, 105.0, 154.0
14.0, 585.0, 105.0, 154.0
22.0, 588.0, 105.0, 154.0
41.0, 572.0, 105.0, 154.0
23.0, 589.0, 105.0, 154.0
37.0, 592.0, 105.0, 154.0
40.0, 597.0, 105.0, 154.0
58.0, 586.0, 105.0, 154.0
43.0, 599.0, 105.0, 154.0
47.0, 599.0, 105.0, 154.0
61.0, 604.0, 105.0, 154.0
63.0, 606.0, 105.0, 154.0
84.0, 599.0, 105.0, 154.0
84.0, 604.0, 105.0, 154.0
83.0, 607.0, 105.0, 154.0
82.0, 613.0, 105.0, 154.0
133.0, 576.0, 105.0, 154.0
107.0, 613.0, 105.0, 154.0
119.0, 607.0, 105.0, 154.0
141.0, 586.0, 105.0, 154.0
121.0, 619.0, 105.0, 154.0
127.0, 612.0, 105.0, 154.0
139.0, 616.0, 105.0, 154.0
133.0, 629.0, 105.0, 154.0
138.0, 625.0, 105.0, 154.0
137.0, 628.0, 105.0, 154.0
144.0, 629.0, 105.0, 154.0
162.0, 627.0, 105.0, 154.0
160.0, 638.0, 105.0, 154.0
167.0, 643.0, 105.0, 154.0
167.0, 639.0, 105.0, 154.0
170.0, 648.0, 105.0, 154.0
149.0, 667.0, 105.0, 154.0
165.0, 657.0, 105.0, 154.0
157.0, 671.0, 105.0, 154.0
140.0, 682.0, 105.0, 154.0
156.0, 670.0, 105.0, 154.0
152.0, 672.0, 105.0, 154.0
141.0, 695.0, 105.0, 154.0
126.0, 703.0, 105.0, 154.0
127.0, 712.0, 105.0, 154.0
149.0, 684.0, 105.0, 154.0
155.0, 683.0, 105.0, 154.0
145.0, 688.0, 105.0, 154.0
117.0, 718.0, 105.0, 154.0
91.0, 748.0, 105.0, 154.0
136.0, 702.0, 105.0, 154.0
109.0, 733.0, 105.0, 154.0
94.0, 749.0, 105.0, 154.0
82.0, 757.0, 105.0, 154.0
87.0, 749.0, 105.0, 154.0
82.0, 754.0, 105.0, 154.0
65.0, 777.0, 105.0, 154.0
89.0, 759.0, 105.0, 154.0
73.0, 774.0, 105.0, 154.0
61.0, 803.0, 105.0, 154.0
32.0, 830.0, 105.0, 154.0
66.0, 782.0, 105.0, 154.0
69.0, 803.0, 105.0, 154.0
63.0, 799.0, 105.0, 154.0
71.0, 813.0, 105.0, 154.0
75.0, 819.0, 105.0, 154.0
62.0, 823.0, 105.0, 154.0
68.0, 829.0, 105.0, 154.0
68.0, 834.0, 105.0, 154.0
69.0, 836.0, 105.0, 154.0
66.0, 843.0, 105.0, 154.0
70.0, 840.0, 105.0, 154.0
65.0, 848.0, 105.0, 154.0
65.0, 857.0, 105.0, 154.0
65.0, 865.0, 105.0, 154.0
65.0, 863.0, 105.0, 154.0
68.0, 866.0, 105.0, 154.0
67.0, 871.0, 105.0, 154.0
70.0, 869.0, 105.0, 154.0
60.0, 886.0, 105.0, 154.0
61.0, 884.0, 105.0, 154.0
61.0, 891.0, 105.0, 154.0
51.0, 899.0, 105.0, 154.0
55.0, 903.0, 105.0, 154.0
60.0, 901.0, 105.0, 154.0
61.0, 892.0, 105.0, 154.0
44.0, 912.0, 105.0, 154.0
57.0, 900.0, 105.0, 154.0
51.0, 920.0, 105.0, 154.0
50.0, 915.0, 105.0, 154.0
47.0, 927.0, 105.0, 154.0
41.0, 941.0, 105.0, 154.0
42.0, 942.0, 105.0, 154.0
43.0, 948.0, 105.0, 154.0
38.0, 955.0, 105.0, 154.0
44.0, 938.0, 105.0, 154.0
35.0, 959.0, 105.0, 154.0
43.0, 940.0, 105.0, 154.0
33.0, 970.0, 105.0, 154.0
31.0, 974.0, 105.0, 154.0
38.0, 956.0, 105.0, 154.0
21.0, 990.0, 105.0, 154.0
50.0, 950.0, 105.0, 154.0
14.0, 990.0, 105.0, 154.0
16.0, 991.0, 105.0, 154.0
25.0, 967.0, 105.0, 154.0
26.0, 979.0, 105.0, 154.0
8.0, 1016.0, 105.0, 154.0
21.0, 994.0, 105.0, 154.0
38.0, 982.0, 105.0, 154.0
26.0, 1005.0, 105.0, 154.0
30.0, 1000.0, 105.0, 154.0
18.0, 1036.0, 105.0, 154.0
13.0, 1019.0, 105.0, 154.0
9.0, 1039.0, 105.0, 154.0
-2.0, 1051.0, 105.0, 154.0
5.0, 1061.0, 105.0, 154.0
0.0, 0.0, 0.0, 0.0
0.0, 0.0, 0.0, 0.0
0.0, 0.0, 0.0, 0.0
20.0, 1037.0, 105.0, 154.0
21.0, 1021.0, 105.0, 154.0
22.0, 1030.0, 105.0, 154.0
2.0, 1043.0, 105.0, 154.0
0.0, 0.0, 0.0, 0.0
0.0, 0.0, 0.0, 0.0
0.0, 0.0, 0.0, 0.0
0.0, 0.0, 0.0, 0.0
0.0, 0.0, 0.0, 0.0
0.0, 0.0, 0.0, 0.0
9.0, 1040.0, 105.0, 154.0
-2.0, 1044.0, 105.0, 154.0
13.0, 1015.0, 105.0, 154.0
15.0, 1015.0, 105.0, 154.0
-7.0, 1044.0, 105.0, 154.0
5.0, 1024.0, 105.0, 154.0
-17.0, 1036.0, 105.0, 154.0
-12.0, 1035.0, 105.0, 154.0
-7.0, 1046.0, 105.0, 154.0
-13.0, 1040.0, 105.0, 154.0
-14.0, 1043.0, 105.0, 154.0
5.0, 1020.0, 105.0, 154.0
-19.0, 1043.0, 105.0, 154.0
-10.0, 1041.0, 105.0, 154.0
-5.0, 1023.0, 105.0, 154.0
1.0, 1019.0, 105.0, 154.0
2.0, 1017.0, 105.0, 154.0
-9.0, 1037.0, 105.0, 154.0
-18.0, 1043.0, 105.0, 154.0
-16.0, 1040.0, 105.0, 154.0
-11.0, 1038.0, 105.0, 154.0
0.0, 1010.0, 105.0, 154.0
-5.0, 1016.0, 105.0, 154.0
-12.0, 1033.0, 105.0, 154.0
30.0, 995.0, 105.0, 154.0
-13.0, 1030.0, 105.0, 154.0
3.0, 1019.0, 105.0, 154.0
-15.0, 1037.0, 105.0, 154.0
-16.0, 1032.0, 105.0, 154.0
-7.0, 1031.0, 105.0, 154.0
-5.0, 1013.0, 105.0, 154.0
-28.0, 1030.0, 105.0, 154.0
-16.0, 1036.0, 105.0, 154.0
-27.0, 1051.0, 105.0, 154.0
-2.0, 1018.0, 105.0, 154.0
-9.0, 1031.0, 105.0, 154.0
7.0, 1005.0, 105.0, 154.0
16.0, 986.0, 105.0, 154.0
0.0, 1020.0, 105.0, 154.0
-7.0, 1034.0, 105.0, 154.0
-17.0, 1048.0, 105.0, 154.0
-13.0, 1044.0, 105.0, 154.0
-11.0, 1044.0, 105.0, 154.0
-5.0, 1036.0, 105.0, 154.0
-9.0, 1045.0, 105.0, 154.0
-16.0, 1067.0, 105.0, 154.0
4.0, 1026.0, 105.0, 154.0
18.0, 994.0, 105.0, 154.0
-7.0, 1043.0, 105.0, 154.0
-20.0, 1057.0, 105.0, 154.0
24.0, 992.0, 105.0, 154.0
-22.0, 1060.0, 105.0, 154.0
-1.0, 1024.0, 105.0, 154.0
0.0, 1015.0, 105.0, 154.0
-8.0, 1041.0, 105.0, 154.0
-7.0, 1039.0, 105.0, 154.0
-10.0, 1038.0, 105.0, 154.0
-7.0, 1037.0, 105.0, 154.0
-12.0, 1047.0, 105.0, 154.0
-26.0, 1067.0, 105.0, 154.0
-2.0, 1026.0, 105.0, 154.0
-5.0, 1036.0, 105.0, 154.0
-41.0, 1052.0, 105.0, 154.0
-24.0, 1051.0, 105.0, 154.0
-16.0, 1014.0, 105.0, 154.0
-24.0, 1033.0, 105.0, 154.0
