862.0,316.0,24.0,50.0
861.0,318.0,24.0,49.0
855.0,319.0,24.0,49.0
852.0,318.0,24.0,50.0
848.0,319.0,24.0,49.0
846.0,324.0,24.0,49.0
843.0,324.0,24.0,49.0
841.0,325.0,25.0,49.0
837.0,325.0,24.0,48.0
831.0,326.0,23.0,46.0
828.0,328.0,23.0,46.0
826.0,329.0,23.0,46.0
824.0,331.0,23.0,45.0
820.0,331.0,24.0,47.0
813.0,331.0,24.0,47.0
809.0,332.0,24.0,48.0
803.0,335.0,24.0,48.0
803.0,334.0,25.0,50.0
799.0,338.0,25.0,50.0
797.0,339.0,24.0,47.0
791.0,339.0,23.0,46.0
787.0,340.0,22.0,44.0
783.0,340.0,22.0,44.0
780.0,342.0,22.0,44.0
777.0,345.0,23.0,45.0
774.0,344.0,23.0,46.0
770.0,345.0,23.0,46.0
764.0,345.0,24.0,46.0
758.0,345.0,24.0,47.0
754.0,348.0,24.0,46.0
754.0,348.0,24.0,46.0
750.0,350.0,25.0,47.0
749.0,354.0,24.0,45.0
743.0,353.0,24.0,45.0
738.0,352.0,25.0,47.0
734.0,355.0,25.0,47.0
732.0,356.0,25.0,47.0
731.0,357.0,25.0,47.0
726.0,358.0,25.0,48.0
721.0,359.0,26.0,49.0
712.0,359.0,25.0,48.0
705.0,359.0,26.0,49.0
699.0,363.0,26.0,49.0
696.0,364.0,26.0,49.0
692.0,367.0,26.0,49.0
684.0,368.0,26.0,49.0
677.0,368.0,25.0,48.0
670.0,369.0,25.0,48.0
663.0,372.0,25.0,48.0
659.0,374.0,25.0,48.0
654.0,376.0,25.0,48.0
647.0,377.0,25.0,48.0
640.0,377.0,25.0,47.0
632.0,378.0,24.0,46.0
625.0,381.0,25.0,47.0
620.0,383.0,25.0,47.0
614.0,386.0,25.0,47.0
610.0,387.0,25.0,48.0
603.0,387.0,25.0,49.0
596.0,387.0,25.0,49.0
590.0,388.0,25.0,48.0
583.0,389.0,25.0,48.0
578.0,392.0,25.0,49.0
574.0,393.0,25.0,49.0
569.0,395.0,25.0,48.0
562.0,396.0,25.0,47.0
556.0,397.0,25.0,47.0
550.0,397.0,25.0,47.0
544.0,399.0,25.0,47.0
539.0,400.0,24.0,47.0
533.0,403.0,24.0,47.0
526.0,405.0,24.0,48.0
520.0,405.0,24.0,48.0
508.0,406.0,24.0,48.0
495.0,408.0,24.0,49.0
481.0,411.0,24.0,49.0
466.0,415.0,24.0,49.0
453.0,416.0,24.0,49.0
439.0,420.0,24.0,48.0
424.0,422.0,24.0,48.0
410.0,424.0,24.0,48.0
395.0,427.0,24.0,48.0
381.0,431.0,24.0,48.0
367.0,433.0,24.0,48.0
353.0,436.0,24.0,48.0
339.0,439.0,24.0,48.0
326.0,442.0,24.0,48.0
313.0,445.0,24.0,48.0
300.0,448.0,24.0,48.0
288.0,452.0,24.0,48.0
274.0,455.0,24.0,48.0
261.0,458.0,24.0,48.0
249.0,462.0,24.0,48.0
236.0,464.0,25.0,48.0
225.0,467.0,25.0,48.0
214.0,469.0,25.0,48.0
203.0,473.0,25.0,48.0
192.0,476.0,25.0,48.0
181.0,479.0,25.0,48.0
21.0,60.0,4.0,6.0
156.0,479.0,40.0,57.0
148.0,481.0,41.0,58.0
143.0,485.0,39.0,56.0
139.0,484.0,41.0,58.0
138.0,485.0,42.0,59.0
138.0,486.0,41.0,59.0
138.0,486.0,43.0,60.0
139.0,485.0,44.0,62.0
141.0,485.0,44.0,63.0
144.0,485.0,44.0,62.0
145.0,484.0,45.0,64.0
148.0,485.0,44.0,62.0
152.0,484.0,44.0,63.0
154.0,484.0,44.0,63.0
158.0,483.0,44.0,63.0
161.0,483.0,44.0,63.0
165.0,482.0,43.0,63.0
168.0,481.0,43.0,63.0
172.0,483.0,43.0,62.0
176.0,483.0,43.0,62.0
180.0,483.0,41.0,59.0
182.0,484.0,40.0,58.0
183.0,484.0,40.0,57.0
183.0,483.0,40.0,57.0
183.0,484.0,39.0,56.0
184.0,486.0,39.0,56.0
184.0,487.0,39.0,56.0
184.0,488.0,38.0,54.0
184.0,488.0,38.0,54.0
184.0,488.0,39.0,56.0
184.0,489.0,38.0,54.0
184.0,489.0,38.0,54.0
184.0,491.0,38.0,53.0
185.0,493.0,38.0,54.0
184.0,493.0,38.0,54.0
183.0,494.0,38.0,54.0
185.0,494.0,37.0,52.0
186.0,495.0,37.0,52.0
187.0,493.0,38.0,53.0
189.0,494.0,38.0,54.0
192.0,496.0,38.0,53.0
195.0,496.0,38.0,53.0
198.0,496.0,38.0,53.0
200.0,495.0,38.0,54.0
202.0,494.0,39.0,56.0
204.0,494.0,39.0,56.0
207.0,494.0,39.0,56.0
210.0,494.0,39.0,56.0
212.0,494.0,38.0,54.0
213.0,494.0,39.0,56.0
216.0,494.0,38.0,54.0
218.0,494.0,39.0,56.0
219.0,494.0,39.0,56.0
221.0,495.0,39.0,56.0
221.0,496.0,38.0,54.0
222.0,497.0,39.0,56.0
222.0,497.0,39.0,56.0
222.0,497.0,39.0,56.0
222.0,498.0,39.0,56.0
222.0,499.0,39.0,56.0
222.0,500.0,39.0,56.0
221.0,502.0,39.0,56.0
220.0,503.0,40.0,57.0
220.0,504.0,40.0,57.0
220.0,505.0,39.0,56.0
219.0,508.0,38.0,54.0
218.0,510.0,38.0,53.0
218.0,512.0,38.0,53.0
216.0,515.0,38.0,54.0
213.0,516.0,38.0,54.0
212.0,518.0,39.0,56.0
210.0,521.0,38.0,54.0
208.0,521.0,38.0,54.0
206.0,523.0,39.0,54.0
202.0,524.0,39.0,54.0
198.0,525.0,40.0,54.0
193.0,527.0,40.0,55.0
188.0,531.0,40.0,55.0
183.0,533.0,40.0,55.0
178.0,537.0,38.0,53.0
174.0,540.0,37.0,52.0
170.0,543.0,37.0,53.0
167.0,545.0,37.0,53.0
163.0,545.0,37.0,53.0
160.0,546.0,37.0,53.0
157.0,547.0,38.0,54.0
153.0,549.0,38.0,54.0
150.0,551.0,38.0,54.0
147.0,553.0,38.0,54.0
144.0,554.0,38.0,54.0
141.0,554.0,38.0,54.0
138.0,555.0,38.0,54.0
135.0,557.0,37.0,53.0
133.0,559.0,37.0,53.0
131.0,560.0,37.0,53.0
129.0,563.0,37.0,53.0
126.0,564.0,37.0,53.0
124.0,565.0,37.0,53.0
123.0,566.0,37.0,54.0
15.0,70.0,3.0,6.0
117.0,561.0,36.0,64.0
115.0,562.0,36.0,64.0
115.0,564.0,35.0,64.0
114.0,564.0,35.0,64.0
113.0,565.0,36.0,64.0
110.0,566.0,36.0,64.0
110.0,567.0,36.0,64.0
109.0,567.0,36.0,64.0
107.0,569.0,35.0,61.0
108.0,572.0,33.0,58.0
107.0,572.0,33.0,58.0
104.0,571.0,34.0,60.0
104.0,572.0,34.0,60.0
102.0,572.0,34.0,60.0
101.0,574.0,35.0,61.0
99.0,574.0,35.0,61.0
98.0,575.0,36.0,62.0
96.0,576.0,35.0,61.0
94.0,577.0,34.0,60.0
93.0,579.0,35.0,61.0
91.0,580.0,34.0,60.0
90.0,580.0,35.0,61.0
90.0,581.0,36.0,62.0
88.0,581.0,36.0,63.0
88.0,582.0,36.0,63.0
88.0,585.0,36.0,62.0
88.0,586.0,36.0,63.0
88.0,587.0,36.0,63.0
87.0,587.0,38.0,65.0
87.0,588.0,38.0,65.0
86.0,589.0,38.0,65.0
86.0,589.0,38.0,67.0
86.0,591.0,39.0,68.0
87.0,593.0,38.0,67.0
88.0,594.0,38.0,65.0
88.0,594.0,39.0,68.0
90.0,595.0,39.0,68.0
89.0,596.0,39.0,68.0
89.0,597.0,39.0,69.0
89.0,597.0,39.0,69.0
89.0,598.0,40.0,70.0
90.0,599.0,40.0,70.0
91.0,602.0,40.0,70.0
91.0,603.0,40.0,70.0
92.0,605.0,39.0,69.0
93.0,605.0,39.0,69.0
94.0,605.0,40.0,70.0
96.0,609.0,39.0,69.0
98.0,610.0,38.0,67.0
99.0,611.0,38.0,65.0
100.0,612.0,38.0,65.0
100.0,612.0,38.0,65.0
100.0,613.0,38.0,65.0
103.0,613.0,38.0,65.0
104.0,615.0,37.0,64.0
107.0,615.0,37.0,64.0
109.0,615.0,37.0,64.0
111.0,615.0,38.0,65.0
112.0,615.0,38.0,65.0
113.0,616.0,38.0,65.0
115.0,617.0,37.0,64.0
117.0,618.0,37.0,64.0
119.0,618.0,37.0,64.0
121.0,619.0,36.0,62.0
123.0,619.0,36.0,63.0
126.0,620.0,36.0,63.0
129.0,621.0,36.0,63.0
131.0,621.0,36.0,62.0
133.0,620.0,36.0,64.0
135.0,620.0,36.0,64.0
136.0,619.0,37.0,65.0
139.0,619.0,37.0,65.0
139.0,619.0,37.0,65.0
142.0,620.0,37.0,65.0
142.0,623.0,36.0,64.0
144.0,624.0,36.0,64.0
145.0,624.0,36.0,64.0
147.0,625.0,36.0,64.0
149.0,623.0,37.0,65.0
151.0,623.0,38.0,66.0
153.0,625.0,38.0,66.0
153.0,625.0,38.0,66.0
154.0,626.0,37.0,65.0
154.0,625.0,37.0,65.0
155.0,625.0,36.0,64.0
159.0,625.0,36.0,64.0
160.0,626.0,36.0,64.0
162.0,627.0,36.0,64.0
162.0,628.0,36.0,64.0
163.0,627.0,36.0,64.0
164.0,627.0,36.0,64.0
165.0,626.0,36.0,64.0
167.0,625.0,37.0,65.0
169.0,625.0,37.0,65.0
172.0,626.0,37.0,65.0
175.0,626.0,38.0,66.0
176.0,626.0,38.0,66.0
178.0,624.0,38.0,66.0
180.0,623.0,38.0,66.0
23.0,78.0,4.0,7.0
186.0,622.0,44.0,68.0
192.0,621.0,45.0,69.0
196.0,623.0,44.0,68.0
199.0,620.0,45.0,71.0
206.0,619.0,45.0,71.0
213.0,618.0,46.0,71.0
216.0,617.0,46.0,71.0
219.0,615.0,49.0,76.0
222.0,616.0,47.0,73.0
227.0,614.0,49.0,76.0
236.0,614.0,47.0,73.0
241.0,612.0,49.0,75.0
246.0,612.0,47.0,73.0
250.0,610.0,49.0,75.0
251.0,609.0,50.0,76.0
256.0,610.0,50.0,76.0
254.0,604.0,50.0,76.0
256.0,602.0,49.0,74.0
278.0,607.0,49.0,74.0
283.0,607.0,49.0,74.0
284.0,606.0,50.0,76.0
289.0,606.0,50.0,75.0
296.0,606.0,50.0,75.0
300.0,602.0,51.0,78.0
304.0,598.0,54.0,82.0
309.0,597.0,54.0,82.0
313.0,599.0,53.0,81.0
319.0,599.0,53.0,81.0
323.0,600.0,52.0,80.0
330.0,598.0,53.0,81.0
334.0,596.0,53.0,81.0
338.0,594.0,54.0,82.0
342.0,594.0,53.0,81.0
345.0,593.0,53.0,81.0
348.0,594.0,53.0,81.0
353.0,595.0,52.0,80.0
356.0,596.0,50.0,76.0
360.0,597.0,49.0,74.0
364.0,598.0,47.0,71.0
367.0,597.0,47.0,71.0
370.0,599.0,47.0,71.0
373.0,599.0,48.0,73.0
375.0,600.0,48.0,73.0
380.0,600.0,48.0,73.0
385.0,597.0,50.0,75.0
390.0,596.0,50.0,75.0
394.0,595.0,50.0,75.0
399.0,595.0,50.0,75.0
404.0,596.0,50.0,75.0
409.0,596.0,50.0,75.0
413.0,596.0,50.0,76.0
417.0,594.0,50.0,76.0
422.0,591.0,50.0,75.0
428.0,592.0,50.0,75.0
432.0,593.0,50.0,75.0
437.0,593.0,50.0,75.0
442.0,594.0,50.0,75.0
447.0,593.0,50.0,75.0
452.0,591.0,50.0,75.0
456.0,590.0,50.0,76.0
461.0,590.0,51.0,78.0
466.0,590.0,51.0,78.0
470.0,589.0,52.0,80.0
474.0,589.0,52.0,80.0
476.0,587.0,53.0,81.0
476.0,591.0,53.0,81.0
477.0,588.0,53.0,81.0
476.0,590.0,54.0,82.0
476.0,593.0,55.0,84.0
476.0,594.0,54.0,82.0
477.0,592.0,53.0,82.0
478.0,596.0,53.0,82.0
477.0,595.0,54.0,84.0
522.0,581.0,54.0,84.0
527.0,582.0,54.0,84.0
532.0,585.0,53.0,82.0
538.0,585.0,53.0,82.0
543.0,583.0,53.0,82.0
548.0,582.0,53.0,82.0
551.0,580.0,54.0,84.0
555.0,579.0,54.0,84.0
560.0,579.0,54.0,84.0
566.0,581.0,53.0,82.0
571.0,581.0,53.0,82.0
576.0,581.0,53.0,82.0
581.0,577.0,53.0,82.0
586.0,575.0,53.0,82.0
592.0,574.0,54.0,84.0
596.0,574.0,54.0,84.0
600.0,575.0,54.0,84.0
604.0,576.0,54.0,84.0
610.0,577.0,54.0,84.0
614.0,574.0,54.0,84.0
619.0,573.0,54.0,84.0
622.0,573.0,54.0,84.0
628.0,573.0,54.0,84.0
634.0,575.0,53.0,82.0
640.0,575.0,52.0,80.0
644.0,575.0,52.0,80.0
81.0,72.0,4.0,6.0
654.0,575.0,36.0,61.0
661.0,577.0,34.0,57.0
665.0,577.0,34.0,56.0
671.0,578.0,32.0,55.0
674.0,576.0,33.0,55.0
677.0,574.0,34.0,57.0
678.0,569.0,37.0,62.0
682.0,568.0,36.0,61.0
686.0,567.0,36.0,61.0
689.0,567.0,36.0,61.0
693.0,566.0,37.0,62.0
695.0,565.0,39.0,63.0
696.0,562.0,38.0,62.0
700.0,561.0,38.0,62.0
703.0,561.0,36.0,61.0
704.0,559.0,36.0,61.0
707.0,557.0,39.0,63.0
708.0,557.0,39.0,63.0
711.0,554.0,39.0,66.0
712.0,552.0,39.0,63.0
716.0,552.0,39.0,63.0
717.0,551.0,38.0,62.0
719.0,550.0,39.0,63.0
720.0,549.0,39.0,66.0
722.0,548.0,39.0,66.0
725.0,547.0,39.0,65.0
726.0,546.0,39.0,65.0
728.0,543.0,39.0,65.0
730.0,543.0,39.0,65.0
732.0,542.0,39.0,66.0
732.0,542.0,39.0,65.0
734.0,543.0,39.0,63.0
735.0,542.0,39.0,65.0
736.0,539.0,39.0,63.0
739.0,540.0,38.0,62.0
739.0,538.0,37.0,62.0
740.0,539.0,37.0,62.0
743.0,539.0,37.0,62.0
743.0,539.0,37.0,62.0
744.0,539.0,37.0,62.0
745.0,539.0,37.0,62.0
745.0,536.0,37.0,62.0
745.0,535.0,39.0,63.0
745.0,535.0,39.0,65.0
746.0,535.0,39.0,63.0
747.0,535.0,39.0,63.0
748.0,534.0,39.0,63.0
748.0,533.0,39.0,63.0
749.0,533.0,38.0,62.0
748.0,533.0,39.0,63.0
749.0,534.0,38.0,62.0
749.0,534.0,38.0,62.0
751.0,534.0,38.0,62.0
750.0,534.0,38.0,62.0
752.0,534.0,38.0,62.0
751.0,534.0,37.0,62.0
752.0,533.0,38.0,62.0
751.0,533.0,38.0,62.0
752.0,533.0,39.0,63.0
751.0,533.0,38.0,62.0
753.0,534.0,38.0,62.0
751.0,535.0,38.0,62.0
752.0,535.0,39.0,63.0
751.0,537.0,38.0,62.0
751.0,537.0,38.0,62.0
750.0,538.0,39.0,63.0
750.0,538.0,39.0,63.0
751.0,538.0,39.0,65.0
751.0,538.0,39.0,63.0
755.0,541.0,37.0,62.0
758.0,541.0,36.0,61.0
759.0,542.0,36.0,59.0
762.0,543.0,36.0,59.0
765.0,544.0,36.0,59.0
768.0,543.0,36.0,61.0
771.0,544.0,36.0,59.0
775.0,544.0,36.0,59.0
778.0,544.0,36.0,59.0
781.0,545.0,36.0,59.0
784.0,544.0,36.0,61.0
787.0,545.0,37.0,62.0
790.0,546.0,37.0,62.0
793.0,548.0,37.0,62.0
795.0,549.0,38.0,62.0
799.0,549.0,38.0,62.0
803.0,550.0,38.0,62.0
807.0,551.0,38.0,62.0
811.0,554.0,37.0,62.0
816.0,553.0,37.0,62.0
821.0,555.0,37.0,62.0
827.0,555.0,37.0,62.0
831.0,556.0,37.0,62.0
837.0,556.0,37.0,62.0
842.0,558.0,36.0,61.0
847.0,558.0,36.0,61.0
853.0,559.0,36.0,61.0
857.0,560.0,36.0,61.0
863.0,560.0,36.0,61.0
870.0,560.0,36.0,61.0
110.0,70.0,4.0,6.0
883.0,559.0,37.0,64.0
889.0,559.0,38.0,65.0
894.0,560.0,38.0,65.0
900.0,561.0,38.0,65.0
906.0,561.0,39.0,68.0
912.0,561.0,39.0,69.0
917.0,565.0,39.0,68.0
925.0,566.0,38.0,67.0
932.0,566.0,38.0,68.0
939.0,570.0,37.0,65.0
946.0,570.0,36.0,64.0
954.0,574.0,35.0,61.0
961.0,573.0,35.0,63.0
969.0,577.0,35.0,61.0
976.0,577.0,35.0,61.0
984.0,581.0,33.0,58.0
992.0,579.0,33.0,59.0
999.0,581.0,35.0,61.0
1004.0,582.0,35.0,63.0
1012.0,584.0,35.0,63.0
1019.0,585.0,35.0,63.0
1027.0,587.0,35.0,63.0
1033.0,589.0,35.0,63.0
1041.0,590.0,35.0,63.0
1048.0,592.0,36.0,64.0
1056.0,595.0,35.0,61.0
1063.0,596.0,35.0,63.0
1069.0,597.0,36.0,64.0
1075.0,599.0,36.0,64.0
1083.0,601.0,36.0,64.0
1091.0,603.0,36.0,64.0
1098.0,606.0,36.0,64.0
1104.0,607.0,37.0,65.0
1113.0,609.0,37.0,65.0
1120.0,612.0,37.0,65.0
1126.0,614.0,38.0,67.0
1134.0,616.0,38.0,67.0
1141.0,619.0,37.0,65.0
1149.0,621.0,38.0,67.0
1156.0,623.0,38.0,66.0
1162.0,625.0,39.0,68.0
1169.0,627.0,39.0,68.0
1174.0,629.0,41.0,71.0
1180.0,631.0,39.0,68.0
1183.0,633.0,40.0,70.0
1186.0,635.0,40.0,68.0
1185.0,636.0,41.0,71.0
1187.0,637.0,39.0,67.0
1187.0,640.0,39.0,68.0
1188.0,641.0,38.0,67.0
1188.0,642.0,39.0,68.0
1189.0,644.0,38.0,67.0
1189.0,646.0,38.0,66.0
1189.0,647.0,38.0,67.0
1189.0,648.0,38.0,67.0
1189.0,649.0,39.0,68.0
1190.0,650.0,39.0,68.0
1190.0,652.0,38.0,67.0
1190.0,653.0,39.0,68.0
1190.0,654.0,38.0,67.0
1190.0,656.0,38.0,66.0
1190.0,657.0,38.0,67.0
1191.0,658.0,38.0,67.0
1192.0,660.0,38.0,66.0
1192.0,662.0,38.0,67.0
1191.0,662.0,41.0,71.0
1191.0,664.0,39.0,68.0
1192.0,665.0,41.0,71.0
1193.0,666.0,42.0,72.0
1194.0,669.0,42.0,72.0
1197.0,671.0,41.0,71.0
1198.0,672.0,43.0,73.0
1202.0,676.0,41.0,71.0
1202.0,677.0,43.0,73.0
1203.0,679.0,44.0,76.0
1207.0,680.0,43.0,76.0
1210.0,682.0,43.0,74.0
1215.0,685.0,41.0,71.0
1216.0,688.0,42.0,73.0
1221.0,690.0,42.0,73.0
1225.0,693.0,40.0,71.0
1228.0,695.0,38.0,68.0
1232.0,698.0,38.0,67.0
1236.0,701.0,37.0,65.0
1239.0,703.0,37.0,65.0
1243.0,704.0,37.0,65.0
1244.0,707.0,38.0,67.0
1248.0,708.0,39.0,69.0
1248.0,711.0,41.0,71.0
1253.0,713.0,39.0,69.0
1258.0,716.0,38.0,67.0
1262.0,719.0,37.0,65.0
1263.0,720.0,39.0,69.0
1267.0,722.0,38.0,68.0
1271.0,725.0,38.0,67.0
1274.0,727.0,39.0,67.0
1275.0,730.0,38.0,68.0
1279.0,731.0,40.0,70.0
1284.0,734.0,38.0,67.0
171.0,94.0,4.0,6.0
1373.0,753.0,36.0,63.0
1378.0,757.0,35.0,61.0
1383.0,760.0,36.0,61.0
1382.0,759.0,36.0,63.0
1388.0,763.0,36.0,61.0
1393.0,766.0,36.0,62.0
1398.0,769.0,36.0,64.0
1403.0,772.0,38.0,66.0
1408.0,777.0,38.0,66.0
1416.0,780.0,37.0,66.0
1421.0,784.0,38.0,68.0
1425.0,786.0,40.0,72.0
1430.0,789.0,40.0,72.0
1437.0,794.0,39.0,70.0
1443.0,798.0,40.0,72.0
1450.0,802.0,39.0,70.0
1456.0,805.0,41.0,73.0
1462.0,809.0,40.0,72.0
1468.0,812.0,41.0,73.0
1472.0,814.0,43.0,76.0
1478.0,819.0,43.0,77.0
1483.0,822.0,44.0,78.0
1489.0,826.0,45.0,80.0
1496.0,829.0,45.0,80.0
1501.0,832.0,46.0,82.0
1505.0,837.0,46.0,82.0
1506.0,837.0,48.0,84.0
1507.0,839.0,48.0,84.0
1509.0,841.0,47.0,82.0
1508.0,842.0,49.0,86.0
1508.0,842.0,50.0,88.0
1508.0,844.0,50.0,89.0
1511.0,847.0,50.0,88.0
1511.0,850.0,49.0,86.0
1512.0,854.0,48.0,84.0
1513.0,853.0,48.0,84.0
1513.0,855.0,49.0,86.0
1514.0,855.0,49.0,86.0
1514.0,855.0,49.0,86.0
1516.0,857.0,47.0,82.0
1517.0,859.0,46.0,81.0
1518.0,860.0,47.0,82.0
1518.0,859.0,48.0,84.0
1520.0,860.0,48.0,84.0
1520.0,861.0,48.0,84.0
