885,377,25,48
885,376,25,48
883,376,25,48
884,376,25,48
882,376,24,48
881,376,24,48
880,377,24,48
879,376,24,48
880,376,24,48
879,377,24,48
878,376,24,48
877,376,24,48
877,376,24,48
875,376,24,47
874,377,24,47
873,376,24,47
873,377,23,47
871,376,23,47
871,376,23,47
870,376,23,47
870,376,24,48
870,376,24,48
869,376,24,48
867,376,24,48
866,376,24,48
866,376,24,48
866,376,24,48
864,376,24,48
863,376,25,48
861,376,25,48
861,375,25,48
860,375,25,48
859,375,25,48
857,376,25,48
857,375,25,48
856,376,25,48
855,375,26,48
213,94,6,9
213,94,6,9
212,94,6,9
212,94,6,9
212,94,6,9
212,94,6,9
211,94,6,9
211,93,6,9
211,93,6,9
211,93,5,9
211,93,5,9
211,93,5,10
211,93,4,10
211,93,4,10
211,93,3,10
211,93,3,10
211,93,3,10
210,93,4,10
210,93,4,10
210,93,4,9
209,93,5,9
209,93,5,9
209,94,5,9
208,93,5,9
208,93,5,9
208,93,5,9
208,93,5,9
208,93,5,9
208,93,4,9
208,93,4,9
208,93,4,9
207,93,4,9
207,93,4,9
207,93,4,9
207,93,4,9
207,93,4,9
207,93,4,9
206,93,4,9
206,93,4,9
206,93,4,9
206,93,4,9
206,93,4,9
206,93,4,9
205,93,4,9
205,93,4,9
205,93,4,9
205,93,4,9
205,93,4,9
205,93,4,9
204,93,4,9
204,93,4,9
204,93,4,9
204,93,4,9
204,93,4,9
204,93,4,9
203,93,5,9
203,93,5,9
203,93,5,8
203,93,5,8
203,93,5,8
203,92,4,9
202,92,4,9
202,92,4,9
202,92,4,9
201,92,4,9
201,92,4,9
201,92,4,9
201,92,4,9
200,92,5,9
200,92,5,9
200,92,5,9
199,92,5,9
199,92,5,9
199,92,5,9
199,92,5,9
198,92,6,9
198,92,6,9
198,92,6,9
198,92,6,9
198,92,6,9
198,92,6,9
198,91,6,9
197,91,6,9
197,91,6,9
197,91,6,9
197,91,6,9
197,91,6,9
196,91,6,9
196,91,6,9
196,92,6,9
196,91,5,9
196,91,5,9
196,91,5,9
196,91,4,9
196,91,4,9
196,91,4,9
195,91,4,9
195,91,4,9
195,91,4,9
195,91,4,9
194,91,4,9
194,92,4,9
194,92,4,9
194,92,4,9
193,92,5,9
193,92,5,9
193,92,5,9
193,92,5,9
192,92,5,9
192,92,5,9
192,92,5,9
192,92,4,9
192,91,4,9
192,91,4,9
192,91,4,9
191,91,4,9
191,91,4,9
191,91,4,9
191,91,4,9
191,91,4,9
190,91,4,9
190,91,4,9
190,91,4,9
190,91,4,9
189,91,4,9
189,91,4,9
189,91,4,9
189,91,5,9
188,91,5,9
188,91,5,9
188,91,5,9
188,91,5,9
187,91,5,9
187,91,5,9
187,91,5,9
187,91,5,9
186,91,5,9
186,91,6,9
186,91,6,9
186,92,6,9
186,91,5,9
186,91,5,9
186,91,4,9
186,91,4,9
186,91,3,9
186,91,3,9
186,91,3,9
185,91,3,9
185,91,3,9
185,91,3,9
185,91,3,9
185,91,3,9
184,91,3,9
184,91,3,9
184,91,3,9
184,91,3,9
183,91,3,9
183,91,3,9
183,91,3,9
183,91,3,9
183,91,3,9
182,91,3,9
182,91,3,9
182,91,3,9
181,91,3,9
181,91,4,9
181,91,4,9
180,91,4,9
180,91,5,9
179,91,5,9
179,91,5,9
179,91,5,9
179,91,5,9
179,92,4,8
178,92,4,9
178,92,4,8
178,92,4,8
178,92,4,8
178,92,4,8
177,92,4,8
177,92,4,8
177,93,4,8
177,93,4,8
177,93,4,8
177,93,4,8
176,94,4,8
176,94,4,8
176,95,4,8
176,95,4,8
175,96,4,8
175,96,4,8
175,96,4,8
175,97,4,8
175,97,4,8
174,98,4,8
174,98,4,8
174,99,4,9
174,99,4,9
173,100,4,9
173,100,4,9
173,101,4,9
173,101,4,9
173,101,4,9
172,101,4,9
172,101,4,9
172,101,4,9
172,101,4,9
172,101,4,9
171,101,4,9
171,101,4,9
171,101,4,9
171,101,4,9
171,101,4,9
171,102,4,9
170,102,4,9
170,102,4,9
170,102,4,9
170,102,4,9
170,102,4,9
170,102,4,9
169,102,4,9
169,102,4,9
169,102,4,9
169,101,3,9
169,101,3,9
169,101,3,9
169,101,3,9
169,101,3,8
168,101,3,8
168,101,3,8
168,101,3,8
168,101,3,8
167,101,4,8
167,102,3,8
167,102,4,8
167,102,4,8
167,102,4,8
166,102,4,8
166,102,4,8
166,102,4,8
166,102,4,8
166,102,4,8
166,102,4,8
165,102,4,8
165,102,4,8
165,102,4,8
165,102,4,8
165,102,4,8
165,102,4,8
164,102,4,8
164,102,3,8
164,102,4,8
164,102,4,8
164,102,4,8
163,102,4,8
163,102,5,8
163,102,5,8
163,102,5,9
163,102,4,9
163,102,4,9
163,102,4,9
162,102,4,9
162,102,3,9
162,102,3,9
162,102,3,9
162,102,3,9
161,102,4,9
161,102,4,9
161,102,4,9
160,102,5,9
160,102,5,9
160,102,5,9
160,102,4,9
160,102,4,9
159,102,4,9
159,102,4,9
159,101,4,9
159,101,4,9
159,101,4,9
159,101,4,9
159,101,4,9
158,101,4,9
158,101,4,9
158,101,4,9
158,101,4,9
157,101,5,8
157,101,5,8
156,101,6,8
156,101,6,8
156,100,6,8
156,100,5,8
156,100,5,8
156,100,5,8
156,100,5,8
156,100,5,8
156,99,4,8
156,99,4,8
155,99,4,9
155,99,4,9
155,98,4,9
155,98,4,9
155,98,4,9
155,98,4,9
154,97,4,9
154,97,4,9
154,97,3,9
154,97,3,9
154,96,3,10
154,96,3,10
153,96,3,10
153,96,3,10
153,96,3,10
153,95,3,10
153,95,3,10
153,95,3,10
153,95,3,10
152,94,3,10
152,94,3,10
152,94,3,10
152,94,3,10
152,94,3,10
152,93,3,10
152,93,3,10
152,93,3,10
151,93,3,10
151,93,3,10
151,92,3,10
151,92,3,10
150,92,3,10
150,92,3,9
150,92,4,9
150,91,4,9
149,91,4,9
149,91,4,9
149,91,4,9
149,91,4,9
148,90,4,9
148,90,4,9
148,90,4,9
148,90,5,9
147,89,5,9
147,89,5,9
147,89,5,9
147,89,5,9
146,89,5,9
146,88,4,9
146,88,4,9
146,88,4,9
145,88,4,9
145,87,4,9
145,87,4,8
144,87,4,8
144,87,4,8
144,87,4,8
143,86,4,8
143,86,4,8
143,86,4,8
143,86,4,8
142,85,4,8
142,85,4,8
142,85,4,8
141,85,4,8
141,85,4,8
141,84,4,9
141,84,3,9
140,84,3,9
140,84,3,9
140,83,3,9
140,83,3,9
139,83,3,9
139,83,3,9
139,83,3,9
138,82,3,9
138,82,3,9
137,82,3,9
137,82,3,9
137,82,3,9
136,82,3,9
136,81,3,9
135,81,3,9
135,81,4,9
134,81,3,9
134,81,4,9
133,81,4,9
133,80,4,9
132,80,4,9
132,80,4,9
132,80,4,9
131,80,4,9
131,80,4,9
130,79,4,9
130,79,4,9
129,79,4,9
129,79,4,9
128,79,4,9
128,79,4,9
127,78,5,9
127,78,5,8
126,77,5,9
126,77,5,8
125,77,5,8
125,76,5,8
124,76,5,8
124,76,5,8
123,75,5,8
123,75,5,8
122,75,5,8
122,75,5,9
122,75,5,8
121,74,5,8
121,74,5,9
121,74,5,9
120,74,5,9
120,74,5,8
119,73,5,9
119,73,4,9
119,73,4,9
118,73,4,9
118,73,4,9
117,73,4,9
117,73,4,9
117,73,4,9
116,73,4,9
116,73,4,9
115,73,4,9
115,73,4,9
115,73,4,9
114,73,4,9
114,73,4,9
113,73,4,9
113,73,4,9
113,73,4,9
112,73,4,9
112,73,4,9
111,73,4,9
111,73,4,9
110,73,4,9
109,73,4,9
109,73,4,9
108,73,4,9
108,74,4,9
107,74,4,9
107,74,4,9
106,74,4,9
105,74,4,9
105,74,4,9
104,74,5,9
104,74,4,9
103,74,4,9
102,74,5,9
102,74,5,9
101,74,4,9
101,74,5,9
100,74,5,9
100,74,4,9
99,74,5,9
98,74,5,9
98,74,5,9
97,74,5,9
97,74,4,9
96,74,4,9
96,74,4,9
95,74,4,9
94,74,4,9
94,74,4,9
93,74,4,9
93,74,4,9
92,74,4,9
91,74,5,9
91,74,5,9
90,74,5,9
90,74,5,9
89,74,5,9
