442.0,314.0,47.0,78.0
441.0,315.0,47.0,78.0
440.0,316.0,47.0,78.0
440.0,315.0,47.0,78.0
439.0,316.0,47.0,78.0
439.0,316.0,47.0,78.0
437.0,316.0,47.0,78.0
438.0,316.0,47.0,78.0
437.0,316.0,47.0,78.0
437.0,315.0,47.0,78.0
436.0,316.0,47.0,78.0
436.0,315.0,47.0,78.0
435.0,316.0,47.0,78.0
435.0,316.0,47.0,78.0
434.0,317.0,47.0,78.0
434.0,317.0,47.0,78.0
433.0,318.0,47.0,78.0
433.0,320.0,47.0,78.0
433.0,319.0,47.0,78.0
433.0,320.0,47.0,78.0
432.0,319.0,47.0,78.0
432.0,320.0,47.0,78.0
431.0,319.0,47.0,78.0
432.0,321.0,47.0,78.0
431.0,320.0,47.0,78.0
432.0,321.0,47.0,78.0
431.0,321.0,47.0,78.0
431.0,322.0,47.0,78.0
430.0,322.0,47.0,78.0
430.0,322.0,47.0,78.0
429.0,322.0,47.0,78.0
428.0,321.0,47.0,78.0
427.0,321.0,47.0,78.0
426.0,321.0,47.0,78.0
426.0,321.0,47.0,78.0
426.0,322.0,47.0,78.0
425.0,324.0,47.0,78.0
426.0,324.0,47.0,77.0
425.0,325.0,47.0,75.0
426.0,326.0,47.0,74.0
425.0,326.0,47.0,74.0
425.0,326.0,47.0,75.0
425.0,326.0,47.0,75.0
424.0,326.0,47.0,75.0
423.0,325.0,47.0,75.0
422.0,325.0,47.0,75.0
421.0,326.0,47.0,75.0
420.0,326.0,47.0,75.0
419.0,326.0,47.0,75.0
418.0,327.0,47.0,75.0
417.0,329.0,47.0,75.0
418.0,329.0,47.0,75.0
416.0,329.0,47.0,75.0
415.0,330.0,47.0,75.0
413.0,332.0,47.0,75.0
413.0,331.0,47.0,75.0
411.0,332.0,47.0,75.0
411.0,332.0,47.0,75.0
410.0,332.0,47.0,75.0
409.0,332.0,47.0,75.0
407.0,332.0,47.0,75.0
407.0,333.0,47.0,75.0
406.0,334.0,47.0,75.0
406.0,336.0,47.0,75.0
405.0,336.0,47.0,75.0
403.0,336.0,47.0,75.0
402.0,336.0,47.0,75.0
401.0,336.0,47.0,75.0
400.0,336.0,47.0,75.0
399.0,336.0,47.0,75.0
397.0,336.0,47.0,75.0
397.0,337.0,47.0,75.0
396.0,337.0,47.0,75.0
396.0,338.0,47.0,75.0
394.0,341.0,47.0,75.0
394.0,342.0,47.0,75.0
393.0,342.0,47.0,75.0
392.0,343.0,47.0,75.0
391.0,343.0,47.0,75.0
390.0,342.0,47.0,75.0
389.0,342.0,47.0,75.0
387.0,342.0,47.0,75.0
386.0,341.0,47.0,76.0
385.0,341.0,47.0,77.0
384.0,341.0,47.0,78.0
384.0,341.0,47.0,78.0
383.0,341.0,47.0,78.0
384.0,341.0,47.0,78.0
383.0,341.0,47.0,78.0
382.0,340.0,47.0,78.0
381.0,339.0,47.0,78.0
381.0,339.0,47.0,78.0
379.0,338.0,47.0,78.0
379.0,337.0,47.0,78.0
378.0,337.0,47.0,78.0
377.0,337.0,47.0,78.0
376.0,337.0,47.0,78.0
375.0,337.0,47.0,78.0
372.0,337.0,47.0,78.0
371.0,335.0,47.0,78.0
370.0,334.0,47.0,78.0
369.0,334.0,47.0,78.0
368.0,332.0,47.0,78.0
367.0,332.0,47.0,77.0
367.0,332.0,47.0,77.0
367.0,333.0,47.0,77.0
367.0,333.0,47.0,77.0
366.0,332.0,47.0,77.0
365.0,332.0,47.0,77.0
365.0,332.0,47.0,77.0
365.0,331.0,47.0,77.0
365.0,330.0,47.0,77.0
365.0,330.0,47.0,77.0
365.0,330.0,47.0,77.0
365.0,330.0,47.0,77.0
366.0,329.0,47.0,77.0
365.0,329.0,47.0,77.0
365.0,329.0,47.0,77.0
365.0,329.0,47.0,77.0
366.0,329.0,47.0,77.0
367.0,328.0,47.0,77.0
367.0,327.0,47.0,77.0
367.0,327.0,47.0,77.0
367.0,326.0,47.0,77.0
368.0,326.0,47.0,77.0
369.0,326.0,47.0,77.0
370.0,326.0,47.0,77.0
374.0,325.0,47.0,77.0
377.0,323.0,47.0,77.0
383.0,320.0,47.0,77.0
387.0,320.0,47.0,77.0
392.0,318.0,47.0,77.0
397.0,317.0,47.0,77.0
404.0,316.0,47.0,77.0
411.0,314.0,47.0,77.0
417.0,314.0,47.0,77.0
423.0,313.0,47.0,77.0
429.0,313.0,47.0,77.0
435.0,312.0,47.0,77.0
441.0,310.0,47.0,77.0
447.0,310.0,47.0,77.0
454.0,308.0,47.0,77.0
459.0,307.0,47.0,77.0
465.0,306.0,47.0,77.0
471.0,306.0,47.0,77.0
477.0,304.0,47.0,77.0
482.0,302.0,47.0,77.0
487.0,303.0,47.0,77.0
491.0,302.0,47.0,77.0
497.0,302.0,47.0,77.0
501.0,302.0,47.0,77.0
505.0,301.0,47.0,76.0
507.0,300.0,47.0,76.0
510.0,298.0,47.0,76.0
512.0,298.0,47.0,75.0
514.0,298.0,47.0,75.0
515.0,298.0,47.0,75.0
516.0,298.0,47.0,75.0
516.0,298.0,46.0,75.0
517.0,298.0,46.0,75.0
517.0,298.0,46.0,75.0
518.0,297.0,46.0,75.0
517.0,295.0,46.0,75.0
518.0,296.0,46.0,75.0
518.0,294.0,46.0,75.0
518.0,293.0,46.0,75.0
519.0,293.0,46.0,75.0
520.0,293.0,46.0,75.0
520.0,293.0,46.0,75.0
520.0,292.0,46.0,75.0
520.0,292.0,46.0,75.0
520.0,291.0,46.0,75.0
521.0,291.0,46.0,75.0
521.0,290.0,46.0,75.0
521.0,290.0,46.0,75.0
521.0,290.0,46.0,75.0
521.0,288.0,46.0,75.0
521.0,287.0,46.0,75.0
521.0,288.0,46.0,75.0
520.0,287.0,46.0,75.0
519.0,287.0,46.0,75.0
520.0,286.0,46.0,75.0
519.0,287.0,46.0,75.0
520.0,286.0,46.0,75.0
519.0,285.0,46.0,75.0
520.0,285.0,46.0,75.0
519.0,283.0,46.0,75.0
519.0,281.0,46.0,75.0
518.0,281.0,46.0,75.0
518.0,281.0,46.0,75.0
517.0,281.0,46.0,75.0
517.0,281.0,46.0,75.0
516.0,280.0,46.0,75.0
516.0,278.0,46.0,75.0
515.0,279.0,46.0,75.0
515.0,278.0,46.0,75.0
514.0,277.0,46.0,75.0
513.0,277.0,46.0,75.0
512.0,276.0,46.0,75.0
511.0,274.0,46.0,75.0
509.0,274.0,46.0,75.0
509.0,273.0,46.0,75.0
507.0,273.0,46.0,75.0
506.0,273.0,46.0,75.0
504.0,273.0,46.0,75.0
503.0,273.0,46.0,75.0
502.0,273.0,46.0,75.0
501.0,272.0,45.0,75.0
500.0,271.0,45.0,75.0
499.0,270.0,45.0,75.0
497.0,270.0,45.0,75.0
496.0,270.0,45.0,75.0
493.0,269.0,45.0,75.0
492.0,269.0,45.0,75.0
490.0,269.0,45.0,74.0
489.0,269.0,45.0,73.0
488.0,270.0,45.0,73.0
486.0,270.0,45.0,73.0
484.0,270.0,45.0,73.0
483.0,270.0,45.0,73.0
481.0,270.0,45.0,73.0
480.0,269.0,45.0,73.0
477.0,268.0,45.0,73.0
476.0,267.0,45.0,73.0
474.0,269.0,45.0,72.0
473.0,269.0,45.0,72.0
471.0,269.0,45.0,72.0
470.0,269.0,45.0,72.0
468.0,270.0,45.0,72.0
468.0,271.0,45.0,72.0
466.0,272.0,45.0,71.0
465.0,272.0,45.0,70.0
462.0,273.0,45.0,70.0
461.0,272.0,45.0,70.0
459.0,273.0,45.0,70.0
458.0,272.0,45.0,70.0
456.0,274.0,45.0,70.0
455.0,274.0,45.0,70.0
454.0,275.0,45.0,70.0
453.0,276.0,46.0,70.0
451.0,279.0,46.0,70.0
450.0,279.0,46.0,70.0
449.0,280.0,46.0,70.0
448.0,281.0,46.0,70.0
446.0,281.0,46.0,70.0
445.0,282.0,46.0,70.0
443.0,283.0,46.0,70.0
442.0,284.0,46.0,70.0
440.0,286.0,46.0,70.0
439.0,287.0,46.0,70.0
439.0,288.0,46.0,70.0
438.0,290.0,46.0,70.0
438.0,290.0,46.0,70.0
438.0,292.0,46.0,70.0
436.0,293.0,46.0,70.0
436.0,294.0,46.0,70.0
435.0,294.0,46.0,70.0
435.0,294.0,45.0,70.0
434.0,295.0,45.0,70.0
435.0,297.0,45.0,71.0
434.0,298.0,45.0,72.0
435.0,299.0,45.0,73.0
436.0,302.0,45.0,73.0
437.0,304.0,45.0,73.0
438.0,305.0,45.0,73.0
438.0,307.0,45.0,73.0
438.0,309.0,45.0,73.0
438.0,310.0,45.0,73.0
438.0,310.0,45.0,73.0
439.0,312.0,45.0,73.0
438.0,314.0,45.0,73.0
440.0,315.0,45.0,73.0
440.0,317.0,45.0,73.0
441.0,320.0,45.0,73.0
442.0,322.0,45.0,73.0
444.0,322.0,45.0,73.0
444.0,323.0,45.0,73.0
446.0,325.0,45.0,72.0
446.0,328.0,45.0,72.0
448.0,329.0,45.0,71.0
449.0,329.0,45.0,71.0
451.0,331.0,45.0,71.0
452.0,331.0,45.0,71.0
454.0,333.0,45.0,71.0
455.0,336.0,45.0,71.0
457.0,337.0,45.0,71.0
459.0,338.0,45.0,71.0
461.0,340.0,46.0,71.0
462.0,343.0,46.0,71.0
466.0,345.0,46.0,72.0
467.0,345.0,46.0,72.0
469.0,347.0,46.0,73.0
470.0,348.0,46.0,73.0
473.0,350.0,46.0,74.0
475.0,350.0,46.0,75.0
476.0,351.0,46.0,75.0
476.0,353.0,46.0,75.0
478.0,355.0,46.0,75.0
480.0,357.0,46.0,75.0
481.0,359.0,46.0,75.0
482.0,362.0,46.0,75.0
483.0,364.0,46.0,75.0
484.0,365.0,46.0,74.0
483.0,365.0,46.0,74.0
484.0,366.0,46.0,74.0
485.0,367.0,46.0,74.0
484.0,369.0,47.0,75.0
485.0,370.0,47.0,75.0
484.0,372.0,47.0,75.0
485.0,375.0,47.0,75.0
484.0,377.0,47.0,74.0
485.0,378.0,47.0,74.0
485.0,380.0,47.0,73.0
486.0,382.0,47.0,73.0
485.0,382.0,47.0,73.0
486.0,383.0,47.0,73.0
485.0,385.0,47.0,73.0
486.0,386.0,47.0,74.0
485.0,387.0,47.0,75.0
486.0,388.0,47.0,75.0
486.0,390.0,47.0,75.0
486.0,391.0,47.0,75.0
486.0,393.0,47.0,74.0
487.0,395.0,47.0,73.0
486.0,397.0,47.0,73.0
486.0,398.0,47.0,73.0
485.0,399.0,47.0,73.0
485.0,399.0,47.0,73.0
484.0,399.0,47.0,74.0
484.0,401.0,47.0,74.0
483.0,402.0,47.0,75.0
483.0,403.0,47.0,75.0
482.0,405.0,47.0,75.0
483.0,408.0,47.0,75.0
483.0,409.0,47.0,75.0
483.0,409.0,47.0,74.0
482.0,410.0,47.0,73.0
482.0,410.0,47.0,73.0
481.0,412.0,47.0,73.0
482.0,414.0,47.0,73.0
481.0,413.0,47.0,74.0
480.0,415.0,47.0,75.0
480.0,415.0,47.0,76.0
480.0,416.0,47.0,76.0
480.0,418.0,47.0,76.0
480.0,421.0,47.0,76.0
480.0,422.0,47.0,75.0
481.0,423.0,47.0,75.0
480.0,423.0,47.0,74.0
480.0,424.0,47.0,75.0
479.0,425.0,47.0,75.0
479.0,424.0,47.0,76.0
479.0,425.0,47.0,76.0
480.0,425.0,47.0,76.0
480.0,427.0,47.0,76.0
480.0,428.0,47.0,76.0
480.0,429.0,47.0,76.0
481.0,430.0,47.0,76.0
481.0,432.0,47.0,75.0
482.0,434.0,47.0,73.0
482.0,434.0,47.0,72.0
483.0,434.0,47.0,73.0
483.0,435.0,47.0,74.0
483.0,435.0,47.0,74.0
483.0,435.0,47.0,75.0
484.0,435.0,47.0,76.0
484.0,435.0,47.0,77.0
485.0,437.0,47.0,77.0
484.0,439.0,47.0,77.0
485.0,441.0,47.0,77.0
486.0,442.0,47.0,76.0
487.0,443.0,47.0,75.0
487.0,443.0,47.0,74.0
488.0,444.0,47.0,75.0
487.0,445.0,47.0,76.0
488.0,444.0,47.0,77.0
487.0,445.0,47.0,77.0
487.0,444.0,47.0,77.0
486.0,446.0,47.0,77.0
487.0,446.0,47.0,77.0
486.0,447.0,47.0,77.0
486.0,449.0,47.0,77.0
486.0,450.0,47.0,76.0
486.0,450.0,47.0,75.0
485.0,451.0,47.0,74.0
486.0,451.0,47.0,75.0
485.0,450.0,47.0,76.0
485.0,450.0,47.0,78.0
485.0,451.0,47.0,78.0
484.0,451.0,47.0,79.0
483.0,453.0,48.0,79.0
484.0,454.0,48.0,79.0
483.0,455.0,48.0,78.0
484.0,456.0,48.0,78.0
483.0,458.0,48.0,77.0
484.0,458.0,48.0,76.0
482.0,459.0,48.0,75.0
482.0,459.0,48.0,76.0
479.0,459.0,48.0,76.0
478.0,459.0,48.0,77.0
477.0,459.0,48.0,77.0
476.0,459.0,48.0,77.0
475.0,460.0,48.0,77.0
475.0,462.0,48.0,77.0
474.0,462.0,48.0,76.0
475.0,463.0,48.0,75.0
474.0,463.0,48.0,75.0
474.0,463.0,48.0,74.0
473.0,463.0,48.0,73.0
473.0,463.0,48.0,74.0
472.0,463.0,48.0,75.0
472.0,463.0,48.0,76.0
471.0,463.0,48.0,76.0
471.0,464.0,48.0,76.0
470.0,464.0,48.0,76.0
471.0,465.0,48.0,76.0
470.0,466.0,48.0,75.0
471.0,466.0,48.0,75.0
470.0,466.0,48.0,75.0
469.0,466.0,48.0,74.0
469.0,466.0,48.0,74.0
470.0,466.0,48.0,75.0
469.0,465.0,48.0,76.0
470.0,464.0,48.0,77.0
471.0,466.0,48.0,77.0
472.0,466.0,48.0,77.0
473.0,467.0,48.0,77.0
474.0,467.0,48.0,76.0
475.0,467.0,48.0,75.0
477.0,468.0,48.0,74.0
478.0,468.0,48.0,75.0
480.0,467.0,48.0,75.0
480.0,467.0,48.0,75.0
483.0,466.0,48.0,76.0
484.0,465.0,48.0,77.0
486.0,465.0,48.0,78.0
487.0,465.0,48.0,78.0
489.0,466.0,48.0,78.0
490.0,465.0,48.0,78.0
492.0,467.0,48.0,77.0
494.0,467.0,48.0,76.0
495.0,467.0,48.0,75.0
496.0,467.0,48.0,75.0
498.0,467.0,48.0,75.0
498.0,466.0,48.0,75.0
498.0,465.0,48.0,75.0
497.0,465.0,48.0,75.0
498.0,464.0,48.0,76.0
498.0,463.0,48.0,76.0
499.0,463.0,48.0,76.0
499.0,462.0,48.0,76.0
499.0,464.0,48.0,76.0
499.0,464.0,48.0,76.0
499.0,464.0,48.0,76.0
499.0,464.0,48.0,75.0
499.0,464.0,48.0,74.0
499.0,464.0,48.0,73.0
499.0,463.0,48.0,74.0
496.0,463.0,48.0,75.0
495.0,464.0,48.0,76.0
494.0,463.0,48.0,76.0
493.0,463.0,48.0,76.0
492.0,462.0,48.0,76.0
491.0,463.0,48.0,76.0
491.0,462.0,48.0,76.0
491.0,463.0,48.0,76.0
488.0,462.0,48.0,75.0
487.0,461.0,48.0,74.0
485.0,461.0,48.0,74.0
483.0,459.0,48.0,74.0
481.0,456.0,48.0,75.0
480.0,456.0,48.0,75.0
478.0,454.0,48.0,76.0
477.0,455.0,48.0,77.0
475.0,453.0,48.0,77.0
475.0,454.0,48.0,77.0
473.0,453.0,48.0,77.0
474.0,454.0,48.0,77.0
472.0,453.0,48.0,76.0
472.0,454.0,48.0,75.0
471.0,452.0,49.0,74.0
470.0,451.0,49.0,74.0
469.0,450.0,49.0,74.0
468.0,450.0,49.0,74.0
467.0,448.0,49.0,75.0
466.0,447.0,49.0,76.0
465.0,447.0,49.0,77.0
466.0,446.0,49.0,77.0
466.0,446.0,49.0,77.0
467.0,446.0,49.0,77.0
467.0,446.0,48.0,76.0
467.0,445.0,48.0,75.0
467.0,444.0,47.0,73.0
468.0,443.0,47.0,73.0
468.0,442.0,47.0,73.0
469.0,440.0,47.0,73.0
469.0,437.0,47.0,75.0
469.0,435.0,47.0,77.0
470.0,435.0,47.0,78.0
471.0,433.0,47.0,78.0
473.0,433.0,47.0,77.0
475.0,433.0,46.0,77.0
476.0,433.0,47.0,76.0
478.0,433.0,48.0,74.0
479.0,431.0,48.0,73.0
480.0,431.0,48.0,74.0
479.0,429.0,48.0,76.0
481.0,428.0,47.0,77.0
481.0,427.0,48.0,77.0
482.0,426.0,48.0,77.0
483.0,424.0,48.0,78.0
483.0,425.0,48.0,76.0
483.0,424.0,48.0,75.0
485.0,425.0,48.0,74.0
484.0,424.0,48.0,73.0
485.0,423.0,49.0,73.0
484.0,421.0,49.0,73.0
485.0,419.0,49.0,74.0
484.0,418.0,49.0,75.0
485.0,416.0,49.0,76.0
484.0,414.0,49.0,76.0
485.0,414.0,48.0,77.0
485.0,412.0,48.0,78.0
486.0,413.0,48.0,77.0
486.0,412.0,48.0,76.0
486.0,411.0,48.0,76.0
486.0,411.0,48.0,76.0
487.0,409.0,48.0,75.0
488.0,408.0,49.0,75.0
488.0,407.0,49.0,76.0
487.0,405.0,49.0,76.0
488.0,404.0,49.0,77.0
487.0,404.0,49.0,77.0
488.0,403.0,49.0,77.0
487.0,403.0,49.0,77.0
488.0,402.0,49.0,75.0
487.0,401.0,49.0,74.0
488.0,400.0,49.0,73.0
487.0,399.0,49.0,74.0
487.0,396.0,49.0,74.0
487.0,393.0,49.0,75.0
488.0,391.0,49.0,76.0
487.0,391.0,49.0,76.0
488.0,389.0,49.0,76.0
489.0,389.0,49.0,76.0
490.0,388.0,48.0,76.0
490.0,388.0,47.0,75.0
490.0,387.0,47.0,74.0
490.0,386.0,47.0,74.0
490.0,385.0,47.0,73.0
491.0,385.0,48.0,73.0
492.0,384.0,48.0,73.0
491.0,383.0,49.0,73.0
492.0,382.0,49.0,73.0
494.0,381.0,49.0,73.0
495.0,379.0,49.0,73.0
496.0,378.0,48.0,73.0
498.0,379.0,47.0,73.0
499.0,377.0,46.0,74.0
502.0,376.0,47.0,73.0
503.0,376.0,47.0,71.0
506.0,374.0,47.0,70.0
508.0,371.0,47.0,71.0
510.0,369.0,48.0,72.0
513.0,367.0,48.0,73.0
517.0,365.0,48.0,74.0
520.0,364.0,48.0,75.0
525.0,363.0,48.0,75.0
529.0,361.0,48.0,74.0
534.0,362.0,48.0,74.0
539.0,359.0,48.0,73.0
544.0,359.0,48.0,73.0
549.0,358.0,48.0,73.0
554.0,357.0,48.0,73.0
561.0,355.0,48.0,73.0
566.0,352.0,48.0,73.0
571.0,350.0,48.0,73.0
577.0,350.0,48.0,74.0
582.0,350.0,48.0,74.0
588.0,349.0,48.0,75.0
593.0,347.0,47.0,75.0
599.0,346.0,47.0,75.0
604.0,346.0,47.0,75.0
609.0,345.0,47.0,74.0
614.0,343.0,47.0,72.0
619.0,342.0,47.0,71.0
623.0,341.0,47.0,71.0
627.0,339.0,48.0,72.0
630.0,336.0,48.0,73.0
635.0,336.0,48.0,73.0
638.0,335.0,47.0,73.0
642.0,336.0,47.0,73.0
645.0,335.0,47.0,73.0
647.0,335.0,47.0,72.0
650.0,333.0,47.0,72.0
651.0,331.0,47.0,72.0
653.0,330.0,48.0,73.0
655.0,330.0,48.0,73.0
656.0,328.0,48.0,73.0
657.0,325.0,48.0,73.0
658.0,324.0,48.0,73.0
658.0,325.0,48.0,73.0
658.0,324.0,48.0,73.0
658.0,325.0,48.0,73.0
658.0,324.0,47.0,73.0
658.0,324.0,47.0,73.0
658.0,323.0,47.0,73.0
658.0,323.0,47.0,73.0
657.0,322.0,48.0,72.0
658.0,320.0,48.0,72.0
658.0,318.0,48.0,73.0
658.0,316.0,47.0,73.0
659.0,315.0,47.0,74.0
660.0,315.0,47.0,74.0
662.0,315.0,47.0,74.0
664.0,315.0,47.0,74.0
666.0,316.0,47.0,74.0
669.0,316.0,46.0,74.0
672.0,316.0,46.0,74.0
676.0,314.0,46.0,74.0
679.0,313.0,47.0,74.0
682.0,312.0,47.0,74.0
686.0,312.0,47.0,74.0
690.0,312.0,47.0,74.0
693.0,311.0,47.0,74.0
697.0,311.0,47.0,74.0
700.0,312.0,46.0,74.0
704.0,312.0,46.0,74.0
708.0,313.0,46.0,74.0
713.0,312.0,46.0,74.0
716.0,313.0,46.0,74.0
719.0,311.0,46.0,74.0
722.0,311.0,46.0,74.0
724.0,310.0,46.0,74.0
727.0,309.0,46.0,74.0
730.0,308.0,46.0,74.0
731.0,309.0,46.0,74.0
734.0,308.0,46.0,74.0
736.0,310.0,46.0,74.0
738.0,311.0,46.0,74.0
741.0,311.0,46.0,74.0
744.0,310.0,46.0,74.0
746.0,310.0,46.0,74.0
749.0,310.0,46.0,74.0
752.0,310.0,47.0,74.0
754.0,309.0,47.0,74.0
756.0,309.0,47.0,74.0
758.0,308.0,46.0,74.0
759.0,308.0,46.0,74.0
762.0,308.0,46.0,74.0
764.0,311.0,46.0,74.0
766.0,312.0,46.0,74.0
768.0,311.0,46.0,74.0
771.0,311.0,46.0,74.0
772.0,311.0,46.0,74.0
775.0,310.0,46.0,74.0
392.0,162.0,11.0,27.0
393.0,162.0,11.0,27.0
394.0,162.0,11.0,27.0
395.0,162.0,11.0,27.0
396.0,162.0,11.0,27.0
397.0,162.0,11.0,27.0
398.0,163.0,11.0,27.0
399.0,163.0,11.0,27.0
400.0,163.0,11.0,27.0
402.0,163.0,11.0,27.0
403.0,163.0,11.0,27.0
404.0,163.0,11.0,27.0
405.0,163.0,11.0,27.0
407.0,162.0,11.0,27.0
407.0,162.0,11.0,27.0
408.0,162.0,11.0,27.0
409.0,162.0,11.0,27.0
410.0,162.0,11.0,27.0
412.0,163.0,10.0,27.0
413.0,163.0,10.0,27.0
415.0,163.0,10.0,27.0
416.0,162.0,11.0,27.0
417.0,162.0,11.0,27.0
418.0,162.0,11.0,28.0
419.0,161.0,11.0,28.0
420.0,161.0,11.0,28.0
421.0,161.0,11.0,28.0
422.0,161.0,11.0,28.0
423.0,161.0,11.0,28.0
424.0,162.0,11.0,28.0
425.0,162.0,11.0,28.0
426.0,162.0,11.0,28.0
426.0,162.0,11.0,28.0
427.0,162.0,11.0,28.0
427.0,161.0,11.0,28.0
428.0,161.0,11.0,28.0
428.0,161.0,11.0,28.0
429.0,161.0,11.0,28.0
429.0,161.0,11.0,28.0
430.0,161.0,11.0,28.0
431.0,161.0,11.0,28.0
432.0,161.0,11.0,28.0
433.0,161.0,11.0,28.0
434.0,161.0,11.0,28.0
435.0,161.0,11.0,28.0
435.0,160.0,11.0,28.0
436.0,160.0,11.0,28.0
437.0,159.0,11.0,28.0
438.0,159.0,11.0,28.0
438.0,159.0,11.0,28.0
439.0,159.0,11.0,28.0
440.0,159.0,11.0,28.0
440.0,159.0,11.0,28.0
441.0,159.0,11.0,28.0
442.0,159.0,11.0,28.0
443.0,159.0,11.0,28.0
444.0,159.0,11.0,28.0
444.0,159.0,11.0,28.0
445.0,159.0,11.0,28.0
445.0,159.0,11.0,28.0
446.0,159.0,11.0,28.0
446.0,159.0,11.0,28.0
447.0,159.0,11.0,28.0
448.0,158.0,11.0,28.0
448.0,158.0,11.0,28.0
448.0,158.0,11.0,28.0
449.0,159.0,11.0,28.0
449.0,159.0,11.0,28.0
449.0,158.0,11.0,29.0
448.0,156.0,12.0,29.0
448.0,155.0,12.0,30.0
448.0,155.0,12.0,30.0
447.0,155.0,12.0,30.0
446.0,154.0,12.0,30.0
446.0,154.0,12.0,30.0
446.0,154.0,11.0,30.0
445.0,154.0,11.0,30.0
444.0,154.0,11.0,30.0
443.0,153.0,11.0,30.0
442.0,153.0,11.0,30.0
441.0,152.0,11.0,30.0
440.0,151.0,11.0,30.0
439.0,150.0,11.0,30.0
438.0,150.0,11.0,29.0
436.0,150.0,11.0,29.0
434.0,150.0,12.0,28.0
434.0,150.0,12.0,28.0
434.0,150.0,11.0,28.0
433.0,150.0,11.0,28.0
432.0,149.0,11.0,28.0
431.0,148.0,11.0,28.0
429.0,147.0,11.0,28.0
429.0,147.0,11.0,29.0
428.0,147.0,11.0,29.0
428.0,146.0,11.0,29.0
427.0,146.0,12.0,30.0
427.0,145.0,12.0,30.0
427.0,145.0,12.0,30.0
427.0,145.0,12.0,30.0
427.0,145.0,11.0,30.0
427.0,145.0,11.0,30.0
427.0,144.0,11.0,30.0
427.0,144.0,11.0,30.0
428.0,143.0,11.0,30.0
428.0,143.0,11.0,30.0
428.0,142.0,11.0,30.0
429.0,142.0,11.0,30.0
430.0,142.0,10.0,30.0
430.0,142.0,10.0,30.0
431.0,142.0,10.0,30.0
432.0,142.0,10.0,30.0
432.0,141.0,10.0,30.0
433.0,141.0,10.0,30.0
433.0,141.0,10.0,30.0
433.0,140.0,11.0,31.0
434.0,140.0,11.0,31.0
434.0,140.0,11.0,31.0
434.0,139.0,11.0,31.0
434.0,139.0,11.0,31.0
435.0,139.0,11.0,31.0
435.0,140.0,11.0,31.0
435.0,140.0,11.0,31.0
435.0,140.0,11.0,31.0
435.0,139.0,11.0,31.0
435.0,139.0,11.0,31.0
435.0,139.0,11.0,31.0
435.0,138.0,11.0,31.0
435.0,138.0,11.0,31.0
435.0,137.0,11.0,30.0
434.0,137.0,12.0,30.0
434.0,137.0,12.0,29.0
434.0,137.0,11.0,29.0
434.0,136.0,11.0,29.0
434.0,136.0,11.0,29.0
434.0,136.0,11.0,29.0
434.0,136.0,11.0,29.0
434.0,135.0,11.0,29.0
434.0,135.0,11.0,30.0
433.0,134.0,11.0,30.0
433.0,134.0,11.0,30.0
433.0,134.0,11.0,30.0
433.0,134.0,11.0,30.0
432.0,134.0,11.0,30.0
432.0,134.0,11.0,30.0
432.0,134.0,11.0,29.0
431.0,134.0,11.0,29.0
431.0,133.0,11.0,29.0
431.0,132.0,11.0,29.0
431.0,131.0,11.0,29.0
431.0,131.0,11.0,29.0
431.0,131.0,11.0,29.0
431.0,130.0,11.0,29.0
431.0,130.0,11.0,29.0
431.0,130.0,11.0,29.0
431.0,130.0,11.0,29.0
431.0,130.0,11.0,29.0
432.0,130.0,11.0,29.0
432.0,130.0,11.0,29.0
432.0,130.0,11.0,29.0
432.0,129.0,11.0,29.0
433.0,128.0,11.0,29.0
433.0,128.0,11.0,29.0
433.0,128.0,11.0,29.0
434.0,128.0,11.0,29.0
434.0,128.0,11.0,29.0
434.0,129.0,11.0,29.0
435.0,129.0,11.0,29.0
435.0,128.0,11.0,29.0
435.0,128.0,11.0,29.0
436.0,127.0,11.0,29.0
436.0,127.0,11.0,29.0
436.0,127.0,11.0,29.0
436.0,127.0,11.0,29.0
437.0,127.0,11.0,29.0
437.0,126.0,11.0,29.0
438.0,126.0,11.0,29.0
438.0,126.0,11.0,29.0
438.0,127.0,11.0,29.0
439.0,127.0,11.0,29.0
439.0,127.0,11.0,29.0
439.0,126.0,11.0,29.0
439.0,126.0,11.0,29.0
439.0,126.0,11.0,29.0
439.0,125.0,11.0,29.0
440.0,125.0,11.0,29.0
440.0,125.0,11.0,29.0
439.0,125.0,11.0,29.0
439.0,125.0,11.0,29.0
439.0,125.0,11.0,29.0
439.0,125.0,11.0,29.0
439.0,125.0,11.0,29.0
439.0,124.0,11.0,29.0
439.0,124.0,11.0,29.0
439.0,124.0,11.0,29.0
439.0,124.0,11.0,29.0
439.0,124.0,11.0,29.0
439.0,124.0,11.0,29.0
439.0,124.0,11.0,29.0
438.0,124.0,11.0,29.0
438.0,124.0,11.0,29.0
438.0,124.0,11.0,29.0
438.0,124.0,11.0,29.0
437.0,124.0,11.0,29.0
436.0,123.0,11.0,29.0
436.0,123.0,11.0,28.0
435.0,122.0,11.0,28.0
434.0,122.0,11.0,28.0
433.0,122.0,11.0,29.0
432.0,122.0,11.0,29.0
431.0,122.0,11.0,29.0
430.0,122.0,11.0,29.0
430.0,122.0,11.0,29.0
429.0,122.0,11.0,29.0
428.0,122.0,11.0,29.0
427.0,121.0,11.0,29.0
426.0,121.0,11.0,29.0
425.0,121.0,11.0,29.0
425.0,121.0,11.0,29.0
424.0,120.0,11.0,29.0
423.0,120.0,11.0,29.0
422.0,120.0,11.0,29.0
421.0,120.0,11.0,29.0
420.0,120.0,11.0,29.0
420.0,121.0,11.0,29.0
419.0,121.0,11.0,28.0
418.0,121.0,11.0,28.0
418.0,121.0,11.0,27.0
417.0,121.0,11.0,28.0
417.0,120.0,11.0,28.0
416.0,119.0,11.0,29.0
416.0,119.0,11.0,29.0
416.0,119.0,11.0,29.0
416.0,119.0,11.0,29.0
416.0,119.0,11.0,29.0
416.0,120.0,11.0,29.0
416.0,120.0,11.0,29.0
417.0,120.0,11.0,29.0
417.0,119.0,11.0,29.0
417.0,119.0,11.0,29.0
418.0,119.0,11.0,29.0
418.0,119.0,11.0,29.0
418.0,119.0,11.0,29.0
419.0,119.0,11.0,29.0
419.0,119.0,11.0,29.0
419.0,119.0,11.0,29.0
419.0,119.0,11.0,29.0
420.0,119.0,11.0,29.0
420.0,120.0,11.0,29.0
420.0,120.0,11.0,29.0
421.0,119.0,11.0,29.0
421.0,119.0,11.0,29.0
421.0,119.0,11.0,29.0
422.0,119.0,11.0,30.0
422.0,119.0,11.0,30.0
422.0,120.0,11.0,30.0
422.0,120.0,11.0,30.0
422.0,120.0,11.0,30.0
422.0,120.0,11.0,30.0
422.0,121.0,11.0,30.0
422.0,121.0,11.0,30.0
421.0,120.0,11.0,30.0
420.0,120.0,11.0,30.0
420.0,120.0,11.0,30.0
419.0,120.0,11.0,30.0
419.0,120.0,11.0,30.0
419.0,120.0,11.0,30.0
418.0,120.0,11.0,30.0
417.0,120.0,11.0,30.0
416.0,121.0,11.0,30.0
416.0,121.0,11.0,29.0
415.0,121.0,11.0,28.0
414.0,121.0,11.0,27.0
414.0,121.0,11.0,28.0
413.0,121.0,11.0,28.0
412.0,120.0,11.0,29.0
412.0,120.0,11.0,29.0
411.0,121.0,11.0,29.0
410.0,121.0,11.0,29.0
410.0,121.0,11.0,29.0
409.0,121.0,11.0,29.0
409.0,121.0,11.0,29.0
408.0,121.0,11.0,29.0
407.0,121.0,11.0,29.0
407.0,121.0,11.0,29.0
406.0,121.0,11.0,29.0
405.0,121.0,11.0,29.0
405.0,121.0,11.0,29.0
404.0,121.0,11.0,29.0
403.0,122.0,11.0,29.0
403.0,122.0,11.0,29.0
402.0,122.0,11.0,28.0
402.0,123.0,11.0,28.0
401.0,123.0,11.0,27.0
401.0,123.0,11.0,28.0
401.0,123.0,11.0,28.0
400.0,123.0,11.0,29.0
400.0,123.0,11.0,29.0
400.0,122.0,11.0,29.0
399.0,122.0,11.0,29.0
399.0,122.0,11.0,29.0
399.0,123.0,11.0,29.0
399.0,123.0,11.0,29.0
400.0,123.0,11.0,29.0
400.0,124.0,11.0,29.0
400.0,124.0,11.0,29.0
400.0,124.0,11.0,29.0
400.0,124.0,11.0,29.0
400.0,124.0,11.0,29.0
401.0,124.0,11.0,29.0
401.0,124.0,11.0,29.0
401.0,123.0,11.0,29.0
