430.0,359.0,111.0,187.0
431.0,359.0,111.0,187.0
431.0,359.0,111.0,187.0
430.0,360.0,110.0,187.0
429.0,361.0,110.0,187.0
429.0,362.0,110.0,187.0
427.0,363.0,110.0,187.0
424.0,363.0,110.0,187.0
421.0,363.0,110.0,187.0
420.0,363.0,110.0,187.0
418.0,364.0,110.0,186.0
414.0,365.0,110.0,184.0
411.0,364.0,110.0,183.0
410.0,366.0,110.0,183.0
408.0,367.0,110.0,183.0
404.0,367.0,110.0,183.0
400.0,369.0,110.0,184.0
398.0,370.0,110.0,186.0
395.0,370.0,110.0,187.0
391.0,371.0,110.0,188.0
388.0,372.0,110.0,189.0
385.0,374.0,110.0,190.0
384.0,374.0,110.0,191.0
382.0,374.0,110.0,192.0
378.0,374.0,110.0,192.0
376.0,373.0,110.0,192.0
374.0,373.0,110.0,192.0
373.0,373.0,110.0,192.0
372.0,373.0,110.0,190.0
371.0,373.0,110.0,187.0
369.0,373.0,110.0,185.0
366.0,374.0,112.0,185.0
365.0,375.0,114.0,185.0
362.0,375.0,115.0,186.0
358.0,375.0,115.0,186.0
356.0,375.0,115.0,186.0
353.0,376.0,115.0,186.0
350.0,376.0,115.0,187.0
350.0,377.0,115.0,187.0
348.0,378.0,115.0,188.0
347.0,379.0,115.0,188.0
347.0,380.0,115.0,188.0
346.0,379.0,115.0,188.0
344.0,380.0,115.0,188.0
344.0,379.0,115.0,188.0
343.0,379.0,115.0,188.0
343.0,379.0,115.0,186.0
341.0,379.0,115.0,183.0
340.0,379.0,115.0,181.0
340.0,379.0,115.0,183.0
339.0,378.0,115.0,185.0
339.0,378.0,115.0,187.0
338.0,379.0,115.0,187.0
337.0,379.0,115.0,188.0
335.0,379.0,115.0,189.0
333.0,379.0,115.0,189.0
332.0,379.0,115.0,189.0
330.0,379.0,115.0,190.0
329.0,379.0,115.0,190.0
329.0,379.0,115.0,190.0
329.0,378.0,115.0,190.0
328.0,376.0,115.0,190.0
326.0,376.0,115.0,190.0
327.0,375.0,115.0,190.0
326.0,374.0,115.0,188.0
327.0,373.0,115.0,186.0
326.0,372.0,115.0,185.0
328.0,372.0,115.0,185.0
327.0,372.0,115.0,185.0
329.0,372.0,115.0,185.0
328.0,371.0,116.0,185.0
327.0,370.0,116.0,186.0
327.0,371.0,116.0,186.0
327.0,370.0,116.0,186.0
327.0,370.0,116.0,186.0
327.0,370.0,116.0,186.0
328.0,370.0,116.0,186.0
328.0,368.0,116.0,186.0
329.0,366.0,116.0,186.0
328.0,366.0,116.0,186.0
329.0,365.0,116.0,186.0
329.0,364.0,116.0,186.0
330.0,363.0,116.0,185.0
330.0,363.0,116.0,184.0
332.0,361.0,116.0,182.0
333.0,360.0,116.0,182.0
332.0,360.0,116.0,182.0
333.0,360.0,116.0,182.0
332.0,359.0,115.0,183.0
333.0,359.0,114.0,183.0
332.0,359.0,114.0,184.0
332.0,357.0,114.0,185.0
331.0,356.0,114.0,187.0
332.0,356.0,114.0,189.0
331.0,353.0,114.0,189.0
331.0,353.0,114.0,190.0
331.0,351.0,114.0,191.0
330.0,350.0,114.0,190.0
330.0,349.0,114.0,190.0
330.0,347.0,114.0,189.0
330.0,346.0,114.0,188.0
330.0,346.0,114.0,186.0
330.0,346.0,114.0,184.0
330.0,344.0,114.0,184.0
331.0,343.0,115.0,184.0
331.0,344.0,115.0,184.0
330.0,342.0,115.0,184.0
329.0,342.0,115.0,184.0
330.0,342.0,115.0,184.0
329.0,340.0,115.0,185.0
331.0,340.0,115.0,185.0
331.0,339.0,115.0,185.0
332.0,339.0,115.0,185.0
332.0,339.0,115.0,185.0
333.0,339.0,115.0,185.0
334.0,338.0,115.0,184.0
335.0,337.0,115.0,183.0
334.0,338.0,115.0,182.0
335.0,337.0,115.0,182.0
335.0,338.0,115.0,181.0
335.0,337.0,115.0,181.0
335.0,339.0,114.0,182.0
336.0,340.0,114.0,182.0
338.0,342.0,113.0,183.0
336.0,345.0,113.0,186.0
337.0,348.0,112.0,188.0
336.0,351.0,112.0,190.0
336.0,355.0,112.0,191.0
335.0,358.0,112.0,192.0
335.0,361.0,112.0,192.0
335.0,365.0,112.0,192.0
335.0,366.0,112.0,192.0
334.0,369.0,112.0,192.0
335.0,372.0,112.0,191.0
335.0,376.0,112.0,190.0
336.0,379.0,112.0,189.0
336.0,384.0,113.0,189.0
336.0,388.0,114.0,188.0
337.0,392.0,115.0,187.0
337.0,396.0,115.0,188.0
335.0,399.0,115.0,189.0
334.0,402.0,116.0,189.0
335.0,405.0,116.0,190.0
336.0,408.0,116.0,190.0
336.0,409.0,116.0,191.0
341.0,410.0,116.0,191.0
345.0,412.0,116.0,191.0
349.0,413.0,116.0,191.0
353.0,413.0,116.0,191.0
357.0,413.0,116.0,191.0
360.0,414.0,116.0,191.0
363.0,414.0,116.0,189.0
367.0,414.0,116.0,187.0
369.0,415.0,116.0,185.0
372.0,416.0,116.0,185.0
375.0,417.0,116.0,185.0
379.0,417.0,116.0,185.0
382.0,418.0,116.0,185.0
385.0,418.0,116.0,186.0
388.0,420.0,116.0,186.0
390.0,422.0,116.0,188.0
391.0,422.0,116.0,190.0
392.0,424.0,116.0,191.0
394.0,425.0,116.0,192.0
397.0,425.0,116.0,193.0
398.0,425.0,116.0,194.0
399.0,425.0,116.0,194.0
401.0,425.0,116.0,194.0
401.0,425.0,116.0,194.0
401.0,423.0,116.0,193.0
401.0,422.0,116.0,191.0
401.0,420.0,116.0,190.0
401.0,420.0,116.0,189.0
401.0,420.0,116.0,188.0
402.0,420.0,116.0,187.0
401.0,423.0,116.0,187.0
400.0,424.0,116.0,187.0
400.0,425.0,116.0,187.0
399.0,426.0,116.0,188.0
398.0,428.0,116.0,189.0
399.0,430.0,116.0,189.0
398.0,431.0,116.0,189.0
397.0,432.0,116.0,190.0
397.0,432.0,116.0,190.0
397.0,432.0,116.0,190.0
397.0,432.0,116.0,190.0
397.0,432.0,116.0,190.0
396.0,433.0,116.0,189.0
396.0,434.0,116.0,189.0
396.0,433.0,116.0,189.0
396.0,435.0,116.0,189.0
396.0,436.0,116.0,189.0
396.0,437.0,116.0,189.0
395.0,437.0,116.0,189.0
394.0,439.0,116.0,189.0
393.0,441.0,116.0,190.0
391.0,441.0,116.0,191.0
389.0,441.0,116.0,193.0
387.0,443.0,116.0,194.0
386.0,444.0,116.0,195.0
385.0,443.0,116.0,195.0
384.0,444.0,116.0,196.0
382.0,443.0,116.0,196.0
381.0,443.0,116.0,196.0
379.0,442.0,116.0,196.0
377.0,443.0,116.0,193.0
377.0,443.0,116.0,191.0
377.0,443.0,116.0,188.0
376.0,443.0,116.0,188.0
374.0,443.0,116.0,188.0
373.0,444.0,116.0,188.0
372.0,445.0,116.0,189.0
371.0,444.0,116.0,189.0
369.0,445.0,116.0,189.0
367.0,445.0,116.0,189.0
367.0,446.0,116.0,189.0
367.0,446.0,116.0,189.0
365.0,447.0,116.0,190.0
363.0,446.0,116.0,191.0
363.0,447.0,116.0,192.0
363.0,446.0,116.0,192.0
363.0,445.0,116.0,193.0
363.0,445.0,116.0,193.0
362.0,444.0,116.0,191.0
360.0,442.0,116.0,189.0
359.0,440.0,116.0,187.0
359.0,441.0,116.0,187.0
357.0,440.0,116.0,187.0
358.0,440.0,116.0,187.0
356.0,441.0,116.0,188.0
355.0,442.0,116.0,188.0
353.0,442.0,116.0,189.0
351.0,442.0,116.0,190.0
350.0,442.0,116.0,191.0
348.0,442.0,116.0,192.0
346.0,441.0,116.0,194.0
345.0,441.0,116.0,195.0
344.0,439.0,116.0,197.0
341.0,437.0,116.0,197.0
340.0,437.0,116.0,197.0
338.0,436.0,116.0,197.0
337.0,435.0,116.0,195.0
336.0,434.0,116.0,192.0
335.0,434.0,116.0,190.0
334.0,432.0,116.0,190.0
334.0,431.0,116.0,190.0
332.0,432.0,116.0,190.0
330.0,430.0,116.0,190.0
329.0,430.0,116.0,190.0
326.0,429.0,116.0,190.0
325.0,429.0,116.0,190.0
323.0,429.0,116.0,190.0
322.0,429.0,116.0,190.0
320.0,429.0,116.0,190.0
319.0,428.0,116.0,191.0
319.0,427.0,116.0,192.0
317.0,425.0,116.0,192.0
317.0,425.0,116.0,192.0
317.0,423.0,116.0,192.0
317.0,422.0,116.0,191.0
316.0,421.0,116.0,190.0
316.0,419.0,116.0,189.0
316.0,418.0,116.0,189.0
315.0,418.0,116.0,189.0
314.0,416.0,116.0,189.0
311.0,414.0,116.0,190.0
310.0,414.0,116.0,191.0
309.0,413.0,116.0,192.0
307.0,411.0,116.0,193.0
306.0,410.0,116.0,194.0
305.0,409.0,116.0,195.0
302.0,407.0,116.0,196.0
301.0,405.0,116.0,197.0
299.0,404.0,116.0,199.0
297.0,402.0,116.0,199.0
297.0,398.0,116.0,199.0
296.0,396.0,116.0,199.0
294.0,395.0,117.0,197.0
293.0,392.0,118.0,195.0
292.0,390.0,118.0,193.0
290.0,389.0,118.0,193.0
288.0,387.0,118.0,193.0
287.0,386.0,118.0,193.0
286.0,385.0,118.0,193.0
285.0,382.0,118.0,193.0
283.0,380.0,118.0,193.0
281.0,379.0,118.0,194.0
280.0,377.0,118.0,195.0
279.0,374.0,118.0,195.0
279.0,373.0,118.0,195.0
278.0,372.0,118.0,195.0
277.0,372.0,118.0,195.0
277.0,369.0,118.0,195.0
277.0,365.0,118.0,195.0
277.0,362.0,118.0,195.0
277.0,360.0,118.0,194.0
277.0,358.0,118.0,192.0
277.0,356.0,118.0,191.0
276.0,354.0,119.0,191.0
276.0,353.0,119.0,191.0
276.0,351.0,120.0,191.0
274.0,350.0,120.0,194.0
273.0,348.0,120.0,196.0
270.0,346.0,120.0,198.0
270.0,346.0,120.0,199.0
270.0,344.0,120.0,200.0
268.0,341.0,120.0,200.0
266.0,339.0,120.0,201.0
266.0,338.0,120.0,203.0
264.0,336.0,120.0,204.0
262.0,332.0,120.0,204.0
262.0,329.0,120.0,204.0
262.0,326.0,120.0,204.0
260.0,323.0,120.0,202.0
259.0,320.0,120.0,200.0
259.0,319.0,121.0,199.0
257.0,317.0,122.0,198.0
255.0,315.0,124.0,198.0
254.0,314.0,125.0,197.0
253.0,312.0,125.0,198.0
251.0,310.0,125.0,198.0
250.0,309.0,125.0,199.0
248.0,308.0,124.0,200.0
247.0,306.0,124.0,201.0
247.0,303.0,123.0,202.0
246.0,302.0,123.0,202.0
246.0,300.0,123.0,202.0
245.0,299.0,123.0,202.0
245.0,297.0,123.0,202.0
245.0,294.0,123.0,202.0
246.0,293.0,123.0,202.0
245.0,291.0,123.0,201.0
245.0,289.0,123.0,200.0
244.0,287.0,123.0,199.0
244.0,286.0,123.0,200.0
243.0,285.0,123.0,200.0
243.0,283.0,123.0,201.0
242.0,282.0,123.0,202.0
242.0,281.0,123.0,203.0
241.0,282.0,123.0,203.0
239.0,279.0,123.0,205.0
238.0,278.0,123.0,206.0
237.0,276.0,123.0,207.0
235.0,274.0,123.0,208.0
233.0,273.0,123.0,209.0
232.0,271.0,123.0,210.0
230.0,268.0,123.0,210.0
228.0,266.0,123.0,210.0
227.0,266.0,123.0,210.0
226.0,265.0,123.0,207.0
223.0,262.0,123.0,205.0
222.0,259.0,123.0,202.0
221.0,258.0,123.0,203.0
220.0,257.0,123.0,204.0
218.0,257.0,124.0,206.0
216.0,255.0,124.0,206.0
213.0,253.0,124.0,207.0
210.0,252.0,124.0,207.0
209.0,250.0,124.0,207.0
208.0,249.0,124.0,207.0
206.0,248.0,124.0,207.0
205.0,247.0,124.0,208.0
206.0,245.0,124.0,208.0
205.0,245.0,124.0,209.0
205.0,242.0,124.0,209.0
204.0,239.0,124.0,209.0
204.0,237.0,124.0,209.0
203.0,236.0,125.0,208.0
204.0,234.0,125.0,207.0
202.0,232.0,126.0,206.0
203.0,233.0,126.0,207.0
201.0,232.0,126.0,208.0
201.0,231.0,126.0,209.0
200.0,231.0,126.0,210.0
199.0,231.0,126.0,211.0
197.0,231.0,126.0,211.0
193.0,231.0,126.0,211.0
192.0,232.0,126.0,211.0
189.0,232.0,126.0,211.0
189.0,231.0,126.0,213.0
187.0,231.0,126.0,215.0
184.0,230.0,126.0,216.0
183.0,230.0,126.0,217.0
181.0,229.0,126.0,218.0
180.0,229.0,126.0,218.0
179.0,228.0,127.0,216.0
177.0,227.0,127.0,214.0
177.0,226.0,128.0,211.0
175.0,225.0,130.0,211.0
172.0,226.0,132.0,211.0
170.0,226.0,134.0,211.0
168.0,226.0,133.0,211.0
166.0,226.0,132.0,211.0
163.0,225.0,131.0,211.0
162.0,226.0,131.0,213.0
162.0,225.0,131.0,214.0
162.0,226.0,131.0,215.0
162.0,225.0,131.0,216.0
162.0,226.0,131.0,216.0
161.0,225.0,131.0,217.0
161.0,225.0,131.0,217.0
162.0,225.0,131.0,217.0
161.0,224.0,131.0,217.0
161.0,222.0,131.0,216.0
163.0,219.0,132.0,214.0
165.0,217.0,133.0,213.0
165.0,218.0,133.0,214.0
165.0,217.0,134.0,215.0
165.0,217.0,135.0,216.0
165.0,218.0,135.0,217.0
165.0,218.0,135.0,218.0
165.0,218.0,135.0,220.0
165.0,218.0,135.0,221.0
165.0,218.0,135.0,223.0
165.0,218.0,135.0,225.0
164.0,217.0,135.0,226.0
164.0,217.0,135.0,227.0
163.0,216.0,135.0,229.0
162.0,216.0,135.0,229.0
162.0,216.0,135.0,229.0
161.0,216.0,135.0,229.0
162.0,215.0,135.0,227.0
162.0,213.0,135.0,225.0
163.0,211.0,135.0,224.0
164.0,211.0,136.0,223.0
164.0,210.0,136.0,222.0
165.0,211.0,137.0,221.0
165.0,211.0,137.0,221.0
164.0,211.0,137.0,221.0
164.0,210.0,137.0,221.0
163.0,210.0,138.0,222.0
162.0,209.0,140.0,224.0
162.0,208.0,141.0,225.0
162.0,209.0,140.0,226.0
162.0,208.0,139.0,227.0
162.0,209.0,139.0,228.0
163.0,207.0,139.0,229.0
163.0,205.0,139.0,230.0
164.0,203.0,140.0,231.0
165.0,202.0,140.0,229.0
166.0,202.0,140.0,227.0
167.0,202.0,140.0,225.0
167.0,202.0,140.0,226.0
168.0,202.0,141.0,226.0
169.0,202.0,141.0,226.0
168.0,202.0,140.0,229.0
169.0,201.0,139.0,231.0
169.0,200.0,138.0,233.0
169.0,200.0,138.0,234.0
169.0,200.0,138.0,235.0
168.0,200.0,138.0,236.0
169.0,200.0,138.0,237.0
167.0,199.0,138.0,239.0
167.0,197.0,138.0,240.0
166.0,194.0,138.0,240.0
166.0,193.0,138.0,240.0
165.0,190.0,138.0,240.0
163.0,188.0,138.0,239.0
162.0,187.0,138.0,238.0
161.0,186.0,138.0,236.0
160.0,183.0,140.0,236.0
159.0,182.0,142.0,236.0
157.0,182.0,143.0,236.0
157.0,182.0,143.0,236.0
156.0,182.0,143.0,236.0
153.0,181.0,143.0,236.0
152.0,181.0,143.0,237.0
150.0,180.0,143.0,238.0
149.0,179.0,142.0,238.0
148.0,178.0,142.0,239.0
148.0,176.0,142.0,240.0
148.0,175.0,141.0,241.0
148.0,174.0,141.0,241.0
148.0,173.0,141.0,241.0
148.0,173.0,141.0,241.0
147.0,170.0,141.0,241.0
147.0,166.0,141.0,241.0
147.0,163.0,141.0,241.0
146.0,163.0,142.0,241.0
146.0,161.0,143.0,241.0
146.0,159.0,143.0,241.0
145.0,157.0,143.0,242.0
145.0,155.0,143.0,243.0
144.0,154.0,143.0,244.0
143.0,155.0,143.0,245.0
141.0,155.0,143.0,246.0
139.0,155.0,143.0,247.0
137.0,155.0,144.0,248.0
136.0,155.0,145.0,249.0
134.0,155.0,145.0,250.0
132.0,155.0,145.0,250.0
131.0,154.0,145.0,251.0
131.0,154.0,145.0,251.0
129.0,153.0,145.0,251.0
127.0,151.0,145.0,251.0
126.0,150.0,145.0,251.0
127.0,148.0,146.0,248.0
130.0,146.0,146.0,245.0
132.0,144.0,146.0,242.0
137.0,144.0,148.0,242.0
145.0,143.0,149.0,242.0
152.0,142.0,150.0,242.0
159.0,142.0,150.0,243.0
164.0,142.0,150.0,244.0
172.0,142.0,150.0,245.0
182.0,141.0,150.0,245.0
192.0,141.0,149.0,245.0
200.0,142.0,148.0,245.0
216.0,139.0,145.0,245.0
231.0,136.0,142.0,245.0
250.0,132.0,139.0,245.0
267.0,131.0,138.0,244.0
283.0,129.0,137.0,242.0
301.0,128.0,136.0,240.0
316.0,130.0,136.0,240.0
334.0,133.0,136.0,239.0
348.0,136.0,136.0,238.0
358.0,138.0,135.0,239.0
369.0,138.0,134.0,240.0
379.0,140.0,133.0,240.0
388.0,144.0,133.0,240.0
398.0,146.0,133.0,240.0
407.0,148.0,133.0,240.0
416.0,151.0,132.0,241.0
424.0,154.0,131.0,242.0
435.0,158.0,131.0,242.0
443.0,160.0,131.0,242.0
450.0,162.0,131.0,242.0
458.0,165.0,131.0,242.0
462.0,168.0,131.0,242.0
467.0,172.0,131.0,242.0
470.0,177.0,131.0,242.0
472.0,181.0,131.0,242.0
474.0,187.0,131.0,242.0
473.0,195.0,131.0,242.0
475.0,204.0,130.0,241.0
476.0,213.0,129.0,241.0
477.0,222.0,128.0,240.0
477.0,231.0,128.0,240.0
476.0,240.0,128.0,240.0
477.0,250.0,128.0,240.0
477.0,261.0,128.0,240.0
478.0,271.0,128.0,240.0
478.0,281.0,128.0,240.0
479.0,292.0,127.0,240.0
479.0,303.0,127.0,240.0
481.0,313.0,126.0,241.0
482.0,321.0,126.0,241.0
482.0,330.0,126.0,241.0
484.0,338.0,126.0,241.0
485.0,343.0,126.0,241.0
486.0,348.0,126.0,241.0
487.0,351.0,126.0,241.0
486.0,353.0,126.0,241.0
485.0,354.0,126.0,242.0
484.0,354.0,126.0,242.0
484.0,355.0,126.0,244.0
484.0,357.0,126.0,247.0
484.0,358.0,126.0,249.0
484.0,359.0,126.0,250.0
483.0,361.0,126.0,252.0
484.0,362.0,126.0,254.0
483.0,362.0,126.0,254.0
483.0,362.0,126.0,254.0
483.0,362.0,126.0,254.0
482.0,361.0,126.0,254.0
482.0,358.0,126.0,254.0
480.0,357.0,126.0,254.0
478.0,354.0,126.0,253.0
478.0,352.0,126.0,251.0
477.0,351.0,126.0,250.0
475.0,350.0,126.0,250.0
473.0,349.0,126.0,250.0
472.0,349.0,126.0,250.0
470.0,349.0,127.0,251.0
467.0,347.0,129.0,252.0
464.0,347.0,130.0,252.0
462.0,347.0,130.0,252.0
461.0,347.0,130.0,252.0
459.0,347.0,130.0,252.0
457.0,349.0,130.0,252.0
455.0,350.0,130.0,252.0
454.0,351.0,130.0,252.0
452.0,352.0,130.0,252.0
451.0,353.0,130.0,252.0
450.0,354.0,130.0,252.0
449.0,355.0,130.0,252.0
448.0,355.0,130.0,252.0
446.0,357.0,130.0,252.0
445.0,358.0,130.0,253.0
444.0,359.0,130.0,254.0
442.0,359.0,130.0,255.0
440.0,359.0,131.0,258.0
439.0,359.0,132.0,260.0
437.0,360.0,132.0,263.0
435.0,362.0,132.0,263.0
434.0,363.0,132.0,263.0
432.0,364.0,132.0,263.0
429.0,365.0,132.0,265.0
427.0,367.0,132.0,267.0
426.0,368.0,132.0,269.0
424.0,368.0,132.0,269.0
422.0,368.0,132.0,269.0
422.0,369.0,132.0,269.0
421.0,368.0,132.0,269.0
419.0,369.0,132.0,269.0
417.0,368.0,132.0,269.0
417.0,368.0,132.0,269.0
415.0,366.0,132.0,269.0
412.0,367.0,132.0,269.0
410.0,367.0,132.0,269.0
409.0,367.0,132.0,269.0
407.0,367.0,132.0,269.0
404.0,366.0,132.0,270.0
403.0,366.0,131.0,270.0
401.0,366.0,130.0,270.0
399.0,367.0,130.0,271.0
398.0,367.0,130.0,271.0
399.0,369.0,130.0,272.0
397.0,369.0,130.0,272.0
397.0,370.0,130.0,272.0
397.0,371.0,130.0,272.0
396.0,371.0,131.0,272.0
397.0,371.0,132.0,272.0
396.0,372.0,133.0,272.0
396.0,375.0,133.0,272.0
394.0,378.0,133.0,273.0
394.0,379.0,133.0,273.0
390.0,378.0,133.0,275.0
389.0,378.0,133.0,276.0
387.0,377.0,133.0,277.0
385.0,378.0,133.0,278.0
383.0,379.0,133.0,279.0
380.0,379.0,133.0,280.0
378.0,377.0,133.0,281.0
376.0,378.0,133.0,283.0
374.0,376.0,133.0,284.0
373.0,375.0,133.0,285.0
372.0,373.0,133.0,286.0
371.0,370.0,132.0,287.0
369.0,370.0,134.0,284.0
367.0,369.0,135.0,281.0
364.0,368.0,137.0,279.0
362.0,366.0,137.0,279.0
361.0,364.0,137.0,279.0
359.0,363.0,137.0,279.0
356.0,363.0,137.0,279.0
354.0,362.0,138.0,279.0
352.0,360.0,139.0,279.0
347.0,359.0,139.0,279.0
343.0,355.0,139.0,280.0
340.0,354.0,140.0,281.0
337.0,352.0,139.0,282.0
335.0,352.0,139.0,284.0
335.0,352.0,138.0,285.0
332.0,349.0,138.0,285.0
329.0,346.0,138.0,285.0
328.0,344.0,138.0,285.0
328.0,343.0,138.0,285.0
327.0,340.0,138.0,285.0
327.0,338.0,138.0,285.0
326.0,338.0,138.0,285.0
324.0,337.0,139.0,285.0
323.0,336.0,139.0,285.0
320.0,336.0,139.0,286.0
317.0,337.0,139.0,286.0
313.0,336.0,139.0,287.0
311.0,335.0,140.0,289.0
308.0,334.0,141.0,292.0
305.0,334.0,142.0,295.0
302.0,333.0,142.0,296.0
300.0,332.0,142.0,297.0
297.0,332.0,142.0,299.0
296.0,331.0,142.0,300.0
293.0,330.0,142.0,301.0
293.0,330.0,142.0,302.0
291.0,329.0,142.0,302.0
291.0,327.0,142.0,302.0
289.0,325.0,142.0,302.0
285.0,324.0,142.0,300.0
282.0,323.0,143.0,298.0
279.0,321.0,144.0,297.0
277.0,321.0,145.0,298.0
274.0,322.0,145.0,299.0
271.0,323.0,146.0,301.0
266.0,321.0,146.0,302.0
261.0,320.0,146.0,304.0
256.0,320.0,146.0,306.0
253.0,318.0,146.0,307.0
249.0,317.0,146.0,309.0
246.0,316.0,146.0,311.0
243.0,315.0,147.0,312.0
238.0,314.0,147.0,312.0
235.0,312.0,148.0,313.0
233.0,310.0,148.0,313.0
231.0,310.0,148.0,313.0
229.0,309.0,148.0,313.0
227.0,308.0,148.0,313.0
224.0,308.0,149.0,313.0
222.0,307.0,150.0,313.0
217.0,306.0,150.0,317.0
211.0,304.0,150.0,320.0
205.0,302.0,150.0,324.0
200.0,302.0,150.0,325.0
195.0,302.0,150.0,327.0
188.0,302.0,150.0,328.0
183.0,302.0,150.0,330.0
179.0,302.0,150.0,333.0
175.0,304.0,150.0,335.0
170.0,304.0,150.0,338.0
163.0,304.0,151.0,341.0
157.0,303.0,152.0,345.0
155.0,304.0,152.0,345.0
151.0,306.0,152.0,345.0
148.0,307.0,152.0,345.0
143.0,308.0,153.0,342.0
139.0,309.0,154.0,340.0
136.0,311.0,156.0,337.0
131.0,312.0,157.0,337.0
126.0,313.0,158.0,337.0
53.0,105.0,83.0,229.0
50.0,105.0,83.0,232.0
48.0,104.0,83.0,236.0
46.0,104.0,83.0,239.0
45.0,105.0,82.0,240.0
44.0,107.0,81.0,241.0
44.0,108.0,80.0,242.0
43.0,108.0,81.0,243.0
43.0,108.0,82.0,244.0
43.0,108.0,83.0,244.0
46.0,107.0,82.0,241.0
49.0,106.0,81.0,238.0
52.0,105.0,80.0,235.0
123.0,306.0,158.0,343.0
131.0,303.0,158.0,343.0
142.0,304.0,159.0,343.0
151.0,307.0,158.0,344.0
160.0,307.0,157.0,344.0
169.0,307.0,156.0,345.0
179.0,306.0,156.0,347.0
191.0,305.0,156.0,349.0
203.0,305.0,156.0,351.0
217.0,305.0,156.0,351.0
232.0,304.0,156.0,351.0
247.0,303.0,156.0,351.0
265.0,304.0,156.0,351.0
281.0,304.0,156.0,351.0
297.0,305.0,156.0,351.0
310.0,305.0,156.0,351.0
325.0,304.0,156.0,351.0
341.0,306.0,156.0,351.0
352.0,306.0,154.0,351.0
364.0,305.0,153.0,351.0
375.0,304.0,151.0,351.0
387.0,304.0,151.0,349.0
400.0,304.0,151.0,346.0
411.0,304.0,151.0,343.0
210.0,100.0,74.0,235.0
215.0,100.0,74.0,234.0
221.0,100.0,74.0,233.0
227.0,100.0,74.0,233.0
233.0,100.0,74.0,233.0
239.0,100.0,74.0,233.0
245.0,100.0,74.0,233.0
251.0,99.0,74.0,233.0
256.0,99.0,74.0,233.0
263.0,97.0,71.0,231.0
269.0,96.0,69.0,228.0
276.0,94.0,66.0,225.0
279.0,93.0,66.0,226.0
283.0,91.0,66.0,227.0
286.0,90.0,66.0,228.0
288.0,90.0,66.0,229.0
290.0,90.0,66.0,229.0
292.0,91.0,66.0,229.0
293.0,90.0,65.0,230.0
293.0,89.0,63.0,231.0
294.0,88.0,62.0,232.0
294.0,88.0,65.0,233.0
294.0,88.0,68.0,233.0
294.0,88.0,72.0,233.0
294.0,88.0,72.0,234.0
295.0,88.0,72.0,235.0
296.0,88.0,72.0,235.0
297.0,88.0,72.0,235.0
298.0,87.0,72.0,235.0
299.0,87.0,72.0,235.0
300.0,86.0,72.0,235.0
301.0,84.0,72.0,235.0
302.0,83.0,72.0,235.0
303.0,82.0,70.0,233.0
304.0,81.0,68.0,231.0
306.0,80.0,67.0,229.0
306.0,80.0,67.0,227.0
307.0,81.0,67.0,225.0
308.0,81.0,67.0,223.0
308.0,81.0,67.0,223.0
309.0,81.0,67.0,223.0
310.0,81.0,67.0,223.0
309.0,81.0,67.0,223.0
308.0,81.0,67.0,223.0
307.0,81.0,67.0,223.0
308.0,80.0,67.0,221.0
310.0,80.0,66.0,220.0
311.0,79.0,66.0,218.0
312.0,79.0,66.0,218.0
314.0,78.0,66.0,218.0
315.0,77.0,66.0,218.0
316.0,77.0,66.0,219.0
318.0,77.0,66.0,220.0
319.0,77.0,66.0,221.0
318.0,77.0,66.0,222.0
317.0,78.0,66.0,223.0
317.0,78.0,66.0,223.0
317.0,78.0,66.0,225.0
317.0,79.0,66.0,226.0
317.0,80.0,66.0,228.0
317.0,81.0,66.0,228.0
317.0,82.0,66.0,228.0
316.0,84.0,66.0,228.0
316.0,84.0,66.0,228.0
316.0,84.0,66.0,229.0
316.0,84.0,66.0,229.0
316.0,84.0,66.0,229.0
316.0,84.0,66.0,229.0
316.0,84.0,66.0,229.0
316.0,84.0,66.0,229.0
316.0,84.0,66.0,229.0
316.0,84.0,66.0,229.0
315.0,86.0,66.0,229.0
314.0,87.0,66.0,229.0
312.0,88.0,66.0,229.0
312.0,89.0,67.0,228.0
311.0,91.0,67.0,228.0
311.0,92.0,68.0,227.0
309.0,94.0,67.0,227.0
307.0,95.0,67.0,227.0
305.0,97.0,66.0,227.0
302.0,99.0,66.0,227.0
300.0,100.0,66.0,227.0
297.0,101.0,66.0,227.0
295.0,101.0,66.0,227.0
293.0,100.0,66.0,227.0
291.0,100.0,66.0,227.0
289.0,100.0,66.0,227.0
287.0,101.0,66.0,227.0
285.0,101.0,66.0,227.0
283.0,101.0,66.0,228.0
281.0,102.0,66.0,230.0
279.0,102.0,66.0,232.0
276.0,103.0,66.0,232.0
273.0,103.0,66.0,232.0
271.0,104.0,66.0,232.0
270.0,105.0,68.0,233.0
269.0,105.0,69.0,234.0
268.0,106.0,70.0,235.0
267.0,106.0,70.0,237.0
266.0,106.0,70.0,238.0
266.0,106.0,70.0,239.0
265.0,105.0,70.0,237.0
265.0,105.0,70.0,235.0
265.0,104.0,70.0,233.0
264.0,103.0,70.0,233.0
263.0,103.0,70.0,233.0
263.0,103.0,70.0,233.0
262.0,103.0,70.0,233.0
262.0,103.0,70.0,233.0
262.0,103.0,70.0,233.0
261.0,103.0,70.0,233.0
261.0,103.0,70.0,233.0
260.0,104.0,70.0,233.0
259.0,105.0,70.0,234.0
258.0,106.0,70.0,234.0
257.0,107.0,70.0,235.0
255.0,107.0,70.0,235.0
253.0,107.0,70.0,235.0
251.0,107.0,70.0,235.0
252.0,107.0,70.0,234.0
253.0,107.0,70.0,232.0
254.0,107.0,70.0,231.0
254.0,106.0,70.0,231.0
254.0,106.0,70.0,232.0
254.0,106.0,70.0,233.0
254.0,106.0,70.0,234.0
254.0,106.0,70.0,236.0
254.0,106.0,70.0,238.0
253.0,106.0,70.0,239.0
251.0,106.0,70.0,241.0
250.0,106.0,70.0,243.0
250.0,106.0,70.0,244.0
251.0,107.0,70.0,245.0
252.0,108.0,70.0,247.0
252.0,109.0,70.0,247.0
251.0,110.0,70.0,247.0
251.0,111.0,70.0,247.0
251.0,111.0,70.0,247.0
251.0,110.0,70.0,247.0
251.0,109.0,70.0,247.0
252.0,109.0,70.0,245.0
253.0,108.0,70.0,243.0
254.0,107.0,70.0,242.0
253.0,107.0,70.0,242.0
252.0,108.0,70.0,243.0
251.0,108.0,70.0,244.0
251.0,109.0,71.0,244.0
250.0,111.0,72.0,244.0
249.0,112.0,73.0,244.0
248.0,113.0,73.0,244.0
247.0,115.0,73.0,244.0
246.0,116.0,73.0,244.0
245.0,117.0,73.0,243.0
245.0,117.0,72.0,242.0
244.0,118.0,71.0,242.0
244.0,118.0,71.0,242.0
244.0,118.0,71.0,242.0
244.0,118.0,71.0,242.0
245.0,118.0,72.0,242.0
246.0,117.0,73.0,243.0
247.0,116.0,74.0,243.0
245.0,116.0,75.0,243.0
244.0,116.0,75.0,243.0
243.0,116.0,76.0,243.0
242.0,117.0,76.0,243.0
241.0,118.0,76.0,242.0
240.0,119.0,76.0,241.0
240.0,119.0,79.0,241.0
239.0,119.0,83.0,241.0
239.0,119.0,86.0,241.0
239.0,120.0,88.0,240.0
238.0,121.0,90.0,239.0
237.0,123.0,93.0,237.0
236.0,123.0,93.0,237.0
234.0,123.0,93.0,237.0
232.0,123.0,93.0,237.0
232.0,122.0,93.0,238.0
232.0,121.0,93.0,238.0
231.0,121.0,93.0,239.0
234.0,121.0,89.0,239.0
237.0,121.0,85.0,239.0
239.0,121.0,81.0,239.0
238.0,121.0,81.0,239.0
237.0,121.0,81.0,239.0
236.0,121.0,81.0,239.0
235.0,121.0,82.0,239.0
234.0,121.0,82.0,239.0
233.0,121.0,83.0,239.0
231.0,121.0,83.0,239.0
229.0,121.0,83.0,239.0
227.0,121.0,83.0,239.0
226.0,122.0,83.0,238.0
225.0,123.0,83.0,237.0
224.0,124.0,83.0,236.0
224.0,124.0,83.0,236.0
224.0,124.0,83.0,236.0
225.0,124.0,83.0,236.0
225.0,123.0,83.0,237.0
224.0,123.0,83.0,237.0
224.0,123.0,83.0,237.0
222.0,123.0,83.0,237.0
219.0,123.0,83.0,237.0
217.0,123.0,83.0,237.0
214.0,124.0,83.0,236.0
211.0,124.0,83.0,235.0
209.0,125.0,83.0,234.0
206.0,127.0,86.0,233.0
204.0,129.0,90.0,231.0
201.0,130.0,93.0,229.0
200.0,130.0,92.0,229.0
198.0,130.0,90.0,229.0
196.0,130.0,89.0,229.0
194.0,130.0,89.0,229.0
192.0,130.0,89.0,229.0
190.0,130.0,89.0,229.0
186.0,130.0,89.0,229.0
183.0,130.0,89.0,229.0
179.0,130.0,89.0,229.0
176.0,130.0,89.0,229.0
173.0,130.0,89.0,229.0
171.0,130.0,89.0,229.0
167.0,132.0,89.0,228.0
164.0,133.0,89.0,227.0
161.0,135.0,89.0,225.0
157.0,135.0,89.0,225.0
153.0,135.0,89.0,225.0
149.0,135.0,89.0,225.0
146.0,138.0,89.0,222.0
143.0,140.0,90.0,220.0
140.0,143.0,90.0,217.0
137.0,142.0,90.0,217.0
135.0,142.0,89.0,218.0
132.0,141.0,89.0,219.0
131.0,141.0,89.0,219.0
129.0,141.0,89.0,219.0
127.0,141.0,90.0,219.0
124.0,141.0,92.0,219.0
121.0,141.0,94.0,219.0
118.0,141.0,96.0,219.0
114.0,142.0,96.0,218.0
111.0,143.0,96.0,217.0
108.0,144.0,96.0,216.0
105.0,146.0,96.0,213.0
102.0,149.0,96.0,211.0
99.0,151.0,96.0,209.0
97.0,152.0,96.0,207.0
96.0,154.0,96.0,206.0
94.0,155.0,96.0,204.0
92.0,155.0,96.0,204.0
90.0,155.0,96.0,204.0
88.0,155.0,96.0,204.0
86.0,155.0,95.0,204.0
84.0,155.0,94.0,204.0
83.0,155.0,93.0,204.0
81.0,155.0,93.0,204.0
78.0,155.0,93.0,204.0
76.0,155.0,93.0,204.0
73.0,155.0,93.0,204.0
69.0,155.0,93.0,204.0
66.0,155.0,93.0,204.0
64.0,155.0,93.0,204.0
61.0,155.0,93.0,204.0
59.0,155.0,93.0,204.0
58.0,156.0,91.0,203.0
56.0,158.0,90.0,202.0
54.0,159.0,88.0,201.0
53.0,159.0,88.0,201.0
52.0,159.0,88.0,201.0
51.0,159.0,88.0,201.0
51.0,158.0,88.0,202.0
50.0,157.0,88.0,203.0
49.0,156.0,88.0,204.0
48.0,156.0,88.0,204.0
47.0,156.0,88.0,204.0
46.0,156.0,88.0,204.0
45.0,156.0,88.0,204.0
45.0,156.0,89.0,204.0
44.0,156.0,90.0,204.0
42.0,156.0,90.0,204.0
41.0,156.0,90.0,204.0
40.0,156.0,90.0,204.0
39.0,156.0,89.0,204.0
37.0,156.0,87.0,204.0
36.0,156.0,86.0,204.0
36.0,156.0,86.0,204.0
35.0,156.0,86.0,204.0
34.0,156.0,86.0,204.0
33.0,154.0,86.0,205.0
33.0,152.0,86.0,207.0
32.0,151.0,86.0,209.0
31.0,151.0,86.0,209.0
30.0,151.0,86.0,209.0
29.0,151.0,86.0,209.0
27.0,150.0,89.0,210.0
24.0,149.0,91.0,210.0
22.0,149.0,93.0,211.0
19.0,149.0,94.0,211.0
17.0,149.0,96.0,211.0
15.0,149.0,97.0,211.0
13.0,149.0,94.0,211.0
11.0,149.0,92.0,211.0
10.0,149.0,90.0,211.0
8.0,149.0,90.0,211.0
7.0,149.0,90.0,211.0
5.0,149.0,90.0,211.0
5.0,149.0,89.0,211.0
5.0,149.0,87.0,211.0
5.0,149.0,86.0,211.0
5.0,148.0,86.0,212.0
6.0,147.0,86.0,212.0
7.0,147.0,86.0,213.0
6.0,147.0,90.0,213.0
6.0,147.0,94.0,213.0
6.0,147.0,98.0,213.0
8.0,148.0,98.0,212.0
10.0,149.0,98.0,211.0
12.0,150.0,98.0,210.0
17.0,150.0,97.0,210.0
21.0,151.0,96.0,209.0
25.0,151.0,95.0,208.0
27.0,151.0,93.0,208.0
30.0,151.0,92.0,208.0
32.0,151.0,90.0,208.0
32.0,151.0,89.0,208.0
33.0,151.0,88.0,208.0
34.0,151.0,88.0,208.0
33.0,151.0,88.0,208.0
33.0,151.0,88.0,208.0
32.0,151.0,88.0,208.0
30.0,151.0,91.0,208.0
28.0,151.0,93.0,208.0
25.0,151.0,96.0,208.0
22.0,151.0,96.0,208.0
19.0,151.0,96.0,208.0
16.0,151.0,96.0,208.0
14.0,152.0,94.0,208.0
12.0,153.0,92.0,207.0
10.0,154.0,90.0,206.0
8.0,154.0,90.0,206.0
5.0,154.0,90.0,206.0
2.0,154.0,90.0,206.0
2.0,154.0,88.0,206.0
1.0,154.0,85.0,206.0
0.0,154.0,83.0,206.0
0.0,153.0,80.0,207.0
0.0,152.0,78.0,208.0
0.0,151.0,75.0,209.0
0.0,151.0,75.0,209.0
0.0,151.0,75.0,209.0
0.0,151.0,76.0,209.0
0.0,151.0,76.0,209.0
0.0,151.0,76.0,209.0
0.0,151.0,76.0,209.0
0.0,152.0,74.0,208.0
0.0,152.0,72.0,207.0
0.0,153.0,70.0,207.0
0.0,153.0,68.0,207.0
0.0,153.0,65.0,207.0
0.0,153.0,63.0,207.0
0.0,153.0,59.0,207.0
0.0,153.0,54.0,207.0
0.0,153.0,49.0,207.0
0.0,153.0,49.0,207.0
0.0,153.0,49.0,207.0
0.0,153.0,49.0,207.0
0.0,153.0,49.0,207.0
0.0,153.0,49.0,207.0
0.0,153.0,49.0,207.0
0.0,153.0,49.0,207.0
0.0,153.0,49.0,207.0
0.0,153.0,49.0,207.0
0.0,155.0,48.0,205.0
0.0,158.0,46.0,202.0
0.0,160.0,44.0,200.0
0.0,160.0,44.0,200.0
0.0,160.0,44.0,200.0
0.0,160.0,43.0,200.0
0.0,160.0,42.0,200.0
0.0,160.0,41.0,200.0
0.0,160.0,39.0,200.0
0.0,159.0,41.0,201.0
0.0,157.0,43.0,202.0
0.0,156.0,44.0,203.0
0.0,157.0,50.0,202.0
0.0,159.0,56.0,201.0
0.0,160.0,61.0,200.0
0.0,160.0,63.0,199.0
0.0,161.0,64.0,199.0
0.0,162.0,65.0,198.0
0.0,162.0,66.0,197.0
0.0,163.0,66.0,197.0
0.0,164.0,66.0,196.0
0.0,164.0,70.0,196.0
0.0,164.0,73.0,196.0
0.0,164.0,77.0,196.0
1.0,164.0,78.0,196.0
2.0,164.0,79.0,196.0
2.0,164.0,80.0,196.0
4.0,163.0,82.0,197.0
6.0,162.0,83.0,198.0
8.0,161.0,85.0,198.0
11.0,161.0,85.0,198.0
15.0,161.0,85.0,198.0
18.0,161.0,85.0,198.0
19.0,162.0,85.0,198.0
21.0,163.0,85.0,197.0
22.0,164.0,85.0,196.0
26.0,165.0,84.0,195.0
30.0,166.0,83.0,194.0
33.0,168.0,81.0,192.0
36.0,168.0,81.0,192.0
40.0,168.0,81.0,192.0
43.0,168.0,80.0,192.0
45.0,167.0,79.0,193.0
47.0,166.0,78.0,193.0
49.0,165.0,76.0,194.0
50.0,165.0,78.0,194.0
51.0,165.0,79.0,194.0
53.0,165.0,81.0,194.0
52.0,165.0,83.0,194.0
52.0,165.0,84.0,194.0
51.0,165.0,86.0,194.0
50.0,166.0,86.0,194.0
48.0,166.0,86.0,193.0
46.0,167.0,86.0,193.0
45.0,168.0,86.0,192.0
44.0,168.0,86.0,191.0
43.0,169.0,86.0,191.0
43.0,169.0,84.0,191.0
42.0,169.0,81.0,191.0
41.0,169.0,79.0,191.0
40.0,168.0,79.0,192.0
39.0,166.0,79.0,194.0
38.0,165.0,79.0,195.0
35.0,165.0,79.0,195.0
33.0,165.0,80.0,195.0
31.0,165.0,81.0,195.0
29.0,165.0,82.0,195.0
27.0,165.0,84.0,195.0
25.0,165.0,86.0,195.0
24.0,165.0,86.0,195.0
23.0,165.0,86.0,195.0
22.0,165.0,86.0,195.0
21.0,165.0,84.0,194.0
20.0,166.0,82.0,194.0
19.0,167.0,80.0,193.0
19.0,167.0,80.0,193.0
19.0,167.0,79.0,192.0
19.0,168.0,79.0,192.0
18.0,168.0,79.0,192.0
18.0,168.0,79.0,192.0
17.0,168.0,79.0,192.0
16.0,168.0,80.0,192.0
14.0,168.0,81.0,192.0
12.0,168.0,82.0,192.0
11.0,167.0,83.0,192.0
9.0,167.0,85.0,193.0
7.0,167.0,86.0,193.0
5.0,167.0,86.0,192.0
3.0,168.0,86.0,192.0
0.0,169.0,86.0,191.0
0.0,169.0,85.0,191.0
0.0,169.0,84.0,191.0
0.0,169.0,83.0,191.0
0.0,170.0,82.0,190.0
0.0,170.0,80.0,189.0
0.0,171.0,79.0,188.0
0.0,171.0,78.0,188.0
0.0,171.0,77.0,188.0
0.0,171.0,76.0,188.0
0.0,170.0,75.0,190.0
0.0,169.0,74.0,191.0
0.0,168.0,73.0,192.0
0.0,168.0,73.0,192.0
0.0,168.0,73.0,192.0
0.0,168.0,73.0,192.0
0.0,168.0,73.0,192.0
0.0,168.0,73.0,192.0
0.0,168.0,73.0,192.0
1.0,170.0,73.0,190.0
1.0,171.0,74.0,189.0
2.0,173.0,74.0,187.0
8.0,173.0,74.0,187.0
13.0,173.0,74.0,187.0
19.0,173.0,74.0,187.0
21.0,172.0,75.0,188.0
23.0,171.0,76.0,188.0
24.0,170.0,77.0,189.0
26.0,170.0,78.0,190.0
27.0,169.0,80.0,191.0
28.0,168.0,81.0,192.0
30.0,168.0,81.0,192.0
32.0,168.0,81.0,192.0
33.0,168.0,81.0,192.0
35.0,168.0,81.0,192.0
37.0,168.0,81.0,192.0
39.0,168.0,81.0,192.0
40.0,169.0,81.0,190.0
42.0,171.0,81.0,189.0
43.0,172.0,81.0,188.0
44.0,172.0,81.0,188.0
45.0,172.0,81.0,188.0
46.0,172.0,81.0,188.0
48.0,171.0,80.0,189.0
50.0,170.0,80.0,190.0
51.0,169.0,79.0,191.0
53.0,169.0,78.0,191.0
54.0,169.0,76.0,191.0
56.0,169.0,75.0,191.0
57.0,168.0,76.0,192.0
59.0,167.0,77.0,193.0
61.0,166.0,78.0,193.0
64.0,166.0,78.0,193.0
67.0,166.0,78.0,193.0
71.0,166.0,78.0,193.0
73.0,167.0,78.0,193.0
76.0,168.0,78.0,192.0
79.0,168.0,78.0,192.0
85.0,169.0,78.0,191.0
92.0,170.0,78.0,190.0
98.0,170.0,78.0,189.0
104.0,170.0,77.0,189.0
110.0,170.0,76.0,189.0
116.0,170.0,75.0,189.0
121.0,170.0,75.0,190.0
125.0,169.0,75.0,191.0
130.0,169.0,75.0,191.0
134.0,169.0,77.0,191.0
138.0,169.0,80.0,191.0
143.0,169.0,82.0,191.0
146.0,169.0,82.0,191.0
150.0,169.0,82.0,191.0
153.0,169.0,82.0,191.0
158.0,169.0,81.0,191.0
162.0,170.0,80.0,190.0
166.0,170.0,79.0,189.0
172.0,171.0,77.0,188.0
178.0,172.0,75.0,188.0
183.0,173.0,74.0,187.0
188.0,173.0,73.0,187.0
193.0,173.0,72.0,187.0
198.0,173.0,71.0,187.0
203.0,172.0,71.0,187.0
410.0,390.0,148.0,296.0
416.0,394.0,148.0,297.0
424.0,395.0,148.0,297.0
431.0,396.0,148.0,297.0
439.0,396.0,148.0,297.0
447.0,397.0,148.0,297.0
456.0,398.0,148.0,297.0
463.0,398.0,148.0,297.0
471.0,398.0,148.0,297.0
479.0,399.0,148.0,297.0
485.0,400.0,148.0,297.0
492.0,401.0,147.0,296.0
498.0,403.0,146.0,296.0
503.0,404.0,146.0,295.0
508.0,405.0,146.0,295.0
513.0,406.0,146.0,295.0
516.0,405.0,146.0,295.0
521.0,405.0,146.0,295.0
524.0,404.0,146.0,295.0
528.0,403.0,146.0,295.0
530.0,403.0,148.0,295.0
529.0,403.0,151.0,295.0
531.0,403.0,153.0,295.0
531.0,402.0,153.0,295.0
533.0,402.0,153.0,295.0
534.0,402.0,153.0,295.0
537.0,402.0,153.0,295.0
540.0,403.0,153.0,295.0
543.0,405.0,153.0,295.0
551.0,408.0,151.0,293.0
559.0,410.0,148.0,292.0
569.0,412.0,146.0,290.0
578.0,412.0,146.0,290.0
588.0,412.0,146.0,290.0
600.0,412.0,146.0,290.0
608.0,412.0,146.0,290.0
614.0,411.0,146.0,290.0
622.0,411.0,146.0,290.0
628.0,411.0,146.0,290.0
634.0,411.0,146.0,290.0
640.0,411.0,146.0,290.0
643.0,411.0,146.0,290.0
647.0,411.0,146.0,290.0
650.0,412.0,146.0,290.0
647.0,412.0,146.0,290.0
646.0,412.0,146.0,290.0
644.0,413.0,146.0,290.0
640.0,416.0,146.0,288.0
637.0,418.0,146.0,286.0
634.0,422.0,146.0,284.0
630.0,423.0,146.0,284.0
627.0,423.0,146.0,284.0
625.0,424.0,146.0,284.0
623.0,425.0,147.0,284.0
621.0,424.0,148.0,284.0
619.0,423.0,149.0,284.0
618.0,422.0,149.0,284.0
616.0,422.0,149.0,284.0
614.0,421.0,149.0,284.0
610.0,420.0,149.0,284.0
606.0,421.0,149.0,284.0
603.0,420.0,149.0,284.0
601.0,421.0,149.0,284.0
598.0,421.0,149.0,284.0
595.0,422.0,149.0,284.0
592.0,425.0,148.0,282.0
590.0,427.0,147.0,281.0
587.0,430.0,146.0,279.0
588.0,432.0,146.0,279.0
587.0,432.0,146.0,279.0
586.0,431.0,146.0,279.0
585.0,429.0,146.0,280.0
584.0,427.0,146.0,281.0
582.0,425.0,146.0,282.0
579.0,424.0,146.0,282.0
575.0,424.0,146.0,282.0
571.0,423.0,146.0,282.0
563.0,421.0,146.0,283.0
555.0,420.0,146.0,284.0
545.0,421.0,146.0,285.0
537.0,420.0,146.0,285.0
528.0,420.0,146.0,285.0
520.0,420.0,146.0,285.0
511.0,420.0,146.0,285.0
502.0,420.0,146.0,285.0
494.0,421.0,145.0,285.0
491.0,420.0,145.0,285.0
487.0,421.0,145.0,285.0
484.0,421.0,145.0,285.0
482.0,420.0,145.0,285.0
479.0,418.0,145.0,286.0
477.0,416.0,145.0,287.0
476.0,413.0,146.0,288.0
474.0,411.0,147.0,289.0
472.0,409.0,148.0,290.0
468.0,407.0,148.0,291.0
464.0,405.0,148.0,293.0
460.0,401.0,148.0,294.0
457.0,400.0,148.0,294.0
453.0,400.0,148.0,294.0
451.0,399.0,148.0,294.0
449.0,398.0,148.0,294.0
447.0,399.0,148.0,294.0
445.0,399.0,148.0,294.0
443.0,399.0,148.0,294.0
441.0,398.0,148.0,294.0
440.0,398.0,148.0,294.0
438.0,396.0,148.0,296.0
436.0,393.0,148.0,297.0
435.0,389.0,148.0,298.0
433.0,386.0,149.0,300.0
430.0,383.0,149.0,301.0
426.0,382.0,150.0,302.0
421.0,380.0,150.0,304.0
415.0,379.0,150.0,305.0
410.0,378.0,150.0,306.0
406.0,377.0,150.0,306.0
402.0,376.0,150.0,306.0
397.0,376.0,150.0,306.0
392.0,376.0,150.0,306.0
386.0,376.0,150.0,306.0
382.0,376.0,150.0,306.0
378.0,376.0,150.0,306.0
375.0,376.0,150.0,306.0
371.0,377.0,150.0,306.0
367.0,375.0,150.0,307.0
363.0,375.0,150.0,308.0
359.0,374.0,150.0,309.0
357.0,373.0,150.0,310.0
354.0,369.0,150.0,311.0
351.0,367.0,151.0,312.0
347.0,365.0,152.0,313.0
343.0,363.0,154.0,313.0
340.0,362.0,156.0,314.0
337.0,361.0,156.0,314.0
335.0,360.0,157.0,314.0
332.0,360.0,158.0,314.0
328.0,360.0,158.0,314.0
325.0,360.0,158.0,314.0
324.0,360.0,158.0,314.0
324.0,361.0,158.0,314.0
325.0,360.0,158.0,314.0
325.0,361.0,158.0,314.0
327.0,360.0,157.0,315.0
330.0,359.0,156.0,315.0
333.0,357.0,155.0,316.0
337.0,354.0,155.0,317.0
341.0,352.0,155.0,318.0
344.0,351.0,155.0,319.0
347.0,351.0,154.0,319.0
350.0,351.0,154.0,319.0
352.0,351.0,153.0,319.0
355.0,350.0,153.0,320.0
358.0,349.0,153.0,320.0
361.0,348.0,153.0,320.0
365.0,348.0,153.0,320.0
369.0,348.0,153.0,320.0
373.0,348.0,153.0,320.0
378.0,348.0,153.0,320.0
385.0,349.0,153.0,320.0
390.0,349.0,153.0,320.0
395.0,349.0,153.0,321.0
399.0,348.0,153.0,321.0
403.0,347.0,153.0,322.0
410.0,345.0,153.0,323.0
416.0,343.0,153.0,324.0
421.0,340.0,154.0,325.0
426.0,337.0,155.0,326.0
430.0,335.0,156.0,327.0
436.0,333.0,157.0,328.0
443.0,332.0,158.0,328.0
448.0,332.0,158.0,328.0
454.0,332.0,159.0,328.0
460.0,331.0,159.0,328.0
469.0,330.0,159.0,328.0
476.0,331.0,159.0,328.0
483.0,331.0,157.0,328.0
488.0,331.0,155.0,328.0
494.0,331.0,154.0,328.0
503.0,330.0,154.0,329.0
509.0,329.0,154.0,329.0
515.0,328.0,154.0,330.0
519.0,325.0,154.0,331.0
524.0,323.0,155.0,331.0
528.0,322.0,155.0,332.0
533.0,321.0,155.0,333.0
538.0,320.0,154.0,334.0
543.0,318.0,154.0,335.0
548.0,317.0,154.0,335.0
552.0,317.0,154.0,335.0
556.0,317.0,154.0,335.0
559.0,317.0,154.0,335.0
563.0,316.0,154.0,335.0
567.0,316.0,154.0,335.0
570.0,316.0,154.0,335.0
572.0,316.0,154.0,335.0
574.0,316.0,154.0,335.0
578.0,316.0,153.0,336.0
581.0,315.0,152.0,336.0
586.0,315.0,152.0,336.0
589.0,313.0,152.0,338.0
594.0,310.0,152.0,340.0
597.0,308.0,152.0,341.0
602.0,307.0,152.0,341.0
605.0,306.0,152.0,341.0
608.0,305.0,152.0,341.0
608.0,305.0,152.0,341.0
609.0,305.0,153.0,341.0
611.0,305.0,154.0,341.0
610.0,306.0,153.0,341.0
610.0,306.0,153.0,341.0
610.0,308.0,152.0,341.0
612.0,310.0,152.0,340.0
615.0,313.0,152.0,338.0
616.0,315.0,152.0,336.0
620.0,315.0,152.0,336.0
623.0,315.0,152.0,336.0
626.0,315.0,152.0,336.0
626.0,315.0,151.0,336.0
626.0,315.0,150.0,336.0
624.0,313.0,150.0,336.0
626.0,312.0,149.0,336.0
630.0,311.0,148.0,336.0
633.0,310.0,147.0,336.0
633.0,312.0,147.0,336.0
634.0,313.0,147.0,336.0
635.0,314.0,147.0,336.0
635.0,314.0,147.0,336.0
636.0,314.0,147.0,336.0
636.0,315.0,147.0,336.0
637.0,316.0,147.0,335.0
637.0,319.0,147.0,333.0
639.0,322.0,147.0,332.0
640.0,323.0,147.0,332.0
641.0,324.0,147.0,332.0
643.0,325.0,147.0,332.0
643.0,325.0,147.0,332.0
644.0,325.0,147.0,332.0
647.0,325.0,147.0,332.0
649.0,326.0,147.0,331.0
650.0,327.0,147.0,330.0
652.0,328.0,148.0,330.0
652.0,330.0,150.0,328.0
652.0,334.0,151.0,326.0
652.0,337.0,153.0,325.0
652.0,340.0,152.0,322.0
653.0,344.0,151.0,320.0
654.0,349.0,150.0,317.0
654.0,351.0,150.0,317.0
655.0,353.0,150.0,316.0
656.0,353.0,150.0,316.0
659.0,353.0,149.0,316.0
663.0,353.0,148.0,316.0
667.0,353.0,147.0,316.0
670.0,353.0,145.0,317.0
673.0,351.0,143.0,317.0
675.0,350.0,141.0,318.0
675.0,349.0,141.0,319.0
676.0,347.0,142.0,320.0
678.0,346.0,142.0,320.0
678.0,345.0,142.0,320.0
678.0,344.0,142.0,320.0
678.0,345.0,142.0,320.0
677.0,344.0,144.0,320.0
675.0,345.0,146.0,320.0
674.0,345.0,148.0,320.0
675.0,345.0,148.0,320.0
675.0,346.0,148.0,320.0
342.0,148.0,71.0,212.0
341.0,148.0,71.0,212.0
340.0,148.0,71.0,212.0
340.0,148.0,71.0,212.0
340.0,146.0,71.0,214.0
340.0,145.0,71.0,215.0
341.0,144.0,71.0,216.0
341.0,143.0,71.0,217.0
342.0,142.0,72.0,218.0
342.0,141.0,73.0,218.0
343.0,141.0,73.0,218.0
343.0,141.0,74.0,218.0
343.0,141.0,75.0,218.0
343.0,141.0,73.0,218.0
342.0,141.0,72.0,218.0
341.0,141.0,70.0,218.0
341.0,141.0,70.0,218.0
340.0,141.0,70.0,218.0
340.0,141.0,70.0,218.0
342.0,141.0,70.0,218.0
344.0,141.0,70.0,218.0
346.0,141.0,70.0,218.0
347.0,141.0,69.0,218.0
347.0,141.0,69.0,218.0
347.0,141.0,68.0,218.0
347.0,141.0,68.0,219.0
347.0,141.0,68.0,219.0
347.0,140.0,68.0,219.0
346.0,140.0,68.0,220.0
346.0,140.0,68.0,220.0
345.0,140.0,68.0,220.0
345.0,140.0,68.0,220.0
345.0,140.0,68.0,220.0
345.0,140.0,68.0,220.0
344.0,140.0,68.0,220.0
343.0,140.0,68.0,220.0
342.0,140.0,68.0,220.0
342.0,140.0,68.0,220.0
342.0,140.0,68.0,220.0
342.0,140.0,68.0,220.0
341.0,139.0,68.0,221.0
340.0,137.0,68.0,222.0
339.0,136.0,68.0,223.0
338.0,136.0,68.0,223.0
338.0,136.0,68.0,223.0
338.0,136.0,68.0,223.0
336.0,136.0,70.0,224.0
334.0,135.0,73.0,225.0
333.0,134.0,75.0,226.0
332.0,134.0,75.0,226.0
330.0,134.0,75.0,226.0
329.0,134.0,75.0,226.0
328.0,135.0,75.0,225.0
327.0,135.0,75.0,224.0
326.0,136.0,75.0,224.0
326.0,136.0,74.0,224.0
325.0,136.0,74.0,224.0
325.0,136.0,74.0,224.0
324.0,135.0,71.0,225.0
324.0,134.0,68.0,226.0
323.0,133.0,65.0,227.0
322.0,133.0,65.0,227.0
321.0,132.0,65.0,228.0
319.0,131.0,65.0,228.0
317.0,131.0,65.0,228.0
316.0,131.0,65.0,228.0
314.0,131.0,65.0,228.0
312.0,131.0,66.0,228.0
309.0,131.0,67.0,228.0
307.0,131.0,68.0,228.0
306.0,131.0,68.0,228.0
305.0,131.0,68.0,228.0
304.0,131.0,68.0,228.0
303.0,131.0,68.0,228.0
302.0,131.0,68.0,228.0
301.0,131.0,68.0,228.0
300.0,131.0,67.0,228.0
298.0,131.0,67.0,228.0
296.0,131.0,66.0,228.0
296.0,131.0,67.0,229.0
296.0,130.0,67.0,230.0
296.0,129.0,68.0,231.0
294.0,129.0,69.0,231.0
293.0,129.0,69.0,231.0
292.0,129.0,70.0,231.0
290.0,129.0,70.0,231.0
288.0,129.0,70.0,231.0
286.0,129.0,70.0,231.0
285.0,131.0,70.0,229.0
283.0,132.0,70.0,228.0
282.0,134.0,71.0,226.0
282.0,134.0,70.0,226.0
282.0,134.0,70.0,226.0
282.0,134.0,69.0,226.0
281.0,133.0,68.0,227.0
279.0,132.0,67.0,228.0
277.0,131.0,66.0,228.0
275.0,131.0,66.0,228.0
273.0,131.0,66.0,228.0
271.0,131.0,66.0,228.0
268.0,130.0,66.0,230.0
265.0,129.0,66.0,231.0
262.0,128.0,66.0,232.0
262.0,128.0,66.0,232.0
261.0,128.0,66.0,232.0
261.0,128.0,67.0,232.0
258.0,128.0,67.0,232.0
254.0,129.0,67.0,231.0
251.0,130.0,67.0,230.0
250.0,130.0,67.0,230.0
248.0,130.0,67.0,230.0
246.0,130.0,67.0,230.0
245.0,129.0,67.0,231.0
244.0,127.0,67.0,232.0
242.0,126.0,67.0,233.0
241.0,125.0,67.0,235.0
240.0,124.0,67.0,236.0
239.0,123.0,67.0,237.0
238.0,123.0,67.0,237.0
237.0,123.0,68.0,237.0
236.0,123.0,68.0,237.0
234.0,123.0,70.0,237.0
233.0,123.0,72.0,237.0
231.0,123.0,73.0,237.0
230.0,123.0,73.0,237.0
229.0,124.0,73.0,236.0
228.0,124.0,73.0,236.0
228.0,124.0,73.0,236.0
227.0,124.0,73.0,236.0
226.0,124.0,73.0,236.0
225.0,124.0,71.0,236.0
224.0,123.0,68.0,237.0
223.0,123.0,65.0,237.0
222.0,123.0,65.0,237.0
221.0,123.0,65.0,237.0
220.0,123.0,65.0,237.0
217.0,122.0,65.0,238.0
215.0,121.0,65.0,239.0
213.0,120.0,65.0,239.0
212.0,120.0,66.0,239.0
211.0,120.0,66.0,239.0
211.0,120.0,66.0,239.0
209.0,120.0,66.0,239.0
207.0,120.0,67.0,239.0
205.0,120.0,67.0,239.0
204.0,120.0,67.0,239.0
203.0,120.0,67.0,239.0
203.0,120.0,67.0,239.0
202.0,119.0,67.0,240.0
200.0,119.0,68.0,241.0
199.0,118.0,69.0,242.0
199.0,117.0,69.0,243.0
198.0,116.0,69.0,244.0
197.0,115.0,70.0,244.0
197.0,115.0,71.0,244.0
197.0,115.0,73.0,244.0
197.0,115.0,74.0,244.0
196.0,114.0,76.0,245.0
194.0,114.0,79.0,246.0
193.0,113.0,81.0,247.0
192.0,113.0,81.0,247.0
192.0,113.0,81.0,247.0
191.0,113.0,81.0,247.0
191.0,113.0,80.0,247.0
192.0,113.0,79.0,247.0
192.0,113.0,79.0,247.0
191.0,111.0,79.0,249.0
190.0,110.0,79.0,250.0
189.0,108.0,79.0,252.0
188.0,108.0,79.0,252.0
187.0,107.0,79.0,253.0
186.0,106.0,79.0,253.0
187.0,105.0,77.0,254.0
188.0,104.0,75.0,256.0
188.0,103.0,73.0,257.0
187.0,103.0,73.0,257.0
186.0,103.0,73.0,257.0
184.0,103.0,73.0,257.0
184.0,103.0,74.0,257.0
184.0,103.0,75.0,257.0
184.0,103.0,75.0,257.0
183.0,102.0,75.0,257.0
182.0,102.0,75.0,258.0
181.0,101.0,75.0,259.0
181.0,99.0,75.0,260.0
181.0,97.0,75.0,262.0
181.0,96.0,75.0,264.0
180.0,94.0,77.0,265.0
179.0,93.0,79.0,266.0
178.0,92.0,81.0,268.0
177.0,91.0,82.0,269.0
175.0,90.0,84.0,269.0
174.0,90.0,86.0,270.0
174.0,90.0,87.0,270.0
173.0,90.0,89.0,270.0
173.0,90.0,90.0,270.0
171.0,90.0,90.0,270.0
170.0,90.0,90.0,270.0
168.0,90.0,90.0,270.0
168.0,90.0,90.0,270.0
169.0,90.0,90.0,270.0
169.0,90.0,90.0,270.0
168.0,87.0,89.0,273.0
167.0,85.0,87.0,275.0
166.0,83.0,85.0,277.0
165.0,82.0,85.0,278.0
164.0,81.0,85.0,279.0
163.0,80.0,85.0,279.0
162.0,80.0,85.0,280.0
161.0,80.0,85.0,280.0
160.0,80.0,85.0,280.0
159.0,80.0,85.0,280.0
158.0,80.0,85.0,280.0
157.0,80.0,85.0,280.0
