601.0,160.0,86.0,134.0
600.0,161.0,86.0,134.0
599.0,162.0,86.0,134.0
596.0,159.0,89.0,138.0
596.0,162.0,86.0,134.0
594.0,163.0,87.0,136.0
594.0,164.0,85.0,134.0
592.0,165.0,86.0,135.0
591.0,168.0,82.0,129.0
588.0,169.0,81.0,128.0
587.0,170.0,80.0,125.0
585.0,170.0,79.0,125.0
583.0,171.0,77.0,123.0
580.0,172.0,79.0,125.0
578.0,171.0,81.0,127.0
576.0,172.0,81.0,127.0
573.0,172.0,83.0,129.0
570.0,172.0,82.0,129.0
567.0,174.0,82.0,129.0
566.0,175.0,80.0,127.0
565.0,176.0,80.0,128.0
564.0,178.0,77.0,123.0
562.0,179.0,78.0,123.0
561.0,181.0,76.0,121.0
558.0,183.0,76.0,119.0
557.0,184.0,76.0,119.0
555.0,185.0,76.0,119.0
555.0,187.0,74.0,116.0
551.0,187.0,76.0,119.0
549.0,186.0,77.0,122.0
546.0,186.0,77.0,122.0
545.0,187.0,77.0,122.0
541.0,186.0,78.0,125.0
540.0,186.0,78.0,124.0
538.0,185.0,80.0,126.0
536.0,186.0,79.0,125.0
534.0,187.0,80.0,127.0
532.0,186.0,80.0,128.0
530.0,186.0,82.0,130.0
527.0,186.0,81.0,130.0
526.0,188.0,80.0,128.0
525.0,188.0,80.0,128.0
524.0,190.0,79.0,125.0
525.0,193.0,75.0,121.0
524.0,194.0,74.0,119.0
525.0,194.0,74.0,119.0
527.0,196.0,73.0,117.0
528.0,196.0,73.0,117.0
531.0,196.0,73.0,117.0
534.0,195.0,75.0,119.0
540.0,196.0,73.0,117.0
544.0,194.0,75.0,119.0
550.0,194.0,75.0,119.0
557.0,195.0,73.0,117.0
563.0,194.0,75.0,119.0
571.0,194.0,75.0,119.0
578.0,194.0,75.0,119.0
586.0,194.0,75.0,119.0
594.0,194.0,75.0,119.0
603.0,196.0,73.0,116.0
612.0,197.0,75.0,119.0
620.0,197.0,75.0,119.0
631.0,199.0,75.0,119.0
641.0,200.0,75.0,119.0
649.0,199.0,76.0,121.0
658.0,201.0,75.0,120.0
665.0,200.0,76.0,122.0
673.0,201.0,75.0,120.0
679.0,201.0,75.0,120.0
684.0,202.0,74.0,117.0
689.0,202.0,74.0,117.0
691.0,203.0,76.0,121.0
691.0,202.0,78.0,123.0
693.0,203.0,80.0,125.0
695.0,203.0,80.0,127.0
695.0,203.0,82.0,129.0
695.0,204.0,80.0,127.0
693.0,205.0,84.0,132.0
694.0,207.0,80.0,125.0
693.0,209.0,80.0,126.0
692.0,210.0,78.0,124.0
691.0,212.0,76.0,120.0
689.0,215.0,73.0,116.0
688.0,216.0,71.0,114.0
686.0,218.0,70.0,111.0
684.0,218.0,68.0,110.0
682.0,218.0,68.0,110.0
680.0,219.0,67.0,108.0
679.0,220.0,65.0,106.0
677.0,220.0,66.0,105.0
674.0,221.0,66.0,105.0
672.0,222.0,66.0,105.0
670.0,223.0,66.0,105.0
667.0,225.0,66.0,103.0
666.0,227.0,65.0,102.0
664.0,228.0,65.0,102.0
663.0,230.0,63.0,100.0
661.0,230.0,65.0,102.0
659.0,231.0,63.0,101.0
657.0,232.0,63.0,101.0
656.0,232.0,65.0,103.0
654.0,232.0,65.0,103.0
653.0,232.0,65.0,103.0
650.0,231.0,66.0,105.0
648.0,231.0,66.0,105.0
647.0,231.0,66.0,105.0
646.0,231.0,66.0,104.0
644.0,231.0,66.0,104.0
643.0,232.0,65.0,102.0
642.0,232.0,64.0,102.0
641.0,233.0,62.0,100.0
641.0,234.0,61.0,98.0
640.0,236.0,60.0,96.0
639.0,237.0,59.0,95.0
638.0,238.0,58.0,93.0
636.0,239.0,58.0,93.0
635.0,241.0,56.0,90.0
632.0,241.0,56.0,90.0
630.0,241.0,56.0,90.0
628.0,243.0,55.0,89.0
626.0,243.0,55.0,89.0
624.0,243.0,55.0,89.0
621.0,244.0,55.0,89.0
619.0,243.0,55.0,89.0
617.0,243.0,55.0,88.0
615.0,243.0,55.0,88.0
613.0,242.0,55.0,87.0
611.0,242.0,56.0,88.0
608.0,242.0,57.0,89.0
606.0,242.0,57.0,90.0
604.0,242.0,57.0,90.0
601.0,243.0,57.0,90.0
599.0,244.0,57.0,90.0
599.0,244.0,56.0,88.0
595.0,245.0,57.0,90.0
594.0,246.0,56.0,89.0
593.0,246.0,56.0,89.0
590.0,246.0,56.0,89.0
587.0,246.0,56.0,89.0
585.0,245.0,57.0,90.0
584.0,245.0,56.0,89.0
581.0,245.0,56.0,89.0
580.0,244.0,56.0,89.0
578.0,242.0,56.0,90.0
574.0,242.0,57.0,92.0
572.0,241.0,56.0,92.0
571.0,241.0,55.0,90.0
569.0,241.0,54.0,88.0
567.0,242.0,54.0,86.0
564.0,242.0,54.0,86.0
564.0,242.0,53.0,85.0
561.0,244.0,51.0,84.0
559.0,244.0,52.0,84.0
556.0,245.0,52.0,84.0
555.0,246.0,50.0,81.0
553.0,246.0,50.0,81.0
550.0,246.0,51.0,82.0
547.0,246.0,50.0,81.0
545.0,245.0,51.0,81.0
543.0,244.0,51.0,81.0
541.0,244.0,51.0,81.0
538.0,244.0,51.0,81.0
537.0,244.0,50.0,79.0
535.0,244.0,49.0,78.0
534.0,243.0,49.0,78.0
532.0,241.0,50.0,81.0
531.0,244.0,49.0,80.0
530.0,245.0,49.0,80.0
529.0,245.0,49.0,79.0
528.0,246.0,48.0,78.0
526.0,247.0,47.0,76.0
524.0,247.0,47.0,76.0
523.0,248.0,46.0,75.0
523.0,248.0,46.0,75.0
520.0,247.0,47.0,76.0
519.0,246.0,46.0,76.0
519.0,245.0,46.0,76.0
518.0,244.0,46.0,76.0
519.0,244.0,46.0,76.0
521.0,244.0,45.0,74.0
522.0,244.0,46.0,75.0
523.0,244.0,45.0,74.0
525.0,244.0,45.0,74.0
528.0,245.0,45.0,73.0
530.0,245.0,45.0,73.0
533.0,245.0,45.0,73.0
536.0,245.0,45.0,73.0
540.0,246.0,45.0,72.0
542.0,246.0,45.0,72.0
546.0,246.0,44.0,71.0
550.0,245.0,44.0,71.0
555.0,246.0,43.0,69.0
560.0,246.0,43.0,69.0
565.0,244.0,44.0,71.0
570.0,244.0,43.0,69.0
577.0,244.0,43.0,69.0
581.0,242.0,44.0,71.0
587.0,242.0,44.0,71.0
592.0,242.0,44.0,71.0
597.0,242.0,44.0,71.0
600.0,242.0,44.0,71.0
605.0,243.0,43.0,69.0
607.0,244.0,43.0,69.0
610.0,244.0,43.0,69.0
611.0,245.0,43.0,69.0
612.0,244.0,44.0,71.0
613.0,244.0,44.0,71.0
614.0,244.0,44.0,71.0
614.0,244.0,43.0,69.0
615.0,244.0,43.0,69.0
615.0,243.0,43.0,69.0
616.0,243.0,43.0,69.0
616.0,241.0,44.0,71.0
616.0,241.0,44.0,71.0
616.0,240.0,44.0,71.0
616.0,240.0,43.0,69.0
616.0,240.0,44.0,70.0
616.0,240.0,43.0,69.0
616.0,240.0,42.0,69.0
615.0,239.0,43.0,70.0
613.0,240.0,42.0,69.0
613.0,240.0,42.0,69.0
611.0,241.0,42.0,69.0
610.0,242.0,41.0,68.0
607.0,243.0,41.0,68.0
605.0,243.0,41.0,68.0
604.0,244.0,41.0,67.0
603.0,244.0,41.0,67.0
602.0,244.0,41.0,67.0
601.0,244.0,40.0,66.0
599.0,244.0,41.0,67.0
597.0,244.0,41.0,67.0
596.0,245.0,40.0,66.0
595.0,245.0,40.0,65.0
593.0,245.0,40.0,65.0
592.0,246.0,40.0,65.0
590.0,246.0,40.0,65.0
589.0,247.0,39.0,63.0
588.0,248.0,39.0,63.0
588.0,250.0,38.0,62.0
587.0,250.0,39.0,62.0
586.0,251.0,38.0,62.0
585.0,252.0,38.0,62.0
583.0,252.0,38.0,62.0
582.0,253.0,38.0,62.0
581.0,253.0,38.0,62.0
580.0,252.0,39.0,62.0
579.0,251.0,39.0,63.0
578.0,252.0,39.0,63.0
577.0,251.0,40.0,65.0
576.0,251.0,40.0,65.0
576.0,253.0,39.0,63.0
575.0,253.0,39.0,63.0
575.0,254.0,38.0,62.0
575.0,255.0,38.0,62.0
574.0,257.0,38.0,62.0
574.0,258.0,37.0,61.0
573.0,259.0,38.0,62.0
573.0,260.0,37.0,61.0
571.0,262.0,37.0,61.0
570.0,263.0,37.0,61.0
569.0,264.0,37.0,61.0
568.0,265.0,36.0,60.0
567.0,266.0,36.0,60.0
566.0,266.0,36.0,58.0
564.0,267.0,36.0,58.0
563.0,267.0,36.0,58.0
562.0,267.0,36.0,60.0
562.0,268.0,36.0,58.0
562.0,269.0,36.0,58.0
561.0,270.0,35.0,57.0
559.0,270.0,35.0,57.0
559.0,271.0,34.0,56.0
559.0,273.0,34.0,55.0
558.0,274.0,34.0,56.0
557.0,275.0,34.0,55.0
557.0,277.0,34.0,55.0
556.0,278.0,34.0,55.0
555.0,278.0,34.0,55.0
554.0,278.0,34.0,55.0
553.0,278.0,34.0,57.0
552.0,279.0,34.0,56.0
552.0,279.0,34.0,57.0
550.0,278.0,35.0,58.0
549.0,278.0,34.0,57.0
549.0,279.0,34.0,56.0
548.0,279.0,34.0,57.0
546.0,278.0,34.0,57.0
546.0,279.0,34.0,56.0
545.0,280.0,34.0,57.0
544.0,280.0,34.0,56.0
544.0,281.0,34.0,55.0
543.0,282.0,34.0,55.0
541.0,283.0,33.0,55.0
540.0,284.0,33.0,55.0
539.0,285.0,33.0,55.0
538.0,286.0,33.0,55.0
537.0,287.0,33.0,54.0
534.0,288.0,33.0,54.0
532.0,290.0,33.0,54.0
531.0,291.0,33.0,54.0
529.0,291.0,33.0,54.0
528.0,291.0,33.0,54.0
526.0,291.0,33.0,54.0
525.0,292.0,33.0,54.0
524.0,293.0,33.0,54.0
523.0,293.0,33.0,54.0
522.0,293.0,33.0,54.0
521.0,295.0,32.0,53.0
520.0,296.0,33.0,54.0
519.0,297.0,32.0,53.0
518.0,298.0,33.0,54.0
517.0,299.0,33.0,54.0
516.0,300.0,33.0,54.0
515.0,301.0,33.0,54.0
515.0,301.0,32.0,53.0
514.0,301.0,33.0,55.0
514.0,301.0,33.0,55.0
515.0,301.0,33.0,55.0
518.0,300.0,33.0,55.0
522.0,300.0,33.0,55.0
526.0,299.0,33.0,56.0
532.0,299.0,33.0,56.0
537.0,299.0,33.0,56.0
544.0,298.0,34.0,56.0
552.0,297.0,33.0,55.0
561.0,297.0,34.0,56.0
571.0,297.0,33.0,55.0
582.0,298.0,33.0,55.0
594.0,298.0,34.0,56.0
605.0,298.0,33.0,54.0
618.0,299.0,33.0,54.0
631.0,300.0,33.0,54.0
642.0,301.0,33.0,54.0
655.0,302.0,33.0,54.0
665.0,303.0,33.0,54.0
676.0,304.0,33.0,54.0
687.0,306.0,32.0,53.0
695.0,305.0,33.0,54.0
702.0,306.0,32.0,53.0
708.0,307.0,32.0,53.0
712.0,308.0,32.0,53.0
715.0,309.0,32.0,53.0
717.0,310.0,33.0,53.0
717.0,311.0,32.0,53.0
717.0,313.0,33.0,53.0
717.0,313.0,33.0,54.0
716.0,313.0,33.0,54.0
715.0,315.0,32.0,52.0
714.0,316.0,32.0,52.0
712.0,317.0,32.0,52.0
711.0,318.0,33.0,54.0
710.0,319.0,32.0,53.0
709.0,319.0,32.0,53.0
708.0,320.0,32.0,53.0
706.0,319.0,32.0,54.0
705.0,319.0,33.0,55.0
703.0,319.0,33.0,55.0
702.0,319.0,33.0,55.0
701.0,318.0,33.0,56.0
699.0,320.0,34.0,57.0
698.0,320.0,33.0,55.0
697.0,321.0,33.0,54.0
695.0,322.0,33.0,53.0
694.0,323.0,32.0,53.0
694.0,324.0,32.0,53.0
692.0,325.0,32.0,53.0
691.0,326.0,32.0,53.0
689.0,326.0,32.0,53.0
687.0,327.0,32.0,53.0
685.0,328.0,33.0,54.0
682.0,328.0,32.0,53.0
681.0,328.0,32.0,53.0
680.0,329.0,32.0,52.0
677.0,329.0,31.0,51.0
677.0,330.0,31.0,50.0
674.0,330.0,31.0,51.0
674.0,330.0,30.0,49.0
672.0,331.0,31.0,50.0
671.0,330.0,31.0,50.0
671.0,331.0,30.0,49.0
670.0,332.0,31.0,50.0
668.0,332.0,31.0,50.0
669.0,333.0,29.0,49.0
668.0,334.0,29.0,48.0
667.0,334.0,31.0,50.0
665.0,334.0,30.0,49.0
665.0,334.0,31.0,50.0
663.0,334.0,31.0,50.0
663.0,333.0,31.0,50.0
661.0,332.0,32.0,52.0
660.0,331.0,32.0,52.0
659.0,331.0,31.0,51.0
658.0,331.0,32.0,52.0
657.0,330.0,32.0,52.0
656.0,330.0,31.0,51.0
655.0,330.0,32.0,52.0
654.0,330.0,32.0,52.0
652.0,330.0,32.0,52.0
650.0,330.0,33.0,54.0
648.0,330.0,32.0,52.0
648.0,331.0,33.0,53.0
645.0,330.0,33.0,53.0
645.0,332.0,31.0,50.0
643.0,332.0,32.0,51.0
641.0,331.0,32.0,52.0
640.0,330.0,33.0,53.0
637.0,330.0,32.0,52.0
636.0,331.0,32.0,51.0
635.0,330.0,31.0,50.0
634.0,330.0,31.0,51.0
632.0,330.0,31.0,51.0
631.0,330.0,31.0,50.0
630.0,329.0,32.0,51.0
628.0,328.0,32.0,52.0
626.0,328.0,33.0,52.0
626.0,329.0,32.0,51.0
626.0,329.0,31.0,50.0
626.0,330.0,30.0,48.0
624.0,330.0,29.0,48.0
623.0,330.0,29.0,49.0
622.0,330.0,29.0,49.0
622.0,330.0,28.0,47.0
621.0,330.0,28.0,47.0
620.0,329.0,29.0,48.0
619.0,329.0,29.0,49.0
617.0,328.0,29.0,49.0
616.0,326.0,31.0,49.0
615.0,325.0,31.0,50.0
614.0,325.0,31.0,50.0
613.0,325.0,31.0,49.0
612.0,325.0,31.0,49.0
610.0,325.0,31.0,49.0
610.0,324.0,31.0,49.0
610.0,324.0,29.0,48.0
608.0,324.0,29.0,47.0
608.0,325.0,28.0,46.0
607.0,326.0,28.0,46.0
605.0,326.0,28.0,45.0
605.0,326.0,28.0,46.0
602.0,325.0,29.0,47.0
602.0,326.0,29.0,47.0
600.0,326.0,29.0,47.0
599.0,325.0,28.0,46.0
597.0,325.0,28.0,45.0
598.0,326.0,27.0,45.0
596.0,325.0,27.0,45.0
595.0,324.0,27.0,45.0
594.0,325.0,26.0,44.0
592.0,325.0,26.0,44.0
592.0,325.0,26.0,44.0
591.0,325.0,26.0,43.0
591.0,325.0,27.0,44.0
589.0,325.0,27.0,44.0
589.0,325.0,27.0,44.0
588.0,326.0,26.0,43.0
586.0,326.0,27.0,44.0
586.0,326.0,27.0,44.0
585.0,327.0,26.0,43.0
584.0,327.0,26.0,43.0
584.0,327.0,26.0,43.0
583.0,327.0,27.0,44.0
582.0,327.0,26.0,43.0
581.0,327.0,27.0,44.0
581.0,326.0,27.0,44.0
579.0,327.0,26.0,43.0
579.0,327.0,26.0,43.0
578.0,326.0,27.0,44.0
577.0,326.0,27.0,44.0
576.0,327.0,26.0,43.0
576.0,328.0,26.0,42.0
576.0,329.0,26.0,42.0
575.0,330.0,26.0,43.0
573.0,330.0,26.0,42.0
572.0,330.0,26.0,43.0
570.0,331.0,26.0,42.0
569.0,332.0,26.0,42.0
567.0,333.0,26.0,44.0
566.0,333.0,26.0,43.0
566.0,333.0,26.0,43.0
564.0,333.0,26.0,44.0
562.0,333.0,26.0,43.0
561.0,333.0,26.0,44.0
560.0,332.0,26.0,44.0
558.0,333.0,26.0,43.0
557.0,334.0,26.0,42.0
558.0,334.0,25.0,42.0
558.0,334.0,26.0,42.0
558.0,334.0,26.0,43.0
560.0,334.0,26.0,43.0
562.0,335.0,26.0,43.0
565.0,336.0,27.0,44.0
568.0,337.0,26.0,43.0
572.0,337.0,26.0,43.0
576.0,337.0,26.0,43.0
581.0,337.0,26.0,44.0
587.0,337.0,26.0,44.0
592.0,336.0,26.0,44.0
598.0,336.0,26.0,44.0
605.0,336.0,26.0,44.0
613.0,335.0,26.0,43.0
621.0,335.0,26.0,44.0
628.0,336.0,26.0,43.0
637.0,337.0,26.0,43.0
646.0,337.0,26.0,43.0
654.0,338.0,26.0,43.0
663.0,338.0,26.0,43.0
671.0,339.0,26.0,43.0
677.0,340.0,26.0,43.0
683.0,341.0,26.0,43.0
689.0,342.0,26.0,43.0
693.0,343.0,26.0,43.0
696.0,344.0,26.0,42.0
700.0,345.0,26.0,43.0
702.0,345.0,26.0,43.0
704.0,345.0,26.0,44.0
704.0,345.0,26.0,44.0
704.0,345.0,26.0,44.0
704.0,345.0,26.0,44.0
703.0,344.0,26.0,44.0
702.0,344.0,26.0,44.0
701.0,344.0,26.0,43.0
700.0,344.0,26.0,43.0
698.0,344.0,26.0,43.0
697.0,344.0,26.0,43.0
695.0,344.0,26.0,43.0
694.0,345.0,26.0,43.0
693.0,345.0,26.0,43.0
693.0,345.0,26.0,43.0
691.0,346.0,26.0,43.0
690.0,346.0,26.0,43.0
689.0,346.0,26.0,43.0
687.0,346.0,26.0,43.0
686.0,346.0,26.0,43.0
685.0,345.0,26.0,43.0
684.0,345.0,26.0,43.0
683.0,345.0,26.0,43.0
682.0,344.0,26.0,43.0
681.0,344.0,26.0,43.0
681.0,344.0,26.0,43.0
679.0,343.0,26.0,43.0
678.0,343.0,27.0,44.0
677.0,343.0,26.0,43.0
676.0,343.0,26.0,43.0
674.0,344.0,26.0,43.0
674.0,344.0,26.0,43.0
672.0,344.0,26.0,43.0
671.0,344.0,26.0,43.0
670.0,345.0,26.0,43.0
668.0,345.0,26.0,43.0
666.0,345.0,26.0,43.0
665.0,345.0,26.0,43.0
663.0,346.0,26.0,43.0
662.0,346.0,26.0,43.0
660.0,346.0,26.0,43.0
658.0,345.0,26.0,43.0
657.0,346.0,26.0,43.0
655.0,346.0,26.0,43.0
655.0,346.0,26.0,43.0
654.0,346.0,26.0,43.0
653.0,345.0,26.0,43.0
652.0,345.0,26.0,42.0
650.0,346.0,26.0,43.0
649.0,346.0,26.0,43.0
648.0,347.0,26.0,43.0
647.0,347.0,26.0,43.0
646.0,347.0,26.0,43.0
645.0,347.0,26.0,43.0
645.0,348.0,26.0,43.0
644.0,348.0,26.0,43.0
643.0,348.0,26.0,43.0
641.0,348.0,26.0,43.0
640.0,347.0,26.0,43.0
640.0,346.0,26.0,43.0
639.0,346.0,26.0,43.0
637.0,346.0,26.0,43.0
636.0,345.0,26.0,43.0
635.0,345.0,26.0,43.0
633.0,345.0,26.0,43.0
633.0,346.0,26.0,43.0
632.0,345.0,26.0,43.0
630.0,345.0,26.0,43.0
628.0,345.0,26.0,43.0
627.0,346.0,26.0,43.0
625.0,346.0,26.0,43.0
624.0,347.0,26.0,43.0
622.0,347.0,26.0,43.0
621.0,347.0,26.0,43.0
619.0,347.0,26.0,43.0
617.0,347.0,26.0,43.0
616.0,347.0,26.0,43.0
615.0,346.0,26.0,43.0
614.0,346.0,26.0,43.0
613.0,346.0,26.0,43.0
611.0,346.0,26.0,43.0
610.0,346.0,26.0,43.0
609.0,346.0,26.0,43.0
609.0,346.0,26.0,43.0
608.0,346.0,26.0,43.0
607.0,346.0,26.0,43.0
605.0,346.0,26.0,43.0
605.0,346.0,26.0,43.0
604.0,347.0,26.0,43.0
603.0,347.0,26.0,43.0
602.0,347.0,26.0,43.0
601.0,347.0,26.0,43.0
600.0,347.0,26.0,43.0
600.0,347.0,26.0,43.0
599.0,347.0,26.0,43.0
598.0,347.0,26.0,43.0
597.0,346.0,26.0,43.0
596.0,346.0,26.0,43.0
596.0,345.0,26.0,43.0
595.0,345.0,26.0,43.0
595.0,345.0,26.0,43.0
593.0,346.0,26.0,43.0
592.0,346.0,26.0,43.0
592.0,347.0,26.0,43.0
591.0,347.0,26.0,43.0
589.0,347.0,26.0,43.0
588.0,347.0,26.0,43.0
587.0,348.0,26.0,43.0
586.0,349.0,26.0,43.0
586.0,349.0,26.0,43.0
584.0,349.0,26.0,43.0
582.0,350.0,26.0,43.0
581.0,350.0,26.0,43.0
580.0,350.0,26.0,43.0
579.0,351.0,26.0,43.0
578.0,351.0,26.0,43.0
576.0,351.0,26.0,43.0
576.0,352.0,26.0,43.0
575.0,352.0,26.0,43.0
575.0,352.0,26.0,43.0
573.0,352.0,26.0,43.0
573.0,353.0,26.0,43.0
572.0,354.0,26.0,43.0
571.0,354.0,26.0,43.0
570.0,355.0,26.0,42.0
569.0,356.0,26.0,43.0
71.0,44.0,3.0,8.0
71.0,44.0,3.0,8.0
71.0,44.0,3.0,8.0
