652.0,45.0,70.0,120.0
653.0,45.0,70.0,120.0
652.0,45.0,71.0,122.0
652.0,44.0,71.0,122.0
653.0,45.0,70.0,120.0
653.0,44.0,71.0,122.0
654.0,44.0,71.0,122.0
654.0,43.0,72.0,124.0
655.0,43.0,70.0,122.0
655.0,43.0,70.0,122.0
655.0,42.0,72.0,124.0
656.0,42.0,72.0,124.0
656.0,41.0,73.0,125.0
656.0,41.0,73.0,125.0
658.0,41.0,73.0,124.0
658.0,41.0,73.0,124.0
659.0,41.0,73.0,124.0
660.0,42.0,73.0,124.0
661.0,42.0,73.0,124.0
661.0,42.0,74.0,126.0
663.0,43.0,73.0,124.0
664.0,44.0,71.0,121.0
665.0,44.0,71.0,121.0
666.0,44.0,73.0,124.0
668.0,45.0,71.0,122.0
667.0,44.0,73.0,124.0
668.0,44.0,73.0,124.0
669.0,44.0,73.0,124.0
670.0,44.0,73.0,124.0
671.0,45.0,71.0,122.0
672.0,45.0,71.0,122.0
673.0,46.0,71.0,121.0
673.0,46.0,71.0,121.0
674.0,46.0,71.0,121.0
675.0,46.0,71.0,121.0
676.0,47.0,69.0,119.0
676.0,47.0,69.0,119.0
676.0,48.0,68.0,117.0
677.0,49.0,67.0,116.0
677.0,50.0,66.0,113.0
677.0,50.0,67.0,116.0
678.0,52.0,66.0,113.0
678.0,53.0,66.0,113.0
678.0,52.0,68.0,118.0
679.0,53.0,67.0,116.0
680.0,55.0,66.0,113.0
682.0,55.0,68.0,116.0
683.0,56.0,68.0,116.0
684.0,56.0,68.0,116.0
685.0,56.0,68.0,116.0
686.0,56.0,68.0,116.0
686.0,57.0,67.0,117.0
687.0,58.0,67.0,116.0
687.0,57.0,68.0,118.0
688.0,58.0,68.0,118.0
688.0,59.0,68.0,118.0
688.0,61.0,67.0,116.0
688.0,61.0,67.0,115.0
688.0,61.0,68.0,117.0
688.0,63.0,68.0,116.0
688.0,64.0,68.0,116.0
686.0,64.0,69.0,118.0
686.0,66.0,68.0,116.0
685.0,66.0,69.0,118.0
683.0,67.0,69.0,118.0
683.0,70.0,68.0,116.0
682.0,70.0,69.0,118.0
680.0,71.0,69.0,118.0
678.0,72.0,69.0,118.0
677.0,74.0,68.0,116.0
675.0,76.0,68.0,116.0
673.0,78.0,66.0,114.0
671.0,77.0,68.0,118.0
669.0,78.0,68.0,116.0
666.0,79.0,68.0,116.0
664.0,82.0,66.0,113.0
661.0,82.0,68.0,116.0
659.0,83.0,66.0,113.0
656.0,84.0,68.0,115.0
654.0,86.0,66.0,113.0
651.0,86.0,69.0,117.0
649.0,89.0,66.0,113.0
647.0,90.0,68.0,115.0
645.0,90.0,68.0,116.0
642.0,92.0,68.0,116.0
641.0,94.0,66.0,113.0
640.0,95.0,68.0,116.0
638.0,96.0,68.0,116.0
637.0,99.0,66.0,113.0
636.0,99.0,69.0,118.0
635.0,102.0,68.0,116.0
635.0,103.0,68.0,116.0
636.0,105.0,66.0,114.0
636.0,107.0,68.0,117.0
636.0,107.0,68.0,117.0
638.0,110.0,65.0,112.0
639.0,110.0,66.0,114.0
641.0,112.0,66.0,114.0
643.0,112.0,69.0,118.0
645.0,114.0,68.0,116.0
649.0,116.0,68.0,116.0
654.0,118.0,66.0,113.0
657.0,119.0,68.0,116.0
660.0,121.0,68.0,116.0
665.0,122.0,68.0,116.0
669.0,123.0,69.0,117.0
675.0,126.0,68.0,116.0
680.0,127.0,69.0,118.0
686.0,129.0,68.0,116.0
691.0,132.0,69.0,118.0
698.0,135.0,67.0,113.0
703.0,136.0,69.0,118.0
708.0,139.0,68.0,116.0
713.0,141.0,69.0,118.0
718.0,144.0,68.0,117.0
723.0,146.0,68.0,117.0
727.0,147.0,68.0,117.0
730.0,150.0,68.0,117.0
733.0,152.0,68.0,117.0
735.0,153.0,68.0,117.0
736.0,153.0,69.0,119.0
737.0,155.0,69.0,118.0
737.0,156.0,69.0,118.0
737.0,158.0,68.0,116.0
737.0,161.0,66.0,113.0
734.0,162.0,68.0,116.0
732.0,163.0,68.0,116.0
729.0,164.0,68.0,116.0
725.0,165.0,69.0,118.0
722.0,166.0,69.0,118.0
718.0,169.0,68.0,116.0
714.0,169.0,69.0,118.0
712.0,171.0,68.0,116.0
707.0,172.0,69.0,118.0
704.0,173.0,69.0,118.0
700.0,176.0,69.0,118.0
696.0,177.0,69.0,118.0
693.0,178.0,69.0,119.0
690.0,179.0,69.0,119.0
686.0,181.0,69.0,119.0
684.0,183.0,68.0,117.0
680.0,183.0,69.0,119.0
676.0,184.0,69.0,119.0
672.0,186.0,69.0,119.0
669.0,187.0,69.0,119.0
667.0,188.0,68.0,117.0
663.0,189.0,69.0,119.0
662.0,190.0,69.0,118.0
660.0,192.0,69.0,118.0
659.0,194.0,69.0,118.0
657.0,195.0,69.0,118.0
658.0,197.0,68.0,116.0
658.0,198.0,69.0,117.0
659.0,201.0,68.0,116.0
659.0,202.0,69.0,118.0
659.0,203.0,69.0,118.0
661.0,205.0,69.0,118.0
662.0,207.0,69.0,118.0
663.0,208.0,70.0,120.0
664.0,210.0,70.0,120.0
666.0,211.0,72.0,123.0
667.0,212.0,72.0,123.0
669.0,214.0,70.0,121.0
670.0,216.0,69.0,119.0
671.0,218.0,69.0,119.0
673.0,220.0,69.0,119.0
674.0,220.0,70.0,120.0
676.0,222.0,69.0,119.0
677.0,224.0,69.0,118.0
678.0,225.0,69.0,118.0
680.0,226.0,69.0,118.0
682.0,228.0,69.0,116.0
683.0,229.0,69.0,116.0
685.0,231.0,69.0,116.0
685.0,232.0,68.0,116.0
686.0,233.0,68.0,116.0
686.0,234.0,68.0,116.0
687.0,236.0,67.0,113.0
687.0,237.0,68.0,116.0
687.0,239.0,67.0,114.0
687.0,239.0,69.0,117.0
686.0,240.0,69.0,117.0
687.0,242.0,66.0,112.0
684.0,242.0,67.0,114.0
683.0,243.0,69.0,117.0
682.0,243.0,69.0,117.0
681.0,244.0,69.0,117.0
680.0,245.0,67.0,115.0
679.0,245.0,68.0,117.0
677.0,245.0,68.0,117.0
676.0,246.0,69.0,117.0
674.0,246.0,69.0,117.0
672.0,246.0,69.0,117.0
672.0,248.0,67.0,114.0
671.0,248.0,67.0,114.0
669.0,248.0,69.0,116.0
668.0,249.0,67.0,113.0
665.0,249.0,68.0,116.0
665.0,250.0,67.0,113.0
663.0,250.0,68.0,116.0
662.0,252.0,67.0,113.0
661.0,252.0,68.0,116.0
659.0,252.0,68.0,116.0
657.0,252.0,69.0,116.0
656.0,253.0,67.0,114.0
656.0,254.0,67.0,114.0
653.0,253.0,69.0,118.0
651.0,254.0,69.0,119.0
651.0,255.0,68.0,117.0
651.0,256.0,66.0,113.0
649.0,256.0,67.0,115.0
648.0,256.0,67.0,115.0
648.0,256.0,67.0,115.0
646.0,255.0,69.0,117.0
644.0,255.0,69.0,117.0
644.0,255.0,67.0,114.0
643.0,255.0,69.0,117.0
642.0,255.0,69.0,117.0
642.0,255.0,68.0,116.0
642.0,255.0,68.0,116.0
643.0,255.0,67.0,113.0
643.0,256.0,67.0,113.0
642.0,256.0,67.0,113.0
642.0,255.0,68.0,116.0
642.0,256.0,67.0,114.0
642.0,256.0,68.0,117.0
641.0,256.0,68.0,117.0
641.0,256.0,69.0,117.0
642.0,256.0,67.0,114.0
641.0,256.0,69.0,117.0
640.0,256.0,69.0,117.0
640.0,256.0,69.0,117.0
640.0,256.0,69.0,117.0
640.0,256.0,69.0,117.0
640.0,255.0,68.0,117.0
640.0,255.0,67.0,115.0
640.0,255.0,67.0,115.0
639.0,254.0,68.0,117.0
639.0,254.0,67.0,114.0
638.0,255.0,67.0,114.0
636.0,253.0,68.0,116.0
636.0,254.0,67.0,113.0
634.0,252.0,68.0,116.0
631.0,252.0,68.0,116.0
631.0,252.0,67.0,113.0
630.0,252.0,67.0,113.0
628.0,251.0,69.0,116.0
626.0,252.0,67.0,113.0
624.0,251.0,68.0,116.0
622.0,251.0,68.0,116.0
619.0,249.0,69.0,118.0
616.0,249.0,69.0,118.0
616.0,250.0,69.0,117.0
614.0,248.0,69.0,119.0
611.0,248.0,69.0,119.0
609.0,247.0,69.0,119.0
607.0,246.0,69.0,119.0
605.0,246.0,68.0,117.0
604.0,245.0,68.0,117.0
601.0,243.0,69.0,119.0
599.0,243.0,69.0,119.0
597.0,242.0,69.0,118.0
595.0,241.0,69.0,118.0
594.0,240.0,69.0,118.0
592.0,239.0,69.0,117.0
591.0,239.0,68.0,116.0
590.0,239.0,68.0,116.0
587.0,237.0,69.0,118.0
586.0,236.0,69.0,118.0
585.0,236.0,69.0,118.0
584.0,235.0,69.0,118.0
582.0,234.0,70.0,120.0
581.0,234.0,70.0,120.0
581.0,234.0,70.0,120.0
580.0,234.0,70.0,120.0
577.0,232.0,72.0,123.0
577.0,232.0,72.0,123.0
576.0,232.0,72.0,123.0
574.0,231.0,72.0,123.0
573.0,231.0,72.0,123.0
572.0,231.0,72.0,123.0
570.0,230.0,72.0,123.0
569.0,230.0,72.0,123.0
567.0,228.0,74.0,125.0
567.0,229.0,72.0,122.0
565.0,229.0,72.0,122.0
563.0,229.0,72.0,122.0
562.0,229.0,70.0,119.0
560.0,229.0,70.0,119.0
558.0,228.0,72.0,122.0
555.0,228.0,72.0,122.0
553.0,227.0,72.0,122.0
552.0,227.0,72.0,122.0
550.0,227.0,72.0,122.0
547.0,227.0,72.0,122.0
546.0,228.0,70.0,120.0
545.0,228.0,70.0,120.0
542.0,227.0,72.0,123.0
542.0,228.0,70.0,120.0
540.0,228.0,70.0,120.0
540.0,227.0,70.0,120.0
539.0,227.0,69.0,119.0
537.0,226.0,70.0,120.0
538.0,226.0,69.0,118.0
537.0,225.0,69.0,118.0
537.0,226.0,69.0,116.0
536.0,225.0,69.0,116.0
537.0,225.0,69.0,116.0
539.0,226.0,67.0,113.0
541.0,225.0,68.0,115.0
541.0,224.0,68.0,116.0
542.0,224.0,69.0,116.0
545.0,224.0,69.0,116.0
547.0,223.0,69.0,116.0
549.0,223.0,68.0,116.0
552.0,223.0,69.0,118.0
555.0,223.0,68.0,116.0
558.0,223.0,69.0,116.0
560.0,223.0,69.0,116.0
563.0,223.0,69.0,116.0
566.0,224.0,68.0,116.0
570.0,224.0,68.0,116.0
573.0,223.0,68.0,116.0
576.0,224.0,67.0,113.0
579.0,223.0,69.0,116.0
581.0,222.0,69.0,116.0
584.0,223.0,67.0,113.0
587.0,223.0,67.0,113.0
589.0,224.0,66.0,111.0
591.0,224.0,66.0,111.0
593.0,224.0,66.0,110.0
595.0,222.0,67.0,112.0
597.0,224.0,66.0,111.0
598.0,224.0,66.0,111.0
599.0,223.0,66.0,112.0
600.0,224.0,66.0,113.0
601.0,225.0,66.0,113.0
602.0,225.0,66.0,113.0
601.0,224.0,68.0,116.0
602.0,225.0,67.0,113.0
602.0,225.0,68.0,116.0
603.0,226.0,66.0,113.0
603.0,227.0,66.0,113.0
603.0,227.0,66.0,113.0
603.0,226.0,68.0,116.0
603.0,226.0,69.0,116.0
605.0,227.0,67.0,113.0
605.0,226.0,68.0,116.0
605.0,227.0,66.0,113.0
606.0,226.0,68.0,116.0
607.0,228.0,65.0,111.0
607.0,227.0,66.0,113.0
609.0,227.0,66.0,113.0
610.0,227.0,66.0,113.0
611.0,229.0,65.0,111.0
612.0,229.0,65.0,111.0
614.0,229.0,65.0,111.0
616.0,229.0,65.0,111.0
617.0,231.0,64.0,109.0
620.0,232.0,64.0,109.0
621.0,232.0,66.0,111.0
623.0,232.0,66.0,111.0
625.0,234.0,64.0,109.0
628.0,234.0,64.0,109.0
631.0,236.0,65.0,109.0
632.0,236.0,65.0,109.0
634.0,237.0,65.0,109.0
636.0,238.0,65.0,109.0
638.0,238.0,65.0,109.0
640.0,238.0,65.0,109.0
642.0,238.0,65.0,109.0
644.0,239.0,64.0,107.0
644.0,240.0,64.0,107.0
646.0,241.0,63.0,107.0
648.0,242.0,62.0,104.0
648.0,242.0,62.0,104.0
649.0,243.0,62.0,104.0
649.0,243.0,62.0,107.0
648.0,243.0,62.0,107.0
646.0,243.0,63.0,109.0
645.0,244.0,63.0,109.0
642.0,244.0,63.0,109.0
639.0,245.0,64.0,109.0
636.0,245.0,66.0,111.0
631.0,246.0,64.0,109.0
627.0,247.0,64.0,109.0
623.0,248.0,64.0,109.0
618.0,249.0,64.0,109.0
612.0,250.0,64.0,109.0
606.0,250.0,64.0,109.0
600.0,251.0,64.0,109.0
595.0,252.0,63.0,108.0
589.0,253.0,63.0,108.0
581.0,253.0,64.0,109.0
576.0,254.0,64.0,109.0
570.0,255.0,64.0,109.0
564.0,258.0,63.0,108.0
558.0,259.0,63.0,108.0
553.0,261.0,62.0,105.0
546.0,262.0,61.0,105.0
540.0,264.0,61.0,105.0
533.0,265.0,61.0,105.0
528.0,267.0,60.0,103.0
523.0,269.0,60.0,103.0
522.0,271.0,59.0,101.0
519.0,272.0,60.0,101.0
519.0,273.0,60.0,101.0
520.0,274.0,61.0,103.0
521.0,275.0,61.0,103.0
525.0,276.0,60.0,101.0
528.0,278.0,60.0,101.0
532.0,280.0,59.0,99.0
535.0,281.0,60.0,101.0
539.0,282.0,60.0,99.0
544.0,283.0,60.0,101.0
548.0,283.0,59.0,99.0
553.0,284.0,60.0,101.0
558.0,286.0,59.0,99.0
561.0,286.0,60.0,103.0
566.0,287.0,59.0,101.0
571.0,289.0,59.0,101.0
573.0,290.0,59.0,101.0
578.0,292.0,58.0,99.0
580.0,293.0,59.0,101.0
582.0,295.0,59.0,101.0
583.0,295.0,60.0,103.0
586.0,297.0,59.0,101.0
586.0,298.0,60.0,103.0
587.0,299.0,60.0,103.0
588.0,300.0,61.0,103.0
588.0,302.0,61.0,103.0
589.0,303.0,60.0,101.0
588.0,305.0,61.0,103.0
587.0,306.0,61.0,101.0
588.0,308.0,60.0,99.0
587.0,310.0,61.0,101.0
586.0,310.0,61.0,101.0
584.0,311.0,60.0,100.0
582.0,312.0,61.0,102.0
579.0,313.0,60.0,101.0
577.0,315.0,59.0,99.0
575.0,316.0,60.0,101.0
571.0,317.0,61.0,103.0
570.0,318.0,59.0,101.0
569.0,319.0,58.0,100.0
568.0,320.0,59.0,101.0
566.0,321.0,58.0,100.0
565.0,322.0,59.0,102.0
563.0,323.0,58.0,100.0
562.0,324.0,59.0,102.0
562.0,325.0,59.0,102.0
561.0,326.0,59.0,100.0
562.0,328.0,60.0,102.0
562.0,328.0,60.0,102.0
564.0,329.0,60.0,102.0
567.0,331.0,59.0,100.0
568.0,333.0,60.0,100.0
570.0,333.0,60.0,102.0
572.0,334.0,60.0,102.0
577.0,336.0,59.0,98.0
582.0,338.0,58.0,98.0
586.0,339.0,57.0,96.0
589.0,340.0,57.0,96.0
593.0,341.0,56.0,96.0
596.0,342.0,58.0,98.0
598.0,344.0,58.0,98.0
601.0,344.0,59.0,100.0
603.0,345.0,59.0,100.0
607.0,347.0,58.0,100.0
608.0,348.0,58.0,100.0
609.0,349.0,59.0,102.0
611.0,351.0,58.0,100.0
611.0,352.0,59.0,101.0
612.0,353.0,60.0,101.0
612.0,355.0,60.0,101.0
612.0,356.0,60.0,101.0
613.0,358.0,60.0,101.0
613.0,359.0,61.0,101.0
613.0,361.0,61.0,101.0
613.0,362.0,60.0,101.0
613.0,364.0,59.0,100.0
613.0,365.0,60.0,100.0
613.0,365.0,61.0,102.0
613.0,366.0,61.0,102.0
612.0,367.0,61.0,102.0
612.0,368.0,60.0,102.0
612.0,369.0,60.0,102.0
612.0,371.0,60.0,102.0
611.0,371.0,61.0,103.0
610.0,372.0,61.0,103.0
610.0,373.0,61.0,103.0
610.0,374.0,61.0,103.0
608.0,373.0,63.0,105.0
608.0,375.0,63.0,106.0
607.0,376.0,63.0,106.0
607.0,377.0,63.0,106.0
605.0,377.0,64.0,109.0
603.0,377.0,64.0,109.0
602.0,378.0,64.0,109.0
600.0,378.0,65.0,111.0
598.0,380.0,64.0,111.0
597.0,381.0,64.0,111.0
596.0,382.0,64.0,111.0
595.0,383.0,64.0,111.0
595.0,384.0,64.0,111.0
595.0,386.0,64.0,111.0
594.0,386.0,64.0,111.0
594.0,387.0,64.0,111.0
594.0,388.0,64.0,111.0
593.0,388.0,64.0,111.0
593.0,389.0,64.0,111.0
593.0,388.0,66.0,112.0
592.0,388.0,66.0,112.0
593.0,390.0,64.0,110.0
593.0,389.0,66.0,112.0
594.0,390.0,65.0,110.0
595.0,390.0,65.0,110.0
596.0,390.0,65.0,110.0
596.0,389.0,66.0,111.0
597.0,390.0,64.0,110.0
598.0,391.0,64.0,110.0
599.0,391.0,64.0,110.0
599.0,391.0,64.0,111.0
600.0,392.0,64.0,111.0
601.0,391.0,64.0,111.0
602.0,392.0,64.0,111.0
603.0,393.0,65.0,111.0
605.0,393.0,65.0,111.0
607.0,394.0,65.0,111.0
607.0,394.0,65.0,111.0
608.0,393.0,66.0,113.0
610.0,394.0,66.0,113.0
611.0,394.0,66.0,112.0
612.0,395.0,67.0,112.0
614.0,395.0,67.0,112.0
615.0,396.0,67.0,112.0
616.0,394.0,68.0,114.0
616.0,395.0,68.0,113.0
618.0,395.0,68.0,113.0
618.0,395.0,69.0,116.0
619.0,395.0,68.0,113.0
620.0,396.0,68.0,113.0
620.0,397.0,67.0,113.0
620.0,396.0,70.0,118.0
621.0,398.0,67.0,114.0
620.0,398.0,69.0,117.0
620.0,397.0,70.0,119.0
620.0,398.0,69.0,117.0
621.0,398.0,69.0,117.0
621.0,400.0,68.0,114.0
620.0,399.0,70.0,119.0
620.0,400.0,69.0,117.0
619.0,399.0,70.0,119.0
618.0,399.0,70.0,119.0
617.0,399.0,70.0,119.0
617.0,400.0,69.0,117.0
615.0,398.0,71.0,120.0
613.0,397.0,72.0,122.0
611.0,396.0,72.0,122.0
610.0,396.0,72.0,122.0
609.0,395.0,74.0,124.0
608.0,394.0,74.0,124.0
607.0,393.0,74.0,124.0
607.0,394.0,72.0,121.0
607.0,393.0,72.0,121.0
607.0,392.0,74.0,124.0
608.0,391.0,74.0,125.0
608.0,391.0,74.0,125.0
609.0,391.0,74.0,125.0
609.0,389.0,75.0,127.0
610.0,389.0,74.0,126.0
611.0,390.0,74.0,126.0
612.0,388.0,75.0,128.0
612.0,388.0,75.0,128.0
613.0,389.0,75.0,127.0
614.0,388.0,76.0,130.0
615.0,388.0,75.0,127.0
616.0,387.0,76.0,130.0
618.0,388.0,75.0,127.0
618.0,386.0,77.0,131.0
618.0,385.0,77.0,131.0
620.0,386.0,76.0,129.0
622.0,386.0,77.0,130.0
622.0,385.0,77.0,130.0
623.0,385.0,77.0,130.0
624.0,385.0,77.0,130.0
624.0,384.0,77.0,130.0
625.0,384.0,77.0,130.0
627.0,384.0,77.0,130.0
627.0,384.0,77.0,130.0
627.0,382.0,79.0,133.0
626.0,381.0,81.0,135.0
626.0,381.0,81.0,135.0
626.0,379.0,83.0,138.0
627.0,380.0,83.0,138.0
627.0,379.0,84.0,140.0
627.0,378.0,83.0,138.0
627.0,379.0,83.0,138.0
626.0,378.0,84.0,140.0
626.0,376.0,84.0,140.0
626.0,377.0,84.0,140.0
626.0,375.0,84.0,140.0
627.0,377.0,84.0,138.0
627.0,376.0,84.0,140.0
628.0,376.0,83.0,138.0
627.0,374.0,86.0,143.0
628.0,375.0,84.0,140.0
629.0,376.0,83.0,138.0
629.0,374.0,83.0,140.0
630.0,375.0,82.0,138.0
631.0,375.0,82.0,138.0
631.0,375.0,82.0,138.0
631.0,375.0,82.0,139.0
631.0,375.0,82.0,139.0
632.0,376.0,83.0,139.0
633.0,377.0,83.0,139.0
632.0,377.0,83.0,138.0
632.0,378.0,83.0,138.0
631.0,377.0,84.0,140.0
632.0,378.0,83.0,138.0
632.0,380.0,81.0,135.0
630.0,379.0,83.0,138.0
629.0,380.0,83.0,138.0
629.0,381.0,83.0,138.0
627.0,380.0,84.0,140.0
625.0,379.0,86.0,143.0
625.0,381.0,84.0,140.0
624.0,381.0,84.0,140.0
623.0,381.0,83.0,140.0
622.0,381.0,83.0,140.0
620.0,382.0,83.0,140.0
619.0,383.0,80.0,135.0
617.0,382.0,82.0,138.0
613.0,382.0,82.0,138.0
611.0,382.0,82.0,138.0
605.0,383.0,80.0,135.0
604.0,384.0,79.0,132.0
598.0,384.0,79.0,132.0
593.0,384.0,81.0,135.0
587.0,385.0,80.0,132.0
581.0,385.0,80.0,132.0
574.0,385.0,80.0,132.0
568.0,385.0,80.0,132.0
560.0,386.0,80.0,132.0
552.0,386.0,82.0,135.0
544.0,385.0,82.0,134.0
535.0,385.0,82.0,134.0
528.0,388.0,78.0,129.0
518.0,387.0,80.0,132.0
510.0,388.0,80.0,132.0
502.0,389.0,79.0,132.0
493.0,389.0,81.0,135.0
486.0,390.0,79.0,132.0
478.0,390.0,79.0,132.0
471.0,391.0,79.0,132.0
465.0,392.0,77.0,130.0
459.0,393.0,76.0,128.0
454.0,395.0,74.0,126.0
450.0,397.0,74.0,124.0
446.0,398.0,74.0,124.0
441.0,397.0,75.0,126.0
438.0,396.0,77.0,128.0
434.0,399.0,75.0,124.0
433.0,398.0,76.0,125.0
432.0,400.0,75.0,124.0
431.0,400.0,75.0,123.0
430.0,399.0,75.0,123.0
429.0,399.0,75.0,124.0
429.0,399.0,75.0,124.0
428.0,397.0,77.0,126.0
429.0,397.0,76.0,124.0
429.0,396.0,76.0,124.0
429.0,395.0,76.0,123.0
430.0,395.0,74.0,121.0
429.0,395.0,73.0,121.0
429.0,394.0,73.0,121.0
428.0,393.0,73.0,121.0
426.0,391.0,75.0,124.0
424.0,391.0,75.0,124.0
422.0,389.0,75.0,125.0
421.0,390.0,74.0,124.0
419.0,388.0,74.0,124.0
417.0,387.0,74.0,124.0
416.0,387.0,73.0,121.0
415.0,386.0,73.0,121.0
412.0,384.0,75.0,124.0
411.0,383.0,75.0,124.0
409.0,381.0,75.0,124.0
405.0,378.0,76.0,126.0
403.0,376.0,76.0,126.0
402.0,374.0,76.0,126.0
400.0,371.0,76.0,126.0
397.0,368.0,78.0,129.0
396.0,365.0,78.0,129.0
394.0,362.0,78.0,129.0
393.0,361.0,76.0,126.0
392.0,358.0,76.0,126.0
391.0,355.0,78.0,129.0
388.0,351.0,77.0,129.0
387.0,349.0,77.0,129.0
387.0,346.0,75.0,126.0
386.0,343.0,77.0,129.0
385.0,341.0,75.0,126.0
385.0,338.0,77.0,129.0
382.0,334.0,78.0,130.0
383.0,332.0,77.0,129.0
382.0,329.0,78.0,131.0
382.0,327.0,77.0,129.0
382.0,324.0,77.0,129.0
382.0,323.0,76.0,126.0
382.0,319.0,77.0,129.0
382.0,317.0,76.0,126.0
382.0,313.0,78.0,129.0
382.0,309.0,78.0,129.0
382.0,305.0,78.0,131.0
382.0,302.0,78.0,129.0
384.0,299.0,78.0,129.0
383.0,295.0,78.0,131.0
384.0,291.0,78.0,131.0
386.0,287.0,80.0,133.0
388.0,283.0,80.0,133.0
388.0,280.0,82.0,136.0
390.0,276.0,80.0,133.0
395.0,273.0,81.0,136.0
396.0,267.0,81.0,136.0
400.0,265.0,81.0,136.0
402.0,260.0,82.0,139.0
406.0,257.0,83.0,139.0
408.0,253.0,83.0,139.0
412.0,251.0,83.0,139.0
414.0,246.0,84.0,142.0
418.0,242.0,84.0,142.0
422.0,240.0,83.0,139.0
424.0,234.0,85.0,144.0
427.0,230.0,87.0,147.0
430.0,228.0,85.0,144.0
435.0,225.0,85.0,144.0
439.0,221.0,83.0,142.0
444.0,218.0,83.0,142.0
446.0,215.0,82.0,139.0
453.0,212.0,82.0,139.0
453.0,206.0,83.0,142.0
458.0,206.0,80.0,136.0
463.0,202.0,82.0,138.0
465.0,200.0,79.0,133.0
470.0,196.0,82.0,138.0
471.0,193.0,80.0,136.0
475.0,190.0,82.0,138.0
478.0,186.0,83.0,141.0
482.0,184.0,80.0,136.0
489.0,181.0,80.0,136.0
492.0,179.0,79.0,133.0
499.0,176.0,80.0,136.0
503.0,173.0,79.0,134.0
509.0,171.0,80.0,136.0
511.0,167.0,79.0,134.0
518.0,165.0,80.0,136.0
521.0,162.0,79.0,134.0
527.0,159.0,80.0,137.0
528.0,154.0,80.0,137.0
535.0,152.0,80.0,136.0
537.0,150.0,78.0,134.0
543.0,147.0,80.0,136.0
545.0,145.0,77.0,131.0
550.0,142.0,78.0,133.0
550.0,139.0,78.0,133.0
552.0,137.0,78.0,133.0
552.0,133.0,80.0,136.0
552.0,129.0,80.0,135.0
553.0,128.0,79.0,133.0
554.0,126.0,77.0,130.0
552.0,123.0,79.0,133.0
550.0,120.0,80.0,136.0
548.0,118.0,79.0,133.0
545.0,116.0,80.0,136.0
539.0,114.0,80.0,136.0
540.0,112.0,79.0,134.0
539.0,110.0,79.0,134.0
536.0,108.0,80.0,136.0
532.0,106.0,79.0,133.0
532.0,104.0,78.0,133.0
530.0,102.0,78.0,133.0
529.0,100.0,78.0,133.0
528.0,97.0,78.0,133.0
526.0,95.0,78.0,133.0
525.0,93.0,78.0,133.0
522.0,90.0,80.0,136.0
521.0,88.0,78.0,133.0
520.0,86.0,78.0,133.0
518.0,84.0,78.0,132.0
518.0,83.0,76.0,130.0
516.0,80.0,76.0,130.0
516.0,79.0,76.0,128.0
514.0,77.0,77.0,130.0
512.0,75.0,77.0,130.0
511.0,72.0,77.0,130.0
509.0,70.0,77.0,130.0
509.0,68.0,76.0,130.0
508.0,67.0,76.0,128.0
507.0,66.0,76.0,128.0
506.0,65.0,76.0,128.0
504.0,63.0,76.0,128.0
502.0,60.0,77.0,130.0
502.0,59.0,76.0,129.0
501.0,57.0,76.0,129.0
500.0,57.0,74.0,126.0
499.0,55.0,74.0,126.0
498.0,53.0,74.0,126.0
497.0,52.0,74.0,126.0
497.0,51.0,74.0,126.0
495.0,47.0,76.0,130.0
492.0,45.0,76.0,130.0
492.0,45.0,76.0,128.0
492.0,45.0,73.0,124.0
491.0,42.0,76.0,128.0
491.0,41.0,74.0,125.0
490.0,40.0,74.0,125.0
489.0,39.0,76.0,128.0
489.0,38.0,74.0,125.0
488.0,37.0,75.0,128.0
488.0,36.0,74.0,126.0
487.0,35.0,75.0,128.0
486.0,33.0,75.0,128.0
485.0,31.0,76.0,130.0
484.0,30.0,76.0,130.0
484.0,30.0,76.0,128.0
484.0,30.0,76.0,128.0
484.0,27.0,76.0,129.0
484.0,26.0,76.0,129.0
484.0,25.0,76.0,129.0
484.0,24.0,76.0,128.0
482.0,23.0,76.0,130.0
483.0,22.0,76.0,128.0
482.0,20.0,76.0,130.0
483.0,20.0,75.0,128.0
482.0,18.0,76.0,130.0
482.0,18.0,75.0,128.0
482.0,17.0,75.0,127.0
483.0,17.0,74.0,125.0
482.0,16.0,75.0,128.0
483.0,16.0,74.0,125.0
483.0,16.0,74.0,125.0
482.0,14.0,76.0,128.0
482.0,13.0,76.0,128.0
482.0,13.0,74.0,125.0
482.0,12.0,75.0,128.0
482.0,11.0,74.0,125.0
482.0,12.0,74.0,125.0
481.0,10.0,75.0,128.0
481.0,9.0,75.0,128.0
481.0,9.0,73.0,126.0
481.0,8.0,73.0,126.0
480.0,7.0,75.0,128.0
64.0,3.0,3.0,11.0
64.0,3.0,4.0,11.0
64.0,3.0,4.0,11.0
64.0,3.0,4.0,11.0
64.0,3.0,4.0,10.0
64.0,3.0,3.0,10.0
64.0,3.0,3.0,10.0
64.0,3.0,3.0,10.0
64.0,2.0,3.0,10.0
64.0,2.0,3.0,10.0
64.0,2.0,3.0,10.0
64.0,2.0,3.0,10.0
64.0,2.0,4.0,10.0
64.0,2.0,4.0,10.0
64.0,2.0,4.0,10.0
65.0,2.0,4.0,10.0
65.0,2.0,4.0,10.0
65.0,2.0,4.0,10.0
65.0,2.0,4.0,10.0
65.0,2.0,4.0,10.0
65.0,2.0,3.0,10.0
65.0,2.0,3.0,10.0
65.0,2.0,3.0,10.0
65.0,1.0,3.0,10.0
65.0,1.0,3.0,10.0
65.0,1.0,3.0,10.0
65.0,1.0,3.0,10.0
65.0,1.0,3.0,10.0
65.0,1.0,3.0,10.0
65.0,1.0,3.0,10.0
65.0,1.0,3.0,10.0
65.0,1.0,3.0,10.0
65.0,1.0,3.0,10.0
65.0,1.0,3.0,10.0
66.0,0.0,3.0,10.0
66.0,0.0,3.0,10.0
66.0,0.0,3.0,10.0
66.0,0.0,3.0,10.0
66.0,0.0,3.0,10.0
66.0,0.0,3.0,10.0
66.0,0.0,3.0,10.0
66.0,-0.0,3.0,10.0
66.0,-0.0,3.0,10.0
66.0,-0.0,3.0,10.0
66.0,-0.0,3.0,10.0
66.0,-0.0,3.0,10.0
66.0,-0.0,3.0,10.0
66.0,-0.0,3.0,9.0
