492, 234, 84, 160
516, 194, 98, 190
526, 207, 95, 185
530, 218, 92, 181
535, 225, 91, 180
531, 227, 91, 179
533, 226, 91, 180
529, 227, 92, 182
532, 222, 94, 187
535, 228, 91, 182
534, 231, 90, 179
533, 230, 91, 182
534, 232, 90, 181
534, 233, 91, 183
535, 234, 90, 182
533, 234, 90, 182
535, 234, 90, 183
534, 235, 89, 180
536, 236, 89, 179
535, 237, 88, 177
535, 237, 89, 177
538, 238, 89, 177
536, 237, 89, 176
540, 239, 89, 173
540, 241, 88, 170
541, 243, 88, 167
541, 243, 89, 166
542, 245, 89, 165
542, 250, 89, 162
542, 252, 89, 160
545, 255, 89, 157
546, 257, 88, 154
545, 258, 88, 152
546, 257, 88, 150
545, 261, 88, 148
545, 259, 89, 147
550, 268, 88, 142
548, 273, 87, 138
548, 271, 88, 136
548, 271, 88, 132
549, 279, 87, 128
550, 281, 87, 125
551, 281, 87, 123
550, 282, 86, 119
552, 287, 85, 115
551, 287, 84, 111
552, 287, 83, 107
553, 288, 83, 105
554, 291, 82, 101
555, 292, 82, 100
555, 294, 82, 99
555, 298, 83, 100
556, 301, 82, 97
555, 303, 83, 96
555, 305, 84, 96
555, 306, 85, 95
554, 308, 86, 94
553, 308, 87, 94
550, 309, 90, 96
549, 307, 93, 97
545, 309, 95, 98
544, 310, 96, 98
543, 311, 97, 99
543, 308, 99, 100
541, 308, 100, 101
539, 308, 101, 103
537, 306, 103, 105
534, 304, 104, 107
533, 302, 105, 108
532, 301, 106, 110
529, 296, 107, 112
528, 299, 108, 115
530, 304, 108, 116
527, 297, 110, 118
528, 304, 110, 119
526, 302, 112, 121
527, 305, 112, 121
526, 306, 113, 122
524, 307, 114, 123
524, 307, 115, 124
524, 312, 115, 124
523, 315, 116, 124
523, 318, 116, 123
523, 320, 116, 122
521, 320, 117, 122
521, 322, 118, 122
518, 324, 119, 123
517, 326, 120, 123
516, 327, 122, 124
515, 329, 124, 125
513, 330, 126, 126
511, 330, 128, 126
508, 332, 129, 126
506, 332, 130, 126
504, 332, 132, 127
501, 333, 134, 128
500, 334, 135, 128
499, 335, 136, 128
498, 337, 137, 128
497, 340, 138, 129
496, 344, 140, 130
494, 348, 142, 131
492, 349, 145, 133
489, 350, 147, 134
485, 347, 151, 136
481, 349, 152, 137
481, 352, 154, 138
479, 352, 157, 140
478, 355, 159, 141
476, 356, 161, 142
471, 357, 163, 142
470, 361, 164, 142
470, 363, 167, 144
466, 363, 170, 145
464, 367, 172, 146
462, 369, 174, 147
459, 372, 177, 150
458, 378, 179, 151
454, 385, 183, 153
456, 388, 185, 152
456, 395, 186, 151
452, 394, 190, 151
449, 398, 194, 151
446, 403, 198, 152
444, 411, 202, 153
443, 417, 206, 152
436, 425, 213, 153
432, 429, 219, 153
427, 434, 223, 153
422, 438, 226, 151
419, 442, 231, 150
414, 447, 234, 148
411, 450, 236, 146
411, 453, 236, 144
412, 456, 237, 142
416, 459, 237, 140
419, 462, 237, 139
426, 466, 237, 137
429, 470, 236, 135
437, 472, 234, 133
445, 473, 232, 132
451, 475, 231, 133
457, 477, 231, 134
464, 477, 231, 136
474, 479, 230, 137
485, 480, 230, 138
491, 478, 230, 139
498, 478, 231, 141
506, 478, 232, 143
512, 478, 233, 145
521, 477, 235, 147
526, 475, 239, 150
531, 473, 244, 154
533, 473, 252, 160
536, 474, 257, 165
540, 473, 261, 168
545, 475, 264, 171
550, 472, 267, 174
553, 473, 271, 177
552, 474, 274, 179
554, 476, 275, 181
555, 479, 277, 183
556, 476, 278, 184
552, 477, 280, 186
549, 478, 284, 190
552, 476, 285, 191
548, 478, 286, 193
547, 478, 286, 194
542, 479, 290, 198
544, 479, 287, 197
545, 478, 290, 200
542, 478, 292, 202
543, 482, 293, 203
544, 481, 291, 202
541, 482, 291, 203
535, 485, 295, 208
531, 482, 299, 211
531, 478, 301, 213
537, 474, 298, 212
537, 472, 296, 213
538, 468, 298, 216
537, 470, 298, 219
538, 468, 296, 219
540, 469, 294, 221
542, 471, 290, 220
543, 472, 285, 219
544, 476, 283, 220
544, 473, 282, 221
543, 471, 279, 222
540, 469, 283, 229
534, 467, 285, 234
532, 466, 286, 237
533, 468, 285, 239
535, 470, 280, 238
530, 467, 276, 238
533, 465, 276, 239
535, 458, 265, 234
528, 454, 261, 233
524, 457, 266, 242
524, 452, 268, 247
524, 452, 268, 250
524, 450, 266, 252
521, 454, 265, 254
525, 456, 257, 251
524, 450, 257, 253
519, 452, 255, 254
518, 455, 255, 257
517, 452, 253, 260
522, 443, 251, 264
524, 440, 246, 262
524, 438, 241, 258
531, 433, 238, 258
529, 422, 234, 257
529, 422, 235, 262
527, 417, 234, 265
527, 407, 229, 265
535, 394, 229, 269
532, 365, 226, 273
534, 326, 230, 287
532, 301, 226, 291
531, 279, 223, 298
524, 273, 217, 301
531, 275, 211, 305
529, 271, 207, 311
528, 272, 201, 312
531, 276, 197, 315
535, 280, 193, 317
532, 285, 193, 328
527, 288, 192, 336
531, 281, 189, 339
529, 281, 184, 338
533, 283, 177, 334
529, 283, 174, 336
531, 288, 167, 331
531, 288, 165, 334
531, 282, 163, 338
529, 282, 159, 335
530, 284, 153, 329
528, 285, 149, 328
527, 285, 144, 325
525, 285, 137, 314
517, 290, 131, 304
511, 277, 128, 304
507, 265, 121, 295
493, 256, 115, 287
484, 231, 108, 272
473, 203, 103, 259
466, 184, 101, 251
466, 176, 102, 247
465, 174, 102, 242
466, 170, 102, 237
466, 176, 103, 233
467, 177, 103, 229
466, 178, 105, 227
467, 180, 106, 223
468, 185, 107, 220
468, 186, 107, 215
469, 189, 108, 212
468, 190, 108, 208
470, 190, 107, 202
474, 191, 106, 195
474, 191, 108, 194
478, 194, 109, 190
477, 199, 111, 189
480, 200, 111, 184
484, 200, 111, 180
487, 202, 110, 175
491, 204, 109, 169
494, 206, 108, 164
498, 211, 107, 159
503, 212, 106, 154
504, 212, 106, 151
508, 218, 105, 146
511, 221, 103, 141
515, 225, 102, 137
518, 228, 102, 134
521, 228, 103, 132
522, 230, 103, 130
525, 232, 103, 128
528, 235, 103, 126
531, 236, 104, 125
534, 238, 104, 123
536, 239, 105, 121
536, 241, 107, 121
539, 242, 107, 119
539, 244, 108, 118
542, 245, 108, 116
543, 247, 109, 115
545, 248, 109, 113
547, 250, 109, 111
550, 255, 108, 108
551, 256, 108, 106
554, 260, 107, 104
555, 262, 108, 103
555, 266, 109, 104
556, 267, 109, 103
553, 269, 109, 103
556, 270, 107, 100
560, 275, 107, 99
560, 273, 109, 100
556, 279, 108, 99
560, 278, 105, 95
562, 281, 106, 95
560, 284, 107, 96
562, 283, 109, 97
558, 290, 105, 94
561, 293, 103, 92
561, 295, 101, 91
563, 300, 98, 89
560, 301, 99, 90
560, 307, 95, 88
562, 310, 91, 86
561, 312, 90, 87
561, 312, 90, 89
560, 312, 88, 90
563, 316, 86, 90
559, 317, 83, 89
561, 319, 81, 88
563, 322, 79, 88
564, 323, 76, 87
563, 322, 73, 86
566, 326, 73, 87
564, 326, 72, 88
566, 327, 72, 90
564, 328, 70, 90
567, 330, 70, 91
564, 328, 69, 90
564, 330, 68, 91
564, 332, 68, 92
564, 336, 68, 92
563, 335, 69, 94
563, 336, 69, 95
561, 337, 69, 96
562, 338, 69, 98
559, 341, 70, 100
559, 345, 72, 105
555, 341, 76, 110
558, 337, 78, 113
554, 334, 82, 120
550, 329, 83, 123
551, 329, 84, 126
551, 329, 84, 127
551, 327, 85, 129
550, 332, 90, 135
550, 332, 92, 137
548, 333, 93, 138
549, 333, 95, 140
550, 329, 100, 145
545, 336, 99, 143
549, 331, 101, 144
551, 330, 105, 148
551, 322, 112, 154
561, 315, 122, 159
566, 319, 128, 165
559, 317, 137, 177
561, 321, 142, 184
556, 322, 149, 194
555, 326, 155, 203
550, 331, 163, 217
548, 338, 172, 230
548, 346, 179, 239
545, 363, 189, 252
541, 366, 195, 259
537, 366, 200, 265
534, 366, 205, 270
532, 365, 208, 273
529, 363, 212, 277
527, 361, 214, 279
525, 359, 215, 279
524, 361, 213, 275
523, 364, 211, 271
521, 366, 210, 268
519, 366, 210, 267
519, 365, 208, 263
519, 365, 205, 258
518, 364, 204, 256
516, 369, 204, 256
516, 372, 203, 254
514, 378, 201, 252
512, 375, 199, 251
516, 376, 198, 251
515, 378, 195, 248
514, 379, 193, 247
512, 381, 191, 246
513, 383, 190, 247
511, 385, 188, 246
511, 385, 186, 246
512, 387, 184, 246
511, 389, 182, 245
510, 389, 181, 245
507, 389, 179, 244
505, 391, 178, 245
504, 396, 177, 246
503, 402, 177, 249
503, 411, 176, 251
502, 406, 174, 252
502, 412, 172, 252
504, 412, 171, 255
506, 414, 169, 256
504, 414, 169, 259
506, 416, 168, 260
505, 415, 167, 261
505, 418, 166, 262
504, 420, 167, 265
503, 422, 167, 267
500, 429, 167, 270
502, 420, 165, 270
502, 422, 166, 275
502, 417, 163, 274
501, 422, 165, 280
499, 420, 163, 278
500, 416, 162, 279
501, 415, 161, 278
503, 411, 159, 277
500, 413, 161, 282
497, 413, 164, 288
502, 410, 165, 291
510, 409, 167, 295
512, 407, 167, 298
506, 409, 168, 303
507, 418, 169, 302
512, 417, 171, 303
516, 428, 172, 292
505, 430, 168, 290
501, 426, 168, 294
506, 434, 172, 286
507, 441, 174, 279
491, 458, 173, 262
499, 444, 176, 269
501, 444, 173, 271
506, 451, 172, 269
513, 464, 169, 256
513, 478, 169, 242
513, 491, 167, 229
524, 494, 164, 226
542, 495, 156, 221
558, 504, 147, 211
565, 519, 134, 194
567, 530, 125, 182
568, 540, 118, 173
566, 545, 111, 166
566, 544, 106, 160
566, 545, 102, 156
566, 544, 97, 151
565, 542, 92, 146
565, 542, 89, 143
565, 539, 85, 138
565, 539, 81, 132
565, 537, 78, 128
564, 539, 76, 125
563, 544, 73, 121
562, 547, 71, 119
560, 550, 69, 116
559, 551, 67, 113
558, 554, 65, 111
556, 558, 63, 108
554, 563, 62, 106
553, 565, 61, 105
551, 567, 60, 104
549, 568, 59, 103
547, 572, 57, 99
546, 574, 56, 98
545, 576, 54, 95
544, 579, 51, 91
543, 581, 49, 88
542, 583, 46, 83
541, 585, 44, 79
540, 588, 41, 75
538, 591, 39, 72
538, 593, 38, 70
535, 595, 37, 68
532, 598, 35, 66
530, 602, 34, 65
526, 605, 33, 63
523, 606, 31, 61
518, 607, 30, 61
515, 611, 30, 63
510, 614, 29, 63
506, 616, 29, 65
502, 618, 29, 66
495, 621, 29, 67
491, 625, 30, 70
486, 630, 30, 70
482, 635, 30, 71
478, 638, 30, 72
472, 645, 29, 72
466, 651, 30, 69
463, 658, 29, 62
462, 667, 27, 53
459, 672, 25, 48
456, 676, 23, 44
453, 678, 21, 42
451, 678, 20, 40
449, 677, 19, 39
445, 678, 20, 40
440, 680, 21, 40
437, 684, 22, 36
434, 686, 23, 34
430, 688, 24, 32
427, 690, 24, 30
427, 690, 23, 29
426, 685, 28, 35
427, 683, 30, 37
428, 680, 33, 40
426, 670, 40, 50
426, 661, 44, 57
425, 653, 49, 65
420, 641, 56, 76
415, 627, 62, 86
409, 601, 76, 109
404, 577, 86, 125
398, 551, 99, 147
398, 517, 109, 163
395, 474, 130, 198
404, 427, 145, 222
411, 384, 160, 244
404, 328, 193, 296
412, 278, 217, 329
412, 193, 297, 461
452, 290, 310, 367
475, 258, 320, 363
449, 218, 362, 405
448, 246, 398, 392
470, 249, 423, 377
457, 221, 488, 417
455, 261, 540, 398
466, 286, 587, 392
497, 290, 638, 395
512, 288, 726, 417
650, 331, 630, 389
665, 376, 615, 344
633, 303, 647, 417
640, 309, 640, 411
622, 297, 658, 423
577, 304, 703, 416
663, 280, 617, 440
653, 304, 627, 416
661, 313, 619, 407
652, 308, 628, 412
617, 309, 663, 411
639, 309, 641, 411
653, 323, 627, 397
672, 308, 608, 404
701, 311, 579, 398
679, 304, 601, 416
722, 341, 558, 379
707, 309, 573, 411
704, 326, 576, 380
711, 337, 569, 359
707, 324, 573, 367
731, 330, 549, 365
685, 319, 595, 401
715, 317, 565, 403
706, 335, 574, 385
727, 324, 553, 390
740, 352, 540, 368
731, 311, 549, 409
761, 324, 519, 370
774, 292, 506, 403
739, 323, 541, 397
700, 311, 580, 402
748, 326, 532, 375
807, 323, 473, 378
856, 338, 424, 382
872, 361, 408, 359
926, 357, 354, 363
950, 330, 330, 387
957, 374, 323, 346
952, 361, 328, 359
969, 310, 311, 392
994, 316, 286, 369
1010, 313, 270, 375
1010, 310, 270, 371
1031, 308, 249, 367
1039, 297, 241, 368
1049, 285, 231, 371
1070, 270, 210, 371
1084, 249, 196, 361
1105, 234, 175, 358
1119, 211, 161, 354
1118, 197, 162, 360
1112, 179, 168, 374
1122, 186, 158, 365
1115, 203, 165, 375
1127, 207, 153, 352
1125, 194, 155, 384
1133, 211, 147, 360
1125, 196, 155, 391
1131, 222, 149, 357
1127, 202, 153, 376
1129, 212, 151, 374
1129, 221, 151, 364
1125, 207, 155, 384
1138, 221, 142, 353
1138, 211, 142, 365
1139, 205, 141, 376
1137, 207, 143, 361
1129, 195, 151, 368
1122, 204, 158, 373
1125, 208, 155, 372
1134, 202, 146, 367
1125, 213, 155, 371
1129, 232, 151, 366
1117, 223, 158, 360
1112, 220, 168, 374
1126, 218, 154, 371
1124, 226, 156, 365
1122, 223, 158, 376
1116, 228, 164, 370
1117, 226, 163, 372
1110, 221, 170, 369
1107, 225, 173, 371
1107, 223, 173, 363
1110, 212, 170, 364
1106, 222, 174, 364
1107, 224, 173, 357
1103, 214, 177, 349
1098, 224, 177, 331
1099, 231, 181, 325
1104, 240, 176, 316
1103, 259, 177, 303
1103, 259, 177, 302
1097, 265, 182, 295
1096, 275, 184, 288
1094, 280, 186, 290
1093, 270, 187, 296
1091, 268, 189, 294
1085, 269, 195, 291
1077, 271, 201, 290
1073, 268, 207, 291
1066, 271, 214, 295
1060, 271, 220, 297
1058, 266, 222, 300
1054, 265, 226, 310
1050, 256, 230, 316
1058, 257, 222, 328
1066, 244, 214, 330
1065, 236, 215, 329
1066, 236, 214, 326
1064, 246, 216, 326
1069, 243, 211, 333
1068, 241, 212, 326
1066, 241, 214, 328
1065, 244, 215, 333
1060, 240, 220, 332
1051, 240, 228, 333
1041, 250, 235, 334
1042, 251, 238, 333
1043, 245, 237, 337
1042, 256, 238, 350
1030, 238, 247, 353
1023, 234, 254, 353
1018, 238, 262, 360
1016, 235, 264, 357
1010, 238, 269, 354
1006, 237, 274, 360
1019, 235, 261, 359
1017, 231, 263, 359
1017, 219, 263, 350
1023, 216, 257, 341
1028, 206, 252, 343
1036, 209, 244, 349
1042, 203, 238, 354
1043, 197, 237, 351
1032, 193, 248, 376
1022, 193, 258, 366
1010, 199, 266, 359
1004, 204, 271, 351
996, 203, 280, 349
988, 189, 292, 346
975, 172, 305, 336
948, 135, 327, 342
889, 83, 391, 411
811, 146, 448, 386
748, 243, 480, 348
702, 289, 464, 317
664, 312, 448, 291
679, 316, 440, 280
687, 313, 440, 273
670, 316, 432, 265
653, 317, 424, 257
660, 321, 423, 252
656, 314, 422, 247
625, 313, 418, 242
621, 311, 411, 237
625, 314, 409, 234
629, 310, 402, 231
611, 304, 402, 229
618, 309, 394, 225
596, 309, 397, 224
608, 309, 385, 218
585, 308, 387, 218
591, 305, 380, 214
573, 308, 378, 212
580, 306, 371, 208
558, 307, 372, 207
556, 304, 364, 204
558, 300, 360, 202
554, 301, 360, 201
547, 302, 361, 201
549, 301, 358, 199
523, 299, 360, 199
525, 301, 356, 197
522, 303, 352, 196
515, 304, 347, 194
517, 301, 345, 194
513, 296, 346, 195
505, 291, 347, 196
514, 299, 345, 196
510, 293, 341, 195
516, 295, 338, 194
511, 297, 332, 191
513, 288, 333, 191
507, 287, 334, 191
509, 284, 332, 190
510, 282, 333, 191
515, 278, 331, 191
515, 277, 328, 190
511, 276, 325, 189
517, 275, 322, 189
520, 276, 321, 190
523, 272, 318, 189
526, 269, 314, 188
526, 272, 312, 187
526, 271, 307, 185
525, 269, 305, 184
531, 269, 305, 183
529, 264, 301, 181
533, 265, 300, 179
535, 265, 295, 177
533, 263, 293, 176
540, 254, 296, 178
539, 258, 293, 177
536, 253, 294, 178
538, 249, 294, 180
540, 255, 291, 179
544, 250, 291, 180
548, 244, 291, 181
547, 247, 284, 178
554, 243, 279, 176
563, 246, 274, 175
561, 243, 272, 175
563, 241, 270, 174
565, 235, 266, 172
563, 231, 262, 170
562, 230, 260, 171
566, 224, 261, 174
565, 225, 258, 173
571, 222, 253, 173
570, 221, 248, 172
575, 219, 244, 171
574, 216, 242, 171
577, 211, 238, 171
577, 208, 233, 170
580, 203, 229, 169
584, 205, 220, 165
583, 197, 213, 162
587, 198, 204, 157
595, 193, 197, 154
596, 196, 187, 149
600, 191, 177, 145
607, 195, 168, 142
613, 191, 159, 138
614, 193, 151, 134
621, 188, 143, 131
625, 191, 134, 127
632, 184, 126, 123
635, 186, 116, 117
642, 181, 110, 113
643, 181, 104, 109
647, 183, 99, 106
652, 180, 95, 103
655, 183, 91, 100
659, 179, 89, 98
662, 182, 85, 94
664, 180, 82, 91
667, 179, 79, 88
670, 179, 77, 86
672, 178, 75, 84
676, 178, 72, 82
679, 178, 69, 79
682, 177, 67, 78
686, 173, 65, 76
688, 174, 62, 74
692, 171, 58, 71
695, 170, 55, 68
698, 172, 52, 65
701, 170, 50, 63
703, 172, 48, 62
705, 172, 47, 61
707, 168, 46, 60
710, 167, 45, 59
711, 167, 43, 58
715, 166, 41, 56
718, 166, 40, 55
720, 165, 39, 54
722, 164, 38, 53
724, 163, 37, 52
726, 162, 36, 51
727, 162, 35, 50
728, 160, 34, 49
729, 159, 34, 49
730, 160, 34, 49
731, 160, 34, 49
732, 160, 34, 49
733, 159, 34, 49
734, 158, 35, 50
735, 157, 36, 51
736, 155, 36, 51
737, 153, 36, 51
739, 150, 37, 51
741, 147, 38, 52
742, 145, 38, 52
744, 144, 38, 52
746, 143, 38, 52
748, 143, 38, 52
750, 142, 38, 52
751, 142, 38, 52
752, 143, 38, 53
753, 143, 38, 54
754, 144, 38, 55
754, 144, 38, 56
755, 144, 38, 57
756, 144, 38, 58
757, 143, 38, 59
758, 140, 39, 62
761, 136, 40, 65
763, 131, 40, 66
765, 128, 40, 66
766, 126, 39, 65
768, 125, 38, 64
770, 124, 37, 63
771, 124, 36, 62
772, 123, 35, 61
774, 123, 35, 61
775, 124, 35, 60
775, 124, 35, 60
776, 124, 35, 60
777, 123, 35, 60
778, 123, 35, 60
780, 120, 34, 60
782, 119, 33, 60
783, 118, 33, 60
785, 117, 33, 60
786, 117, 33, 60
786, 116, 33, 61
787, 117, 33, 62
