802, 226, 59, 121
805, 232, 55, 114
806, 232, 53, 112
807, 232, 52, 111
808, 230, 52, 111
808, 232, 52, 110
808, 230, 52, 109
808, 231, 51, 107
809, 232, 51, 107
808, 234, 52, 108
809, 232, 53, 109
810, 230, 54, 111
810, 232, 54, 111
811, 230, 55, 113
814, 228, 55, 114
813, 229, 56, 116
816, 226, 56, 117
814, 225, 57, 119
814, 225, 58, 121
814, 225, 58, 122
816, 223, 58, 122
813, 221, 59, 123
815, 220, 59, 123
815, 219, 60, 124
816, 216, 60, 125
815, 216, 61, 126
817, 216, 61, 126
816, 212, 63, 128
815, 214, 66, 131
813, 215, 69, 133
813, 213, 69, 133
812, 215, 70, 133
811, 213, 70, 132
810, 211, 71, 132
811, 213, 71, 129
808, 215, 74, 131
808, 215, 74, 128
806, 215, 74, 126
805, 217, 74, 124
803, 215, 75, 124
800, 216, 76, 124
801, 216, 76, 123
799, 217, 77, 123
801, 212, 78, 123
800, 216, 78, 121
798, 216, 79, 122
799, 215, 79, 122
799, 215, 80, 121
799, 215, 80, 120
800, 214, 80, 119
800, 214, 80, 118
801, 214, 81, 118
801, 213, 82, 119
801, 211, 84, 121
800, 212, 84, 122
802, 209, 85, 123
801, 210, 85, 123
801, 211, 85, 123
803, 206, 87, 125
801, 208, 89, 126
804, 207, 90, 127
802, 204, 93, 130
803, 207, 94, 129
801, 203, 97, 132
804, 205, 96, 130
802, 197, 100, 135
802, 198, 99, 132
805, 200, 97, 129
803, 198, 99, 131
803, 198, 99, 131
804, 197, 100, 132
805, 195, 100, 132
805, 195, 98, 130
805, 194, 97, 128
807, 192, 95, 125
804, 192, 94, 125
806, 193, 91, 123
807, 193, 90, 123
807, 194, 90, 124
807, 192, 90, 125
807, 191, 89, 125
808, 191, 87, 124
807, 190, 87, 126
806, 189, 87, 128
809, 188, 86, 129
807, 187, 88, 133
806, 187, 88, 135
808, 181, 89, 138
805, 179, 90, 142
806, 181, 89, 143
804, 173, 90, 147
802, 173, 89, 148
803, 174, 87, 148
802, 173, 85, 149
805, 175, 84, 149
801, 168, 86, 155
803, 168, 84, 154
802, 167, 85, 157
802, 167, 86, 160
803, 166, 88, 163
801, 164, 89, 164
803, 161, 89, 164
800, 158, 89, 165
799, 151, 89, 166
799, 161, 89, 165
799, 158, 89, 166
799, 152, 90, 168
799, 147, 89, 167
800, 152, 88, 164
800, 149, 89, 165
800, 144, 89, 166
799, 145, 91, 169
799, 141, 91, 169
797, 142, 92, 171
799, 137, 91, 170
797, 137, 92, 172
797, 133, 93, 174
794, 134, 95, 177
792, 132, 95, 175
791, 128, 95, 173
786, 129, 94, 168
781, 128, 94, 166
776, 127, 93, 163
770, 127, 95, 163
764, 127, 98, 163
754, 128, 100, 163
745, 124, 102, 163
737, 122, 104, 163
728, 125, 109, 167
722, 111, 116, 173
706, 108, 123, 177
695, 103, 128, 180
683, 103, 134, 180
668, 98, 140, 181
661, 96, 141, 179
654, 97, 146, 180
639, 92, 153, 183
628, 88, 157, 184
619, 84, 160, 183
606, 85, 162, 181
595, 93, 159, 175
591, 90, 156, 169
580, 90, 152, 163
575, 91, 145, 156
572, 86, 137, 147
570, 92, 123, 131
564, 88, 113, 123
564, 97, 99, 110
562, 98, 91, 104
561, 101, 87, 102
558, 98, 84, 100
558, 101, 79, 96
558, 101, 75, 91
558, 101, 71, 86
558, 101, 68, 82
558, 99, 65, 78
558, 99, 62, 73
559, 99, 59, 69
559, 98, 56, 65
559, 97, 53, 61
560, 98, 51, 58
560, 97, 49, 54
559, 98, 47, 51
559, 99, 46, 49
559, 100, 45, 47
559, 100, 44, 45
558, 100, 43, 43
559, 101, 42, 41
558, 101, 41, 40
557, 101, 40, 39
557, 100, 39, 38
557, 100, 38, 37
557, 99, 38, 37
556, 100, 38, 37
555, 99, 38, 37
554, 98, 38, 37
553, 97, 38, 37
552, 97, 38, 37
551, 97, 38, 37
550, 96, 38, 37
549, 94, 38, 36
548, 93, 38, 36
547, 93, 38, 36
546, 92, 38, 36
545, 92, 39, 36
544, 91, 39, 36
544, 91, 39, 36
543, 91, 40, 36
542, 91, 40, 36
541, 91, 40, 36
540, 91, 40, 36
540, 91, 40, 36
540, 91, 40, 36
539, 91, 40, 36
539, 91, 40, 36
538, 92, 40, 36
538, 92, 40, 36
537, 92, 40, 36
537, 93, 40, 36
537, 93, 40, 36
536, 93, 40, 36
536, 92, 40, 36
535, 92, 40, 36
535, 92, 40, 36
535, 92, 40, 36
534, 92, 40, 36
533, 92, 40, 36
533, 92, 40, 36
532, 92, 40, 36
532, 92, 40, 36
531, 93, 40, 36
531, 94, 40, 36
531, 95, 40, 36
530, 97, 40, 36
530, 98, 40, 36
529, 100, 40, 36
529, 101, 40, 36
528, 102, 40, 36
528, 103, 40, 36
527, 104, 41, 36
526, 105, 42, 37
525, 106, 42, 37
524, 106, 43, 37
524, 106, 43, 37
523, 106, 43, 37
522, 108, 44, 38
521, 109, 44, 38
521, 110, 44, 38
521, 111, 44, 38
520, 112, 44, 38
520, 113, 44, 38
520, 114, 44, 38
519, 116, 44, 38
519, 118, 44, 38
519, 120, 44, 38
519, 122, 44, 38
519, 125, 44, 38
519, 127, 44, 38
519, 129, 45, 38
520, 131, 45, 38
519, 134, 45, 38
520, 136, 46, 38
519, 138, 47, 39
518, 141, 47, 39
518, 142, 47, 39
518, 144, 47, 39
518, 146, 47, 39
518, 148, 47, 39
518, 149, 47, 39
518, 149, 47, 39
517, 151, 47, 39
517, 152, 46, 38
518, 154, 46, 38
517, 157, 46, 38
517, 158, 46, 38
517, 159, 46, 37
516, 162, 45, 36
516, 164, 45, 36
516, 166, 45, 36
516, 168, 45, 36
515, 171, 45, 36
516, 173, 45, 36
515, 177, 45, 36
516, 178, 46, 36
515, 181, 46, 36
514, 183, 46, 36
514, 186, 47, 37
514, 188, 47, 37
513, 189, 48, 37
512, 191, 49, 38
511, 192, 49, 38
512, 193, 49, 38
511, 194, 50, 39
511, 195, 50, 39
511, 196, 50, 39
511, 198, 50, 39
511, 200, 49, 38
512, 201, 49, 38
511, 203, 49, 38
512, 205, 48, 37
512, 208, 48, 37
513, 209, 48, 36
513, 211, 48, 36
513, 214, 48, 35
513, 216, 47, 34
514, 218, 47, 34
515, 220, 47, 34
515, 223, 48, 35
515, 224, 49, 36
516, 225, 49, 36
516, 228, 49, 36
517, 228, 49, 36
518, 228, 49, 36
518, 230, 49, 36
518, 231, 49, 36
519, 231, 49, 36
521, 232, 48, 36
522, 234, 48, 36
522, 236, 48, 36
523, 237, 48, 36
524, 239, 48, 36
525, 241, 48, 36
525, 243, 48, 36
526, 245, 48, 36
527, 248, 48, 36
527, 250, 48, 36
528, 252, 48, 36
528, 254, 48, 36
529, 256, 47, 36
529, 258, 47, 36
529, 260, 48, 37
530, 261, 49, 38
531, 262, 49, 38
532, 264, 49, 38
532, 264, 49, 38
533, 265, 49, 38
535, 267, 49, 38
536, 267, 49, 38
536, 268, 49, 38
537, 269, 49, 38
539, 270, 49, 38
540, 272, 48, 38
541, 273, 48, 38
543, 274, 48, 38
545, 276, 48, 38
547, 277, 48, 38
548, 279, 48, 38
550, 281, 47, 37
552, 283, 47, 37
554, 285, 47, 37
555, 286, 47, 36
555, 286, 47, 36
557, 286, 47, 36
558, 286, 47, 36
560, 287, 48, 36
561, 287, 48, 36
562, 287, 48, 36
563, 287, 48, 36
565, 288, 49, 37
567, 288, 49, 37
568, 288, 49, 37
569, 289, 50, 37
570, 290, 51, 38
572, 291, 51, 38
574, 292, 51, 38
576, 293, 51, 38
578, 294, 51, 38
580, 295, 51, 38
581, 296, 52, 38
582, 298, 53, 38
583, 299, 53, 38
585, 301, 53, 38
587, 302, 53, 38
588, 302, 54, 39
589, 303, 55, 39
590, 301, 55, 39
593, 302, 55, 39
595, 302, 56, 40
597, 302, 56, 40
600, 302, 57, 40
603, 301, 58, 40
605, 301, 58, 40
607, 301, 58, 40
609, 302, 58, 39
611, 304, 58, 39
613, 305, 58, 38
616, 306, 58, 38
618, 308, 58, 38
621, 310, 59, 38
624, 310, 59, 38
627, 312, 59, 38
630, 313, 59, 38
633, 314, 59, 38
636, 315, 60, 38
639, 315, 61, 38
641, 315, 62, 38
643, 314, 62, 38
647, 314, 61, 37
650, 315, 60, 36
652, 316, 60, 36
655, 318, 59, 35
658, 319, 58, 34
660, 320, 57, 34
663, 320, 55, 33
666, 320, 54, 33
670, 320, 52, 33
674, 319, 51, 33
678, 320, 50, 33
681, 320, 49, 33
685, 319, 49, 34
690, 319, 48, 34
693, 319, 48, 34
696, 320, 48, 34
698, 320, 48, 35
701, 320, 48, 35
703, 320, 47, 35
706, 319, 48, 36
709, 317, 48, 37
712, 316, 48, 37
714, 314, 48, 37
716, 312, 49, 38
718, 312, 49, 39
720, 311, 49, 39
722, 310, 50, 39
725, 311, 50, 39
727, 311, 50, 39
729, 310, 50, 39
731, 311, 50, 39
733, 311, 51, 40
734, 311, 52, 41
736, 312, 52, 41
737, 312, 52, 41
737, 313, 52, 41
740, 313, 52, 41
741, 313, 52, 41
743, 313, 53, 42
745, 311, 53, 42
747, 310, 53, 42
748, 309, 52, 41
748, 308, 52, 41
749, 307, 52, 41
748, 307, 53, 42
746, 304, 54, 43
743, 302, 54, 43
737, 301, 52, 42
730, 300, 51, 41
721, 298, 50, 41
711, 297, 50, 42
698, 297, 50, 43
685, 295, 50, 44
673, 295, 51, 45
659, 294, 51, 46
646, 293, 51, 47
633, 292, 51, 48
618, 291, 50, 48
605, 290, 49, 48
591, 290, 48, 48
576, 289, 47, 49
563, 287, 46, 49
551, 286, 46, 50
537, 285, 46, 51
527, 285, 45, 51
518, 284, 44, 51
507, 284, 44, 52
499, 284, 44, 52
490, 284, 43, 52
484, 285, 43, 52
477, 286, 43, 52
470, 287, 43, 53
466, 290, 44, 54
461, 291, 45, 55
457, 291, 45, 55
453, 291, 45, 55
450, 291, 45, 54
447, 292, 45, 54
446, 291, 45, 54
444, 291, 45, 54
443, 289, 45, 54
443, 287, 45, 54
442, 285, 45, 53
440, 283, 44, 52
439, 280, 44, 52
438, 279, 44, 52
437, 277, 44, 52
436, 276, 45, 52
434, 274, 45, 52
433, 273, 46, 53
432, 273, 47, 53
431, 272, 48, 53
430, 270, 48, 53
429, 269, 48, 53
429, 269, 48, 53
429, 268, 48, 52
428, 267, 48, 51
428, 266, 49, 51
427, 265, 50, 51
427, 262, 51, 51
426, 261, 51, 51
426, 257, 51, 51
426, 255, 51, 50
425, 253, 51, 50
424, 252, 51, 50
424, 250, 51, 50
424, 248, 51, 50
424, 246, 52, 50
423, 245, 52, 50
422, 243, 52, 50
422, 240, 52, 49
422, 239, 52, 49
422, 238, 52, 49
423, 236, 52, 48
423, 235, 52, 47
423, 234, 52, 46
423, 234, 52, 45
423, 232, 52, 45
423, 231, 52, 45
423, 230, 53, 45
423, 228, 53, 45
424, 227, 53, 45
423, 226, 53, 45
424, 223, 53, 45
424, 221, 53, 44
424, 219, 53, 43
424, 217, 53, 42
424, 215, 53, 42
424, 213, 53, 42
424, 211, 53, 41
424, 210, 53, 41
424, 207, 53, 41
424, 207, 53, 41
424, 205, 53, 40
424, 204, 53, 39
424, 204, 53, 39
424, 203, 53, 39
424, 201, 54, 39
424, 200, 55, 40
424, 200, 56, 41
424, 198, 57, 42
423, 197, 57, 42
424, 196, 58, 43
424, 195, 58, 43
424, 193, 58, 43
424, 191, 58, 43
424, 189, 57, 42
424, 187, 57, 42
424, 185, 56, 42
424, 184, 56, 42
424, 182, 56, 42
424, 180, 56, 42
424, 178, 56, 42
424, 177, 56, 42
424, 176, 56, 42
425, 175, 56, 42
426, 174, 55, 41
427, 173, 55, 41
427, 172, 54, 40
428, 172, 54, 40
428, 171, 54, 40
429, 171, 54, 40
430, 170, 54, 40
431, 169, 54, 40
432, 169, 54, 40
432, 169, 54, 40
433, 168, 54, 40
434, 167, 54, 40
435, 165, 54, 40
436, 163, 54, 40
437, 162, 54, 40
437, 161, 54, 40
437, 160, 54, 40
436, 160, 54, 40
435, 160, 54, 40
434, 160, 54, 40
433, 160, 53, 39
432, 160, 53, 39
430, 160, 52, 38
429, 160, 51, 37
427, 160, 50, 36
425, 161, 50, 36
423, 162, 50, 36
421, 163, 50, 36
418, 163, 50, 36
415, 163, 51, 37
412, 164, 51, 37
410, 164, 51, 37
408, 164, 52, 38
406, 164, 52, 38
404, 163, 52, 38
402, 162, 52, 38
400, 162, 52, 38
399, 161, 52, 38
398, 161, 53, 38
396, 161, 54, 39
395, 160, 54, 39
394, 161, 54, 39
394, 160, 54, 39
393, 161, 55, 39
392, 160, 55, 39
392, 161, 55, 39
392, 161, 55, 39
391, 161, 55, 39
390, 161, 55, 39
390, 161, 55, 39
389, 161, 56, 40
388, 162, 57, 40
387, 162, 58, 41
386, 161, 58, 41
385, 162, 58, 41
385, 161, 58, 41
384, 160, 58, 41
383, 159, 58, 41
382, 158, 58, 41
381, 157, 58, 41
380, 158, 57, 40
379, 158, 57, 40
379, 158, 57, 40
378, 158, 57, 40
376, 159, 57, 40
375, 159, 56, 40
374, 159, 56, 40
373, 160, 55, 39
371, 161, 55, 39
370, 161, 55, 39
369, 162, 55, 39
366, 164, 56, 39
364, 165, 57, 39
362, 166, 57, 39
360, 168, 58, 40
358, 168, 58, 40
356, 168, 58, 40
354, 168, 58, 40
352, 168, 58, 40
349, 168, 58, 40
347, 169, 59, 40
343, 169, 59, 40
341, 169, 59, 40
339, 170, 59, 40
337, 170, 59, 40
334, 171, 59, 40
333, 172, 60, 41
331, 172, 60, 41
329, 173, 59, 41
327, 174, 59, 41
325, 175, 59, 41
323, 176, 60, 42
322, 177, 61, 43
320, 178, 62, 44
319, 179, 63, 45
317, 180, 64, 46
317, 180, 64, 46
317, 181, 65, 47
319, 181, 65, 47
321, 181, 65, 47
324, 180, 64, 46
328, 179, 63, 45
333, 179, 63, 45
338, 179, 63, 45
346, 179, 63, 47
353, 180, 64, 49
361, 180, 64, 50
369, 178, 64, 50
376, 176, 63, 50
384, 175, 63, 50
391, 174, 62, 50
398, 173, 60, 49
406, 172, 60, 49
413, 170, 60, 49
420, 170, 61, 51
425, 171, 63, 53
430, 171, 64, 54
435, 171, 64, 54
440, 171, 65, 55
443, 172, 65, 55
446, 173, 66, 56
448, 173, 66, 56
450, 174, 67, 56
450, 175, 68, 57
449, 175, 68, 58
449, 177, 68, 58
449, 178, 67, 57
448, 180, 67, 56
447, 181, 66, 55
445, 183, 66, 55
444, 186, 65, 54
442, 189, 66, 54
441, 192, 66, 54
439, 195, 66, 54
438, 196, 66, 54
437, 198, 66, 54
436, 201, 66, 54
434, 204, 65, 53
433, 206, 65, 53
433, 208, 65, 53
432, 211, 64, 52
431, 213, 63, 51
430, 214, 61, 49
429, 216, 59, 47
428, 219, 58, 46
427, 220, 57, 45
426, 222, 57, 44
424, 224, 57, 44
422, 226, 57, 44
420, 228, 58, 44
418, 229, 59, 44
416, 230, 60, 45
413, 231, 61, 46
412, 233, 61, 46
409, 235, 62, 47
408, 237, 63, 48
407, 240, 64, 48
404, 243, 65, 49
401, 245, 65, 49
400, 247, 65, 49
397, 250, 66, 50
395, 252, 67, 51
392, 254, 68, 53
390, 254, 69, 54
386, 255, 71, 56
384, 254, 72, 57
380, 255, 73, 58
377, 256, 74, 59
376, 258, 75, 60
374, 260, 76, 61
372, 263, 77, 61
370, 265, 77, 61
369, 267, 77, 61
369, 269, 77, 61
367, 272, 76, 61
367, 272, 76, 61
364, 274, 76, 61
363, 276, 76, 62
361, 279, 77, 63
360, 281, 78, 64
357, 284, 79, 66
355, 287, 79, 66
353, 289, 79, 66
352, 292, 79, 66
351, 295, 80, 66
349, 295, 82, 68
347, 298, 82, 69
345, 298, 82, 70
344, 297, 81, 69
342, 298, 81, 69
341, 300, 80, 69
340, 302, 79, 68
339, 304, 78, 66
339, 306, 77, 65
338, 308, 76, 64
337, 310, 75, 63
336, 312, 74, 61
336, 312, 74, 60
334, 314, 74, 60
332, 317, 74, 60
331, 321, 73, 59
331, 324, 72, 58
330, 328, 71, 57
331, 331, 70, 56
330, 332, 69, 55
330, 333, 69, 54
330, 334, 68, 53
330, 334, 66, 51
330, 335, 66, 50
331, 336, 66, 49
332, 336, 65, 48
333, 337, 65, 47
335, 337, 64, 46
337, 337, 64, 45
339, 337, 64, 44
341, 337, 64, 43
343, 336, 64, 43
346, 336, 64, 43
349, 336, 64, 43
351, 336, 64, 42
354, 335, 63, 41
357, 335, 62, 40
360, 335, 62, 40
362, 335, 62, 40
364, 333, 62, 40
367, 332, 61, 40
370, 330, 60, 39
371, 330, 61, 40
373, 327, 61, 40
375, 324, 62, 40
376, 324, 63, 41
377, 321, 63, 41
377, 320, 64, 41
378, 319, 65, 41
379, 318, 65, 41
380, 317, 65, 41
380, 316, 65, 41
381, 315, 65, 41
382, 314, 65, 41
382, 312, 65, 41
381, 311, 65, 41
382, 311, 66, 42
381, 310, 67, 42
379, 310, 68, 43
379, 309, 69, 44
379, 307, 69, 44
379, 306, 69, 44
379, 304, 69, 44
380, 301, 69, 44
381, 299, 70, 45
383, 297, 70, 45
385, 295, 69, 45
388, 294, 69, 45
391, 291, 68, 44
395, 291, 68, 44
400, 289, 68, 44
404, 287, 68, 44
409, 286, 67, 44
414, 284, 66, 43
419, 282, 65, 43
426, 281, 64, 43
431, 279, 64, 43
436, 278, 63, 43
442, 278, 62, 42
447, 277, 62, 42
452, 276, 62, 42
