618.0, 170.0, 61.0, 119.0
618.0, 171.0, 59.80392163991928, 116.66666680574417
616.0, 171.0, 59.80392163991928, 116.66666680574417
614.0, 172.0, 59.80392163991928, 116.66666680574417
611.0, 170.0, 62.219994633179546, 121.37998953030109
610.0, 171.0, 62.219994633179546, 121.37998953030109
608.0, 173.0, 62.219994633179546, 121.37998953030109
606.0, 174.0, 62.219994633179546, 121.37998953030109
604.0, 176.0, 60.99999481112898, 118.99998987744833
601.0, 177.0, 60.99999481112898, 118.99998987744833
600.0, 179.0, 59.803916552790824, 116.6666568816739
595.0, 177.0, 60.999993743177455, 118.9999877940675
593.0, 178.0, 60.999993743177455, 118.9999877940675
589.0, 176.0, 62.21999245455846, 121.37998528020421
587.0, 178.0, 62.21999245455846, 121.37998528020421
585.0, 178.0, 62.21999245455846, 121.37998528020421
583.0, 178.0, 62.21999245455846, 121.37998528020421
581.0, 179.0, 62.21999245455846, 121.37998528020421
579.0, 181.0, 62.21999245455846, 121.37998528020421
578.0, 182.0, 62.21999245455846, 121.37998528020421
577.0, 184.0, 60.99999267522595, 118.99998571068669
574.0, 184.0, 60.99999267522595, 118.99998571068669
572.0, 186.0, 60.99999267522595, 118.99998571068669
571.0, 186.0, 60.99999267522595, 118.99998571068669
569.0, 188.0, 60.99999267522595, 118.99998571068669
567.0, 190.0, 60.99999267522595, 118.99998571068669
565.0, 190.0, 60.99999267522595, 118.99998571068669
563.0, 192.0, 60.99999267522595, 118.99998571068669
561.0, 192.0, 60.99999267522595, 118.99998571068669
559.0, 193.0, 60.99999267522595, 118.99998571068669
557.0, 192.0, 60.99999267522595, 118.99998571068669
556.0, 193.0, 60.99999267522595, 118.99998571068669
553.0, 193.0, 60.99999267522595, 118.99998571068669
552.0, 193.0, 59.80391445876825, 116.66665279661346
550.0, 193.0, 59.80391445876825, 116.66665279661346
548.0, 194.0, 59.80391445876825, 116.66665279661346
546.0, 194.0, 59.80391445876825, 116.66665279661346
544.0, 194.0, 59.80391445876825, 116.66665279661346
543.0, 195.0, 59.80391445876825, 116.66665279661346
541.0, 196.0, 59.80391445876825, 116.66665279661346
539.0, 197.0, 59.80391445876825, 116.66665279661346
537.0, 197.0, 59.80391445876825, 116.66665279661346
535.0, 198.0, 59.80391445876825, 116.66665279661346
534.0, 199.0, 59.80391445876825, 116.66665279661346
533.0, 200.0, 59.80391445876825, 116.66665279661346
534.0, 200.0, 59.80391445876825, 116.66665279661346
535.0, 201.0, 59.80391445876825, 116.66665279661346
536.0, 201.0, 59.80391445876825, 116.66665279661346
538.0, 202.0, 59.80391445876825, 116.66665279661346
543.0, 201.0, 59.80391445876825, 116.66665279661346
547.0, 200.0, 59.80391445876825, 116.66665279661346
552.0, 200.0, 59.80391445876825, 116.66665279661346
559.0, 200.0, 59.80391445876825, 116.66665279661346
565.0, 199.0, 59.80391445876825, 116.66665279661346
572.0, 199.0, 59.80391445876825, 116.66665279661346
579.0, 200.0, 59.80391445876825, 116.66665279661346
587.0, 200.0, 59.80391445876825, 116.66665279661346
595.0, 200.0, 59.80391445876825, 116.66665279661346
604.0, 201.0, 59.80391445876825, 116.66665279661346
612.0, 202.0, 59.80391445876825, 116.66665279661346
622.0, 202.0, 59.80391445876825, 116.66665279661346
631.0, 203.0, 59.80391445876825, 116.66665279661346
642.0, 205.0, 58.63128875496085, 114.37907150557936
651.0, 205.0, 58.63128875496085, 114.37907150557936
660.0, 206.0, 58.63128875496085, 114.37907150557936
669.0, 207.0, 58.63128875496085, 114.37907150557936
676.0, 207.0, 58.63128875496085, 114.37907150557936
684.0, 207.0, 58.63128875496085, 114.37907150557936
690.0, 207.0, 58.63128875496085, 114.37907150557936
695.0, 207.0, 58.63128875496085, 114.37907150557936
699.0, 208.0, 58.63128875496085, 114.37907150557936
703.0, 208.0, 58.63128875496085, 114.37907150557936
705.0, 209.0, 58.63128875496085, 114.37907150557936
708.0, 210.0, 58.63128875496085, 114.37907150557936
708.0, 210.0, 58.63128875496085, 114.37907150557936
710.0, 212.0, 58.63128875496085, 114.37907150557936
710.0, 213.0, 58.63128875496085, 114.37907150557936
710.0, 214.0, 58.63128875496085, 114.37907150557936
709.0, 215.0, 58.63128875496085, 114.37907150557936
708.0, 217.0, 57.48165571064195, 112.13634474699003
705.0, 217.0, 57.48165571064195, 112.13634474699003
702.0, 218.0, 57.48165571064195, 112.13634474699003
700.0, 220.0, 57.48165571064195, 112.13634474699003
698.0, 221.0, 57.48165571064195, 112.13634474699003
695.0, 222.0, 57.48165571064195, 112.13634474699003
692.0, 222.0, 57.48165571064195, 112.13634474699003
690.0, 222.0, 57.48165571064195, 112.13634474699003
687.0, 223.0, 57.48165571064195, 112.13634474699003
685.0, 223.0, 57.48165571064195, 112.13634474699003
683.0, 224.0, 57.48165571064195, 112.13634474699003
681.0, 225.0, 57.48165571064195, 112.13634474699003
678.0, 225.0, 57.48165571064195, 112.13634474699003
676.0, 226.0, 57.48165571064195, 112.13634474699003
675.0, 228.0, 56.354564489377864, 109.93759302026173
674.0, 229.0, 56.354564489377864, 109.93759302026173
673.0, 231.0, 55.249573094664456, 107.78195406991918
670.0, 232.0, 55.249573094664456, 107.78195406991918
669.0, 233.0, 55.249573094664456, 107.78195406991918
667.0, 234.0, 55.249573094664456, 107.78195406991918
664.0, 235.0, 55.249573094664456, 107.78195406991918
663.0, 236.0, 55.249573094664456, 107.78195406991918
662.0, 236.0, 55.249573094664456, 107.78195406991918
660.0, 237.0, 55.249573094664456, 107.78195406991918
658.0, 236.0, 55.249573094664456, 107.78195406991918
657.0, 236.0, 55.249573094664456, 107.78195406991918
656.0, 236.0, 55.249573094664456, 107.78195406991918
654.0, 236.0, 55.249573094664456, 107.78195406991918
652.0, 236.0, 55.249573094664456, 107.78195406991918
651.0, 237.0, 55.249573094664456, 107.78195406991918
650.0, 236.0, 55.249573094664456, 107.78195406991918
648.0, 236.0, 55.249573094664456, 107.78195406991918
648.0, 238.0, 54.16624819659518, 105.66858254745615
646.0, 238.0, 54.16624819659518, 105.66858254745615
644.0, 238.0, 54.16624819659518, 105.66858254745615
642.0, 239.0, 54.16624819659518, 105.66858254745615
641.0, 240.0, 54.16624819659518, 105.66858254745615
639.0, 241.0, 54.16624819659518, 105.66858254745615
636.0, 242.0, 54.16624819659518, 105.66858254745615
635.0, 243.0, 53.104164961927815, 103.5966496798264
632.0, 244.0, 53.104164961927815, 103.5966496798264
630.0, 244.0, 53.104164961927815, 103.5966496798264
627.0, 244.0, 53.104164961927815, 103.5966496798264
624.0, 244.0, 53.104164961927815, 103.5966496798264
623.0, 244.0, 53.104164961927815, 103.5966496798264
620.0, 244.0, 53.104164961927815, 103.5966496798264
618.0, 244.0, 53.104164961927815, 103.5966496798264
617.0, 243.0, 53.104164961927815, 103.5966496798264
615.0, 243.0, 53.104164961927815, 103.5966496798264
613.0, 243.0, 53.104164961927815, 103.5966496798264
610.0, 243.0, 53.104164961927815, 103.5966496798264
609.0, 244.0, 53.104164961927815, 103.5966496798264
607.0, 244.0, 53.104164961927815, 103.5966496798264
605.0, 245.0, 53.104164961927815, 103.5966496798264
603.0, 245.0, 53.104164961927815, 103.5966496798264
601.0, 246.0, 53.104164961927815, 103.5966496798264
599.0, 246.0, 53.104164961927815, 103.5966496798264
597.0, 247.0, 53.104164961927815, 103.5966496798264
595.0, 248.0, 52.06290688748325, 101.56534294443453
593.0, 247.0, 52.06290688748325, 101.56534294443453
591.0, 247.0, 52.06290688748325, 101.56534294443453
589.0, 246.0, 52.06290688748325, 101.56534294443453
587.0, 246.0, 52.06290688748325, 101.56534294443453
584.0, 245.0, 52.06290688748325, 101.56534294443453
582.0, 244.0, 52.06290688748325, 101.56534294443453
579.0, 244.0, 52.06290688748325, 101.56534294443453
578.0, 243.0, 52.06290688748325, 101.56534294443453
576.0, 243.0, 51.042065636810854, 99.57386575049986
574.0, 242.0, 51.042065636810854, 99.57386575049986
572.0, 243.0, 50.041240880056606, 97.6214371266678
570.0, 243.0, 50.041240880056606, 97.6214371266678
568.0, 244.0, 50.041240880056606, 97.6214371266678
566.0, 245.0, 50.041240880056606, 97.6214371266678
564.0, 245.0, 50.041240880056606, 97.6214371266678
561.0, 246.0, 50.041240880056606, 97.6214371266678
558.0, 246.0, 50.041240880056606, 97.6214371266678
556.0, 246.0, 50.041240880056606, 97.6214371266678
552.0, 246.0, 50.041240880056606, 97.6214371266678
550.0, 246.0, 49.06004013697099, 95.70729141474669
548.0, 246.0, 49.06004013697099, 95.70729141474669
546.0, 245.0, 49.06004013697099, 95.70729141474669
545.0, 244.0, 49.06004013697099, 95.70729141474669
542.0, 245.0, 49.06004013697099, 95.70729141474669
540.0, 244.0, 49.06004013697099, 95.70729141474669
539.0, 244.0, 49.06004013697099, 95.70729141474669
538.0, 244.0, 49.06004013697099, 95.70729141474669
536.0, 244.0, 49.06004013697099, 95.70729141474669
535.0, 244.0, 49.06004013697099, 95.70729141474669
533.0, 245.0, 49.06004013697099, 95.70729141474669
532.0, 245.0, 49.06004013697099, 95.70729141474669
531.0, 245.0, 49.06004013697099, 95.70729141474669
529.0, 246.0, 49.06004013697099, 95.70729141474669
527.0, 246.0, 49.06004013697099, 95.70729141474669
526.0, 247.0, 49.06004013697099, 95.70729141474669
523.0, 246.0, 49.06004013697099, 95.70729141474669
522.0, 246.0, 49.06004013697099, 95.70729141474669
522.0, 245.0, 49.06004013697099, 95.70729141474669
520.0, 245.0, 49.06004013697099, 95.70729141474669
521.0, 244.0, 49.06004013697099, 95.70729141474669
520.0, 244.0, 49.06004013697099, 95.70729141474669
521.0, 244.0, 49.06004013697099, 95.70729141474669
523.0, 243.0, 49.06004013697099, 95.70729141474669
525.0, 243.0, 49.06004013697099, 95.70729141474669
527.0, 243.0, 48.09807862299521, 93.83067796944967
530.0, 243.0, 48.09807862299521, 93.83067796944967
532.0, 243.0, 48.09807862299521, 93.83067796944967
534.0, 244.0, 47.15497909836528, 91.99086086402407
538.0, 245.0, 46.2303717201749, 90.18711860165267
542.0, 245.0, 46.2303717201749, 90.18711860165267
546.0, 245.0, 46.2303717201749, 90.18711860165267
549.0, 245.0, 46.2303717201749, 90.18711860165267
552.0, 244.0, 46.2303717201749, 90.18711860165267
557.0, 244.0, 46.2303717201749, 90.18711860165267
562.0, 244.0, 46.2303717201749, 90.18711860165267
566.0, 242.0, 46.2303717201749, 90.18711860165267
572.0, 242.0, 46.2303717201749, 90.18711860165267
577.0, 242.0, 46.2303717201749, 90.18711860165267
583.0, 242.0, 46.2303717201749, 90.18711860165267
588.0, 242.0, 46.2303717201749, 90.18711860165267
594.0, 241.0, 46.2303717201749, 90.18711860165267
598.0, 241.0, 46.2303717201749, 90.18711860165267
603.0, 241.0, 46.2303717201749, 90.18711860165267
607.0, 241.0, 46.2303717201749, 90.18711860165267
608.0, 242.0, 46.2303717201749, 90.18711860165267
612.0, 242.0, 45.32389389733902, 88.41874383251383
613.0, 243.0, 45.32389389733902, 88.41874383251383
615.0, 244.0, 45.32389389733902, 88.41874383251383
615.0, 244.0, 45.32389389733902, 88.41874383251383
616.0, 244.0, 45.32389389733902, 88.41874383251383
616.0, 244.0, 45.32389389733902, 88.41874383251383
617.0, 243.0, 45.32389389733902, 88.41874383251383
616.0, 242.0, 45.32389389733902, 88.41874383251383
617.0, 241.0, 45.32389389733902, 88.41874383251383
617.0, 241.0, 45.32389389733902, 88.41874383251383
617.0, 241.0, 45.32389389733902, 88.41874383251383
618.0, 240.0, 45.32389389733902, 88.41874383251383
617.0, 239.0, 45.32389389733902, 88.41874383251383
617.0, 239.0, 45.32389389733902, 88.41874383251383
617.0, 239.0, 45.32389389733902, 88.41874383251383
616.0, 239.0, 45.32389389733902, 88.41874383251383
616.0, 239.0, 45.32389389733902, 88.41874383251383
615.0, 239.0, 44.43519014840129, 86.68504307638939
614.0, 240.0, 44.43519014840129, 86.68504307638939
613.0, 241.0, 43.56391196212957, 84.98533645071178
612.0, 241.0, 43.56391196212957, 84.98533645071178
610.0, 242.0, 43.56391196212957, 84.98533645071178
608.0, 242.0, 43.56391196212957, 84.98533645071178
606.0, 242.0, 43.56391196212957, 84.98533645071178
604.0, 243.0, 43.56391196212957, 84.98533645071178
603.0, 242.0, 43.56391196212957, 84.98533645071178
602.0, 243.0, 42.7097176608449, 83.31895740394334
600.0, 243.0, 42.7097176608449, 83.31895740394334
599.0, 243.0, 41.87227226643025, 81.6852524541836
597.0, 243.0, 41.87227226643025, 81.6852524541836
596.0, 244.0, 41.87227226643025, 81.6852524541836
594.0, 244.0, 41.87227226643025, 81.6852524541836
594.0, 245.0, 41.87227226643025, 81.6852524541836
593.0, 245.0, 41.87227226643025, 81.6852524541836
591.0, 245.0, 41.87227226643025, 81.6852524541836
590.0, 246.0, 41.87227226643025, 81.6852524541836
589.0, 247.0, 41.87227226643025, 81.6852524541836
588.0, 249.0, 41.87227226643025, 81.6852524541836
587.0, 249.0, 41.87227226643025, 81.6852524541836
586.0, 250.0, 41.87227226643025, 81.6852524541836
585.0, 250.0, 41.87227226643025, 81.6852524541836
584.0, 250.0, 41.87227226643025, 81.6852524541836
583.0, 250.0, 41.87227226643025, 81.6852524541836
582.0, 250.0, 41.87227226643025, 81.6852524541836
581.0, 250.0, 41.87227226643025, 81.6852524541836
580.0, 250.0, 41.87227226643025, 81.6852524541836
579.0, 250.0, 41.87227226643025, 81.6852524541836
578.0, 250.0, 41.87227226643025, 81.6852524541836
578.0, 252.0, 41.05124736896656, 80.08358093290197
578.0, 252.0, 41.05124736896656, 80.08358093290197
577.0, 252.0, 41.05124736896656, 80.08358093290197
576.0, 253.0, 41.05124736896656, 80.08358093290197
576.0, 254.0, 41.05124736896656, 80.08358093290197
575.0, 256.0, 40.24632099794456, 78.51331473369513
575.0, 257.0, 40.24632099794456, 78.51331473369513
574.0, 258.0, 40.24632099794456, 78.51331473369513
572.0, 260.0, 40.24632099794456, 78.51331473369513
572.0, 261.0, 40.24632099794456, 78.51331473369513
571.0, 261.0, 40.24632099794456, 78.51331473369513
569.0, 262.0, 40.24632099794456, 78.51331473369513
568.0, 263.0, 40.24632099794456, 78.51331473369513
567.0, 263.0, 40.24632099794456, 78.51331473369513
566.0, 264.0, 40.24632099794456, 78.51331473369513
565.0, 265.0, 40.24632099794456, 78.51331473369513
564.0, 265.0, 40.24632099794456, 78.51331473369513
563.0, 265.0, 40.24632099794456, 78.51331473369513
562.0, 266.0, 40.24632099794456, 78.51331473369513
562.0, 267.0, 39.457177496001876, 76.97383806597087
561.0, 268.0, 39.457177496001876, 76.97383806597087
561.0, 268.0, 39.457177496001876, 76.97383806597087
560.0, 270.0, 39.457177496001876, 76.97383806597087
559.0, 271.0, 39.457177496001876, 76.97383806597087
559.0, 272.0, 39.457177496001876, 76.97383806597087
557.0, 273.0, 39.457177496001876, 76.97383806597087
557.0, 274.0, 39.457177496001876, 76.97383806597087
556.0, 274.0, 39.457177496001876, 76.97383806597087
555.0, 276.0, 39.457177496001876, 76.97383806597087
554.0, 276.0, 39.457177496001876, 76.97383806597087
553.0, 276.0, 39.457177496001876, 76.97383806597087
553.0, 276.0, 39.457177496001876, 76.97383806597087
552.0, 275.0, 39.457177496001876, 76.97383806597087
551.0, 276.0, 39.457177496001876, 76.97383806597087
550.0, 276.0, 39.457177496001876, 76.97383806597087
548.0, 276.0, 39.457177496001876, 76.97383806597087
547.0, 276.0, 39.457177496001876, 76.97383806597087
547.0, 276.0, 39.457177496001876, 76.97383806597087
546.0, 277.0, 39.457177496001876, 76.97383806597087
545.0, 277.0, 39.457177496001876, 76.97383806597087
544.0, 278.0, 39.457177496001876, 76.97383806597087
543.0, 279.0, 39.457177496001876, 76.97383806597087
543.0, 280.0, 39.457177496001876, 76.97383806597087
541.0, 281.0, 39.457177496001876, 76.97383806597087
540.0, 282.0, 39.457177496001876, 76.97383806597087
539.0, 282.0, 39.457177496001876, 76.97383806597087
537.0, 284.0, 39.457177496001876, 76.97383806597087
536.0, 285.0, 39.457177496001876, 76.97383806597087
534.0, 285.0, 39.457177496001876, 76.97383806597087
532.0, 286.0, 39.457177496001876, 76.97383806597087
530.0, 287.0, 39.457177496001876, 76.97383806597087
529.0, 288.0, 39.457177496001876, 76.97383806597087
528.0, 288.0, 39.457177496001876, 76.97383806597087
526.0, 288.0, 39.457177496001876, 76.97383806597087
526.0, 289.0, 39.457177496001876, 76.97383806597087
524.0, 289.0, 39.457177496001876, 76.97383806597087
523.0, 290.0, 39.457177496001876, 76.97383806597087
522.0, 290.0, 39.457177496001876, 76.97383806597087
521.0, 292.0, 39.457177496001876, 76.97383806597087
520.0, 292.0, 39.457177496001876, 76.97383806597087
519.0, 294.0, 39.457177496001876, 76.97383806597087
518.0, 294.0, 39.457177496001876, 76.97383806597087
517.0, 296.0, 39.457177496001876, 76.97383806597087
516.0, 296.0, 39.457177496001876, 76.97383806597087
514.0, 296.0, 39.457177496001876, 76.97383806597087
514.0, 297.0, 39.457177496001876, 76.97383806597087
515.0, 298.0, 39.457177496001876, 76.97383806597087
516.0, 298.0, 39.457177496001876, 76.97383806597087
519.0, 296.0, 39.457177496001876, 76.97383806597087
522.0, 296.0, 39.457177496001876, 76.97383806597087
527.0, 296.0, 39.457177496001876, 76.97383806597087
531.0, 296.0, 39.457177496001876, 76.97383806597087
538.0, 295.0, 38.683507395135784, 75.46454721346161
546.0, 294.0, 38.683507395135784, 75.46454721346161
553.0, 294.0, 38.683507395135784, 75.46454721346161
562.0, 294.0, 38.683507395135784, 75.46454721346161
572.0, 294.0, 38.683507395135784, 75.46454721346161
583.0, 294.0, 38.683507395135784, 75.46454721346161
595.0, 294.0, 38.683507395135784, 75.46454721346161
607.0, 295.0, 38.683507395135784, 75.46454721346161
619.0, 295.0, 38.683507395135784, 75.46454721346161
632.0, 296.0, 38.683507395135784, 75.46454721346161
644.0, 298.0, 37.92500729534325, 73.9848502974729
656.0, 299.0, 37.92500729534325, 73.9848502974729
667.0, 299.0, 37.92500729534325, 73.9848502974729
677.0, 301.0, 37.92500729534325, 73.9848502974729
687.0, 302.0, 37.92500729534325, 73.9848502974729
696.0, 303.0, 37.92500729534325, 73.9848502974729
703.0, 303.0, 37.92500729534325, 73.9848502974729
708.0, 305.0, 37.92500729534325, 73.9848502974729
712.0, 305.0, 37.92500729534325, 73.9848502974729
714.0, 306.0, 37.92500729534325, 73.9848502974729
717.0, 306.0, 37.92500729534325, 73.9848502974729
718.0, 308.0, 37.92500729534325, 73.9848502974729
718.0, 309.0, 37.92500729534325, 73.9848502974729
718.0, 310.0, 37.92500729534325, 73.9848502974729
717.0, 311.0, 37.92500729534325, 73.9848502974729
716.0, 311.0, 37.92500729534325, 73.9848502974729
714.0, 312.0, 37.92500729534325, 73.9848502974729
713.0, 313.0, 37.92500729534325, 73.9848502974729
710.0, 314.0, 37.92500729534325, 73.9848502974729
710.0, 314.0, 37.92500729534325, 73.9848502974729
709.0, 315.0, 37.92500729534325, 73.9848502974729
708.0, 315.0, 37.92500729534325, 73.9848502974729
706.0, 315.0, 37.92500729534325, 73.9848502974729
705.0, 315.0, 37.92500729534325, 73.9848502974729
704.0, 315.0, 37.92500729534325, 73.9848502974729
702.0, 315.0, 37.92500729534325, 73.9848502974729
700.0, 315.0, 37.92500729534325, 73.9848502974729
700.0, 315.0, 37.92500729534325, 73.9848502974729
699.0, 317.0, 37.18137974564058, 72.53416704477424
697.0, 317.0, 37.18137974564058, 72.53416704477424
697.0, 319.0, 36.45233312741592, 71.11192856004088
695.0, 319.0, 36.45233312741592, 71.11192856004088
695.0, 320.0, 35.7375815400691, 69.71757710275776
692.0, 322.0, 35.7375815400691, 69.71757710275776
691.0, 323.0, 35.7375815400691, 69.71757710275776
690.0, 324.0, 35.7375815400691, 69.71757710275776
688.0, 325.0, 35.7375815400691, 69.71757710275776
686.0, 326.0, 35.036844688893744, 68.35056586849763
684.0, 326.0, 35.036844688893744, 68.35056586849763
683.0, 326.0, 35.036844688893744, 68.35056586849763
680.0, 327.0, 35.036844688893744, 68.35056586849763
679.0, 327.0, 35.036844688893744, 68.35056586849763
677.0, 327.0, 35.036844688893744, 68.35056586849763
675.0, 327.0, 35.036844688893744, 68.35056586849763
674.0, 327.0, 35.036844688893744, 68.35056586849763
674.0, 327.0, 35.036844688893744, 68.35056586849763
672.0, 328.0, 35.036844688893744, 68.35056586849763
671.0, 328.0, 35.036844688893744, 68.35056586849763
670.0, 328.0, 35.036844688893744, 68.35056586849763
670.0, 329.0, 35.036844688893744, 68.35056586849763
669.0, 330.0, 34.34984777515776, 67.01035877448808
668.0, 330.0, 34.34984777515776, 67.01035877448808
668.0, 331.0, 34.34984777515776, 67.01035877448808
667.0, 331.0, 34.34984777515776, 67.01035877448808
665.0, 331.0, 34.34984777515776, 67.01035877448808
665.0, 331.0, 34.34984777515776, 67.01035877448808
663.0, 331.0, 34.34984777515776, 67.01035877448808
662.0, 329.0, 34.34984777515776, 67.01035877448808
662.0, 329.0, 34.34984777515776, 67.01035877448808
661.0, 328.0, 35.03684407548957, 68.35056467185669
658.0, 328.0, 35.03684407548957, 68.35056467185669
658.0, 327.0, 35.03684407548957, 68.35056467185669
657.0, 327.0, 35.03684407548957, 68.35056467185669
656.0, 327.0, 35.03684407548957, 68.35056467185669
654.0, 327.0, 35.03684407548957, 68.35056467185669
653.0, 327.0, 35.03684407548957, 68.35056467185669
652.0, 328.0, 34.34984717378112, 67.0103576013107
651.0, 328.0, 33.67632079875424, 65.6964290992091
649.0, 328.0, 33.67632079875424, 65.6964290992091
648.0, 329.0, 33.67632079875424, 65.6964290992091
646.0, 329.0, 34.34984657240448, 67.01035642813333
644.0, 328.0, 34.34984657240448, 67.01035642813333
643.0, 328.0, 34.34984657240448, 67.01035642813333
641.0, 329.0, 34.34984657240448, 67.01035642813333
639.0, 328.0, 34.34984657240448, 67.01035642813333
638.0, 328.0, 34.34984657240448, 67.01035642813333
637.0, 327.0, 33.676320209169305, 65.69642794903521
636.0, 327.0, 33.676320209169305, 65.69642794903521
634.0, 327.0, 33.676320209169305, 65.69642794903521
632.0, 327.0, 33.676320209169305, 65.69642794903521
631.0, 327.0, 33.676320209169305, 65.69642794903521
631.0, 326.0, 33.676320209169305, 65.69642794903521
629.0, 326.0, 33.676320209169305, 65.69642794903521
628.0, 326.0, 33.676320209169305, 65.69642794903521
627.0, 326.0, 33.01600024442609, 64.40826277191319
627.0, 327.0, 33.01600024442609, 64.40826277191319
625.0, 327.0, 33.01600024442609, 64.40826277191319
624.0, 327.0, 33.01600024442609, 64.40826277191319
623.0, 327.0, 33.01600024442609, 64.40826277191319
622.0, 327.0, 33.01600024442609, 64.40826277191319
621.0, 327.0, 33.01600024442609, 64.40826277191319
620.0, 326.0, 33.01600024442609, 64.40826277191319
619.0, 326.0, 33.01600024442609, 64.40826277191319
618.0, 325.0, 33.01600024442609, 64.40826277191319
618.0, 324.0, 33.01600024442609, 64.40826277191319
616.0, 323.0, 33.01600024442609, 64.40826277191319
615.0, 323.0, 33.01600024442609, 64.40826277191319
615.0, 323.0, 32.36862772920022, 63.14535573401355
613.0, 322.0, 32.36862772920022, 63.14535573401355
613.0, 322.0, 32.36862772920022, 63.14535573401355
612.0, 322.0, 32.36862772920022, 63.14535573401355
610.0, 322.0, 32.36862772920022, 63.14535573401355
610.0, 322.0, 32.36862772920022, 63.14535573401355
609.0, 322.0, 31.733948791947682, 61.907211577734
608.0, 322.0, 31.733948791947682, 61.907211577734
607.0, 323.0, 31.733948791947682, 61.907211577734
606.0, 323.0, 31.733948791947682, 61.907211577734
604.0, 323.0, 31.733948791947682, 61.907211577734
603.0, 323.0, 31.733948791947682, 61.907211577734
602.0, 323.0, 31.733948791947682, 61.907211577734
600.0, 323.0, 31.733948791947682, 61.907211577734
598.0, 323.0, 31.733948791947682, 61.907211577734
597.0, 323.0, 31.733948791947682, 61.907211577734
596.0, 322.0, 31.733948791947682, 61.907211577734
595.0, 322.0, 31.733948791947682, 61.907211577734
595.0, 322.0, 31.11171453899755, 60.693344756405054
593.0, 323.0, 30.501680956946668, 59.50327924387957
593.0, 322.0, 30.501680956946668, 59.50327924387957
592.0, 323.0, 30.501680956946668, 59.50327924387957
591.0, 322.0, 30.501680956946668, 59.50327924387957
590.0, 322.0, 30.501680956946668, 59.50327924387957
589.0, 323.0, 30.501680956946668, 59.50327924387957
589.0, 323.0, 30.501680956946668, 59.50327924387957
587.0, 323.0, 30.501680956946668, 59.50327924387957
587.0, 324.0, 30.501680956946668, 59.50327924387957
586.0, 324.0, 30.501680956946668, 59.50327924387957
585.0, 324.0, 30.501680956946668, 59.50327924387957
585.0, 325.0, 30.501680956946668, 59.50327924387957
583.0, 324.0, 30.501680956946668, 59.50327924387957
583.0, 324.0, 30.501680956946668, 59.50327924387957
583.0, 324.0, 30.501680956946668, 59.50327924387957
582.0, 324.0, 30.501680956946668, 59.50327924387957
581.0, 324.0, 30.501680956946668, 59.50327924387957
580.0, 324.0, 30.501680956946668, 59.50327924387957
579.0, 324.0, 30.501680956946668, 59.50327924387957
578.0, 324.0, 30.501680956946668, 59.50327924387957
578.0, 325.0, 30.501680956946668, 59.50327924387957
577.0, 325.0, 30.501680956946668, 59.50327924387957
576.0, 326.0, 29.90360881696814, 58.33654834785588
575.0, 326.0, 29.90360881696814, 58.33654834785588
573.0, 327.0, 29.90360881696814, 58.33654834785588
573.0, 328.0, 29.90360881696814, 58.33654834785588
571.0, 328.0, 29.90360881696814, 58.33654834785588
570.0, 328.0, 29.90360881696814, 58.33654834785588
568.0, 329.0, 29.90360881696814, 58.33654834785588
567.0, 330.0, 29.90360881696814, 58.33654834785588
565.0, 330.0, 29.90360881696814, 58.33654834785588
564.0, 330.0, 29.90360881696814, 58.33654834785588
562.0, 330.0, 29.90360881696814, 58.33654834785588
561.0, 330.0, 29.90360881696814, 58.33654834785588
560.0, 330.0, 29.90360881696814, 58.33654834785588
559.0, 331.0, 29.90360881696814, 58.33654834785588
558.0, 331.0, 29.90360881696814, 58.33654834785588
558.0, 331.0, 29.90360881696814, 58.33654834785588
559.0, 332.0, 29.90360881696814, 58.33654834785588
560.0, 332.0, 29.90360881696814, 58.33654834785588
562.0, 332.0, 29.90360881696814, 58.33654834785588
564.0, 332.0, 29.90360881696814, 58.33654834785588
567.0, 333.0, 29.90360881696814, 58.33654834785588
569.0, 333.0, 29.90360881696814, 58.33654834785588
573.0, 334.0, 29.90360881696814, 58.33654834785588
578.0, 334.0, 29.90360881696814, 58.33654834785588
582.0, 334.0, 29.90360881696814, 58.33654834785588
587.0, 334.0, 29.90360881696814, 58.33654834785588
593.0, 334.0, 29.90360881696814, 58.33654834785588
600.0, 333.0, 29.90360881696814, 58.33654834785588
607.0, 333.0, 29.90360881696814, 58.33654834785588
614.0, 333.0, 29.90360881696814, 58.33654834785588
621.0, 333.0, 29.90360881696814, 58.33654834785588
629.0, 333.0, 29.90360881696814, 58.33654834785588
638.0, 333.0, 29.90360881696814, 58.33654834785588
647.0, 333.0, 29.90360881696814, 58.33654834785588
657.0, 334.0, 29.90360881696814, 58.33654834785588
664.0, 335.0, 29.90360881696814, 58.33654834785588
672.0, 336.0, 29.90360881696814, 58.33654834785588
679.0, 337.0, 29.317263580996098, 57.192694526861246
686.0, 338.0, 29.317263580996098, 57.192694526861246
690.0, 340.0, 29.317263580996098, 57.192694526861246
695.0, 340.0, 29.317263580996098, 57.192694526861246
698.0, 341.0, 29.317263580996098, 57.192694526861246
701.0, 342.0, 29.317263580996098, 57.192694526861246
704.0, 342.0, 29.317263580996098, 57.192694526861246
705.0, 343.0, 29.317263580996098, 57.192694526861246
705.0, 342.0, 29.317263580996098, 57.192694526861246
706.0, 343.0, 29.317263580996098, 57.192694526861246
705.0, 342.0, 29.317263580996098, 57.192694526861246
704.0, 342.0, 29.317263580996098, 57.192694526861246
703.0, 342.0, 29.317263580996098, 57.192694526861246
702.0, 342.0, 29.317263580996098, 57.192694526861246
701.0, 341.0, 29.317263580996098, 57.192694526861246
700.0, 341.0, 29.317263580996098, 57.192694526861246
698.0, 342.0, 29.317263580996098, 57.192694526861246
697.0, 342.0, 29.317263580996098, 57.192694526861246
697.0, 342.0, 28.74241530975, 56.07126921082377
695.0, 342.0, 28.74241530975, 56.07126921082377
694.0, 343.0, 28.74241530975, 56.07126921082377
692.0, 344.0, 28.74241530975, 56.07126921082377
691.0, 344.0, 28.74241530975, 56.07126921082377
691.0, 344.0, 28.74241530975, 56.07126921082377
689.0, 344.0, 29.317263067726937, 57.192693525565666
688.0, 343.0, 29.317263067726937, 57.192693525565666
687.0, 343.0, 29.317263067726937, 57.192693525565666
686.0, 343.0, 29.317263067726937, 57.192693525565666
685.0, 342.0, 29.317263067726937, 57.192693525565666
683.0, 342.0, 29.317263067726937, 57.192693525565666
682.0, 341.0, 29.317263067726937, 57.192693525565666
681.0, 341.0, 29.317263067726937, 57.192693525565666
681.0, 340.0, 29.317263067726937, 57.192693525565666
680.0, 340.0, 29.90360776989906, 58.33654630521292
678.0, 340.0, 29.90360776989906, 58.33654630521292
677.0, 340.0, 29.90360776989906, 58.33654630521292
676.0, 341.0, 29.90360776989906, 58.33654630521292
674.0, 341.0, 29.90360776989906, 58.33654630521292
673.0, 341.0, 29.317262554457784, 57.1926925242701
673.0, 342.0, 29.317262554457784, 57.1926925242701
670.0, 342.0, 29.317262554457784, 57.1926925242701
670.0, 343.0, 29.317262554457784, 57.1926925242701
667.0, 343.0, 29.317262554457784, 57.1926925242701
666.0, 343.0, 29.317262554457784, 57.1926925242701
664.0, 344.0, 29.317262554457784, 57.1926925242701
664.0, 343.0, 29.317262554457784, 57.1926925242701
661.0, 343.0, 29.317262554457784, 57.1926925242701
660.0, 343.0, 29.317262554457784, 57.1926925242701
658.0, 344.0, 29.317262554457784, 57.1926925242701
658.0, 343.0, 29.317262554457784, 57.1926925242701
656.0, 343.0, 29.317262554457784, 57.1926925242701
655.0, 344.0, 28.742414303339885, 56.07126724749912
654.0, 343.0, 28.742414303339885, 56.07126724749912
653.0, 343.0, 28.742414303339885, 56.07126724749912
652.0, 343.0, 28.742414303339885, 56.07126724749912
651.0, 344.0, 28.742414303339885, 56.07126724749912
650.0, 344.0, 28.742414303339885, 56.07126724749912
649.0, 344.0, 28.1788375858858, 54.97183070033459
649.0, 345.0, 28.1788375858858, 54.97183070033459
647.0, 346.0, 28.1788375858858, 54.97183070033459
646.0, 345.0, 28.1788375858858, 54.97183070033459
645.0, 346.0, 28.1788375858858, 54.97183070033459
645.0, 345.0, 28.1788375858858, 54.97183070033459
644.0, 345.0, 28.742413800134845, 56.071266265836826
642.0, 344.0, 28.742413800134845, 56.071266265836826
642.0, 344.0, 28.742413800134845, 56.071266265836826
641.0, 344.0, 28.742413800134845, 56.071266265836826
639.0, 344.0, 28.742413800134845, 56.071266265836826
638.0, 344.0, 28.742413800134845, 56.071266265836826
637.0, 343.0, 28.742413800134845, 56.071266265836826
635.0, 343.0, 28.742413800134845, 56.071266265836826
634.0, 343.0, 28.742413800134845, 56.071266265836826
634.0, 343.0, 28.17883709254752, 54.97182973792057
632.0, 344.0, 28.17883709254752, 54.97182973792057
630.0, 343.0, 28.17883709254752, 54.97182973792057
629.0, 344.0, 28.17883709254752, 54.97182973792057
628.0, 344.0, 28.17883709254752, 54.97182973792057
626.0, 345.0, 28.17883709254752, 54.97182973792057
625.0, 345.0, 28.17883709254752, 54.97182973792057
624.0, 345.0, 28.17883709254752, 54.97182973792057
622.0, 345.0, 28.17883709254752, 54.97182973792057
620.0, 345.0, 28.17883709254752, 54.97182973792057
619.0, 345.0, 28.17883709254752, 54.97182973792057
617.0, 345.0, 28.17883709254752, 54.97182973792057
616.0, 344.0, 28.17883709254752, 54.97182973792057
615.0, 344.0, 28.17883709254752, 54.97182973792057
614.0, 344.0, 28.17883709254752, 54.97182973792057
612.0, 344.0, 28.742413296929808, 56.071265284174544
611.0, 344.0, 28.742413296929808, 56.071265284174544
611.0, 344.0, 28.742413296929808, 56.071265284174544
609.0, 344.0, 28.742413296929808, 56.071265284174544
608.0, 343.0, 28.742413296929808, 56.071265284174544
608.0, 344.0, 28.742413296929808, 56.071265284174544
606.0, 345.0, 28.742413296929808, 56.071265284174544
606.0, 345.0, 28.742413296929808, 56.071265284174544
605.0, 345.0, 28.742413296929808, 56.071265284174544
604.0, 344.0, 28.742413296929808, 56.071265284174544
603.0, 345.0, 28.742413296929808, 56.071265284174544
602.0, 345.0, 28.742413296929808, 56.071265284174544
601.0, 345.0, 28.742413296929808, 56.071265284174544
601.0, 345.0, 28.742413296929808, 56.071265284174544
599.0, 344.0, 28.742413296929808, 56.071265284174544
599.0, 343.0, 28.742413296929808, 56.071265284174544
598.0, 343.0, 28.742413296929808, 56.071265284174544
598.0, 343.0, 28.178836599209248, 54.971828775506566
597.0, 344.0, 28.178836599209248, 54.971828775506566
596.0, 343.0, 28.178836599209248, 54.971828775506566
595.0, 343.0, 28.178836599209248, 54.971828775506566
594.0, 344.0, 28.178836599209248, 54.971828775506566
593.0, 344.0, 28.178836599209248, 54.971828775506566
592.0, 344.0, 28.178836599209248, 54.971828775506566
591.0, 345.0, 28.178836599209248, 54.971828775506566
590.0, 346.0, 28.178836599209248, 54.971828775506566
589.0, 346.0, 28.178836599209248, 54.971828775506566
588.0, 346.0, 28.178836599209248, 54.971828775506566
587.0, 348.0, 28.178836599209248, 54.971828775506566
586.0, 347.0, 28.178836599209248, 54.971828775506566
584.0, 349.0, 28.178836599209248, 54.971828775506566
583.0, 348.0, 28.178836599209248, 54.971828775506566
582.0, 348.0, 28.178836599209248, 54.971828775506566
581.0, 349.0, 28.178836599209248, 54.971828775506566
580.0, 349.0, 28.178836599209248, 54.971828775506566
579.0, 349.0, 28.178836599209248, 54.971828775506566
578.0, 350.0, 28.178836599209248, 54.971828775506566
577.0, 350.0, 28.178836599209248, 54.971828775506566
576.0, 350.0, 28.178836599209248, 54.971828775506566
575.0, 351.0, 28.178836599209248, 54.971828775506566
574.0, 351.0, 28.178836599209248, 54.971828775506566
574.0, 351.0, 28.178836599209248, 54.971828775506566
573.0, 352.0, 28.178836599209248, 54.971828775506566
572.0, 352.0, 28.178836599209248, 54.971828775506566
571.0, 353.0, 28.178836599209248, 54.971828775506566
570.0, 354.0, 28.178836599209248, 54.971828775506566
569.0, 354.0, 28.178836599209248, 54.971828775506566
568.0, 355.0, 28.178836599209248, 54.971828775506566
