1742, 825, 122, 229
1720, 799, 155, 272
1696, 774, 198, 297
1663, 747, 241, 324
1621, 711, 283, 360
1544, 638, 360, 433
1407, 507, 497, 564
1181, 335, 723, 736
753, 323, 1151, 748
375, 279, 1529, 792
604, 312, 1300, 759
426, 267, 1478, 804
502, 269, 1402, 802
490, 296, 1414, 775
550, 319, 1354, 752
412, 244, 1492, 827
561, 307, 1343, 764
403, 244, 1501, 827
600, 328, 1304, 743
324, 207, 1580, 864
598, 308, 1306, 763
321, 205, 1583, 866
639, 339, 1265, 732
363, 232, 1541, 839
588, 305, 1316, 766
358, 223, 1546, 848
625, 330, 1279, 741
357, 240, 1547, 831
577, 297, 1327, 774
338, 199, 1566, 872
556, 294, 1348, 777
413, 249, 1491, 822
501, 262, 1403, 809
363, 208, 1541, 863
542, 280, 1362, 791
380, 223, 1524, 848
544, 290, 1360, 781
363, 213, 1541, 858
596, 318, 1308, 753
315, 197, 1589, 874
597, 311, 1307, 760
343, 210, 1561, 861
568, 295, 1336, 776
404, 246, 1500, 825
533, 277, 1371, 794
412, 237, 1492, 834
505, 264, 1399, 807
423, 249, 1481, 822
487, 255, 1417, 816
464, 280, 1440, 791
447, 243, 1457, 828
460, 258, 1444, 813
431, 242, 1473, 829
485, 261, 1419, 810
413, 233, 1491, 838
563, 314, 1341, 757
390, 238, 1514, 833
558, 299, 1346, 772
404, 234, 1500, 837
550, 294, 1354, 777
393, 234, 1511, 837
570, 315, 1334, 756
362, 209, 1542, 862
593, 336, 1311, 735
383, 236, 1521, 835
583, 332, 1321, 739
397, 238, 1507, 833
550, 299, 1354, 772
431, 262, 1473, 809
524, 302, 1380, 769
454, 266, 1450, 805
514, 307, 1390, 764
437, 252, 1467, 819
468, 274, 1436, 797
459, 276, 1445, 795
453, 272, 1451, 799
478, 293, 1426, 778
491, 293, 1413, 778
481, 292, 1423, 779
482, 289, 1422, 782
465, 285, 1439, 786
453, 272, 1451, 799
473, 288, 1431, 783
506, 302, 1398, 769
438, 260, 1466, 811
452, 270, 1452, 801
438, 261, 1466, 810
482, 282, 1422, 789
481, 291, 1423, 780
468, 282, 1436, 789
456, 277, 1448, 794
474, 281, 1430, 790
463, 283, 1441, 788
502, 295, 1402, 776
486, 306, 1418, 765
531, 315, 1373, 756
482, 295, 1422, 776
468, 279, 1436, 792
468, 272, 1436, 799
484, 287, 1420, 784
454, 267, 1450, 804
544, 324, 1360, 747
446, 284, 1458, 787
542, 314, 1362, 757
435, 269, 1469, 802
506, 299, 1398, 772
473, 284, 1431, 787
475, 281, 1429, 790
482, 281, 1422, 790
476, 277, 1428, 794
508, 303, 1396, 768
442, 271, 1462, 800
589, 349, 1315, 722
473, 296, 1431, 775
501, 297, 1403, 774
464, 289, 1440, 782
554, 327, 1350, 744
432, 285, 1472, 786
562, 334, 1342, 737
483, 319, 1421, 752
524, 307, 1380, 764
537, 347, 1367, 724
563, 359, 1341, 712
512, 326, 1392, 745
480, 298, 1424, 773
511, 302, 1393, 769
484, 308, 1420, 763
479, 270, 1425, 801
491, 298, 1413, 773
462, 281, 1442, 790
522, 310, 1382, 761
436, 272, 1468, 799
459, 276, 1445, 795
482, 289, 1422, 782
466, 282, 1438, 789
449, 266, 1455, 805
456, 266, 1448, 805
449, 265, 1455, 806
479, 283, 1425, 788
419, 259, 1485, 812
464, 274, 1440, 797
440, 268, 1464, 803
467, 278, 1437, 793
419, 254, 1485, 817
457, 262, 1447, 809
437, 250, 1467, 821
448, 255, 1456, 816
441, 246, 1463, 825
431, 252, 1473, 819
452, 258, 1452, 813
447, 247, 1457, 824
427, 246, 1477, 825
415, 243, 1489, 828
422, 233, 1482, 838
423, 241, 1481, 830
413, 239, 1491, 832
394, 226, 1510, 845
453, 250, 1451, 821
434, 254, 1470, 817
429, 254, 1475, 817
415, 247, 1489, 824
418, 251, 1486, 820
420, 252, 1484, 819
427, 257, 1477, 814
417, 255, 1487, 816
446, 257, 1458, 814
436, 263, 1468, 808
441, 261, 1463, 810
412, 244, 1492, 827
429, 247, 1475, 824
411, 245, 1493, 826
419, 251, 1485, 820
417, 254, 1487, 817
446, 267, 1458, 804
417, 243, 1487, 828
451, 268, 1453, 803
418, 241, 1486, 830
461, 276, 1443, 795
386, 227, 1518, 844
518, 296, 1386, 775
412, 249, 1492, 822
438, 252, 1466, 819
406, 254, 1498, 817
451, 260, 1453, 811
406, 253, 1498, 818
456, 264, 1448, 807
417, 258, 1487, 813
431, 257, 1473, 814
421, 251, 1483, 820
428, 250, 1476, 821
419, 249, 1485, 822
432, 262, 1472, 809
423, 249, 1481, 822
440, 254, 1464, 817
420, 257, 1484, 814
429, 254, 1475, 817
445, 260, 1459, 811
445, 266, 1459, 805
440, 265, 1464, 806
436, 259, 1468, 812
444, 261, 1460, 810
421, 258, 1483, 813
471, 268, 1433, 803
432, 256, 1472, 815
447, 273, 1457, 798
409, 244, 1495, 827
488, 287, 1416, 784
395, 236, 1509, 835
531, 302, 1373, 769
423, 262, 1481, 809
476, 279, 1428, 792
425, 246, 1479, 825
468, 282, 1436, 789
422, 254, 1482, 817
454, 267, 1450, 804
405, 243, 1499, 828
483, 275, 1421, 796
440, 256, 1464, 815
395, 234, 1509, 837
504, 288, 1400, 783
390, 231, 1514, 840
496, 294, 1408, 777
425, 256, 1479, 815
425, 249, 1479, 822
436, 260, 1468, 811
431, 258, 1473, 813
424, 258, 1480, 813
464, 280, 1440, 791
375, 225, 1529, 846
575, 339, 1329, 732
355, 228, 1549, 843
526, 300, 1378, 771
445, 284, 1459, 787
438, 248, 1466, 823
474, 291, 1430, 780
421, 245, 1483, 826
491, 291, 1413, 780
395, 241, 1509, 830
568, 338, 1336, 733
379, 234, 1525, 837
537, 320, 1367, 751
470, 289, 1434, 782
437, 260, 1467, 811
455, 268, 1449, 803
440, 255, 1464, 816
458, 272, 1446, 799
429, 250, 1475, 821
474, 282, 1430, 789
409, 243, 1495, 828
539, 315, 1365, 756
466, 283, 1438, 788
427, 251, 1477, 820
505, 294, 1399, 777
393, 246, 1511, 825
536, 316, 1368, 755
462, 283, 1442, 788
408, 232, 1496, 839
562, 339, 1342, 732
372, 226, 1532, 845
541, 317, 1363, 754
447, 273, 1457, 798
448, 254, 1456, 817
447, 264, 1457, 807
449, 258, 1455, 813
446, 264, 1458, 807
437, 256, 1467, 815
464, 273, 1440, 798
439, 256, 1465, 815
453, 267, 1451, 804
467, 270, 1437, 801
442, 261, 1462, 810
460, 265, 1444, 806
463, 272, 1441, 799
471, 272, 1433, 799
428, 248, 1476, 823
466, 279, 1438, 792
434, 251, 1470, 820
463, 271, 1441, 800
443, 260, 1461, 811
446, 264, 1458, 807
468, 269, 1436, 802
414, 247, 1490, 824
523, 300, 1381, 771
429, 268, 1475, 803
450, 261, 1454, 810
431, 262, 1473, 809
462, 270, 1442, 801
452, 269, 1452, 802
423, 251, 1481, 820
454, 267, 1450, 804
431, 255, 1473, 816
426, 256, 1478, 815
429, 260, 1475, 811
434, 259, 1470, 812
403, 247, 1501, 824
471, 279, 1433, 792
358, 223, 1546, 848
509, 307, 1395, 764
429, 271, 1475, 800
422, 248, 1482, 823
429, 244, 1475, 827
412, 250, 1492, 821
430, 255, 1474, 816
420, 249, 1484, 822
417, 248, 1487, 823
416, 251, 1488, 820
429, 252, 1475, 819
417, 249, 1487, 822
434, 254, 1470, 817
418, 260, 1486, 811
435, 253, 1469, 818
440, 258, 1464, 813
430, 259, 1474, 812
424, 255, 1480, 816
435, 255, 1469, 816
429, 257, 1475, 814
432, 263, 1472, 808
431, 254, 1473, 817
424, 267, 1480, 804
421, 250, 1483, 821
435, 269, 1469, 802
370, 224, 1534, 847
516, 324, 1388, 747
378, 242, 1526, 829
488, 293, 1416, 778
429, 284, 1475, 787
434, 265, 1470, 806
389, 249, 1515, 822
428, 261, 1476, 810
378, 239, 1526, 832
461, 268, 1443, 803
417, 274, 1487, 797
445, 264, 1459, 807
450, 277, 1454, 794
446, 276, 1458, 795
424, 266, 1480, 805
467, 280, 1437, 791
461, 302, 1443, 769
477, 293, 1427, 778
514, 334, 1390, 737
433, 270, 1471, 801
457, 281, 1447, 790
474, 309, 1430, 762
536, 338, 1368, 733
402, 258, 1502, 813
507, 304, 1397, 767
461, 294, 1443, 777
491, 313, 1413, 758
497, 313, 1407, 758
490, 311, 1414, 760
490, 309, 1414, 762
476, 308, 1428, 763
522, 327, 1382, 744
458, 285, 1446, 786
478, 317, 1426, 754
484, 306, 1420, 765
503, 328, 1401, 743
461, 289, 1443, 782
484, 309, 1420, 762
508, 331, 1396, 740
414, 252, 1490, 819
464, 290, 1440, 781
504, 323, 1400, 748
452, 285, 1452, 786
478, 308, 1426, 763
542, 339, 1362, 732
406, 266, 1498, 805
505, 297, 1399, 774
436, 288, 1468, 783
423, 263, 1481, 808
428, 264, 1476, 807
439, 273, 1465, 798
428, 271, 1476, 800
418, 262, 1486, 809
438, 268, 1466, 803
466, 290, 1438, 781
499, 314, 1405, 757
473, 291, 1431, 780
467, 301, 1437, 770
487, 310, 1417, 761
443, 283, 1461, 788
473, 298, 1431, 773
483, 308, 1421, 763
461, 295, 1443, 776
501, 314, 1403, 757
438, 288, 1466, 783
472, 292, 1432, 779
488, 313, 1416, 758
448, 280, 1456, 791
425, 281, 1479, 790
447, 278, 1457, 793
437, 287, 1467, 784
466, 286, 1438, 785
474, 308, 1430, 763
479, 306, 1425, 765
464, 293, 1440, 778
482, 312, 1422, 759
440, 280, 1464, 791
470, 304, 1434, 767
454, 299, 1450, 772
477, 313, 1427, 758
450, 283, 1454, 788
493, 320, 1411, 751
419, 262, 1485, 809
470, 300, 1434, 771
447, 295, 1457, 776
484, 314, 1420, 757
437, 279, 1467, 792
463, 297, 1441, 774
447, 302, 1457, 769
486, 318, 1418, 753
418, 272, 1486, 799
462, 297, 1442, 774
458, 308, 1446, 763
449, 301, 1455, 770
477, 313, 1427, 758
428, 280, 1476, 791
476, 311, 1428, 760
436, 291, 1468, 780
471, 300, 1433, 771
453, 302, 1451, 769
450, 291, 1454, 780
448, 294, 1456, 777
449, 294, 1455, 777
452, 294, 1452, 777
465, 300, 1439, 771
427, 285, 1477, 786
472, 302, 1432, 769
425, 268, 1479, 803
457, 300, 1447, 771
409, 270, 1495, 801
465, 291, 1439, 780
451, 282, 1453, 789
420, 271, 1484, 800
467, 298, 1437, 773
418, 268, 1486, 803
486, 302, 1418, 769
456, 291, 1448, 780
471, 285, 1433, 786
455, 286, 1449, 785
430, 275, 1474, 796
443, 281, 1461, 790
392, 255, 1512, 816
461, 294, 1443, 777
406, 263, 1498, 808
467, 293, 1437, 778
419, 271, 1485, 800
451, 287, 1453, 784
444, 279, 1460, 792
424, 265, 1480, 806
440, 279, 1464, 792
428, 263, 1476, 808
415, 263, 1489, 808
455, 277, 1449, 794
439, 284, 1465, 787
432, 265, 1472, 806
435, 260, 1469, 811
424, 260, 1480, 811
440, 262, 1464, 809
421, 260, 1483, 811
468, 277, 1436, 794
430, 283, 1474, 788
455, 268, 1449, 803
458, 285, 1446, 786
462, 278, 1442, 793
470, 297, 1434, 774
441, 271, 1463, 800
476, 297, 1428, 774
446, 294, 1458, 777
461, 282, 1443, 789
457, 298, 1447, 773
461, 286, 1443, 785
437, 283, 1467, 788
500, 297, 1404, 774
490, 342, 1414, 729
482, 311, 1422, 760
458, 314, 1446, 757
494, 308, 1410, 763
492, 346, 1412, 725
523, 351, 1381, 720
538, 348, 1366, 723
456, 303, 1448, 768
469, 301, 1435, 770
470, 313, 1434, 758
477, 318, 1427, 753
499, 347, 1405, 724
565, 377, 1339, 694
458, 313, 1446, 758
463, 305, 1441, 766
449, 308, 1455, 763
468, 311, 1436, 760
465, 328, 1439, 743
480, 321, 1424, 750
510, 341, 1394, 730
454, 309, 1450, 762
458, 318, 1446, 753
458, 314, 1446, 757
449, 311, 1455, 760
491, 338, 1413, 733
499, 347, 1405, 724
471, 310, 1433, 761
486, 354, 1418, 717
529, 349, 1375, 722
417, 286, 1487, 785
420, 270, 1484, 801
