767.0,815.0,45.0,100.0
767.0,815.0,45.0,100.0
768.0,815.0,44.0,99.0
768.0,815.0,45.0,99.0
768.0,815.0,43.0,97.0
768.0,815.0,44.0,97.0
769.0,815.0,43.0,96.0
769.0,814.0,44.0,97.0
769.0,815.0,43.0,94.0
769.0,815.0,44.0,93.0
769.0,815.0,44.0,94.0
770.0,815.0,45.0,93.0
770.0,815.0,45.0,93.0
771.0,815.0,46.0,93.0
771.0,814.0,46.0,95.0
773.0,813.0,46.0,95.0
774.0,813.0,46.0,94.0
776.0,812.0,47.0,96.0
777.0,811.0,47.0,97.0
778.0,811.0,47.0,97.0
779.0,811.0,47.0,98.0
781.0,812.0,46.0,95.0
781.0,810.0,47.0,97.0
782.0,809.0,48.0,99.0
783.0,808.0,49.0,101.0
783.0,807.0,50.0,104.0
784.0,806.0,50.0,105.0
784.0,806.0,51.0,106.0
785.0,806.0,50.0,105.0
785.0,806.0,50.0,105.0
786.0,807.0,50.0,105.0
787.0,806.0,50.0,105.0
788.0,806.0,50.0,105.0
789.0,806.0,50.0,105.0
788.0,805.0,51.0,106.0
789.0,804.0,51.0,106.0
789.0,804.0,50.0,105.0
789.0,804.0,50.0,105.0
790.0,803.0,50.0,104.0
791.0,802.0,50.0,105.0
790.0,800.0,51.0,106.0
791.0,800.0,51.0,106.0
791.0,798.0,52.0,109.0
792.0,798.0,51.0,107.0
792.0,798.0,51.0,107.0
793.0,798.0,51.0,107.0
794.0,799.0,51.0,107.0
794.0,799.0,51.0,107.0
795.0,799.0,51.0,108.0
796.0,800.0,51.0,106.0
796.0,800.0,51.0,106.0
797.0,799.0,52.0,109.0
798.0,800.0,51.0,107.0
799.0,801.0,51.0,107.0
800.0,801.0,51.0,107.0
801.0,801.0,51.0,106.0
802.0,800.0,51.0,108.0
804.0,802.0,51.0,107.0
805.0,802.0,50.0,105.0
806.0,802.0,50.0,104.0
808.0,803.0,49.0,103.0
809.0,803.0,50.0,104.0
810.0,803.0,50.0,104.0
811.0,804.0,49.0,103.0
812.0,804.0,50.0,104.0
813.0,804.0,50.0,104.0
813.0,804.0,50.0,105.0
814.0,803.0,50.0,105.0
815.0,803.0,50.0,104.0
816.0,801.0,50.0,105.0
817.0,800.0,50.0,105.0
818.0,800.0,50.0,104.0
819.0,799.0,50.0,104.0
820.0,796.0,50.0,105.0
820.0,794.0,50.0,105.0
821.0,792.0,50.0,105.0
822.0,791.0,50.0,104.0
823.0,789.0,50.0,105.0
823.0,787.0,50.0,105.0
825.0,786.0,50.0,105.0
825.0,785.0,50.0,105.0
827.0,785.0,50.0,105.0
828.0,783.0,51.0,107.0
828.0,782.0,51.0,107.0
829.0,781.0,51.0,107.0
831.0,782.0,50.0,105.0
832.0,781.0,50.0,105.0
832.0,779.0,50.0,105.0
833.0,779.0,50.0,105.0
834.0,778.0,50.0,104.0
836.0,777.0,50.0,104.0
837.0,777.0,49.0,103.0
838.0,776.0,49.0,103.0
839.0,774.0,49.0,103.0
840.0,773.0,49.0,103.0
841.0,771.0,49.0,102.0
841.0,770.0,49.0,102.0
842.0,768.0,49.0,102.0
842.0,766.0,49.0,103.0
422.0,385.0,23.0,45.0
842.0,766.0,50.0,98.0
841.0,764.0,51.0,100.0
840.0,761.0,54.0,104.0
839.0,760.0,54.0,104.0
839.0,759.0,54.0,104.0
840.0,759.0,53.0,103.0
839.0,758.0,52.0,102.0
838.0,754.0,54.0,105.0
837.0,753.0,54.0,105.0
837.0,752.0,54.0,104.0
837.0,752.0,52.0,102.0
837.0,749.0,52.0,102.0
837.0,747.0,53.0,103.0
836.0,746.0,53.0,103.0
836.0,745.0,53.0,103.0
836.0,745.0,52.0,101.0
835.0,744.0,52.0,101.0
835.0,743.0,52.0,101.0
833.0,742.0,52.0,102.0
832.0,741.0,52.0,102.0
831.0,740.0,52.0,102.0
831.0,740.0,51.0,100.0
831.0,739.0,52.0,101.0
829.0,737.0,52.0,102.0
829.0,738.0,51.0,100.0
828.0,737.0,51.0,100.0
828.0,737.0,51.0,99.0
827.0,737.0,50.0,98.0
827.0,737.0,50.0,97.0
826.0,735.0,50.0,98.0
825.0,734.0,50.0,98.0
823.0,733.0,51.0,99.0
822.0,732.0,51.0,100.0
820.0,731.0,51.0,100.0
818.0,730.0,51.0,100.0
816.0,730.0,51.0,100.0
814.0,730.0,51.0,99.0
813.0,729.0,50.0,98.0
810.0,729.0,50.0,97.0
808.0,728.0,50.0,98.0
805.0,728.0,50.0,97.0
801.0,728.0,49.0,96.0
797.0,726.0,50.0,97.0
793.0,726.0,50.0,97.0
789.0,726.0,49.0,96.0
785.0,726.0,49.0,95.0
781.0,725.0,49.0,96.0
776.0,724.0,49.0,96.0
772.0,723.0,49.0,96.0
768.0,723.0,49.0,95.0
764.0,722.0,49.0,95.0
760.0,720.0,49.0,96.0
755.0,719.0,49.0,96.0
750.0,718.0,50.0,97.0
745.0,717.0,50.0,97.0
740.0,716.0,49.0,96.0
736.0,716.0,49.0,96.0
731.0,715.0,49.0,96.0
725.0,714.0,49.0,96.0
719.0,713.0,50.0,97.0
714.0,712.0,50.0,97.0
707.0,712.0,49.0,96.0
702.0,712.0,49.0,96.0
695.0,711.0,49.0,96.0
689.0,710.0,49.0,96.0
683.0,710.0,49.0,95.0
678.0,710.0,48.0,94.0
672.0,710.0,48.0,93.0
669.0,708.0,48.0,93.0
667.0,708.0,48.0,93.0
666.0,706.0,48.0,94.0
665.0,705.0,49.0,95.0
665.0,704.0,49.0,95.0
665.0,703.0,48.0,94.0
664.0,702.0,48.0,94.0
664.0,701.0,48.0,94.0
664.0,699.0,48.0,94.0
664.0,697.0,48.0,94.0
665.0,696.0,48.0,94.0
665.0,695.0,49.0,95.0
666.0,694.0,48.0,94.0
666.0,692.0,48.0,94.0
666.0,691.0,48.0,94.0
666.0,690.0,48.0,93.0
666.0,689.0,48.0,94.0
666.0,688.0,48.0,94.0
666.0,687.0,48.0,94.0
666.0,686.0,48.0,94.0
666.0,685.0,48.0,94.0
665.0,684.0,48.0,94.0
665.0,682.0,48.0,94.0
665.0,681.0,48.0,94.0
665.0,680.0,48.0,94.0
