538, 526, 68, 147
529, 522, 69, 150
520, 520, 69, 150
509, 514, 72, 156
499, 511, 72, 156
490, 507, 72, 156
481, 504, 72, 156
473, 502, 71, 153
465, 498, 72, 156
456, 495, 72, 156
448, 492, 72, 156
439, 488, 74, 159
429, 483, 77, 166
420, 479, 78, 169
409, 474, 83, 179
400, 469, 86, 186
390, 465, 90, 194
384, 463, 90, 194
375, 460, 92, 198
368, 461, 90, 194
363, 461, 88, 190
354, 460, 88, 190
347, 461, 86, 186
341, 459, 86, 186
335, 457, 85, 183
329, 455, 85, 183
322, 451, 86, 186
315, 448, 86, 186
310, 445, 86, 186
304, 440, 88, 190
299, 435, 92, 198
295, 431, 93, 202
293, 427, 93, 202
291, 422, 95, 206
290, 420, 93, 202
289, 419, 92, 198
288, 413, 93, 202
285, 408, 95, 206
286, 406, 93, 202
285, 402, 93, 202
284, 396, 95, 206
282, 391, 95, 206
282, 388, 93, 202
283, 387, 92, 198
280, 380, 92, 198
279, 375, 93, 202
279, 370, 95, 206
277, 367, 95, 206
277, 364, 95, 206
275, 357, 99, 214
275, 355, 99, 214
276, 355, 97, 210
275, 351, 99, 214
274, 350, 99, 214
274, 350, 97, 210
274, 348, 97, 210
272, 344, 99, 214
270, 342, 99, 214
268, 337, 101, 218
267, 334, 101, 218
266, 333, 99, 214
264, 326, 101, 218
263, 327, 99, 214
262, 326, 97, 210
263, 324, 95, 206
263, 322, 93, 202
267, 320, 93, 202
270, 318, 93, 202
276, 315, 93, 202
281, 313, 92, 198
287, 311, 93, 202
295, 308, 93, 202
299, 302, 92, 198
308, 302, 92, 198
315, 300, 92, 198
317, 290, 93, 202
327, 294, 92, 198
334, 291, 92, 198
336, 283, 92, 198
345, 284, 92, 198
353, 281, 92, 198
356, 273, 92, 198
366, 278, 90, 194
374, 276, 90, 194
376, 267, 92, 198
384, 270, 92, 198
392, 266, 92, 198
394, 261, 92, 198
403, 266, 90, 194
408, 264, 90, 194
410, 256, 92, 198
416, 259, 92, 198
0.0, 0.0, 0.0, 0.0
451, 298, 56, 109
456, 296, 57, 111
462, 297, 55, 107
466, 295, 57, 111
470, 294, 57, 111
474, 292, 58, 114
477, 291, 58, 114
482, 291, 58, 114
487, 291, 58, 114
489, 289, 61, 118
494, 290, 61, 118
497, 288, 62, 121
500, 287, 63, 123
505, 288, 63, 123
510, 289, 62, 121
513, 289, 63, 123
519, 290, 62, 121
521, 288, 65, 125
526, 290, 65, 125
530, 290, 66, 128
536, 292, 65, 125
542, 293, 63, 123
547, 294, 65, 125
552, 295, 65, 125
557, 296, 65, 125
562, 297, 65, 125
568, 299, 65, 125
574, 301, 65, 125
579, 303, 65, 125
584, 305, 65, 125
589, 307, 65, 125
595, 310, 63, 123
601, 312, 65, 125
603, 313, 66, 128
610, 316, 65, 125
615, 320, 63, 123
619, 321, 66, 128
623, 324, 66, 128
628, 327, 66, 128
631, 330, 66, 128
634, 333, 66, 128
639, 337, 63, 123
641, 341, 66, 128
644, 344, 65, 125
645, 345, 68, 133
647, 348, 68, 133
648, 350, 70, 136
650, 354, 68, 133
652, 358, 68, 133
653, 362, 68, 133
655, 366, 68, 133
656, 370, 67, 131
659, 376, 65, 125
659, 380, 65, 125
659, 384, 65, 125
661, 388, 63, 123
661, 392, 65, 125
662, 397, 62, 121
662, 401, 62, 121
663, 407, 61, 118
663, 413, 60, 116
663, 418, 58, 114
663, 422, 58, 114
663, 427, 58, 114
663, 433, 57, 111
662, 437, 58, 114
662, 442, 58, 114
661, 448, 58, 114
659, 452, 60, 116
658, 458, 61, 118
657, 461, 63, 123
657, 466, 63, 123
656, 471, 65, 125
655, 476, 65, 125
655, 482, 63, 123
655, 487, 65, 125
654, 491, 65, 125
654, 496, 65, 125
654, 501, 65, 125
653, 505, 66, 128
652, 509, 67, 131
653, 514, 67, 131
652, 520, 67, 131
651, 524, 68, 133
650, 527, 70, 136
649, 531, 71, 139
648, 536, 71, 139
648, 541, 71, 139
647, 547, 71, 139
646, 550, 73, 141
646, 555, 73, 141
646, 561, 73, 141
646, 565, 73, 141
645, 570, 73, 141
645, 576, 73, 141
644, 580, 73, 141
642, 585, 74, 144
641, 590, 74, 144
640, 595, 74, 144
639, 600, 74, 144
636, 605, 74, 144
635, 610, 74, 144
631, 615, 74, 144
632, 621, 74, 144
633, 627, 74, 144
633, 637, 74, 144
640, 647, 73, 141
625, 643, 73, 141
634, 648, 73, 141
610, 648, 73, 141
607, 650, 71, 139
605, 650, 71, 139
596, 650, 71, 139
589, 650, 71, 139
583, 651, 70, 136
575, 651, 70, 136
571, 650, 71, 139
0, 0, 0, 0
0, 0, 0, 0
0, 0, 0, 0
0, 0, 0, 0
0, 0, 0, 0
0, 0, 0, 0
0, 0, 0, 0
0, 0, 0, 0
0, 0, 0, 0
0, 0, 0, 0
0, 0, 0, 0
0, 0, 0, 0
0, 0, 0, 0
0, 0, 0, 0
0, 0, 0, 0
0, 0, 0, 0
0, 0, 0, 0
0, 0, 0, 0
0, 0, 0, 0
0, 0, 0, 0
0, 0, 0, 0
0, 0, 0, 0
0, 0, 0, 0
-36, -69, 71, 139
0, 0, 0, 0
0, 0, 0, 0
8, -69, 71, 139
25, -69, 71, 139
0, 0, 0, 0
0, 0, 0, 0
0, 0, 0, 0
0, 0, 0, 0
0, 0, 0, 0
0, 0, 0, 0
0, 0, 0, 0
0, 0, 0, 0
0, 0, 0, 0
0, 0, 0, 0
0, 0, 0, 0
0, 0, 0, 0
0, 0, 0, 0
0, 0, 0, 0
0, 0, 0, 0
0, 0, 0, 0
0, 0, 0, 0
0, 0, 0, 0
0, 0, 0, 0
0, 0, 0, 0
0, 0, 0, 0
0, 0, 0, 0
0, 0, 0, 0
0, 0, 0, 0
0, 0, 0, 0
0, 0, 0, 0
0, 0, 0, 0
0, 0, 0, 0
0, 0, 0, 0
0, 0, 0, 0
0, 0, 0, 0
0, 0, 0, 0
0, 0, 0, 0
0, 0, 0, 0
0, 0, 0, 0
0, 0, 0, 0
0, 0, 0, 0
0, 0, 0, 0
0, 0, 0, 0
0, 0, 0, 0
0, 0, 0, 0
0, 0, 0, 0
0, 0, 0, 0
0, 0, 0, 0
0, 0, 0, 0
0, 0, 0, 0
0, 0, 0, 0
0, 0, 0, 0
0, 0, 0, 0
0, 0, 0, 0
0, 0, 0, 0
0, 0, 0, 0
0, 0, 0, 0
0, 0, 0, 0
0, 0, 0, 0
0, 0, 0, 0
0, 0, 0, 0
0, 0, 0, 0
0, 0, 0, 0
0, 0, 0, 0
0, 0, 0, 0
0, 0, 0, 0
0, 0, 0, 0
0, 0, 0, 0
0, 0, 0, 0
0, 0, 0, 0
0, 0, 0, 0
0, 0, 0, 0
0, 0, 0, 0
0, 0, 0, 0
0, 0, 0, 0
0, 0, 0, 0
0, 0, 0, 0
0, 0, 0, 0
0, 0, 0, 0
0, 0, 0, 0
0, 0, 0, 0
0, 0, 0, 0
0, 0, 0, 0
0, 0, 0, 0
0, 0, 0, 0
0, 0, 0, 0
0, 0, 0, 0
0, 0, 0, 0
0, 0, 0, 0
0, 0, 0, 0
0, 0, 0, 0
0, 0, 0, 0
0, 0, 0, 0
0, 0, 0, 0
0, 0, 0, 0
0, 0, 0, 0
0, 0, 0, 0
0, 0, 0, 0
0, 0, 0, 0
0, 0, 0, 0
0, 0, 0, 0
0, 0, 0, 0
0, 0, 0, 0
0, 0, 0, 0
0, 0, 0, 0
0, 0, 0, 0
0, 0, 0, 0
0, 0, 0, 0
0, 0, 0, 0
0, 0, 0, 0
0, 0, 0, 0
0, 0, 0, 0
0, 0, 0, 0
0, 0, 0, 0
0, 0, 0, 0
0, 0, 0, 0
0, 0, 0, 0
0, 0, 0, 0
0, 0, 0, 0
0, 0, 0, 0
0.0, 0.0, 0.0, 0.0
652, 249, 49, 127
650, 249, 49, 127
648, 247, 49, 127
648, 248, 48, 125
645, 241, 50, 130
643, 241, 50, 130
639, 236, 51, 132
634, 231, 54, 140
631, 228, 55, 143
631, 230, 53, 137
628, 229, 53, 137
627, 230, 52, 135
623, 231, 52, 135
621, 228, 54, 140
619, 228, 54, 140
617, 230, 54, 140
615, 228, 56, 146
613, 226, 57, 149
611, 226, 56, 146
608, 225, 57, 149
605, 223, 57, 149
603, 224, 55, 143
601, 221, 56, 146
600, 221, 56, 146
597, 220, 57, 149
593, 222, 57, 149
593, 225, 56, 146
590, 225, 56, 146
587, 224, 57, 149
586, 224, 56, 146
582, 223, 57, 149
581, 222, 56, 146
578, 220, 57, 149
575, 219, 57, 149
573, 219, 57, 149
570, 221, 55, 143
569, 222, 55, 143
565, 223, 55, 143
563, 225, 55, 143
560, 229, 54, 140
556, 230, 54, 140
553, 230, 55, 143
550, 229, 56, 146
546, 230, 55, 143
543, 230, 56, 146
540, 228, 57, 149
536, 228, 57, 149
533, 230, 56, 146
532, 231, 56, 146
529, 233, 56, 146
526, 236, 56, 146
522, 237, 57, 149
520, 238, 57, 149
519, 242, 56, 146
517, 245, 55, 143
514, 246, 54, 140
509, 243, 56, 146
505, 244, 57, 149
499, 246, 57, 149
496, 251, 57, 149
491, 252, 57, 149
487, 255, 59, 152
484, 258, 60, 155
481, 262, 59, 152
477, 265, 59, 152
473, 266, 59, 152
470, 269, 59, 152
466, 271, 60, 155
463, 272, 60, 155
459, 276, 61, 158
456, 279, 61, 158
452, 282, 62, 161
449, 285, 63, 164
446, 289, 62, 161
443, 292, 63, 164
441, 294, 62, 161
439, 300, 61, 158
435, 302, 60, 155
432, 306, 60, 155
428, 308, 60, 155
425, 312, 60, 155
421, 316, 60, 155
418, 320, 60, 155
415, 325, 60, 155
411, 330, 60, 155
409, 336, 60, 155
406, 341, 60, 155
401, 344, 61, 158
400, 348, 61, 158
397, 353, 61, 158
399, 358, 60, 155
0.0, 0.0, 0.0, 0.0
395, 381, 79, 130
399, 384, 79, 130
404, 387, 79, 130
410, 389, 79, 130
415, 391, 79, 130
421, 392, 79, 130
427, 395, 77, 127
435, 399, 74, 123
442, 401, 73, 120
450, 404, 70, 115
457, 408, 70, 115
464, 409, 70, 115
471, 414, 69, 113
476, 415, 69, 113
482, 418, 67, 111
488, 422, 67, 111
493, 423, 67, 111
497, 425, 67, 111
500, 429, 69, 113
504, 429, 69, 113
509, 435, 67, 111
514, 437, 66, 109
516, 436, 69, 113
521, 442, 67, 111
524, 441, 69, 113
527, 445, 69, 113
530, 447, 67, 111
533, 449, 69, 113
535, 450, 69, 113
538, 454, 69, 113
542, 457, 66, 109
543, 462, 66, 109
545, 463, 67, 111
548, 466, 69, 113
548, 469, 70, 115
552, 470, 72, 118
554, 474, 70, 115
558, 477, 70, 115
561, 478, 72, 118
563, 481, 70, 115
567, 485, 72, 118
569, 484, 72, 118
571, 485, 72, 118
573, 488, 70, 115
577, 493, 67, 111
581, 492, 67, 111
583, 496, 67, 111
586, 498, 66, 109
590, 501, 65, 107
593, 500, 65, 107
598, 505, 65, 107
600, 501, 66, 109
600, 500, 69, 113
608, 511, 66, 109
609, 504, 67, 111
610, 504, 69, 113
615, 510, 70, 115
617, 508, 70, 115
619, 507, 72, 118
622, 508, 72, 118
628, 516, 72, 118
632, 514, 70, 115
633, 514, 72, 118
635, 515, 73, 120
638, 517, 73, 120
643, 525, 72, 118
646, 523, 72, 118
648, 526, 72, 118
653, 530, 72, 118
654, 531, 72, 118
656, 533, 72, 118
657, 535, 72, 118
660, 538, 70, 115
665, 542, 70, 115
666, 544, 70, 115
668, 546, 70, 115
670, 547, 70, 115
673, 549, 72, 118
675, 552, 70, 115
678, 555, 70, 115
681, 557, 70, 115
683, 559, 70, 115
685, 561, 70, 115
687, 565, 70, 115
690, 568, 69, 113
691, 570, 69, 113
693, 572, 69, 113
695, 575, 69, 113
697, 577, 69, 113
700, 578, 69, 113
701, 581, 69, 113
705, 581, 69, 113
707, 583, 69, 113
709, 584, 69, 113
712, 585, 69, 113
713, 587, 70, 115
718, 591, 70, 115
720, 592, 70, 115
721, 594, 72, 118
723, 596, 72, 118
728, 601, 72, 118
728, 603, 72, 118
0.0, 0.0, 0.0, 0.0
737, 605, 64, 126
740, 608, 64, 126
743, 610, 64, 126
745, 615, 63, 124
748, 618, 62, 121
751, 622, 60, 119
755, 629, 56, 110
759, 630, 58, 114
760, 634, 57, 112
762, 639, 56, 110
767, 639, 58, 114
766, 643, 58, 114
771, 645, 58, 114
770, 650, 59, 116
774, 657, 58, 114
776, 658, 59, 116
776, 660, 60, 119
780, 660, 60, 119
782, 660, 60, 119
783, 658, 62, 121
785, 660, 60, 119
786, 658, 62, 121
791, 660, 60, 119
793, 661, 59, 116
794, 662, 58, 114
793, 662, 58, 114
790, 662, 58, 114
795, 662, 58, 114
793, 662, 58, 114
792, 660, 60, 119
794, 661, 59, 116
794, 660, 60, 119
789, 660, 60, 119
0, 0, 0, 0
0, 0, 0, 0
0, 0, 0, 0
0, 0, 0, 0
0, 0, 0, 0
0, 0, 0, 0
0, 0, 0, 0
0, 0, 0, 0
0, 0, 0, 0
0, 0, 0, 0
0, 0, 0, 0
0, 0, 0, 0
0, 0, 0, 0
0, 0, 0, 0
0, 0, 0, 0
0, 0, 0, 0
0, 0, 0, 0
0, 0, 0, 0
0, 0, 0, 0
0, 0, 0, 0
0, 0, 0, 0
0, 0, 0, 0
0, 0, 0, 0
0, 0, 0, 0
0, 0, 0, 0
0, 0, 0, 0
0, 0, 0, 0
0, 0, 0, 0
0, 0, 0, 0
0, 0, 0, 0
0, 0, 0, 0
0, 0, 0, 0
0, 0, 0, 0
0, 0, 0, 0
0, 0, 0, 0
0, 0, 0, 0
0, 0, 0, 0
0, 0, 0, 0
0, 0, 0, 0
0, 0, 0, 0
0, 0, 0, 0
0, 0, 0, 0
0, 0, 0, 0
0, 0, 0, 0
0, 0, 0, 0
0, 0, 0, 0
0, 0, 0, 0
0, 0, 0, 0
0, 0, 0, 0
0, 0, 0, 0
0, 0, 0, 0
0, 0, 0, 0
0, 0, 0, 0
0, 0, 0, 0
0, 0, 0, 0
0, 0, 0, 0
0, 0, 0, 0
0, 0, 0, 0
0, 0, 0, 0
0, 0, 0, 0
0, 0, 0, 0
0, 0, 0, 0
0, 0, 0, 0
0, 0, 0, 0
0, 0, 0, 0
0, 0, 0, 0
0, 0, 0, 0
0, 0, 0, 0
0, 0, 0, 0
0, 0, 0, 0
0, 0, 0, 0
0, 0, 0, 0
0, 0, 0, 0
0, 0, 0, 0
0, 0, 0, 0
0, 0, 0, 0
0, 0, 0, 0
0, 0, 0, 0
0, 0, 0, 0
0, 0, 0, 0
0, 0, 0, 0
0, 0, 0, 0
0, 0, 0, 0
0, 0, 0, 0
0, 0, 0, 0
0, 0, 0, 0
0, 0, 0, 0
0, 0, 0, 0
0, 0, 0, 0
0, 0, 0, 0
0, 0, 0, 0
0, 0, 0, 0
0, 0, 0, 0
0, 0, 0, 0
0, 0, 0, 0
0, 0, 0, 0
0, 0, 0, 0
0, 0, 0, 0
0, 0, 0, 0
0, 0, 0, 0
0, 0, 0, 0
0, 0, 0, 0
0.0, 0.0, 0.0, 0.0
597, 515, 58, 164
593, 509, 61, 171
586, 505, 62, 174
584, 502, 62, 174
582, 505, 58, 164
580, 501, 58, 164
574, 501, 58, 164
573, 499, 56, 158
568, 502, 55, 155
568, 495, 51, 143
563, 483, 55, 155
558, 484, 55, 155
553, 485, 56, 158
550, 475, 58, 164
543, 473, 59, 168
538, 469, 61, 171
537, 464, 61, 171
532, 461, 61, 171
530, 459, 61, 171
524, 455, 62, 174
523, 453, 61, 171
520, 450, 61, 171
517, 446, 62, 174
514, 442, 64, 181
511, 435, 67, 189
509, 433, 67, 189
507, 432, 66, 185
501, 427, 68, 193
500, 429, 66, 185
494, 425, 66, 185
492, 424, 66, 185
487, 417, 67, 189
486, 418, 67, 189
483, 419, 67, 189
480, 414, 68, 193
479, 412, 68, 193
477, 411, 68, 193
473, 408, 70, 196
471, 407, 70, 196
468, 406, 70, 196
466, 404, 70, 196
463, 403, 70, 196
460, 403, 68, 193
458, 403, 68, 193
456, 402, 68, 193
452, 399, 70, 196
449, 398, 70, 196
447, 396, 70, 196
445, 396, 68, 193
442, 395, 70, 196
440, 394, 68, 193
438, 394, 68, 193
436, 393, 68, 193
433, 392, 68, 193
430, 391, 68, 193
429, 390, 68, 193
427, 390, 67, 189
426, 390, 67, 189
426, 388, 67, 189
427, 388, 66, 185
428, 387, 66, 185
430, 386, 64, 181
432, 384, 64, 181
434, 382, 64, 181
438, 382, 63, 178
441, 380, 63, 178
444, 378, 63, 178
447, 376, 63, 178
451, 375, 63, 178
454, 375, 62, 174
458, 375, 61, 171
460, 374, 61, 171
464, 372, 62, 174
467, 369, 62, 174
470, 370, 61, 171
475, 369, 61, 171
476, 366, 62, 174
481, 366, 61, 171
484, 365, 61, 171
488, 364, 61, 171
492, 363, 61, 171
495, 362, 61, 171
499, 360, 61, 171
502, 359, 61, 171
506, 359, 61, 171
509, 357, 61, 171
0.0, 0.0, 0.0, 0.0
494, 463, 42, 100
498, 463, 42, 100
500, 461, 43, 102
504, 462, 42, 100
508, 461, 42, 100
512, 460, 42, 100
515, 461, 41, 98
520, 463, 39, 92
524, 462, 39, 92
527, 460, 40, 94
530, 460, 40, 94
533, 460, 39, 92
537, 460, 39, 92
541, 461, 38, 91
545, 461, 38, 91
548, 460, 39, 92
552, 460, 39, 92
556, 461, 38, 91
560, 461, 38, 91
564, 461, 38, 91
567, 460, 39, 92
571, 459, 40, 94
574, 458, 40, 96
578, 458, 40, 96
582, 458, 40, 96
586, 458, 40, 96
590, 458, 40, 96
594, 458, 40, 96
598, 458, 40, 96
601, 455, 43, 102
605, 457, 43, 102
608, 456, 44, 104
612, 455, 45, 106
616, 457, 44, 104
621, 459, 43, 102
625, 460, 43, 102
628, 460, 43, 102
632, 461, 43, 102
635, 462, 43, 102
640, 463, 43, 102
643, 465, 42, 100
647, 466, 42, 100
651, 468, 41, 98
653, 468, 42, 100
657, 470, 42, 100
660, 471, 42, 100
663, 473, 42, 100
665, 474, 42, 100
667, 476, 42, 100
670, 476, 42, 100
672, 478, 42, 100
675, 479, 42, 100
677, 482, 41, 98
678, 484, 40, 96
680, 486, 40, 96
681, 486, 41, 98
682, 488, 40, 94
683, 491, 39, 92
682, 492, 39, 92
683, 495, 38, 91
681, 495, 39, 92
679, 496, 39, 92
677, 498, 39, 92
674, 500, 39, 92
671, 501, 40, 94
667, 502, 39, 92
662, 504, 40, 96
659, 506, 40, 96
655, 508, 40, 96
650, 509, 41, 98
645, 510, 41, 98
641, 512, 41, 98
637, 515, 40, 94
633, 518, 39, 92
628, 521, 39, 92
623, 523, 39, 92
619, 525, 39, 92
614, 527, 39, 92
609, 530, 38, 91
604, 532, 38, 91
598, 535, 38, 91
593, 537, 38, 91
588, 540, 37, 89
582, 542, 37, 89
577, 545, 37, 89
570, 546, 37, 89
565, 550, 37, 89
558, 551, 37, 89
552, 555, 37, 89
546, 556, 37, 89
540, 559, 37, 89
533, 562, 37, 89
527, 564, 37, 89
0.0, 0.0, 0.0, 0.0
685, 348, 60, 115
680, 347, 61, 118
675, 348, 61, 118
669, 346, 64, 122
663, 346, 65, 125
658, 345, 66, 127
653, 346, 65, 125
648, 344, 68, 130
644, 348, 64, 122
641, 349, 61, 118
635, 346, 61, 118
629, 345, 60, 115
625, 344, 59, 113
625, 350, 58, 111
620, 349, 58, 111
616, 349, 57, 109
611, 348, 58, 111
608, 346, 60, 115
604, 345, 61, 118
600, 345, 60, 115
599, 349, 59, 113
597, 346, 61, 118
595, 347, 61, 118
593, 348, 61, 118
592, 347, 61, 118
591, 346, 61, 118
590, 344, 63, 120
590, 345, 61, 118
589, 343, 63, 120
589, 341, 64, 122
588, 339, 64, 122
586, 337, 65, 125
585, 336, 65, 125
584, 336, 64, 122
582, 334, 64, 122
582, 334, 63, 120
580, 333, 63, 120
577, 331, 64, 122
576, 331, 61, 118
574, 329, 61, 118
574, 330, 59, 113
572, 329, 59, 113
570, 327, 60, 115
569, 327, 59, 113
565, 325, 59, 113
562, 323, 59, 113
560, 321, 59, 113
557, 320, 57, 109
555, 318, 57, 109
552, 316, 56, 106
551, 314, 56, 106
549, 311, 57, 109
544, 309, 57, 109
544, 307, 57, 109
541, 306, 56, 106
539, 304, 57, 109
537, 302, 56, 106
535, 302, 56, 106
532, 299, 57, 109
531, 299, 56, 106
528, 296, 57, 109
526, 295, 56, 106
523, 292, 57, 109
521, 289, 57, 109
518, 286, 57, 109
516, 283, 58, 111
513, 281, 58, 111
511, 279, 56, 106
510, 277, 55, 104
508, 276, 53, 102
506, 274, 53, 102
502, 271, 55, 104
501, 269, 53, 102
498, 268, 53, 102
495, 266, 55, 104
492, 264, 55, 104
491, 262, 55, 104
488, 261, 53, 102
487, 258, 53, 102
484, 254, 53, 102
483, 252, 52, 100
481, 249, 51, 98
479, 246, 51, 98
478, 243, 50, 96
475, 240, 50, 96
473, 237, 51, 98
471, 234, 51, 98
0.0, 0.0, 0.0, 0.0
465, 214, 55, 130
462, 211, 56, 132
460, 209, 57, 135
459, 207, 57, 135
456, 205, 57, 135
456, 205, 55, 130
454, 203, 53, 125
453, 201, 52, 122
452, 200, 50, 117
450, 196, 51, 120
449, 194, 51, 120
445, 191, 50, 117
444, 188, 51, 120
440, 185, 50, 117
438, 181, 52, 122
436, 179, 52, 122
434, 178, 52, 122
431, 175, 53, 125
430, 175, 52, 122
426, 171, 53, 125
426, 170, 53, 125
424, 168, 53, 125
422, 165, 54, 127
422, 163, 52, 122
421, 161, 52, 122
419, 158, 52, 122
418, 156, 52, 122
417, 155, 51, 120
415, 152, 52, 122
410, 147, 53, 125
409, 147, 52, 122
407, 146, 52, 122
406, 143, 52, 122
405, 142, 52, 122
404, 141, 52, 122
403, 140, 51, 120
402, 137, 51, 120
401, 135, 51, 120
401, 134, 50, 117
401, 133, 49, 115
400, 130, 50, 117
400, 129, 48, 113
400, 127, 48, 113
399, 124, 49, 115
398, 120, 50, 117
399, 119, 49, 115
399, 119, 48, 113
399, 117, 48, 113
399, 115, 48, 113
399, 115, 48, 113
399, 113, 48, 113
400, 113, 48, 113
400, 113, 47, 111
401, 112, 46, 108
400, 111, 47, 111
401, 109, 47, 111
401, 107, 47, 111
400, 105, 47, 111
401, 103, 47, 111
399, 99, 49, 115
400, 98, 47, 111
401, 97, 46, 108
401, 96, 46, 108
401, 96, 45, 106
403, 97, 43, 102
403, 97, 43, 102
