697.0,107.0,21.0,52.0
697.0,111.0,20.0,50.0
697.0,113.0,21.0,53.0
697.0,117.0,21.0,52.0
697.0,123.0,21.0,52.0
697.0,133.0,21.0,51.0
696.0,146.0,21.0,52.0
696.0,162.0,21.0,52.0
695.0,184.0,21.0,52.0
695.0,204.0,21.0,52.0
696.0,211.0,21.0,52.0
696.0,214.0,21.0,51.0
696.0,213.0,21.0,52.0
697.0,214.0,21.0,51.0
697.0,213.0,21.0,52.0
697.0,214.0,21.0,52.0
698.0,214.0,21.0,52.0
698.0,214.0,21.0,52.0
699.0,214.0,21.0,52.0
699.0,214.0,21.0,52.0
699.0,214.0,21.0,53.0
699.0,214.0,21.0,52.0
699.0,214.0,21.0,53.0
699.0,214.0,21.0,52.0
699.0,214.0,21.0,53.0
700.0,214.0,21.0,54.0
700.0,214.0,21.0,53.0
700.0,214.0,21.0,53.0
701.0,214.0,21.0,54.0
701.0,215.0,21.0,53.0
701.0,215.0,21.0,53.0
701.0,215.0,21.0,53.0
701.0,214.0,22.0,54.0
702.0,214.0,22.0,55.0
702.0,214.0,22.0,55.0
701.0,214.0,23.0,57.0
701.0,214.0,23.0,57.0
701.0,214.0,23.0,57.0
701.0,215.0,23.0,56.0
702.0,215.0,22.0,55.0
702.0,215.0,23.0,56.0
704.0,216.0,22.0,55.0
704.0,217.0,22.0,54.0
704.0,217.0,22.0,55.0
705.0,218.0,22.0,54.0
704.0,217.0,23.0,56.0
705.0,217.0,23.0,56.0
706.0,218.0,23.0,56.0
705.0,217.0,24.0,59.0
705.0,217.0,24.0,60.0
705.0,217.0,24.0,59.0
705.0,217.0,23.0,58.0
705.0,218.0,23.0,58.0
706.0,218.0,23.0,56.0
706.0,218.0,23.0,58.0
707.0,219.0,23.0,58.0
706.0,220.0,23.0,56.0
706.0,221.0,23.0,56.0
706.0,221.0,23.0,58.0
706.0,221.0,23.0,58.0
706.0,221.0,23.0,58.0
706.0,222.0,23.0,56.0
706.0,222.0,23.0,58.0
706.0,222.0,23.0,58.0
706.0,222.0,23.0,58.0
706.0,223.0,24.0,59.0
706.0,223.0,24.0,59.0
706.0,223.0,24.0,60.0
706.0,224.0,24.0,59.0
707.0,225.0,23.0,58.0
706.0,224.0,24.0,59.0
707.0,225.0,23.0,58.0
707.0,226.0,23.0,56.0
708.0,228.0,22.0,54.0
708.0,229.0,21.0,54.0
708.0,229.0,21.0,53.0
709.0,228.0,21.0,53.0
708.0,228.0,22.0,55.0
709.0,229.0,22.0,55.0
709.0,229.0,21.0,54.0
708.0,228.0,22.0,56.0
709.0,228.0,23.0,56.0
709.0,228.0,23.0,58.0
708.0,228.0,23.0,58.0
708.0,229.0,23.0,56.0
708.0,231.0,23.0,58.0
708.0,230.0,24.0,59.0
707.0,230.0,24.0,59.0
708.0,231.0,23.0,58.0
707.0,231.0,24.0,59.0
706.0,231.0,24.0,60.0
705.0,231.0,24.0,60.0
705.0,231.0,25.0,61.0
704.0,232.0,24.0,60.0
704.0,231.0,25.0,61.0
703.0,232.0,25.0,61.0
703.0,232.0,24.0,60.0
702.0,233.0,24.0,59.0
703.0,236.0,24.0,59.0
702.0,234.0,25.0,61.0
702.0,234.0,25.0,63.0
702.0,234.0,25.0,63.0
702.0,235.0,25.0,63.0
702.0,237.0,24.0,60.0
700.0,235.0,25.0,63.0
700.0,236.0,25.0,63.0
699.0,235.0,26.0,64.0
700.0,235.0,26.0,64.0
700.0,235.0,26.0,64.0
700.0,235.0,26.0,64.0
701.0,236.0,25.0,63.0
701.0,237.0,26.0,64.0
700.0,237.0,26.0,64.0
699.0,237.0,26.0,64.0
700.0,238.0,25.0,63.0
699.0,239.0,26.0,65.0
698.0,239.0,26.0,65.0
698.0,239.0,26.0,65.0
698.0,239.0,26.0,65.0
697.0,239.0,26.0,65.0
697.0,239.0,26.0,66.0
697.0,240.0,26.0,66.0
696.0,239.0,26.0,68.0
696.0,240.0,26.0,68.0
696.0,240.0,26.0,68.0
696.0,240.0,27.0,68.0
696.0,241.0,27.0,66.0
696.0,243.0,27.0,66.0
695.0,243.0,27.0,68.0
694.0,242.0,28.0,69.0
694.0,243.0,27.0,69.0
694.0,243.0,27.0,69.0
694.0,243.0,28.0,70.0
694.0,244.0,28.0,70.0
693.0,244.0,28.0,70.0
693.0,244.0,27.0,69.0
693.0,244.0,28.0,72.0
693.0,244.0,28.0,71.0
693.0,245.0,28.0,71.0
693.0,246.0,28.0,71.0
693.0,248.0,27.0,69.0
691.0,248.0,28.0,71.0
691.0,249.0,28.0,71.0
690.0,250.0,28.0,71.0
690.0,250.0,28.0,71.0
689.0,250.0,29.0,72.0
689.0,252.0,29.0,71.0
688.0,251.0,29.0,72.0
687.0,253.0,29.0,71.0
86.0,32.0,2.0,8.0
685.0,250.0,27.0,80.0
684.0,251.0,27.0,80.0
683.0,251.0,27.0,82.0
683.0,253.0,27.0,80.0
682.0,254.0,27.0,82.0
681.0,255.0,27.0,82.0
680.0,256.0,27.0,83.0
680.0,257.0,27.0,83.0
679.0,259.0,27.0,82.0
679.0,260.0,27.0,82.0
678.0,260.0,29.0,85.0
676.0,260.0,29.0,86.0
676.0,262.0,29.0,85.0
676.0,263.0,29.0,85.0
675.0,265.0,29.0,85.0
674.0,266.0,29.0,86.0
675.0,269.0,28.0,83.0
675.0,270.0,27.0,81.0
674.0,271.0,27.0,81.0
671.0,274.0,28.0,83.0
671.0,275.0,28.0,84.0
670.0,276.0,28.0,83.0
668.0,279.0,28.0,84.0
668.0,280.0,28.0,84.0
668.0,282.0,29.0,83.0
668.0,284.0,28.0,81.0
665.0,284.0,29.0,87.0
665.0,285.0,29.0,88.0
666.0,288.0,29.0,86.0
664.0,289.0,30.0,89.0
664.0,289.0,31.0,92.0
664.0,293.0,30.0,90.0
662.0,295.0,32.0,94.0
663.0,298.0,30.0,90.0
660.0,300.0,32.0,94.0
661.0,302.0,31.0,93.0
660.0,305.0,31.0,91.0
661.0,311.0,29.0,87.0
659.0,311.0,29.0,89.0
658.0,312.0,31.0,91.0
656.0,313.0,32.0,97.0
654.0,314.0,34.0,100.0
654.0,316.0,34.0,101.0
653.0,319.0,33.0,99.0
649.0,322.0,33.0,98.0
649.0,322.0,35.0,103.0
648.0,321.0,36.0,109.0
648.0,328.0,35.0,103.0
645.0,331.0,34.0,101.0
645.0,333.0,33.0,100.0
640.0,335.0,35.0,103.0
641.0,337.0,34.0,100.0
637.0,340.0,35.0,101.0
638.0,341.0,34.0,100.0
634.0,343.0,35.0,103.0
635.0,344.0,35.0,104.0
634.0,345.0,35.0,104.0
630.0,347.0,36.0,108.0
632.0,350.0,35.0,104.0
628.0,353.0,36.0,108.0
630.0,355.0,35.0,104.0
628.0,357.0,36.0,108.0
628.0,359.0,35.0,105.0
626.0,362.0,36.0,108.0
626.0,364.0,36.0,108.0
626.0,366.0,35.0,106.0
625.0,368.0,36.0,108.0
625.0,369.0,36.0,109.0
624.0,371.0,35.0,106.0
624.0,372.0,36.0,109.0
624.0,374.0,36.0,108.0
623.0,376.0,36.0,108.0
624.0,378.0,35.0,105.0
623.0,380.0,35.0,105.0
621.0,381.0,36.0,108.0
621.0,382.0,35.0,106.0
617.0,383.0,37.0,110.0
618.0,383.0,37.0,112.0
615.0,381.0,39.0,118.0
613.0,386.0,38.0,117.0
613.0,387.0,37.0,112.0
612.0,389.0,36.0,109.0
611.0,390.0,36.0,109.0
608.0,390.0,37.0,110.0
609.0,391.0,37.0,112.0
607.0,392.0,36.0,109.0
605.0,393.0,36.0,109.0
605.0,394.0,36.0,109.0
603.0,394.0,37.0,112.0
603.0,395.0,37.0,111.0
603.0,397.0,37.0,113.0
601.0,397.0,37.0,111.0
602.0,398.0,37.0,113.0
600.0,398.0,37.0,111.0
600.0,399.0,37.0,112.0
599.0,399.0,37.0,112.0
597.0,399.0,37.0,112.0
596.0,398.0,37.0,112.0
597.0,399.0,37.0,111.0
596.0,400.0,37.0,111.0
594.0,398.0,37.0,112.0
593.0,400.0,36.0,109.0
592.0,400.0,36.0,109.0
591.0,400.0,36.0,109.0
590.0,401.0,36.0,109.0
589.0,401.0,37.0,109.0
587.0,400.0,37.0,111.0
587.0,400.0,37.0,111.0
587.0,400.0,37.0,111.0
586.0,400.0,37.0,111.0
587.0,399.0,38.0,112.0
588.0,398.0,38.0,111.0
589.0,397.0,39.0,114.0
591.0,396.0,39.0,114.0
592.0,396.0,38.0,112.0
592.0,395.0,39.0,117.0
593.0,395.0,39.0,117.0
593.0,396.0,38.0,114.0
592.0,395.0,38.0,114.0
592.0,395.0,38.0,114.0
592.0,396.0,37.0,113.0
591.0,397.0,37.0,111.0
591.0,395.0,37.0,113.0
590.0,394.0,37.0,111.0
590.0,392.0,38.0,115.0
591.0,390.0,39.0,117.0
593.0,389.0,38.0,114.0
596.0,389.0,37.0,112.0
601.0,389.0,37.0,110.0
606.0,388.0,37.0,112.0
611.0,388.0,37.0,112.0
616.0,387.0,37.0,112.0
622.0,387.0,37.0,110.0
629.0,387.0,37.0,108.0
635.0,387.0,37.0,108.0
642.0,386.0,37.0,109.0
649.0,385.0,36.0,106.0
656.0,383.0,38.0,111.0
660.0,381.0,38.0,111.0
665.0,381.0,37.0,109.0
667.0,380.0,36.0,109.0
671.0,379.0,36.0,109.0
673.0,378.0,36.0,109.0
675.0,377.0,37.0,111.0
677.0,376.0,37.0,112.0
679.0,376.0,37.0,111.0
680.0,375.0,37.0,111.0
681.0,374.0,37.0,112.0
682.0,374.0,36.0,109.0
85.0,47.0,4.0,13.0
681.0,363.0,41.0,131.0
686.0,361.0,42.0,134.0
690.0,360.0,42.0,134.0
694.0,359.0,42.0,134.0
697.0,357.0,42.0,134.0
699.0,356.0,41.0,134.0
701.0,356.0,41.0,134.0
702.0,355.0,41.0,134.0
703.0,352.0,42.0,135.0
702.0,351.0,42.0,135.0
702.0,350.0,42.0,136.0
704.0,351.0,41.0,134.0
703.0,349.0,42.0,136.0
702.0,348.0,42.0,135.0
703.0,346.0,43.0,138.0
703.0,345.0,43.0,138.0
703.0,341.0,44.0,143.0
703.0,340.0,44.0,143.0
705.0,339.0,43.0,140.0
705.0,337.0,44.0,143.0
706.0,336.0,44.0,143.0
705.0,335.0,44.0,143.0
706.0,333.0,43.0,140.0
705.0,332.0,44.0,143.0
706.0,331.0,43.0,140.0
705.0,329.0,45.0,146.0
706.0,328.0,44.0,143.0
706.0,326.0,44.0,143.0
705.0,325.0,44.0,143.0
706.0,324.0,44.0,143.0
707.0,322.0,44.0,143.0
707.0,320.0,44.0,143.0
706.0,318.0,45.0,145.0
706.0,317.0,45.0,145.0
707.0,315.0,45.0,145.0
707.0,315.0,44.0,143.0
706.0,314.0,44.0,143.0
705.0,312.0,44.0,143.0
705.0,314.0,43.0,137.0
704.0,312.0,43.0,140.0
704.0,312.0,43.0,140.0
703.0,310.0,43.0,140.0
703.0,309.0,43.0,137.0
703.0,309.0,42.0,135.0
702.0,307.0,42.0,135.0
701.0,304.0,43.0,137.0
702.0,304.0,42.0,135.0
701.0,302.0,43.0,137.0
701.0,301.0,43.0,137.0
700.0,300.0,43.0,137.0
700.0,299.0,43.0,137.0
700.0,299.0,43.0,137.0
700.0,299.0,43.0,137.0
700.0,297.0,43.0,140.0
700.0,298.0,42.0,135.0
700.0,297.0,42.0,135.0
700.0,296.0,42.0,135.0
699.0,294.0,43.0,137.0
700.0,293.0,43.0,137.0
700.0,291.0,43.0,140.0
701.0,289.0,44.0,142.0
701.0,290.0,43.0,137.0
701.0,288.0,43.0,140.0
701.0,288.0,43.0,140.0
700.0,286.0,44.0,142.0
700.0,285.0,43.0,140.0
700.0,284.0,44.0,143.0
699.0,285.0,43.0,137.0
699.0,284.0,43.0,140.0
699.0,285.0,43.0,137.0
699.0,283.0,43.0,140.0
703.0,284.0,42.0,134.0
705.0,283.0,42.0,134.0
710.0,282.0,42.0,134.0
716.0,280.0,43.0,137.0
724.0,280.0,43.0,140.0
732.0,280.0,43.0,137.0
744.0,280.0,43.0,137.0
757.0,279.0,43.0,140.0
775.0,281.0,43.0,137.0
797.0,282.0,43.0,137.0
821.0,284.0,43.0,137.0
849.0,287.0,42.0,134.0
878.0,289.0,42.0,134.0
907.0,292.0,42.0,134.0
939.0,296.0,42.0,134.0
970.0,299.0,42.0,134.0
1002.0,305.0,41.0,132.0
1033.0,307.0,43.0,136.0
1065.0,312.0,43.0,137.0
1096.0,319.0,42.0,134.0
1126.0,325.0,42.0,134.0
1157.0,332.0,42.0,134.0
1188.0,339.0,42.0,133.0
1218.0,347.0,41.0,132.0
