852.0, 555.0, 59.80392074584961, 109.80392456054688
850.0, 556.0, 62.21998977661133, 114.23998260498047
848.0, 556.0, 62.21998977661133, 114.23998260498047
847.0, 557.0, 62.21998977661133, 114.23998260498047
844.0, 556.0, 63.464385986328125, 116.5247802734375
843.0, 556.0, 63.464385986328125, 116.5247802734375
846.0, 553.0, 64.73367309570312, 118.85527038574219
823.0, 552.0, 62.21998977661133, 114.23998260498047
839.0, 553.0, 62.21998977661133, 114.23998260498047
849.0, 553.0, 64.73367309570312, 118.85527038574219
842.0, 549.0, 66.0283432006836, 121.23237609863281
843.0, 549.0, 64.73367309570312, 118.85527038574219
834.0, 551.0, 66.0283432006836, 121.23237609863281
842.0, 553.0, 63.464385986328125, 116.5247802734375
835.0, 553.0, 59.80390930175781, 109.80390167236328
838.0, 554.0, 58.631282806396484, 107.65087890625
838.0, 553.0, 56.35456085205078, 103.47067260742188
835.0, 552.0, 57.48165512084961, 105.54008483886719
833.0, 551.0, 57.48165512084961, 105.54008483886719
832.0, 549.0, 57.48165512084961, 105.54008483886719
825.0, 550.0, 57.48165512084961, 105.54008483886719
824.0, 552.0, 58.63128662109375, 107.65088653564453
820.0, 551.0, 57.48165512084961, 105.54008483886719
812.0, 548.0, 57.48165512084961, 105.54008483886719
812.0, 552.0, 57.48165512084961, 105.54008483886719
823.0, 547.0, 58.63128662109375, 107.65088653564453
815.0, 549.0, 56.35456466674805, 103.4706802368164
801.0, 542.0, 56.35456466674805, 103.4706802368164
805.0, 546.0, 55.24957275390625, 101.44184112548828
805.0, 539.0, 56.35456466674805, 103.4706802368164
799.0, 537.0, 56.35456466674805, 103.4706802368164
800.0, 538.0, 55.24957275390625, 101.44184112548828
799.0, 535.0, 56.35456466674805, 103.4706802368164
798.0, 536.0, 55.24957275390625, 101.44184112548828
788.0, 535.0, 55.24957275390625, 101.44184112548828
793.0, 533.0, 57.481651306152344, 105.54007720947266
789.0, 530.0, 57.481651306152344, 105.54007720947266
787.0, 528.0, 56.35456085205078, 103.47066497802734
797.0, 527.0, 56.35456085205078, 103.47066497802734
786.0, 523.0, 56.35456085205078, 103.47066497802734
785.0, 523.0, 56.35456085205078, 103.47066497802734
779.0, 525.0, 54.16624450683594, 99.45277404785156
777.0, 525.0, 54.16624450683594, 99.45277404785156
780.0, 527.0, 54.16624450683594, 99.45277404785156
773.0, 522.0, 54.16624450683594, 99.45277404785156
777.0, 526.0, 54.16624450683594, 99.45277404785156
771.0, 526.0, 55.24956512451172, 101.44182586669922
770.0, 528.0, 55.24956512451172, 101.44182586669922
760.0, 530.0, 55.24956512451172, 101.44182586669922
758.0, 530.0, 55.24956512451172, 101.44182586669922
760.0, 528.0, 56.354557037353516, 103.47065734863281
760.0, 525.0, 56.354557037353516, 103.47065734863281
751.0, 526.0, 56.354557037353516, 103.47065734863281
752.0, 529.0, 55.24956512451172, 101.44181823730469
755.0, 526.0, 55.24956512451172, 101.44181823730469
749.0, 532.0, 54.166236877441406, 99.45276641845703
750.0, 531.0, 54.166236877441406, 99.45276641845703
749.0, 528.0, 55.24956130981445, 101.44181823730469
751.0, 529.0, 54.16623306274414, 99.4527587890625
744.0, 528.0, 54.16623306274414, 99.4527587890625
743.0, 532.0, 54.16623306274414, 99.4527587890625
745.0, 529.0, 55.24955749511719, 101.44181060791016
744.0, 529.0, 54.166229248046875, 99.45275115966797
735.0, 531.0, 54.166229248046875, 99.45275115966797
734.0, 530.0, 54.166229248046875, 99.45275115966797
737.0, 529.0, 53.104148864746094, 97.50270080566406
737.0, 528.0, 54.166229248046875, 99.45275115966797
726.0, 531.0, 53.104148864746094, 97.50270080566406
733.0, 531.0, 53.104148864746094, 97.50270080566406
729.0, 531.0, 54.166229248046875, 99.45275115966797
728.0, 531.0, 54.166229248046875, 99.45275115966797
730.0, 533.0, 53.104148864746094, 97.50270080566406
721.0, 528.0, 54.166229248046875, 99.45275115966797
716.0, 539.0, 53.104148864746094, 97.50270080566406
721.0, 531.0, 54.166229248046875, 99.45275115966797
722.0, 531.0, 54.166229248046875, 99.45275115966797
722.0, 526.0, 54.166229248046875, 99.45275115966797
716.0, 530.0, 54.166229248046875, 99.45275115966797
716.0, 535.0, 53.104148864746094, 97.50270080566406
716.0, 532.0, 54.166229248046875, 99.45275115966797
717.0, 530.0, 53.104148864746094, 97.50270080566406
713.0, 533.0, 53.104148864746094, 97.50270080566406
709.0, 532.0, 53.104148864746094, 97.50270080566406
707.0, 533.0, 53.104148864746094, 97.50270080566406
711.0, 530.0, 54.166229248046875, 99.45275115966797
709.0, 527.0, 54.166229248046875, 99.45275115966797
707.0, 525.0, 54.166229248046875, 99.45275115966797
705.0, 527.0, 54.166229248046875, 99.45275115966797
703.0, 528.0, 54.166229248046875, 99.45275115966797
702.0, 528.0, 54.166229248046875, 99.45275115966797
699.0, 530.0, 54.166229248046875, 99.45275115966797
698.0, 528.0, 53.104148864746094, 97.50270080566406
694.0, 531.0, 52.062889099121094, 95.59088134765625
693.0, 528.0, 53.10414505004883, 97.50269317626953
691.0, 528.0, 53.10414505004883, 97.50269317626953
692.0, 527.0, 52.06288528442383, 95.59087371826172
688.0, 528.0, 53.10414123535156, 97.502685546875
687.0, 528.0, 53.10414123535156, 97.502685546875
686.0, 530.0, 52.06288146972656, 95.59086608886719
684.0, 527.0, 53.1041374206543, 97.50267791748047
681.0, 526.0, 54.16621780395508, 99.45272827148438
677.0, 526.0, 54.16621780395508, 99.45272827148438
676.0, 528.0, 53.1041374206543, 97.50267791748047
674.0, 527.0, 53.1041374206543, 97.50267791748047
673.0, 527.0, 53.1041374206543, 97.50267791748047
674.0, 526.0, 53.1041374206543, 97.50267791748047
671.0, 526.0, 54.16621780395508, 99.45272827148438
673.0, 525.0, 53.1041374206543, 97.50267791748047
673.0, 523.0, 53.1041374206543, 97.50267791748047
674.0, 523.0, 53.1041374206543, 97.50267791748047
674.0, 522.0, 53.1041374206543, 97.50267791748047
673.0, 522.0, 53.1041374206543, 97.50267791748047
678.0, 522.0, 54.16621780395508, 99.45272827148438
678.0, 527.0, 52.06288146972656, 95.59086608886719
686.0, 520.0, 53.1041374206543, 97.50267791748047
691.0, 519.0, 53.1041374206543, 97.50267791748047
689.0, 521.0, 52.0628776550293, 95.59085845947266
697.0, 519.0, 52.0628776550293, 95.59085845947266
701.0, 519.0, 51.04203796386719, 93.7165298461914
706.0, 514.0, 50.04121398925781, 91.87895202636719
706.0, 516.0, 50.04121398925781, 91.87895202636719
712.0, 516.0, 49.06001281738281, 90.07740020751953
712.0, 516.0, 49.06001281738281, 90.07740020751953
718.0, 516.0, 50.04121017456055, 91.87894439697266
724.0, 514.0, 49.06000900268555, 90.077392578125
723.0, 516.0, 49.06000900268555, 90.077392578125
724.0, 518.0, 48.09804916381836, 88.31117248535156
733.0, 513.0, 49.06000900268555, 90.077392578125
732.0, 514.0, 50.04120635986328, 91.87893676757812
740.0, 509.0, 50.04120635986328, 91.87893676757812
743.0, 512.0, 50.04120635986328, 91.87893676757812
743.0, 510.0, 49.06000518798828, 90.077392578125
744.0, 510.0, 49.06000518798828, 90.077392578125
750.0, 507.0, 50.041202545166016, 91.8789291381836
754.0, 508.0, 50.041202545166016, 91.8789291381836
755.0, 508.0, 50.041202545166016, 91.8789291381836
762.0, 509.0, 50.041202545166016, 91.8789291381836
766.0, 507.0, 50.041202545166016, 91.8789291381836
763.0, 508.0, 50.041202545166016, 91.8789291381836
769.0, 509.0, 49.060001373291016, 90.07738494873047
789.0, 514.0, 50.04119873046875, 91.87892150878906
772.0, 503.0, 50.04119873046875, 91.87892150878906
780.0, 505.0, 51.042022705078125, 93.71650695800781
782.0, 502.0, 51.042022705078125, 93.71650695800781
786.0, 503.0, 49.060001373291016, 90.07738494873047
795.0, 504.0, 49.060001373291016, 90.07738494873047
793.0, 503.0, 49.060001373291016, 90.07738494873047
797.0, 506.0, 49.060001373291016, 90.07738494873047
797.0, 504.0, 49.060001373291016, 90.07738494873047
803.0, 505.0, 50.04119873046875, 91.87892150878906
808.0, 502.0, 48.09804153442383, 88.3111572265625
804.0, 500.0, 50.04119873046875, 91.87892150878906
832.0, 507.0, 49.05999755859375, 90.07737731933594
817.0, 498.0, 48.09803771972656, 88.3111572265625
821.0, 499.0, 49.05999755859375, 90.07737731933594
822.0, 497.0, 50.041194915771484, 91.87892150878906
826.0, 500.0, 50.041194915771484, 91.87892150878906
819.0, 494.0, 49.059993743896484, 90.0773696899414
831.0, 498.0, 49.059993743896484, 90.0773696899414
841.0, 502.0, 49.059993743896484, 90.0773696899414
812.0, 492.0, 49.059993743896484, 90.0773696899414
827.0, 497.0, 50.041194915771484, 91.87891387939453
813.0, 495.0, 50.041194915771484, 91.87891387939453
826.0, 497.0, 50.041194915771484, 91.87891387939453
826.0, 494.0, 50.041194915771484, 91.87891387939453
823.0, 495.0, 49.05998992919922, 90.07736206054688
843.0, 501.0, 51.04201126098633, 93.71647644042969
812.0, 490.0, 50.04118728637695, 91.87889862060547
829.0, 494.0, 49.05998611450195, 90.07734680175781
842.0, 500.0, 48.0980224609375, 88.31112670898438
833.0, 497.0, 48.0980224609375, 88.31112670898438
838.0, 498.0, 48.0980224609375, 88.31112670898438
851.0, 501.0, 48.0980224609375, 88.31112670898438
817.0, 492.0, 50.04117965698242, 91.8788833618164
803.0, 488.0, 49.05997848510742, 90.07733154296875
838.0, 495.0, 49.05997848510742, 90.07733154296875
822.0, 495.0, 49.05997848510742, 90.07733154296875
824.0, 494.0, 49.05997848510742, 90.07733154296875
832.0, 494.0, 50.041175842285156, 91.87887573242188
810.0, 495.0, 49.05997848510742, 90.07733154296875
822.0, 496.0, 49.05997848510742, 90.07733154296875
812.0, 495.0, 49.05997848510742, 90.07733154296875
816.0, 495.0, 48.098018646240234, 88.31111145019531
811.0, 496.0, 49.05997848510742, 90.07733154296875
829.0, 497.0, 49.05997848510742, 90.07733154296875
810.0, 497.0, 50.041175842285156, 91.87887573242188
815.0, 495.0, 49.05997848510742, 90.07733154296875
811.0, 495.0, 50.041175842285156, 91.87887573242188
801.0, 493.0, 48.098018646240234, 88.31111145019531
812.0, 496.0, 49.05997848510742, 90.07733154296875
794.0, 489.0, 49.05997848510742, 90.07733154296875
815.0, 498.0, 50.041175842285156, 91.87887573242188
805.0, 495.0, 49.05997848510742, 90.07733154296875
814.0, 497.0, 49.05997848510742, 90.07733154296875
806.0, 494.0, 49.05997848510742, 90.07733154296875
805.0, 494.0, 49.05997848510742, 90.07733154296875
820.0, 495.0, 49.05997848510742, 90.07733154296875
805.0, 493.0, 49.05997848510742, 90.07733154296875
822.0, 490.0, 49.05997848510742, 90.07733154296875
826.0, 493.0, 49.05997848510742, 90.07733154296875
822.0, 492.0, 49.05997848510742, 90.07733154296875
813.0, 493.0, 50.041175842285156, 91.87887573242188
824.0, 494.0, 48.098018646240234, 88.31111145019531
808.0, 495.0, 48.098018646240234, 88.31111145019531
808.0, 492.0, 48.098018646240234, 88.31111145019531
821.0, 492.0, 48.098018646240234, 88.31111145019531
819.0, 494.0, 48.098018646240234, 88.31111145019531
832.0, 494.0, 48.098018646240234, 88.31111145019531
808.0, 493.0, 49.05997848510742, 90.07733154296875
836.0, 493.0, 49.05997848510742, 90.07733154296875
824.0, 491.0, 48.098018646240234, 88.31111145019531
816.0, 492.0, 48.098018646240234, 88.31111145019531
832.0, 494.0, 47.1549186706543, 86.57952880859375
825.0, 492.0, 47.1549186706543, 86.57952880859375
820.0, 493.0, 46.230316162109375, 84.88188934326172
825.0, 494.0, 45.32383728027344, 83.21753692626953
825.0, 494.0, 45.32383728027344, 83.21753692626953
