105, 829, 80, 176
105, 827, 80, 176
107, 823, 80, 176
107, 819, 80, 176
109, 817, 80, 176
111, 815, 80, 176
111, 811, 80, 176
113, 807, 80, 176
115, 805, 80, 176
117, 801, 80, 176
119, 799, 80, 176
119, 793, 80, 176
121, 791, 80, 176
125, 787, 80, 176
127, 785, 80, 176
129, 783, 80, 176
133, 779, 80, 176
135, 777, 80, 176
137, 777, 80, 176
141, 773, 80, 176
143, 771, 80, 176
145, 765, 80, 176
147, 763, 80, 176
149, 759, 80, 176
153, 755, 80, 176
155, 753, 80, 176
155, 751, 80, 176
157, 747, 80, 176
161, 745, 80, 176
163, 743, 80, 176
165, 741, 80, 176
169, 739, 80, 176
171, 735, 80, 176
173, 733, 80, 176
175, 733, 80, 176
177, 729, 80, 176
181, 725, 80, 176
183, 723, 80, 176
185, 717, 80, 176
189, 715, 80, 176
191, 711, 80, 176
193, 709, 80, 176
197, 709, 80, 176
199, 707, 80, 176
201, 705, 80, 176
205, 705, 80, 176
207, 703, 80, 176
209, 699, 80, 176
213, 697, 80, 176
217, 697, 80, 176
221, 693, 80, 176
225, 691, 80, 176
227, 687, 80, 176
229, 683, 80, 176
233, 681, 80, 176
237, 679, 80, 176
239, 677, 80, 176
241, 675, 80, 176
245, 673, 80, 176
247, 673, 80, 176
249, 671, 80, 176
253, 667, 80, 176
255, 667, 80, 176
257, 665, 80, 176
261, 665, 80, 176
263, 665, 80, 176
265, 663, 80, 176
269, 659, 80, 176
273, 657, 80, 176
275, 657, 80, 176
275, 655, 80, 176
277, 651, 80, 176
281, 649, 80, 176
283, 649, 80, 176
283, 647, 80, 176
287, 645, 80, 176
289, 645, 80, 176
293, 643, 80, 176
297, 639, 80, 176
299, 639, 80, 176
301, 637, 80, 176
305, 637, 80, 176
309, 635, 80, 176
311, 633, 80, 176
313, 633, 80, 176
317, 631, 80, 176
319, 629, 80, 176
321, 629, 80, 176
325, 627, 80, 176
327, 625, 80, 176
329, 625, 80, 176
333, 623, 80, 176
335, 621, 80, 176
337, 621, 80, 176
339, 619, 80, 176
341, 615, 80, 176
345, 613, 80, 176
347, 615, 80, 176
347, 613, 80, 176
0.0, 0.0, 0.0, 0.0
354, 625, 85, 164
355, 623, 85, 164
358, 625, 85, 164
359, 621, 85, 164
362, 621, 85, 164
363, 619, 85, 164
364, 621, 85, 164
365, 617, 85, 164
368, 617, 85, 164
369, 615, 85, 164
370, 615, 85, 164
371, 615, 85, 164
372, 613, 85, 164
373, 611, 85, 164
372, 611, 85, 164
371, 611, 85, 164
372, 611, 85, 164
371, 611, 85, 164
370, 609, 85, 164
367, 607, 85, 164
366, 609, 85, 164
363, 607, 85, 164
360, 609, 85, 164
357, 607, 85, 164
354, 609, 85, 164
351, 609, 85, 164
348, 609, 85, 164
345, 609, 85, 164
342, 611, 85, 164
339, 613, 85, 164
336, 611, 85, 164
333, 613, 85, 164
332, 611, 85, 164
329, 613, 85, 164
326, 611, 85, 164
323, 613, 85, 164
322, 611, 85, 164
321, 613, 85, 164
322, 609, 85, 164
323, 609, 85, 164
326, 607, 85, 164
327, 609, 85, 164
328, 607, 85, 164
329, 607, 85, 164
332, 607, 85, 164
333, 605, 85, 164
334, 603, 85, 164
335, 603, 85, 164
336, 603, 85, 164
337, 601, 85, 164
340, 599, 85, 164
341, 599, 85, 164
342, 599, 85, 164
343, 597, 85, 164
344, 595, 85, 164
345, 595, 85, 164
346, 593, 85, 164
347, 591, 85, 164
348, 591, 85, 164
349, 591, 85, 164
352, 589, 85, 164
353, 587, 85, 164
354, 587, 85, 164
355, 585, 85, 164
356, 583, 85, 164
357, 583, 85, 164
358, 583, 85, 164
359, 581, 85, 164
362, 579, 85, 164
363, 579, 85, 164
364, 577, 85, 164
365, 575, 85, 164
366, 575, 85, 164
367, 575, 85, 164
370, 575, 85, 164
371, 573, 85, 164
372, 571, 85, 164
373, 571, 85, 164
376, 571, 85, 164
377, 569, 85, 164
378, 567, 85, 164
379, 567, 85, 164
380, 567, 85, 164
379, 565, 85, 164
380, 563, 85, 164
379, 563, 85, 164
380, 563, 85, 164
379, 561, 85, 164
380, 559, 85, 164
381, 559, 85, 164
382, 559, 85, 164
381, 559, 85, 164
382, 557, 85, 164
381, 555, 85, 164
382, 557, 85, 164
383, 555, 85, 164
384, 555, 85, 164
385, 555, 85, 164
386, 555, 85, 164
0.0, 0.0, 0.0, 0.0
397, 557, 75, 147
398, 556, 75, 147
399, 557, 75, 147
400, 556, 75, 147
401, 557, 75, 147
400, 556, 75, 147
401, 557, 75, 147
402, 556, 75, 147
401, 557, 75, 147
402, 556, 75, 147
403, 557, 75, 147
402, 556, 75, 147
403, 557, 75, 147
402, 556, 75, 147
403, 557, 75, 147
402, 556, 75, 147
403, 557, 75, 147
402, 556, 75, 147
403, 557, 75, 147
402, 556, 75, 147
403, 555, 75, 147
402, 554, 75, 147
403, 555, 75, 147
402, 554, 75, 147
403, 555, 75, 147
402, 554, 75, 147
401, 555, 75, 147
400, 554, 75, 147
401, 555, 75, 147
402, 554, 75, 147
403, 555, 75, 147
404, 554, 75, 147
407, 555, 75, 147
408, 554, 75, 147
409, 555, 75, 147
410, 554, 75, 147
411, 553, 75, 147
412, 552, 75, 147
413, 555, 75, 147
414, 554, 75, 147
415, 553, 75, 147
416, 554, 75, 147
417, 555, 75, 147
416, 554, 75, 147
417, 553, 75, 147
416, 552, 75, 147
417, 553, 75, 147
416, 552, 75, 147
417, 551, 75, 147
418, 550, 75, 147
419, 551, 75, 147
420, 550, 75, 147
421, 551, 75, 147
420, 550, 75, 147
421, 549, 75, 147
420, 548, 75, 147
421, 549, 75, 147
422, 548, 75, 147
423, 549, 75, 147
422, 548, 75, 147
423, 547, 75, 147
422, 546, 75, 147
423, 547, 75, 147
424, 546, 75, 147
425, 547, 75, 147
424, 546, 75, 147
425, 547, 75, 147
424, 546, 75, 147
425, 547, 75, 147
424, 546, 75, 147
425, 547, 75, 147
424, 546, 75, 147
423, 547, 75, 147
422, 546, 75, 147
423, 547, 75, 147
422, 546, 75, 147
423, 547, 75, 147
422, 546, 75, 147
423, 545, 75, 147
422, 544, 75, 147
423, 545, 75, 147
422, 544, 75, 147
423, 543, 75, 147
422, 542, 75, 147
423, 541, 75, 147
422, 540, 75, 147
423, 539, 75, 147
422, 540, 75, 147
421, 541, 75, 147
420, 540, 75, 147
421, 541, 75, 147
420, 542, 75, 147
421, 543, 75, 147
420, 544, 75, 147
421, 543, 75, 147
420, 542, 75, 147
419, 543, 75, 147
418, 542, 75, 147
419, 543, 75, 147
0.0, 0.0, 0.0, 0.0
444, 504, 56, 116
444, 504, 56, 116
444, 504, 56, 116
446, 504, 56, 116
446, 502, 56, 116
446, 502, 56, 116
448, 502, 56, 116
448, 500, 56, 116
450, 500, 56, 116
452, 500, 56, 116
454, 500, 56, 116
456, 500, 56, 116
458, 500, 56, 116
462, 500, 56, 116
464, 500, 56, 116
466, 500, 56, 116
468, 500, 56, 116
468, 500, 56, 116
470, 500, 56, 116
472, 498, 56, 116
474, 498, 56, 116
474, 498, 56, 116
476, 496, 56, 116
478, 496, 56, 116
480, 494, 56, 116
480, 494, 56, 116
482, 492, 56, 116
482, 492, 56, 116
482, 490, 56, 116
484, 488, 56, 116
484, 488, 56, 116
484, 486, 56, 116
484, 486, 56, 116
484, 484, 56, 116
484, 484, 56, 116
484, 484, 56, 116
484, 482, 56, 116
484, 480, 56, 116
484, 480, 56, 116
484, 480, 56, 116
484, 480, 56, 116
484, 478, 56, 116
484, 478, 56, 116
482, 476, 56, 116
482, 474, 56, 116
482, 474, 56, 116
482, 472, 56, 116
482, 472, 56, 116
480, 472, 56, 116
480, 470, 56, 116
478, 470, 56, 116
478, 470, 56, 116
476, 468, 56, 116
474, 468, 56, 116
472, 468, 56, 116
470, 468, 56, 116
470, 468, 56, 116
468, 468, 56, 116
464, 468, 56, 116
462, 468, 56, 116
460, 468, 56, 116
458, 468, 56, 116
456, 468, 56, 116
454, 468, 56, 116
452, 468, 56, 116
450, 468, 56, 116
448, 468, 56, 116
446, 468, 56, 116
446, 468, 56, 116
446, 468, 56, 116
446, 466, 56, 116
446, 466, 56, 116
446, 466, 56, 116
446, 466, 56, 116
446, 464, 56, 116
448, 464, 56, 116
448, 464, 56, 116
448, 464, 56, 116
448, 464, 56, 116
448, 462, 56, 116
448, 462, 56, 116
448, 462, 56, 116
448, 460, 56, 116
446, 462, 56, 116
446, 460, 56, 116
446, 460, 56, 116
446, 460, 56, 116
446, 460, 56, 116
444, 460, 56, 116
444, 460, 56, 116
444, 460, 56, 116
444, 460, 56, 116
444, 460, 56, 116
442, 460, 56, 116
442, 460, 56, 116
442, 460, 56, 116
442, 460, 56, 116
442, 460, 56, 116
442, 460, 56, 116
0.0, 0.0, 0.0, 0.0
420, 496, 55, 122
421, 496, 55, 122
422, 496, 55, 122
423, 494, 55, 122
424, 496, 55, 122
427, 494, 55, 122
428, 494, 55, 122
431, 492, 55, 122
432, 490, 55, 122
435, 490, 55, 122
436, 490, 55, 122
439, 490, 55, 122
440, 490, 55, 122
441, 492, 55, 122
442, 492, 55, 122
441, 490, 55, 122
442, 492, 55, 122
443, 492, 55, 122
444, 494, 55, 122
445, 496, 55, 122
446, 496, 55, 122
447, 496, 55, 122
446, 496, 55, 122
449, 498, 55, 122
448, 500, 55, 122
451, 500, 55, 122
450, 500, 55, 122
451, 500, 55, 122
452, 500, 55, 122
453, 500, 55, 122
452, 500, 55, 122
453, 500, 55, 122
452, 500, 55, 122
453, 500, 55, 122
454, 498, 55, 122
453, 500, 55, 122
452, 500, 55, 122
453, 500, 55, 122
452, 500, 55, 122
451, 502, 55, 122
450, 504, 55, 122
451, 504, 55, 122
450, 504, 55, 122
449, 504, 55, 122
448, 504, 55, 122
447, 504, 55, 122
446, 504, 55, 122
445, 506, 55, 122
0.0, 0.0, 0.0, 0.0
424, 469, 92, 202
421, 467, 94, 206
420, 473, 90, 198
418, 471, 92, 202
417, 472, 92, 202
414, 467, 96, 210
415, 464, 98, 214
420, 470, 96, 210
422, 466, 96, 210
422, 463, 100, 219
428, 472, 98, 214
425, 463, 104, 227
428, 465, 102, 223
432, 462, 104, 227
434, 460, 104, 227
435, 465, 104, 227
437, 466, 104, 227
441, 466, 102, 223
443, 465, 102, 223
444, 466, 104, 227
442, 406, 106, 232
444, 399, 108, 237
445, 398, 108, 237
447, 399, 110, 241
449, 394, 112, 246
452, 398, 110, 241
454, 403, 110, 241
456, 402, 110, 241
459, 402, 108, 237
462, 404, 106, 232
463, 404, 106, 232
464, 408, 104, 227
