955.0,639.0,49.0,75.0
953.0,635.0,49.0,75.0
952.0,631.0,48.0,75.0
951.0,628.0,48.0,75.0
949.0,624.0,48.0,75.0
948.0,621.0,48.0,75.0
947.0,617.0,48.0,76.0
946.0,613.0,48.0,76.0
945.0,609.0,48.0,77.0
944.0,606.0,48.0,77.0
942.0,604.0,48.0,76.0
941.0,602.0,48.0,75.0
941.0,602.0,48.0,75.0
940.0,600.0,48.0,74.0
938.0,600.0,48.0,73.0
937.0,599.0,48.0,72.0
937.0,598.0,48.0,72.0
936.0,597.0,48.0,73.0
935.0,596.0,48.0,73.0
934.0,595.0,49.0,73.0
933.0,594.0,49.0,73.0
932.0,593.0,49.0,73.0
931.0,593.0,49.0,73.0
930.0,592.0,49.0,73.0
930.0,591.0,49.0,73.0
928.0,591.0,49.0,73.0
927.0,590.0,49.0,73.0
927.0,589.0,49.0,73.0
927.0,588.0,49.0,73.0
926.0,588.0,49.0,73.0
924.0,587.0,49.0,73.0
923.0,586.0,49.0,73.0
923.0,586.0,49.0,73.0
922.0,585.0,49.0,73.0
921.0,585.0,49.0,73.0
920.0,584.0,49.0,73.0
919.0,583.0,49.0,73.0
919.0,583.0,49.0,73.0
917.0,582.0,49.0,73.0
916.0,582.0,49.0,73.0
914.0,580.0,49.0,73.0
913.0,579.0,49.0,73.0
913.0,578.0,49.0,73.0
912.0,577.0,49.0,73.0
910.0,576.0,49.0,72.0
910.0,575.0,49.0,72.0
909.0,575.0,49.0,73.0
908.0,574.0,49.0,73.0
907.0,573.0,48.0,73.0
907.0,572.0,48.0,73.0
906.0,571.0,49.0,74.0
906.0,570.0,48.0,74.0
905.0,569.0,48.0,75.0
903.0,568.0,48.0,75.0
903.0,566.0,48.0,75.0
902.0,565.0,48.0,75.0
902.0,564.0,48.0,75.0
902.0,563.0,48.0,75.0
901.0,562.0,48.0,76.0
900.0,560.0,48.0,76.0
900.0,559.0,48.0,77.0
899.0,558.0,48.0,77.0
899.0,556.0,48.0,77.0
898.0,555.0,48.0,78.0
897.0,553.0,48.0,78.0
897.0,552.0,48.0,78.0
897.0,550.0,48.0,78.0
896.0,549.0,48.0,78.0
895.0,547.0,48.0,78.0
894.0,546.0,48.0,78.0
893.0,545.0,48.0,78.0
893.0,544.0,48.0,78.0
892.0,543.0,48.0,78.0
891.0,542.0,48.0,78.0
891.0,541.0,48.0,78.0
890.0,540.0,48.0,78.0
889.0,539.0,48.0,78.0
889.0,538.0,48.0,78.0
888.0,537.0,48.0,78.0
887.0,535.0,48.0,78.0
886.0,533.0,47.0,78.0
885.0,532.0,48.0,78.0
884.0,530.0,47.0,78.0
884.0,529.0,48.0,78.0
883.0,527.0,47.0,78.0
883.0,526.0,47.0,78.0
882.0,524.0,47.0,78.0
882.0,523.0,47.0,78.0
881.0,522.0,47.0,78.0
881.0,520.0,47.0,78.0
880.0,519.0,47.0,77.0
879.0,518.0,47.0,77.0
879.0,517.0,47.0,77.0
879.0,516.0,47.0,78.0
878.0,515.0,47.0,78.0
877.0,514.0,47.0,78.0
876.0,513.0,47.0,78.0
876.0,511.0,47.0,78.0
875.0,510.0,47.0,78.0
874.0,508.0,47.0,78.0
874.0,507.0,47.0,78.0
873.0,505.0,47.0,78.0
872.0,504.0,47.0,78.0
871.0,502.0,47.0,78.0
871.0,501.0,47.0,78.0
871.0,499.0,47.0,78.0
871.0,498.0,47.0,78.0
870.0,497.0,47.0,78.0
869.0,495.0,47.0,78.0
869.0,494.0,47.0,78.0
868.0,493.0,47.0,78.0
867.0,492.0,47.0,78.0
867.0,491.0,47.0,78.0
866.0,490.0,47.0,78.0
864.0,489.0,47.0,78.0
863.0,488.0,47.0,78.0
863.0,487.0,47.0,78.0
862.0,486.0,47.0,78.0
861.0,485.0,47.0,78.0
860.0,483.0,47.0,78.0
860.0,482.0,47.0,78.0
859.0,481.0,47.0,78.0
858.0,480.0,47.0,78.0
857.0,479.0,47.0,78.0
857.0,478.0,47.0,78.0
856.0,476.0,47.0,78.0
856.0,475.0,47.0,78.0
855.0,474.0,47.0,78.0
854.0,473.0,47.0,78.0
853.0,472.0,47.0,78.0
853.0,471.0,47.0,78.0
852.0,470.0,47.0,78.0
852.0,469.0,47.0,78.0
852.0,469.0,47.0,78.0
852.0,468.0,47.0,78.0
851.0,467.0,47.0,78.0
850.0,466.0,47.0,78.0
851.0,466.0,47.0,78.0
850.0,465.0,47.0,78.0
850.0,464.0,47.0,78.0
850.0,464.0,47.0,78.0
849.0,463.0,47.0,78.0
849.0,462.0,47.0,77.0
848.0,461.0,47.0,77.0
848.0,461.0,47.0,77.0
848.0,460.0,47.0,77.0
848.0,460.0,47.0,77.0
847.0,459.0,47.0,77.0
847.0,459.0,47.0,77.0
847.0,459.0,47.0,76.0
846.0,458.0,47.0,76.0
845.0,458.0,47.0,76.0
845.0,458.0,47.0,76.0
844.0,458.0,47.0,76.0
845.0,458.0,47.0,76.0
844.0,458.0,47.0,75.0
844.0,458.0,47.0,75.0
843.0,458.0,47.0,75.0
843.0,457.0,47.0,75.0
843.0,457.0,47.0,75.0
843.0,457.0,47.0,75.0
843.0,457.0,47.0,75.0
842.0,457.0,47.0,75.0
842.0,457.0,47.0,75.0
842.0,457.0,47.0,75.0
841.0,458.0,47.0,75.0
841.0,458.0,47.0,75.0
841.0,458.0,47.0,75.0
841.0,458.0,47.0,75.0
840.0,458.0,47.0,75.0
841.0,459.0,47.0,75.0
840.0,459.0,47.0,75.0
841.0,459.0,47.0,75.0
840.0,460.0,47.0,75.0
841.0,460.0,47.0,75.0
840.0,461.0,47.0,75.0
841.0,462.0,47.0,75.0
840.0,462.0,47.0,75.0
841.0,462.0,47.0,75.0
840.0,462.0,47.0,75.0
840.0,463.0,47.0,75.0
841.0,463.0,46.0,75.0
840.0,464.0,46.0,75.0
840.0,465.0,46.0,75.0
839.0,465.0,46.0,75.0
840.0,466.0,46.0,75.0
839.0,467.0,46.0,75.0
840.0,468.0,46.0,75.0
839.0,469.0,46.0,74.0
839.0,469.0,46.0,74.0
839.0,470.0,46.0,74.0
839.0,471.0,46.0,74.0
839.0,472.0,46.0,74.0
838.0,473.0,46.0,73.0
837.0,474.0,46.0,74.0
838.0,475.0,46.0,73.0
837.0,476.0,46.0,73.0
837.0,477.0,46.0,73.0
837.0,477.0,46.0,73.0
836.0,478.0,46.0,73.0
836.0,479.0,46.0,73.0
836.0,480.0,46.0,73.0
835.0,481.0,46.0,74.0
835.0,482.0,46.0,74.0
834.0,483.0,46.0,74.0
834.0,484.0,46.0,74.0
834.0,484.0,46.0,74.0
834.0,485.0,46.0,74.0
833.0,485.0,46.0,75.0
832.0,486.0,46.0,75.0
832.0,486.0,46.0,75.0
832.0,487.0,46.0,75.0
832.0,487.0,46.0,75.0
831.0,487.0,46.0,75.0
830.0,488.0,46.0,75.0
830.0,488.0,46.0,75.0
830.0,488.0,46.0,75.0
829.0,488.0,46.0,75.0
828.0,487.0,46.0,75.0
827.0,487.0,46.0,75.0
827.0,486.0,46.0,75.0
826.0,486.0,46.0,75.0
826.0,485.0,46.0,75.0
825.0,485.0,47.0,75.0
824.0,484.0,47.0,75.0
824.0,484.0,47.0,75.0
822.0,483.0,47.0,75.0
822.0,483.0,48.0,74.0
821.0,483.0,48.0,74.0
821.0,482.0,48.0,74.0
821.0,482.0,48.0,74.0
820.0,481.0,49.0,74.0
819.0,481.0,49.0,73.0
818.0,481.0,49.0,73.0
817.0,480.0,49.0,73.0
816.0,479.0,49.0,73.0
816.0,479.0,49.0,73.0
815.0,478.0,48.0,73.0
815.0,478.0,48.0,73.0
814.0,477.0,48.0,73.0
813.0,477.0,48.0,73.0
813.0,476.0,48.0,73.0
812.0,476.0,47.0,73.0
810.0,475.0,47.0,73.0
810.0,475.0,47.0,73.0
810.0,474.0,47.0,73.0
809.0,474.0,47.0,73.0
809.0,473.0,46.0,73.0
808.0,473.0,46.0,73.0
808.0,472.0,46.0,73.0
808.0,472.0,46.0,73.0
807.0,471.0,46.0,73.0
806.0,470.0,46.0,73.0
806.0,470.0,46.0,73.0
805.0,470.0,46.0,73.0
805.0,469.0,46.0,72.0
304.0,175.0,12.0,24.0
800.0,464.0,51.0,80.0
800.0,463.0,51.0,80.0
798.0,462.0,52.0,81.0
797.0,461.0,53.0,82.0
796.0,460.0,54.0,84.0
796.0,459.0,55.0,86.0
795.0,459.0,54.0,84.0
794.0,458.0,56.0,87.0
794.0,458.0,54.0,84.0
793.0,457.0,56.0,86.0
793.0,456.0,55.0,86.0
793.0,456.0,55.0,85.0
792.0,455.0,55.0,86.0
791.0,455.0,55.0,85.0
790.0,454.0,56.0,87.0
789.0,454.0,57.0,88.0
789.0,453.0,56.0,87.0
788.0,452.0,58.0,90.0
788.0,452.0,56.0,87.0
787.0,451.0,56.0,87.0
787.0,450.0,56.0,87.0
786.0,450.0,56.0,87.0
785.0,449.0,57.0,89.0
784.0,447.0,57.0,88.0
783.0,446.0,57.0,88.0
782.0,445.0,57.0,89.0
782.0,446.0,58.0,88.0
781.0,445.0,59.0,90.0
779.0,444.0,59.0,90.0
779.0,442.0,60.0,91.0
