1025.0,467.0,104.0,193.0
1024.0,468.0,103.0,194.0
1023.0,470.0,103.0,195.0
1021.0,472.0,103.0,196.0
1020.0,474.0,103.0,197.0
1018.0,476.0,103.0,198.0
1017.0,478.0,102.0,198.0
1015.0,480.0,102.0,199.0
1013.0,484.0,101.0,200.0
1011.0,486.0,101.0,201.0
1011.0,488.0,101.0,202.0
1011.0,490.0,101.0,204.0
1010.0,492.0,101.0,204.0
1010.0,494.0,101.0,205.0
1010.0,496.0,101.0,205.0
1011.0,498.0,101.0,206.0
1010.0,502.0,101.0,207.0
1010.0,505.0,101.0,207.0
1010.0,509.0,101.0,208.0
1010.0,513.0,102.0,207.0
1008.0,518.0,103.0,205.0
1006.0,522.0,104.0,204.0
1003.0,525.0,105.0,202.0
1004.0,529.0,106.0,201.0
1004.0,531.0,109.0,200.0
1005.0,533.0,110.0,198.0
1006.0,536.0,112.0,198.0
1008.0,539.0,115.0,196.0
1011.0,541.0,115.0,195.0
1013.0,545.0,116.0,194.0
1016.0,548.0,118.0,193.0
1019.0,551.0,118.0,192.0
1021.0,555.0,120.0,191.0
1022.0,557.0,121.0,189.0
1022.0,561.0,122.0,189.0
1023.0,566.0,123.0,188.0
1024.0,569.0,124.0,184.0
1027.0,573.0,124.0,181.0
1029.0,577.0,124.0,176.0
1035.0,581.0,123.0,172.0
1041.0,585.0,123.0,168.0
1051.0,589.0,120.0,164.0
1060.0,593.0,116.0,160.0
1072.0,598.0,113.0,156.0
1081.0,603.0,109.0,150.0
1093.0,609.0,106.0,145.0
1104.0,614.0,103.0,140.0
1114.0,620.0,100.0,134.0
1124.0,625.0,96.0,129.0
1134.0,629.0,93.0,125.0
426.0,238.0,34.0,43.0
1149.0,607.0,91.0,174.0
1152.0,606.0,95.0,177.0
1153.0,604.0,98.0,180.0
1155.0,600.0,103.0,186.0
1156.0,598.0,107.0,189.0
1157.0,596.0,108.0,189.0
1158.0,596.0,109.0,187.0
1159.0,594.0,111.0,187.0
1159.0,592.0,109.0,185.0
1159.0,592.0,105.0,182.0
1158.0,591.0,102.0,181.0
1155.0,589.0,100.0,182.0
1153.0,586.0,99.0,183.0
1149.0,580.0,100.0,190.0
1147.0,574.0,98.0,192.0
1142.0,567.0,98.0,196.0
1140.0,561.0,99.0,200.0
1134.0,552.0,100.0,203.0
1130.0,550.0,97.0,195.0
1121.0,538.0,101.0,203.0
1114.0,529.0,104.0,209.0
1107.0,520.0,108.0,215.0
1100.0,513.0,111.0,215.0
1091.0,505.0,116.0,221.0
1082.0,494.0,115.0,227.0
1075.0,484.0,116.0,237.0
1068.0,474.0,115.0,243.0
1119.0,475.0,114.0,249.0
1114.0,466.0,115.0,259.0
1109.0,458.0,115.0,261.0
1099.0,447.0,115.0,264.0
1094.0,441.0,111.0,259.0
1089.0,436.0,106.0,252.0
1083.0,429.0,104.0,247.0
1075.0,421.0,104.0,246.0
1069.0,414.0,102.0,242.0
1062.0,408.0,102.0,240.0
1055.0,401.0,100.0,236.0
1048.0,393.0,103.0,240.0
1040.0,383.0,103.0,239.0
1032.0,375.0,106.0,243.0
1028.0,367.0,106.0,242.0
1096.0,384.0,104.0,237.0
1090.0,372.0,106.0,239.0
1084.0,372.0,102.0,228.0
1079.0,364.0,100.0,224.0
1072.0,360.0,98.0,219.0
1071.0,359.0,92.0,207.0
1063.0,355.0,92.0,206.0
1059.0,350.0,92.0,205.0
1055.0,347.0,91.0,201.0
1050.0,343.0,90.0,201.0
1046.0,339.0,90.0,199.0
1043.0,336.0,89.0,195.0
1038.0,332.0,89.0,194.0
1035.0,331.0,88.0,191.0
1031.0,328.0,89.0,191.0
1028.0,326.0,87.0,188.0
1023.0,321.0,89.0,191.0
1020.0,320.0,88.0,188.0
1014.0,316.0,88.0,188.0
1009.0,315.0,86.0,185.0
1003.0,313.0,85.0,182.0
995.0,310.0,85.0,184.0
990.0,308.0,84.0,181.0
981.0,306.0,83.0,180.0
975.0,304.0,83.0,180.0
968.0,301.0,82.0,179.0
963.0,300.0,80.0,177.0
962.0,298.0,79.0,177.0
960.0,297.0,79.0,178.0
960.0,295.0,78.0,179.0
959.0,295.0,77.0,177.0
956.0,294.0,76.0,177.0
955.0,295.0,76.0,174.0
953.0,294.0,76.0,174.0
952.0,294.0,74.0,171.0
950.0,293.0,74.0,171.0
950.0,293.0,72.0,169.0
947.0,293.0,72.0,169.0
945.0,292.0,72.0,169.0
945.0,291.0,72.0,169.0
942.0,290.0,72.0,169.0
942.0,290.0,72.0,167.0
942.0,292.0,70.0,162.0
941.0,291.0,70.0,163.0
940.0,291.0,69.0,160.0
940.0,292.0,67.0,156.0
940.0,293.0,65.0,152.0
941.0,293.0,65.0,152.0
941.0,295.0,62.0,147.0
942.0,296.0,61.0,146.0
942.0,297.0,60.0,142.0
943.0,299.0,59.0,140.0
944.0,299.0,58.0,137.0
944.0,300.0,57.0,136.0
946.0,301.0,55.0,132.0
946.0,302.0,54.0,129.0
948.0,302.0,53.0,128.0
949.0,303.0,52.0,126.0
949.0,302.0,52.0,126.0
951.0,303.0,50.0,122.0
952.0,303.0,50.0,124.0
952.0,302.0,50.0,125.0
954.0,303.0,50.0,124.0
954.0,303.0,50.0,124.0
954.0,303.0,50.0,125.0
953.0,303.0,51.0,126.0
952.0,302.0,52.0,127.0
951.0,302.0,53.0,129.0
950.0,302.0,55.0,130.0
949.0,302.0,56.0,130.0
947.0,301.0,57.0,133.0
945.0,300.0,59.0,137.0
941.0,299.0,59.0,136.0
939.0,298.0,60.0,137.0
935.0,297.0,61.0,141.0
933.0,295.0,62.0,142.0
931.0,294.0,63.0,144.0
929.0,294.0,62.0,142.0
927.0,294.0,62.0,142.0
926.0,293.0,62.0,142.0
925.0,293.0,61.0,142.0
924.0,294.0,61.0,141.0
923.0,293.0,61.0,141.0
922.0,292.0,62.0,142.0
922.0,291.0,63.0,144.0
922.0,292.0,62.0,144.0
922.0,292.0,62.0,144.0
923.0,292.0,61.0,144.0
924.0,293.0,60.0,142.0
924.0,294.0,60.0,142.0
925.0,294.0,60.0,142.0
924.0,295.0,60.0,142.0
924.0,294.0,61.0,143.0
925.0,294.0,61.0,144.0
925.0,295.0,60.0,142.0
925.0,296.0,60.0,142.0
926.0,296.0,60.0,142.0
926.0,296.0,60.0,142.0
925.0,296.0,60.0,142.0
925.0,295.0,60.0,142.0
926.0,295.0,60.0,142.0
925.0,295.0,60.0,141.0
925.0,295.0,60.0,141.0
925.0,295.0,59.0,141.0
924.0,295.0,60.0,141.0
923.0,294.0,61.0,143.0
922.0,294.0,61.0,143.0
922.0,294.0,61.0,143.0
921.0,293.0,62.0,143.0
919.0,292.0,62.0,144.0
918.0,291.0,62.0,144.0
918.0,291.0,62.0,144.0
917.0,290.0,62.0,144.0
915.0,289.0,63.0,145.0
914.0,287.0,65.0,148.0
915.0,287.0,65.0,148.0
915.0,285.0,65.0,149.0
915.0,284.0,66.0,151.0
915.0,285.0,66.0,151.0
916.0,286.0,66.0,151.0
916.0,286.0,66.0,151.0
916.0,285.0,66.0,151.0
916.0,285.0,66.0,151.0
916.0,284.0,66.0,151.0
916.0,284.0,66.0,151.0
916.0,284.0,67.0,150.0
916.0,283.0,67.0,150.0
916.0,283.0,67.0,149.0
915.0,283.0,68.0,151.0
916.0,282.0,68.0,151.0
916.0,281.0,69.0,150.0
917.0,281.0,69.0,149.0
918.0,280.0,69.0,148.0
919.0,280.0,69.0,148.0
919.0,279.0,69.0,148.0
919.0,279.0,69.0,148.0
920.0,279.0,69.0,147.0
921.0,279.0,68.0,147.0
922.0,279.0,68.0,147.0
922.0,279.0,67.0,147.0
923.0,279.0,68.0,149.0
923.0,279.0,68.0,149.0
924.0,278.0,68.0,150.0
924.0,276.0,69.0,152.0
926.0,275.0,68.0,152.0
926.0,275.0,68.0,152.0
928.0,274.0,68.0,151.0
927.0,274.0,68.0,151.0
927.0,273.0,68.0,152.0
928.0,274.0,67.0,152.0
928.0,273.0,67.0,152.0
927.0,273.0,67.0,152.0
927.0,272.0,66.0,152.0
926.0,272.0,66.0,152.0
925.0,272.0,66.0,152.0
924.0,271.0,66.0,152.0
924.0,273.0,66.0,151.0
923.0,272.0,66.0,151.0
922.0,272.0,66.0,151.0
921.0,271.0,66.0,152.0
920.0,271.0,66.0,152.0
920.0,271.0,66.0,152.0
919.0,270.0,66.0,152.0
918.0,269.0,66.0,152.0
917.0,269.0,66.0,152.0
916.0,269.0,66.0,152.0
916.0,267.0,66.0,152.0
915.0,267.0,66.0,152.0
913.0,266.0,66.0,152.0
913.0,266.0,66.0,152.0
911.0,265.0,66.0,152.0
909.0,264.0,66.0,152.0
908.0,263.0,66.0,152.0
907.0,263.0,66.0,152.0
907.0,262.0,66.0,152.0
906.0,262.0,66.0,151.0
906.0,261.0,66.0,151.0
906.0,260.0,66.0,151.0
906.0,261.0,65.0,149.0
906.0,260.0,65.0,148.0
907.0,259.0,65.0,148.0
906.0,259.0,65.0,147.0
906.0,258.0,65.0,147.0
905.0,257.0,65.0,147.0
906.0,256.0,65.0,146.0
906.0,256.0,65.0,146.0
906.0,255.0,66.0,148.0
905.0,254.0,66.0,148.0
905.0,255.0,65.0,146.0
905.0,254.0,65.0,146.0
905.0,253.0,66.0,148.0
904.0,252.0,66.0,148.0
903.0,253.0,65.0,146.0
903.0,252.0,65.0,146.0
901.0,251.0,66.0,148.0
901.0,251.0,66.0,148.0
901.0,250.0,66.0,148.0
899.0,250.0,65.0,146.0
898.0,250.0,65.0,146.0
897.0,250.0,65.0,146.0
895.0,249.0,65.0,147.0
893.0,248.0,66.0,149.0
894.0,249.0,64.0,147.0
892.0,249.0,64.0,147.0
892.0,250.0,63.0,145.0
891.0,250.0,62.0,143.0
890.0,250.0,61.0,141.0
889.0,248.0,61.0,141.0
887.0,247.0,61.0,140.0
886.0,246.0,61.0,140.0
886.0,245.0,61.0,140.0
883.0,245.0,61.0,140.0
881.0,245.0,60.0,140.0
879.0,244.0,61.0,142.0
876.0,242.0,62.0,145.0
874.0,242.0,63.0,146.0
871.0,240.0,65.0,149.0
871.0,240.0,64.0,149.0
868.0,239.0,64.0,149.0
866.0,237.0,65.0,149.0
865.0,235.0,64.0,149.0
862.0,234.0,64.0,149.0
860.0,233.0,64.0,149.0
858.0,231.0,65.0,149.0
855.0,231.0,64.0,146.0
852.0,230.0,65.0,146.0
850.0,228.0,65.0,146.0
846.0,227.0,64.0,147.0
843.0,225.0,64.0,147.0
840.0,224.0,63.0,147.0
836.0,224.0,63.0,147.0
832.0,223.0,63.0,147.0
828.0,221.0,65.0,149.0
826.0,221.0,63.0,147.0
820.0,220.0,63.0,147.0
816.0,219.0,63.0,147.0
812.0,219.0,63.0,146.0
807.0,218.0,63.0,146.0
802.0,217.0,64.0,147.0
799.0,217.0,64.0,145.0
795.0,218.0,64.0,145.0
789.0,216.0,64.0,146.0
784.0,217.0,65.0,145.0
780.0,217.0,63.0,142.0
775.0,218.0,62.0,140.0
772.0,219.0,61.0,138.0
766.0,220.0,61.0,136.0
763.0,220.0,62.0,136.0
759.0,221.0,60.0,134.0
755.0,222.0,60.0,132.0
751.0,221.0,60.0,133.0
748.0,220.0,61.0,134.0
746.0,218.0,61.0,134.0
745.0,217.0,61.0,134.0
745.0,216.0,62.0,136.0
748.0,214.0,63.0,138.0
750.0,212.0,63.0,138.0
752.0,211.0,63.0,138.0
754.0,210.0,63.0,138.0
756.0,209.0,63.0,138.0
758.0,208.0,65.0,139.0
761.0,207.0,65.0,139.0
762.0,206.0,65.0,142.0
765.0,205.0,65.0,142.0
767.0,204.0,65.0,142.0
769.0,203.0,65.0,142.0
771.0,203.0,66.0,144.0
774.0,202.0,66.0,144.0
776.0,202.0,66.0,144.0
779.0,201.0,67.0,146.0
781.0,201.0,66.0,144.0
784.0,201.0,67.0,146.0
786.0,201.0,66.0,144.0
788.0,200.0,67.0,146.0
791.0,200.0,66.0,144.0
794.0,200.0,66.0,144.0
796.0,200.0,66.0,144.0
798.0,200.0,66.0,144.0
800.0,201.0,65.0,142.0
802.0,201.0,65.0,141.0
804.0,202.0,64.0,139.0
806.0,203.0,64.0,138.0
808.0,203.0,64.0,138.0
811.0,204.0,62.0,135.0
812.0,205.0,62.0,135.0
814.0,206.0,61.0,132.0
816.0,206.0,60.0,130.0
819.0,206.0,59.0,130.0
820.0,208.0,58.0,127.0
823.0,209.0,58.0,124.0
825.0,209.0,57.0,124.0
827.0,209.0,57.0,124.0
829.0,211.0,56.0,121.0
830.0,211.0,55.0,121.0
831.0,212.0,55.0,121.0
833.0,212.0,55.0,120.0
833.0,212.0,54.0,120.0
834.0,213.0,54.0,119.0
835.0,213.0,54.0,118.0
835.0,213.0,54.0,118.0
836.0,214.0,53.0,118.0
836.0,214.0,53.0,118.0
837.0,214.0,53.0,117.0
837.0,214.0,53.0,117.0
837.0,214.0,53.0,116.0
838.0,215.0,53.0,116.0
838.0,215.0,53.0,116.0
838.0,214.0,54.0,118.0
838.0,214.0,55.0,118.0
837.0,213.0,55.0,121.0
838.0,213.0,55.0,121.0
837.0,213.0,55.0,121.0
836.0,213.0,55.0,121.0
834.0,212.0,56.0,121.0
833.0,212.0,56.0,121.0
832.0,212.0,56.0,121.0
830.0,212.0,56.0,121.0
828.0,212.0,56.0,121.0
827.0,212.0,56.0,121.0
825.0,212.0,56.0,121.0
824.0,212.0,56.0,121.0
822.0,212.0,55.0,121.0
821.0,212.0,55.0,121.0
819.0,212.0,55.0,121.0
817.0,213.0,55.0,121.0
816.0,213.0,54.0,121.0
814.0,213.0,55.0,121.0
812.0,214.0,55.0,121.0
809.0,214.0,56.0,121.0
808.0,214.0,56.0,121.0
806.0,214.0,56.0,121.0
804.0,214.0,56.0,121.0
802.0,214.0,57.0,121.0
800.0,214.0,57.0,121.0
799.0,214.0,57.0,121.0
797.0,214.0,57.0,121.0
795.0,214.0,57.0,121.0
794.0,214.0,57.0,121.0
793.0,214.0,57.0,121.0
792.0,214.0,57.0,121.0
790.0,215.0,57.0,121.0
789.0,215.0,57.0,121.0
788.0,215.0,57.0,121.0
786.0,216.0,56.0,119.0
784.0,217.0,56.0,119.0
781.0,217.0,56.0,119.0
779.0,218.0,57.0,121.0
777.0,218.0,57.0,121.0
775.0,219.0,56.0,119.0
773.0,219.0,57.0,121.0
772.0,220.0,56.0,119.0
769.0,220.0,57.0,121.0
768.0,220.0,57.0,121.0
766.0,220.0,57.0,121.0
763.0,219.0,57.0,123.0
762.0,220.0,57.0,123.0
760.0,220.0,57.0,121.0
758.0,220.0,57.0,123.0
756.0,220.0,57.0,121.0
755.0,220.0,57.0,121.0
753.0,221.0,57.0,121.0
751.0,221.0,57.0,121.0
748.0,221.0,57.0,123.0
747.0,221.0,57.0,123.0
745.0,223.0,57.0,121.0
745.0,224.0,57.0,121.0
743.0,224.0,57.0,121.0
742.0,224.0,57.0,121.0
740.0,225.0,57.0,121.0
739.0,225.0,57.0,121.0
738.0,225.0,56.0,119.0
737.0,225.0,56.0,119.0
735.0,225.0,57.0,121.0
735.0,225.0,56.0,119.0
734.0,225.0,57.0,121.0
732.0,226.0,56.0,119.0
731.0,226.0,56.0,119.0
729.0,226.0,57.0,121.0
728.0,226.0,56.0,119.0
728.0,227.0,56.0,119.0
726.0,226.0,57.0,121.0
725.0,228.0,56.0,119.0
723.0,228.0,57.0,121.0
722.0,229.0,56.0,119.0
721.0,230.0,56.0,119.0
720.0,230.0,56.0,119.0
720.0,231.0,56.0,119.0
719.0,232.0,55.0,118.0
717.0,231.0,56.0,119.0
716.0,231.0,55.0,118.0
714.0,231.0,55.0,118.0
713.0,232.0,55.0,118.0
712.0,231.0,56.0,119.0
710.0,231.0,56.0,119.0
709.0,231.0,56.0,119.0
708.0,231.0,56.0,119.0
708.0,232.0,55.0,118.0
706.0,232.0,55.0,118.0
705.0,232.0,55.0,118.0
704.0,231.0,56.0,121.0
702.0,230.0,56.0,121.0
701.0,230.0,56.0,122.0
700.0,231.0,55.0,121.0
699.0,230.0,56.0,123.0
699.0,229.0,56.0,124.0
698.0,229.0,56.0,124.0
697.0,229.0,56.0,124.0
697.0,230.0,54.0,123.0
697.0,229.0,54.0,124.0
696.0,228.0,54.0,124.0
695.0,229.0,54.0,123.0
695.0,229.0,54.0,124.0
695.0,228.0,54.0,124.0
694.0,227.0,54.0,126.0
693.0,227.0,55.0,126.0
693.0,227.0,55.0,126.0
692.0,227.0,55.0,126.0
692.0,227.0,56.0,126.0
691.0,227.0,55.0,126.0
691.0,227.0,56.0,126.0
690.0,227.0,56.0,127.0
689.0,226.0,57.0,128.0
688.0,226.0,56.0,127.0
689.0,227.0,55.0,125.0
688.0,228.0,55.0,125.0
686.0,228.0,55.0,125.0
685.0,227.0,56.0,127.0
685.0,228.0,56.0,127.0
684.0,228.0,58.0,129.0
683.0,228.0,58.0,129.0
682.0,228.0,58.0,130.0
682.0,228.0,58.0,130.0
681.0,228.0,58.0,130.0
679.0,227.0,59.0,133.0
679.0,228.0,59.0,133.0
679.0,228.0,58.0,130.0
678.0,229.0,58.0,130.0
678.0,228.0,59.0,133.0
676.0,228.0,59.0,132.0
675.0,228.0,59.0,132.0
674.0,229.0,58.0,130.0
674.0,230.0,58.0,130.0
674.0,230.0,57.0,128.0
674.0,231.0,57.0,128.0
673.0,231.0,57.0,128.0
672.0,231.0,58.0,128.0
672.0,232.0,58.0,128.0
672.0,233.0,57.0,128.0
671.0,233.0,57.0,128.0
671.0,233.0,57.0,128.0
671.0,233.0,57.0,128.0
670.0,233.0,57.0,128.0
670.0,233.0,58.0,128.0
670.0,233.0,58.0,128.0
670.0,234.0,58.0,128.0
669.0,234.0,58.0,128.0
668.0,235.0,58.0,127.0
667.0,234.0,59.0,130.0
666.0,235.0,59.0,130.0
666.0,236.0,59.0,130.0
665.0,236.0,59.0,130.0
665.0,237.0,59.0,130.0
663.0,238.0,59.0,129.0
662.0,238.0,59.0,130.0
661.0,239.0,59.0,129.0
659.0,240.0,59.0,129.0
657.0,240.0,60.0,131.0
656.0,239.0,60.0,131.0
655.0,241.0,59.0,130.0
653.0,240.0,60.0,132.0
652.0,240.0,60.0,132.0
650.0,241.0,60.0,132.0
649.0,241.0,60.0,132.0
647.0,240.0,61.0,134.0
647.0,240.0,61.0,134.0
645.0,241.0,62.0,134.0
645.0,242.0,60.0,133.0
643.0,241.0,61.0,135.0
643.0,243.0,60.0,133.0
642.0,243.0,60.0,133.0
642.0,244.0,60.0,133.0
640.0,244.0,60.0,133.0
639.0,246.0,60.0,133.0
639.0,247.0,59.0,131.0
638.0,247.0,60.0,133.0
637.0,248.0,59.0,131.0
636.0,249.0,59.0,131.0
634.0,250.0,59.0,131.0
634.0,250.0,60.0,133.0
632.0,251.0,60.0,133.0
630.0,251.0,60.0,133.0
630.0,251.0,61.0,135.0
630.0,251.0,61.0,135.0
628.0,252.0,61.0,135.0
628.0,252.0,61.0,136.0
627.0,252.0,61.0,136.0
627.0,253.0,61.0,136.0
626.0,252.0,62.0,139.0
625.0,253.0,62.0,139.0
624.0,254.0,62.0,138.0
625.0,254.0,62.0,139.0
623.0,254.0,63.0,140.0
623.0,256.0,62.0,138.0
621.0,257.0,62.0,138.0
620.0,257.0,64.0,140.0
620.0,258.0,66.0,138.0
620.0,260.0,68.0,138.0
618.0,259.0,69.0,140.0
618.0,259.0,68.0,139.0
617.0,259.0,68.0,141.0
617.0,258.0,68.0,142.0
617.0,259.0,67.0,142.0
616.0,258.0,68.0,145.0
617.0,259.0,66.0,142.0
617.0,259.0,66.0,143.0
618.0,260.0,66.0,143.0
617.0,260.0,66.0,144.0
618.0,262.0,65.0,142.0
619.0,263.0,65.0,142.0
620.0,267.0,62.0,139.0
621.0,268.0,62.0,139.0
621.0,269.0,62.0,139.0
622.0,271.0,60.0,137.0
623.0,273.0,60.0,137.0
624.0,275.0,59.0,136.0
624.0,274.0,60.0,137.0
625.0,274.0,60.0,137.0
626.0,274.0,60.0,137.0
627.0,273.0,61.0,139.0
627.0,274.0,61.0,139.0
628.0,272.0,61.0,141.0
628.0,271.0,62.0,143.0
629.0,271.0,63.0,145.0
630.0,270.0,63.0,145.0
632.0,270.0,63.0,145.0
632.0,270.0,63.0,145.0
633.0,269.0,63.0,145.0
635.0,270.0,63.0,145.0
636.0,270.0,63.0,145.0
637.0,271.0,62.0,142.0
638.0,271.0,62.0,142.0
639.0,271.0,62.0,142.0
641.0,271.0,62.0,142.0
642.0,270.0,62.0,142.0
643.0,270.0,62.0,142.0
645.0,272.0,62.0,141.0
645.0,270.0,63.0,142.0
647.0,270.0,62.0,140.0
648.0,269.0,63.0,142.0
649.0,267.0,64.0,144.0
651.0,267.0,64.0,144.0
653.0,267.0,64.0,144.0
654.0,266.0,64.0,144.0
655.0,267.0,65.0,144.0
656.0,267.0,65.0,144.0
658.0,266.0,65.0,144.0
660.0,267.0,65.0,142.0
662.0,267.0,65.0,142.0
664.0,268.0,64.0,140.0
666.0,268.0,64.0,139.0
667.0,268.0,64.0,139.0
669.0,266.0,65.0,139.0
672.0,266.0,65.0,139.0
674.0,265.0,65.0,139.0
676.0,264.0,65.0,139.0
678.0,263.0,64.0,137.0
680.0,262.0,63.0,136.0
682.0,261.0,63.0,136.0
684.0,260.0,62.0,136.0
686.0,258.0,62.0,136.0
688.0,258.0,62.0,134.0
691.0,257.0,61.0,133.0
692.0,256.0,61.0,133.0
695.0,256.0,61.0,132.0
698.0,255.0,60.0,132.0
699.0,256.0,59.0,130.0
702.0,257.0,58.0,128.0
703.0,256.0,58.0,128.0
704.0,255.0,58.0,128.0
706.0,254.0,59.0,130.0
707.0,253.0,59.0,130.0
709.0,251.0,59.0,130.0
709.0,249.0,59.0,130.0
709.0,246.0,60.0,131.0
710.0,245.0,60.0,131.0
711.0,244.0,60.0,131.0
712.0,244.0,59.0,130.0
713.0,245.0,58.0,128.0
714.0,246.0,57.0,126.0
714.0,246.0,56.0,125.0
715.0,245.0,55.0,125.0
715.0,243.0,54.0,125.0
715.0,241.0,55.0,128.0
714.0,239.0,55.0,128.0
714.0,238.0,55.0,128.0
716.0,238.0,54.0,127.0
715.0,236.0,54.0,127.0
715.0,235.0,54.0,127.0
716.0,234.0,53.0,125.0
715.0,234.0,53.0,125.0
714.0,235.0,54.0,125.0
713.0,235.0,55.0,125.0
713.0,235.0,54.0,122.0
712.0,234.0,55.0,122.0
711.0,234.0,56.0,122.0
710.0,233.0,57.0,122.0
709.0,232.0,57.0,122.0
707.0,230.0,57.0,122.0
708.0,229.0,57.0,122.0
708.0,229.0,57.0,122.0
707.0,228.0,57.0,122.0
707.0,228.0,57.0,120.0
707.0,228.0,57.0,120.0
706.0,228.0,56.0,118.0
707.0,230.0,56.0,117.0
707.0,229.0,56.0,117.0
707.0,228.0,56.0,117.0
707.0,227.0,56.0,117.0
706.0,227.0,56.0,117.0
707.0,226.0,56.0,117.0
708.0,226.0,55.0,115.0
708.0,225.0,55.0,115.0
708.0,225.0,55.0,115.0
709.0,224.0,55.0,115.0
709.0,224.0,55.0,114.0
709.0,224.0,55.0,115.0
710.0,224.0,55.0,115.0
710.0,224.0,55.0,115.0
711.0,224.0,55.0,114.0
713.0,224.0,55.0,114.0
715.0,223.0,55.0,114.0
716.0,223.0,54.0,113.0
717.0,223.0,54.0,113.0
718.0,223.0,54.0,113.0
720.0,223.0,54.0,113.0
721.0,223.0,54.0,113.0
722.0,223.0,54.0,113.0
723.0,222.0,54.0,113.0
725.0,221.0,54.0,113.0
726.0,221.0,54.0,113.0
727.0,221.0,54.0,113.0
729.0,221.0,54.0,113.0
731.0,221.0,54.0,113.0
732.0,222.0,53.0,111.0
735.0,222.0,52.0,109.0
737.0,222.0,52.0,109.0
739.0,222.0,52.0,108.0
741.0,223.0,51.0,107.0
742.0,223.0,51.0,107.0
744.0,223.0,51.0,106.0
745.0,223.0,50.0,104.0
746.0,223.0,51.0,106.0
746.0,222.0,51.0,106.0
747.0,222.0,51.0,107.0
749.0,222.0,52.0,108.0
750.0,222.0,52.0,108.0
752.0,222.0,52.0,108.0
753.0,223.0,52.0,108.0
754.0,223.0,52.0,109.0
756.0,223.0,52.0,109.0
757.0,224.0,52.0,108.0
758.0,223.0,54.0,109.0
760.0,222.0,56.0,111.0
760.0,221.0,57.0,112.0
760.0,221.0,58.0,112.0
762.0,222.0,58.0,112.0
763.0,221.0,57.0,113.0
764.0,221.0,56.0,113.0
765.0,221.0,56.0,113.0
766.0,221.0,56.0,113.0
767.0,221.0,55.0,114.0
768.0,221.0,54.0,113.0
769.0,221.0,53.0,113.0
770.0,221.0,53.0,113.0
770.0,222.0,53.0,113.0
771.0,222.0,53.0,113.0
771.0,223.0,54.0,113.0
772.0,223.0,55.0,113.0
772.0,224.0,55.0,113.0
773.0,223.0,56.0,113.0
772.0,223.0,56.0,113.0
771.0,224.0,57.0,113.0
772.0,224.0,58.0,113.0
772.0,224.0,57.0,113.0
773.0,224.0,56.0,112.0
773.0,225.0,56.0,112.0
773.0,225.0,56.0,112.0
773.0,226.0,55.0,111.0
774.0,226.0,54.0,111.0
774.0,225.0,54.0,111.0
774.0,225.0,54.0,111.0
775.0,226.0,54.0,111.0
775.0,226.0,53.0,109.0
775.0,226.0,53.0,110.0
775.0,226.0,53.0,109.0
776.0,227.0,52.0,108.0
776.0,226.0,52.0,108.0
776.0,227.0,51.0,107.0
777.0,228.0,50.0,105.0
777.0,229.0,48.0,103.0
778.0,229.0,49.0,104.0
778.0,229.0,48.0,103.0
777.0,229.0,48.0,103.0
777.0,230.0,47.0,102.0
777.0,229.0,48.0,103.0
777.0,230.0,48.0,103.0
777.0,230.0,48.0,103.0
776.0,230.0,48.0,103.0
776.0,230.0,48.0,103.0
776.0,231.0,47.0,102.0
776.0,231.0,46.0,100.0
776.0,232.0,45.0,99.0
775.0,232.0,46.0,100.0
775.0,230.0,47.0,102.0
776.0,231.0,47.0,102.0
776.0,231.0,47.0,102.0
776.0,230.0,48.0,103.0
776.0,230.0,48.0,103.0
776.0,231.0,48.0,103.0
775.0,231.0,48.0,103.0
775.0,230.0,48.0,103.0
775.0,230.0,48.0,103.0
774.0,230.0,48.0,103.0
773.0,231.0,48.0,103.0
773.0,231.0,48.0,103.0
772.0,231.0,48.0,103.0
771.0,232.0,47.0,102.0
771.0,232.0,47.0,102.0
770.0,231.0,48.0,103.0
770.0,232.0,47.0,102.0
768.0,232.0,48.0,103.0
767.0,232.0,48.0,103.0
767.0,232.0,48.0,103.0
766.0,232.0,48.0,103.0
766.0,232.0,47.0,102.0
765.0,233.0,47.0,102.0
765.0,232.0,46.0,102.0
765.0,233.0,46.0,102.0
764.0,232.0,46.0,102.0
764.0,232.0,45.0,102.0
764.0,233.0,44.0,101.0
764.0,233.0,44.0,101.0
763.0,233.0,44.0,101.0
763.0,233.0,43.0,101.0
763.0,233.0,43.0,101.0
763.0,233.0,43.0,102.0
763.0,233.0,43.0,102.0
763.0,233.0,43.0,102.0
763.0,233.0,43.0,102.0
762.0,233.0,43.0,102.0
762.0,233.0,44.0,103.0
763.0,234.0,43.0,102.0
763.0,234.0,43.0,101.0
763.0,234.0,42.0,101.0
763.0,235.0,42.0,100.0
763.0,235.0,42.0,101.0
763.0,235.0,42.0,100.0
763.0,236.0,41.0,99.0
764.0,237.0,41.0,99.0
764.0,237.0,41.0,99.0
764.0,237.0,41.0,99.0
765.0,237.0,41.0,99.0
765.0,237.0,41.0,99.0
765.0,236.0,42.0,100.0
766.0,236.0,42.0,101.0
766.0,236.0,42.0,101.0
766.0,236.0,42.0,102.0
767.0,236.0,42.0,102.0
768.0,235.0,42.0,104.0
768.0,235.0,42.0,104.0
769.0,235.0,42.0,104.0
770.0,235.0,42.0,104.0
770.0,236.0,42.0,104.0
771.0,236.0,42.0,104.0
771.0,235.0,43.0,105.0
771.0,236.0,42.0,104.0
771.0,235.0,42.0,105.0
773.0,236.0,42.0,104.0
773.0,235.0,42.0,105.0
773.0,235.0,42.0,104.0
774.0,235.0,44.0,104.0
774.0,235.0,45.0,104.0
775.0,235.0,46.0,104.0
775.0,235.0,46.0,104.0
776.0,236.0,46.0,102.0
776.0,236.0,48.0,103.0
777.0,236.0,49.0,103.0
777.0,236.0,51.0,104.0
777.0,235.0,53.0,104.0
778.0,235.0,54.0,104.0
779.0,235.0,54.0,104.0
779.0,234.0,54.0,106.0
780.0,233.0,54.0,110.0
781.0,233.0,55.0,111.0
782.0,232.0,55.0,113.0
783.0,233.0,54.0,112.0
785.0,233.0,54.0,113.0
787.0,233.0,53.0,113.0
788.0,233.0,53.0,113.0
790.0,234.0,52.0,112.0
792.0,233.0,52.0,115.0
793.0,234.0,51.0,115.0
795.0,233.0,52.0,116.0
797.0,233.0,51.0,116.0
799.0,233.0,51.0,117.0
799.0,234.0,50.0,114.0
801.0,235.0,50.0,114.0
801.0,234.0,51.0,115.0
801.0,234.0,51.0,115.0
802.0,234.0,52.0,117.0
803.0,234.0,52.0,117.0
804.0,234.0,52.0,117.0
806.0,234.0,53.0,119.0
806.0,233.0,54.0,120.0
807.0,233.0,55.0,122.0
808.0,233.0,56.0,122.0
808.0,233.0,56.0,122.0
810.0,234.0,57.0,122.0
810.0,233.0,58.0,125.0
812.0,234.0,58.0,125.0
812.0,234.0,58.0,125.0
813.0,235.0,58.0,125.0
814.0,235.0,58.0,125.0
816.0,235.0,58.0,125.0
817.0,235.0,58.0,125.0
818.0,235.0,57.0,125.0
820.0,236.0,57.0,125.0
821.0,235.0,56.0,125.0
822.0,236.0,56.0,125.0
824.0,237.0,55.0,122.0
825.0,237.0,55.0,122.0
826.0,237.0,56.0,123.0
827.0,237.0,57.0,123.0
827.0,236.0,58.0,125.0
829.0,236.0,58.0,126.0
830.0,236.0,58.0,125.0
830.0,236.0,58.0,125.0
831.0,237.0,58.0,125.0
832.0,237.0,58.0,125.0
834.0,238.0,58.0,125.0
834.0,239.0,58.0,125.0
835.0,240.0,57.0,123.0
837.0,240.0,57.0,123.0
837.0,240.0,57.0,123.0
838.0,240.0,57.0,122.0
839.0,240.0,57.0,122.0
840.0,240.0,57.0,122.0
842.0,240.0,56.0,123.0
843.0,240.0,56.0,123.0
844.0,240.0,55.0,123.0
846.0,240.0,55.0,125.0
848.0,241.0,54.0,124.0
849.0,241.0,53.0,124.0
850.0,241.0,52.0,125.0
851.0,242.0,51.0,125.0
852.0,242.0,53.0,125.0
853.0,242.0,54.0,125.0
853.0,242.0,55.0,125.0
854.0,243.0,56.0,124.0
855.0,243.0,56.0,124.0
855.0,243.0,56.0,124.0
855.0,243.0,56.0,125.0
856.0,244.0,56.0,124.0
857.0,244.0,56.0,125.0
858.0,244.0,55.0,125.0
858.0,245.0,55.0,125.0
859.0,245.0,55.0,125.0
860.0,244.0,55.0,125.0
861.0,244.0,55.0,124.0
863.0,245.0,55.0,124.0
864.0,245.0,55.0,124.0
864.0,246.0,55.0,123.0
866.0,246.0,54.0,122.0
868.0,246.0,55.0,123.0
868.0,246.0,55.0,123.0
869.0,246.0,55.0,123.0
871.0,247.0,55.0,122.0
871.0,246.0,55.0,122.0
871.0,247.0,55.0,122.0
872.0,247.0,54.0,121.0
873.0,248.0,55.0,121.0
873.0,248.0,54.0,120.0
873.0,248.0,54.0,120.0
874.0,248.0,54.0,120.0
873.0,248.0,54.0,120.0
874.0,248.0,54.0,120.0
874.0,248.0,54.0,120.0
875.0,248.0,54.0,120.0
875.0,249.0,54.0,120.0
875.0,249.0,54.0,120.0
875.0,249.0,55.0,120.0
876.0,249.0,55.0,120.0
876.0,249.0,55.0,120.0
876.0,249.0,55.0,120.0
876.0,249.0,56.0,121.0
876.0,249.0,56.0,121.0
876.0,249.0,56.0,121.0
877.0,249.0,56.0,121.0
876.0,249.0,56.0,121.0
876.0,249.0,56.0,121.0
876.0,249.0,56.0,122.0
876.0,249.0,56.0,122.0
877.0,249.0,56.0,122.0
876.0,249.0,57.0,122.0
876.0,249.0,57.0,122.0
876.0,249.0,58.0,122.0
876.0,249.0,58.0,122.0
876.0,249.0,58.0,122.0
875.0,248.0,58.0,122.0
875.0,248.0,57.0,122.0
875.0,248.0,57.0,122.0
874.0,248.0,57.0,122.0
874.0,248.0,56.0,122.0
874.0,248.0,56.0,122.0
874.0,248.0,56.0,122.0
874.0,248.0,56.0,122.0
874.0,248.0,56.0,122.0
874.0,248.0,56.0,122.0
874.0,248.0,55.0,122.0
873.0,248.0,55.0,122.0
873.0,247.0,55.0,122.0
873.0,247.0,54.0,122.0
873.0,248.0,54.0,122.0
873.0,248.0,54.0,122.0
873.0,248.0,54.0,122.0
872.0,248.0,54.0,121.0
872.0,248.0,54.0,121.0
872.0,248.0,54.0,121.0
871.0,248.0,54.0,121.0
871.0,249.0,53.0,119.0
871.0,249.0,53.0,119.0
870.0,249.0,53.0,119.0
870.0,249.0,53.0,119.0
869.0,249.0,53.0,119.0
869.0,250.0,52.0,117.0
869.0,250.0,52.0,117.0
869.0,250.0,52.0,117.0
869.0,250.0,52.0,117.0
869.0,250.0,52.0,117.0
869.0,249.0,52.0,117.0
869.0,249.0,52.0,117.0
869.0,249.0,52.0,117.0
869.0,249.0,52.0,117.0
869.0,250.0,51.0,116.0
869.0,249.0,52.0,117.0
868.0,250.0,51.0,116.0
868.0,249.0,52.0,118.0
868.0,250.0,51.0,116.0
868.0,250.0,51.0,116.0
868.0,250.0,51.0,116.0
868.0,250.0,51.0,116.0
868.0,250.0,51.0,116.0
868.0,250.0,51.0,116.0
867.0,250.0,52.0,116.0
868.0,250.0,51.0,115.0
867.0,250.0,52.0,116.0
867.0,250.0,52.0,116.0
867.0,250.0,52.0,116.0
867.0,250.0,52.0,116.0
867.0,249.0,52.0,116.0
867.0,249.0,52.0,116.0
867.0,249.0,52.0,116.0
867.0,250.0,51.0,115.0
867.0,250.0,51.0,115.0
867.0,249.0,52.0,116.0
867.0,248.0,52.0,116.0
868.0,249.0,51.0,115.0
868.0,249.0,51.0,115.0
869.0,249.0,51.0,115.0
869.0,249.0,51.0,115.0
869.0,248.0,52.0,117.0
869.0,247.0,52.0,117.0
870.0,247.0,52.0,117.0
869.0,247.0,53.0,120.0
869.0,247.0,52.0,117.0
870.0,246.0,53.0,120.0
870.0,247.0,52.0,118.0
870.0,246.0,53.0,122.0
870.0,246.0,52.0,120.0
870.0,246.0,52.0,120.0
870.0,246.0,51.0,119.0
871.0,246.0,50.0,118.0
871.0,246.0,50.0,118.0
871.0,247.0,49.0,118.0
872.0,247.0,49.0,118.0
872.0,246.0,49.0,118.0
872.0,245.0,48.0,118.0
872.0,246.0,48.0,120.0
872.0,246.0,47.0,120.0
871.0,245.0,48.0,121.0
870.0,245.0,48.0,121.0
870.0,246.0,48.0,121.0
869.0,246.0,48.0,121.0
868.0,246.0,48.0,121.0
867.0,246.0,48.0,121.0
867.0,246.0,48.0,121.0
866.0,246.0,49.0,121.0
864.0,245.0,50.0,123.0
863.0,245.0,51.0,123.0
862.0,244.0,52.0,125.0
860.0,245.0,51.0,123.0
858.0,245.0,52.0,125.0
857.0,245.0,52.0,123.0
856.0,245.0,53.0,125.0
855.0,245.0,53.0,125.0
854.0,246.0,52.0,122.0
852.0,246.0,52.0,125.0
851.0,246.0,51.0,124.0
851.0,246.0,50.0,122.0
850.0,247.0,49.0,120.0
850.0,248.0,48.0,119.0
850.0,249.0,47.0,117.0
849.0,250.0,47.0,115.0
847.0,251.0,47.0,115.0
845.0,251.0,47.0,115.0
843.0,250.0,47.0,116.0
841.0,249.0,48.0,118.0
840.0,250.0,48.0,116.0
838.0,249.0,49.0,118.0
836.0,249.0,49.0,118.0
835.0,250.0,49.0,117.0
833.0,249.0,50.0,119.0
832.0,250.0,49.0,117.0
829.0,249.0,49.0,117.0
828.0,250.0,48.0,116.0
827.0,250.0,48.0,114.0
825.0,251.0,48.0,113.0
823.0,252.0,48.0,112.0
822.0,252.0,47.0,111.0
820.0,253.0,47.0,109.0
816.0,253.0,47.0,109.0
815.0,253.0,48.0,109.0
812.0,253.0,50.0,109.0
810.0,253.0,50.0,109.0
808.0,254.0,50.0,109.0
806.0,254.0,51.0,108.0
803.0,252.0,52.0,110.0
800.0,252.0,53.0,110.0
798.0,253.0,53.0,108.0
797.0,252.0,54.0,109.0
793.0,253.0,55.0,109.0
792.0,252.0,55.0,109.0
790.0,253.0,55.0,109.0
788.0,253.0,54.0,107.0
786.0,253.0,54.0,107.0
784.0,254.0,53.0,104.0
783.0,255.0,53.0,103.0
781.0,255.0,52.0,102.0
779.0,256.0,51.0,101.0
777.0,256.0,51.0,101.0
775.0,256.0,51.0,101.0
773.0,257.0,50.0,99.0
770.0,255.0,51.0,101.0
767.0,255.0,52.0,102.0
764.0,255.0,52.0,102.0
761.0,254.0,52.0,103.0
757.0,255.0,52.0,103.0
755.0,254.0,52.0,103.0
752.0,254.0,52.0,104.0
749.0,254.0,52.0,106.0
746.0,254.0,52.0,106.0
742.0,254.0,53.0,107.0
740.0,253.0,52.0,106.0
737.0,254.0,52.0,106.0
735.0,254.0,51.0,104.0
733.0,254.0,52.0,106.0
729.0,253.0,52.0,106.0
727.0,254.0,50.0,104.0
724.0,254.0,51.0,105.0
721.0,254.0,51.0,105.0
719.0,254.0,51.0,105.0
717.0,256.0,49.0,103.0
714.0,256.0,48.0,101.0
710.0,256.0,49.0,103.0
707.0,256.0,49.0,103.0
704.0,255.0,49.0,105.0
700.0,254.0,49.0,106.0
697.0,254.0,49.0,105.0
693.0,254.0,49.0,106.0
690.0,254.0,49.0,106.0
687.0,254.0,49.0,108.0
685.0,253.0,49.0,107.0
681.0,253.0,50.0,108.0
680.0,253.0,50.0,108.0
675.0,253.0,51.0,111.0
672.0,253.0,51.0,111.0
670.0,253.0,52.0,113.0
668.0,253.0,51.0,111.0
665.0,254.0,51.0,111.0
664.0,254.0,50.0,111.0
663.0,255.0,49.0,108.0
660.0,256.0,49.0,108.0
656.0,255.0,49.0,109.0
656.0,255.0,48.0,109.0
653.0,256.0,48.0,109.0
652.0,255.0,48.0,109.0
648.0,255.0,48.0,111.0
647.0,256.0,47.0,109.0
644.0,257.0,47.0,108.0
643.0,256.0,47.0,108.0
641.0,257.0,47.0,107.0
638.0,257.0,47.0,108.0
636.0,258.0,47.0,107.0
634.0,258.0,47.0,108.0
633.0,258.0,48.0,109.0
631.0,258.0,47.0,108.0
628.0,258.0,47.0,108.0
627.0,259.0,47.0,107.0
625.0,259.0,47.0,107.0
623.0,260.0,47.0,106.0
622.0,261.0,47.0,104.0
619.0,262.0,47.0,104.0
617.0,261.0,47.0,104.0
615.0,261.0,47.0,104.0
614.0,262.0,47.0,103.0
611.0,262.0,47.0,104.0
608.0,262.0,48.0,104.0
607.0,262.0,48.0,104.0
605.0,263.0,49.0,106.0
604.0,263.0,48.0,104.0
602.0,263.0,49.0,106.0
598.0,263.0,49.0,107.0
597.0,263.0,49.0,107.0
595.0,263.0,50.0,109.0
594.0,263.0,49.0,109.0
592.0,263.0,49.0,109.0
590.0,263.0,49.0,109.0
589.0,264.0,49.0,108.0
586.0,264.0,49.0,110.0
585.0,264.0,49.0,110.0
583.0,264.0,50.0,111.0
581.0,264.0,50.0,112.0
579.0,264.0,51.0,113.0
578.0,264.0,50.0,113.0
576.0,264.0,51.0,114.0
575.0,265.0,51.0,114.0
573.0,264.0,52.0,117.0
570.0,264.0,52.0,117.0
569.0,264.0,52.0,117.0
567.0,264.0,53.0,117.0
565.0,265.0,53.0,117.0
563.0,265.0,54.0,118.0
561.0,264.0,55.0,120.0
560.0,263.0,57.0,124.0
558.0,263.0,57.0,124.0
556.0,264.0,58.0,124.0
555.0,263.0,58.0,126.0
554.0,263.0,58.0,126.0
554.0,264.0,57.0,126.0
553.0,264.0,58.0,127.0
553.0,264.0,58.0,129.0
554.0,265.0,58.0,129.0
555.0,264.0,59.0,131.0
555.0,263.0,60.0,133.0
556.0,263.0,60.0,132.0
556.0,264.0,60.0,132.0
557.0,264.0,59.0,131.0
559.0,264.0,59.0,131.0
560.0,265.0,59.0,130.0
561.0,265.0,60.0,132.0
561.0,265.0,60.0,132.0
563.0,265.0,59.0,132.0
564.0,265.0,59.0,132.0
566.0,265.0,59.0,132.0
567.0,264.0,60.0,133.0
568.0,264.0,60.0,136.0
568.0,264.0,61.0,137.0
568.0,264.0,61.0,137.0
569.0,262.0,63.0,142.0
570.0,263.0,63.0,142.0
570.0,262.0,64.0,143.0
572.0,262.0,64.0,143.0
572.0,262.0,65.0,146.0
573.0,262.0,65.0,147.0
573.0,261.0,67.0,148.0
575.0,261.0,67.0,148.0
576.0,261.0,68.0,149.0
576.0,261.0,68.0,149.0
576.0,261.0,68.0,149.0
578.0,261.0,70.0,151.0
578.0,261.0,70.0,151.0
578.0,261.0,71.0,151.0
579.0,261.0,71.0,152.0
579.0,261.0,71.0,152.0
580.0,262.0,70.0,152.0
580.0,262.0,70.0,152.0
580.0,261.0,70.0,152.0
581.0,261.0,70.0,153.0
581.0,261.0,70.0,153.0
581.0,261.0,70.0,153.0
581.0,262.0,69.0,153.0
582.0,262.0,69.0,153.0
582.0,263.0,69.0,153.0
582.0,263.0,68.0,154.0
582.0,263.0,68.0,154.0
582.0,264.0,68.0,154.0
582.0,264.0,68.0,154.0
583.0,264.0,69.0,154.0
582.0,265.0,69.0,154.0
582.0,265.0,69.0,154.0
582.0,265.0,70.0,154.0
581.0,266.0,70.0,154.0
580.0,266.0,71.0,156.0
581.0,265.0,71.0,156.0
580.0,265.0,71.0,156.0
580.0,265.0,71.0,156.0
581.0,267.0,71.0,154.0
578.0,266.0,72.0,156.0
579.0,266.0,71.0,156.0
578.0,266.0,71.0,156.0
578.0,267.0,70.0,153.0
575.0,267.0,70.0,153.0
576.0,269.0,69.0,150.0
572.0,268.0,70.0,153.0
572.0,269.0,69.0,150.0
570.0,270.0,69.0,150.0
569.0,271.0,68.0,149.0
568.0,272.0,67.0,146.0
564.0,272.0,67.0,146.0
564.0,273.0,65.0,143.0
563.0,274.0,64.0,140.0
562.0,276.0,62.0,136.0
561.0,278.0,60.0,133.0
560.0,278.0,59.0,131.0
558.0,279.0,58.0,130.0
556.0,279.0,59.0,130.0
555.0,280.0,58.0,130.0
553.0,281.0,57.0,128.0
552.0,282.0,57.0,128.0
551.0,282.0,57.0,128.0
549.0,282.0,57.0,128.0
548.0,283.0,57.0,129.0
546.0,283.0,57.0,129.0
545.0,284.0,57.0,129.0
544.0,284.0,57.0,129.0
543.0,284.0,57.0,129.0
541.0,285.0,56.0,128.0
539.0,286.0,56.0,128.0
538.0,287.0,56.0,126.0
536.0,288.0,56.0,126.0
535.0,288.0,56.0,128.0
534.0,288.0,56.0,128.0
532.0,288.0,56.0,128.0
530.0,290.0,55.0,127.0
529.0,290.0,55.0,127.0
525.0,290.0,56.0,129.0
524.0,290.0,57.0,129.0
522.0,290.0,57.0,129.0
520.0,290.0,58.0,130.0
519.0,290.0,58.0,130.0
517.0,291.0,59.0,130.0
514.0,291.0,60.0,132.0
512.0,291.0,61.0,134.0
510.0,291.0,61.0,134.0
508.0,292.0,61.0,134.0
506.0,291.0,61.0,136.0
505.0,291.0,61.0,136.0
503.0,292.0,61.0,136.0
502.0,293.0,61.0,134.0
500.0,294.0,60.0,134.0
497.0,294.0,61.0,136.0
496.0,294.0,61.0,136.0
495.0,295.0,61.0,136.0
493.0,296.0,60.0,133.0
492.0,297.0,60.0,133.0
489.0,296.0,60.0,136.0
488.0,297.0,60.0,133.0
485.0,296.0,62.0,137.0
484.0,297.0,60.0,136.0
483.0,299.0,60.0,133.0
481.0,299.0,60.0,136.0
478.0,300.0,59.0,133.0
477.0,300.0,59.0,133.0
475.0,301.0,59.0,133.0
473.0,301.0,59.0,134.0
471.0,301.0,60.0,135.0
470.0,301.0,60.0,136.0
468.0,302.0,60.0,136.0
466.0,303.0,60.0,135.0
464.0,302.0,60.0,137.0
464.0,303.0,60.0,135.0
462.0,302.0,60.0,137.0
460.0,303.0,60.0,137.0
458.0,304.0,59.0,135.0
456.0,304.0,59.0,135.0
454.0,305.0,58.0,135.0
452.0,305.0,58.0,134.0
451.0,308.0,55.0,130.0
448.0,308.0,56.0,131.0
446.0,308.0,56.0,131.0
446.0,309.0,54.0,128.0
443.0,309.0,54.0,128.0
442.0,309.0,54.0,128.0
440.0,310.0,53.0,125.0
439.0,311.0,53.0,124.0
437.0,311.0,53.0,124.0
435.0,311.0,53.0,125.0
433.0,311.0,53.0,125.0
431.0,312.0,52.0,123.0
430.0,312.0,53.0,125.0
428.0,311.0,54.0,126.0
426.0,311.0,55.0,126.0
424.0,311.0,56.0,127.0
423.0,312.0,55.0,125.0
422.0,312.0,56.0,125.0
420.0,311.0,57.0,126.0
419.0,311.0,59.0,126.0
417.0,311.0,58.0,123.0
415.0,310.0,59.0,126.0
414.0,310.0,60.0,125.0
413.0,310.0,61.0,123.0
412.0,310.0,62.0,124.0
411.0,311.0,61.0,122.0
409.0,310.0,62.0,123.0
407.0,310.0,64.0,123.0
407.0,311.0,64.0,120.0
405.0,311.0,64.0,120.0
404.0,310.0,65.0,122.0
404.0,309.0,64.0,120.0
404.0,308.0,65.0,121.0
405.0,308.0,64.0,121.0
406.0,307.0,63.0,119.0
406.0,306.0,62.0,118.0
406.0,306.0,61.0,118.0
405.0,305.0,62.0,120.0
404.0,305.0,63.0,119.0
404.0,306.0,63.0,117.0
403.0,305.0,63.0,117.0
402.0,305.0,63.0,118.0
400.0,305.0,63.0,119.0
400.0,306.0,63.0,117.0
398.0,305.0,63.0,118.0
397.0,304.0,64.0,120.0
397.0,305.0,63.0,119.0
395.0,304.0,63.0,121.0
394.0,304.0,63.0,121.0
394.0,305.0,61.0,119.0
393.0,305.0,61.0,120.0
393.0,305.0,60.0,120.0
392.0,305.0,60.0,120.0
390.0,305.0,59.0,120.0
389.0,305.0,60.0,122.0
388.0,305.0,60.0,122.0
388.0,306.0,60.0,121.0
386.0,306.0,60.0,121.0
385.0,306.0,60.0,121.0
385.0,307.0,60.0,121.0
384.0,307.0,60.0,120.0
383.0,307.0,60.0,120.0
380.0,307.0,60.0,121.0
380.0,307.0,60.0,121.0
379.0,308.0,60.0,121.0
377.0,306.0,61.0,124.0
375.0,307.0,61.0,124.0
373.0,307.0,61.0,124.0
370.0,306.0,62.0,127.0
368.0,306.0,62.0,127.0
367.0,307.0,62.0,127.0
365.0,308.0,62.0,128.0
362.0,305.0,64.0,132.0
359.0,305.0,64.0,133.0
358.0,306.0,64.0,133.0
355.0,305.0,65.0,136.0
353.0,305.0,66.0,136.0
350.0,305.0,67.0,137.0
348.0,304.0,67.0,139.0
346.0,305.0,67.0,137.0
344.0,306.0,67.0,137.0
343.0,305.0,68.0,139.0
340.0,305.0,69.0,139.0
337.0,305.0,70.0,142.0
336.0,305.0,70.0,142.0
334.0,305.0,70.0,142.0
332.0,305.0,70.0,142.0
331.0,306.0,69.0,139.0
328.0,306.0,69.0,139.0
327.0,308.0,68.0,137.0
324.0,306.0,69.0,139.0
323.0,309.0,67.0,136.0
320.0,309.0,67.0,136.0
318.0,309.0,67.0,136.0
317.0,310.0,66.0,135.0
315.0,310.0,66.0,135.0
312.0,311.0,65.0,133.0
310.0,312.0,65.0,132.0
307.0,312.0,65.0,133.0
306.0,312.0,64.0,132.0
304.0,313.0,63.0,130.0
302.0,313.0,63.0,132.0
300.0,313.0,62.0,130.0
297.0,313.0,62.0,132.0
296.0,314.0,61.0,130.0
294.0,314.0,61.0,132.0
292.0,314.0,60.0,132.0
289.0,315.0,60.0,132.0
287.0,315.0,60.0,134.0
286.0,315.0,59.0,132.0
284.0,316.0,59.0,132.0
281.0,316.0,59.0,132.0
277.0,317.0,60.0,134.0
272.0,317.0,61.0,134.0
269.0,318.0,62.0,133.0
265.0,318.0,64.0,136.0
263.0,320.0,63.0,133.0
259.0,320.0,65.0,135.0
257.0,321.0,66.0,135.0
254.0,322.0,67.0,135.0
255.0,321.0,67.0,135.0
255.0,321.0,67.0,135.0
255.0,321.0,68.0,137.0
256.0,321.0,68.0,137.0
258.0,318.0,69.0,141.0
259.0,319.0,69.0,141.0
260.0,319.0,69.0,141.0
262.0,319.0,69.0,141.0
263.0,317.0,71.0,146.0
264.0,317.0,71.0,146.0
266.0,317.0,71.0,146.0
267.0,317.0,72.0,146.0
269.0,317.0,72.0,147.0
271.0,318.0,71.0,146.0
274.0,318.0,71.0,146.0
275.0,318.0,71.0,146.0
277.0,318.0,72.0,146.0
278.0,319.0,71.0,144.0
279.0,318.0,72.0,143.0
282.0,319.0,72.0,141.0
285.0,320.0,72.0,139.0
286.0,320.0,71.0,136.0
288.0,321.0,71.0,133.0
289.0,323.0,71.0,131.0
291.0,323.0,72.0,131.0
291.0,322.0,73.0,131.0
292.0,322.0,73.0,131.0
292.0,321.0,76.0,135.0
292.0,321.0,76.0,135.0
293.0,322.0,77.0,135.0
293.0,322.0,78.0,136.0
294.0,321.0,80.0,139.0
296.0,320.0,81.0,140.0
297.0,321.0,81.0,140.0
298.0,321.0,82.0,140.0
300.0,320.0,81.0,141.0
303.0,321.0,80.0,141.0
305.0,321.0,79.0,141.0
307.0,319.0,80.0,146.0
311.0,320.0,78.0,144.0
314.0,319.0,77.0,146.0
315.0,318.0,76.0,147.0
318.0,318.0,75.0,147.0
321.0,318.0,74.0,147.0
325.0,319.0,72.0,146.0
328.0,318.0,72.0,148.0
330.0,318.0,70.0,149.0
333.0,318.0,69.0,149.0
335.0,318.0,68.0,149.0
338.0,318.0,67.0,149.0
340.0,319.0,67.0,149.0
341.0,316.0,69.0,153.0
343.0,315.0,70.0,155.0
345.0,315.0,70.0,154.0
347.0,314.0,71.0,157.0
348.0,313.0,71.0,159.0
350.0,313.0,71.0,158.0
352.0,313.0,71.0,158.0
353.0,312.0,73.0,161.0
356.0,311.0,73.0,161.0
358.0,311.0,73.0,161.0
359.0,310.0,74.0,162.0
362.0,311.0,73.0,161.0
364.0,311.0,73.0,160.0
366.0,309.0,74.0,162.0
368.0,310.0,73.0,161.0
370.0,310.0,73.0,160.0
373.0,310.0,73.0,160.0
374.0,309.0,74.0,162.0
377.0,310.0,73.0,160.0
378.0,309.0,74.0,162.0
380.0,309.0,74.0,162.0
383.0,310.0,73.0,160.0
384.0,309.0,74.0,162.0
387.0,310.0,73.0,160.0
389.0,311.0,73.0,160.0
391.0,309.0,74.0,162.0
393.0,309.0,73.0,162.0
394.0,308.0,74.0,164.0
397.0,308.0,74.0,164.0
399.0,308.0,75.0,167.0
400.0,307.0,75.0,167.0
402.0,308.0,75.0,167.0
404.0,308.0,75.0,167.0
406.0,308.0,75.0,167.0
408.0,308.0,75.0,167.0
410.0,307.0,77.0,170.0
413.0,308.0,75.0,167.0
415.0,307.0,77.0,170.0
417.0,307.0,79.0,172.0
419.0,307.0,78.0,172.0
422.0,307.0,79.0,172.0
425.0,307.0,79.0,173.0
427.0,306.0,79.0,173.0
430.0,307.0,79.0,173.0
434.0,307.0,78.0,173.0
437.0,306.0,78.0,173.0
440.0,307.0,78.0,173.0
443.0,307.0,78.0,173.0
445.0,307.0,78.0,173.0
451.0,308.0,77.0,171.0
452.0,308.0,78.0,173.0
455.0,307.0,78.0,173.0
459.0,307.0,77.0,173.0
462.0,307.0,77.0,173.0
465.0,307.0,77.0,173.0
469.0,307.0,77.0,173.0
471.0,306.0,78.0,176.0
476.0,306.0,78.0,176.0
479.0,307.0,77.0,176.0
484.0,308.0,76.0,172.0
486.0,306.0,78.0,176.0
491.0,308.0,78.0,172.0
492.0,308.0,79.0,172.0
497.0,309.0,79.0,172.0
500.0,308.0,80.0,172.0
504.0,308.0,80.0,172.0
508.0,309.0,81.0,172.0
512.0,310.0,80.0,169.0
519.0,310.0,79.0,169.0
520.0,310.0,80.0,172.0
523.0,310.0,79.0,172.0
527.0,310.0,79.0,172.0
531.0,311.0,79.0,172.0
533.0,309.0,80.0,176.0
537.0,311.0,79.0,172.0
538.0,309.0,79.0,176.0
541.0,310.0,79.0,176.0
544.0,311.0,78.0,176.0
547.0,311.0,78.0,176.0
548.0,310.0,78.0,176.0
551.0,311.0,78.0,176.0
553.0,311.0,78.0,176.0
556.0,312.0,78.0,175.0
558.0,312.0,78.0,175.0
560.0,313.0,78.0,175.0
562.0,313.0,78.0,175.0
564.0,312.0,79.0,178.0
567.0,312.0,80.0,178.0
569.0,312.0,80.0,178.0
571.0,313.0,80.0,178.0
574.0,313.0,80.0,178.0
577.0,313.0,80.0,178.0
580.0,315.0,79.0,176.0
581.0,313.0,81.0,178.0
