1120, 364, 89, 164
1119, 363, 89, 164
1118, 365, 87, 161
1116, 364, 87, 161
1114, 365, 86, 158
1111, 362, 87, 161
1109, 362, 87, 161
1109, 362, 86, 158
1107, 363, 84, 155
1106, 362, 86, 158
1104, 366, 84, 155
1105, 370, 81, 149
1102, 371, 81, 149
1101, 373, 81, 149
1097, 373, 81, 149
1097, 376, 81, 149
1095, 379, 79, 146
1093, 381, 79, 146
1090, 381, 79, 146
1088, 383, 79, 146
1085, 383, 79, 146
1080, 382, 81, 149
1077, 382, 82, 152
1074, 383, 82, 152
1073, 388, 79, 146
1070, 389, 79, 146
1065, 389, 81, 149
1059, 392, 81, 149
1058, 394, 79, 146
1053, 396, 79, 146
1050, 398, 77, 143
1047, 396, 81, 149
1044, 397, 82, 152
1040, 397, 82, 152
1039, 397, 82, 152
1036, 398, 82, 152
1031, 398, 84, 155
1029, 400, 84, 155
1026, 402, 84, 155
1022, 406, 82, 152
1017, 408, 82, 152
1014, 410, 81, 149
1010, 412, 81, 149
1007, 415, 79, 146
1002, 417, 79, 146
998, 418, 79, 146
995, 420, 79, 146
989, 422, 77, 143
984, 421, 77, 143
976, 418, 81, 149
971, 419, 81, 149
967, 421, 79, 146
961, 422, 79, 146
956, 425, 77, 143
951, 428, 77, 143
945, 428, 77, 143
938, 429, 77, 143
930, 427, 81, 149
924, 428, 81, 149
919, 426, 82, 152
914, 427, 81, 149
911, 426, 81, 149
904, 423, 81, 149
899, 425, 79, 146
892, 424, 77, 143
885, 422, 76, 140
880, 420, 76, 140
873, 418, 76, 140
868, 416, 74, 137
860, 413, 74, 137
852, 411, 74, 137
845, 410, 74, 137
839, 407, 74, 137
833, 406, 74, 137
827, 404, 74, 137
822, 403, 74, 137
819, 400, 73, 135
811, 400, 73, 135
805, 399, 73, 135
798, 397, 73, 135
792, 395, 73, 135
786, 394, 73, 135
779, 393, 73, 135
772, 391, 74, 137
765, 390, 76, 140
759, 390, 74, 137
754, 389, 74, 137
749, 388, 74, 137
743, 384, 76, 140
738, 380, 77, 143
732, 378, 77, 143
725, 375, 77, 143
719, 373, 77, 143
715, 372, 76, 140
710, 371, 76, 140
706, 371, 74, 137
700, 369, 74, 137
694, 366, 74, 137
689, 363, 74, 137
683, 362, 74, 137
677, 358, 74, 137
673, 357, 74, 137
669, 354, 74, 137
666, 350, 74, 137
661, 349, 74, 137
660, 346, 73, 135
655, 344, 72, 132
653, 342, 72, 132
649, 338, 72, 132
645, 336, 72, 132
642, 335, 70, 129
637, 330, 70, 129
633, 329, 70, 129
629, 325, 70, 129
627, 323, 70, 129
623, 318, 70, 129
621, 316, 70, 129
619, 313, 69, 127
616, 309, 69, 127
614, 306, 69, 127
612, 302, 69, 127
609, 301, 69, 127
606, 299, 69, 127
604, 297, 69, 127
601, 295, 69, 127
599, 294, 69, 127
597, 292, 69, 127
595, 293, 67, 124
593, 292, 67, 124
591, 291, 67, 124
589, 290, 67, 124
587, 288, 67, 124
585, 286, 67, 124
583, 285, 67, 124
582, 284, 67, 124
581, 283, 67, 124
578, 281, 69, 127
577, 281, 69, 127
575, 280, 69, 127
575, 280, 69, 127
572, 279, 69, 127
572, 279, 69, 127
570, 279, 69, 127
569, 279, 67, 124
568, 280, 67, 124
566, 279, 67, 124
564, 279, 67, 124
563, 279, 67, 124
561, 279, 67, 124
560, 278, 67, 124
558, 278, 67, 124
556, 277, 67, 124
554, 276, 67, 124
553, 275, 67, 124
552, 275, 67, 124
550, 275, 67, 124
549, 274, 67, 124
549, 274, 67, 124
547, 274, 67, 124
546, 274, 67, 124
545, 274, 67, 124
544, 274, 67, 124
543, 274, 67, 124
542, 273, 67, 124
540, 272, 67, 124
539, 271, 67, 124
539, 270, 67, 124
538, 270, 67, 124
538, 270, 67, 124
537, 269, 67, 124
537, 270, 67, 124
537, 270, 67, 124
537, 271, 67, 124
537, 271, 67, 124
538, 271, 67, 124
538, 274, 66, 122
538, 275, 66, 122
539, 276, 66, 122
539, 278, 66, 122
541, 281, 65, 119
542, 283, 64, 117
543, 284, 64, 117
543, 286, 64, 117
543, 288, 64, 117
544, 290, 64, 117
545, 292, 64, 117
545, 293, 65, 119
545, 295, 65, 119
544, 298, 66, 122
545, 302, 66, 122
545, 306, 66, 122
545, 309, 66, 122
545, 311, 67, 124
546, 315, 67, 124
547, 319, 67, 124
550, 321, 67, 124
556, 323, 69, 127
563, 325, 69, 127
572, 329, 69, 127
583, 333, 69, 127
590, 338, 69, 127
593, 344, 69, 127
594, 351, 69, 127
594, 356, 69, 127
596, 361, 69, 127
597, 364, 69, 127
599, 368, 69, 127
601, 373, 69, 127
602, 376, 69, 127
604, 379, 69, 127
605, 381, 69, 127
607, 384, 69, 127
608, 386, 69, 127
610, 390, 69, 127
611, 392, 70, 129
612, 396, 72, 132
612, 400, 73, 135
613, 404, 74, 137
615, 407, 74, 137
617, 411, 73, 135
618, 414, 73, 135
619, 415, 74, 137
620, 419, 74, 137
622, 420, 74, 137
623, 422, 74, 137
626, 423, 74, 137
628, 425, 74, 137
631, 429, 73, 135
632, 430, 73, 135
635, 433, 73, 135
637, 435, 73, 135
639, 437, 73, 135
642, 440, 73, 135
645, 441, 73, 135
648, 443, 73, 135
650, 444, 74, 137
653, 446, 74, 137
656, 448, 74, 137
658, 449, 74, 137
662, 450, 74, 137
665, 452, 74, 137
670, 452, 74, 137
675, 454, 74, 137
679, 456, 74, 137
680, 460, 74, 137
683, 463, 74, 137
685, 465, 74, 137
687, 467, 74, 137
689, 468, 74, 137
691, 470, 74, 137
693, 471, 74, 137
694, 473, 74, 137
698, 474, 74, 137
699, 474, 76, 140
701, 476, 76, 140
703, 475, 77, 143
704, 477, 77, 143
705, 477, 79, 146
707, 477, 81, 149
708, 479, 82, 152
710, 481, 82, 152
711, 483, 82, 152
714, 484, 82, 152
715, 486, 82, 152
717, 487, 82, 152
719, 490, 81, 149
722, 492, 81, 149
723, 492, 81, 149
723, 494, 81, 149
724, 495, 81, 149
725, 496, 81, 149
725, 496, 81, 149
726, 497, 81, 149
726, 496, 81, 149
726, 496, 81, 149
726, 495, 81, 149
725, 493, 82, 152
725, 492, 82, 152
725, 491, 82, 152
724, 490, 82, 152
724, 489, 82, 152
724, 488, 82, 152
723, 488, 82, 152
723, 488, 82, 152
722, 488, 82, 152
722, 488, 82, 152
722, 487, 82, 152
722, 487, 82, 152
721, 486, 82, 152
720, 485, 82, 152
720, 485, 82, 152
720, 486, 81, 149
719, 486, 81, 149
720, 485, 81, 149
719, 485, 81, 149
718, 484, 81, 149
718, 484, 81, 149
717, 483, 81, 149
717, 482, 81, 149
717, 482, 81, 149
716, 481, 81, 149
716, 480, 81, 149
715, 479, 81, 149
715, 479, 81, 149
715, 478, 81, 149
714, 477, 81, 149
714, 477, 81, 149
715, 477, 79, 146
714, 476, 79, 146
714, 475, 79, 146
713, 474, 79, 146
715, 474, 77, 143
714, 473, 77, 143
713, 474, 76, 140
713, 473, 76, 140
712, 472, 76, 140
711, 471, 76, 140
710, 468, 77, 143
708, 467, 77, 143
707, 466, 77, 143
706, 464, 77, 143
704, 462, 79, 146
703, 460, 79, 146
702, 459, 79, 146
701, 457, 79, 146
701, 455, 79, 146
699, 452, 81, 149
698, 451, 81, 149
696, 450, 81, 149
693, 448, 81, 149
690, 446, 81, 149
688, 445, 81, 149
685, 443, 81, 149
684, 443, 79, 146
680, 442, 77, 143
679, 441, 77, 143
675, 439, 77, 143
673, 437, 79, 146
671, 437, 79, 146
670, 436, 79, 146
668, 434, 79, 146
667, 433, 79, 146
664, 431, 81, 149
662, 432, 81, 149
661, 431, 81, 149
659, 431, 81, 149
658, 430, 81, 149
655, 430, 81, 149
653, 429, 81, 149
651, 427, 81, 149
649, 427, 81, 149
647, 428, 79, 146
646, 426, 79, 146
645, 425, 79, 146
642, 424, 79, 146
640, 424, 79, 146
639, 423, 79, 146
638, 424, 77, 143
635, 424, 77, 143
634, 423, 77, 143
631, 422, 77, 143
630, 422, 77, 143
629, 421, 77, 143
628, 419, 79, 146
627, 419, 79, 146
627, 421, 77, 143
627, 420, 77, 143
626, 419, 77, 143
626, 419, 77, 143
626, 417, 79, 146
625, 417, 79, 146
624, 417, 79, 146
624, 416, 79, 146
624, 416, 79, 146
624, 415, 79, 146
623, 415, 79, 146
622, 415, 79, 146
623, 414, 79, 146
622, 414, 79, 146
622, 413, 79, 146
623, 413, 79, 146
623, 412, 79, 146
623, 412, 79, 146
625, 410, 79, 146
625, 409, 79, 146
626, 407, 81, 149
628, 407, 81, 149
629, 404, 82, 152
629, 402, 82, 152
632, 403, 81, 149
633, 402, 81, 149
634, 402, 81, 149
635, 400, 81, 149
636, 398, 81, 149
637, 396, 81, 149
638, 394, 81, 149
638, 392, 81, 149
639, 391, 81, 149
639, 388, 81, 149
638, 385, 81, 149
638, 382, 81, 149
639, 378, 81, 149
638, 375, 81, 149
640, 372, 79, 146
641, 368, 77, 143
642, 367, 77, 143
643, 366, 76, 140
643, 366, 76, 140
643, 366, 76, 140
644, 366, 76, 140
645, 366, 76, 140
647, 365, 74, 137
648, 363, 74, 137
649, 360, 74, 137
649, 358, 74, 137
651, 358, 73, 135
651, 356, 73, 135
652, 353, 73, 135
653, 351, 73, 135
653, 350, 73, 135
653, 347, 73, 135
654, 346, 72, 132
654, 343, 72, 132
654, 340, 72, 132
654, 337, 72, 132
653, 334, 72, 132
653, 331, 72, 132
654, 328, 72, 132
654, 327, 70, 129
653, 324, 70, 129
653, 324, 70, 129
653, 327, 69, 127
654, 328, 69, 127
653, 327, 69, 127
652, 328, 67, 124
649, 327, 66, 122
647, 324, 66, 122
643, 320, 66, 122
637, 318, 66, 122
633, 315, 66, 122
627, 314, 65, 119
623, 310, 65, 119
620, 308, 65, 119
616, 308, 65, 119
610, 307, 65, 119
606, 305, 65, 119
599, 303, 65, 119
591, 301, 65, 119
585, 300, 65, 119
578, 300, 65, 119
569, 300, 65, 119
566, 300, 65, 119
564, 300, 65, 119
560, 300, 65, 119
554, 299, 65, 119
551, 298, 65, 119
544, 296, 65, 119
538, 296, 64, 117
532, 295, 64, 117
527, 292, 64, 117
522, 286, 64, 117
520, 279, 64, 117
517, 272, 64, 117
514, 265, 64, 117
511, 261, 64, 117
508, 256, 64, 117
504, 251, 64, 117
503, 249, 64, 117
500, 246, 64, 117
497, 245, 64, 117
495, 243, 64, 117
493, 243, 64, 117
492, 242, 64, 117
490, 243, 64, 117
488, 243, 64, 117
486, 242, 65, 119
484, 244, 65, 119
482, 244, 66, 122
481, 247, 66, 122
478, 251, 66, 122
477, 254, 66, 122
476, 251, 66, 122
477, 252, 65, 119
476, 251, 65, 119
476, 250, 65, 119
477, 248, 65, 119
478, 246, 65, 119
478, 245, 65, 119
478, 243, 65, 119
478, 242, 65, 119
479, 242, 65, 119
480, 241, 65, 119
480, 241, 65, 119
480, 242, 65, 119
481, 242, 65, 119
481, 243, 65, 119
481, 243, 65, 119
481, 242, 65, 119
481, 241, 65, 119
480, 240, 65, 119
481, 239, 65, 119
481, 238, 65, 119
481, 237, 65, 119
482, 237, 64, 117
483, 237, 64, 117
483, 238, 64, 117
483, 237, 64, 117
483, 238, 64, 117
483, 238, 64, 117
484, 238, 64, 117
484, 238, 64, 117
485, 238, 64, 117
485, 237, 64, 117
487, 237, 62, 115
487, 237, 62, 115
486, 236, 64, 117
487, 236, 64, 117
486, 236, 64, 117
486, 236, 64, 117
487, 236, 64, 117
487, 236, 64, 117
486, 235, 64, 117
486, 234, 64, 117
486, 235, 64, 117
481, 240, 64, 117
481, 240, 64, 117
481, 240, 64, 117
480, 241, 64, 117
480, 241, 64, 117
480, 242, 64, 117
481, 242, 64, 117
481, 242, 64, 117
482, 242, 64, 117
482, 242, 64, 117
482, 242, 64, 117
482, 243, 62, 115
481, 243, 62, 115
482, 244, 61, 113
480, 243, 61, 113
479, 243, 61, 113
479, 242, 61, 113
478, 242, 61, 113
483, 242, 61, 113
485, 243, 61, 113
485, 242, 61, 113
486, 242, 61, 113
487, 243, 61, 113
486, 242, 61, 113
487, 243, 61, 113
488, 243, 61, 113
488, 243, 61, 113
490, 242, 61, 113
491, 243, 61, 113
492, 243, 61, 113
492, 243, 61, 113
492, 243, 61, 113
490, 243, 61, 113
488, 243, 61, 113
487, 242, 61, 113
487, 243, 61, 113
487, 243, 61, 113
488, 242, 61, 113
488, 243, 61, 113
488, 242, 61, 113
489, 242, 61, 113
489, 243, 61, 113
488, 242, 61, 113
487, 242, 61, 113
487, 242, 61, 113
487, 242, 61, 113
487, 243, 61, 113
486, 242, 61, 113
487, 243, 61, 113
486, 242, 61, 113
486, 243, 61, 113
486, 243, 61, 113
486, 243, 61, 113
486, 243, 61, 113
486, 243, 61, 113
486, 243, 61, 113
486, 242, 61, 113
