786.0, 243.0, 48.0, 74.0
786.0, 243.0, 48.0, 74.0
786.0, 243.0, 48.0, 74.0
786.0, 245.0, 48.0, 74.0
786.0, 245.0, 48.0, 74.0
786.0, 245.0, 48.0, 74.0
786.0, 247.0, 48.0, 74.0
786.0, 247.0, 48.0, 74.0
786.0, 247.0, 48.0, 74.0
786.0, 247.0, 48.0, 74.0
786.0, 247.0, 48.0, 74.0
786.0, 247.0, 48.0, 74.0
786.0, 247.0, 48.0, 74.0
786.0, 247.0, 48.0, 74.0
786.0, 249.0, 48.0, 74.0
784.0, 249.0, 48.0, 74.0
784.0, 249.0, 48.0, 74.0
784.0, 251.0, 48.0, 74.0
782.0, 251.0, 48.0, 74.0
782.0, 251.0, 48.0, 74.0
780.0, 251.0, 48.0, 74.0
780.0, 251.0, 48.0, 74.0
780.0, 251.0, 48.0, 74.0
778.0, 251.0, 48.0, 74.0
778.0, 253.0, 48.0, 74.0
776.0, 253.0, 48.0, 74.0
776.0, 253.0, 48.0, 74.0
774.0, 255.0, 48.0, 74.0
774.0, 255.0, 48.0, 74.0
774.0, 257.0, 48.0, 74.0
772.0, 257.0, 48.0, 74.0
772.0, 257.0, 48.0, 74.0
772.0, 257.0, 48.0, 74.0
770.0, 257.0, 48.0, 74.0
770.0, 257.0, 48.0, 74.0
770.0, 257.0, 48.0, 74.0
768.0, 257.0, 48.0, 74.0
768.0, 259.0, 48.0, 74.0
766.0, 259.0, 48.0, 74.0
766.0, 259.0, 48.0, 74.0
764.0, 261.0, 48.0, 74.0
764.0, 261.0, 48.0, 74.0
764.0, 261.0, 48.0, 74.0
762.0, 261.0, 48.0, 74.0
762.0, 263.0, 48.0, 74.0
762.0, 263.0, 48.0, 74.0
760.0, 263.0, 48.0, 74.0
760.0, 263.0, 48.0, 74.0
758.0, 263.0, 48.0, 74.0
758.0, 265.0, 48.0, 74.0
758.0, 265.0, 48.0, 74.0
756.0, 267.0, 48.0, 74.0
756.0, 267.0, 48.0, 74.0
754.0, 269.0, 48.0, 74.0
754.0, 269.0, 48.0, 74.0
754.0, 269.0, 48.0, 74.0
752.0, 269.0, 48.0, 74.0
752.0, 269.0, 48.0, 74.0
752.0, 269.0, 48.0, 74.0
752.0, 269.0, 48.0, 74.0
750.0, 271.0, 48.0, 74.0
750.0, 271.0, 48.0, 74.0
748.0, 271.0, 48.0, 74.0
748.0, 273.0, 48.0, 74.0
746.0, 273.0, 48.0, 74.0
746.0, 275.0, 48.0, 74.0
746.0, 275.0, 48.0, 74.0
744.0, 275.0, 48.0, 74.0
744.0, 275.0, 48.0, 74.0
742.0, 277.0, 48.0, 74.0
742.0, 277.0, 48.0, 74.0
742.0, 277.0, 48.0, 74.0
740.0, 277.0, 48.0, 74.0
740.0, 279.0, 48.0, 74.0
738.0, 279.0, 48.0, 74.0
738.0, 281.0, 48.0, 74.0
736.0, 281.0, 48.0, 74.0
736.0, 283.0, 48.0, 74.0
734.0, 283.0, 48.0, 74.0
732.0, 283.0, 48.0, 74.0
732.0, 285.0, 48.0, 74.0
730.0, 285.0, 48.0, 74.0
730.0, 285.0, 48.0, 74.0
728.0, 287.0, 48.0, 74.0
726.0, 287.0, 48.0, 74.0
726.0, 289.0, 48.0, 74.0
724.0, 291.0, 48.0, 74.0
724.0, 291.0, 48.0, 74.0
722.0, 293.0, 48.0, 74.0
720.0, 295.0, 48.0, 74.0
720.0, 295.0, 48.0, 74.0
718.0, 297.0, 48.0, 74.0
718.0, 297.0, 48.0, 74.0
716.0, 299.0, 48.0, 74.0
716.0, 301.0, 48.0, 74.0
716.0, 301.0, 48.0, 74.0
714.0, 303.0, 48.0, 74.0
714.0, 305.0, 48.0, 74.0
712.0, 307.0, 48.0, 74.0
712.0, 309.0, 48.0, 74.0
710.0, 311.0, 48.0, 74.0
710.0, 311.0, 48.0, 74.0
708.0, 313.0, 48.0, 74.0
708.0, 315.0, 48.0, 74.0
706.0, 317.0, 48.0, 74.0
706.0, 319.0, 48.0, 74.0
706.0, 321.0, 48.0, 74.0
704.0, 323.0, 48.0, 74.0
704.0, 325.0, 48.0, 74.0
704.0, 327.0, 48.0, 74.0
704.0, 329.0, 48.0, 74.0
702.0, 331.0, 48.0, 74.0
702.0, 333.0, 48.0, 74.0
700.0, 335.0, 48.0, 74.0
700.0, 337.0, 48.0, 74.0
698.0, 341.0, 48.0, 74.0
696.0, 343.0, 48.0, 74.0
696.0, 345.0, 48.0, 74.0
694.0, 349.0, 48.0, 74.0
694.0, 351.0, 48.0, 74.0
694.0, 353.0, 48.0, 74.0
692.0, 355.0, 48.0, 74.0
692.0, 357.0, 48.0, 74.0
692.0, 361.0, 48.0, 74.0
690.0, 363.0, 48.0, 74.0
690.0, 365.0, 48.0, 74.0
690.0, 367.0, 48.0, 74.0
690.0, 369.0, 48.0, 74.0
688.0, 373.0, 48.0, 74.0
688.0, 375.0, 48.0, 74.0
688.0, 379.0, 48.0, 74.0
686.0, 381.0, 48.0, 74.0
686.0, 383.0, 48.0, 74.0
686.0, 387.0, 48.0, 74.0
684.0, 389.0, 48.0, 74.0
684.0, 391.0, 48.0, 74.0
684.0, 393.0, 48.0, 74.0
684.0, 395.0, 48.0, 74.0
684.0, 399.0, 48.0, 74.0
684.0, 401.0, 48.0, 74.0
684.0, 403.0, 48.0, 74.0
684.0, 405.0, 48.0, 74.0
684.0, 409.0, 48.0, 74.0
684.0, 411.0, 48.0, 74.0
682.0, 415.0, 48.0, 74.0
680.0, 417.0, 48.0, 74.0
676.0, 419.0, 48.0, 74.0
674.0, 421.0, 48.0, 74.0
668.0, 425.0, 48.0, 74.0
664.0, 427.0, 48.0, 74.0
660.0, 429.0, 48.0, 74.0
656.0, 431.0, 48.0, 74.0
652.0, 433.0, 48.0, 74.0
646.0, 437.0, 48.0, 74.0
640.0, 439.0, 48.0, 74.0
634.0, 441.0, 48.0, 74.0
628.0, 445.0, 48.0, 74.0
622.0, 447.0, 48.0, 74.0
612.0, 451.0, 48.0, 74.0
604.0, 455.0, 48.0, 74.0
596.0, 457.0, 48.0, 74.0
590.0, 461.0, 48.0, 74.0
582.0, 463.0, 48.0, 74.0
574.0, 467.0, 48.0, 74.0
566.0, 471.0, 48.0, 74.0
560.0, 473.0, 48.0, 74.0
554.0, 477.0, 48.0, 74.0
548.0, 479.0, 48.0, 74.0
540.0, 483.0, 48.0, 74.0
534.0, 487.0, 48.0, 74.0
528.0, 491.0, 48.0, 74.0
522.0, 493.0, 48.0, 74.0
516.0, 497.0, 48.0, 74.0
510.0, 501.0, 48.0, 74.0
504.0, 505.0, 48.0, 74.0
500.0, 509.0, 48.0, 74.0
494.0, 513.0, 48.0, 74.0
490.0, 517.0, 48.0, 74.0
486.0, 521.0, 48.0, 74.0
482.0, 525.0, 48.0, 74.0
478.0, 527.0, 48.0, 74.0
474.0, 531.0, 48.0, 74.0
470.0, 535.0, 48.0, 74.0
466.0, 539.0, 48.0, 74.0
462.0, 541.0, 48.0, 74.0
460.0, 545.0, 48.0, 74.0
458.0, 547.0, 48.0, 74.0
454.0, 551.0, 48.0, 74.0
452.0, 555.0, 48.0, 74.0
450.0, 559.0, 48.0, 74.0
448.0, 563.0, 48.0, 74.0
446.0, 567.0, 48.0, 74.0
444.0, 571.0, 48.0, 74.0
440.0, 575.0, 48.0, 74.0
438.0, 577.0, 48.0, 74.0
436.0, 579.0, 48.0, 74.0
434.0, 581.0, 48.0, 74.0
432.0, 585.0, 48.0, 74.0
428.0, 589.0, 48.0, 74.0
428.0, 591.0, 48.0, 74.0
426.0, 595.0, 48.0, 74.0
426.0, 599.0, 48.0, 74.0
424.0, 603.0, 48.0, 74.0
424.0, 607.0, 48.0, 74.0
422.0, 609.0, 48.0, 74.0
422.0, 611.0, 48.0, 74.0
422.0, 613.0, 48.0, 74.0
422.0, 615.0, 48.0, 74.0
422.0, 617.0, 48.0, 74.0
422.0, 619.0, 48.0, 74.0
422.0, 621.0, 48.0, 74.0
422.0, 621.0, 48.0, 74.0
424.0, 623.0, 48.0, 74.0
424.0, 627.0, 48.0, 74.0
424.0, 629.0, 48.0, 74.0
424.0, 631.0, 48.0, 74.0
424.0, 633.0, 48.0, 74.0
424.0, 635.0, 48.0, 74.0
424.0, 637.0, 48.0, 74.0
422.0, 637.0, 48.0, 74.0
420.0, 637.0, 48.0, 74.0
420.0, 639.0, 48.0, 74.0
418.0, 639.0, 48.0, 74.0
416.0, 641.0, 48.0, 74.0
414.0, 643.0, 48.0, 74.0
412.0, 645.0, 48.0, 74.0
412.0, 647.0, 48.0, 74.0
410.0, 649.0, 48.0, 74.0
410.0, 651.0, 48.0, 74.0
408.0, 651.0, 48.0, 74.0
406.0, 651.0, 48.0, 74.0
406.0, 651.0, 48.0, 74.0
404.0, 651.0, 48.0, 74.0
404.0, 651.0, 48.0, 74.0
404.0, 651.0, 48.0, 74.0
402.0, 651.0, 48.0, 74.0
402.0, 651.0, 48.0, 74.0
402.0, 651.0, 48.0, 74.0
402.0, 651.0, 48.0, 74.0
402.0, 651.0, 48.0, 74.0
402.0, 651.0, 48.0, 74.0
402.0, 651.0, 48.0, 74.0
400.0, 651.0, 48.0, 74.0
400.0, 649.0, 48.0, 74.0
400.0, 649.0, 48.0, 74.0
398.0, 647.0, 48.0, 74.0
398.0, 645.0, 48.0, 74.0
398.0, 645.0, 48.0, 74.0
398.0, 645.0, 48.0, 74.0
398.0, 643.0, 48.0, 74.0
398.0, 643.0, 48.0, 74.0
398.0, 643.0, 48.0, 74.0
398.0, 643.0, 48.0, 74.0
398.0, 643.0, 48.0, 74.0
396.0, 641.0, 48.0, 74.0
396.0, 639.0, 48.0, 74.0
396.0, 637.0, 48.0, 74.0
396.0, 635.0, 48.0, 74.0
396.0, 633.0, 48.0, 74.0
396.0, 631.0, 48.0, 74.0
396.0, 631.0, 48.0, 74.0
396.0, 629.0, 48.0, 74.0
394.0, 629.0, 48.0, 74.0
394.0, 629.0, 48.0, 74.0
394.0, 627.0, 48.0, 74.0
392.0, 627.0, 48.0, 74.0
390.0, 625.0, 48.0, 74.0
390.0, 623.0, 48.0, 74.0
388.0, 619.0, 48.0, 74.0
386.0, 617.0, 48.0, 74.0
386.0, 615.0, 48.0, 74.0
384.0, 615.0, 48.0, 74.0
384.0, 613.0, 48.0, 74.0
384.0, 613.0, 48.0, 74.0
382.0, 611.0, 48.0, 74.0
382.0, 611.0, 48.0, 74.0
382.0, 609.0, 48.0, 74.0
382.0, 607.0, 48.0, 74.0
382.0, 605.0, 48.0, 74.0
384.0, 601.0, 48.0, 74.0
384.0, 599.0, 48.0, 74.0
386.0, 597.0, 48.0, 74.0
386.0, 595.0, 48.0, 74.0
388.0, 591.0, 48.0, 74.0
388.0, 589.0, 48.0, 74.0
390.0, 587.0, 48.0, 74.0
392.0, 587.0, 48.0, 74.0
392.0, 585.0, 48.0, 74.0
394.0, 583.0, 48.0, 74.0
396.0, 581.0, 48.0, 74.0
396.0, 579.0, 48.0, 74.0
396.0, 575.0, 48.0, 74.0
398.0, 573.0, 48.0, 74.0
400.0, 569.0, 48.0, 74.0
400.0, 567.0, 48.0, 74.0
402.0, 565.0, 48.0, 74.0
402.0, 563.0, 48.0, 74.0
404.0, 561.0, 48.0, 74.0
404.0, 561.0, 48.0, 74.0
404.0, 559.0, 48.0, 74.0
406.0, 559.0, 48.0, 74.0
406.0, 557.0, 48.0, 74.0
406.0, 557.0, 48.0, 74.0
408.0, 555.0, 48.0, 74.0
408.0, 553.0, 48.0, 74.0
408.0, 549.0, 48.0, 74.0
408.0, 547.0, 48.0, 74.0
408.0, 545.0, 48.0, 74.0
406.0, 541.0, 48.0, 74.0
406.0, 539.0, 48.0, 74.0
404.0, 537.0, 48.0, 74.0
402.0, 537.0, 48.0, 74.0
400.0, 535.0, 48.0, 74.0
398.0, 535.0, 48.0, 74.0
396.0, 535.0, 48.0, 74.0
394.0, 535.0, 48.0, 74.0
392.0, 533.0, 48.0, 74.0
388.0, 533.0, 48.0, 74.0
384.0, 531.0, 48.0, 74.0
382.0, 529.0, 48.0, 74.0
380.0, 527.0, 48.0, 74.0
376.0, 525.0, 48.0, 74.0
374.0, 523.0, 48.0, 74.0
370.0, 521.0, 48.0, 74.0
368.0, 521.0, 48.0, 74.0
364.0, 521.0, 48.0, 74.0
362.0, 521.0, 48.0, 74.0
360.0, 521.0, 48.0, 74.0
356.0, 521.0, 48.0, 74.0
354.0, 521.0, 48.0, 74.0
352.0, 521.0, 48.0, 74.0
350.0, 521.0, 48.0, 74.0
348.0, 519.0, 48.0, 74.0
346.0, 517.0, 48.0, 74.0
344.0, 515.0, 48.0, 74.0
342.0, 513.0, 48.0, 74.0
340.0, 511.0, 48.0, 74.0
340.0, 509.0, 48.0, 74.0
338.0, 505.0, 48.0, 74.0
336.0, 505.0, 48.0, 74.0
334.0, 503.0, 48.0, 74.0
334.0, 503.0, 48.0, 74.0
332.0, 503.0, 48.0, 74.0
330.0, 501.0, 48.0, 74.0
330.0, 501.0, 48.0, 74.0
328.0, 501.0, 48.0, 74.0
328.0, 501.0, 48.0, 74.0
328.0, 499.0, 48.0, 74.0
328.0, 497.0, 48.0, 74.0
328.0, 495.0, 48.0, 74.0
328.0, 493.0, 48.0, 74.0
328.0, 491.0, 48.0, 74.0
328.0, 489.0, 48.0, 74.0
328.0, 487.0, 48.0, 74.0
328.0, 485.0, 48.0, 74.0
328.0, 485.0, 48.0, 74.0
328.0, 485.0, 48.0, 74.0
326.0, 485.0, 48.0, 74.0
326.0, 485.0, 48.0, 74.0
324.0, 483.0, 48.0, 74.0
324.0, 483.0, 48.0, 74.0
322.0, 481.0, 48.0, 74.0
322.0, 479.0, 48.0, 74.0
320.0, 477.0, 48.0, 74.0
318.0, 475.0, 48.0, 74.0
316.0, 473.0, 48.0, 74.0
314.0, 473.0, 48.0, 74.0
312.0, 471.0, 48.0, 74.0
308.0, 471.0, 48.0, 74.0
306.0, 471.0, 48.0, 74.0
302.0, 471.0, 48.0, 74.0
0.0, 0.0, 0.0, 0.0
294.0, 471.0, 48.0, 74.0
288.0, 471.0, 48.0, 74.0
284.0, 469.0, 48.0, 74.0
278.0, 469.0, 48.0, 74.0
272.0, 469.0, 48.0, 74.0
268.0, 469.0, 48.0, 74.0
262.0, 469.0, 48.0, 74.0
256.0, 469.0, 48.0, 74.0
252.0, 469.0, 48.0, 74.0
246.0, 471.0, 48.0, 74.0
242.0, 471.0, 48.0, 74.0
236.0, 473.0, 48.0, 74.0
232.0, 471.0, 48.0, 74.0
228.0, 471.0, 48.0, 74.0
226.0, 469.0, 48.0, 74.0
222.0, 469.0, 48.0, 74.0
218.0, 467.0, 48.0, 74.0
216.0, 465.0, 48.0, 74.0
214.0, 465.0, 48.0, 74.0
210.0, 465.0, 48.0, 74.0
208.0, 465.0, 48.0, 74.0
206.0, 465.0, 48.0, 74.0
204.0, 465.0, 48.0, 74.0
202.0, 465.0, 48.0, 74.0
200.0, 463.0, 48.0, 74.0
198.0, 463.0, 48.0, 74.0
194.0, 461.0, 48.0, 74.0
192.0, 459.0, 48.0, 74.0
192.0, 459.0, 48.0, 74.0
190.0, 457.0, 48.0, 74.0
188.0, 457.0, 48.0, 74.0
188.0, 457.0, 48.0, 74.0
188.0, 457.0, 48.0, 74.0
188.0, 455.0, 48.0, 74.0
188.0, 455.0, 48.0, 74.0
188.0, 455.0, 48.0, 74.0
190.0, 453.0, 48.0, 74.0
192.0, 451.0, 48.0, 74.0
192.0, 447.0, 48.0, 74.0
192.0, 445.0, 48.0, 74.0
194.0, 443.0, 48.0, 74.0
194.0, 441.0, 48.0, 74.0
194.0, 441.0, 48.0, 74.0
192.0, 439.0, 48.0, 74.0
192.0, 439.0, 48.0, 74.0
190.0, 439.0, 48.0, 74.0
188.0, 439.0, 48.0, 74.0
186.0, 439.0, 48.0, 74.0
184.0, 439.0, 48.0, 74.0
182.0, 437.0, 48.0, 74.0
180.0, 437.0, 48.0, 74.0
176.0, 435.0, 48.0, 74.0
174.0, 435.0, 48.0, 74.0
172.0, 435.0, 48.0, 74.0
168.0, 435.0, 48.0, 74.0
166.0, 435.0, 48.0, 74.0
162.0, 435.0, 48.0, 74.0
158.0, 437.0, 48.0, 74.0
156.0, 437.0, 48.0, 74.0
152.0, 437.0, 48.0, 74.0
148.0, 435.0, 48.0, 74.0
144.0, 435.0, 48.0, 74.0
142.0, 433.0, 48.0, 74.0
140.0, 431.0, 48.0, 74.0
138.0, 431.0, 48.0, 74.0
136.0, 429.0, 48.0, 74.0
134.0, 429.0, 48.0, 74.0
134.0, 429.0, 48.0, 74.0
134.0, 429.0, 48.0, 74.0
134.0, 429.0, 48.0, 74.0
134.0, 429.0, 48.0, 74.0
134.0, 427.0, 48.0, 74.0
136.0, 425.0, 48.0, 74.0
136.0, 423.0, 48.0, 74.0
136.0, 421.0, 48.0, 74.0
136.0, 419.0, 48.0, 74.0
138.0, 417.0, 48.0, 74.0
138.0, 415.0, 48.0, 74.0
140.0, 415.0, 48.0, 74.0
140.0, 413.0, 48.0, 74.0
142.0, 413.0, 48.0, 74.0
144.0, 411.0, 48.0, 74.0
144.0, 411.0, 48.0, 74.0
146.0, 409.0, 48.0, 74.0
146.0, 409.0, 48.0, 74.0
148.0, 407.0, 48.0, 74.0
148.0, 403.0, 48.0, 74.0
150.0, 401.0, 48.0, 74.0
150.0, 399.0, 48.0, 74.0
150.0, 397.0, 48.0, 74.0
150.0, 397.0, 48.0, 74.0
150.0, 395.0, 48.0, 74.0
150.0, 395.0, 48.0, 74.0
150.0, 395.0, 48.0, 74.0
150.0, 395.0, 48.0, 74.0
148.0, 393.0, 48.0, 74.0
146.0, 393.0, 48.0, 74.0
146.0, 391.0, 48.0, 74.0
144.0, 391.0, 48.0, 74.0
144.0, 389.0, 48.0, 74.0
142.0, 389.0, 48.0, 74.0
140.0, 387.0, 48.0, 74.0
138.0, 387.0, 48.0, 74.0
136.0, 387.0, 48.0, 74.0
136.0, 387.0, 48.0, 74.0
134.0, 387.0, 48.0, 74.0
132.0, 387.0, 48.0, 74.0
130.0, 387.0, 48.0, 74.0
128.0, 387.0, 48.0, 74.0
126.0, 385.0, 48.0, 74.0
126.0, 385.0, 48.0, 74.0
126.0, 383.0, 48.0, 74.0
126.0, 381.0, 48.0, 74.0
126.0, 379.0, 48.0, 74.0
126.0, 379.0, 48.0, 74.0
126.0, 377.0, 48.0, 74.0
128.0, 377.0, 48.0, 74.0
130.0, 377.0, 48.0, 74.0
130.0, 375.0, 48.0, 74.0
132.0, 373.0, 48.0, 74.0
134.0, 371.0, 48.0, 74.0
136.0, 369.0, 48.0, 74.0
140.0, 367.0, 48.0, 74.0
142.0, 365.0, 48.0, 74.0
144.0, 363.0, 48.0, 74.0
148.0, 361.0, 48.0, 74.0
152.0, 359.0, 48.0, 74.0
156.0, 357.0, 48.0, 74.0
160.0, 357.0, 48.0, 74.0
164.0, 355.0, 48.0, 74.0
166.0, 355.0, 48.0, 74.0
170.0, 351.0, 48.0, 74.0
174.0, 349.0, 48.0, 74.0
178.0, 347.0, 48.0, 74.0
180.0, 345.0, 48.0, 74.0
184.0, 343.0, 48.0, 74.0
190.0, 339.0, 48.0, 74.0
194.0, 337.0, 48.0, 74.0
198.0, 335.0, 48.0, 74.0
202.0, 333.0, 48.0, 74.0
206.0, 333.0, 48.0, 74.0
212.0, 331.0, 48.0, 74.0
216.0, 331.0, 48.0, 74.0
220.0, 329.0, 48.0, 74.0
222.0, 327.0, 48.0, 74.0
226.0, 325.0, 48.0, 74.0
230.0, 323.0, 48.0, 74.0
234.0, 321.0, 48.0, 74.0
238.0, 319.0, 48.0, 74.0
240.0, 317.0, 48.0, 74.0
244.0, 315.0, 48.0, 74.0
248.0, 315.0, 48.0, 74.0
252.0, 313.0, 48.0, 74.0
254.0, 313.0, 48.0, 74.0
256.0, 311.0, 48.0, 74.0
258.0, 311.0, 48.0, 74.0
260.0, 309.0, 48.0, 74.0
260.0, 307.0, 48.0, 74.0
260.0, 305.0, 48.0, 74.0
258.0, 305.0, 48.0, 74.0
0.0, 0.0, 0.0, 0.0
0.0, 0.0, 0.0, 0.0
252.0, 303.0, 48.0, 74.0
248.0, 303.0, 48.0, 74.0
246.0, 303.0, 48.0, 74.0
242.0, 305.0, 48.0, 74.0
234.0, 305.0, 48.0, 74.0
228.0, 305.0, 48.0, 74.0
222.0, 305.0, 48.0, 74.0
216.0, 305.0, 48.0, 74.0
210.0, 305.0, 48.0, 74.0
202.0, 305.0, 48.0, 74.0
196.0, 307.0, 48.0, 74.0
190.0, 307.0, 48.0, 74.0
184.0, 307.0, 48.0, 74.0
178.0, 309.0, 48.0, 74.0
172.0, 311.0, 48.0, 74.0
168.0, 311.0, 48.0, 74.0
164.0, 311.0, 48.0, 74.0
160.0, 311.0, 48.0, 74.0
156.0, 311.0, 48.0, 74.0
152.0, 309.0, 48.0, 74.0
150.0, 309.0, 48.0, 74.0
0.0, 0.0, 0.0, 0.0
148.0, 307.0, 48.0, 74.0
150.0, 307.0, 48.0, 74.0
150.0, 305.0, 48.0, 74.0
152.0, 305.0, 48.0, 74.0
154.0, 305.0, 48.0, 74.0
156.0, 303.0, 48.0, 74.0
158.0, 303.0, 48.0, 74.0
162.0, 301.0, 48.0, 74.0
166.0, 299.0, 48.0, 74.0
168.0, 297.0, 48.0, 74.0
170.0, 295.0, 48.0, 74.0
174.0, 293.0, 48.0, 74.0
178.0, 291.0, 48.0, 74.0
182.0, 291.0, 48.0, 74.0
184.0, 289.0, 48.0, 74.0
188.0, 289.0, 48.0, 74.0
190.0, 287.0, 48.0, 74.0
194.0, 285.0, 48.0, 74.0
198.0, 285.0, 48.0, 74.0
200.0, 283.0, 48.0, 74.0
204.0, 281.0, 48.0, 74.0
206.0, 279.0, 48.0, 74.0
210.0, 277.0, 48.0, 74.0
214.0, 277.0, 48.0, 74.0
216.0, 275.0, 48.0, 74.0
220.0, 275.0, 48.0, 74.0
222.0, 273.0, 48.0, 74.0
226.0, 273.0, 48.0, 74.0
228.0, 271.0, 48.0, 74.0
230.0, 269.0, 48.0, 74.0
232.0, 267.0, 48.0, 74.0
236.0, 267.0, 48.0, 74.0
240.0, 265.0, 48.0, 74.0
242.0, 263.0, 48.0, 74.0
244.0, 261.0, 48.0, 74.0
246.0, 261.0, 48.0, 74.0
248.0, 261.0, 48.0, 74.0
250.0, 259.0, 48.0, 74.0
252.0, 259.0, 48.0, 74.0
252.0, 259.0, 48.0, 74.0
252.0, 257.0, 48.0, 74.0
252.0, 257.0, 48.0, 74.0
252.0, 255.0, 48.0, 74.0
252.0, 255.0, 48.0, 74.0
250.0, 253.0, 48.0, 74.0
250.0, 253.0, 48.0, 74.0
250.0, 253.0, 48.0, 74.0
250.0, 253.0, 48.0, 74.0
248.0, 253.0, 48.0, 74.0
246.0, 253.0, 48.0, 74.0
244.0, 253.0, 48.0, 74.0
242.0, 253.0, 48.0, 74.0
240.0, 251.0, 48.0, 74.0
238.0, 251.0, 48.0, 74.0
236.0, 251.0, 48.0, 74.0
234.0, 249.0, 48.0, 74.0
232.0, 249.0, 48.0, 74.0
230.0, 249.0, 48.0, 74.0
230.0, 249.0, 48.0, 74.0
228.0, 249.0, 48.0, 74.0
228.0, 249.0, 48.0, 74.0
228.0, 249.0, 48.0, 74.0
228.0, 249.0, 48.0, 74.0
226.0, 249.0, 48.0, 74.0
226.0, 249.0, 48.0, 74.0
224.0, 249.0, 48.0, 74.0
224.0, 247.0, 48.0, 74.0
224.0, 247.0, 48.0, 74.0
222.0, 245.0, 48.0, 74.0
224.0, 245.0, 48.0, 74.0
224.0, 245.0, 48.0, 74.0
224.0, 243.0, 48.0, 74.0
226.0, 243.0, 48.0, 74.0
226.0, 243.0, 48.0, 74.0
228.0, 243.0, 48.0, 74.0
228.0, 243.0, 48.0, 74.0
228.0, 241.0, 48.0, 74.0
228.0, 241.0, 48.0, 74.0
228.0, 239.0, 48.0, 74.0
228.0, 239.0, 48.0, 74.0
228.0, 237.0, 48.0, 74.0
228.0, 237.0, 48.0, 74.0
230.0, 237.0, 48.0, 74.0
230.0, 237.0, 48.0, 74.0
230.0, 237.0, 48.0, 74.0
230.0, 237.0, 48.0, 74.0
230.0, 237.0, 48.0, 74.0
228.0, 237.0, 48.0, 74.0
228.0, 237.0, 48.0, 74.0
226.0, 235.0, 48.0, 74.0
224.0, 235.0, 48.0, 74.0
224.0, 233.0, 48.0, 74.0
222.0, 233.0, 48.0, 74.0
220.0, 231.0, 48.0, 74.0
218.0, 231.0, 48.0, 74.0
218.0, 231.0, 48.0, 74.0
216.0, 231.0, 48.0, 74.0
216.0, 233.0, 48.0, 74.0
214.0, 233.0, 48.0, 74.0
212.0, 233.0, 48.0, 74.0
210.0, 233.0, 48.0, 74.0
208.0, 233.0, 48.0, 74.0
206.0, 233.0, 48.0, 74.0
204.0, 231.0, 48.0, 74.0
202.0, 231.0, 48.0, 74.0
200.0, 231.0, 48.0, 74.0
200.0, 231.0, 48.0, 74.0
198.0, 231.0, 48.0, 74.0
196.0, 231.0, 48.0, 74.0
196.0, 231.0, 48.0, 74.0
196.0, 231.0, 48.0, 74.0
196.0, 231.0, 48.0, 74.0
196.0, 231.0, 48.0, 74.0
196.0, 231.0, 48.0, 74.0
196.0, 231.0, 48.0, 74.0
196.0, 229.0, 48.0, 74.0
196.0, 229.0, 48.0, 74.0
196.0, 227.0, 48.0, 74.0
198.0, 227.0, 48.0, 74.0
198.0, 227.0, 48.0, 74.0
200.0, 227.0, 48.0, 74.0
202.0, 225.0, 48.0, 74.0
204.0, 225.0, 48.0, 74.0
204.0, 225.0, 48.0, 74.0
206.0, 225.0, 48.0, 74.0
206.0, 225.0, 48.0, 74.0
208.0, 225.0, 48.0, 74.0
208.0, 223.0, 48.0, 74.0
210.0, 221.0, 48.0, 74.0
212.0, 221.0, 48.0, 74.0
214.0, 221.0, 48.0, 74.0
216.0, 219.0, 48.0, 74.0
218.0, 219.0, 48.0, 74.0
222.0, 219.0, 48.0, 74.0
224.0, 219.0, 48.0, 74.0
226.0, 219.0, 48.0, 74.0
228.0, 219.0, 48.0, 74.0
232.0, 217.0, 48.0, 74.0
234.0, 217.0, 48.0, 74.0
236.0, 215.0, 48.0, 74.0
238.0, 215.0, 48.0, 74.0
240.0, 213.0, 48.0, 74.0
242.0, 213.0, 48.0, 74.0
244.0, 213.0, 48.0, 74.0
248.0, 213.0, 48.0, 74.0
250.0, 211.0, 48.0, 74.0
252.0, 211.0, 48.0, 74.0
254.0, 211.0, 48.0, 74.0
256.0, 211.0, 48.0, 74.0
258.0, 209.0, 48.0, 74.0
260.0, 209.0, 48.0, 74.0
262.0, 207.0, 48.0, 74.0
264.0, 207.0, 48.0, 74.0
266.0, 205.0, 48.0, 74.0
268.0, 205.0, 48.0, 74.0
270.0, 205.0, 48.0, 74.0
272.0, 205.0, 48.0, 74.0
276.0, 205.0, 48.0, 74.0
278.0, 205.0, 48.0, 74.0
280.0, 205.0, 48.0, 74.0
280.0, 205.0, 48.0, 74.0
280.0, 205.0, 48.0, 74.0
282.0, 203.0, 48.0, 74.0
282.0, 203.0, 48.0, 74.0
282.0, 203.0, 48.0, 74.0
282.0, 201.0, 48.0, 74.0
282.0, 201.0, 48.0, 74.0
282.0, 201.0, 48.0, 74.0
282.0, 201.0, 48.0, 74.0
282.0, 201.0, 48.0, 74.0
282.0, 203.0, 48.0, 74.0
282.0, 203.0, 48.0, 74.0
280.0, 203.0, 48.0, 74.0
278.0, 203.0, 48.0, 74.0
276.0, 203.0, 48.0, 74.0
276.0, 203.0, 48.0, 74.0
272.0, 201.0, 48.0, 74.0
272.0, 201.0, 48.0, 74.0
270.0, 201.0, 48.0, 74.0
270.0, 201.0, 48.0, 74.0
268.0, 201.0, 48.0, 74.0
268.0, 203.0, 48.0, 74.0
268.0, 203.0, 48.0, 74.0
268.0, 203.0, 48.0, 74.0
266.0, 203.0, 48.0, 74.0
266.0, 203.0, 48.0, 74.0
266.0, 203.0, 48.0, 74.0
266.0, 201.0, 48.0, 74.0
266.0, 201.0, 48.0, 74.0
268.0, 201.0, 48.0, 74.0
268.0, 199.0, 48.0, 74.0
270.0, 199.0, 48.0, 74.0
272.0, 199.0, 48.0, 74.0
274.0, 199.0, 48.0, 74.0
276.0, 199.0, 48.0, 74.0
278.0, 199.0, 48.0, 74.0
280.0, 199.0, 48.0, 74.0
282.0, 199.0, 48.0, 74.0
284.0, 197.0, 48.0, 74.0
284.0, 197.0, 48.0, 74.0
286.0, 197.0, 48.0, 74.0
286.0, 195.0, 48.0, 74.0
288.0, 195.0, 48.0, 74.0
290.0, 195.0, 48.0, 74.0
290.0, 197.0, 48.0, 74.0
292.0, 197.0, 48.0, 74.0
292.0, 197.0, 48.0, 74.0
294.0, 197.0, 48.0, 74.0
292.0, 197.0, 48.0, 74.0
292.0, 197.0, 48.0, 74.0
292.0, 197.0, 48.0, 74.0
292.0, 195.0, 48.0, 74.0
290.0, 195.0, 48.0, 74.0
290.0, 195.0, 48.0, 74.0
288.0, 195.0, 48.0, 74.0
288.0, 195.0, 48.0, 74.0
288.0, 197.0, 48.0, 74.0
286.0, 197.0, 48.0, 74.0
286.0, 197.0, 48.0, 74.0
284.0, 197.0, 48.0, 74.0
284.0, 197.0, 48.0, 74.0
282.0, 197.0, 48.0, 74.0
282.0, 197.0, 48.0, 74.0
280.0, 197.0, 48.0, 74.0
280.0, 197.0, 48.0, 74.0
280.0, 197.0, 48.0, 74.0
280.0, 197.0, 48.0, 74.0
280.0, 199.0, 48.0, 74.0
280.0, 199.0, 48.0, 74.0
280.0, 199.0, 48.0, 74.0
280.0, 201.0, 48.0, 74.0
280.0, 201.0, 48.0, 74.0
280.0, 201.0, 48.0, 74.0
280.0, 201.0, 48.0, 74.0
280.0, 201.0, 48.0, 74.0
280.0, 201.0, 48.0, 74.0
280.0, 199.0, 48.0, 74.0
282.0, 199.0, 48.0, 74.0
282.0, 199.0, 48.0, 74.0
284.0, 201.0, 48.0, 74.0
286.0, 201.0, 48.0, 74.0
288.0, 201.0, 48.0, 74.0
288.0, 201.0, 48.0, 74.0
290.0, 201.0, 48.0, 74.0
290.0, 201.0, 48.0, 74.0
292.0, 201.0, 48.0, 74.0
292.0, 201.0, 48.0, 74.0
294.0, 199.0, 48.0, 74.0
294.0, 199.0, 48.0, 74.0
296.0, 199.0, 48.0, 74.0
298.0, 201.0, 48.0, 74.0
300.0, 201.0, 48.0, 74.0
302.0, 201.0, 48.0, 74.0
304.0, 203.0, 48.0, 74.0
304.0, 203.0, 48.0, 74.0
306.0, 203.0, 48.0, 74.0
306.0, 203.0, 48.0, 74.0
308.0, 203.0, 48.0, 74.0
308.0, 203.0, 48.0, 74.0
308.0, 203.0, 48.0, 74.0
308.0, 201.0, 48.0, 74.0
308.0, 201.0, 48.0, 74.0
310.0, 203.0, 48.0, 74.0
310.0, 203.0, 48.0, 74.0
312.0, 203.0, 48.0, 74.0
314.0, 203.0, 48.0, 74.0
314.0, 203.0, 48.0, 74.0
314.0, 205.0, 48.0, 74.0
314.0, 205.0, 48.0, 74.0
314.0, 205.0, 48.0, 74.0
314.0, 203.0, 48.0, 74.0
314.0, 203.0, 48.0, 74.0
314.0, 203.0, 48.0, 74.0
316.0, 203.0, 48.0, 74.0
316.0, 205.0, 48.0, 74.0
318.0, 205.0, 48.0, 74.0
320.0, 205.0, 48.0, 74.0
320.0, 207.0, 48.0, 74.0
322.0, 207.0, 48.0, 74.0
322.0, 207.0, 48.0, 74.0
322.0, 207.0, 48.0, 74.0
324.0, 207.0, 48.0, 74.0
324.0, 207.0, 48.0, 74.0
324.0, 207.0, 48.0, 74.0
326.0, 207.0, 48.0, 74.0
326.0, 207.0, 48.0, 74.0
328.0, 207.0, 48.0, 74.0
330.0, 207.0, 48.0, 74.0
330.0, 209.0, 48.0, 74.0
332.0, 209.0, 48.0, 74.0
332.0, 209.0, 48.0, 74.0
332.0, 209.0, 48.0, 74.0
332.0, 209.0, 48.0, 74.0
332.0, 209.0, 48.0, 74.0
332.0, 209.0, 48.0, 74.0
332.0, 209.0, 48.0, 74.0
332.0, 209.0, 48.0, 74.0
334.0, 209.0, 48.0, 74.0
334.0, 211.0, 48.0, 74.0
334.0, 211.0, 48.0, 74.0
336.0, 213.0, 48.0, 74.0
336.0, 213.0, 48.0, 74.0
336.0, 213.0, 48.0, 74.0
336.0, 213.0, 48.0, 74.0
336.0, 213.0, 48.0, 74.0
336.0, 213.0, 48.0, 74.0
336.0, 213.0, 48.0, 74.0
336.0, 213.0, 48.0, 74.0
336.0, 213.0, 48.0, 74.0
336.0, 213.0, 48.0, 74.0
336.0, 215.0, 48.0, 74.0
336.0, 215.0, 48.0, 74.0
336.0, 217.0, 48.0, 74.0
336.0, 217.0, 48.0, 74.0
336.0, 217.0, 48.0, 74.0
336.0, 217.0, 48.0, 74.0
334.0, 217.0, 48.0, 74.0
334.0, 217.0, 48.0, 74.0
334.0, 217.0, 48.0, 74.0
334.0, 217.0, 48.0, 74.0
334.0, 217.0, 48.0, 74.0
334.0, 219.0, 48.0, 74.0
334.0, 219.0, 48.0, 74.0
334.0, 221.0, 48.0, 74.0
334.0, 221.0, 48.0, 74.0
334.0, 223.0, 48.0, 74.0
334.0, 223.0, 48.0, 74.0
334.0, 223.0, 48.0, 74.0
334.0, 223.0, 48.0, 74.0
334.0, 223.0, 48.0, 74.0
334.0, 223.0, 48.0, 74.0
334.0, 223.0, 48.0, 74.0
336.0, 225.0, 48.0, 74.0
336.0, 225.0, 48.0, 74.0
338.0, 225.0, 48.0, 74.0
338.0, 225.0, 48.0, 74.0
340.0, 227.0, 48.0, 74.0
340.0, 227.0, 48.0, 74.0
340.0, 227.0, 48.0, 74.0
342.0, 229.0, 48.0, 74.0
342.0, 229.0, 48.0, 74.0
342.0, 229.0, 48.0, 74.0
342.0, 229.0, 48.0, 74.0
342.0, 231.0, 48.0, 74.0
342.0, 231.0, 48.0, 74.0
342.0, 231.0, 48.0, 74.0
344.0, 233.0, 48.0, 74.0
344.0, 233.0, 48.0, 74.0
344.0, 235.0, 48.0, 74.0
346.0, 235.0, 48.0, 74.0
346.0, 237.0, 48.0, 74.0
346.0, 237.0, 48.0, 74.0
346.0, 239.0, 48.0, 74.0
346.0, 239.0, 48.0, 74.0
346.0, 239.0, 48.0, 74.0
346.0, 241.0, 48.0, 74.0
346.0, 241.0, 48.0, 74.0
344.0, 243.0, 48.0, 74.0
344.0, 243.0, 48.0, 74.0
342.0, 245.0, 48.0, 74.0
342.0, 245.0, 48.0, 74.0
342.0, 247.0, 48.0, 74.0
340.0, 247.0, 48.0, 74.0
340.0, 249.0, 48.0, 74.0
340.0, 249.0, 48.0, 74.0
340.0, 249.0, 48.0, 74.0
340.0, 251.0, 48.0, 74.0
338.0, 251.0, 48.0, 74.0
338.0, 251.0, 48.0, 74.0
338.0, 253.0, 48.0, 74.0
336.0, 253.0, 48.0, 74.0
336.0, 253.0, 48.0, 74.0
334.0, 253.0, 48.0, 74.0
334.0, 255.0, 48.0, 74.0
334.0, 255.0, 48.0, 74.0
334.0, 255.0, 48.0, 74.0
334.0, 257.0, 48.0, 74.0
334.0, 257.0, 48.0, 74.0
336.0, 257.0, 48.0, 74.0
336.0, 259.0, 48.0, 74.0
336.0, 259.0, 48.0, 74.0
336.0, 259.0, 48.0, 74.0
336.0, 261.0, 48.0, 74.0
336.0, 261.0, 48.0, 74.0
334.0, 261.0, 48.0, 74.0
334.0, 263.0, 48.0, 74.0
332.0, 263.0, 48.0, 74.0
332.0, 265.0, 48.0, 74.0
332.0, 265.0, 48.0, 74.0
332.0, 265.0, 48.0, 74.0
332.0, 265.0, 48.0, 74.0
332.0, 267.0, 48.0, 74.0
332.0, 267.0, 48.0, 74.0
332.0, 267.0, 48.0, 74.0
334.0, 269.0, 48.0, 74.0
334.0, 269.0, 48.0, 74.0
334.0, 269.0, 48.0, 74.0
332.0, 269.0, 48.0, 74.0
332.0, 269.0, 48.0, 74.0
332.0, 271.0, 48.0, 74.0
330.0, 271.0, 48.0, 74.0
330.0, 271.0, 48.0, 74.0
330.0, 271.0, 48.0, 74.0
330.0, 273.0, 48.0, 74.0
330.0, 273.0, 48.0, 74.0
330.0, 273.0, 48.0, 74.0
330.0, 273.0, 48.0, 74.0
330.0, 275.0, 48.0, 74.0
330.0, 275.0, 48.0, 74.0
330.0, 275.0, 48.0, 74.0
332.0, 275.0, 48.0, 74.0
332.0, 275.0, 48.0, 74.0
332.0, 277.0, 48.0, 74.0
330.0, 277.0, 48.0, 74.0
330.0, 277.0, 48.0, 74.0
330.0, 277.0, 48.0, 74.0
330.0, 277.0, 48.0, 74.0
328.0, 277.0, 48.0, 74.0
328.0, 279.0, 48.0, 74.0
328.0, 279.0, 48.0, 74.0
328.0, 279.0, 48.0, 74.0
328.0, 279.0, 48.0, 74.0
328.0, 279.0, 48.0, 74.0
328.0, 279.0, 48.0, 74.0
328.0, 279.0, 48.0, 74.0
328.0, 281.0, 48.0, 74.0
326.0, 281.0, 48.0, 74.0
326.0, 281.0, 48.0, 74.0
326.0, 281.0, 48.0, 74.0
326.0, 281.0, 48.0, 74.0
326.0, 281.0, 48.0, 74.0
326.0, 281.0, 48.0, 74.0
326.0, 281.0, 48.0, 74.0
326.0, 281.0, 48.0, 74.0
326.0, 281.0, 48.0, 74.0
326.0, 283.0, 48.0, 74.0
326.0, 283.0, 48.0, 74.0
326.0, 283.0, 48.0, 74.0
326.0, 283.0, 48.0, 74.0
326.0, 283.0, 48.0, 74.0
326.0, 283.0, 48.0, 74.0
324.0, 283.0, 48.0, 74.0
324.0, 283.0, 48.0, 74.0
324.0, 283.0, 48.0, 74.0
324.0, 283.0, 48.0, 74.0
322.0, 283.0, 48.0, 74.0
322.0, 283.0, 48.0, 74.0
322.0, 283.0, 48.0, 74.0
322.0, 283.0, 48.0, 74.0
322.0, 283.0, 48.0, 74.0
322.0, 283.0, 48.0, 74.0
322.0, 283.0, 48.0, 74.0
322.0, 283.0, 48.0, 74.0
322.0, 283.0, 48.0, 74.0
322.0, 283.0, 48.0, 74.0
322.0, 283.0, 48.0, 74.0
322.0, 283.0, 48.0, 74.0
322.0, 283.0, 48.0, 74.0
322.0, 283.0, 48.0, 74.0
324.0, 283.0, 48.0, 74.0
324.0, 283.0, 48.0, 74.0
324.0, 283.0, 48.0, 74.0
324.0, 283.0, 48.0, 74.0
324.0, 283.0, 48.0, 74.0
324.0, 283.0, 48.0, 74.0
324.0, 283.0, 48.0, 74.0
322.0, 283.0, 48.0, 74.0
0.0, 0.0, 0.0, 0.0
0.0, 0.0, 0.0, 0.0
0.0, 0.0, 0.0, 0.0
0.0, 0.0, 0.0, 0.0
0.0, 0.0, 0.0, 0.0
0.0, 0.0, 0.0, 0.0
322.0, 281.0, 48.0, 74.0
320.0, 281.0, 48.0, 74.0
320.0, 281.0, 48.0, 74.0
318.0, 283.0, 48.0, 74.0
318.0, 283.0, 48.0, 74.0
316.0, 283.0, 48.0, 74.0
314.0, 283.0, 48.0, 74.0
312.0, 285.0, 48.0, 74.0
310.0, 285.0, 48.0, 74.0
310.0, 285.0, 48.0, 74.0
312.0, 287.0, 48.0, 74.0
314.0, 287.0, 48.0, 74.0
316.0, 287.0, 48.0, 74.0
320.0, 287.0, 48.0, 74.0
326.0, 287.0, 48.0, 74.0
330.0, 287.0, 48.0, 74.0
334.0, 287.0, 48.0, 74.0
340.0, 287.0, 48.0, 74.0
344.0, 287.0, 48.0, 74.0
350.0, 285.0, 48.0, 74.0
356.0, 285.0, 48.0, 74.0
360.0, 285.0, 48.0, 74.0
366.0, 285.0, 48.0, 74.0
372.0, 285.0, 48.0, 74.0
380.0, 283.0, 48.0, 74.0
386.0, 283.0, 48.0, 74.0
392.0, 283.0, 48.0, 74.0
398.0, 283.0, 48.0, 74.0
404.0, 283.0, 48.0, 74.0
412.0, 283.0, 48.0, 74.0
418.0, 283.0, 48.0, 74.0
424.0, 283.0, 48.0, 74.0
428.0, 283.0, 48.0, 74.0
434.0, 283.0, 48.0, 74.0
440.0, 283.0, 48.0, 74.0
444.0, 283.0, 48.0, 74.0
448.0, 283.0, 48.0, 74.0
450.0, 283.0, 48.0, 74.0
452.0, 283.0, 48.0, 74.0
456.0, 283.0, 48.0, 74.0
458.0, 283.0, 48.0, 74.0
460.0, 285.0, 48.0, 74.0
460.0, 285.0, 48.0, 74.0
462.0, 285.0, 48.0, 74.0
462.0, 287.0, 48.0, 74.0
462.0, 287.0, 48.0, 74.0
460.0, 287.0, 48.0, 74.0
460.0, 289.0, 48.0, 74.0
458.0, 289.0, 48.0, 74.0
456.0, 289.0, 48.0, 74.0
456.0, 291.0, 48.0, 74.0
454.0, 291.0, 48.0, 74.0
452.0, 293.0, 48.0, 74.0
450.0, 293.0, 48.0, 74.0
448.0, 293.0, 48.0, 74.0
446.0, 295.0, 48.0, 74.0
446.0, 295.0, 48.0, 74.0
444.0, 297.0, 48.0, 74.0
442.0, 297.0, 48.0, 74.0
440.0, 299.0, 48.0, 74.0
438.0, 299.0, 48.0, 74.0
436.0, 299.0, 48.0, 74.0
434.0, 301.0, 48.0, 74.0
434.0, 301.0, 48.0, 74.0
430.0, 303.0, 48.0, 74.0
430.0, 303.0, 48.0, 74.0
428.0, 303.0, 48.0, 74.0
426.0, 305.0, 48.0, 74.0
424.0, 305.0, 48.0, 74.0
422.0, 307.0, 48.0, 74.0
420.0, 307.0, 48.0, 74.0
418.0, 309.0, 48.0, 74.0
416.0, 309.0, 48.0, 74.0
414.0, 309.0, 48.0, 74.0
412.0, 311.0, 48.0, 74.0
410.0, 311.0, 48.0, 74.0
408.0, 313.0, 48.0, 74.0
406.0, 313.0, 48.0, 74.0
404.0, 315.0, 48.0, 74.0
402.0, 315.0, 48.0, 74.0
400.0, 317.0, 48.0, 74.0
398.0, 317.0, 48.0, 74.0
