470.0,550.0,61.0,85.0
470.0,550.0,61.0,85.0
481.0,536.0,61.0,85.0
481.0,536.0,61.0,85.0
490.0,521.0,61.0,85.0
185.0,192.0,24.0,22.0
500.0,495.0,73.0,90.0
501.0,495.0,73.0,90.0
507.0,484.0,75.0,87.0
515.0,468.0,78.0,87.0
516.0,468.0,77.0,86.0
525.0,455.0,77.0,86.0
534.0,441.0,77.0,89.0
536.0,437.0,77.0,90.0
537.0,438.0,76.0,90.0
545.0,423.0,75.0,94.0
552.0,410.0,76.0,95.0
553.0,410.0,76.0,95.0
562.0,397.0,73.0,95.0
561.0,397.0,73.0,94.0
570.0,388.0,72.0,93.0
571.0,387.0,72.0,93.0
579.0,376.0,71.0,91.0
587.0,366.0,70.0,91.0
588.0,367.0,70.0,91.0
588.0,367.0,71.0,93.0
595.0,356.0,71.0,93.0
606.0,346.0,68.0,93.0
606.0,347.0,69.0,94.0
616.0,337.0,68.0,93.0
235.0,129.0,20.0,25.0
630.0,322.0,68.0,93.0
631.0,322.0,68.0,93.0
639.0,319.0,68.0,90.0
645.0,314.0,68.0,92.0
646.0,314.0,70.0,92.0
243.0,121.0,21.0,23.0
647.0,310.0,68.0,90.0
650.0,307.0,71.0,89.0
648.0,307.0,71.0,88.0
651.0,310.0,67.0,84.0
651.0,309.0,67.0,84.0
648.0,311.0,66.0,84.0
648.0,312.0,66.0,83.0
646.0,309.0,67.0,89.0
645.0,310.0,66.0,87.0
645.0,312.0,65.0,88.0
643.0,314.0,68.0,87.0
643.0,313.0,67.0,87.0
642.0,314.0,68.0,87.0
642.0,316.0,68.0,86.0
641.0,318.0,68.0,86.0
640.0,318.0,68.0,86.0
638.0,319.0,68.0,86.0
641.0,322.0,71.0,85.0
641.0,323.0,71.0,84.0
640.0,324.0,71.0,84.0
640.0,325.0,71.0,83.0
640.0,326.0,71.0,87.0
638.0,327.0,72.0,87.0
641.0,329.0,71.0,88.0
641.0,329.0,71.0,87.0
638.0,328.0,71.0,88.0
638.0,329.0,68.0,91.0
638.0,329.0,68.0,92.0
636.0,334.0,67.0,92.0
635.0,334.0,67.0,92.0
635.0,334.0,67.0,92.0
634.0,333.0,66.0,91.0
634.0,333.0,64.0,93.0
633.0,335.0,64.0,93.0
630.0,331.0,65.0,95.0
632.0,335.0,67.0,90.0
632.0,332.0,65.0,95.0
632.0,332.0,65.0,94.0
629.0,338.0,69.0,90.0
629.0,337.0,69.0,92.0
625.0,339.0,70.0,91.0
630.0,339.0,68.0,90.0
629.0,340.0,68.0,90.0
630.0,345.0,69.0,91.0
629.0,345.0,69.0,91.0
629.0,346.0,68.0,90.0
628.0,351.0,67.0,90.0
629.0,352.0,67.0,90.0
629.0,351.0,65.0,87.0
628.0,355.0,65.0,87.0
627.0,354.0,65.0,87.0
627.0,354.0,65.0,87.0
626.0,358.0,65.0,87.0
625.0,360.0,62.0,93.0
624.0,360.0,62.0,93.0
623.0,360.0,62.0,93.0
621.0,357.0,62.0,93.0
621.0,361.0,62.0,93.0
622.0,361.0,59.0,92.0
620.0,359.0,59.0,91.0
620.0,358.0,58.0,90.0
618.0,358.0,58.0,90.0
618.0,357.0,59.0,86.0
