796.0,230.0,59.0,121.0
796.0,230.0,59.0,121.0
796.0,231.0,59.0,121.0
797.0,231.0,59.0,121.0
798.0,231.0,59.0,121.0
797.0,231.0,59.0,121.0
799.0,232.0,59.0,121.0
799.0,232.0,60.0,121.0
799.0,233.0,60.0,121.0
799.0,231.0,61.0,123.0
798.0,230.0,63.0,127.0
798.0,229.0,64.0,130.0
798.0,229.0,64.0,130.0
799.0,229.0,64.0,130.0
799.0,228.0,64.0,130.0
799.0,228.0,64.0,130.0
800.0,229.0,63.0,128.0
800.0,228.0,63.0,128.0
801.0,228.0,63.0,128.0
802.0,226.0,63.0,128.0
802.0,226.0,63.0,128.0
801.0,224.0,64.0,131.0
802.0,223.0,64.0,131.0
801.0,222.0,65.0,134.0
801.0,221.0,65.0,134.0
802.0,220.0,65.0,134.0
802.0,219.0,65.0,134.0
802.0,218.0,65.0,134.0
801.0,217.0,65.0,134.0
800.0,215.0,65.0,136.0
800.0,214.0,67.0,138.0
799.0,212.0,68.0,141.0
798.0,210.0,70.0,144.0
797.0,210.0,70.0,144.0
797.0,211.0,70.0,144.0
796.0,210.0,70.0,144.0
796.0,208.0,70.0,144.0
796.0,208.0,70.0,144.0
796.0,208.0,70.0,144.0
797.0,209.0,69.0,141.0
796.0,207.0,69.0,141.0
796.0,208.0,68.0,138.0
795.0,208.0,68.0,138.0
795.0,207.0,68.0,138.0
794.0,207.0,68.0,138.0
794.0,208.0,68.0,137.0
794.0,207.0,68.0,137.0
794.0,207.0,68.0,137.0
794.0,207.0,68.0,137.0
794.0,207.0,68.0,137.0
794.0,206.0,68.0,137.0
794.0,206.0,68.0,137.0
794.0,205.0,68.0,137.0
795.0,205.0,68.0,138.0
796.0,204.0,68.0,138.0
797.0,203.0,68.0,138.0
797.0,202.0,68.0,139.0
797.0,201.0,68.0,139.0
796.0,201.0,68.0,139.0
797.0,200.0,68.0,139.0
797.0,200.0,69.0,139.0
798.0,199.0,69.0,139.0
798.0,199.0,69.0,139.0
798.0,198.0,69.0,139.0
799.0,196.0,69.0,139.0
800.0,195.0,69.0,139.0
801.0,194.0,69.0,139.0
801.0,193.0,69.0,139.0
801.0,192.0,69.0,139.0
801.0,192.0,69.0,139.0
801.0,191.0,69.0,139.0
801.0,190.0,69.0,139.0
802.0,189.0,69.0,139.0
802.0,189.0,69.0,139.0
803.0,188.0,69.0,139.0
803.0,186.0,69.0,139.0
803.0,186.0,69.0,139.0
803.0,186.0,69.0,139.0
803.0,186.0,69.0,139.0
803.0,185.0,69.0,139.0
803.0,185.0,69.0,139.0
803.0,184.0,69.0,139.0
804.0,185.0,67.0,136.0
804.0,183.0,66.0,136.0
803.0,182.0,66.0,136.0
802.0,181.0,66.0,136.0
802.0,180.0,66.0,136.0
801.0,179.0,66.0,136.0
801.0,177.0,66.0,136.0
800.0,175.0,66.0,136.0
800.0,173.0,66.0,136.0
800.0,171.0,66.0,136.0
799.0,170.0,66.0,136.0
799.0,169.0,66.0,136.0
799.0,169.0,65.0,134.0
799.0,168.0,65.0,131.0
799.0,168.0,63.0,128.0
799.0,167.0,63.0,128.0
799.0,166.0,63.0,128.0
799.0,165.0,63.0,128.0
799.0,165.0,63.0,128.0
799.0,164.0,63.0,128.0
798.0,163.0,63.0,128.0
799.0,162.0,63.0,128.0
798.0,162.0,63.0,128.0
798.0,161.0,63.0,128.0
798.0,160.0,63.0,128.0
799.0,159.0,63.0,128.0
799.0,158.0,63.0,128.0
799.0,157.0,63.0,128.0
800.0,154.0,63.0,128.0
800.0,153.0,63.0,129.0
801.0,151.0,63.0,129.0
801.0,148.0,63.0,129.0
801.0,146.0,63.0,129.0
800.0,145.0,62.0,127.0
800.0,144.0,61.0,124.0
798.0,143.0,61.0,123.0
794.0,141.0,61.0,123.0
790.0,139.0,61.0,123.0
785.0,138.0,61.0,123.0
780.0,135.0,61.0,123.0
774.0,133.0,61.0,123.0
768.0,132.0,61.0,123.0
761.0,130.0,61.0,123.0
753.0,128.0,62.0,123.0
745.0,127.0,62.0,123.0
736.0,125.0,62.0,124.0
725.0,123.0,62.0,127.0
715.0,121.0,62.0,127.0
704.0,119.0,62.0,127.0
693.0,117.0,62.0,127.0
682.0,115.0,62.0,127.0
672.0,113.0,62.0,127.0
662.0,110.0,62.0,127.0
651.0,108.0,62.0,127.0
641.0,106.0,62.0,127.0
632.0,104.0,62.0,127.0
622.0,102.0,62.0,127.0
614.0,100.0,62.0,126.0
607.0,100.0,62.0,126.0
599.0,98.0,62.0,126.0
593.0,97.0,62.0,126.0
587.0,96.0,62.0,126.0
583.0,95.0,62.0,126.0
579.0,94.0,62.0,126.0
576.0,93.0,62.0,126.0
572.0,92.0,62.0,127.0
569.0,91.0,62.0,127.0
567.0,91.0,62.0,127.0
565.0,90.0,62.0,127.0
563.0,90.0,62.0,127.0
561.0,89.0,62.0,127.0
560.0,89.0,62.0,127.0
558.0,87.0,62.0,127.0
557.0,86.0,62.0,127.0
556.0,85.0,62.0,127.0
555.0,83.0,62.0,127.0
555.0,82.0,61.0,124.0
554.0,80.0,61.0,124.0
554.0,79.0,61.0,124.0
554.0,78.0,59.0,121.0
552.0,77.0,59.0,121.0
552.0,76.0,59.0,121.0
551.0,75.0,59.0,121.0
551.0,74.0,59.0,120.0
550.0,73.0,59.0,120.0
549.0,72.0,59.0,120.0
549.0,72.0,59.0,120.0
548.0,72.0,59.0,120.0
548.0,72.0,58.0,119.0
547.0,72.0,59.0,119.0
547.0,71.0,58.0,119.0
546.0,71.0,58.0,119.0
544.0,70.0,58.0,119.0
544.0,70.0,58.0,119.0
543.0,69.0,58.0,119.0
541.0,69.0,58.0,119.0
541.0,68.0,58.0,119.0
540.0,66.0,58.0,119.0
539.0,65.0,58.0,119.0
538.0,65.0,57.0,117.0
537.0,64.0,57.0,117.0
537.0,63.0,57.0,117.0
536.0,64.0,56.0,114.0
535.0,63.0,56.0,114.0
535.0,63.0,55.0,112.0
534.0,63.0,55.0,112.0
533.0,63.0,55.0,112.0
532.0,63.0,55.0,112.0
532.0,62.0,55.0,112.0
532.0,63.0,54.0,111.0
531.0,63.0,54.0,111.0
531.0,64.0,54.0,111.0
530.0,64.0,54.0,111.0
529.0,64.0,54.0,111.0
529.0,65.0,54.0,111.0
529.0,65.0,54.0,111.0
528.0,66.0,54.0,111.0
527.0,65.0,54.0,111.0
527.0,65.0,54.0,111.0
527.0,65.0,54.0,112.0
526.0,65.0,54.0,111.0
525.0,65.0,54.0,111.0
525.0,64.0,54.0,111.0
525.0,65.0,54.0,111.0
524.0,65.0,54.0,111.0
524.0,65.0,54.0,111.0
524.0,66.0,54.0,111.0
523.0,67.0,54.0,111.0
523.0,68.0,54.0,111.0
523.0,69.0,54.0,111.0
523.0,70.0,54.0,111.0
522.0,71.0,54.0,111.0
522.0,72.0,54.0,111.0
521.0,74.0,54.0,111.0
521.0,75.0,54.0,111.0
520.0,76.0,54.0,111.0
520.0,77.0,54.0,111.0
519.0,79.0,54.0,111.0
519.0,80.0,54.0,111.0
518.0,81.0,54.0,111.0
518.0,82.0,54.0,111.0
517.0,83.0,54.0,111.0
517.0,83.0,54.0,111.0
517.0,84.0,54.0,111.0
516.0,85.0,54.0,111.0
516.0,86.0,54.0,111.0
515.0,87.0,54.0,111.0
514.0,89.0,54.0,111.0
515.0,90.0,54.0,111.0
514.0,92.0,54.0,111.0
514.0,94.0,53.0,108.0
514.0,96.0,53.0,108.0
515.0,98.0,52.0,106.0
514.0,100.0,52.0,106.0
514.0,102.0,52.0,106.0
513.0,103.0,53.0,108.0
513.0,106.0,53.0,108.0
513.0,107.0,53.0,108.0
512.0,110.0,53.0,108.0
512.0,111.0,53.0,108.0
512.0,114.0,55.0,111.0
512.0,115.0,55.0,111.0
512.0,118.0,55.0,111.0
512.0,120.0,55.0,111.0
512.0,122.0,55.0,111.0
511.0,123.0,55.0,111.0
510.0,124.0,56.0,113.0
510.0,125.0,56.0,113.0
510.0,128.0,55.0,112.0
510.0,129.0,55.0,112.0
511.0,130.0,55.0,112.0
510.0,132.0,55.0,112.0
510.0,134.0,55.0,112.0
510.0,136.0,55.0,112.0
510.0,137.0,55.0,112.0
510.0,140.0,55.0,111.0
509.0,141.0,55.0,111.0
509.0,144.0,55.0,111.0
509.0,146.0,55.0,111.0
509.0,148.0,55.0,111.0
509.0,150.0,55.0,111.0
508.0,153.0,55.0,111.0
508.0,155.0,55.0,111.0
509.0,158.0,55.0,111.0
508.0,160.0,55.0,111.0
508.0,162.0,55.0,111.0
508.0,164.0,55.0,112.0
507.0,166.0,55.0,112.0
507.0,167.0,55.0,112.0
507.0,168.0,55.0,112.0
506.0,169.0,55.0,112.0
506.0,169.0,55.0,112.0
506.0,171.0,55.0,111.0
506.0,173.0,55.0,111.0
506.0,173.0,55.0,111.0
506.0,175.0,55.0,111.0
507.0,177.0,53.0,108.0
507.0,180.0,53.0,108.0
507.0,182.0,52.0,107.0
507.0,183.0,52.0,107.0
508.0,186.0,51.0,105.0
508.0,188.0,51.0,105.0
508.0,190.0,51.0,106.0
508.0,193.0,51.0,106.0
510.0,195.0,50.0,104.0
510.0,198.0,50.0,104.0
511.0,199.0,50.0,104.0
510.0,200.0,51.0,106.0
511.0,202.0,51.0,106.0
512.0,203.0,51.0,107.0
513.0,203.0,51.0,107.0
514.0,204.0,52.0,108.0
515.0,204.0,52.0,108.0
515.0,206.0,52.0,108.0
516.0,207.0,52.0,108.0
517.0,209.0,52.0,108.0
518.0,211.0,51.0,106.0
519.0,212.0,51.0,106.0
520.0,214.0,51.0,105.0
520.0,216.0,51.0,105.0
521.0,218.0,51.0,105.0
522.0,220.0,51.0,105.0
523.0,222.0,51.0,105.0
524.0,223.0,51.0,106.0
524.0,226.0,51.0,106.0
525.0,228.0,51.0,106.0
526.0,230.0,51.0,106.0
527.0,232.0,51.0,106.0
527.0,233.0,51.0,106.0
528.0,234.0,51.0,106.0
528.0,234.0,51.0,106.0
528.0,236.0,51.0,106.0
529.0,236.0,51.0,106.0
530.0,237.0,51.0,107.0
531.0,238.0,51.0,106.0
532.0,239.0,51.0,106.0
533.0,241.0,51.0,106.0
534.0,242.0,51.0,106.0
535.0,243.0,51.0,106.0
536.0,244.0,51.0,106.0
538.0,246.0,51.0,106.0
539.0,247.0,51.0,106.0
540.0,248.0,51.0,106.0
542.0,250.0,51.0,104.0
544.0,253.0,50.0,103.0
545.0,254.0,51.0,104.0
546.0,255.0,51.0,105.0
547.0,256.0,51.0,107.0
548.0,256.0,52.0,108.0
551.0,257.0,52.0,108.0
552.0,257.0,52.0,108.0
554.0,257.0,52.0,108.0
555.0,256.0,53.0,110.0
557.0,256.0,53.0,110.0
559.0,257.0,53.0,110.0
560.0,256.0,53.0,110.0
562.0,257.0,55.0,113.0
563.0,257.0,55.0,113.0
566.0,259.0,55.0,112.0
567.0,259.0,55.0,112.0
570.0,260.0,55.0,112.0
571.0,261.0,55.0,112.0
572.0,262.0,55.0,112.0
575.0,263.0,55.0,113.0
576.0,264.0,55.0,113.0
578.0,265.0,55.0,113.0
579.0,266.0,56.0,115.0
581.0,267.0,56.0,115.0
582.0,268.0,56.0,115.0
584.0,269.0,56.0,115.0
586.0,269.0,56.0,115.0
587.0,270.0,56.0,115.0
589.0,270.0,56.0,115.0
591.0,270.0,56.0,115.0
593.0,270.0,56.0,115.0
596.0,270.0,56.0,115.0
598.0,270.0,56.0,115.0
600.0,270.0,56.0,114.0
602.0,271.0,56.0,114.0
604.0,271.0,56.0,114.0
608.0,273.0,55.0,112.0
609.0,274.0,55.0,112.0
612.0,274.0,55.0,112.0
615.0,275.0,55.0,112.0
617.0,276.0,56.0,112.0
620.0,277.0,55.0,112.0
623.0,278.0,55.0,112.0
625.0,280.0,55.0,112.0
629.0,282.0,55.0,113.0
632.0,282.0,55.0,113.0
636.0,283.0,54.0,113.0
639.0,284.0,54.0,113.0
642.0,283.0,55.0,115.0
645.0,282.0,56.0,117.0
648.0,282.0,56.0,117.0
652.0,282.0,56.0,116.0
655.0,281.0,56.0,116.0
659.0,281.0,56.0,116.0
662.0,281.0,57.0,116.0
665.0,281.0,57.0,115.0
668.0,282.0,56.0,113.0
672.0,282.0,56.0,113.0
675.0,281.0,56.0,113.0
678.0,283.0,55.0,112.0
682.0,284.0,55.0,112.0
684.0,284.0,55.0,112.0
688.0,285.0,55.0,112.0
691.0,285.0,55.0,112.0
694.0,285.0,55.0,113.0
697.0,286.0,55.0,113.0
700.0,286.0,55.0,113.0
703.0,286.0,55.0,113.0
705.0,286.0,55.0,113.0
708.0,285.0,55.0,114.0
711.0,284.0,55.0,114.0
713.0,283.0,55.0,114.0
716.0,282.0,55.0,113.0
719.0,282.0,55.0,112.0
721.0,281.0,55.0,112.0
723.0,280.0,55.0,112.0
726.0,280.0,56.0,112.0
727.0,279.0,56.0,112.0
730.0,279.0,56.0,112.0
732.0,279.0,56.0,112.0
733.0,280.0,56.0,112.0
736.0,279.0,56.0,112.0
737.0,280.0,56.0,112.0
739.0,280.0,56.0,112.0
741.0,280.0,56.0,112.0
742.0,281.0,56.0,112.0
744.0,281.0,56.0,112.0
746.0,281.0,56.0,112.0
747.0,280.0,57.0,114.0
748.0,279.0,57.0,114.0
749.0,279.0,57.0,114.0
750.0,275.0,58.0,116.0
751.0,274.0,58.0,116.0
752.0,273.0,58.0,116.0
752.0,273.0,58.0,115.0
751.0,272.0,58.0,115.0
747.0,271.0,58.0,115.0
742.0,270.0,58.0,115.0
735.0,269.0,58.0,115.0
726.0,267.0,58.0,115.0
716.0,266.0,58.0,115.0
704.0,265.0,58.0,115.0
692.0,264.0,58.0,115.0
680.0,263.0,58.0,115.0
667.0,262.0,58.0,115.0
654.0,262.0,58.0,115.0
641.0,261.0,58.0,115.0
627.0,261.0,58.0,116.0
613.0,261.0,58.0,116.0
599.0,260.0,57.0,115.0
585.0,260.0,57.0,115.0
572.0,259.0,57.0,115.0
558.0,259.0,57.0,115.0
544.0,259.0,57.0,115.0
532.0,259.0,57.0,115.0
521.0,258.0,57.0,114.0
510.0,259.0,57.0,114.0
501.0,259.0,56.0,114.0
492.0,259.0,56.0,114.0
483.0,259.0,56.0,114.0
476.0,260.0,56.0,114.0
469.0,261.0,56.0,114.0
463.0,262.0,56.0,114.0
457.0,262.0,56.0,114.0
452.0,262.0,57.0,115.0
447.0,263.0,57.0,115.0
445.0,263.0,56.0,115.0
442.0,264.0,56.0,115.0
440.0,264.0,56.0,115.0
439.0,264.0,56.0,115.0
438.0,263.0,56.0,115.0
437.0,262.0,56.0,115.0
436.0,260.0,56.0,115.0
436.0,258.0,56.0,115.0
436.0,256.0,56.0,115.0
434.0,255.0,56.0,114.0
433.0,254.0,56.0,114.0
432.0,252.0,56.0,114.0
431.0,251.0,55.0,114.0
431.0,250.0,55.0,114.0
430.0,249.0,55.0,114.0
429.0,248.0,56.0,114.0
428.0,247.0,56.0,114.0
428.0,246.0,56.0,114.0
427.0,246.0,56.0,114.0
426.0,244.0,57.0,114.0
425.0,243.0,57.0,114.0
425.0,241.0,57.0,114.0
426.0,239.0,57.0,114.0
426.0,238.0,57.0,115.0
425.0,237.0,57.0,115.0
425.0,234.0,57.0,115.0
425.0,232.0,57.0,115.0
425.0,229.0,57.0,115.0
424.0,227.0,57.0,115.0
423.0,224.0,56.0,113.0
423.0,222.0,56.0,113.0
423.0,220.0,56.0,113.0
422.0,218.0,56.0,112.0
422.0,217.0,56.0,112.0
422.0,216.0,54.0,109.0
422.0,214.0,54.0,109.0
422.0,213.0,54.0,109.0
421.0,212.0,54.0,109.0
421.0,210.0,54.0,109.0
421.0,209.0,54.0,109.0
421.0,207.0,54.0,109.0
421.0,206.0,54.0,109.0
421.0,205.0,54.0,109.0
422.0,204.0,54.0,109.0
422.0,203.0,54.0,110.0
422.0,201.0,54.0,110.0
422.0,199.0,54.0,110.0
422.0,197.0,54.0,110.0
422.0,195.0,54.0,110.0
423.0,193.0,53.0,110.0
423.0,191.0,53.0,109.0
423.0,188.0,53.0,109.0
423.0,187.0,53.0,109.0
424.0,185.0,52.0,107.0
423.0,183.0,53.0,108.0
424.0,181.0,52.0,106.0
424.0,180.0,51.0,106.0
425.0,179.0,51.0,106.0
425.0,178.0,50.0,104.0
425.0,176.0,51.0,106.0
426.0,175.0,50.0,104.0
425.0,173.0,51.0,106.0
426.0,172.0,51.0,106.0
426.0,171.0,51.0,106.0
426.0,170.0,51.0,106.0
426.0,169.0,51.0,106.0
426.0,168.0,51.0,106.0
426.0,166.0,51.0,107.0
426.0,165.0,51.0,107.0
426.0,165.0,51.0,107.0
426.0,163.0,50.0,105.0
426.0,161.0,51.0,107.0
426.0,158.0,51.0,107.0
426.0,156.0,51.0,107.0
426.0,155.0,51.0,107.0
426.0,153.0,51.0,106.0
426.0,151.0,51.0,106.0
426.0,150.0,51.0,106.0
426.0,149.0,51.0,106.0
426.0,148.0,51.0,106.0
426.0,147.0,51.0,106.0
426.0,146.0,51.0,106.0
426.0,145.0,51.0,106.0
426.0,144.0,51.0,106.0
427.0,143.0,51.0,106.0
428.0,143.0,51.0,106.0
429.0,143.0,51.0,107.0
430.0,143.0,51.0,107.0
430.0,142.0,51.0,107.0
431.0,142.0,51.0,107.0
432.0,140.0,51.0,107.0
433.0,140.0,51.0,107.0
433.0,139.0,51.0,107.0
434.0,137.0,51.0,107.0
434.0,136.0,51.0,107.0
435.0,134.0,51.0,107.0
436.0,133.0,51.0,107.0
436.0,132.0,51.0,106.0
436.0,131.0,51.0,106.0
435.0,131.0,51.0,106.0
434.0,130.0,51.0,106.0
433.0,130.0,51.0,106.0
432.0,130.0,51.0,106.0
431.0,131.0,51.0,106.0
429.0,131.0,51.0,106.0
426.0,131.0,51.0,106.0
424.0,132.0,50.0,104.0
422.0,132.0,50.0,105.0
419.0,132.0,50.0,105.0
416.0,133.0,50.0,105.0
414.0,134.0,50.0,105.0
412.0,135.0,50.0,105.0
409.0,135.0,51.0,107.0
407.0,135.0,51.0,107.0
405.0,135.0,51.0,107.0
403.0,134.0,50.0,105.0
401.0,133.0,51.0,107.0
400.0,132.0,51.0,107.0
399.0,131.0,51.0,107.0
397.0,131.0,51.0,107.0
397.0,130.0,51.0,106.0
396.0,130.0,51.0,106.0
395.0,130.0,51.0,106.0
394.0,129.0,51.0,106.0
394.0,130.0,51.0,106.0
394.0,131.0,51.0,106.0
393.0,131.0,51.0,106.0
391.0,131.0,51.0,106.0
391.0,132.0,51.0,106.0
391.0,131.0,51.0,106.0
390.0,131.0,51.0,106.0
390.0,131.0,51.0,106.0
389.0,132.0,51.0,107.0
388.0,133.0,51.0,107.0
387.0,133.0,51.0,107.0
386.0,133.0,51.0,107.0
386.0,132.0,51.0,107.0
385.0,132.0,51.0,107.0
384.0,130.0,51.0,107.0
383.0,129.0,51.0,107.0
382.0,129.0,51.0,107.0
381.0,129.0,51.0,107.0
380.0,129.0,51.0,107.0
379.0,129.0,51.0,106.0
378.0,129.0,51.0,106.0
376.0,129.0,51.0,106.0
375.0,129.0,51.0,106.0
374.0,129.0,51.0,106.0
373.0,130.0,51.0,106.0
372.0,131.0,52.0,106.0
370.0,131.0,52.0,106.0
369.0,133.0,51.0,104.0
367.0,134.0,51.0,104.0
365.0,135.0,51.0,104.0
363.0,137.0,51.0,104.0
361.0,138.0,52.0,104.0
358.0,138.0,52.0,104.0
357.0,139.0,52.0,104.0
354.0,139.0,52.0,104.0
350.0,138.0,52.0,104.0
348.0,139.0,53.0,104.0
346.0,139.0,53.0,104.0
344.0,139.0,53.0,104.0
341.0,140.0,53.0,104.0
340.0,140.0,53.0,104.0
337.0,140.0,52.0,104.0
336.0,140.0,52.0,104.0
334.0,141.0,52.0,104.0
333.0,142.0,52.0,104.0
330.0,143.0,52.0,104.0
329.0,144.0,52.0,104.0
327.0,145.0,52.0,104.0
326.0,146.0,52.0,104.0
325.0,148.0,52.0,104.0
322.0,149.0,52.0,104.0
321.0,150.0,52.0,104.0
320.0,152.0,52.0,104.0
319.0,153.0,52.0,104.0
320.0,154.0,52.0,104.0
321.0,154.0,52.0,104.0
324.0,154.0,52.0,104.0
328.0,152.0,51.0,104.0
332.0,152.0,51.0,104.0
338.0,151.0,51.0,104.0
344.0,150.0,51.0,104.0
351.0,149.0,51.0,104.0
358.0,149.0,51.0,104.0
366.0,148.0,51.0,104.0
373.0,148.0,51.0,104.0
381.0,148.0,51.0,104.0
388.0,148.0,51.0,104.0
396.0,148.0,51.0,104.0
403.0,148.0,51.0,104.0
410.0,148.0,51.0,104.0
417.0,149.0,51.0,104.0
424.0,150.0,50.0,102.0
431.0,151.0,50.0,102.0
435.0,152.0,50.0,102.0
441.0,153.0,50.0,102.0
445.0,155.0,50.0,101.0
448.0,156.0,50.0,101.0
450.0,157.0,50.0,101.0
452.0,157.0,50.0,101.0
453.0,158.0,50.0,101.0
455.0,159.0,50.0,101.0
456.0,159.0,50.0,101.0
455.0,160.0,50.0,101.0
455.0,162.0,50.0,101.0
454.0,163.0,50.0,101.0
454.0,164.0,50.0,102.0
452.0,166.0,50.0,102.0
451.0,167.0,50.0,102.0
449.0,169.0,50.0,102.0
448.0,172.0,50.0,102.0
446.0,174.0,50.0,102.0
444.0,175.0,51.0,104.0
444.0,178.0,51.0,104.0
442.0,180.0,51.0,104.0
441.0,182.0,51.0,104.0
439.0,184.0,51.0,104.0
438.0,186.0,51.0,104.0
436.0,188.0,51.0,104.0
435.0,189.0,50.0,102.0
434.0,191.0,50.0,102.0
431.0,192.0,50.0,102.0
429.0,193.0,50.0,102.0
428.0,194.0,50.0,102.0
426.0,196.0,50.0,102.0
424.0,198.0,50.0,102.0
423.0,200.0,50.0,102.0
422.0,201.0,50.0,102.0
421.0,203.0,50.0,102.0
419.0,204.0,50.0,102.0
418.0,207.0,50.0,102.0
416.0,209.0,50.0,102.0
414.0,211.0,50.0,102.0
413.0,213.0,50.0,103.0
411.0,215.0,50.0,103.0
409.0,218.0,50.0,103.0
407.0,219.0,50.0,103.0
405.0,222.0,50.0,102.0
403.0,225.0,50.0,102.0
400.0,228.0,50.0,102.0
398.0,229.0,50.0,102.0
396.0,231.0,50.0,102.0
394.0,232.0,50.0,102.0
392.0,234.0,50.0,102.0
389.0,235.0,50.0,102.0
387.0,236.0,50.0,102.0
385.0,239.0,50.0,102.0
383.0,240.0,50.0,102.0
381.0,242.0,50.0,102.0
380.0,244.0,50.0,102.0
379.0,246.0,50.0,102.0
378.0,249.0,50.0,102.0
376.0,250.0,50.0,102.0
374.0,253.0,50.0,102.0
373.0,255.0,50.0,102.0
372.0,258.0,50.0,102.0
370.0,260.0,51.0,103.0
368.0,262.0,51.0,103.0
367.0,265.0,50.0,103.0
366.0,267.0,50.0,103.0
364.0,270.0,51.0,103.0
363.0,272.0,52.0,105.0
361.0,274.0,52.0,105.0
360.0,275.0,52.0,105.0
358.0,276.0,52.0,105.0
355.0,277.0,52.0,105.0
354.0,278.0,52.0,105.0
353.0,279.0,52.0,105.0
351.0,281.0,52.0,105.0
350.0,282.0,52.0,105.0
349.0,284.0,51.0,105.0
348.0,285.0,51.0,105.0
346.0,287.0,51.0,105.0
345.0,288.0,52.0,105.0
344.0,290.0,52.0,105.0
342.0,292.0,52.0,105.0
341.0,294.0,52.0,105.0
339.0,296.0,52.0,105.0
338.0,298.0,52.0,105.0
338.0,300.0,52.0,105.0
337.0,301.0,52.0,105.0
335.0,303.0,53.0,107.0
335.0,305.0,53.0,107.0
334.0,305.0,54.0,107.0
333.0,306.0,54.0,107.0
332.0,305.0,54.0,107.0
332.0,306.0,54.0,107.0
332.0,305.0,54.0,106.0
333.0,307.0,54.0,106.0
334.0,307.0,54.0,106.0
335.0,307.0,54.0,106.0
337.0,306.0,54.0,106.0
341.0,306.0,54.0,106.0
342.0,306.0,54.0,106.0
344.0,306.0,53.0,106.0
348.0,305.0,53.0,106.0
351.0,304.0,53.0,106.0
353.0,304.0,53.0,106.0
357.0,304.0,53.0,106.0
359.0,303.0,53.0,106.0
361.0,302.0,53.0,106.0
364.0,302.0,54.0,107.0
368.0,300.0,54.0,107.0
369.0,299.0,54.0,107.0
371.0,298.0,54.0,107.0
373.0,296.0,53.0,107.0
376.0,293.0,53.0,107.0
377.0,291.0,52.0,107.0
378.0,289.0,52.0,107.0
379.0,287.0,52.0,107.0
380.0,286.0,52.0,107.0
382.0,285.0,52.0,107.0
382.0,283.0,52.0,107.0
382.0,282.0,52.0,107.0
383.0,281.0,52.0,107.0
384.0,280.0,52.0,107.0
384.0,279.0,52.0,107.0
384.0,279.0,52.0,107.0
384.0,278.0,52.0,106.0
384.0,277.0,52.0,106.0
384.0,277.0,52.0,106.0
384.0,276.0,52.0,107.0
384.0,275.0,52.0,107.0
384.0,275.0,52.0,107.0
385.0,273.0,52.0,107.0
386.0,271.0,52.0,107.0
386.0,269.0,52.0,106.0
387.0,267.0,52.0,106.0
391.0,266.0,52.0,104.0
393.0,264.0,52.0,104.0
395.0,261.0,52.0,104.0
399.0,260.0,52.0,104.0
403.0,257.0,51.0,104.0
408.0,255.0,51.0,104.0
412.0,253.0,51.0,104.0
417.0,252.0,51.0,104.0
421.0,250.0,50.0,102.0
426.0,249.0,50.0,102.0
431.0,248.0,50.0,102.0
436.0,247.0,50.0,102.0
441.0,246.0,50.0,102.0
446.0,244.0,50.0,103.0
451.0,243.0,50.0,103.0
456.0,242.0,50.0,103.0
