405.0, 121.0, 99.0, 199.0
400.0, 124.0, 97.0588236451149, 195.09803944826126
394.0, 125.0, 98.99999826676705, 198.9999965160267
391.0, 126.0, 98.99999826676705, 198.9999965160267
387.0, 129.0, 98.99999826676705, 198.9999965160267
386.0, 130.0, 98.99999826676705, 198.9999965160267
385.0, 133.0, 97.05882194586691, 195.09803603260116
386.0, 133.0, 97.05882194586691, 195.09803603260116
386.0, 134.0, 95.15570790350003, 191.2725845737021
387.0, 133.0, 95.15570790350003, 191.2725845737021
389.0, 132.0, 95.15570790350003, 191.2725845737021
391.0, 132.0, 93.28990982052399, 187.52214196246743
393.0, 130.0, 93.28990982052399, 187.52214196246743
395.0, 129.0, 93.28990982052399, 187.52214196246743
397.0, 129.0, 93.28990982052399, 187.52214196246743
400.0, 128.0, 93.28990982052399, 187.52214196246743
402.0, 127.0, 93.28990982052399, 187.52214196246743
404.0, 126.0, 93.28990982052399, 187.52214196246743
406.0, 126.0, 93.28990982052399, 187.52214196246743
408.0, 126.0, 93.28990982052399, 187.52214196246743
410.0, 126.0, 93.28990982052399, 187.52214196246743
412.0, 126.0, 93.28990982052399, 187.52214196246743
412.0, 126.0, 93.28990982052399, 187.52214196246743
413.0, 126.0, 93.28990982052399, 187.52214196246743
412.0, 126.0, 93.28990982052399, 187.52214196246743
411.0, 127.0, 93.28990982052399, 187.52214196246743
409.0, 128.0, 93.28990982052399, 187.52214196246743
406.0, 129.0, 93.28990982052399, 187.52214196246743
403.0, 129.0, 93.28990982052399, 187.52214196246743
398.0, 127.0, 95.15570623757066, 191.27258122501576
391.0, 125.0, 97.058818547371, 195.0980292012811
386.0, 125.0, 97.058818547371, 195.0980292012811
379.0, 123.0, 97.058818547371, 195.0980292012811
371.0, 121.0, 97.058818547371, 195.0980292012811
363.0, 122.0, 97.058818547371, 195.0980292012811
354.0, 121.0, 97.058818547371, 195.0980292012811
345.0, 122.0, 97.058818547371, 195.0980292012811
336.0, 122.0, 97.058818547371, 195.0980292012811
326.0, 123.0, 97.058818547371, 195.0980292012811
317.0, 124.0, 97.058818547371, 195.0980292012811
307.0, 125.0, 97.058818547371, 195.0980292012811
297.0, 127.0, 97.058818547371, 195.0980292012811
287.0, 128.0, 97.058818547371, 195.0980292012811
277.0, 130.0, 97.058818547371, 195.0980292012811
267.0, 132.0, 97.058818547371, 195.0980292012811
258.0, 133.0, 97.058818547371, 195.0980292012811
251.0, 134.0, 97.058818547371, 195.0980292012811
243.0, 135.0, 97.058818547371, 195.0980292012811
238.0, 135.0, 98.99999306706837, 198.99998606410713
232.0, 134.0, 100.97999104013472, 202.97998198976578
229.0, 132.0, 100.97999104013472, 202.97998198976578
226.0, 130.0, 100.97999104013472, 202.97998198976578
223.0, 128.0, 100.97999104013472, 202.97998198976578
222.0, 126.0, 100.97999104013472, 202.97998198976578
221.0, 124.0, 100.97999104013472, 202.97998198976578
221.0, 121.0, 100.97999104013472, 202.97998198976578
223.0, 118.0, 100.97999104013472, 202.97998198976578
224.0, 117.0, 100.97999104013472, 202.97998198976578
228.0, 114.0, 100.97999104013472, 202.97998198976578
231.0, 114.0, 98.99999133383554, 198.99998258013406
237.0, 111.0, 98.99999133383554, 198.99998258013406
241.0, 110.0, 97.05881514887521, 195.09802236996128
245.0, 108.0, 97.05881514887521, 195.09802236996128
250.0, 106.0, 97.05881514887521, 195.09802236996128
254.0, 104.0, 97.05881514887521, 195.09802236996128
258.0, 103.0, 97.05881514887521, 195.09802236996128
261.0, 101.0, 97.05881514887521, 195.09802236996128
266.0, 98.0, 97.05881514887521, 195.09802236996128
269.0, 96.0, 97.05881514887521, 195.09802236996128
272.0, 92.0, 97.05881514887521, 195.09802236996128
276.0, 88.0, 97.05881514887521, 195.09802236996128
278.0, 84.0, 97.05881514887521, 195.09802236996128
281.0, 81.0, 97.05881514887521, 195.09802236996128
283.0, 77.0, 97.05881514887521, 195.09802236996128
286.0, 75.0, 97.05881514887521, 195.09802236996128
289.0, 72.0, 97.05881514887521, 195.09802236996128
291.0, 71.0, 97.05881514887521, 195.09802236996128
295.0, 70.0, 95.15570123978269, 191.27257117895712
298.0, 69.0, 95.15570123978269, 191.27257117895712
301.0, 67.0, 95.15570123978269, 191.27257117895712
305.0, 68.0, 93.28990328746777, 187.5221288303645
308.0, 66.0, 93.28990328746777, 187.5221288303645
311.0, 65.0, 93.28990328746777, 187.5221288303645
314.0, 65.0, 93.28990328746777, 187.5221288303645
319.0, 65.0, 93.28990328746777, 187.5221288303645
323.0, 66.0, 91.46068960654705, 183.84522456265518
327.0, 65.0, 91.46068960654705, 183.84522456265518
330.0, 64.0, 91.46068960654705, 183.84522456265518
335.0, 64.0, 91.46068960654705, 183.84522456265518
339.0, 63.0, 91.46068960654705, 183.84522456265518
343.0, 62.0, 91.46068960654705, 183.84522456265518
348.0, 60.0, 91.46068960654705, 183.84522456265518
352.0, 58.0, 91.46068960654705, 183.84522456265518
356.0, 57.0, 91.46068960654705, 183.84522456265518
360.0, 55.0, 91.46068960654705, 183.84522456265518
364.0, 54.0, 91.46068960654705, 183.84522456265518
367.0, 53.0, 91.46068960654705, 183.84522456265518
371.0, 52.0, 91.46068960654705, 183.84522456265518
375.0, 51.0, 91.46068960654705, 183.84522456265518
377.0, 51.0, 91.46068960654705, 183.84522456265518
381.0, 51.0, 91.46068960654705, 183.84522456265518
384.0, 51.0, 91.46068960654705, 183.84522456265518
388.0, 51.0, 91.46068960654705, 183.84522456265518
391.0, 51.0, 91.46068960654705, 183.84522456265518
395.0, 53.0, 89.66734285840852, 180.24041645276057
397.0, 52.0, 89.66734285840852, 180.24041645276057
400.0, 53.0, 89.66734285840852, 180.24041645276057
402.0, 54.0, 89.66734285840852, 180.24041645276057
405.0, 54.0, 89.66734285840852, 180.24041645276057
408.0, 54.0, 89.66734285840852, 180.24041645276057
410.0, 54.0, 89.66734285840852, 180.24041645276057
412.0, 54.0, 89.66734285840852, 180.24041645276057
415.0, 54.0, 89.66734285840852, 180.24041645276057
416.0, 53.0, 89.66734285840852, 180.24041645276057
419.0, 52.0, 89.66734285840852, 180.24041645276057
422.0, 52.0, 89.66734285840852, 180.24041645276057
425.0, 52.0, 89.66734285840852, 180.24041645276057
427.0, 52.0, 89.66734285840852, 180.24041645276057
429.0, 53.0, 89.66734285840852, 180.24041645276057
432.0, 53.0, 89.66734285840852, 180.24041645276057
435.0, 53.0, 89.66734285840852, 180.24041645276057
438.0, 53.0, 89.66734285840852, 180.24041645276057
441.0, 56.0, 87.90915976990227, 176.70629085061165
444.0, 57.0, 87.90915976990227, 176.70629085061165
448.0, 58.0, 87.90915976990227, 176.70629085061165
450.0, 59.0, 87.90915976990227, 176.70629085061165
453.0, 60.0, 87.90915976990227, 176.70629085061165
456.0, 61.0, 87.90915976990227, 176.70629085061165
459.0, 62.0, 87.90915976990227, 176.70629085061165
462.0, 63.0, 87.90915976990227, 176.70629085061165
464.0, 63.0, 87.90915976990227, 176.70629085061165
467.0, 63.0, 87.90915976990227, 176.70629085061165
470.0, 63.0, 87.90915976990227, 176.70629085061165
473.0, 63.0, 87.90915976990227, 176.70629085061165
475.0, 62.0, 87.90915976990227, 176.70629085061165
478.0, 62.0, 87.90915976990227, 176.70629085061165
481.0, 62.0, 87.90915976990227, 176.70629085061165
483.0, 62.0, 87.90915976990227, 176.70629085061165
485.0, 62.0, 87.90915976990227, 176.70629085061165
488.0, 62.0, 87.90915976990227, 176.70629085061165
491.0, 63.0, 87.90915976990227, 176.70629085061165
493.0, 64.0, 87.90915976990227, 176.70629085061165
495.0, 65.0, 87.90915976990227, 176.70629085061165
497.0, 67.0, 87.90915976990227, 176.70629085061165
499.0, 68.0, 87.90915976990227, 176.70629085061165
500.0, 70.0, 87.90915976990227, 176.70629085061165
501.0, 73.0, 87.90915976990227, 176.70629085061165
501.0, 75.0, 87.90915976990227, 176.70629085061165
501.0, 78.0, 87.90915976990227, 176.70629085061165
498.0, 79.0, 89.66734128856616, 180.24041329721885
495.0, 82.0, 89.66734128856616, 180.24041329721885
490.0, 82.0, 91.46068640406868, 183.84521812535016
485.0, 81.0, 93.28989838767589, 187.52211898128792
480.0, 83.0, 93.28989838767589, 187.52211898128792
474.0, 84.0, 93.28989838767589, 187.52211898128792
468.0, 85.0, 93.28989838767589, 187.52211898128792
461.0, 86.0, 93.28989838767589, 187.52211898128792
455.0, 88.0, 93.28989838767589, 187.52211898128792
448.0, 91.0, 93.28989838767589, 187.52211898128792
442.0, 92.0, 95.15569457606581, 191.2725577842131
437.0, 94.0, 95.15569457606581, 191.2725577842131
431.0, 96.0, 95.15569457606581, 191.2725577842131
427.0, 98.0, 95.15569457606581, 191.2725577842131
423.0, 101.0, 95.15569457606581, 191.2725577842131
419.0, 103.0, 95.15569457606581, 191.2725577842131
416.0, 106.0, 95.15569457606581, 191.2725577842131
413.0, 109.0, 95.15569457606581, 191.2725577842131
410.0, 111.0, 95.15569457606581, 191.2725577842131
409.0, 113.0, 95.15569457606581, 191.2725577842131
408.0, 114.0, 95.15569457606581, 191.2725577842131
406.0, 116.0, 95.15569457606581, 191.2725577842131
406.0, 116.0, 95.15569457606581, 191.2725577842131
406.0, 116.0, 95.15569457606581, 191.2725577842131
407.0, 115.0, 95.15569457606581, 191.2725577842131
408.0, 113.0, 95.15569457606581, 191.2725577842131
409.0, 112.0, 95.15569457606581, 191.2725577842131
410.0, 110.0, 95.15569457606581, 191.2725577842131
411.0, 109.0, 95.15569457606581, 191.2725577842131
413.0, 109.0, 95.15569457606581, 191.2725577842131
414.0, 108.0, 95.15569457606581, 191.2725577842131
415.0, 107.0, 95.15569457606581, 191.2725577842131
416.0, 107.0, 95.15569457606581, 191.2725577842131
417.0, 107.0, 95.15569457606581, 191.2725577842131
418.0, 107.0, 95.15569457606581, 191.2725577842131
420.0, 107.0, 95.15569457606581, 191.2725577842131
420.0, 107.0, 95.15569457606581, 191.2725577842131
422.0, 107.0, 95.15569457606581, 191.2725577842131
422.0, 108.0, 95.15569457606581, 191.2725577842131
423.0, 108.0, 95.15569457606581, 191.2725577842131
425.0, 109.0, 95.15569457606581, 191.2725577842131
425.0, 108.0, 95.15569457606581, 191.2725577842131
426.0, 108.0, 95.15569457606581, 191.2725577842131
427.0, 106.0, 95.15569457606581, 191.2725577842131
427.0, 104.0, 95.15569457606581, 191.2725577842131
428.0, 102.0, 95.15569457606581, 191.2725577842131
428.0, 101.0, 95.15569457606581, 191.2725577842131
429.0, 101.0, 95.15569457606581, 191.2725577842131
429.0, 100.0, 95.15569457606581, 191.2725577842131
430.0, 100.0, 95.15569457606581, 191.2725577842131
430.0, 99.0, 95.15569457606581, 191.2725577842131
431.0, 99.0, 95.15569457606581, 191.2725577842131
432.0, 100.0, 95.15569457606581, 191.2725577842131
434.0, 99.0, 95.15569457606581, 191.2725577842131
436.0, 101.0, 93.289896754412, 187.52211569826252
437.0, 101.0, 93.289896754412, 187.52211569826252
439.0, 102.0, 93.289896754412, 187.52211569826252
440.0, 103.0, 93.289896754412, 187.52211569826252
442.0, 104.0, 93.289896754412, 187.52211569826252
443.0, 105.0, 93.289896754412, 187.52211569826252
444.0, 106.0, 93.289896754412, 187.52211569826252
446.0, 106.0, 93.289896754412, 187.52211569826252
448.0, 106.0, 93.289896754412, 187.52211569826252
449.0, 105.0, 93.289896754412, 187.52211569826252
450.0, 105.0, 93.289896754412, 187.52211569826252
451.0, 103.0, 93.289896754412, 187.52211569826252
452.0, 102.0, 93.289896754412, 187.52211569826252
453.0, 102.0, 93.289896754412, 187.52211569826252
454.0, 101.0, 93.289896754412, 187.52211569826252
454.0, 100.0, 95.15569291013668, 191.27255443552727
455.0, 101.0, 95.15569291013668, 191.27255443552727
456.0, 101.0, 95.15569291013668, 191.27255443552727
457.0, 102.0, 95.15569291013668, 191.27255443552727
458.0, 103.0, 95.15569291013668, 191.27255443552727
458.0, 104.0, 95.15569291013668, 191.27255443552727
459.0, 105.0, 95.15569291013668, 191.27255443552727
459.0, 107.0, 95.15569291013668, 191.27255443552727
460.0, 108.0, 95.15569291013668, 191.27255443552727
460.0, 110.0, 95.15569291013668, 191.27255443552727
460.0, 112.0, 95.15569291013668, 191.27255443552727
461.0, 113.0, 95.15569291013668, 191.27255443552727
462.0, 115.0, 95.15569291013668, 191.27255443552727
461.0, 116.0, 95.15569291013668, 191.27255443552727
462.0, 115.0, 95.15569291013668, 191.27255443552727
462.0, 115.0, 95.15569291013668, 191.27255443552727
462.0, 114.0, 95.15569291013668, 191.27255443552727
462.0, 115.0, 95.15569291013668, 191.27255443552727
462.0, 115.0, 95.15569291013668, 191.27255443552727
463.0, 116.0, 95.15569291013668, 191.27255443552727
463.0, 118.0, 95.15569291013668, 191.27255443552727
463.0, 119.0, 95.15569291013668, 191.27255443552727
464.0, 121.0, 95.15569291013668, 191.27255443552727
464.0, 123.0, 95.15569291013668, 191.27255443552727
465.0, 125.0, 95.15569291013668, 191.27255443552727
465.0, 127.0, 95.15569291013668, 191.27255443552727
466.0, 129.0, 95.15569291013668, 191.27255443552727
467.0, 131.0, 95.15569291013668, 191.27255443552727
468.0, 133.0, 95.15569291013668, 191.27255443552727
469.0, 135.0, 95.15569291013668, 191.27255443552727
471.0, 137.0, 95.15569291013668, 191.27255443552727
472.0, 138.0, 95.15569291013668, 191.27255443552727
473.0, 139.0, 95.15569291013668, 191.27255443552727
474.0, 139.0, 95.15569291013668, 191.27255443552727
475.0, 138.0, 95.15569291013668, 191.27255443552727
474.0, 136.0, 97.05880495338862, 195.09800187600337
475.0, 136.0, 97.05880495338862, 195.09800187600337
476.0, 137.0, 97.05880495338862, 195.09800187600337
476.0, 136.0, 97.05880495338862, 195.09800187600337
476.0, 137.0, 97.05880495338862, 195.09800187600337
475.0, 137.0, 97.05880495338862, 195.09800187600337
476.0, 139.0, 97.05880495338862, 195.09800187600337
476.0, 141.0, 97.05880495338862, 195.09800187600337
476.0, 142.0, 97.05880495338862, 195.09800187600337
476.0, 145.0, 97.05880495338862, 195.09800187600337
477.0, 146.0, 97.05880495338862, 195.09800187600337
477.0, 148.0, 97.05880495338862, 195.09800187600337
477.0, 151.0, 97.05880495338862, 195.09800187600337
477.0, 153.0, 97.05880495338862, 195.09800187600337
477.0, 156.0, 97.05880495338862, 195.09800187600337
477.0, 158.0, 97.05880495338862, 195.09800187600337
477.0, 159.0, 97.05880495338862, 195.09800187600337
477.0, 161.0, 97.05880495338862, 195.09800187600337
477.0, 160.0, 97.05880495338862, 195.09800187600337
477.0, 160.0, 97.05880495338862, 195.09800187600337
477.0, 161.0, 97.05880495338862, 195.09800187600337
476.0, 161.0, 97.05880495338862, 195.09800187600337
476.0, 161.0, 97.05880495338862, 195.09800187600337
476.0, 161.0, 97.05880495338862, 195.09800187600337
477.0, 162.0, 97.05880495338862, 195.09800187600337
476.0, 163.0, 97.05880495338862, 195.09800187600337
477.0, 164.0, 97.05880495338862, 195.09800187600337
476.0, 165.0, 97.05880495338862, 195.09800187600337
477.0, 165.0, 97.05880495338862, 195.09800187600337
478.0, 167.0, 97.05880495338862, 195.09800187600337
478.0, 168.0, 97.05880495338862, 195.09800187600337
479.0, 169.0, 97.05880495338862, 195.09800187600337
481.0, 171.0, 97.05880495338862, 195.09800187600337
482.0, 173.0, 97.05880495338862, 195.09800187600337
483.0, 174.0, 97.05880495338862, 195.09800187600337
484.0, 176.0, 97.05880495338862, 195.09800187600337
486.0, 177.0, 97.05880495338862, 195.09800187600337
488.0, 176.0, 97.05880495338862, 195.09800187600337
489.0, 175.0, 97.05880495338862, 195.09800187600337
491.0, 174.0, 97.05880495338862, 195.09800187600337
493.0, 172.0, 97.05880495338862, 195.09800187600337
495.0, 172.0, 97.05880495338862, 195.09800187600337
496.0, 171.0, 97.05880495338862, 195.09800187600337
497.0, 169.0, 98.99997920120659, 198.99995819232436
498.0, 169.0, 98.99997920120659, 198.99995819232436
500.0, 168.0, 98.99997920120659, 198.99995819232436
502.0, 168.0, 98.99997920120659, 198.99995819232436
502.0, 168.0, 98.99997920120659, 198.99995819232436
503.0, 169.0, 98.99997920120659, 198.99995819232436
504.0, 170.0, 98.99997920120659, 198.99995819232436
506.0, 173.0, 97.05880325414094, 195.09799846034392
507.0, 173.0, 97.05880325414094, 195.09799846034392
509.0, 175.0, 95.15568957827848, 191.27254773815574
510.0, 176.0, 95.15568957827848, 191.27254773815574
511.0, 177.0, 95.15568957827848, 191.27254773815574
512.0, 178.0, 95.15568957827848, 191.27254773815574
513.0, 178.0, 95.15568957827848, 191.27254773815574
514.0, 178.0, 95.15568957827848, 191.27254773815574
515.0, 176.0, 95.15568957827848, 191.27254773815574
515.0, 175.0, 95.15568957827848, 191.27254773815574
517.0, 174.0, 95.15568957827848, 191.27254773815574
518.0, 174.0, 95.15568957827848, 191.27254773815574
519.0, 172.0, 97.0588015548933, 195.0979950446845
520.0, 172.0, 97.0588015548933, 195.0979950446845
523.0, 172.0, 97.0588015548933, 195.0979950446845
524.0, 173.0, 97.0588015548933, 195.0979950446845
526.0, 173.0, 97.0588015548933, 195.0979950446845
528.0, 174.0, 97.0588015548933, 195.0979950446845
530.0, 174.0, 97.0588015548933, 195.0979950446845
533.0, 176.0, 97.0588015548933, 195.0979950446845
535.0, 177.0, 97.0588015548933, 195.0979950446845
537.0, 178.0, 97.0588015548933, 195.0979950446845
540.0, 179.0, 97.0588015548933, 195.0979950446845
542.0, 181.0, 97.0588015548933, 195.0979950446845
543.0, 182.0, 97.0588015548933, 195.0979950446845
545.0, 182.0, 97.0588015548933, 195.0979950446845
546.0, 182.0, 97.0588015548933, 195.0979950446845
547.0, 180.0, 97.0588015548933, 195.0979950446845
548.0, 180.0, 97.0588015548933, 195.0979950446845
548.0, 179.0, 97.0588015548933, 195.0979950446845
548.0, 179.0, 97.0588015548933, 195.0979950446845
548.0, 179.0, 97.0588015548933, 195.0979950446845
547.0, 180.0, 97.0588015548933, 195.0979950446845
546.0, 180.0, 97.0588015548933, 195.0979950446845
544.0, 180.0, 98.99997573474144, 198.99995122437926
543.0, 181.0, 98.99997573474144, 198.99995122437926
540.0, 184.0, 98.99997573474144, 198.99995122437926
538.0, 186.0, 98.99997573474144, 198.99995122437926
535.0, 188.0, 98.99997573474144, 198.99995122437926
531.0, 189.0, 100.97997336116157, 202.97994645324397
527.0, 193.0, 100.97997336116157, 202.97994645324397
522.0, 196.0, 100.97997336116157, 202.97994645324397
515.0, 198.0, 102.99957090234467, 207.03954151077363
508.0, 201.0, 102.99957090234467, 207.03954151077363
500.0, 203.0, 102.99957090234467, 207.03954151077363
491.0, 204.0, 102.99957090234467, 207.03954151077363
483.0, 202.0, 105.05956035583064, 211.18032839202323
475.0, 204.0, 105.05956035583064, 211.18032839202323
466.0, 204.0, 105.05956035583064, 211.18032839202323
458.0, 207.0, 105.05956035583064, 211.18032839202323
449.0, 206.0, 107.16074955909517, 215.40393093191858
442.0, 209.0, 107.16074955909517, 215.40393093191858
435.0, 211.0, 107.16074955909517, 215.40393093191858
429.0, 213.0, 107.16074955909517, 215.40393093191858
424.0, 216.0, 107.16074955909517, 215.40393093191858
419.0, 218.0, 107.16074955909517, 215.40393093191858
416.0, 221.0, 107.16074955909517, 215.40393093191858
412.0, 223.0, 107.16074955909517, 215.40393093191858
409.0, 226.0, 107.16074955909517, 215.40393093191858
408.0, 228.0, 107.16074955909517, 215.40393093191858
405.0, 228.0, 109.30396250634799, 219.712005442053
405.0, 229.0, 109.30396250634799, 219.712005442053
404.0, 226.0, 111.49003967166732, 224.10624136022017
404.0, 225.0, 111.49003967166732, 224.10624136022017
405.0, 223.0, 111.49003967166732, 224.10624136022017
407.0, 221.0, 111.49003967166732, 224.10624136022017
409.0, 220.0, 111.49003967166732, 224.10624136022017
411.0, 220.0, 111.49003967166732, 224.10624136022017
414.0, 220.0, 111.49003967166732, 224.10624136022017
418.0, 219.0, 111.49003967166732, 224.10624136022017
420.0, 218.0, 111.49003967166732, 224.10624136022017
423.0, 218.0, 111.49003967166732, 224.10624136022017
425.0, 217.0, 111.49003967166732, 224.10624136022017
428.0, 216.0, 111.49003967166732, 224.10624136022017
431.0, 215.0, 111.49003967166732, 224.10624136022017
433.0, 214.0, 111.49003967166732, 224.10624136022017
436.0, 213.0, 111.49003967166732, 224.10624136022017
439.0, 212.0, 111.49003967166732, 224.10624136022017
441.0, 211.0, 111.49003967166732, 224.10624136022017
444.0, 210.0, 111.49003967166732, 224.10624136022017
446.0, 209.0, 111.49003967166732, 224.10624136022017
449.0, 207.0, 111.49003967166732, 224.10624136022017
452.0, 203.0, 111.49003967166732, 224.10624136022017
455.0, 200.0, 111.49003967166732, 224.10624136022017
458.0, 196.0, 111.49003967166732, 224.10624136022017
462.0, 193.0, 111.49003967166732, 224.10624136022017
465.0, 193.0, 109.3039605927194, 219.7120015954663
469.0, 190.0, 109.3039605927194, 219.7120015954663
472.0, 189.0, 107.16074580688225, 215.40392338959157
477.0, 188.0, 105.05955483787041, 211.18031730036574
483.0, 187.0, 102.99956368932466, 207.03952701187484
488.0, 184.0, 102.99956368932466, 207.03952701187484
493.0, 185.0, 100.97996452167618, 202.97992868498545
495.0, 184.0, 100.97996452167618, 202.97992868498545
497.0, 183.0, 100.97996452167618, 202.97992868498545
498.0, 183.0, 100.97996452167618, 202.97992868498545
499.0, 182.0, 100.97996452167618, 202.97992868498545
497.0, 182.0, 100.97996452167618, 202.97992868498545
498.0, 182.0, 98.99996533534674, 198.99993032054547
497.0, 180.0, 98.99996533534674, 198.99993032054547
494.0, 177.0, 98.99996533534674, 198.99993032054547
493.0, 174.0, 98.99996533534674, 198.99993032054547
491.0, 171.0, 98.99996533534674, 198.99993032054547
489.0, 169.0, 98.99996533534674, 198.99993032054547
486.0, 167.0, 98.99996533534674, 198.99993032054547
483.0, 164.0, 98.99996533534674, 198.99993032054547
479.0, 163.0, 98.99996533534674, 198.99993032054547
477.0, 161.0, 98.99996533534674, 198.99993032054547
474.0, 159.0, 98.99996533534674, 198.99993032054547
470.0, 158.0, 98.99996533534674, 198.99993032054547
467.0, 157.0, 98.99996533534674, 198.99993032054547
464.0, 155.0, 98.99996533534674, 198.99993032054547
461.0, 154.0, 98.99996533534674, 198.99993032054547
459.0, 154.0, 98.99996533534674, 198.99993032054547
457.0, 152.0, 98.99996533534674, 198.99993032054547
455.0, 151.0, 98.99996533534674, 198.99993032054547
454.0, 151.0, 98.99996533534674, 198.99993032054547
453.0, 149.0, 98.99996533534674, 198.99993032054547
454.0, 148.0, 98.99996533534674, 198.99993032054547
455.0, 146.0, 98.99996533534674, 198.99993032054547
457.0, 143.0, 98.99996533534674, 198.99993032054547
460.0, 141.0, 98.99996533534674, 198.99993032054547
462.0, 137.0, 98.99996533534674, 198.99993032054547
465.0, 133.0, 98.99996533534674, 198.99993032054547
470.0, 129.0, 98.99996533534674, 198.99993032054547
472.0, 126.0, 98.99996533534674, 198.99993032054547
476.0, 123.0, 98.99996533534674, 198.99993032054547
479.0, 120.0, 98.99996533534674, 198.99993032054547
482.0, 119.0, 98.99996533534674, 198.99993032054547
485.0, 118.0, 97.05878966016068, 195.09797113507048
489.0, 117.0, 95.15567625084685, 191.27252094867194
492.0, 116.0, 95.15567625084685, 191.27252094867194
496.0, 115.0, 95.15567625084685, 191.27252094867194
499.0, 115.0, 95.15567625084685, 191.27252094867194
503.0, 113.0, 95.15567625084685, 191.27252094867194
506.0, 112.0, 95.15567625084685, 191.27252094867194
511.0, 113.0, 93.28987878851103, 187.52207958498684
516.0, 112.0, 93.28987878851103, 187.52207958498684
519.0, 111.0, 93.28987878851103, 187.52207958498684
525.0, 109.0, 93.28987878851103, 187.52207958498684
527.0, 107.0, 93.28987878851103, 187.52207958498684
533.0, 104.0, 93.28987878851103, 187.52207958498684
535.0, 100.0, 93.28987878851103, 187.52207958498684
536.0, 99.0, 93.28987878851103, 187.52207958498684
538.0, 96.0, 93.28987878851103, 187.52207958498684
536.0, 93.0, 95.15567458491803, 191.27251759998674
536.0, 91.0, 95.15567458491803, 191.27251759998674
535.0, 89.0, 95.15567458491803, 191.27251759998674
532.0, 87.0, 97.05878626166594, 195.09796430375275
530.0, 86.0, 97.05878626166594, 195.09796430375275
525.0, 84.0, 98.99996013564981, 198.99991986862943
521.0, 84.0, 98.99996013564981, 198.99991986862943
515.0, 84.0, 98.99996013564981, 198.99991986862943
510.0, 83.0, 98.99996013564981, 198.99991986862943
502.0, 81.0, 98.99996013564981, 198.99991986862943
494.0, 80.0, 98.99996013564981, 198.99991986862943
486.0, 79.0, 98.99996013564981, 198.99991986862943
479.0, 78.0, 98.99996013564981, 198.99991986862943
469.0, 77.0, 98.99996013564981, 198.99991986862943
460.0, 74.0, 98.99996013564981, 198.99991986862943
450.0, 72.0, 98.99996013564981, 198.99991986862943
439.0, 71.0, 98.99996013564981, 198.99991986862943
429.0, 69.0, 98.99996013564981, 198.99991986862943
417.0, 68.0, 98.99996013564981, 198.99991986862943
407.0, 68.0, 98.99996013564981, 198.99991986862943
396.0, 67.0, 98.99996013564981, 198.99991986862943
387.0, 67.0, 98.99996013564981, 198.99991986862943
377.0, 67.0, 98.99996013564981, 198.99991986862943
369.0, 68.0, 98.99996013564981, 198.99991986862943
363.0, 68.0, 98.99996013564981, 198.99991986862943
356.0, 69.0, 98.99996013564981, 198.99991986862943
351.0, 72.0, 98.99996013564981, 198.99991986862943
347.0, 72.0, 98.99996013564981, 198.99991986862943
344.0, 74.0, 98.99996013564981, 198.99991986862943
342.0, 74.0, 98.99996013564981, 198.99991986862943
340.0, 75.0, 98.99996013564981, 198.99991986862943
340.0, 75.0, 98.99996013564981, 198.99991986862943
340.0, 75.0, 98.99996013564981, 198.99991986862943
342.0, 73.0, 98.99996013564981, 198.99991986862943
343.0, 71.0, 98.99996013564981, 198.99991986862943
347.0, 68.0, 98.99996013564981, 198.99991986862943
348.0, 65.0, 98.99996013564981, 198.99991986862943
352.0, 63.0, 98.99996013564981, 198.99991986862943
354.0, 60.0, 98.99996013564981, 198.99991986862943
357.0, 59.0, 98.99996013564981, 198.99991986862943
360.0, 57.0, 98.99996013564981, 198.99991986862943
362.0, 56.0, 98.99996013564981, 198.99991986862943
366.0, 54.0, 98.99996013564981, 198.99991986862943
369.0, 56.0, 97.0587845624186, 195.09796088809395
372.0, 54.0, 97.0587845624186, 195.09796088809395
374.0, 54.0, 97.0587845624186, 195.09796088809395
378.0, 53.0, 97.0587845624186, 195.09796088809395
380.0, 52.0, 97.0587845624186, 195.09796088809395
383.0, 53.0, 97.0587845624186, 195.09796088809395
386.0, 54.0, 95.15567125306048, 191.2725109026165
389.0, 55.0, 95.15567125306048, 191.2725109026165
393.0, 54.0, 95.15567125306048, 191.2725109026165
395.0, 54.0, 95.15567125306048, 191.2725109026165
399.0, 54.0, 95.15567125306048, 191.2725109026165
402.0, 52.0, 95.15567125306048, 191.2725109026165
404.0, 51.0, 95.15567125306048, 191.2725109026165
407.0, 48.0, 95.15567125306048, 191.2725109026165
409.0, 46.0, 95.15567125306048, 191.2725109026165
412.0, 45.0, 95.15567125306048, 191.2725109026165
415.0, 42.0, 95.15567125306048, 191.2725109026165
417.0, 41.0, 95.15567125306048, 191.2725109026165
421.0, 40.0, 95.15567125306048, 191.2725109026165
422.0, 40.0, 95.15567125306048, 191.2725109026165
425.0, 39.0, 95.15567125306048, 191.2725109026165
428.0, 39.0, 95.15567125306048, 191.2725109026165
432.0, 42.0, 93.28987388872045, 187.52206973591282
434.0, 42.0, 93.28987388872045, 187.52206973591282
437.0, 42.0, 93.28987388872045, 187.52206973591282
440.0, 43.0, 93.28987388872045, 187.52206973591282
443.0, 45.0, 91.46066078424573, 183.8451666269182
447.0, 46.0, 91.46066078424573, 183.8451666269182
451.0, 49.0, 89.66731460125033, 180.24035965301834
456.0, 51.0, 87.90913206680598, 176.7062351645898
460.0, 53.0, 87.90913206680598, 176.7062351645898
464.0, 54.0, 87.90913206680598, 176.7062351645898
468.0, 55.0, 87.90913206680598, 176.7062351645898
472.0, 55.0, 87.90913206680598, 176.7062351645898
477.0, 56.0, 87.90913206680598, 176.7062351645898
481.0, 56.0, 87.90913206680598, 176.7062351645898
485.0, 56.0, 87.90913206680598, 176.7062351645898
488.0, 55.0, 87.90913206680598, 176.7062351645898
492.0, 55.0, 87.90913206680598, 176.7062351645898
495.0, 55.0, 87.90913206680598, 176.7062351645898
498.0, 56.0, 87.90913206680598, 176.7062351645898
501.0, 56.0, 87.90913206680598, 176.7062351645898
505.0, 58.0, 87.90913206680598, 176.7062351645898
509.0, 60.0, 86.18542369764884, 173.2414072306275
512.0, 61.0, 86.18542369764884, 173.2414072306275
516.0, 64.0, 84.495513529794, 169.84451709524248
521.0, 66.0, 82.83873885345147, 166.5142326448166
523.0, 68.0, 82.83873885345147, 166.5142326448166
527.0, 71.0, 82.83873885345147, 166.5142326448166
531.0, 75.0, 81.21444995314013, 163.24924788560492
534.0, 78.0, 81.21444995314013, 163.24924788560492
537.0, 80.0, 81.21444995314013, 163.24924788560492
540.0, 83.0, 81.21444995314013, 163.24924788560492
543.0, 85.0, 81.21444995314013, 163.24924788560492
547.0, 87.0, 81.21444995314013, 163.24924788560492
549.0, 88.0, 81.21444995314013, 163.24924788560492
554.0, 89.0, 81.21444995314013, 163.24924788560492
556.0, 91.0, 81.21444995314013, 163.24924788560492
560.0, 92.0, 81.21444995314013, 163.24924788560492
563.0, 93.0, 81.21444995314013, 163.24924788560492
566.0, 95.0, 81.21444995314013, 163.24924788560492
570.0, 97.0, 81.21444995314013, 163.24924788560492
573.0, 98.0, 81.21444995314013, 163.24924788560492
576.0, 101.0, 81.21444995314013, 163.24924788560492
579.0, 104.0, 81.21444995314013, 163.24924788560492
583.0, 108.0, 79.62200985289736, 160.04828243158155
586.0, 110.0, 79.62200985289736, 160.04828243158155
589.0, 113.0, 79.62200985289736, 160.04828243158155
591.0, 118.0, 78.0607940664845, 156.91008100232744
592.0, 121.0, 78.0607940664845, 156.91008100232744
592.0, 125.0, 78.0607940664845, 156.91008100232744
592.0, 128.0, 78.0607940664845, 156.91008100232744
592.0, 133.0, 76.53019035249041, 153.83341293076356
589.0, 137.0, 76.53019035249041, 153.83341293076356
589.0, 137.0, 76.53019035249041, 153.83341293076356
586.0, 140.0, 76.53019035249041, 153.83341293076356
582.0, 142.0, 76.53019035249041, 153.83341293076356
576.0, 143.0, 76.53019035249041, 153.83341293076356
569.0, 145.0, 76.53019035249041, 153.83341293076356
563.0, 146.0, 76.53019035249041, 153.83341293076356
555.0, 148.0, 76.53019035249041, 153.83341293076356
546.0, 149.0, 76.53019035249041, 153.83341293076356
538.0, 151.0, 76.53019035249041, 153.83341293076356
528.0, 153.0, 76.53019035249041, 153.83341293076356
518.0, 156.0, 76.53019035249041, 153.83341293076356
506.0, 159.0, 76.53019035249041, 153.83341293076356
494.0, 161.0, 78.0607926998427, 156.91007825523934
482.0, 165.0, 78.0607926998427, 156.91007825523934
472.0, 169.0, 78.0607926998427, 156.91007825523934
460.0, 173.0, 78.0607926998427, 156.91007825523934
449.0, 176.0, 78.0607926998427, 156.91007825523934
439.0, 181.0, 78.0607926998427, 156.91007825523934
429.0, 184.0, 78.0607926998427, 156.91007825523934
422.0, 189.0, 78.0607926998427, 156.91007825523934
412.0, 193.0, 78.0607926998427, 156.91007825523934
407.0, 197.0, 78.0607926998427, 156.91007825523934
397.0, 200.0, 78.0607926998427, 156.91007825523934
390.0, 203.0, 78.0607926998427, 156.91007825523934
385.0, 205.0, 78.0607926998427, 156.91007825523934
379.0, 207.0, 78.0607926998427, 156.91007825523934
375.0, 209.0, 79.62200706494808, 160.0482768275219
372.0, 210.0, 79.62200706494808, 160.0482768275219
370.0, 211.0, 79.62200706494808, 160.0482768275219
369.0, 212.0, 79.62200706494808, 160.0482768275219
368.0, 213.0, 79.62200706494808, 160.0482768275219
368.0, 215.0, 79.62200706494808, 160.0482768275219
368.0, 216.0, 79.62200706494808, 160.0482768275219
370.0, 219.0, 78.0607913332009, 156.9100755081513
372.0, 220.0, 78.0607913332009, 156.9100755081513
375.0, 221.0, 78.0607913332009, 156.9100755081513
377.0, 223.0, 78.0607913332009, 156.9100755081513
379.0, 226.0, 78.0607913332009, 156.9100755081513
382.0, 228.0, 76.5301876728006, 153.83340754431634
385.0, 229.0, 76.5301876728006, 153.83340754431634
388.0, 230.0, 76.5301876728006, 153.83340754431634
389.0, 232.0, 76.5301876728006, 153.83340754431634
392.0, 233.0, 76.5301876728006, 153.83340754431634
395.0, 234.0, 76.5301876728006, 153.83340754431634
398.0, 235.0, 76.5301876728006, 153.83340754431634
401.0, 234.0, 76.5301876728006, 153.83340754431634
404.0, 233.0, 76.5301876728006, 153.83340754431634
407.0, 232.0, 76.5301876728006, 153.83340754431634
410.0, 230.0, 76.5301876728006, 153.83340754431634
412.0, 230.0, 76.5301876728006, 153.83340754431634
414.0, 230.0, 76.5301876728006, 153.83340754431634
418.0, 230.0, 76.5301876728006, 153.83340754431634
419.0, 230.0, 76.5301876728006, 153.83340754431634
423.0, 231.0, 76.5301876728006, 153.83340754431634
425.0, 230.0, 76.5301876728006, 153.83340754431634
429.0, 230.0, 76.5301876728006, 153.83340754431634
431.0, 231.0, 76.5301876728006, 153.83340754431634
434.0, 232.0, 76.5301876728006, 153.83340754431634
436.0, 233.0, 76.5301876728006, 153.83340754431634
439.0, 234.0, 76.5301876728006, 153.83340754431634
442.0, 236.0, 76.5301876728006, 153.83340754431634
445.0, 237.0, 76.5301876728006, 153.83340754431634
447.0, 238.0, 76.5301876728006, 153.83340754431634
451.0, 239.0, 76.5301876728006, 153.83340754431634
454.0, 240.0, 76.5301876728006, 153.83340754431634
458.0, 240.0, 76.5301876728006, 153.83340754431634
460.0, 240.0, 76.5301876728006, 153.83340754431634
463.0, 239.0, 76.5301876728006, 153.83340754431634
466.0, 240.0, 75.02959584708988, 150.81706639970594
469.0, 240.0, 75.02959584708988, 150.81706639970594
472.0, 241.0, 75.02959584708988, 150.81706639970594
474.0, 241.0, 75.02959584708988, 150.81706639970594
477.0, 242.0, 75.02959584708988, 150.81706639970594
481.0, 244.0, 73.55842738875698, 147.85986919558223
483.0, 245.0, 73.55842738875698, 147.85986919558223
487.0, 246.0, 73.55842738875698, 147.85986919558223
491.0, 247.0, 73.55842738875698, 147.85986919558223
493.0, 249.0, 73.55842738875698, 147.85986919558223
498.0, 252.0, 72.11610536906419, 144.96065624690678
502.0, 255.0, 72.11610536906419, 144.96065624690678
507.0, 258.0, 72.11610536906419, 144.96065624690678
510.0, 260.0, 72.11610536906419, 144.96065624690678
516.0, 262.0, 72.11610536906419, 144.96065624690678
520.0, 266.0, 72.11610536906419, 144.96065624690678
525.0, 267.0, 72.11610536906419, 144.96065624690678
530.0, 269.0, 72.11610536906419, 144.96065624690678
535.0, 270.0, 72.11610536906419, 144.96065624690678
540.0, 270.0, 72.11610536906419, 144.96065624690678
545.0, 272.0, 72.11610536906419, 144.96065624690678
550.0, 272.0, 72.11610536906419, 144.96065624690678
555.0, 275.0, 72.11610536906419, 144.96065624690678
559.0, 276.0, 72.11610536906419, 144.96065624690678
563.0, 278.0, 72.11610536906419, 144.96065624690678
568.0, 281.0, 72.11610536906419, 144.96065624690678
572.0, 285.0, 72.11610536906419, 144.96065624690678
576.0, 287.0, 72.11610536906419, 144.96065624690678
581.0, 290.0, 70.70206417160125, 142.1182906075621
587.0, 294.0, 72.11610410649843, 144.96065370902207
590.0, 298.0, 70.70206293379168, 142.11828811943985
596.0, 302.0, 72.11610284393268, 144.9606511711374
599.0, 304.0, 70.70206169598214, 142.11828563131763
604.0, 308.0, 72.11610158136696, 144.9606486332528
607.0, 312.0, 70.70206045817261, 142.11828314319544
614.0, 316.0, 70.70206045817261, 142.11828314319544
616.0, 318.0, 70.70206045817261, 142.11828314319544
623.0, 322.0, 70.70206045817261, 142.11828314319544
625.0, 323.0, 70.70206045817261, 142.11828314319544
629.0, 326.0, 69.31574562985885, 139.33165030648397
633.0, 328.0, 70.7020592203631, 142.1182806550733
637.0, 330.0, 70.7020592203631, 142.1182806550733
641.0, 331.0, 70.7020592203631, 142.1182806550733
646.0, 335.0, 69.31574441632013, 139.33164786714855
652.0, 340.0, 69.31574441632013, 139.33164786714855
653.0, 342.0, 69.31574441632013, 139.33164786714855
660.0, 347.0, 69.31574441632013, 139.33164786714855
662.0, 350.0, 67.95661225387346, 136.59965493455374
669.0, 355.0, 67.95661225387346, 136.59965493455374
672.0, 358.0, 67.95661225387346, 136.59965493455374
678.0, 363.0, 67.95661225387346, 136.59965493455374
680.0, 366.0, 67.95661225387346, 136.59965493455374
687.0, 372.0, 67.95661225387346, 136.59965493455374
689.0, 374.0, 67.95661225387346, 136.59965493455374
696.0, 380.0, 67.95661225387346, 136.59965493455374
701.0, 385.0, 67.95661225387346, 136.59965493455374
704.0, 387.0, 66.62412974008241, 133.9212304876404
711.0, 392.0, 66.62412974008241, 133.9212304876404
711.0, 392.0, 66.62412974008241, 133.9212304876404
713.0, 393.0, 66.62412974008241, 133.9212304876404
713.0, 395.0, 66.62412974008241, 133.9212304876404
714.0, 397.0, 66.62412974008241, 133.9212304876404
713.0, 399.0, 66.62412974008241, 133.9212304876404
711.0, 401.0, 66.62412974008241, 133.9212304876404
709.0, 403.0, 66.62412974008241, 133.9212304876404
703.0, 404.0, 66.62412974008241, 133.9212304876404
700.0, 407.0, 66.62412974008241, 133.9212304876404
695.0, 408.0, 66.62412974008241, 133.9212304876404
688.0, 411.0, 66.62412974008241, 133.9212304876404
682.0, 413.0, 66.62412974008241, 133.9212304876404
675.0, 415.0, 66.62412974008241, 133.9212304876404
668.0, 418.0, 66.62412974008241, 133.9212304876404
661.0, 419.0, 66.62412974008241, 133.9212304876404
653.0, 421.0, 66.62412974008241, 133.9212304876404
645.0, 422.0, 66.62412974008241, 133.9212304876404
636.0, 422.0, 67.95661106412963, 136.59965254304845
628.0, 422.0, 67.95661106412963, 136.59965254304845
620.0, 423.0, 67.95661106412963, 136.59965254304845
611.0, 422.0, 67.95661106412963, 136.59965254304845
603.0, 422.0, 67.95661106412963, 136.59965254304845
595.0, 422.0, 67.95661106412963, 136.59965254304845
586.0, 422.0, 67.95661106412963, 136.59965254304845
578.0, 422.0, 67.95661106412963, 136.59965254304845
569.0, 423.0, 67.95661106412963, 136.59965254304845
562.0, 423.0, 67.95661106412963, 136.59965254304845
555.0, 425.0, 67.95661106412963, 136.59965254304845
549.0, 426.0, 67.95661106412963, 136.59965254304845
545.0, 427.0, 67.95661106412963, 136.59965254304845
540.0, 427.0, 67.95661106412963, 136.59965254304845
537.0, 429.0, 66.6241285736669, 133.92122814302738
535.0, 431.0, 66.6241285736669, 133.92122814302738
532.0, 432.0, 66.6241285736669, 133.92122814302738
532.0, 431.0, 66.6241285736669, 133.92122814302738
531.0, 431.0, 66.6241285736669, 133.92122814302738
531.0, 429.0, 66.6241285736669, 133.92122814302738
532.0, 427.0, 66.6241285736669, 133.92122814302738
533.0, 424.0, 66.6241285736669, 133.92122814302738
533.0, 420.0, 66.6241285736669, 133.92122814302738
536.0, 417.0, 66.6241285736669, 133.92122814302738
537.0, 414.0, 66.6241285736669, 133.92122814302738
539.0, 411.0, 65.31777318930298, 131.2953218653666
543.0, 409.0, 66.62412740725138, 133.92122579841438
545.0, 406.0, 65.31777204575837, 131.29531956672642
548.0, 403.0, 65.31777204575837, 131.29531956672642
551.0, 401.0, 65.31777204575837, 131.29531956672642
554.0, 399.0, 64.03703149374826, 128.72090168945357
556.0, 398.0, 64.03703149374826, 128.72090168945357
559.0, 395.0, 64.03703149374826, 128.72090168945357
560.0, 392.0, 64.03703149374826, 128.72090168945357
562.0, 390.0, 64.03703149374826, 128.72090168945357
566.0, 388.0, 62.78140350008466, 126.19696259107926
567.0, 385.0, 62.78140350008466, 126.19696259107926
568.0, 382.0, 62.78140350008466, 126.19696259107926
570.0, 380.0, 61.55039566169208, 123.72251249168407
572.0, 376.0, 61.55039566169208, 123.72251249168407
573.0, 372.0, 61.55039566169208, 123.72251249168407
575.0, 368.0, 60.343525230456734, 121.29658101879687
577.0, 363.0, 60.343525230456734, 121.29658101879687
579.0, 361.0, 60.343525230456734, 121.29658101879687
579.0, 357.0, 60.343525230456734, 121.29658101879687
580.0, 354.0, 59.16031892391355, 118.91821682685654
583.0, 352.0, 60.34352417399828, 121.29657889520867
583.0, 347.0, 60.34352417399828, 121.29657889520867
585.0, 344.0, 60.34352417399828, 121.29657889520867
586.0, 342.0, 60.34352417399828, 121.29657889520867
587.0, 339.0, 59.16031788816997, 118.91821474490732
590.0, 337.0, 58.000311724210356, 116.5864851830087
592.0, 334.0, 58.000311724210356, 116.5864851830087
594.0, 331.0, 58.000311724210356, 116.5864851830087
596.0, 328.0, 58.000311724210356, 116.5864851830087
598.0, 327.0, 56.86305077779619, 114.30047580587315
599.0, 324.0, 55.7480890642963, 112.05929013934306
600.0, 320.0, 54.65498934387569, 109.86204928718446
601.0, 316.0, 54.65498934387569, 109.86204928718446
601.0, 312.0, 54.65498934387569, 109.86204928718446
601.0, 308.0, 54.65498934387569, 109.86204928718446
600.0, 305.0, 54.65498934387569, 109.86204928718446
601.0, 302.0, 54.65498934387569, 109.86204928718446
600.0, 300.0, 54.65498934387569, 109.86204928718446
596.0, 297.0, 53.583322950028936, 107.70789158642181
597.0, 295.0, 53.583322950028936, 107.70789158642181
595.0, 293.0, 53.583322950028936, 107.70789158642181
593.0, 292.0, 53.583322950028936, 107.70789158642181
592.0, 291.0, 53.583322950028936, 107.70789158642181
587.0, 289.0, 52.532669621475726, 105.595972269431
587.0, 288.0, 52.532669621475726, 105.595972269431
584.0, 287.0, 53.58332201192409, 107.70788970073629
581.0, 287.0, 53.58332201192409, 107.70788970073629
579.0, 285.0, 53.58332201192409, 107.70788970073629
575.0, 283.0, 52.532668701765076, 105.59597042071971
573.0, 282.0, 52.532668701765076, 105.59597042071971
569.0, 279.0, 51.5026164356754, 103.525461320196
568.0, 278.0, 51.5026164356754, 103.525461320196
566.0, 277.0, 51.5026164356754, 103.525461320196
565.0, 276.0, 51.5026164356754, 103.525461320196
563.0, 274.0, 51.5026164356754, 103.525461320196
561.0, 274.0, 51.5026164356754, 103.525461320196
561.0, 273.0, 50.492761271638535, 101.49555043490977
562.0, 273.0, 50.492761271638535, 101.49555043490977
563.0, 273.0, 49.502707188069216, 99.50544172147247
563.0, 274.0, 48.532065928510825, 97.55435474518842
565.0, 274.0, 47.580456849377995, 95.64152437400224
567.0, 274.0, 47.580456849377995, 95.64152437400224
568.0, 275.0, 46.64750677068463, 93.76620047844689
571.0, 275.0, 45.732849829698814, 91.9276476374754
573.0, 276.0, 45.732849829698814, 91.9276476374754
575.0, 276.0, 45.732849829698814, 91.9276476374754
576.0, 276.0, 45.732849829698814, 91.9276476374754
579.0, 276.0, 44.836127337467275, 90.1251448500605
583.0, 276.0, 44.836127337467275, 90.1251448500605
584.0, 275.0, 44.836127337467275, 90.1251448500605
587.0, 275.0, 44.836127337467275, 90.1251448500605
589.0, 273.0, 44.836127337467275, 90.1251448500605
591.0, 274.0, 43.956987638153045, 88.35798525244905
594.0, 274.0, 43.956987638153045, 88.35798525244905
596.0, 274.0, 43.09508597113123, 86.62547584096076
597.0, 274.0, 43.09508597113123, 86.62547584096076
598.0, 275.0, 43.09508597113123, 86.62547584096076
600.0, 275.0, 43.09508597113123, 86.62547584096076
602.0, 277.0, 42.250084335788806, 84.92693720022194
604.0, 277.0, 43.09508521664817, 86.6254743243736
604.0, 278.0, 43.09508521664817, 86.6254743243736
606.0, 278.0, 43.09508521664817, 86.6254743243736
607.0, 280.0, 43.09508521664817, 86.6254743243736
609.0, 281.0, 42.25008359609952, 84.92693571337178
609.0, 282.0, 42.25008359609952, 84.92693571337178
610.0, 283.0, 42.25008359609952, 84.92693571337178
612.0, 283.0, 42.25008359609952, 84.92693571337178
613.0, 283.0, 42.25008359609952, 84.92693571337178
614.0, 283.0, 42.25008359609952, 84.92693571337178
614.0, 283.0, 42.25008359609952, 84.92693571337178
615.0, 284.0, 42.25008359609952, 84.92693571337178
616.0, 285.0, 41.42165063378975, 83.26170177903192
617.0, 286.0, 41.42165063378975, 83.26170177903192
617.0, 287.0, 41.42165063378975, 83.26170177903192
617.0, 289.0, 40.60946145408648, 81.62911948851726
616.0, 291.0, 40.60946145408648, 81.62911948851726
615.0, 292.0, 40.60946145408648, 81.62911948851726
613.0, 293.0, 39.813197551467375, 80.02854861355564
611.0, 295.0, 39.813197551467375, 80.02854861355564
608.0, 296.0, 39.03254666561609, 78.45936147936972
606.0, 297.0, 39.813196854441664, 80.02854721246355
603.0, 299.0, 39.032545982257545, 78.45936010575002
600.0, 300.0, 39.032545982257545, 78.45936010575002
597.0, 301.0, 39.813196157415966, 80.02854581137149
595.0, 302.0, 39.03254529889901, 78.45935873213033
593.0, 304.0, 39.03254529889901, 78.45935873213033
593.0, 304.0, 39.03254529889901, 78.45935873213033
591.0, 305.0, 39.03254529889901, 78.45935873213033
590.0, 305.0, 39.03254529889901, 78.45935873213033
590.0, 305.0, 39.03254529889901, 78.45935873213033
589.0, 306.0, 39.03254529889901, 78.45935873213033
589.0, 307.0, 39.03254529889901, 78.45935873213033
589.0, 308.0, 39.03254529889901, 78.45935873213033
589.0, 309.0, 38.26720131904846, 76.92094002515802
590.0, 310.0, 38.26720131904846, 76.92094002515802
591.0, 312.0, 37.51686408300639, 75.41268638907346
593.0, 313.0, 37.51686408300639, 75.41268638907346
595.0, 316.0, 38.267200649089126, 76.92093867847208
595.0, 317.0, 38.267200649089126, 76.92093867847208
597.0, 318.0, 37.51686342618351, 75.41268506879312
598.0, 320.0, 39.03254129529722, 78.45935068448632
599.0, 321.0, 38.26719739394866, 76.92093213531095
600.0, 322.0, 38.26719739394866, 76.92093213531095
601.0, 324.0, 37.51686023486933, 75.41267865392926
603.0, 325.0, 37.51686023486933, 75.41267865392926
604.0, 325.0, 37.51686023486933, 75.41267865392926
605.0, 326.0, 37.51686023486933, 75.41267865392926
607.0, 326.0, 37.51686023486933, 75.41267865392926
607.0, 328.0, 37.51686023486933, 75.41267865392926
609.0, 330.0, 36.78123556822835, 73.933998768459
610.0, 332.0, 36.78123556822835, 73.933998768459
612.0, 333.0, 36.060034913799015, 72.48431260450509
614.0, 336.0, 36.78123492428441, 73.93399747406666
614.0, 337.0, 36.78123492428441, 73.93399747406666
616.0, 339.0, 37.51685892122372, 75.4126760133689
616.0, 341.0, 37.51685892122372, 75.4126760133689
618.0, 343.0, 36.78123428034049, 73.93399617967432
621.0, 346.0, 36.78123428034049, 73.93399617967432
623.0, 347.0, 36.06003365116386, 72.48431006648089
626.0, 351.0, 36.06003365116386, 72.48431006648089
627.0, 352.0, 35.35297420995173, 71.06304916949894
630.0, 356.0, 35.35297420995173, 71.06304916949894
631.0, 356.0, 35.35297420995173, 71.06304916949894
634.0, 360.0, 35.35297420995173, 71.06304916949894
636.0, 361.0, 35.35297420995173, 71.06304916949894
639.0, 363.0, 35.35297420995173, 71.06304916949894
641.0, 363.0, 35.35297420995173, 71.06304916949894
644.0, 366.0, 36.060033019846294, 72.48430879746881
646.0, 367.0, 35.35297359101295, 71.06304792536946
648.0, 371.0, 35.35297359101295, 71.06304792536946
649.0, 371.0, 35.35297359101295, 71.06304792536946
651.0, 374.0, 35.35297359101295, 71.06304792536946
652.0, 377.0, 34.65977807172252, 69.66965491184628
656.0, 379.0, 35.35297297207417, 71.06304668124
656.0, 381.0, 35.35297297207417, 71.06304668124
660.0, 384.0, 35.35297297207417, 71.06304668124
660.0, 385.0, 35.35297297207417, 71.06304668124
662.0, 388.0, 36.060031757211206, 72.48430625944475
664.0, 390.0, 35.35297235313541, 71.06304543711056
665.0, 392.0, 34.65977685811709, 69.66965247237678
668.0, 395.0, 34.65977685811709, 69.66965247237678
668.0, 396.0, 34.65977685811709, 69.66965247237678
670.0, 397.0, 34.65977685811709, 69.66965247237678
671.0, 398.0, 34.65977685811709, 69.66965247237678
673.0, 400.0, 34.65977685811709, 69.66965247237678
674.0, 400.0, 34.65977685811709, 69.66965247237678
676.0, 401.0, 34.65977685811709, 69.66965247237678
678.0, 403.0, 34.65977685811709, 69.66965247237678
679.0, 404.0, 34.65977685811709, 69.66965247237678
681.0, 407.0, 35.35297173419665, 71.06304419298115
682.0, 408.0, 34.65977625131439, 69.66965125264205
682.0, 409.0, 34.65977625131439, 69.66965125264205
682.0, 411.0, 34.65977625131439, 69.66965125264205
680.0, 412.0, 33.980172835913784, 68.30357974087721
678.0, 413.0, 33.31389497688364, 66.96429394343276
675.0, 415.0, 33.31389497688364, 66.96429394343276
672.0, 415.0, 33.98017224100919, 68.30357854505887
667.0, 416.0, 33.98017224100919, 68.30357854505887
661.0, 417.0, 33.98017224100919, 68.30357854505887
655.0, 417.0, 33.98017224100919, 68.30357854505887
649.0, 418.0, 33.98017224100919, 68.30357854505887
642.0, 418.0, 33.98017224100919, 68.30357854505887
635.0, 418.0, 33.98017224100919, 68.30357854505887
627.0, 418.0, 33.98017224100919, 68.30357854505887
618.0, 417.0, 34.65977503770902, 69.66964881317267
608.0, 417.0, 33.9801716461046, 68.30357734924057
598.0, 417.0, 33.9801716461046, 68.30357734924057
588.0, 418.0, 33.9801716461046, 68.30357734924057
577.0, 418.0, 33.9801716461046, 68.30357734924057
566.0, 418.0, 33.9801716461046, 68.30357734924057
556.0, 420.0, 33.313893810404046, 66.96429159869095
545.0, 420.0, 33.313893810404046, 66.96429159869095
535.0, 422.0, 33.313893810404046, 66.96429159869095
526.0, 423.0, 33.313893810404046, 66.96429159869095
517.0, 424.0, 33.313893810404046, 66.96429159869095
509.0, 425.0, 33.313893810404046, 66.96429159869095
502.0, 426.0, 33.313893810404046, 66.96429159869095
495.0, 427.0, 33.313893810404046, 66.96429159869095
490.0, 428.0, 33.313893810404046, 66.96429159869095
484.0, 428.0, 33.313893810404046, 66.96429159869095
480.0, 428.0, 33.313893810404046, 66.96429159869095
476.0, 428.0, 33.313893810404046, 66.96429159869095
473.0, 428.0, 33.313893810404046, 66.96429159869095
470.0, 427.0, 33.313893810404046, 66.96429159869095
467.0, 427.0, 33.313893810404046, 66.96429159869095
465.0, 427.0, 33.313893810404046, 66.96429159869095
464.0, 427.0, 33.313893810404046, 66.96429159869095
462.0, 426.0, 33.313893810404046, 66.96429159869095
461.0, 426.0, 33.313893810404046, 66.96429159869095
462.0, 424.0, 33.313893810404046, 66.96429159869095
461.0, 424.0, 33.313893810404046, 66.96429159869095
462.0, 424.0, 33.313893810404046, 66.96429159869095
463.0, 423.0, 33.313893810404046, 66.96429159869095
464.0, 421.0, 33.313893810404046, 66.96429159869095
465.0, 421.0, 33.313893810404046, 66.96429159869095
466.0, 420.0, 33.313893810404046, 66.96429159869095
469.0, 419.0, 33.313893810404046, 66.96429159869095
470.0, 417.0, 33.313893810404046, 66.96429159869095
471.0, 417.0, 33.313893810404046, 66.96429159869095
473.0, 414.0, 32.660680245213044, 65.65126635148884
475.0, 413.0, 32.660680245213044, 65.65126635148884
476.0, 411.0, 32.02027478838001, 64.36398669583456
479.0, 410.0, 32.02027478838001, 64.36398669583456
479.0, 408.0, 32.02027478838001, 64.36398669583456
481.0, 407.0, 32.660679673409334, 65.65126520210563
481.0, 406.0, 32.660679673409334, 65.65126520210563
483.0, 404.0, 32.660679673409334, 65.65126520210563
483.0, 404.0, 32.660679673409334, 65.65126520210563
485.0, 402.0, 32.020274227788136, 64.36398556898827
486.0, 401.0, 32.020274227788136, 64.36398556898827
487.0, 400.0, 32.020274227788136, 64.36398556898827
488.0, 399.0, 32.020274227788136, 64.36398556898827
489.0, 398.0, 32.020274227788136, 64.36398556898827
489.0, 397.0, 32.020274227788136, 64.36398556898827
491.0, 396.0, 31.39242575094047, 63.1019467114864
491.0, 395.0, 31.39242575094047, 63.1019467114864
492.0, 393.0, 31.39242575094047, 63.1019467114864
493.0, 392.0, 31.39242575094047, 63.1019467114864
493.0, 390.0, 31.39242575094047, 63.1019467114864
494.0, 388.0, 31.39242575094047, 63.1019467114864
494.0, 387.0, 31.39242575094047, 63.1019467114864
495.0, 386.0, 31.39242575094047, 63.1019467114864
496.0, 384.0, 31.39242575094047, 63.1019467114864
496.0, 384.0, 31.39242575094047, 63.1019467114864
497.0, 382.0, 30.776888027807015, 61.864653712460566
497.0, 382.0, 30.173419671074438, 60.65162135902841
497.0, 382.0, 30.173419671074438, 60.65162135902841
499.0, 380.0, 30.173419671074438, 60.65162135902841
499.0, 380.0, 30.173419671074438, 60.65162135902841
500.0, 379.0, 29.58178402651368, 59.46237395228508
501.0, 378.0, 29.58178402651368, 59.46237395228508
502.0, 378.0, 29.58178402651368, 59.46237395228508
503.0, 377.0, 29.58178402651368, 59.46237395228508
504.0, 376.0, 29.58178402651368, 59.46237395228508
505.0, 375.0, 29.58178402651368, 59.46237395228508
506.0, 373.0, 29.58178402651368, 59.46237395228508
507.0, 372.0, 29.58178402651368, 59.46237395228508
508.0, 371.0, 29.58178402651368, 59.46237395228508
509.0, 369.0, 29.00174908017443, 58.29644512075466
511.0, 367.0, 29.00174908017443, 58.29644512075466
511.0, 366.0, 29.00174908017443, 58.29644512075466
512.0, 364.0, 29.00174908017443, 58.29644512075466
512.0, 363.0, 29.00174908017443, 58.29644512075466
514.0, 362.0, 29.00174908017443, 58.29644512075466
514.0, 362.0, 29.00174908017443, 58.29644512075466
515.0, 361.0, 29.00174908017443, 58.29644512075466
515.0, 360.0, 28.43308736739922, 57.153377637499446
515.0, 359.0, 28.43308736739922, 57.153377637499446
516.0, 359.0, 28.43308736739922, 57.153377637499446
516.0, 358.0, 28.43308736739922, 57.153377637499446
517.0, 357.0, 28.43308736739922, 57.153377637499446
518.0, 356.0, 28.43308736739922, 57.153377637499446
519.0, 356.0, 28.43308736739922, 57.153377637499446
519.0, 355.0, 28.43308736739922, 57.153377637499446
520.0, 355.0, 28.43308736739922, 57.153377637499446
521.0, 354.0, 27.87557588362167, 56.03272324081528
521.0, 353.0, 27.87557588362167, 56.03272324081528
522.0, 352.0, 27.87557588362167, 56.03272324081528
523.0, 351.0, 27.87557588362167, 56.03272324081528
523.0, 350.0, 27.87557588362167, 56.03272324081528
524.0, 349.0, 27.87557588362167, 56.03272324081528
525.0, 349.0, 27.328995996913676, 54.93404245844264
526.0, 348.0, 27.328995996913676, 54.93404245844264
526.0, 348.0, 26.793133362247428, 53.85690443522463
528.0, 348.0, 26.793133362247428, 53.85690443522463
528.0, 348.0, 26.793133362247428, 53.85690443522463
529.0, 348.0, 26.793133362247428, 53.85690443522463
530.0, 348.0, 26.793133362247428, 53.85690443522463
531.0, 347.0, 26.793133362247428, 53.85690443522463
532.0, 346.0, 26.793133362247428, 53.85690443522463
534.0, 346.0, 26.793133362247428, 53.85690443522463
535.0, 346.0, 26.793133362247428, 53.85690443522463
537.0, 346.0, 26.793133362247428, 53.85690443522463
538.0, 345.0, 26.793133362247428, 53.85690443522463
539.0, 345.0, 26.793133362247428, 53.85690443522463
541.0, 344.0, 26.793133362247428, 53.85690443522463
541.0, 343.0, 26.793133362247428, 53.85690443522463
544.0, 342.0, 26.793133362247428, 53.85690443522463
544.0, 342.0, 26.793133362247428, 53.85690443522463
545.0, 341.0, 26.793133362247428, 53.85690443522463
546.0, 341.0, 26.793133362247428, 53.85690443522463
547.0, 341.0, 26.793133362247428, 53.85690443522463
548.0, 340.0, 26.793133362247428, 53.85690443522463
550.0, 340.0, 26.793133362247428, 53.85690443522463
551.0, 340.0, 26.793133362247428, 53.85690443522463
552.0, 340.0, 26.793133362247428, 53.85690443522463
552.0, 340.0, 26.793133362247428, 53.85690443522463
553.0, 340.0, 26.793133362247428, 53.85690443522463
554.0, 340.0, 26.793133362247428, 53.85690443522463
555.0, 340.0, 26.793133362247428, 53.85690443522463
556.0, 340.0, 26.793133362247428, 53.85690443522463
556.0, 340.0, 26.793133362247428, 53.85690443522463
558.0, 339.0, 26.793133362247428, 53.85690443522463
558.0, 339.0, 26.793133362247428, 53.85690443522463
559.0, 339.0, 26.793133362247428, 53.85690443522463
560.0, 338.0, 26.793133362247428, 53.85690443522463
560.0, 338.0, 26.26777783743856, 52.80088676414418
561.0, 337.0, 25.752723400737445, 51.76557532067426
563.0, 337.0, 25.247768070036354, 50.75056410037611
563.0, 338.0, 25.247768070036354, 50.75056410037611
565.0, 337.0, 25.247768070036354, 50.75056410037611
565.0, 337.0, 25.752722949874123, 51.765574414393434
566.0, 337.0, 25.24776762801349, 50.750563211865504
567.0, 338.0, 25.75272249901081, 51.76557350811264
568.0, 338.0, 25.75272249901081, 51.76557350811264
569.0, 338.0, 25.75272249901081, 51.76557350811264
570.0, 338.0, 25.75272249901081, 51.76557350811264
572.0, 338.0, 26.267776457796828, 52.80088399092494
573.0, 338.0, 26.267776457796828, 52.80088399092494
574.0, 338.0, 25.752722048147508, 51.76557260183186
575.0, 338.0, 25.24776674396779, 50.75056143484435
577.0, 338.0, 25.752721597284214, 51.765571695551095
578.0, 338.0, 25.752721597284214, 51.765571695551095
579.0, 338.0, 25.752721597284214, 51.765571695551095
580.0, 338.0, 25.752721597284214, 51.765571695551095
581.0, 337.0, 25.752721597284214, 51.765571695551095
582.0, 337.0, 25.24776630194495, 50.75056054633379
585.0, 336.0, 25.24776630194495, 50.75056054633379
585.0, 336.0, 25.24776630194495, 50.75056054633379
586.0, 336.0, 25.24776630194495, 50.75056054633379
587.0, 336.0, 25.24776630194495, 50.75056054633379
587.0, 336.0, 25.24776630194495, 50.75056054633379
589.0, 336.0, 25.24776630194495, 50.75056054633379
589.0, 336.0, 25.24776630194495, 50.75056054633379
590.0, 336.0, 25.24776630194495, 50.75056054633379
590.0, 336.0, 25.24776630194495, 50.75056054633379
592.0, 336.0, 25.24776630194495, 50.75056054633379
592.0, 336.0, 25.24776630194495, 50.75056054633379
592.0, 336.0, 25.24776630194495, 50.75056054633379
593.0, 336.0, 25.24776630194495, 50.75056054633379
594.0, 336.0, 25.24776630194495, 50.75056054633379
594.0, 336.0, 24.75271209023787, 49.75545157532663
594.0, 335.0, 24.75271209023787, 49.75545157532663
595.0, 335.0, 24.75271209023787, 49.75545157532663
595.0, 335.0, 24.75271209023787, 49.75545157532663
595.0, 334.0, 24.75271209023787, 49.75545157532663
596.0, 334.0, 24.75271209023787, 49.75545157532663
597.0, 334.0, 24.75271209023787, 49.75545157532663
597.0, 334.0, 24.267364823279806, 48.77985454376446
598.0, 334.0, 23.79153416883212, 47.82338686462214
599.0, 334.0, 23.79153416883212, 47.82338686462214
600.0, 334.0, 23.79153416883212, 47.82338686462214
600.0, 333.0, 23.79153416883212, 47.82338686462214
601.0, 333.0, 23.79153416883212, 47.82338686462214
603.0, 334.0, 23.79153416883212, 47.82338686462214
603.0, 333.0, 23.79153416883212, 47.82338686462214
604.0, 333.0, 23.79153416883212, 47.82338686462214
604.0, 333.0, 23.79153416883212, 47.82338686462214
606.0, 333.0, 23.325033526660622, 46.88567345258044
607.0, 332.0, 23.325033526660622, 46.88567345258044
608.0, 332.0, 23.325033526660622, 46.88567345258044
609.0, 331.0, 23.325033526660622, 46.88567345258044
610.0, 330.0, 23.791533752304126, 47.8233860273588
610.0, 330.0, 24.267363973562716, 48.77985283574728
611.0, 329.0, 24.267363973562716, 48.77985283574728
612.0, 328.0, 24.267363973562716, 48.77985283574728
613.0, 327.0, 24.267363973562716, 48.77985283574728
615.0, 327.0, 24.267363973562716, 48.77985283574728
615.0, 326.0, 24.267363973562716, 48.77985283574728
616.0, 326.0, 24.267363973562716, 48.77985283574728
616.0, 325.0, 24.267363973562716, 48.77985283574728
617.0, 326.0, 23.791533335776144, 47.823385190095486
617.0, 325.0, 23.791533335776144, 47.823385190095486
618.0, 325.0, 23.791533335776144, 47.823385190095486
619.0, 325.0, 23.791533335776144, 47.823385190095486
620.0, 324.0, 23.791533335776144, 47.823385190095486
620.0, 324.0, 23.791533335776144, 47.823385190095486
621.0, 323.0, 23.791533335776144, 47.823385190095486
621.0, 322.0, 23.32503270993908, 46.885671810887644
622.0, 322.0, 23.79153291924817, 47.82338435283218
622.0, 320.0, 23.79153291924817, 47.82338435283218
622.0, 319.0, 23.79153291924817, 47.82338435283218
623.0, 319.0, 23.325032301578318, 46.88567099004127
624.0, 318.0, 23.325032301578318, 46.88567099004127
624.0, 318.0, 23.325032301578318, 46.88567099004127
625.0, 317.0, 23.325032301578318, 46.88567099004127
625.0, 316.0, 23.7915325027202, 47.823383515568885
626.0, 315.0, 23.325031893217567, 46.8856701691949
626.0, 315.0, 23.325031893217567, 46.8856701691949
627.0, 315.0, 23.325031893217567, 46.8856701691949
628.0, 314.0, 23.325031893217567, 46.8856701691949
628.0, 313.0, 23.325031893217567, 46.8856701691949
629.0, 313.0, 23.325031893217567, 46.8856701691949
630.0, 311.0, 23.325031893217567, 46.8856701691949
631.0, 311.0, 23.325031893217567, 46.8856701691949
631.0, 310.0, 23.325031893217567, 46.8856701691949
633.0, 310.0, 23.325031893217567, 46.8856701691949
634.0, 308.0, 23.325031893217567, 46.8856701691949
634.0, 307.0, 23.325031893217567, 46.8856701691949
636.0, 305.0, 23.325031893217567, 46.8856701691949
636.0, 304.0, 23.325031893217567, 46.8856701691949
637.0, 302.0, 22.867678353944285, 45.96634335792841
638.0, 301.0, 22.867678353944285, 45.96634335792841
639.0, 300.0, 22.867678353944285, 45.96634335792841
640.0, 299.0, 22.867678353944285, 45.96634335792841
640.0, 298.0, 22.867678353944285, 45.96634335792841
641.0, 297.0, 22.867678353944285, 45.96634335792841
641.0, 297.0, 22.867678353944285, 45.96634335792841
642.0, 295.0, 22.867678353944285, 45.96634335792841
642.0, 294.0, 22.867678353944285, 45.96634335792841
643.0, 293.0, 22.867678353944285, 45.96634335792841
643.0, 293.0, 22.867678353944285, 45.96634335792841
643.0, 292.0, 22.867678353944285, 45.96634335792841
643.0, 291.0, 23.32503148485682, 46.88566934834856
644.0, 290.0, 23.32503148485682, 46.88566934834856
644.0, 289.0, 23.32503148485682, 46.88566934834856
644.0, 287.0, 22.86767795359061, 45.96634255317709
644.0, 286.0, 22.86767795359061, 45.96634255317709
644.0, 285.0, 22.86767795359061, 45.96634255317709
645.0, 283.0, 22.419292138089222, 45.06504177252278
645.0, 283.0, 22.419292138089222, 45.06504177252278
645.0, 281.0, 22.419292138089222, 45.06504177252278
645.0, 280.0, 22.419292138089222, 45.06504177252278
646.0, 279.0, 22.867677553236945, 45.966341748425776
646.0, 278.0, 22.867677553236945, 45.966341748425776
646.0, 277.0, 22.419291745585628, 45.06504098355091
646.0, 276.0, 22.419291745585628, 45.06504098355091
647.0, 275.0, 22.419291745585628, 45.06504098355091
647.0, 274.0, 22.419291745585628, 45.06504098355091
647.0, 273.0, 22.419291745585628, 45.06504098355091
647.0, 272.0, 22.419291745585628, 45.06504098355091
648.0, 271.0, 22.86767715288329, 45.96634094367449
648.0, 270.0, 22.86767715288329, 45.96634094367449
648.0, 268.0, 22.41929135308204, 45.065040194579055
649.0, 268.0, 22.867676752529636, 45.96634013892321
649.0, 266.0, 22.867676752529636, 45.96634013892321
649.0, 264.0, 22.867676752529636, 45.96634013892321
650.0, 262.0, 22.867676752529636, 45.96634013892321
650.0, 261.0, 22.867676752529636, 45.96634013892321
651.0, 259.0, 23.32502985141391, 46.88566606496332
651.0, 258.0, 23.32502985141391, 46.88566606496332
651.0, 257.0, 23.32502985141391, 46.88566606496332
651.0, 256.0, 23.32502985141391, 46.88566606496332
651.0, 254.0, 23.32502985141391, 46.88566606496332
651.0, 253.0, 23.32502985141391, 46.88566606496332
651.0, 252.0, 22.86767635217599, 45.96633933417194
651.0, 251.0, 22.86767635217599, 45.96633933417194
651.0, 249.0, 22.86767635217599, 45.96633933417194
651.0, 248.0, 22.41929056807489, 45.065038616635384
650.0, 247.0, 22.867675951822353, 45.96633852942069
650.0, 246.0, 22.867675951822353, 45.96633852942069
650.0, 245.0, 22.867675951822353, 45.96633852942069
650.0, 244.0, 22.867675951822353, 45.96633852942069
649.0, 242.0, 22.41929017557132, 45.065037827663566
649.0, 241.0, 22.41929017557132, 45.065037827663566
648.0, 239.0, 22.41929017557132, 45.065037827663566
647.0, 238.0, 22.41929017557132, 45.065037827663566
647.0, 236.0, 22.41929017557132, 45.065037827663566
647.0, 234.0, 22.41929017557132, 45.065037827663566
647.0, 233.0, 22.41929017557132, 45.065037827663566
646.0, 231.0, 22.41929017557132, 45.065037827663566
646.0, 230.0, 22.86767555146872, 45.96633772466945
646.0, 229.0, 22.41928978306776, 45.065037038691756
646.0, 228.0, 22.41928978306776, 45.065037038691756
645.0, 227.0, 22.867675151115098, 45.96633691991823
645.0, 226.0, 22.419289390564206, 45.06503624971997
645.0, 225.0, 22.419289390564206, 45.06503624971997
645.0, 224.0, 22.419289390564206, 45.06503624971997
645.0, 224.0, 22.419289390564206, 45.06503624971997
645.0, 222.0, 22.419289390564206, 45.06503624971997
645.0, 222.0, 22.419289390564206, 45.06503624971997
644.0, 221.0, 22.419289390564206, 45.06503624971997
645.0, 221.0, 22.419289390564206, 45.06503624971997
645.0, 219.0, 22.419289390564206, 45.06503624971997
645.0, 217.0, 22.419289390564206, 45.06503624971997
646.0, 216.0, 21.979695507147138, 44.181408140629095
646.0, 215.0, 21.979695507147138, 44.181408140629095
646.0, 214.0, 22.419288998060658, 45.06503546074819
646.0, 212.0, 22.419288998060658, 45.06503546074819
647.0, 211.0, 22.419288998060658, 45.06503546074819
647.0, 210.0, 22.419288998060658, 45.06503546074819
647.0, 210.0, 22.419288998060658, 45.06503546074819
647.0, 208.0, 21.979695122339738, 44.18140736712735
647.0, 207.0, 21.979695122339738, 44.18140736712735
647.0, 207.0, 21.979695122339738, 44.18140736712735
648.0, 206.0, 21.979695122339738, 44.18140736712735
648.0, 204.0, 21.54872073386429, 43.31510531352519
648.0, 204.0, 21.54872073386429, 43.31510531352519
648.0, 203.0, 21.54872073386429, 43.31510531352519
649.0, 203.0, 21.979694737532345, 44.181406593625624
649.0, 202.0, 21.979694737532345, 44.181406593625624
649.0, 201.0, 21.979694737532345, 44.181406593625624
649.0, 200.0, 21.979694737532345, 44.181406593625624
649.0, 199.0, 21.979694737532345, 44.181406593625624
649.0, 197.0, 21.979694737532345, 44.181406593625624
649.0, 196.0, 21.54872035660214, 43.31510455519016
649.0, 195.0, 21.54872035660214, 43.31510455519016
649.0, 194.0, 21.54872035660214, 43.31510455519016
649.0, 193.0, 21.54872035660214, 43.31510455519016
