663.9752807617188, 353.9694519042969, 42.0, 95.0
665.2247314453125, 354.9801330566406, 41.17647171020508, 93.13725280761719
665.7891845703125, 354.3775634765625, 42.0, 95.0
666.2891235351562, 355.1763610839844, 41.17647171020508, 93.13725280761719
665.4998168945312, 353.0960998535156, 43.69679641723633, 98.8379898071289
665.1614379882812, 352.63848876953125, 43.69679641723633, 98.8379898071289
665.3868408203125, 352.97760009765625, 42.83999252319336, 96.89998626708984
665.9116821289062, 353.7229309082031, 42.83999252319336, 96.89998626708984
665.4310913085938, 352.74627685546875, 43.69679260253906, 98.83798217773438
665.3701171875, 353.0016174316406, 42.839988708496094, 96.89997863769531
667.2252197265625, 357.3507385253906, 40.36907958984375, 91.3110122680664
665.4429321289062, 355.0167236328125, 41.9999885559082, 94.99996948242188
664.1707153320312, 353.8944091796875, 43.696781158447266, 98.83795928955078
662.7019653320312, 352.88275146484375, 44.570716857910156, 100.81471252441406
663.4802856445312, 354.2194519042969, 42.83998489379883, 96.89996337890625
662.9691772460938, 353.9407958984375, 43.696781158447266, 98.83795928955078
662.369140625, 353.7431945800781, 42.83998107910156, 96.89995574951172
662.5194702148438, 354.699462890625, 41.99998092651367, 94.99995422363281
660.472412109375, 354.29290771484375, 42.83998107910156, 96.89995574951172
661.40673828125, 355.52117919921875, 41.99998092651367, 94.99995422363281
659.7473754882812, 353.9471740722656, 42.83998107910156, 96.89995574951172
659.4087524414062, 354.21929931640625, 42.83998107910156, 96.89995574951172
660.386962890625, 356.51593017578125, 41.17645263671875, 93.13721466064453
659.946044921875, 355.15948486328125, 41.99998092651367, 94.99996185302734
659.542236328125, 355.2294006347656, 41.99998092651367, 94.99996185302734
658.6263427734375, 354.8768310546875, 42.83998107910156, 96.89995574951172
658.8148803710938, 354.9905700683594, 42.83998107910156, 96.89995574951172
658.6495361328125, 355.18994140625, 42.83998107910156, 96.89995574951172
658.2614135742188, 354.3168640136719, 43.69677734375, 98.83794403076172
657.3521728515625, 352.3579406738281, 45.462120056152344, 102.83098602294922
657.513427734375, 351.3207092285156, 46.37136459350586, 104.88761138916016
657.5805053710938, 349.35333251953125, 47.298789978027344, 106.98535919189453
656.8648681640625, 346.0893859863281, 48.2447624206543, 109.12506103515625
658.3553466796875, 346.6039123535156, 47.29878616333008, 106.9853515625
658.4814453125, 344.6189270019531, 46.37135696411133, 104.8875961303711
659.1810302734375, 344.34619140625, 46.37135696411133, 104.8875961303711
659.6134643554688, 344.1445617675781, 45.46211624145508, 102.83097839355469
659.2575073242188, 341.4089050292969, 46.37135696411133, 104.8875961303711
659.1537475585938, 340.4155578613281, 46.37135696411133, 104.8875961303711
659.197021484375, 340.1057434082031, 46.37135696411133, 104.8875961303711
659.2605590820312, 339.0323791503906, 46.37135696411133, 104.8875961303711
659.7099609375, 338.1890869140625, 45.46211624145508, 102.83097839355469
659.1527709960938, 337.22015380859375, 46.37135696411133, 104.8875961303711
658.662353515625, 335.7348327636719, 47.29878616333008, 106.9853515625
658.5453491210938, 336.1774597167969, 46.37135696411133, 104.8875961303711
658.1475219726562, 335.8636779785156, 47.29878616333008, 106.9853515625
657.7748413085938, 335.483642578125, 47.29878616333008, 106.9853515625
656.7955322265625, 335.569091796875, 48.24475860595703, 109.12505340576172
657.251708984375, 336.42376708984375, 47.29878234863281, 106.98533630371094
656.913330078125, 336.96575927734375, 47.29878234863281, 106.98533630371094
656.4168701171875, 337.9428405761719, 46.37135314941406, 104.88758850097656
656.221923828125, 337.5628967285156, 46.37135314941406, 104.88758850097656
656.5892333984375, 339.4560241699219, 44.570701599121094, 100.81468200683594
655.4264526367188, 338.86767578125, 45.46211624145508, 102.83097839355469
654.832763671875, 338.6241760253906, 45.46211624145508, 102.83097839355469
654.9904174804688, 338.3205261230469, 45.46211624145508, 102.83097839355469
654.4940185546875, 337.6897277832031, 46.37135696411133, 104.8875961303711
654.718017578125, 339.0639343261719, 45.46211624145508, 102.83097839355469
655.1294555664062, 340.4040222167969, 44.570701599121094, 100.81468200683594
654.834716796875, 341.404541015625, 43.6967658996582, 98.83792114257812
654.9385986328125, 342.321533203125, 43.6967658996582, 98.83792114257812
655.1771850585938, 341.64874267578125, 44.570701599121094, 100.81468200683594
655.3416137695312, 342.207763671875, 44.570701599121094, 100.81468200683594
655.7754516601562, 342.95233154296875, 44.570701599121094, 100.81468200683594
656.0004272460938, 343.2945251464844, 44.570701599121094, 100.81468200683594
656.8140258789062, 344.38385009765625, 44.570701599121094, 100.81468200683594
657.0335083007812, 344.1171875, 45.46211624145508, 102.83097839355469
659.016845703125, 344.5396423339844, 45.46211624145508, 102.83097839355469
658.8799438476562, 342.5230712890625, 47.29878234863281, 106.98533630371094
659.1351318359375, 341.50408935546875, 47.29878234863281, 106.98533630371094
660.1532592773438, 340.79461669921875, 47.29878234863281, 106.98533630371094
660.0631103515625, 338.7906799316406, 48.244754791259766, 109.12503814697266
660.0448608398438, 337.8675842285156, 48.244754791259766, 109.12503814697266
661.17822265625, 339.5219421386719, 46.37135314941406, 104.88758850097656
661.8177490234375, 338.80731201171875, 47.29878234863281, 106.98533630371094
662.334228515625, 339.4070739746094, 46.37135314941406, 104.88758850097656
662.8659057617188, 340.083740234375, 46.37135314941406, 104.88758850097656
662.684326171875, 340.1959533691406, 46.37135314941406, 104.88758850097656
663.0661010742188, 340.98590087890625, 46.37135314941406, 104.88758850097656
662.8284301757812, 340.9449157714844, 46.37135314941406, 104.88758850097656
662.3212890625, 341.3224792480469, 46.37135314941406, 104.88758850097656
662.0309448242188, 342.37255859375, 46.37135314941406, 104.88758850097656
661.45751953125, 342.8525085449219, 46.37135314941406, 104.88758850097656
661.095947265625, 342.8316650390625, 46.37135314941406, 104.88758850097656
659.7526245117188, 341.5134582519531, 47.29878234863281, 106.98533630371094
659.1932983398438, 341.7938537597656, 46.37135314941406, 104.88758850097656
658.0907592773438, 340.9308166503906, 47.29878234863281, 106.98533630371094
657.7144165039062, 340.829345703125, 46.37135314941406, 104.88758850097656
657.6882934570312, 340.171142578125, 46.37135314941406, 104.88758850097656
656.4275512695312, 338.9077453613281, 47.29878234863281, 106.98533630371094
655.7742309570312, 339.1603088378906, 46.37135314941406, 104.88758850097656
655.88818359375, 338.997802734375, 47.29878234863281, 106.98533630371094
655.1588134765625, 338.7970886230469, 47.29878234863281, 106.98533630371094
655.6030883789062, 340.0245666503906, 46.37135314941406, 104.88758850097656
656.2542724609375, 341.18524169921875, 46.37135314941406, 104.88758850097656
655.8142700195312, 340.9626770019531, 47.29878234863281, 106.98533630371094
655.932861328125, 342.01776123046875, 46.37135314941406, 104.88758850097656
656.4102783203125, 343.08404541015625, 46.37135314941406, 104.88758850097656
657.0783081054688, 343.3929443359375, 46.37135314941406, 104.88758850097656
656.90234375, 342.72796630859375, 47.29878234863281, 106.98533630371094
657.0953979492188, 341.8900146484375, 47.29878234863281, 106.98533630371094
656.9722290039062, 340.6705627441406, 48.244754791259766, 109.12503814697266
656.7431640625, 339.6475524902344, 48.244754791259766, 109.12503814697266
657.6262817382812, 339.2186279296875, 48.244754791259766, 109.12503814697266
658.44873046875, 339.9901123046875, 47.29877471923828, 106.9853286743164
658.3043823242188, 339.1365661621094, 47.29877471923828, 106.9853286743164
658.285888671875, 337.85504150390625, 48.2447509765625, 109.12503051757812
658.2088012695312, 337.6014404296875, 48.2447509765625, 109.12503051757812
658.3494262695312, 337.6177978515625, 48.2447509765625, 109.12503051757812
658.532470703125, 337.640625, 48.2447509765625, 109.12503051757812
658.6904907226562, 337.8897705078125, 48.2447509765625, 109.12503051757812
659.06982421875, 338.5889892578125, 48.2447509765625, 109.12503051757812
658.3804931640625, 339.4144287109375, 48.2447509765625, 109.12503051757812
658.1202392578125, 339.9581298828125, 48.2447509765625, 109.12503051757812
657.6270751953125, 340.043212890625, 48.2447509765625, 109.12503051757812
657.4218139648438, 340.24493408203125, 48.2447509765625, 109.12503051757812
657.47021484375, 341.48052978515625, 47.29877471923828, 106.9853286743164
656.4282836914062, 341.37261962890625, 47.29877471923828, 106.9853286743164
655.8521118164062, 341.3030090332031, 47.29877471923828, 106.9853286743164
655.44287109375, 340.3216552734375, 47.29877471923828, 106.9853286743164
654.1053466796875, 338.451416015625, 48.2447509765625, 109.12503051757812
653.8910522460938, 337.3731994628906, 47.29877471923828, 106.9853286743164
653.9053955078125, 336.6909484863281, 47.29877471923828, 106.9853286743164
653.4127807617188, 335.0008544921875, 47.29877471923828, 106.9853286743164
652.813720703125, 334.2923889160156, 47.29877471923828, 106.9853286743164
652.7691650390625, 334.1153564453125, 47.29877471923828, 106.9853286743164
652.481689453125, 333.46588134765625, 47.29877471923828, 106.9853286743164
652.273193359375, 333.3346862792969, 47.29877471923828, 106.9853286743164
652.6502685546875, 333.3163757324219, 47.29877471923828, 106.9853286743164
652.5651245117188, 332.9178771972656, 47.29877471923828, 106.9853286743164
652.6231689453125, 332.6184997558594, 47.29877471923828, 106.9853286743164
653.183837890625, 332.6900634765625, 47.29877471923828, 106.9853286743164
654.0828247070312, 332.7254638671875, 47.29877471923828, 106.9853286743164
654.4603881835938, 332.7972106933594, 47.29877471923828, 106.9853286743164
654.5151977539062, 332.95123291015625, 47.29877471923828, 106.9853286743164
654.9645385742188, 333.1673278808594, 47.29877471923828, 106.9853286743164
655.2149047851562, 332.14141845703125, 48.2447509765625, 109.12503051757812
655.5006103515625, 330.8077392578125, 48.2447509765625, 109.12503051757812
656.226318359375, 329.881591796875, 48.2447509765625, 109.12503051757812
656.43017578125, 328.29473876953125, 48.2447509765625, 109.12503051757812
656.8067016601562, 327.94976806640625, 48.2447509765625, 109.12503051757812
657.3380737304688, 327.08758544921875, 48.2447509765625, 109.12503051757812
657.3084716796875, 326.30914306640625, 48.2447509765625, 109.12503051757812
657.3246459960938, 326.10333251953125, 48.2447509765625, 109.12503051757812
657.6921997070312, 325.5894775390625, 48.2447509765625, 109.12503051757812
658.4681396484375, 326.0187683105469, 47.29877471923828, 106.9853286743164
658.326171875, 326.5715026855469, 47.29877471923828, 106.9853286743164
658.8627319335938, 327.545654296875, 46.3713493347168, 104.8875732421875
658.3929443359375, 329.4414978027344, 46.3713493347168, 104.8875732421875
657.7096557617188, 329.2013244628906, 47.29877471923828, 106.9853286743164
657.4437866210938, 330.4699401855469, 46.3713493347168, 104.8875732421875
657.2431640625, 331.42913818359375, 46.3713493347168, 104.8875732421875
656.5167846679688, 331.6354064941406, 47.29877471923828, 106.9853286743164
655.6995849609375, 332.3303527832031, 46.3713493347168, 104.8875732421875
655.65185546875, 333.0245666503906, 46.3713493347168, 104.8875732421875
655.2450561523438, 332.4837646484375, 46.3713493347168, 104.8875732421875
654.280517578125, 331.74755859375, 47.29877471923828, 106.9853286743164
653.616455078125, 330.145263671875, 47.29877471923828, 106.9853286743164
653.3220825195312, 331.4026794433594, 46.3713493347168, 104.8875732421875
653.5542602539062, 330.91986083984375, 46.3713493347168, 104.8875732421875
653.7901000976562, 330.48822021484375, 46.3713493347168, 104.8875732421875
653.2225952148438, 328.43768310546875, 48.2447509765625, 109.12503051757812
652.9998168945312, 328.6184387207031, 47.29877471923828, 106.9853286743164
653.57958984375, 329.94586181640625, 46.3713493347168, 104.8875732421875
654.363037109375, 331.1241149902344, 46.3713493347168, 104.8875732421875
654.7086181640625, 331.8326110839844, 46.3713493347168, 104.8875732421875
655.951904296875, 333.5460205078125, 45.46210479736328, 102.8309555053711
655.8380126953125, 334.2797546386719, 46.3713493347168, 104.8875732421875
655.6744995117188, 334.3479919433594, 46.3713493347168, 104.8875732421875
657.401123046875, 335.54925537109375, 46.3713493347168, 104.8875732421875
657.4464721679688, 334.5418701171875, 47.29877471923828, 106.9853286743164
657.6107177734375, 334.30908203125, 46.3713493347168, 104.8875732421875
658.83251953125, 333.9095764160156, 47.29877471923828, 106.9853286743164
658.7733154296875, 332.86199951171875, 47.29877471923828, 106.9853286743164
659.1023559570312, 332.2531433105469, 47.29877471923828, 106.9853286743164
659.9511108398438, 332.3445739746094, 47.29877471923828, 106.9853286743164
660.1630249023438, 331.9221496582031, 47.29877471923828, 106.9853286743164
660.3794555664062, 331.2637939453125, 47.29877471923828, 106.9853286743164
659.9559936523438, 331.2383117675781, 47.29877471923828, 106.9853286743164
660.5404663085938, 331.46661376953125, 47.29877471923828, 106.9853286743164
660.4988403320312, 332.0398864746094, 47.29877471923828, 106.9853286743164
660.7733764648438, 333.4634094238281, 46.3713493347168, 104.8875732421875
660.677734375, 333.95538330078125, 47.29877471923828, 106.9853286743164
659.7730712890625, 333.75799560546875, 47.29877471923828, 106.9853286743164
659.3699340820312, 333.945556640625, 47.29877471923828, 106.9853286743164
658.9605102539062, 335.35589599609375, 46.3713493347168, 104.8875732421875
658.6541748046875, 336.8980712890625, 46.3713493347168, 104.8875732421875
658.4384155273438, 337.53875732421875, 46.3713493347168, 104.8875732421875
657.0291137695312, 336.8033447265625, 48.2447509765625, 109.12503051757812
655.6732177734375, 336.71954345703125, 48.2447509765625, 109.12503051757812
655.6101684570312, 337.95184326171875, 47.29877471923828, 106.9853286743164
654.3081665039062, 337.6253662109375, 47.29877471923828, 106.9853286743164
653.7476196289062, 337.2821044921875, 47.29877471923828, 106.9853286743164
652.2234497070312, 336.10052490234375, 48.2447509765625, 109.12503051757812
650.9635009765625, 334.7257080078125, 49.20964431762695, 111.30752563476562
650.4815673828125, 334.08648681640625, 49.20964431762695, 111.30752563476562
649.9501953125, 333.8070068359375, 49.20964431762695, 111.30752563476562
650.4161987304688, 334.15997314453125, 48.2447509765625, 109.12503051757812
650.3831787109375, 333.66961669921875, 48.2447509765625, 109.12503051757812
650.6068115234375, 333.07147216796875, 48.2447509765625, 109.12503051757812
650.9437255859375, 333.19964599609375, 48.2447509765625, 109.12503051757812
650.8196411132812, 333.39453125, 48.2447509765625, 109.12503051757812
651.5247192382812, 333.5911865234375, 48.2447509765625, 109.12503051757812
652.0718383789062, 333.60223388671875, 48.2447509765625, 109.12503051757812
652.21630859375, 333.5714111328125, 48.2447509765625, 109.12503051757812
652.946533203125, 335.1632385253906, 47.29877471923828, 106.9853286743164
653.6564331054688, 335.9884033203125, 47.29877471923828, 106.9853286743164
654.0785522460938, 336.6045837402344, 47.29877471923828, 106.9853286743164
654.8491821289062, 336.680419921875, 47.29877471923828, 106.9853286743164
655.9636840820312, 338.4327087402344, 46.3713493347168, 104.8875732421875
656.2422485351562, 338.5608825683594, 47.29877471923828, 106.9853286743164
657.5087280273438, 339.2513122558594, 46.3713493347168, 104.8875732421875
658.5384521484375, 340.3640441894531, 46.3713493347168, 104.8875732421875
658.7028198242188, 339.7117004394531, 47.29877471923828, 106.9853286743164
658.5244140625, 338.6016540527344, 47.29877471923828, 106.9853286743164
658.8284912109375, 338.10595703125, 47.29877471923828, 106.9853286743164
658.4923095703125, 337.43896484375, 48.2447509765625, 109.12503051757812
658.93408203125, 337.0013427734375, 48.2447509765625, 109.12503051757812
658.9794921875, 337.20025634765625, 48.2447509765625, 109.12503051757812
658.8861694335938, 337.55267333984375, 48.2447509765625, 109.12503051757812
657.8594360351562, 336.4429931640625, 49.20964431762695, 111.30752563476562
657.719970703125, 336.9471435546875, 49.20964431762695, 111.30752563476562
657.3312377929688, 337.39801025390625, 49.20964431762695, 111.30752563476562
657.5913696289062, 338.32403564453125, 48.2447509765625, 109.12503051757812
657.5111083984375, 339.2216796875, 48.2447509765625, 109.12503051757812
656.9373168945312, 339.338623046875, 48.2447509765625, 109.12503051757812
656.3284301757812, 339.41253662109375, 48.2447509765625, 109.12503051757812
655.4434814453125, 337.46014404296875, 49.20964431762695, 111.30752563476562
654.7308959960938, 336.1112060546875, 49.20964431762695, 111.30752563476562
653.985107421875, 334.8713684082031, 50.19383239746094, 113.5336685180664
653.6386108398438, 333.85601806640625, 50.19383239746094, 113.5336685180664
653.6668090820312, 332.4083557128906, 50.19383239746094, 113.5336685180664
653.5462646484375, 331.4963073730469, 50.19383239746094, 113.5336685180664
653.3056030273438, 330.55126953125, 50.19383239746094, 113.5336685180664
653.08447265625, 330.4803466796875, 50.19383239746094, 113.5336685180664
653.3067626953125, 331.3422546386719, 49.20963668823242, 111.30751037597656
653.3219604492188, 331.5367431640625, 50.19382858276367, 113.53366088867188
653.8444213867188, 332.20953369140625, 49.209632873535156, 111.30750274658203
654.1469116210938, 332.712890625, 49.209632873535156, 111.30750274658203
654.6005859375, 332.9701843261719, 49.209632873535156, 111.30750274658203
654.5684814453125, 333.3660888671875, 49.209632873535156, 111.30750274658203
654.962646484375, 333.1522521972656, 49.209632873535156, 111.30750274658203
654.9782104492188, 333.02301025390625, 50.19382095336914, 113.53364562988281
654.5994873046875, 331.8531799316406, 51.19770050048828, 115.8043212890625
654.6051635742188, 332.0879211425781, 51.19770050048828, 115.8043212890625
654.5433349609375, 331.7859802246094, 52.22165298461914, 118.12040710449219
654.777099609375, 331.5422668457031, 53.266082763671875, 120.4828109741211
654.8314819335938, 330.5941467285156, 54.33140563964844, 122.89246368408203
655.7415771484375, 331.3896789550781, 53.266082763671875, 120.4828109741211
655.9146118164062, 332.7099609375, 53.266082763671875, 120.4828109741211
656.0681762695312, 333.8858337402344, 53.266082763671875, 120.4828109741211
656.6554565429688, 335.91278076171875, 52.22165298461914, 118.12040710449219
655.9752807617188, 336.12615966796875, 53.266082763671875, 120.4828109741211
655.517822265625, 336.9977111816406, 53.266082763671875, 120.4828109741211
655.6465454101562, 339.5365295410156, 52.22165298461914, 118.12040710449219
655.1729125976562, 340.01251220703125, 53.266082763671875, 120.4828109741211
654.945556640625, 341.5253601074219, 53.266082763671875, 120.4828109741211
653.7509765625, 341.7306823730469, 54.33140563964844, 122.89246368408203
653.1886596679688, 341.9075927734375, 54.33140563964844, 122.89246368408203
652.0646362304688, 342.6141357421875, 54.33140563964844, 122.89246368408203
651.7118530273438, 343.6756896972656, 54.33140563964844, 122.89246368408203
652.2622680664062, 345.291259765625, 53.266082763671875, 120.4828109741211
651.7542724609375, 345.57177734375, 54.33140563964844, 122.89246368408203
650.341552734375, 344.3193359375, 55.418033599853516, 125.35031127929688
648.41357421875, 343.53240966796875, 56.526390075683594, 127.85731506347656
648.5023803710938, 343.7846374511719, 56.526390075683594, 127.85731506347656
647.7051391601562, 342.44952392578125, 57.656917572021484, 130.41445922851562
646.9307250976562, 343.5727233886719, 56.526390075683594, 127.85731506347656
646.2066650390625, 343.1273498535156, 56.526390075683594, 127.85731506347656
645.775390625, 343.1247253417969, 56.526390075683594, 127.85731506347656
645.3529663085938, 343.642333984375, 56.526390075683594, 127.85731506347656
645.5503540039062, 344.759765625, 55.418033599853516, 125.35031127929688
644.43505859375, 344.80780029296875, 55.418033599853516, 125.35031127929688
643.9381103515625, 344.3245849609375, 55.418033599853516, 125.35031127929688
644.6961059570312, 344.8642578125, 55.418033599853516, 125.35031127929688
644.5805053710938, 345.35015869140625, 54.33140563964844, 122.89246368408203
645.5907592773438, 345.4701843261719, 54.33140563964844, 122.89246368408203
645.7682495117188, 346.2132873535156, 54.33140563964844, 122.89246368408203
646.3446044921875, 345.70709228515625, 54.33140563964844, 122.89246368408203
645.2738037109375, 343.87799072265625, 55.418033599853516, 125.35031127929688
645.8709106445312, 344.30133056640625, 55.418033599853516, 125.35031127929688
645.0337524414062, 343.2713623046875, 55.418033599853516, 125.35031127929688
644.6353759765625, 342.91424560546875, 55.418033599853516, 125.35031127929688
643.4862670898438, 340.9637451171875, 56.526390075683594, 127.85731506347656
644.2194213867188, 339.41204833984375, 57.656917572021484, 130.41445922851562
643.56640625, 338.65478515625, 57.656917572021484, 130.41445922851562
644.1748657226562, 338.31207275390625, 57.656917572021484, 130.41445922851562
644.2000732421875, 338.4136962890625, 57.656917572021484, 130.41445922851562
643.8118896484375, 338.4832763671875, 57.656917572021484, 130.41445922851562
643.7816772460938, 337.8731689453125, 57.656917572021484, 130.41445922851562
643.5633544921875, 338.22784423828125, 57.656917572021484, 130.41445922851562
642.97216796875, 339.47039794921875, 57.656917572021484, 130.41445922851562
642.6768188476562, 338.7511291503906, 58.81005859375, 133.0227508544922
641.9398193359375, 338.828369140625, 58.81005859375, 133.0227508544922
642.0563354492188, 339.42034912109375, 58.81005859375, 133.0227508544922
642.1310424804688, 339.498291015625, 58.81005859375, 133.0227508544922
642.1318969726562, 338.9953308105469, 58.81005859375, 133.0227508544922
641.85693359375, 339.79534912109375, 58.81005859375, 133.0227508544922
641.4949340820312, 339.1070556640625, 58.81005859375, 133.0227508544922
640.8502197265625, 339.4551696777344, 58.81005859375, 133.0227508544922
640.374755859375, 339.7104187011719, 58.81005859375, 133.0227508544922
640.280029296875, 338.9435729980469, 58.81005859375, 133.0227508544922
640.0192260742188, 338.6963806152344, 58.81005859375, 133.0227508544922
639.8934326171875, 338.5329284667969, 58.81005859375, 133.0227508544922
639.6728515625, 338.9058837890625, 58.81005859375, 133.0227508544922
639.1422729492188, 339.152099609375, 59.98625946044922, 135.68319702148438
638.869873046875, 340.6796875, 59.98625946044922, 135.68319702148438
639.5376586914062, 339.19158935546875, 61.18598175048828, 138.39686584472656
639.4695434570312, 339.3903503417969, 61.18598175048828, 138.39686584472656
639.7702026367188, 340.1854553222656, 61.18598175048828, 138.39686584472656
640.8744506835938, 339.27203369140625, 61.18598175048828, 138.39686584472656
641.719482421875, 339.4036560058594, 61.18598175048828, 138.39686584472656
642.1276245117188, 339.61053466796875, 61.18598175048828, 138.39686584472656
643.0665893554688, 338.92034912109375, 61.18598175048828, 138.39686584472656
643.1997680664062, 337.6849365234375, 61.18598175048828, 138.39686584472656
643.9766235351562, 335.81707763671875, 61.18598175048828, 138.39686584472656
644.1697387695312, 334.3431396484375, 61.18598175048828, 138.39686584472656
645.1135864257812, 334.94659423828125, 59.98625183105469, 135.68319702148438
644.9411010742188, 334.7581787109375, 59.98625183105469, 135.68319702148438
645.8787841796875, 333.75518798828125, 59.98625183105469, 135.68319702148438
645.4664306640625, 332.8910827636719, 61.18597412109375, 138.3968505859375
644.98486328125, 332.17718505859375, 61.18597412109375, 138.3968505859375
645.6953125, 331.3620300292969, 61.18597412109375, 138.3968505859375
645.96533203125, 330.8542785644531, 61.18597412109375, 138.3968505859375
646.414794921875, 329.63287353515625, 61.18597412109375, 138.3968505859375
645.9400634765625, 329.6800231933594, 61.18597412109375, 138.3968505859375
646.2828369140625, 329.3130798339844, 61.18597412109375, 138.3968505859375
646.87548828125, 327.8688659667969, 61.18597412109375, 138.3968505859375
646.072998046875, 327.3511962890625, 61.18597412109375, 138.3968505859375
646.2132568359375, 326.3470153808594, 61.18597412109375, 138.3968505859375
646.126953125, 325.45074462890625, 61.18597412109375, 138.3968505859375
646.15966796875, 325.9012145996094, 61.18597412109375, 138.3968505859375
646.4404296875, 325.05120849609375, 61.18597412109375, 138.3968505859375
646.293212890625, 324.73895263671875, 61.18597412109375, 138.3968505859375
647.292236328125, 325.89337158203125, 61.18597412109375, 138.3968505859375
647.667236328125, 324.4717102050781, 61.18597412109375, 138.3968505859375
647.7467041015625, 324.9189758300781, 61.18597412109375, 138.3968505859375
647.934814453125, 324.63427734375, 61.18597412109375, 138.3968505859375
648.2279052734375, 325.3161926269531, 61.18597412109375, 138.3968505859375
648.7027587890625, 325.6383972167969, 61.18597412109375, 138.3968505859375
648.4569091796875, 326.2331848144531, 61.18597412109375, 138.3968505859375
648.3671875, 326.0101013183594, 61.18597412109375, 138.3968505859375
649.6343994140625, 326.80328369140625, 61.18597412109375, 138.3968505859375
649.173095703125, 327.3438415527344, 61.18597412109375, 138.3968505859375
649.6632080078125, 328.2811279296875, 61.18597412109375, 138.3968505859375
649.5137939453125, 328.96966552734375, 61.18597412109375, 138.3968505859375
649.8402709960938, 330.5623474121094, 59.98624801635742, 135.6831817626953
650.0825805664062, 331.9720153808594, 59.98624801635742, 135.6831817626953
649.9382934570312, 333.1588439941406, 59.98624801635742, 135.6831817626953
650.3734741210938, 333.9220275878906, 59.98624801635742, 135.6831817626953
649.9117431640625, 334.5895690917969, 59.98624801635742, 135.6831817626953
649.8275756835938, 335.5478820800781, 59.98624801635742, 135.6831817626953
649.7176513671875, 336.3573913574219, 59.98624801635742, 135.6831817626953
649.8577270507812, 337.37811279296875, 58.8100471496582, 133.02272033691406
649.541015625, 338.07391357421875, 58.8100471496582, 133.02272033691406
649.61376953125, 337.9254455566406, 58.8100471496582, 133.02272033691406
648.6646728515625, 337.7393798828125, 58.8100471496582, 133.02272033691406
648.3839721679688, 338.0281066894531, 58.8100471496582, 133.02272033691406
648.5726928710938, 338.2633056640625, 58.8100471496582, 133.02272033691406
648.4064331054688, 338.4723205566406, 58.8100471496582, 133.02272033691406
648.2545166015625, 338.8296813964844, 58.8100471496582, 133.02272033691406
647.7926635742188, 338.2919921875, 58.8100471496582, 133.02272033691406
647.7561645507812, 339.9287414550781, 57.65690994262695, 130.41444396972656
647.2092895507812, 338.9140625, 57.65690994262695, 130.41444396972656
646.5567626953125, 338.3331298828125, 57.65690994262695, 130.41444396972656
646.3010864257812, 338.5111389160156, 57.65690994262695, 130.41444396972656
645.9201049804688, 338.146484375, 57.65690994262695, 130.41444396972656
646.9251098632812, 338.9031066894531, 56.52638244628906, 127.85729217529297
647.584228515625, 339.1912841796875, 56.52638244628906, 127.85729217529297
647.7507934570312, 338.6325378417969, 56.52638244628906, 127.85729217529297
647.12890625, 337.89862060546875, 56.52638244628906, 127.85729217529297
648.1742553710938, 339.1401062011719, 55.41802215576172, 125.35028839111328
648.4479370117188, 338.69769287109375, 55.41802215576172, 125.35028839111328
647.8023071289062, 337.9174499511719, 55.41802215576172, 125.35028839111328
648.4434204101562, 337.86944580078125, 55.41802215576172, 125.35028839111328
647.652099609375, 338.0406799316406, 55.41802215576172, 125.35028839111328
647.8251953125, 338.3061218261719, 55.41802215576172, 125.35028839111328
648.2088012695312, 338.7955627441406, 55.41802215576172, 125.35028839111328
648.314453125, 338.48614501953125, 55.41802215576172, 125.35028839111328
647.3008422851562, 337.6443176269531, 55.41802215576172, 125.35028839111328
647.21484375, 337.90789794921875, 55.41802215576172, 125.35028839111328
648.1891479492188, 338.2935791015625, 55.41802215576172, 125.35028839111328
647.7639770507812, 338.1589050292969, 55.41802215576172, 125.35028839111328
647.3388671875, 338.2151794433594, 55.41802215576172, 125.35028839111328
646.4384155273438, 337.8934631347656, 55.41802215576172, 125.35028839111328
646.3435668945312, 337.9035339355469, 55.41802215576172, 125.35028839111328
646.2068481445312, 337.7642517089844, 55.41802215576172, 125.35028839111328
646.3310546875, 337.501708984375, 55.41802215576172, 125.35028839111328
645.9030151367188, 337.2283630371094, 55.41802215576172, 125.35028839111328
646.1994018554688, 338.40679931640625, 55.41802215576172, 125.35028839111328
646.6110229492188, 337.7677001953125, 55.41802215576172, 125.35028839111328
646.4404296875, 338.5189514160156, 55.41802215576172, 125.35028839111328
646.1300048828125, 338.3330078125, 55.41802215576172, 125.35028839111328
646.703369140625, 338.68603515625, 55.41802215576172, 125.35028839111328
646.690673828125, 338.9851379394531, 55.41802215576172, 125.35028839111328
646.9986572265625, 339.5386962890625, 55.41802215576172, 125.35028839111328
647.5597534179688, 339.2150573730469, 55.41802215576172, 125.35028839111328
647.2981567382812, 339.78997802734375, 55.41802215576172, 125.35028839111328
647.6265869140625, 340.6423645019531, 54.33139419555664, 122.89244079589844
647.9691772460938, 338.9856262207031, 55.41802215576172, 125.35028839111328
647.8988647460938, 339.69146728515625, 55.41802215576172, 125.35028839111328
647.9150390625, 339.5951843261719, 55.41802215576172, 125.35028839111328
647.8130493164062, 339.6122131347656, 55.41802215576172, 125.35028839111328
647.7882080078125, 339.6988220214844, 55.41802215576172, 125.35028839111328
647.79052734375, 340.01702880859375, 55.41802215576172, 125.35028839111328
647.7081298828125, 340.5243225097656, 55.41802215576172, 125.35028839111328
647.5205078125, 340.125, 55.41802215576172, 125.35028839111328
647.4588012695312, 340.2366027832031, 55.41802215576172, 125.35028839111328
647.3161010742188, 340.3424987792969, 55.41802215576172, 125.35028839111328
647.6809692382812, 339.727294921875, 55.41802215576172, 125.35028839111328
647.95751953125, 339.86676025390625, 55.41802215576172, 125.35028839111328
648.2144165039062, 340.246826171875, 55.41802215576172, 125.35028839111328
648.171875, 340.2638854980469, 55.41802215576172, 125.35028839111328
647.7656860351562, 339.92926025390625, 55.41802215576172, 125.35028839111328
647.22021484375, 339.563232421875, 55.41802215576172, 125.35028839111328
647.3823852539062, 339.06072998046875, 55.41802215576172, 125.35028839111328
646.5967407226562, 339.2012634277344, 55.41802215576172, 125.35028839111328
646.2052612304688, 338.71636962890625, 55.41802215576172, 125.35028839111328
646.3915405273438, 338.47930908203125, 55.41802215576172, 125.35028839111328
645.5559692382812, 337.9212646484375, 55.41802215576172, 125.35028839111328
645.6365356445312, 338.476318359375, 55.41802215576172, 125.35028839111328
645.7557373046875, 337.7881164550781, 55.41802215576172, 125.35028839111328
645.8495483398438, 337.3582763671875, 55.41802215576172, 125.35028839111328
646.5538330078125, 337.8966979980469, 54.33139419555664, 122.89244079589844
646.5098266601562, 338.0881652832031, 54.33139419555664, 122.89244079589844
646.2861328125, 338.1526794433594, 54.33139419555664, 122.89244079589844
645.6209716796875, 338.6647033691406, 54.33139419555664, 122.89244079589844
645.8751220703125, 339.3981628417969, 53.266075134277344, 120.4827880859375
645.5940551757812, 340.4430236816406, 53.266075134277344, 120.4827880859375
645.1683349609375, 340.9974670410156, 53.266075134277344, 120.4827880859375
645.356201171875, 339.7338562011719, 54.33139419555664, 122.89244079589844
644.6989135742188, 339.0879211425781, 54.33139419555664, 122.89244079589844
644.2659301757812, 339.28643798828125, 54.33139419555664, 122.89244079589844
643.8705444335938, 339.57073974609375, 54.33139419555664, 122.89244079589844
643.8009643554688, 340.3724670410156, 53.266075134277344, 120.4827880859375
644.4186401367188, 341.77679443359375, 53.266075134277344, 120.4827880859375
644.2918090820312, 341.3743896484375, 53.266075134277344, 120.4827880859375
644.7724609375, 341.9301452636719, 53.266075134277344, 120.4827880859375
644.6760864257812, 341.7102966308594, 53.266075134277344, 120.4827880859375
644.4308471679688, 342.5074157714844, 53.266075134277344, 120.4827880859375
643.6229858398438, 341.64447021484375, 54.33139419555664, 122.89244079589844
644.053955078125, 342.28399658203125, 53.266075134277344, 120.4827880859375
644.2051391601562, 342.72772216796875, 53.266075134277344, 120.4827880859375
644.140869140625, 343.2547607421875, 53.266075134277344, 120.4827880859375
644.0261840820312, 343.30169677734375, 53.266075134277344, 120.4827880859375
643.7688598632812, 343.28656005859375, 53.266075134277344, 120.4827880859375
643.4005126953125, 343.45086669921875, 53.266075134277344, 120.4827880859375
643.3390502929688, 343.7698974609375, 53.266075134277344, 120.4827880859375
644.7380981445312, 344.56939697265625, 52.221641540527344, 118.1203842163086
644.4856567382812, 344.8672790527344, 52.221641540527344, 118.1203842163086
643.8948974609375, 344.1800231933594, 53.266075134277344, 120.4827880859375
644.1130981445312, 344.01611328125, 53.266075134277344, 120.4827880859375
645.1171875, 344.9996032714844, 52.221641540527344, 118.1203842163086
645.1953125, 345.9764709472656, 51.197689056396484, 115.8042984008789
645.3712158203125, 346.1644287109375, 51.197689056396484, 115.8042984008789
646.2069702148438, 346.83917236328125, 50.19381332397461, 113.53362274169922
646.5713500976562, 348.09613037109375, 49.209617614746094, 111.30746459960938
646.5379638671875, 348.30926513671875, 49.209617614746094, 111.30746459960938
646.6627807617188, 348.51153564453125, 49.209617614746094, 111.30746459960938
647.5841064453125, 348.8974609375, 48.24472427368164, 109.12496948242188
648.8458251953125, 350.3666687011719, 47.29875183105469, 106.98526763916016
648.6697387695312, 349.438720703125, 48.24472427368164, 109.12496948242188
649.4697265625, 349.60528564453125, 47.29875183105469, 106.98526763916016
649.2752685546875, 349.9259338378906, 47.29875183105469, 106.98526763916016
649.8426513671875, 349.853759765625, 47.29875183105469, 106.98526763916016
650.1093139648438, 350.7212829589844, 46.37132263183594, 104.88751983642578
650.0549926757812, 350.701904296875, 46.37132263183594, 104.88751983642578
650.3876953125, 351.43701171875, 45.46208190917969, 102.83089447021484
650.1404418945312, 351.7754821777344, 45.46208190917969, 102.83089447021484
650.8812866210938, 352.28509521484375, 44.5706672668457, 100.81460571289062
650.291748046875, 352.66192626953125, 44.5706672668457, 100.81460571289062
650.225830078125, 352.72418212890625, 44.5706672668457, 100.81460571289062
650.9014892578125, 352.63580322265625, 44.5706672668457, 100.81460571289062
651.1094970703125, 352.68670654296875, 44.5706672668457, 100.81460571289062
651.609130859375, 352.93505859375, 44.5706672668457, 100.81460571289062
652.4134521484375, 353.7608642578125, 44.5706672668457, 100.81460571289062
652.8882446289062, 353.739990234375, 44.5706672668457, 100.81460571289062
652.6134643554688, 352.5582580566406, 45.46208190917969, 102.83089447021484
653.30859375, 353.7440490722656, 45.46208190917969, 102.83089447021484
653.8257446289062, 352.78668212890625, 45.46208190917969, 102.83089447021484
654.3082275390625, 352.8280334472656, 45.46208190917969, 102.83089447021484
653.83349609375, 352.8516540527344, 45.46208190917969, 102.83089447021484
655.2535400390625, 353.0132751464844, 45.46208190917969, 102.83089447021484
655.164306640625, 352.6722412109375, 45.46208190917969, 102.83089447021484
655.3721313476562, 352.2962951660156, 45.46208190917969, 102.83089447021484
654.9851684570312, 352.33599853515625, 45.46208190917969, 102.83089447021484
655.4263916015625, 352.8345031738281, 45.46208190917969, 102.83089447021484
655.5521240234375, 351.8835754394531, 45.46208190917969, 102.83089447021484
655.3103637695312, 351.78839111328125, 45.46208190917969, 102.83089447021484
655.1412963867188, 352.1824035644531, 45.46208190917969, 102.83089447021484
655.417724609375, 352.6993408203125, 45.46208190917969, 102.83089447021484
654.7225341796875, 352.6020202636719, 45.46208190917969, 102.83089447021484
654.3981323242188, 352.18280029296875, 45.46208190917969, 102.83089447021484
653.5482788085938, 352.8263244628906, 45.46208190917969, 102.83089447021484
652.9004516601562, 352.79656982421875, 45.46208190917969, 102.83089447021484
652.5729370117188, 352.560302734375, 45.46208190917969, 102.83089447021484
651.6119995117188, 352.9564514160156, 45.46208190917969, 102.83089447021484
651.2618408203125, 352.19873046875, 45.46208190917969, 102.83089447021484
651.441650390625, 352.5638732910156, 45.46208190917969, 102.83089447021484
650.2551879882812, 352.5259704589844, 45.46208190917969, 102.83089447021484
649.7598876953125, 350.73974609375, 46.37132263183594, 104.88751983642578
649.7514038085938, 349.9085388183594, 46.37132263183594, 104.88751983642578
649.5728759765625, 349.8799133300781, 46.37132263183594, 104.88751983642578
649.19580078125, 349.656494140625, 46.37132263183594, 104.88751983642578
648.7017822265625, 349.4003601074219, 46.37132263183594, 104.88751983642578
648.5333862304688, 350.2424011230469, 46.37132263183594, 104.88751983642578
648.3779296875, 350.3213195800781, 46.37132263183594, 104.88751983642578
648.2135009765625, 350.228271484375, 46.37132263183594, 104.88751983642578
647.9288330078125, 350.01837158203125, 46.37132263183594, 104.88751983642578
648.0865478515625, 349.91729736328125, 46.37132263183594, 104.88751983642578
648.6447143554688, 349.6139221191406, 46.37132263183594, 104.88751983642578
649.2902221679688, 349.140869140625, 46.37132263183594, 104.88751983642578
649.3327026367188, 349.5797119140625, 46.37132263183594, 104.88751983642578
650.28564453125, 349.3202819824219, 46.37132263183594, 104.88751983642578
650.8777465820312, 349.9221496582031, 46.37132263183594, 104.88751983642578
651.1947021484375, 349.8553161621094, 46.37132263183594, 104.88751983642578
651.6913452148438, 349.8133544921875, 46.37132263183594, 104.88751983642578
651.7637329101562, 348.6227722167969, 47.29875183105469, 106.98526763916016
651.314453125, 349.2366943359375, 46.37132263183594, 104.88751983642578
651.6973876953125, 348.803955078125, 47.29875183105469, 106.98526763916016
651.2384643554688, 348.0006408691406, 47.29875183105469, 106.98526763916016
651.7811889648438, 348.4262390136719, 47.29875183105469, 106.98526763916016
651.5789794921875, 348.51202392578125, 47.29875183105469, 106.98526763916016
652.0093383789062, 348.9662780761719, 46.37132263183594, 104.88751983642578
652.3487548828125, 349.43707275390625, 46.37132263183594, 104.88751983642578
652.2163696289062, 348.9443054199219, 47.29875183105469, 106.98526763916016
651.8764038085938, 348.5317077636719, 47.29875183105469, 106.98526763916016
651.170654296875, 348.44927978515625, 47.29875183105469, 106.98526763916016
651.1123657226562, 348.7591552734375, 47.29875183105469, 106.98526763916016
651.1824951171875, 349.4585876464844, 46.37132263183594, 104.88751983642578
650.548583984375, 349.9954528808594, 46.37132263183594, 104.88751983642578
650.2717895507812, 350.3907165527344, 46.37132263183594, 104.88751983642578
649.170654296875, 350.527099609375, 46.37132263183594, 104.88751983642578
648.5802612304688, 350.91546630859375, 46.37132263183594, 104.88751983642578
648.4265747070312, 349.82171630859375, 46.37132263183594, 104.88751983642578
648.0423583984375, 349.6737976074219, 46.37132263183594, 104.88751983642578
647.0518798828125, 348.70001220703125, 46.37132263183594, 104.88751983642578
648.0303344726562, 349.4708251953125, 45.46208190917969, 102.83089447021484
647.6282958984375, 348.5833740234375, 46.37132263183594, 104.88751983642578
647.6295166015625, 348.5548400878906, 45.46208190917969, 102.83089447021484
646.791748046875, 347.61578369140625, 46.37132263183594, 104.88751983642578
647.0897827148438, 346.6501159667969, 46.37132263183594, 104.88751983642578
646.3958740234375, 346.9302062988281, 46.37132263183594, 104.88751983642578
647.1046142578125, 346.972412109375, 46.37132263183594, 104.88751983642578
646.9017333984375, 346.90716552734375, 46.37132263183594, 104.88751983642578
646.81494140625, 345.9189758300781, 47.29875183105469, 106.98526763916016
647.1222534179688, 345.24853515625, 47.29875183105469, 106.98526763916016
647.7913208007812, 345.3809814453125, 47.29875183105469, 106.98526763916016
648.5006713867188, 345.4681091308594, 47.29875183105469, 106.98526763916016
649.109619140625, 345.87152099609375, 47.29875183105469, 106.98526763916016
650.3128662109375, 346.0675048828125, 47.29875183105469, 106.98526763916016
650.4742431640625, 346.3829345703125, 47.29875183105469, 106.98526763916016
649.2353515625, 345.8226318359375, 48.24472427368164, 109.12496948242188
649.5948486328125, 346.24456787109375, 48.24472427368164, 109.12496948242188
650.3152465820312, 347.04449462890625, 48.24472427368164, 109.12496948242188
649.94091796875, 347.35699462890625, 48.24472427368164, 109.12496948242188
649.882080078125, 348.01953125, 48.24472427368164, 109.12496948242188
650.2427978515625, 349.5000305175781, 47.29875183105469, 106.98526763916016
651.3291625976562, 351.2747497558594, 46.37132263183594, 104.88751983642578
651.2369995117188, 351.80023193359375, 46.37132263183594, 104.88751983642578
651.1842041015625, 352.122314453125, 46.37132263183594, 104.88751983642578
650.8809814453125, 353.2998352050781, 46.37132263183594, 104.88751983642578
650.7027587890625, 353.9901428222656, 46.37132263183594, 104.88751983642578
651.50341796875, 355.35101318359375, 45.46208190917969, 102.83089447021484
651.0911254882812, 356.1026306152344, 45.46208190917969, 102.83089447021484
651.52685546875, 356.9112854003906, 45.46208190917969, 102.83089447021484
651.4497680664062, 357.0528259277344, 45.46208190917969, 102.83089447021484
651.3671264648438, 357.4283142089844, 45.46208190917969, 102.83089447021484
650.875, 357.0095520019531, 46.37132263183594, 104.88751983642578
651.0367431640625, 357.0951232910156, 46.37132263183594, 104.88751983642578
651.1119995117188, 357.580810546875, 46.37132263183594, 104.88751983642578
650.917236328125, 357.2298583984375, 46.37132263183594, 104.88751983642578
650.2261962890625, 357.5527648925781, 47.29875183105469, 106.98526763916016
650.5674438476562, 358.0508117675781, 46.37132263183594, 104.88751983642578
650.9400024414062, 358.2970886230469, 47.29875183105469, 106.98526763916016
650.1023559570312, 357.80865478515625, 47.29875183105469, 106.98526763916016
650.4873657226562, 358.2036437988281, 47.29875183105469, 106.98526763916016
650.1250610351562, 358.6915283203125, 47.29875183105469, 106.98526763916016
650.349853515625, 357.772705078125, 48.24472427368164, 109.12496948242188
650.680419921875, 358.21337890625, 48.24472427368164, 109.12496948242188
650.6665649414062, 357.91943359375, 49.209617614746094, 111.30746459960938
650.8030395507812, 357.92236328125, 49.209617614746094, 111.30746459960938
650.772705078125, 357.02337646484375, 50.19380569458008, 113.53361511230469
651.3250122070312, 356.5632019042969, 51.19768524169922, 115.80428314208984
651.8052978515625, 356.2109069824219, 51.19768524169922, 115.80428314208984
651.8921508789062, 355.93499755859375, 51.19768524169922, 115.80428314208984
651.7354736328125, 355.6387023925781, 52.22163772583008, 118.12036895751953
652.5112915039062, 355.62225341796875, 52.22163772583008, 118.12036895751953
652.0927124023438, 354.03704833984375, 53.26606750488281, 120.48277282714844
652.2627563476562, 353.76806640625, 53.26606750488281, 120.48277282714844
652.7213745117188, 353.5685119628906, 53.26606750488281, 120.48277282714844
651.9176635742188, 352.87335205078125, 54.331390380859375, 122.89242553710938
651.2332763671875, 352.032470703125, 54.331390380859375, 122.89242553710938
651.3270263671875, 350.5859069824219, 55.41801834106445, 125.35028076171875
650.9124755859375, 349.95989990234375, 55.41801834106445, 125.35028076171875
650.7506103515625, 349.79937744140625, 55.41801834106445, 125.35028076171875
650.2523193359375, 349.22271728515625, 55.41801834106445, 125.35028076171875
649.6199340820312, 348.2033996582031, 56.52637481689453, 127.8572769165039
649.1836547851562, 347.53912353515625, 56.52637481689453, 127.8572769165039
648.4255981445312, 347.6905822753906, 56.52637481689453, 127.8572769165039
647.109619140625, 346.18304443359375, 57.65690231323242, 130.4144287109375
646.2669677734375, 345.5028076171875, 57.65690231323242, 130.4144287109375
644.740478515625, 345.542236328125, 57.65690231323242, 130.4144287109375
644.172607421875, 345.25555419921875, 57.65690231323242, 130.4144287109375
642.6369018554688, 344.65460205078125, 57.65690231323242, 130.4144287109375
641.658203125, 343.72650146484375, 58.81004333496094, 133.02272033691406
641.2705688476562, 343.351806640625, 58.81004333496094, 133.02272033691406
640.9427490234375, 342.4001770019531, 59.986244201660156, 135.68316650390625
640.4058837890625, 341.3365783691406, 59.986244201660156, 135.68316650390625
640.269287109375, 342.07708740234375, 58.81004333496094, 133.02272033691406
640.5936889648438, 342.3161926269531, 58.81004333496094, 133.02272033691406
640.3157958984375, 341.0724182128906, 59.986244201660156, 135.68316650390625
639.4895629882812, 340.50335693359375, 59.986244201660156, 135.68316650390625
639.6326293945312, 340.06744384765625, 59.986244201660156, 135.68316650390625
639.1246948242188, 339.0556640625, 61.18596649169922, 138.39682006835938
639.68994140625, 339.8058166503906, 59.986236572265625, 135.6831512451172
639.8689575195312, 339.5934753417969, 59.986236572265625, 135.6831512451172
639.57958984375, 337.891845703125, 61.18595886230469, 138.39682006835938
639.5413208007812, 338.5661315917969, 59.98623275756836, 135.6831512451172
639.7516479492188, 338.8912658691406, 59.98623275756836, 135.6831512451172
639.9771728515625, 339.0044250488281, 59.98623275756836, 135.6831512451172
639.8910522460938, 337.5511474609375, 61.18595504760742, 138.3968048095703
639.4895629882812, 337.06011962890625, 61.18595504760742, 138.3968048095703
639.2342529296875, 336.4305419921875, 61.18595504760742, 138.3968048095703
639.7782592773438, 336.6426086425781, 61.18595504760742, 138.3968048095703
639.1110229492188, 335.57891845703125, 62.40967559814453, 141.16473388671875
640.1785888671875, 336.6321716308594, 61.18595504760742, 138.3968048095703
640.4480590820312, 336.7643737792969, 61.18595504760742, 138.3968048095703
639.83984375, 335.64581298828125, 62.40967559814453, 141.16473388671875
640.8854370117188, 337.2454528808594, 61.18595504760742, 138.3968048095703
640.803955078125, 337.3247375488281, 61.18595504760742, 138.3968048095703
641.04296875, 337.88818359375, 61.18595504760742, 138.3968048095703
641.3449096679688, 338.22064208984375, 61.18595504760742, 138.3968048095703
642.3389282226562, 339.4469299316406, 61.18595504760742, 138.3968048095703
641.8248291015625, 339.5444030761719, 62.40967559814453, 141.16473388671875
642.0501708984375, 341.21246337890625, 62.40967559814453, 141.16473388671875
642.4869384765625, 343.197021484375, 62.40967559814453, 141.16473388671875
642.1724853515625, 343.4117736816406, 63.657867431640625, 143.988037109375
642.6412963867188, 346.0563049316406, 63.657867431640625, 143.988037109375
642.6849975585938, 346.7236328125, 64.93102264404297, 146.8677978515625
643.0715942382812, 348.7246398925781, 64.93102264404297, 146.8677978515625
643.0791625976562, 349.79632568359375, 66.22964477539062, 149.80514526367188
644.5894165039062, 356.19073486328125, 63.65787124633789, 143.988037109375
644.654296875, 358.60308837890625, 62.4096794128418, 141.1647491455078
644.7129516601562, 359.908935546875, 63.65787124633789, 143.988037109375
644.6259765625, 364.0999450683594, 62.4096794128418, 141.1647491455078
644.2018432617188, 366.0505676269531, 62.4096794128418, 141.1647491455078
643.601318359375, 369.11175537109375, 61.18595886230469, 138.39682006835938
642.536865234375, 370.70458984375, 61.18595886230469, 138.39682006835938
641.4508056640625, 375.4114685058594, 59.98623275756836, 135.6831512451172
640.0244140625, 376.8727722167969, 59.98623275756836, 135.6831512451172
638.1596069335938, 379.6943359375, 59.98623275756836, 135.6831512451172
636.74853515625, 381.9440002441406, 58.81003189086914, 133.02268981933594
642.6809692382812, 385.92791748046875, 57.65689468383789, 130.41439819335938
641.483154296875, 386.75128173828125, 57.65689468383789, 130.41439819335938
640.4801025390625, 387.63677978515625, 57.65689468383789, 130.41439819335938
618.8006591796875, 395.0657043457031, 56.5263671875, 127.85725402832031
619.9900512695312, 398.8352966308594, 55.418006896972656, 125.35025787353516
619.5985717773438, 401.0179748535156, 55.418006896972656, 125.35025787353516
0.0, 0.0, 0.0, 0.0
0.0, 0.0, 0.0, 0.0
0.0, 0.0, 0.0, 0.0
0.0, 0.0, 0.0, 0.0
0.0, 0.0, 0.0, 0.0
0.0, 0.0, 0.0, 0.0
0.0, 0.0, 0.0, 0.0
0.0, 0.0, 0.0, 0.0
0.0, 0.0, 0.0, 0.0
0.0, 0.0, 0.0, 0.0
0.0, 0.0, 0.0, 0.0
0.0, 0.0, 0.0, 0.0
0.0, 0.0, 0.0, 0.0
0.0, 0.0, 0.0, 0.0
0.0, 0.0, 0.0, 0.0
0.0, 0.0, 0.0, 0.0
0.0, 0.0, 0.0, 0.0
0.0, 0.0, 0.0, 0.0
0.0, 0.0, 0.0, 0.0
0.0, 0.0, 0.0, 0.0
0.0, 0.0, 0.0, 0.0
0.0, 0.0, 0.0, 0.0
0.0, 0.0, 0.0, 0.0
-7.740201950073242, -26.84334945678711, 55.418006896972656, 125.35025787353516
-6.650419235229492, -23.683147430419922, 54.33137893676758, 122.89240264892578
-6.34185791015625, -22.206676483154297, 55.418006896972656, 125.35025787353516
-6.03863525390625, -20.73553466796875, 55.418006896972656, 125.35025787353516
-4.980531692504883, -18.703662872314453, 55.418006896972656, 125.35025787353516
-4.16041374206543, -16.88522720336914, 55.418006896972656, 125.35025787353516
-4.007778167724609, -14.73068618774414, 55.418006896972656, 125.35025787353516
-3.8167762756347656, -12.44156265258789, 55.418006896972656, 125.35025787353516
-2.8375701904296875, -10.358200073242188, 55.418006896972656, 125.35025787353516
-2.3558273315429688, -8.246646881103516, 55.418006896972656, 125.35025787353516
-1.629587173461914, -4.872585296630859, 54.33137893676758, 122.89240264892578
-0.7869415283203125, -1.8994598388671875, 54.33137893676758, 122.89240264892578
-0.5074043273925781, -0.0861053466796875, 54.33137893676758, 122.89240264892578
1.6776466369628906, 3.52545166015625, 53.26605987548828, 120.48274993896484
3.2769508361816406, 7.949657440185547, 53.26605987548828, 120.48274993896484
4.074090957641602, 9.014965057373047, 53.26605987548828, 120.48274993896484
4.659889221191406, 11.054302215576172, 53.26605987548828, 120.48274993896484
5.987739562988281, 14.802001953125, 52.22162628173828, 118.12034606933594
6.937343597412109, 17.215404510498047, 53.26605987548828, 120.48274993896484
8.70730972290039, 19.70038604736328, 52.22162628173828, 118.12034606933594
10.037147521972656, 23.435272216796875, 52.22162628173828, 118.12034606933594
10.394168853759766, 25.260330200195312, 52.22162628173828, 118.12034606933594
11.505758285522461, 28.763702392578125, 51.19767379760742, 115.80426025390625
11.929834365844727, 31.6363525390625, 51.19767379760742, 115.80426025390625
12.672079086303711, 33.76078796386719, 51.19767379760742, 115.80426025390625
13.671606063842773, 35.20041275024414, 50.19379806518555, 113.5335922241211
13.076269149780273, 33.17638397216797, 51.19767379760742, 115.80426025390625
11.466188430786133, 29.71059799194336, 50.19379806518555, 113.5335922241211
8.926084518432617, 27.19161605834961, 50.19379806518555, 113.5335922241211
5.441251754760742, 21.152938842773438, 51.19767379760742, 115.80426025390625
3.5145092010498047, 15.149429321289062, 51.19767379760742, 115.80426025390625
-0.15613555908203125, 8.677978515625, 51.19767379760742, 115.80426025390625
-2.1693992614746094, 3.8420753479003906, 51.19767379760742, 115.80426025390625
-5.162248611450195, -1.9155845642089844, 51.19767379760742, 115.80426025390625
-6.971609115600586, -7.895435333251953, 51.19767379760742, 115.80426025390625
-9.81063461303711, -16.40185546875, 52.22162628173828, 118.12034606933594
-12.02888298034668, -22.591022491455078, 52.22162628173828, 118.12034606933594
-16.780658721923828, -29.359460830688477, 51.19767379760742, 115.80426025390625
-18.853025436401367, -35.7378044128418, 51.19767379760742, 115.80426025390625
-23.185447692871094, -43.803951263427734, 51.19767379760742, 115.80426025390625
-25.424497604370117, -49.704986572265625, 51.19767379760742, 115.80426025390625
-25.59883689880371, -57.902130126953125, 51.19767379760742, 115.80426025390625
-25.59883689880371, -57.902130126953125, 51.19767379760742, 115.80426025390625
-25.59883689880371, -57.902130126953125, 51.19767379760742, 115.80426025390625
-25.59883689880371, -57.902130126953125, 51.19767379760742, 115.80426025390625
-25.59883689880371, -57.902130126953125, 51.19767379760742, 115.80426025390625
0.0, 0.0, 0.0, 0.0
0.0, 0.0, 0.0, 0.0
0.0, 0.0, 0.0, 0.0
-5.86345100402832, -27.680112838745117, 51.19767379760742, 115.80426025390625
-7.574108123779297, -33.00304412841797, 51.19767379760742, 115.80426025390625
-7.676368713378906, -38.763458251953125, 51.19767379760742, 115.80426025390625
-8.684444427490234, -46.33197021484375, 51.19767379760742, 115.80426025390625
5.185441970825195, -57.902130126953125, 51.19767379760742, 115.80426025390625
4.940092086791992, -57.902130126953125, 51.19767379760742, 115.80426025390625
-5.709270477294922, -22.316967010498047, 51.19767379760742, 115.80426025390625
-4.995670318603516, -24.201000213623047, 51.19767379760742, 115.80426025390625
-6.221809387207031, -5.493072509765625, 51.19767379760742, 115.80426025390625
-7.69377326965332, -10.725242614746094, 51.19767379760742, 115.80426025390625
-7.47111701965332, -16.531444549560547, 51.19767379760742, 115.80426025390625
-8.960866928100586, -21.788227081298828, 52.22162628173828, 118.12034606933594
-10.94019889831543, -27.041305541992188, 52.22162628173828, 118.12034606933594
-10.85316276550293, -32.74114990234375, 52.22162628173828, 118.12034606933594
-12.30494499206543, -36.957088470458984, 52.22162628173828, 118.12034606933594
-6.746614456176758, -25.02385711669922, 52.22162628173828, 118.12034606933594
-8.794561386108398, -27.056106567382812, 52.22162628173828, 118.12034606933594
-9.723190307617188, -29.63702392578125, 53.26605987548828, 120.48274993896484
8.484302520751953, -15.78289794921875, 53.26605987548828, 120.48274993896484
-4.914865493774414, 15.31509017944336, 54.33137893676758, 122.89240264892578
-5.971784591674805, 17.550281524658203, 53.26605987548828, 120.48274993896484
-2.8490142822265625, 14.82162857055664, 53.26605987548828, 120.48274993896484
-4.688621520996094, 12.628154754638672, 54.33137893676758, 122.89240264892578
-5.136131286621094, 9.812236785888672, 54.33137893676758, 122.89240264892578
-5.4417877197265625, 9.221134185791016, 53.26605987548828, 120.48274993896484
-4.521162033081055, 7.5719757080078125, 52.22162628173828, 118.12034606933594
-5.921024322509766, 6.163425445556641, 53.26605987548828, 120.48274993896484
-3.578237533569336, 4.890415191650391, 53.26605987548828, 120.48274993896484
-5.640449523925781, 4.306415557861328, 54.33137893676758, 122.89240264892578
-4.258562088012695, 3.5472030639648438, 53.26605987548828, 120.48274993896484
-6.012735366821289, 3.201244354248047, 54.33137893676758, 122.89240264892578
-6.459817886352539, 2.604358673095703, 54.33137893676758, 122.89240264892578
-5.1665191650390625, 3.077953338623047, 53.26605987548828, 120.48274993896484
-5.422554016113281, 3.5024681091308594, 53.26605987548828, 120.48274993896484
-5.469947814941406, 4.060337066650391, 53.26605987548828, 120.48274993896484
-6.046857833862305, 4.363300323486328, 53.26605987548828, 120.48274993896484
-4.915468215942383, 5.118743896484375, 52.22162628173828, 118.12034606933594
-4.070619583129883, 6.777862548828125, 51.19767379760742, 115.80426025390625
-4.647768020629883, 7.532936096191406, 52.22162628173828, 118.12034606933594
-4.70362663269043, 8.624237060546875, 52.22162628173828, 118.12034606933594
-4.578624725341797, 9.704902648925781, 52.22162628173828, 118.12034606933594
-3.747365951538086, 12.057632446289062, 51.19767379760742, 115.80426025390625
-4.388416290283203, 12.857582092285156, 52.22162628173828, 118.12034606933594
-4.957027435302734, 13.64248275756836, 53.26605987548828, 120.48274993896484
-5.458698272705078, 15.068233489990234, 53.26605987548828, 120.48274993896484
-5.979269027709961, 16.654308319091797, 53.26605987548828, 120.48274993896484
-5.802713394165039, 18.536823272705078, 53.26605987548828, 120.48274993896484
-5.892219543457031, 20.246105194091797, 53.26605987548828, 120.48274993896484
-6.257358551025391, 21.587657928466797, 53.26605987548828, 120.48274993896484
-7.02586555480957, 22.59848403930664, 54.33137893676758, 122.89240264892578
-7.067560195922852, 25.797584533691406, 52.22162628173828, 118.12034606933594
-8.267610549926758, 27.426395416259766, 54.33137893676758, 122.89240264892578
-8.680793762207031, 27.828815460205078, 54.33137893676758, 122.89240264892578
-8.84632682800293, 30.19546127319336, 53.26605987548828, 120.48274993896484
-8.736560821533203, 31.978137969970703, 54.33137893676758, 122.89240264892578
-9.700414657592773, 34.1983528137207, 53.26605987548828, 120.48274993896484
-9.300241470336914, 35.8171272277832, 53.26605987548828, 120.48274993896484
-10.052459716796875, 37.16884231567383, 54.33137893676758, 122.89240264892578
-11.187644958496094, 39.645938873291016, 53.26605987548828, 120.48274993896484
-11.783549308776855, 39.91451644897461, 55.41800308227539, 125.3502426147461
-12.21054458618164, 41.653160095214844, 54.33137512207031, 122.89239501953125
-13.047905921936035, 43.299461364746094, 54.33137512207031, 122.89239501953125
-13.946720123291016, 45.62036895751953, 53.26605224609375, 120.48274230957031
-14.401575088500977, 46.411582946777344, 54.33137512207031, 122.89239501953125
-15.988652229309082, 47.133583068847656, 54.33137512207031, 122.89239501953125
-17.812175750732422, 48.18431091308594, 54.33137512207031, 122.89239501953125
-18.912181854248047, 48.59793472290039, 55.41800308227539, 125.3502426147461
-19.74960708618164, 49.48518753051758, 55.41800308227539, 125.3502426147461
-21.172252655029297, 50.56669998168945, 55.41800308227539, 125.3502426147461
-22.102127075195312, 52.493263244628906, 54.33137512207031, 122.89239501953125
-23.958438873291016, 52.982730865478516, 55.41800308227539, 125.3502426147461
-23.807636260986328, 54.08351516723633, 55.41800308227539, 125.3502426147461
-26.779720306396484, 53.346435546875, 57.656883239746094, 130.4143829345703
-28.93763542175293, 52.810707092285156, 58.81002426147461, 133.02267456054688
-25.45156478881836, 53.764225006103516, 56.52635955810547, 127.85724639892578
-25.549631118774414, 53.74093246459961, 56.52635955810547, 127.85724639892578
-26.054309844970703, 52.340171813964844, 57.65688705444336, 130.41439819335938
-26.098215103149414, 50.950958251953125, 57.65688705444336, 130.41439819335938
-25.725133895874023, 49.034690856933594, 57.65688705444336, 130.41439819335938
-26.200902938842773, 45.54637908935547, 58.810028076171875, 133.02267456054688
-24.257566452026367, 42.51765441894531, 57.65688705444336, 130.41439819335938
-22.741111755371094, 39.03916931152344, 57.65688705444336, 130.41439819335938
-20.956449508666992, 34.27838897705078, 57.65688705444336, 130.41439819335938
-17.896554946899414, 30.316787719726562, 58.810028076171875, 133.02267456054688
-16.70557403564453, 24.377593994140625, 59.986228942871094, 135.68313598632812
-16.42168426513672, 19.178939819335938, 59.986228942871094, 135.68313598632812
-13.800637245178223, 16.73609161376953, 57.65689468383789, 130.41439819335938
-11.453399658203125, 12.047821044921875, 58.81003189086914, 133.02268981933594
-7.380332946777344, 7.6767730712890625, 59.98623275756836, 135.6831512451172
-6.138216018676758, 3.1818466186523438, 58.81003189086914, 133.02268981933594
-3.321504592895508, -0.5411758422851562, 58.81003189086914, 133.02268981933594
-2.4370784759521484, -4.920368194580078, 59.98623275756836, 135.6831512451172
-0.18536376953125, -10.230979919433594, 59.98623275756836, 135.6831512451172
2.5017127990722656, -13.604251861572266, 58.81003189086914, 133.02268981933594
4.94944953918457, -18.57953643798828, 61.18595504760742, 138.3968048095703
6.488168716430664, -23.02896499633789, 59.98623275756836, 135.6831512451172
8.679929733276367, -27.55987548828125, 59.98623275756836, 135.6831512451172
11.37584114074707, -30.843780517578125, 58.81003189086914, 133.02268981933594
14.465066909790039, -34.22089767456055, 59.98623275756836, 135.6831512451172
15.438581466674805, -39.122718811035156, 59.98623275756836, 135.6831512451172
19.141996383666992, -40.590354919433594, 59.98623275756836, 135.6831512451172
21.895875930786133, -45.52764129638672, 59.98623275756836, 135.6831512451172
30.66277503967285, -49.51777648925781, 59.98623275756836, 135.6831512451172
39.135032653808594, -51.906044006347656, 58.81003189086914, 133.02268981933594
49.76887512207031, -54.49637985229492, 57.65689468383789, 130.41439819335938
59.83770751953125, -59.833274841308594, 57.65689468383789, 130.41439819335938
70.70474243164062, -64.54796600341797, 57.65689468383789, 130.41439819335938
82.67054748535156, -66.51134490966797, 58.81003189086914, 133.02268981933594
92.05615997314453, -65.20719909667969, 57.65689468383789, 130.41439819335938
108.42979431152344, 4.809173583984375, 57.65689468383789, 130.41439819335938
116.50640869140625, 0.7162322998046875, 57.65689468383789, 130.41439819335938
125.39877319335938, 1.1063385009765625, 56.5263671875, 127.85725402832031
133.87881469726562, -2.566558837890625, 56.5263671875, 127.85725402832031
141.97372436523438, -4.457019805908203, 56.5263671875, 127.85725402832031
149.59487915039062, -7.045627593994141, 56.5263671875, 127.85725402832031
156.3515167236328, -8.982383728027344, 56.5263671875, 127.85725402832031
161.2581329345703, -11.40289306640625, 57.65689468383789, 130.41439819335938
164.09991455078125, -15.330833435058594, 57.65689468383789, 130.41439819335938
169.0533905029297, -16.368350982666016, 58.81003189086914, 133.02268981933594
172.04644775390625, -17.77602767944336, 59.98623275756836, 135.6831512451172
175.4919891357422, -19.668922424316406, 59.98623275756836, 135.6831512451172
177.81845092773438, -20.140460968017578, 59.98623275756836, 135.6831512451172
179.5296630859375, -21.79781723022461, 59.98623275756836, 135.6831512451172
183.44407653808594, -21.546100616455078, 58.81003189086914, 133.02268981933594
185.31640625, -21.570968627929688, 59.98623275756836, 135.6831512451172
185.5633544921875, -22.347881317138672, 59.98623275756836, 135.6831512451172
186.71224975585938, -22.803733825683594, 59.98623275756836, 135.6831512451172
188.49169921875, -23.502490997314453, 58.81003189086914, 133.02268981933594
190.38372802734375, -23.544692993164062, 57.65689468383789, 130.41439819335938
190.72720336914062, -21.513160705566406, 57.65689468383789, 130.41439819335938
189.79824829101562, -22.14926528930664, 57.65689468383789, 130.41439819335938
190.54957580566406, -21.23653793334961, 55.418006896972656, 125.35025787353516
190.8302001953125, -20.90475082397461, 56.5263671875, 127.85725402832031
190.5513458251953, -21.439579010009766, 56.5263671875, 127.85725402832031
190.6341094970703, -21.25790023803711, 56.5263671875, 127.85725402832031
190.73329162597656, -21.338966369628906, 56.5263671875, 127.85725402832031
190.62286376953125, -21.495677947998047, 56.5263671875, 127.85725402832031
191.4886932373047, -20.921905517578125, 55.418006896972656, 125.35025787353516
188.83950805664062, -22.15164566040039, 57.65688705444336, 130.41439819335938
189.6159210205078, -21.585819244384766, 56.52635955810547, 127.85724639892578
190.2364959716797, -21.82543182373047, 56.52635955810547, 127.85724639892578
189.4377899169922, -21.53103256225586, 56.52635955810547, 127.85724639892578
189.18316650390625, -21.676044464111328, 56.52635955810547, 127.85724639892578
188.79441833496094, -21.234058380126953, 56.52635955810547, 127.85724639892578
187.76446533203125, -20.952835083007812, 56.52635955810547, 127.85724639892578
187.4063262939453, -21.869537353515625, 57.65688705444336, 130.41439819335938
186.67279052734375, -21.452129364013672, 56.52635955810547, 127.85724639892578
188.05770874023438, -20.559123992919922, 56.52635955810547, 127.85724639892578
187.40879821777344, -20.433216094970703, 56.52635955810547, 127.85724639892578
187.9096221923828, -20.62621307373047, 56.52635955810547, 127.85724639892578
187.1881866455078, -20.30350112915039, 56.52635955810547, 127.85724639892578
186.7654266357422, -21.081954956054688, 57.65688705444336, 130.41439819335938
186.55722045898438, -20.431507110595703, 56.52635955810547, 127.85724639892578
187.20172119140625, -20.618778228759766, 56.52635955810547, 127.85724639892578
186.8221435546875, -20.09947967529297, 56.52635955810547, 127.85724639892578
186.257568359375, -19.67876434326172, 56.52635955810547, 127.85724639892578
186.49212646484375, -19.748886108398438, 56.52635955810547, 127.85724639892578
186.6881103515625, -19.37738037109375, 56.52635955810547, 127.85724639892578
186.67422485351562, -19.297801971435547, 56.52635955810547, 127.85724639892578
186.60447692871094, -19.29547119140625, 56.52635955810547, 127.85724639892578
186.7692413330078, -19.508773803710938, 56.52635955810547, 127.85724639892578
186.1475830078125, -19.190383911132812, 56.52635955810547, 127.85724639892578
185.98651123046875, -19.078651428222656, 56.52635955810547, 127.85724639892578
186.45794677734375, -19.308853149414062, 56.52635955810547, 127.85724639892578
186.69900512695312, -19.577041625976562, 56.52635955810547, 127.85724639892578
187.07809448242188, -19.629451751708984, 56.52635955810547, 127.85724639892578
185.99095153808594, -19.084667205810547, 56.52635955810547, 127.85724639892578
186.2334747314453, -19.007949829101562, 56.52635955810547, 127.85724639892578
186.2574462890625, -18.570690155029297, 56.52635955810547, 127.85724639892578
186.53326416015625, -18.755428314208984, 56.52635955810547, 127.85724639892578
187.0632781982422, -17.917682647705078, 55.41800308227539, 125.3502426147461
187.07025146484375, -17.803119659423828, 55.41800308227539, 125.3502426147461
186.9744873046875, -17.72649383544922, 55.41800308227539, 125.3502426147461
186.43923950195312, -18.713836669921875, 56.52635955810547, 127.85724639892578
186.452880859375, -18.91750717163086, 56.52635955810547, 127.85724639892578
186.83163452148438, -18.503704071044922, 56.52635955810547, 127.85724639892578
186.1212921142578, -17.907867431640625, 56.52635955810547, 127.85724639892578
186.85287475585938, -16.804584503173828, 55.41800308227539, 125.3502426147461
186.3953399658203, -17.774375915527344, 56.52635955810547, 127.85724639892578
187.11924743652344, -16.810314178466797, 55.41800308227539, 125.3502426147461
186.39492797851562, -17.685340881347656, 56.52635955810547, 127.85724639892578
186.62782287597656, -17.871089935302734, 56.52635955810547, 127.85724639892578
186.7918701171875, -18.37936782836914, 56.52635955810547, 127.85724639892578
186.82200622558594, -16.800472259521484, 55.41800308227539, 125.3502426147461
186.72634887695312, -16.952220916748047, 55.41800308227539, 125.3502426147461
185.94606018066406, -17.909931182861328, 56.52635955810547, 127.85724639892578
186.70877075195312, -16.946102142333984, 55.41800308227539, 125.3502426147461
186.4519805908203, -16.90829849243164, 55.41800308227539, 125.3502426147461
186.45675659179688, -16.756656646728516, 55.41800308227539, 125.3502426147461
185.86386108398438, -17.865711212158203, 56.52635955810547, 127.85724639892578
186.29551696777344, -17.386112213134766, 55.41800308227539, 125.3502426147461
186.27821350097656, -17.26754379272461, 55.41800308227539, 125.3502426147461
187.0189666748047, -16.970924377441406, 55.41800308227539, 125.3502426147461
186.9365234375, -16.87087631225586, 55.41800308227539, 125.3502426147461
186.98609924316406, -16.802825927734375, 55.41800308227539, 125.3502426147461
186.85791015625, -16.831905364990234, 55.41800308227539, 125.3502426147461
186.92013549804688, -17.09410858154297, 55.41800308227539, 125.3502426147461
186.96737670898438, -17.15483856201172, 55.41800308227539, 125.3502426147461
186.98916625976562, -17.199466705322266, 55.41800308227539, 125.3502426147461
187.38272094726562, -16.83432388305664, 55.41800308227539, 125.3502426147461
186.6057586669922, -17.745033264160156, 56.52635955810547, 127.85724639892578
187.72096252441406, -16.784820556640625, 55.41800308227539, 125.3502426147461
187.3837890625, -16.81087875366211, 55.41800308227539, 125.3502426147461
186.6521453857422, -17.762611389160156, 56.52635955810547, 127.85724639892578
187.92514038085938, -16.791385650634766, 55.41800308227539, 125.3502426147461
187.6689910888672, -17.64651870727539, 56.52635955810547, 127.85724639892578
188.32057189941406, -17.659889221191406, 56.52635955810547, 127.85724639892578
188.18826293945312, -16.855560302734375, 55.41800308227539, 125.3502426147461
188.0152130126953, -17.786178588867188, 56.52635955810547, 127.85724639892578
187.67494201660156, -17.71038818359375, 56.52635955810547, 127.85724639892578
188.9737548828125, -16.709487915039062, 55.41800308227539, 125.3502426147461
188.47291564941406, -17.71563720703125, 56.52635955810547, 127.85724639892578
188.80136108398438, -16.79043197631836, 55.41800308227539, 125.3502426147461
188.23394775390625, -17.65172576904297, 56.52635955810547, 127.85724639892578
188.5771484375, -17.866191864013672, 56.52635955810547, 127.85724639892578
188.95437622070312, -17.655094146728516, 56.52635955810547, 127.85724639892578
188.4292449951172, -17.141571044921875, 56.52635955810547, 127.85724639892578
188.8829803466797, -17.03873062133789, 56.52635955810547, 127.85724639892578
188.05064392089844, -17.866504669189453, 57.65688705444336, 130.41439819335938
188.33203125, -17.516029357910156, 56.52635955810547, 127.85724639892578
189.27842712402344, -17.20126724243164, 56.52635955810547, 127.85724639892578
189.35995483398438, -17.22555160522461, 56.52635955810547, 127.85724639892578
189.21826171875, -17.013656616210938, 56.52635955810547, 127.85724639892578
189.0048370361328, -17.058731079101562, 56.52635955810547, 127.85724639892578
188.1098175048828, -18.102310180664062, 57.65688705444336, 130.41439819335938
189.4302978515625, -17.11492156982422, 55.41800308227539, 125.3502426147461
189.03341674804688, -16.81726837158203, 55.41800308227539, 125.3502426147461
189.15399169921875, -16.93762969970703, 55.41800308227539, 125.3502426147461
189.72952270507812, -17.135284423828125, 55.41800308227539, 125.3502426147461
189.6425018310547, -16.88965606689453, 55.41800308227539, 125.3502426147461
188.47348022460938, -17.892086029052734, 56.52635955810547, 127.85724639892578
189.7742156982422, -17.302566528320312, 56.52635955810547, 127.85724639892578
189.3484344482422, -17.431873321533203, 56.52635955810547, 127.85724639892578
189.60662841796875, -17.245445251464844, 56.52635955810547, 127.85724639892578
190.2349090576172, -17.21084976196289, 56.52635955810547, 127.85724639892578
190.03298950195312, -17.120250701904297, 56.52635955810547, 127.85724639892578
189.52166748046875, -17.76144027709961, 57.65688705444336, 130.41439819335938
189.62628173828125, -17.82391357421875, 56.52635955810547, 127.85724639892578
190.86181640625, -16.700077056884766, 55.41800308227539, 125.3502426147461
189.70138549804688, -17.656585693359375, 56.52635955810547, 127.85724639892578
190.6512908935547, -17.37972640991211, 56.52635955810547, 127.85724639892578
190.36940002441406, -17.00455093383789, 56.52635955810547, 127.85724639892578
189.85240173339844, -16.52395248413086, 56.52635955810547, 127.85724639892578
189.4215850830078, -16.25708770751953, 56.52635955810547, 127.85724639892578
190.05043029785156, -16.712711334228516, 56.52635955810547, 127.85724639892578
189.7233428955078, -16.216304779052734, 56.52635955810547, 127.85724639892578
190.300048828125, -16.147750854492188, 56.52635955810547, 127.85724639892578
190.15609741210938, -16.086074829101562, 56.52635955810547, 127.85724639892578
190.43983459472656, -16.468990325927734, 56.52635955810547, 127.85724639892578
190.4937286376953, -16.89166259765625, 56.52635955810547, 127.85724639892578
191.3316650390625, -16.140052795410156, 55.41800308227539, 125.3502426147461
190.80303955078125, -16.051837921142578, 55.41800308227539, 125.3502426147461
190.8667755126953, -16.07650375366211, 55.41800308227539, 125.3502426147461
191.15731811523438, -16.04384994506836, 55.41800308227539, 125.3502426147461
190.97247314453125, -17.83035659790039, 56.52635955810547, 127.85724639892578
191.5715789794922, -17.527469635009766, 56.52635955810547, 127.85724639892578
192.09011840820312, -17.109188079833984, 56.52635955810547, 127.85724639892578
191.77769470214844, -17.092967987060547, 56.52635955810547, 127.85724639892578
191.01637268066406, -18.085933685302734, 57.65688705444336, 130.41439819335938
191.2692108154297, -17.19723892211914, 56.52635955810547, 127.85724639892578
191.49131774902344, -16.602073669433594, 56.52635955810547, 127.85724639892578
191.2360076904297, -16.834880828857422, 56.52635955810547, 127.85724639892578
190.2515869140625, -15.23291015625, 55.41800308227539, 125.3502426147461
189.02276611328125, -14.370372772216797, 55.41800308227539, 125.3502426147461
188.95098876953125, -11.408157348632812, 53.26605224609375, 120.48274230957031
187.6443328857422, -12.287887573242188, 56.5263557434082, 127.85723114013672
185.95262145996094, -11.757129669189453, 56.5263557434082, 127.85723114013672
184.7119598388672, -10.010616302490234, 55.417999267578125, 125.35023498535156
184.4946746826172, -8.027496337890625, 54.33136749267578, 122.89237976074219
183.86549377441406, -6.464057922363281, 54.33136749267578, 122.89237976074219
182.23143005371094, -5.878631591796875, 55.417999267578125, 125.35023498535156
181.4852294921875, -5.250247955322266, 55.417999267578125, 125.35023498535156
180.81903076171875, -2.7248611450195312, 54.33136749267578, 122.89237976074219
179.76034545898438, -2.0736618041992188, 55.417999267578125, 125.35023498535156
177.63792419433594, -1.1699104309082031, 55.417999267578125, 125.35023498535156
176.2764434814453, -0.41303253173828125, 56.5263557434082, 127.85723114013672
174.88706970214844, 0.111083984375, 57.656883239746094, 130.4143829345703
174.0596923828125, 3.1640243530273438, 55.417999267578125, 125.35023498535156
170.54110717773438, 2.828094482421875, 58.81001663208008, 133.0226593017578
170.99737548828125, 5.140533447265625, 57.65687942504883, 130.41436767578125
169.3680419921875, 7.3586883544921875, 56.52635192871094, 127.85722351074219
168.42320251464844, 8.592964172363281, 57.65687942504883, 130.41436767578125
161.33316040039062, 8.4512939453125, 61.185935974121094, 138.39675903320312
161.7666473388672, 9.068527221679688, 61.185935974121094, 138.39675903320312
162.30197143554688, 13.098884582519531, 57.65687561035156, 130.4143524169922
160.57632446289062, 14.776435852050781, 58.81001281738281, 133.02264404296875
159.65472412109375, 15.271438598632812, 59.98621368408203, 135.68310546875
152.00442504882812, 16.125526428222656, 63.657840728759766, 143.98797607421875
152.99365234375, 18.156021118164062, 62.40964889526367, 141.16468811035156
152.03509521484375, 20.027488708496094, 62.40964889526367, 141.16468811035156
144.6708984375, 22.14520263671875, 64.93099212646484, 146.8677215576172
144.27871704101562, 21.173248291015625, 66.22960662841797, 149.80506896972656
144.8712921142578, 26.328468322753906, 62.409645080566406, 141.1646728515625
141.15708923339844, 36.11860656738281, 59.986202239990234, 135.68307495117188
138.10438537597656, 30.0550537109375, 64.93099212646484, 146.86770629882812
136.62937927246094, 30.66919708251953, 66.22960662841797, 149.8050537109375
134.06455993652344, 32.129066467285156, 66.22960662841797, 149.8050537109375
128.99586486816406, 41.109352111816406, 63.657833099365234, 143.9879608154297
128.88491821289062, 38.822593688964844, 66.22960662841797, 149.8050537109375
124.14990234375, 48.40105438232422, 63.657833099365234, 143.9879608154297
125.10266876220703, 50.92626190185547, 61.1859245300293, 138.396728515625
120.79258728027344, 46.50397491455078, 66.22960662841797, 149.8050537109375
115.98274993896484, 54.69255065917969, 64.93098449707031, 146.86770629882812
112.83607482910156, 50.54450225830078, 68.9052734375, 155.85716247558594
107.06171417236328, 59.90980529785156, 66.22959899902344, 149.8050537109375
105.31319427490234, 55.825706481933594, 70.28337097167969, 158.9742889404297
104.23655700683594, 58.101097106933594, 68.90526580810547, 155.85716247558594
99.24476623535156, 68.48372650146484, 66.2295913696289, 149.80503845214844
100.05048370361328, 73.15062713623047, 63.65782165527344, 143.98793029785156
93.33308410644531, 76.93913269042969, 66.2295913696289, 149.80502319335938
