772.0,101.0,55.0,134.0
769.0,101.0,55.0,134.0
766.0,102.0,55.0,134.0
762.0,102.0,55.0,134.0
760.0,102.0,55.0,134.0
756.0,103.0,55.0,134.0
753.0,103.0,55.0,134.0
751.0,105.0,54.0,133.0
746.0,107.0,53.0,130.0
745.0,108.0,53.0,130.0
739.0,108.0,54.0,133.0
736.0,108.0,53.0,130.0
733.0,109.0,53.0,129.0
728.0,109.0,53.0,130.0
725.0,108.0,53.0,130.0
721.0,108.0,53.0,130.0
718.0,108.0,52.0,129.0
716.0,108.0,52.0,130.0
714.0,108.0,51.0,129.0
711.0,108.0,51.0,129.0
708.0,109.0,52.0,129.0
706.0,109.0,53.0,129.0
704.0,108.0,53.0,130.0
703.0,108.0,53.0,130.0
701.0,109.0,53.0,130.0
699.0,109.0,53.0,130.0
697.0,110.0,53.0,130.0
695.0,110.0,54.0,133.0
693.0,111.0,53.0,130.0
691.0,111.0,53.0,130.0
688.0,111.0,53.0,130.0
686.0,109.0,55.0,134.0
683.0,108.0,55.0,134.0
681.0,107.0,55.0,134.0
679.0,106.0,55.0,134.0
677.0,105.0,55.0,134.0
676.0,107.0,53.0,130.0
674.0,106.0,54.0,133.0
671.0,104.0,55.0,134.0
670.0,105.0,54.0,133.0
667.0,105.0,54.0,133.0
666.0,106.0,53.0,130.0
664.0,106.0,53.0,130.0
663.0,107.0,52.0,130.0
662.0,107.0,51.0,129.0
660.0,107.0,50.0,129.0
659.0,108.0,50.0,127.0
656.0,107.0,50.0,129.0
654.0,109.0,49.0,125.0
652.0,109.0,49.0,125.0
651.0,109.0,49.0,124.0
648.0,110.0,48.0,122.0
647.0,109.0,50.0,122.0
645.0,108.0,51.0,123.0
644.0,109.0,51.0,121.0
643.0,109.0,50.0,119.0
642.0,109.0,51.0,120.0
641.0,107.0,51.0,121.0
641.0,108.0,51.0,120.0
640.0,107.0,51.0,120.0
640.0,107.0,51.0,121.0
639.0,107.0,51.0,122.0
639.0,107.0,51.0,123.0
638.0,108.0,51.0,122.0
638.0,108.0,51.0,122.0
639.0,109.0,50.0,121.0
638.0,109.0,51.0,122.0
637.0,110.0,50.0,121.0
637.0,110.0,50.0,121.0
636.0,110.0,51.0,122.0
634.0,109.0,51.0,124.0
633.0,107.0,51.0,124.0
633.0,106.0,52.0,126.0
633.0,105.0,53.0,127.0
632.0,104.0,53.0,127.0
632.0,104.0,54.0,130.0
632.0,104.0,53.0,127.0
632.0,104.0,53.0,127.0
631.0,103.0,54.0,130.0
632.0,104.0,52.0,127.0
631.0,104.0,51.0,127.0
632.0,105.0,50.0,126.0
631.0,107.0,49.0,122.0
630.0,108.0,48.0,121.0
631.0,109.0,47.0,119.0
629.0,110.0,46.0,117.0
628.0,111.0,46.0,117.0
627.0,112.0,45.0,116.0
625.0,113.0,45.0,115.0
625.0,114.0,45.0,115.0
622.0,114.0,45.0,115.0
622.0,114.0,45.0,115.0
621.0,113.0,45.0,116.0
620.0,112.0,45.0,116.0
620.0,113.0,45.0,116.0
619.0,112.0,46.0,117.0
620.0,113.0,46.0,117.0
620.0,113.0,46.0,117.0
620.0,113.0,46.0,117.0
620.0,113.0,47.0,119.0
621.0,114.0,46.0,117.0
621.0,115.0,46.0,117.0
621.0,114.0,47.0,119.0
622.0,116.0,46.0,117.0
623.0,116.0,47.0,119.0
625.0,117.0,46.0,117.0
237.0,48.0,12.0,37.0
627.0,122.0,47.0,109.0
628.0,122.0,48.0,110.0
629.0,121.0,49.0,113.0
628.0,117.0,51.0,118.0
630.0,116.0,52.0,120.0
631.0,116.0,52.0,120.0
631.0,116.0,52.0,120.0
631.0,114.0,53.0,121.0
632.0,114.0,53.0,121.0
632.0,113.0,53.0,121.0
633.0,113.0,53.0,121.0
635.0,115.0,51.0,118.0
636.0,115.0,51.0,118.0
636.0,115.0,51.0,118.0
637.0,115.0,51.0,118.0
637.0,117.0,50.0,116.0
637.0,118.0,50.0,115.0
637.0,119.0,50.0,115.0
638.0,120.0,49.0,113.0
639.0,123.0,48.0,110.0
639.0,123.0,48.0,110.0
639.0,124.0,47.0,109.0
639.0,124.0,47.0,109.0
640.0,124.0,46.0,107.0
640.0,125.0,45.0,106.0
640.0,124.0,46.0,107.0
640.0,124.0,46.0,107.0
640.0,124.0,46.0,107.0
640.0,125.0,45.0,106.0
641.0,126.0,45.0,105.0
640.0,125.0,45.0,106.0
641.0,126.0,45.0,105.0
640.0,127.0,45.0,106.0
640.0,128.0,45.0,105.0
640.0,129.0,45.0,106.0
639.0,129.0,46.0,107.0
639.0,129.0,45.0,107.0
639.0,129.0,46.0,108.0
639.0,129.0,46.0,108.0
638.0,128.0,48.0,111.0
638.0,128.0,48.0,112.0
638.0,127.0,49.0,113.0
637.0,126.0,49.0,113.0
637.0,125.0,49.0,113.0
637.0,124.0,50.0,115.0
637.0,123.0,50.0,115.0
637.0,122.0,50.0,115.0
638.0,123.0,49.0,113.0
638.0,122.0,49.0,113.0
639.0,123.0,48.0,111.0
640.0,123.0,48.0,111.0
640.0,123.0,48.0,111.0
640.0,123.0,48.0,111.0
642.0,124.0,47.0,109.0
641.0,124.0,47.0,109.0
641.0,124.0,46.0,108.0
642.0,125.0,45.0,107.0
642.0,126.0,45.0,105.0
641.0,126.0,45.0,105.0
641.0,127.0,44.0,104.0
640.0,127.0,44.0,105.0
639.0,125.0,45.0,107.0
638.0,126.0,44.0,106.0
638.0,126.0,44.0,106.0
638.0,125.0,45.0,107.0
637.0,126.0,44.0,106.0
638.0,127.0,44.0,104.0
637.0,126.0,44.0,106.0
637.0,126.0,44.0,106.0
638.0,127.0,44.0,104.0
637.0,127.0,44.0,106.0
639.0,128.0,44.0,104.0
638.0,128.0,44.0,106.0
639.0,130.0,44.0,104.0
640.0,130.0,44.0,104.0
640.0,130.0,44.0,106.0
641.0,129.0,45.0,107.0
642.0,129.0,45.0,107.0
642.0,129.0,45.0,108.0
642.0,128.0,46.0,110.0
643.0,127.0,47.0,111.0
644.0,127.0,46.0,110.0
645.0,127.0,46.0,110.0
646.0,127.0,46.0,110.0
649.0,128.0,45.0,107.0
650.0,127.0,45.0,108.0
652.0,128.0,45.0,107.0
654.0,130.0,44.0,106.0
654.0,129.0,45.0,107.0
656.0,130.0,44.0,106.0
658.0,133.0,43.0,103.0
658.0,134.0,43.0,102.0
660.0,134.0,42.0,101.0
660.0,135.0,41.0,99.0
661.0,135.0,41.0,99.0
661.0,135.0,41.0,99.0
662.0,135.0,41.0,99.0
662.0,135.0,41.0,99.0
662.0,135.0,41.0,99.0
662.0,135.0,41.0,99.0
662.0,134.0,42.0,101.0
663.0,135.0,41.0,99.0
664.0,135.0,41.0,99.0
665.0,135.0,41.0,99.0
666.0,135.0,41.0,99.0
666.0,135.0,41.0,99.0
666.0,136.0,41.0,99.0
666.0,136.0,42.0,101.0
666.0,136.0,42.0,101.0
666.0,137.0,41.0,99.0
665.0,137.0,41.0,99.0
665.0,137.0,41.0,99.0
665.0,137.0,41.0,99.0
664.0,137.0,41.0,99.0
250.0,52.0,12.0,39.0
659.0,130.0,50.0,132.0
658.0,129.0,50.0,133.0
656.0,129.0,50.0,133.0
655.0,128.0,50.0,133.0
654.0,127.0,53.0,137.0
653.0,127.0,53.0,137.0
652.0,126.0,53.0,139.0
651.0,126.0,53.0,139.0
651.0,126.0,53.0,139.0
650.0,127.0,53.0,139.0
650.0,127.0,53.0,139.0
650.0,127.0,53.0,139.0
650.0,128.0,53.0,139.0
650.0,129.0,53.0,137.0
650.0,131.0,51.0,136.0
650.0,130.0,51.0,136.0
650.0,130.0,51.0,136.0
650.0,130.0,51.0,136.0
650.0,130.0,51.0,136.0
651.0,130.0,51.0,136.0
652.0,130.0,51.0,136.0
654.0,130.0,51.0,136.0
655.0,130.0,53.0,137.0
658.0,130.0,51.0,136.0
659.0,130.0,51.0,136.0
662.0,133.0,50.0,132.0
663.0,132.0,50.0,133.0
664.0,132.0,50.0,133.0
666.0,134.0,50.0,132.0
667.0,134.0,50.0,132.0
667.0,134.0,50.0,132.0
668.0,135.0,49.0,130.0
668.0,136.0,49.0,130.0
668.0,136.0,49.0,130.0
669.0,136.0,49.0,130.0
669.0,135.0,49.0,130.0
670.0,135.0,50.0,132.0
669.0,133.0,50.0,133.0
669.0,133.0,50.0,133.0
668.0,131.0,51.0,136.0
668.0,131.0,51.0,136.0
668.0,131.0,51.0,136.0
667.0,132.0,51.0,136.0
666.0,132.0,51.0,136.0
665.0,132.0,52.0,136.0
663.0,132.0,52.0,136.0
662.0,133.0,52.0,136.0
661.0,133.0,52.0,136.0
660.0,134.0,52.0,136.0
659.0,134.0,52.0,136.0
658.0,134.0,52.0,136.0
656.0,134.0,52.0,136.0
655.0,134.0,52.0,136.0
655.0,135.0,52.0,136.0
654.0,134.0,52.0,136.0
654.0,134.0,52.0,136.0
654.0,135.0,52.0,133.0
654.0,136.0,51.0,132.0
654.0,135.0,51.0,132.0
654.0,135.0,51.0,132.0
655.0,136.0,51.0,130.0
655.0,136.0,51.0,130.0
655.0,137.0,50.0,128.0
655.0,136.0,51.0,130.0
655.0,136.0,51.0,130.0
655.0,137.0,51.0,130.0
656.0,138.0,50.0,128.0
658.0,138.0,50.0,128.0
659.0,138.0,51.0,130.0
659.0,138.0,51.0,130.0
660.0,139.0,51.0,130.0
661.0,139.0,50.0,128.0
662.0,137.0,51.0,132.0
663.0,137.0,51.0,132.0
664.0,136.0,52.0,133.0
665.0,136.0,52.0,133.0
666.0,136.0,52.0,133.0
668.0,136.0,52.0,133.0
669.0,137.0,51.0,132.0
671.0,137.0,51.0,133.0
673.0,137.0,50.0,132.0
676.0,138.0,49.0,132.0
678.0,138.0,49.0,132.0
679.0,139.0,49.0,132.0
681.0,140.0,49.0,130.0
683.0,141.0,49.0,130.0
684.0,142.0,49.0,130.0
685.0,143.0,49.0,132.0
687.0,145.0,49.0,130.0
687.0,146.0,49.0,130.0
689.0,147.0,49.0,130.0
689.0,148.0,49.0,128.0
690.0,147.0,49.0,130.0
689.0,147.0,50.0,130.0
689.0,147.0,50.0,130.0
689.0,147.0,50.0,130.0
689.0,147.0,50.0,130.0
690.0,148.0,49.0,129.0
689.0,147.0,50.0,130.0
689.0,148.0,49.0,129.0
689.0,149.0,49.0,129.0
688.0,149.0,49.0,129.0
687.0,151.0,48.0,127.0
687.0,152.0,47.0,125.0
686.0,152.0,48.0,127.0
686.0,153.0,47.0,125.0
686.0,154.0,47.0,125.0
685.0,154.0,47.0,125.0
685.0,156.0,46.0,124.0
685.0,155.0,47.0,125.0
684.0,155.0,48.0,127.0
259.0,61.0,12.0,40.0
682.0,153.0,51.0,135.0
681.0,151.0,53.0,139.0
681.0,150.0,53.0,139.0
681.0,150.0,53.0,139.0
680.0,148.0,54.0,143.0
680.0,147.0,54.0,143.0
680.0,147.0,54.0,143.0
680.0,147.0,54.0,143.0
680.0,147.0,54.0,143.0
679.0,147.0,54.0,143.0
679.0,147.0,55.0,145.0
678.0,148.0,54.0,143.0
679.0,148.0,54.0,143.0
679.0,149.0,54.0,140.0
679.0,149.0,54.0,140.0
679.0,149.0,54.0,140.0
679.0,149.0,54.0,140.0
679.0,149.0,54.0,140.0
679.0,149.0,54.0,140.0
679.0,147.0,54.0,140.0
678.0,147.0,54.0,140.0
679.0,146.0,54.0,140.0
680.0,147.0,53.0,139.0
680.0,146.0,53.0,139.0
679.0,145.0,53.0,139.0
680.0,146.0,51.0,137.0
680.0,146.0,51.0,137.0
681.0,147.0,50.0,133.0
681.0,147.0,50.0,133.0
681.0,147.0,50.0,133.0
681.0,147.0,50.0,133.0
682.0,148.0,50.0,133.0
682.0,147.0,51.0,135.0
682.0,147.0,51.0,135.0
683.0,148.0,51.0,135.0
684.0,148.0,51.0,135.0
684.0,147.0,51.0,135.0
685.0,147.0,51.0,135.0
687.0,146.0,51.0,135.0
686.0,143.0,53.0,139.0
689.0,144.0,51.0,137.0
689.0,142.0,53.0,139.0
691.0,143.0,51.0,137.0
690.0,141.0,53.0,139.0
692.0,141.0,53.0,139.0
694.0,142.0,51.0,137.0
694.0,142.0,51.0,137.0
695.0,142.0,51.0,137.0
696.0,143.0,51.0,135.0
698.0,144.0,51.0,135.0
698.0,144.0,51.0,135.0
698.0,144.0,51.0,135.0
699.0,145.0,51.0,135.0
699.0,144.0,51.0,137.0
698.0,144.0,51.0,137.0
699.0,145.0,51.0,135.0
698.0,143.0,51.0,137.0
696.0,142.0,51.0,137.0
694.0,142.0,51.0,137.0
692.0,141.0,51.0,137.0
691.0,141.0,51.0,137.0
689.0,140.0,53.0,139.0
688.0,140.0,51.0,137.0
686.0,140.0,51.0,137.0
684.0,140.0,51.0,137.0
683.0,141.0,51.0,135.0
682.0,140.0,51.0,135.0
680.0,143.0,50.0,131.0
678.0,142.0,50.0,133.0
677.0,142.0,50.0,133.0
674.0,142.0,50.0,135.0
672.0,141.0,50.0,135.0
671.0,142.0,49.0,133.0
669.0,141.0,50.0,135.0
667.0,140.0,50.0,135.0
665.0,139.0,50.0,135.0
663.0,139.0,50.0,135.0
661.0,139.0,50.0,135.0
659.0,138.0,50.0,135.0
658.0,137.0,50.0,135.0
657.0,137.0,50.0,134.0
655.0,137.0,50.0,134.0
652.0,136.0,50.0,134.0
650.0,136.0,50.0,134.0
648.0,137.0,49.0,131.0
246.0,54.0,12.0,40.0
644.0,136.0,48.0,129.0
642.0,137.0,48.0,129.0
639.0,137.0,49.0,130.0
636.0,137.0,49.0,132.0
634.0,138.0,49.0,132.0
630.0,136.0,50.0,134.0
628.0,135.0,51.0,136.0
624.0,135.0,51.0,136.0
622.0,135.0,51.0,136.0
618.0,134.0,52.0,138.0
617.0,134.0,51.0,136.0
615.0,134.0,52.0,138.0
613.0,133.0,53.0,140.0
610.0,133.0,53.0,140.0
609.0,133.0,52.0,138.0
605.0,133.0,53.0,140.0
603.0,133.0,53.0,140.0
602.0,133.0,53.0,140.0
598.0,134.0,53.0,140.0
598.0,136.0,52.0,138.0
595.0,137.0,52.0,138.0
593.0,137.0,51.0,138.0
590.0,137.0,52.0,140.0
587.0,135.0,52.0,141.0
584.0,136.0,52.0,140.0
582.0,135.0,52.0,141.0
579.0,134.0,53.0,144.0
578.0,134.0,52.0,141.0
575.0,133.0,52.0,141.0
573.0,133.0,52.0,141.0
570.0,133.0,52.0,140.0
567.0,132.0,53.0,144.0
565.0,132.0,52.0,141.0
563.0,133.0,52.0,140.0
562.0,133.0,52.0,140.0
560.0,134.0,51.0,138.0
558.0,135.0,51.0,138.0
555.0,135.0,51.0,138.0
553.0,135.0,51.0,138.0
550.0,137.0,51.0,136.0
547.0,138.0,51.0,136.0
545.0,137.0,51.0,136.0
542.0,137.0,51.0,136.0
540.0,137.0,51.0,136.0
538.0,138.0,49.0,134.0
536.0,137.0,49.0,134.0
535.0,137.0,49.0,134.0
533.0,135.0,51.0,136.0
531.0,135.0,51.0,136.0
530.0,135.0,51.0,136.0
529.0,135.0,51.0,136.0
527.0,135.0,51.0,136.0
527.0,135.0,51.0,136.0
526.0,136.0,51.0,136.0
526.0,136.0,51.0,136.0
526.0,136.0,51.0,136.0
526.0,136.0,51.0,136.0
526.0,137.0,51.0,136.0
527.0,136.0,51.0,136.0
528.0,136.0,51.0,136.0
529.0,134.0,51.0,138.0
530.0,133.0,51.0,138.0
532.0,132.0,51.0,138.0
533.0,130.0,52.0,140.0
535.0,129.0,52.0,140.0
537.0,129.0,52.0,140.0
539.0,128.0,52.0,140.0
542.0,127.0,52.0,140.0
544.0,126.0,52.0,140.0
547.0,125.0,52.0,140.0
550.0,125.0,52.0,140.0
552.0,125.0,52.0,140.0
555.0,125.0,52.0,140.0
558.0,125.0,51.0,138.0
561.0,125.0,52.0,140.0
564.0,126.0,51.0,138.0
566.0,125.0,52.0,140.0
568.0,125.0,51.0,138.0
571.0,126.0,49.0,134.0
573.0,125.0,49.0,134.0
574.0,124.0,51.0,135.0
576.0,124.0,49.0,134.0
578.0,124.0,49.0,131.0
580.0,123.0,50.0,129.0
583.0,122.0,51.0,129.0
585.0,121.0,51.0,129.0
588.0,121.0,50.0,126.0
590.0,120.0,50.0,126.0
592.0,120.0,50.0,126.0
594.0,119.0,50.0,126.0
597.0,120.0,49.0,125.0
599.0,119.0,50.0,126.0
601.0,119.0,50.0,126.0
603.0,120.0,50.0,126.0
606.0,120.0,49.0,126.0
608.0,120.0,48.0,126.0
611.0,119.0,47.0,126.0
611.0,117.0,48.0,129.0
613.0,116.0,48.0,129.0
614.0,114.0,49.0,130.0
615.0,114.0,49.0,130.0
617.0,113.0,50.0,132.0
619.0,112.0,50.0,132.0
620.0,111.0,50.0,134.0
623.0,110.0,50.0,134.0
625.0,109.0,50.0,132.0
626.0,109.0,50.0,134.0
240.0,45.0,10.0,36.0
628.0,113.0,49.0,121.0
629.0,113.0,49.0,121.0
630.0,114.0,49.0,121.0
631.0,112.0,51.0,125.0
631.0,112.0,51.0,125.0
631.0,112.0,51.0,125.0
631.0,111.0,51.0,125.0
630.0,110.0,51.0,126.0
628.0,109.0,52.0,129.0
628.0,108.0,52.0,129.0
627.0,105.0,53.0,130.0
626.0,106.0,52.0,129.0
626.0,105.0,51.0,126.0
625.0,105.0,51.0,126.0
625.0,104.0,51.0,126.0
625.0,104.0,51.0,125.0
624.0,104.0,50.0,124.0
624.0,105.0,49.0,121.0
624.0,105.0,49.0,121.0
622.0,104.0,50.0,124.0
623.0,104.0,49.0,121.0
622.0,105.0,49.0,120.0
622.0,104.0,49.0,121.0
622.0,104.0,49.0,121.0
621.0,102.0,50.0,124.0
622.0,102.0,50.0,124.0
621.0,99.0,51.0,126.0
622.0,98.0,51.0,126.0
621.0,96.0,52.0,129.0
622.0,97.0,51.0,126.0
621.0,96.0,51.0,126.0
622.0,95.0,51.0,126.0
624.0,95.0,51.0,125.0
625.0,94.0,51.0,125.0
626.0,93.0,51.0,125.0
626.0,93.0,50.0,124.0
627.0,93.0,50.0,124.0
629.0,93.0,49.0,121.0
630.0,94.0,49.0,121.0
632.0,94.0,49.0,121.0
633.0,94.0,49.0,121.0
634.0,94.0,49.0,121.0
636.0,94.0,49.0,120.0
636.0,93.0,49.0,121.0
637.0,92.0,49.0,121.0
639.0,92.0,49.0,120.0
640.0,91.0,49.0,121.0
641.0,90.0,49.0,120.0
643.0,89.0,49.0,120.0
644.0,88.0,49.0,121.0
644.0,88.0,49.0,121.0
645.0,87.0,49.0,121.0
646.0,87.0,49.0,121.0
647.0,87.0,49.0,121.0
648.0,88.0,49.0,120.0
648.0,88.0,49.0,120.0
648.0,87.0,49.0,121.0
648.0,87.0,49.0,121.0
648.0,87.0,49.0,121.0
647.0,87.0,49.0,121.0
647.0,87.0,49.0,121.0
647.0,87.0,49.0,121.0
646.0,86.0,49.0,121.0
645.0,84.0,51.0,125.0
644.0,84.0,51.0,125.0
644.0,83.0,51.0,125.0
643.0,83.0,51.0,125.0
643.0,82.0,51.0,125.0
642.0,80.0,51.0,125.0
642.0,80.0,50.0,124.0
641.0,80.0,50.0,124.0
641.0,81.0,49.0,121.0
640.0,81.0,49.0,120.0
640.0,82.0,49.0,120.0
639.0,81.0,49.0,121.0
638.0,82.0,49.0,121.0
637.0,82.0,49.0,121.0
636.0,82.0,49.0,121.0
636.0,82.0,49.0,120.0
635.0,81.0,49.0,121.0
634.0,81.0,49.0,120.0
633.0,80.0,49.0,121.0
632.0,80.0,49.0,121.0
632.0,79.0,49.0,121.0
631.0,79.0,49.0,121.0
631.0,79.0,49.0,121.0
631.0,78.0,49.0,121.0
631.0,78.0,49.0,120.0
630.0,78.0,49.0,121.0
630.0,78.0,49.0,120.0
629.0,78.0,49.0,121.0
629.0,78.0,49.0,121.0
629.0,79.0,49.0,121.0
629.0,80.0,49.0,120.0
629.0,80.0,49.0,121.0
629.0,80.0,49.0,121.0
629.0,81.0,49.0,120.0
629.0,80.0,49.0,122.0
629.0,79.0,50.0,124.0
628.0,77.0,51.0,126.0
629.0,78.0,50.0,124.0
629.0,78.0,49.0,122.0
629.0,77.0,49.0,122.0
629.0,77.0,49.0,122.0
629.0,77.0,49.0,122.0
629.0,77.0,49.0,122.0
629.0,77.0,49.0,122.0
628.0,77.0,49.0,121.0
629.0,78.0,49.0,121.0
628.0,79.0,49.0,121.0
628.0,80.0,49.0,121.0
628.0,81.0,49.0,121.0
627.0,80.0,49.0,122.0
240.0,33.0,10.0,37.0
630.0,77.0,47.0,125.0
629.0,76.0,48.0,127.0
629.0,75.0,49.0,128.0
628.0,74.0,50.0,131.0
629.0,74.0,50.0,131.0
628.0,73.0,50.0,132.0
628.0,73.0,50.0,132.0
627.0,73.0,51.0,134.0
628.0,73.0,51.0,134.0
628.0,74.0,51.0,134.0
628.0,74.0,51.0,134.0
629.0,74.0,51.0,136.0
629.0,74.0,51.0,136.0
630.0,75.0,51.0,136.0
629.0,76.0,53.0,138.0
630.0,76.0,54.0,140.0
631.0,78.0,53.0,138.0
634.0,79.0,51.0,136.0
636.0,78.0,53.0,138.0
637.0,79.0,53.0,138.0
639.0,79.0,53.0,138.0
640.0,79.0,53.0,138.0
642.0,79.0,53.0,138.0
644.0,80.0,51.0,136.0
646.0,79.0,51.0,136.0
646.0,78.0,53.0,138.0
647.0,78.0,54.0,140.0
647.0,76.0,55.0,144.0
647.0,77.0,56.0,146.0
648.0,78.0,56.0,146.0
649.0,78.0,57.0,148.0
650.0,79.0,57.0,149.0
651.0,78.0,59.0,151.0
652.0,78.0,60.0,155.0
654.0,80.0,60.0,155.0
654.0,79.0,63.0,159.0
654.0,81.0,63.0,159.0
656.0,81.0,63.0,159.0
658.0,80.0,64.0,162.0
660.0,79.0,64.0,164.0
662.0,80.0,64.0,164.0
665.0,80.0,64.0,164.0
667.0,80.0,64.0,164.0
669.0,80.0,64.0,164.0
671.0,80.0,65.0,167.0
672.0,80.0,65.0,167.0
675.0,81.0,63.0,164.0
677.0,81.0,65.0,167.0
680.0,83.0,63.0,164.0
681.0,84.0,65.0,164.0
683.0,86.0,65.0,160.0
684.0,88.0,66.0,157.0
688.0,89.0,65.0,157.0
691.0,91.0,64.0,155.0
695.0,94.0,63.0,153.0
699.0,95.0,64.0,155.0
704.0,95.0,63.0,153.0
708.0,95.0,64.0,155.0
712.0,96.0,62.0,151.0
715.0,97.0,63.0,153.0
720.0,97.0,62.0,151.0
724.0,98.0,61.0,151.0
727.0,98.0,61.0,151.0
731.0,98.0,61.0,151.0
733.0,99.0,63.0,153.0
737.0,100.0,63.0,153.0
740.0,101.0,63.0,153.0
742.0,102.0,63.0,153.0
745.0,103.0,63.0,153.0
749.0,104.0,63.0,153.0
751.0,104.0,63.0,153.0
754.0,104.0,63.0,155.0
756.0,105.0,63.0,155.0
760.0,105.0,63.0,155.0
764.0,106.0,63.0,155.0
767.0,105.0,63.0,155.0
770.0,106.0,63.0,155.0
773.0,105.0,63.0,157.0
775.0,105.0,63.0,157.0
776.0,105.0,63.0,157.0
776.0,105.0,63.0,157.0
776.0,104.0,64.0,160.0
773.0,103.0,65.0,162.0
771.0,102.0,67.0,165.0
768.0,102.0,67.0,165.0
764.0,102.0,67.0,165.0
760.0,103.0,67.0,165.0
755.0,104.0,66.0,162.0
750.0,104.0,67.0,165.0
746.0,107.0,64.0,157.0
741.0,108.0,63.0,155.0
735.0,109.0,63.0,154.0
728.0,107.0,63.0,154.0
721.0,107.0,62.0,152.0
272.0,46.0,15.0,39.0
709.0,115.0,57.0,123.0
700.0,114.0,57.0,126.0
691.0,113.0,59.0,127.0
681.0,111.0,61.0,131.0
670.0,110.0,61.0,132.0
659.0,108.0,63.0,136.0
649.0,110.0,62.0,133.0
637.0,108.0,65.0,137.0
628.0,109.0,65.0,137.0
618.0,109.0,65.0,137.0
609.0,110.0,65.0,137.0
600.0,110.0,65.0,137.0
591.0,111.0,65.0,138.0
583.0,111.0,65.0,138.0
575.0,110.0,67.0,142.0
566.0,107.0,69.0,146.0
561.0,109.0,67.0,143.0
555.0,107.0,68.0,145.0
551.0,106.0,69.0,147.0
546.0,108.0,68.0,145.0
544.0,107.0,68.0,145.0
542.0,108.0,68.0,145.0
539.0,107.0,69.0,147.0
539.0,108.0,68.0,145.0
541.0,108.0,67.0,144.0
543.0,109.0,67.0,142.0
543.0,107.0,68.0,147.0
546.0,108.0,68.0,148.0
548.0,108.0,68.0,149.0
553.0,110.0,67.0,147.0
555.0,112.0,67.0,144.0
558.0,113.0,65.0,143.0
562.0,112.0,67.0,144.0
567.0,113.0,64.0,140.0
572.0,113.0,63.0,138.0
575.0,113.0,63.0,138.0
579.0,112.0,62.0,137.0
583.0,112.0,62.0,137.0
586.0,112.0,62.0,137.0
589.0,111.0,63.0,138.0
592.0,111.0,63.0,138.0
595.0,110.0,63.0,138.0
597.0,109.0,63.0,138.0
600.0,108.0,64.0,140.0
604.0,107.0,64.0,140.0
608.0,108.0,63.0,138.0
611.0,107.0,63.0,138.0
614.0,107.0,63.0,138.0
617.0,107.0,63.0,138.0
620.0,107.0,63.0,138.0
624.0,106.0,63.0,138.0
627.0,106.0,63.0,138.0
629.0,105.0,63.0,138.0
630.0,103.0,64.0,140.0
631.0,102.0,65.0,143.0
630.0,100.0,67.0,144.0
629.0,98.0,67.0,147.0
628.0,96.0,68.0,149.0
626.0,94.0,69.0,151.0
625.0,92.0,71.0,153.0
623.0,91.0,71.0,153.0
621.0,89.0,72.0,155.0
619.0,88.0,72.0,155.0
617.0,88.0,72.0,155.0
615.0,89.0,71.0,153.0
613.0,89.0,71.0,153.0
611.0,88.0,71.0,153.0
609.0,88.0,71.0,153.0
608.0,89.0,69.0,151.0
605.0,88.0,69.0,151.0
603.0,87.0,69.0,151.0
600.0,86.0,69.0,151.0
596.0,83.0,71.0,153.0
592.0,82.0,71.0,153.0
587.0,79.0,72.0,155.0
584.0,78.0,72.0,155.0
580.0,77.0,72.0,155.0
577.0,76.0,71.0,155.0
575.0,75.0,70.0,155.0
572.0,74.0,70.0,155.0
570.0,74.0,70.0,155.0
569.0,76.0,68.0,151.0
568.0,76.0,68.0,151.0
567.0,75.0,68.0,151.0
565.0,75.0,68.0,151.0
565.0,75.0,68.0,151.0
565.0,75.0,68.0,151.0
565.0,72.0,69.0,153.0
565.0,71.0,69.0,153.0
565.0,70.0,69.0,153.0
566.0,69.0,69.0,153.0
566.0,67.0,70.0,155.0
566.0,65.0,70.0,155.0
567.0,63.0,71.0,158.0
567.0,61.0,71.0,158.0
565.0,59.0,73.0,160.0
566.0,59.0,73.0,160.0
566.0,58.0,71.0,158.0
565.0,57.0,73.0,160.0
564.0,56.0,73.0,160.0
565.0,57.0,71.0,158.0
566.0,57.0,70.0,155.0
566.0,56.0,70.0,155.0
565.0,55.0,70.0,155.0
566.0,55.0,69.0,153.0
569.0,53.0,69.0,153.0
568.0,50.0,70.0,155.0
569.0,50.0,69.0,153.0
571.0,49.0,68.0,151.0
572.0,47.0,68.0,151.0
573.0,45.0,68.0,151.0
574.0,44.0,68.0,151.0
222.0,21.0,12.0,39.0
582.0,45.0,52.0,129.0
583.0,43.0,54.0,133.0
583.0,42.0,54.0,133.0
585.0,41.0,54.0,135.0
586.0,41.0,54.0,135.0
588.0,42.0,54.0,133.0
588.0,40.0,54.0,135.0
589.0,39.0,55.0,137.0
589.0,37.0,57.0,141.0
590.0,35.0,57.0,141.0
592.0,32.0,57.0,141.0
593.0,30.0,57.0,142.0
594.0,28.0,57.0,142.0
595.0,27.0,57.0,142.0
596.0,23.0,58.0,144.0
597.0,22.0,58.0,144.0
598.0,22.0,57.0,142.0
599.0,19.0,57.0,142.0
601.0,19.0,56.0,140.0
602.0,18.0,56.0,140.0
602.0,16.0,57.0,142.0
604.0,17.0,55.0,138.0
605.0,16.0,56.0,140.0
607.0,15.0,55.0,138.0
607.0,13.0,56.0,140.0
608.0,12.0,56.0,140.0
609.0,10.0,56.0,140.0
611.0,8.0,56.0,140.0
612.0,7.0,55.0,138.0
613.0,5.0,55.0,138.0
613.0,3.0,54.0,136.0
614.0,1.0,54.0,136.0
615.0,-0.0,54.0,135.0
615.0,-1.0,54.0,135.0
615.0,-3.0,54.0,135.0
615.0,-4.0,54.0,135.0
615.0,-5.0,54.0,135.0
615.0,-5.0,54.0,135.0
615.0,-6.0,54.0,135.0
615.0,-6.0,54.0,135.0
614.0,-7.0,54.0,136.0
613.0,-7.0,54.0,136.0
613.0,-9.0,55.0,138.0
612.0,-11.0,56.0,140.0
610.0,-14.0,57.0,142.0
609.0,-15.0,57.0,142.0
609.0,-15.0,56.0,140.0
609.0,-17.0,57.0,142.0
608.0,-18.0,57.0,142.0
607.0,-19.0,57.0,142.0
607.0,-19.0,56.0,140.0
606.0,-19.0,56.0,139.0
605.0,-19.0,56.0,138.0
604.0,-19.0,55.0,136.0
603.0,-19.0,55.0,136.0
602.0,-18.0,55.0,134.0
601.0,-19.0,55.0,134.0
602.0,-18.0,53.0,130.0
601.0,-18.0,53.0,130.0
601.0,-18.0,53.0,130.0
602.0,-18.0,52.0,130.0
602.0,-19.0,52.0,130.0
604.0,-19.0,51.0,130.0
604.0,-20.0,51.0,130.0
604.0,-19.0,50.0,129.0
604.0,-21.0,51.0,130.0
604.0,-21.0,52.0,130.0
605.0,-22.0,52.0,130.0
605.0,-22.0,53.0,130.0
606.0,-22.0,53.0,130.0
608.0,-22.0,53.0,130.0
609.0,-20.0,52.0,129.0
610.0,-21.0,53.0,130.0
612.0,-20.0,52.0,129.0
614.0,-19.0,51.0,126.0
615.0,-19.0,52.0,129.0
616.0,-19.0,52.0,129.0
618.0,-18.0,51.0,126.0
620.0,-18.0,52.0,129.0
622.0,-18.0,52.0,129.0
623.0,-19.0,53.0,130.0
625.0,-19.0,52.0,129.0
625.0,-20.0,53.0,130.0
626.0,-20.0,53.0,130.0
628.0,-20.0,53.0,130.0
628.0,-22.0,54.0,132.0
630.0,-21.0,53.0,130.0
631.0,-22.0,54.0,132.0
633.0,-19.0,52.0,129.0
635.0,-20.0,53.0,130.0
637.0,-19.0,52.0,129.0
244.0,-0.0,12.0,39.0
642.0,-9.0,51.0,123.0
644.0,-9.0,51.0,123.0
645.0,-8.0,51.0,123.0
647.0,-8.0,51.0,123.0
648.0,-8.0,51.0,125.0
649.0,-8.0,51.0,125.0
650.0,-8.0,51.0,125.0
651.0,-9.0,53.0,126.0
653.0,-10.0,54.0,128.0
654.0,-12.0,54.0,130.0
655.0,-11.0,54.0,130.0
656.0,-12.0,55.0,131.0
658.0,-11.0,54.0,130.0
659.0,-12.0,54.0,131.0
661.0,-12.0,53.0,131.0
663.0,-12.0,53.0,131.0
665.0,-12.0,53.0,131.0
666.0,-11.0,53.0,131.0
667.0,-10.0,53.0,131.0
669.0,-9.0,53.0,131.0
670.0,-9.0,53.0,131.0
671.0,-9.0,53.0,131.0
672.0,-9.0,53.0,131.0
673.0,-9.0,52.0,130.0
674.0,-9.0,52.0,130.0
675.0,-9.0,52.0,130.0
676.0,-9.0,51.0,128.0
677.0,-9.0,50.0,126.0
678.0,-10.0,51.0,128.0
679.0,-9.0,50.0,126.0
680.0,-9.0,50.0,126.0
682.0,-8.0,49.0,125.0
684.0,-9.0,50.0,126.0
686.0,-8.0,48.0,125.0
687.0,-7.0,48.0,125.0
688.0,-7.0,50.0,126.0
689.0,-7.0,50.0,126.0
691.0,-5.0,48.0,125.0
694.0,-5.0,48.0,125.0
695.0,-6.0,50.0,126.0
697.0,-7.0,50.0,126.0
698.0,-7.0,51.0,128.0
699.0,-8.0,51.0,130.0
701.0,-8.0,52.0,130.0
702.0,-9.0,52.0,131.0
703.0,-9.0,53.0,131.0
705.0,-9.0,54.0,134.0
707.0,-9.0,54.0,134.0
709.0,-9.0,54.0,134.0
711.0,-9.0,54.0,134.0
713.0,-8.0,53.0,131.0
715.0,-7.0,53.0,131.0
715.0,-7.0,55.0,135.0
716.0,-7.0,55.0,137.0
717.0,-6.0,55.0,138.0
718.0,-4.0,54.0,136.0
719.0,-5.0,55.0,138.0
721.0,-5.0,55.0,138.0
722.0,-5.0,55.0,138.0
724.0,-5.0,55.0,138.0
724.0,-5.0,55.0,138.0
724.0,-5.0,56.0,140.0
725.0,-5.0,55.0,138.0
725.0,-5.0,55.0,138.0
725.0,-5.0,55.0,138.0
726.0,-5.0,55.0,138.0
726.0,-4.0,55.0,138.0
726.0,-1.0,54.0,136.0
726.0,-0.0,54.0,134.0
725.0,1.0,54.0,134.0
725.0,3.0,53.0,132.0
725.0,3.0,53.0,132.0
724.0,3.0,54.0,134.0
724.0,4.0,54.0,134.0
723.0,4.0,54.0,134.0
722.0,3.0,54.0,136.0
720.0,3.0,54.0,136.0
719.0,2.0,54.0,136.0
717.0,0.0,55.0,138.0
716.0,-0.0,55.0,138.0
715.0,-0.0,55.0,138.0
714.0,-0.0,55.0,138.0
713.0,-1.0,55.0,138.0
711.0,-1.0,55.0,138.0
711.0,-0.0,54.0,136.0
710.0,1.0,54.0,136.0
709.0,2.0,54.0,136.0
708.0,4.0,54.0,134.0
707.0,4.0,54.0,134.0
706.0,5.0,54.0,134.0
705.0,6.0,53.0,132.0
703.0,6.0,54.0,134.0
703.0,6.0,54.0,134.0
702.0,6.0,54.0,134.0
702.0,6.0,53.0,132.0
700.0,5.0,54.0,134.0
700.0,5.0,54.0,134.0
700.0,5.0,53.0,132.0
266.0,3.0,12.0,43.0
699.0,-4.0,59.0,143.0
699.0,-2.0,59.0,143.0
697.0,-3.0,61.0,148.0
697.0,-1.0,61.0,148.0
696.0,1.0,61.0,148.0
694.0,1.0,63.0,150.0
693.0,2.0,63.0,150.0
692.0,2.0,63.0,150.0
690.0,2.0,63.0,152.0
688.0,0.0,65.0,156.0
687.0,2.0,63.0,152.0
685.0,2.0,63.0,152.0
683.0,1.0,63.0,152.0
680.0,-0.0,63.0,152.0
678.0,1.0,63.0,150.0
676.0,1.0,61.0,148.0
674.0,3.0,59.0,143.0
671.0,4.0,59.0,142.0
669.0,6.0,58.0,140.0
665.0,9.0,55.0,136.0
662.0,11.0,53.0,131.0
659.0,14.0,50.0,126.0
655.0,15.0,49.0,122.0
651.0,17.0,48.0,119.0
647.0,16.0,48.0,119.0
643.0,18.0,47.0,118.0
638.0,17.0,48.0,119.0
634.0,17.0,49.0,121.0
630.0,18.0,48.0,119.0
627.0,18.0,49.0,122.0
625.0,18.0,50.0,126.0
622.0,18.0,53.0,131.0
618.0,17.0,55.0,136.0
616.0,19.0,55.0,136.0
615.0,20.0,57.0,138.0
612.0,21.0,58.0,140.0
612.0,23.0,58.0,140.0
611.0,25.0,58.0,140.0
611.0,26.0,58.0,140.0
610.0,25.0,59.0,142.0
610.0,26.0,59.0,142.0
610.0,25.0,59.0,143.0
609.0,24.0,61.0,148.0
609.0,23.0,63.0,150.0
611.0,23.0,63.0,150.0
613.0,24.0,61.0,148.0
613.0,25.0,61.0,148.0
616.0,26.0,59.0,143.0
618.0,28.0,59.0,142.0
620.0,29.0,58.0,140.0
622.0,32.0,57.0,138.0
624.0,36.0,55.0,134.0
626.0,38.0,53.0,128.0
627.0,40.0,50.0,126.0
629.0,42.0,49.0,122.0
630.0,45.0,49.0,121.0
630.0,45.0,49.0,121.0
630.0,46.0,49.0,121.0
632.0,47.0,48.0,119.0
632.0,47.0,49.0,121.0
632.0,47.0,49.0,121.0
633.0,47.0,49.0,122.0
634.0,47.0,50.0,123.0
635.0,47.0,52.0,127.0
636.0,48.0,53.0,128.0
637.0,49.0,53.0,128.0
639.0,52.0,53.0,128.0
640.0,53.0,53.0,131.0
641.0,55.0,53.0,132.0
642.0,57.0,53.0,133.0
643.0,58.0,53.0,133.0
645.0,59.0,53.0,133.0
645.0,59.0,54.0,134.0
647.0,60.0,53.0,133.0
647.0,60.0,54.0,134.0
647.0,60.0,55.0,137.0
648.0,60.0,55.0,137.0
648.0,60.0,55.0,138.0
649.0,60.0,55.0,138.0
652.0,61.0,55.0,137.0
653.0,63.0,54.0,134.0
655.0,65.0,53.0,131.0
657.0,67.0,50.0,128.0
659.0,70.0,50.0,126.0
660.0,72.0,49.0,124.0
661.0,74.0,49.0,124.0
662.0,76.0,49.0,124.0
663.0,79.0,49.0,123.0
662.0,79.0,49.0,124.0
663.0,81.0,49.0,124.0
662.0,81.0,50.0,126.0
662.0,81.0,50.0,128.0
662.0,81.0,52.0,129.0
662.0,81.0,53.0,131.0
662.0,82.0,53.0,133.0
663.0,84.0,53.0,133.0
664.0,85.0,54.0,134.0
664.0,86.0,55.0,137.0
666.0,87.0,55.0,137.0
667.0,89.0,55.0,137.0
667.0,91.0,55.0,137.0
667.0,93.0,55.0,137.0
667.0,96.0,55.0,137.0
667.0,97.0,54.0,134.0
665.0,98.0,54.0,134.0
664.0,99.0,54.0,134.0
662.0,99.0,54.0,134.0
661.0,99.0,55.0,137.0
657.0,99.0,55.0,138.0
656.0,99.0,55.0,138.0
652.0,99.0,55.0,138.0
650.0,99.0,55.0,138.0
647.0,99.0,55.0,138.0
644.0,100.0,55.0,138.0
641.0,100.0,55.0,138.0
638.0,103.0,55.0,137.0
635.0,104.0,55.0,137.0
240.0,42.0,12.0,45.0
628.0,107.0,49.0,142.0
626.0,110.0,49.0,140.0
622.0,111.0,49.0,140.0
619.0,112.0,49.0,142.0
616.0,113.0,49.0,140.0
613.0,114.0,49.0,140.0
610.0,113.0,50.0,144.0
607.0,114.0,50.0,144.0
604.0,113.0,50.0,146.0
601.0,113.0,50.0,146.0
600.0,113.0,50.0,144.0
598.0,114.0,49.0,142.0
598.0,114.0,49.0,142.0
598.0,116.0,49.0,140.0
598.0,116.0,49.0,140.0
598.0,117.0,49.0,140.0
598.0,118.0,49.0,140.0
598.0,118.0,49.0,140.0
597.0,119.0,48.0,138.0
597.0,120.0,48.0,138.0
597.0,119.0,49.0,140.0
595.0,118.0,49.0,142.0
594.0,117.0,49.0,142.0
593.0,115.0,50.0,144.0
592.0,116.0,49.0,142.0
591.0,114.0,49.0,142.0
591.0,113.0,50.0,144.0
591.0,112.0,50.0,144.0
591.0,112.0,49.0,142.0
591.0,113.0,49.0,140.0
591.0,114.0,48.0,138.0
591.0,114.0,48.0,138.0
590.0,115.0,47.0,137.0
589.0,115.0,48.0,138.0
588.0,116.0,48.0,138.0
588.0,117.0,48.0,138.0
585.0,117.0,49.0,140.0
583.0,116.0,49.0,140.0
581.0,116.0,49.0,140.0
579.0,116.0,49.0,140.0
577.0,116.0,49.0,140.0
576.0,115.0,49.0,140.0
576.0,115.0,48.0,138.0
576.0,114.0,48.0,138.0
574.0,114.0,48.0,138.0
574.0,114.0,47.0,137.0
572.0,114.0,47.0,137.0
571.0,114.0,47.0,137.0
570.0,114.0,47.0,137.0
569.0,115.0,47.0,137.0
568.0,116.0,47.0,137.0
567.0,116.0,47.0,137.0
565.0,116.0,48.0,138.0
564.0,115.0,49.0,140.0
562.0,114.0,49.0,142.0
560.0,114.0,49.0,142.0
559.0,113.0,49.0,142.0
558.0,112.0,49.0,142.0
557.0,112.0,49.0,140.0
557.0,111.0,48.0,138.0
556.0,111.0,49.0,140.0
556.0,110.0,49.0,140.0
557.0,111.0,48.0,138.0
557.0,112.0,47.0,137.0
557.0,112.0,47.0,137.0
556.0,113.0,47.0,137.0
557.0,114.0,47.0,137.0
557.0,115.0,46.0,134.0
557.0,117.0,46.0,134.0
556.0,117.0,46.0,134.0
556.0,117.0,46.0,134.0
555.0,118.0,45.0,133.0
555.0,118.0,45.0,133.0
555.0,118.0,45.0,133.0
555.0,119.0,45.0,132.0
555.0,117.0,45.0,133.0
555.0,117.0,45.0,133.0
555.0,118.0,45.0,133.0
554.0,118.0,46.0,134.0
554.0,119.0,46.0,134.0
554.0,120.0,46.0,134.0
554.0,122.0,46.0,134.0
554.0,124.0,45.0,133.0
554.0,125.0,46.0,134.0
553.0,126.0,46.0,134.0
553.0,128.0,45.0,133.0
552.0,129.0,45.0,133.0
550.0,129.0,46.0,134.0
550.0,130.0,45.0,133.0
549.0,129.0,46.0,134.0
549.0,130.0,45.0,133.0
548.0,130.0,45.0,133.0
548.0,130.0,46.0,134.0
548.0,131.0,45.0,133.0
549.0,131.0,46.0,134.0
549.0,132.0,46.0,134.0
550.0,134.0,45.0,133.0
551.0,137.0,45.0,132.0
552.0,138.0,45.0,132.0
553.0,141.0,44.0,129.0
554.0,143.0,44.0,129.0
554.0,145.0,44.0,129.0
556.0,148.0,44.0,128.0
555.0,151.0,43.0,127.0
555.0,153.0,43.0,124.0
556.0,155.0,42.0,123.0
556.0,157.0,42.0,123.0
555.0,159.0,41.0,122.0
555.0,160.0,40.0,120.0
553.0,161.0,41.0,122.0
552.0,162.0,41.0,122.0
552.0,163.0,41.0,122.0
551.0,164.0,40.0,120.0
551.0,165.0,40.0,120.0
551.0,167.0,40.0,120.0
551.0,168.0,40.0,118.0
208.0,65.0,12.0,45.0
542.0,159.0,57.0,153.0
542.0,162.0,55.0,150.0
541.0,163.0,55.0,150.0
542.0,166.0,54.0,147.0
540.0,168.0,54.0,147.0
540.0,172.0,53.0,142.0
538.0,173.0,53.0,144.0
537.0,175.0,52.0,140.0
534.0,176.0,52.0,139.0
533.0,177.0,52.0,139.0
531.0,177.0,52.0,139.0
529.0,177.0,53.0,139.0
526.0,177.0,53.0,141.0
524.0,177.0,54.0,144.0
523.0,179.0,54.0,144.0
522.0,179.0,55.0,145.0
521.0,179.0,56.0,147.0
520.0,179.0,58.0,151.0
520.0,180.0,58.0,151.0
518.0,181.0,58.0,152.0
518.0,182.0,58.0,152.0
518.0,184.0,57.0,150.0
518.0,187.0,56.0,147.0
517.0,189.0,56.0,147.0
517.0,193.0,54.0,144.0
514.0,193.0,54.0,144.0
514.0,195.0,53.0,141.0
512.0,197.0,53.0,141.0
510.0,199.0,53.0,140.0
508.0,200.0,53.0,140.0
506.0,201.0,52.0,137.0
503.0,200.0,53.0,140.0
503.0,200.0,53.0,140.0
500.0,200.0,53.0,141.0
499.0,200.0,53.0,141.0
497.0,199.0,54.0,144.0
496.0,200.0,54.0,144.0
494.0,202.0,54.0,144.0
492.0,201.0,55.0,146.0
491.0,202.0,56.0,145.0
489.0,205.0,57.0,143.0
487.0,206.0,57.0,142.0
485.0,207.0,57.0,142.0
483.0,209.0,56.0,140.0
480.0,210.0,56.0,138.0
477.0,209.0,56.0,138.0
475.0,208.0,56.0,138.0
473.0,207.0,56.0,138.0
470.0,206.0,56.0,138.0
467.0,204.0,56.0,140.0
464.0,203.0,56.0,140.0
462.0,202.0,57.0,142.0
460.0,200.0,57.0,142.0
458.0,198.0,58.0,144.0
457.0,198.0,58.0,144.0
453.0,197.0,59.0,146.0
453.0,197.0,59.0,146.0
450.0,197.0,59.0,146.0
449.0,198.0,59.0,146.0
447.0,198.0,59.0,146.0
445.0,200.0,58.0,144.0
441.0,200.0,58.0,144.0
438.0,199.0,58.0,144.0
435.0,200.0,57.0,142.0
432.0,199.0,57.0,142.0
430.0,198.0,57.0,142.0
430.0,197.0,56.0,140.0
428.0,195.0,56.0,140.0
429.0,192.0,57.0,142.0
429.0,191.0,57.0,142.0
431.0,189.0,57.0,142.0
432.0,187.0,58.0,144.0
434.0,188.0,56.0,140.0
437.0,187.0,56.0,140.0
440.0,187.0,56.0,138.0
443.0,187.0,56.0,136.0
446.0,186.0,55.0,134.0
447.0,185.0,56.0,134.0
449.0,182.0,56.0,136.0
450.0,180.0,58.0,138.0
450.0,176.0,59.0,140.0
451.0,174.0,59.0,140.0
450.0,170.0,59.0,142.0
450.0,169.0,59.0,142.0
449.0,165.0,59.0,144.0
448.0,163.0,59.0,145.0
447.0,161.0,60.0,147.0
444.0,159.0,61.0,149.0
440.0,157.0,61.0,149.0
438.0,157.0,61.0,149.0
436.0,158.0,58.0,145.0
434.0,158.0,58.0,145.0
431.0,160.0,57.0,141.0
429.0,159.0,57.0,141.0
162.0,65.0,17.0,44.0
418.0,159.0,68.0,151.0
415.0,160.0,67.0,150.0
410.0,158.0,69.0,154.0
405.0,157.0,69.0,154.0
401.0,155.0,70.0,156.0
401.0,158.0,66.0,150.0
395.0,152.0,66.0,150.0
392.0,150.0,68.0,151.0
387.0,148.0,69.0,154.0
384.0,148.0,69.0,154.0
380.0,148.0,70.0,156.0
377.0,147.0,71.0,159.0
375.0,148.0,70.0,156.0
372.0,149.0,68.0,151.0
370.0,150.0,65.0,147.0
366.0,148.0,66.0,148.0
361.0,147.0,68.0,150.0
357.0,145.0,69.0,152.0
351.0,142.0,71.0,156.0
345.0,139.0,73.0,161.0
342.0,137.0,75.0,164.0
336.0,135.0,79.0,169.0
332.0,133.0,80.0,171.0
327.0,129.0,82.0,176.0
323.0,128.0,82.0,176.0
318.0,125.0,85.0,181.0
314.0,124.0,85.0,181.0
310.0,123.0,86.0,184.0
306.0,123.0,86.0,185.0
302.0,122.0,86.0,185.0
297.0,121.0,86.0,185.0
295.0,126.0,82.0,177.0
290.0,127.0,80.0,173.0
288.0,128.0,77.0,168.0
283.0,129.0,75.0,163.0
279.0,128.0,75.0,163.0
273.0,126.0,76.0,166.0
269.0,126.0,75.0,163.0
264.0,125.0,76.0,166.0
259.0,125.0,76.0,166.0
254.0,125.0,76.0,166.0
248.0,122.0,77.0,169.0
242.0,119.0,78.0,170.0
238.0,118.0,79.0,172.0
234.0,118.0,79.0,172.0
230.0,117.0,81.0,175.0
226.0,118.0,81.0,175.0
222.0,117.0,81.0,175.0
217.0,117.0,82.0,175.0
213.0,117.0,83.0,175.0
209.0,115.0,84.0,175.0
203.0,114.0,85.0,177.0
198.0,112.0,84.0,175.0
194.0,111.0,84.0,175.0
189.0,109.0,85.0,177.0
183.0,107.0,85.0,177.0
179.0,106.0,85.0,177.0
175.0,106.0,85.0,177.0
171.0,104.0,86.0,180.0
165.0,101.0,87.0,183.0
162.0,100.0,87.0,183.0
158.0,101.0,86.0,180.0
154.0,100.0,86.0,180.0
152.0,100.0,85.0,177.0
