362.0,291.0,78.0,128.0
420.0,290.0,78.0,127.0
436.0,289.0,78.0,125.0
456.0,288.0,79.0,127.0
466.0,291.0,77.0,123.0
476.0,295.0,75.0,122.0
485.0,296.0,74.0,123.0
498.0,291.0,75.0,124.0
504.0,288.0,76.0,125.0
514.0,291.0,73.0,120.0
518.0,293.0,74.0,123.0
522.0,294.0,75.0,124.0
527.0,294.0,75.0,124.0
528.0,292.0,77.0,125.0
532.0,292.0,76.0,124.0
537.0,293.0,73.0,120.0
543.0,294.0,75.0,122.0
548.0,296.0,75.0,122.0
553.0,298.0,75.0,122.0
555.0,294.0,79.0,125.0
559.0,291.0,80.0,125.0
561.0,287.0,83.0,128.0
562.0,288.0,81.0,128.0
566.0,289.0,81.0,128.0
572.0,294.0,78.0,125.0
573.0,290.0,83.0,133.0
579.0,292.0,82.0,130.0
582.0,290.0,84.0,133.0
582.0,290.0,84.0,133.0
586.0,289.0,85.0,131.0
589.0,288.0,84.0,130.0
593.0,289.0,83.0,131.0
598.0,290.0,80.0,131.0
606.0,295.0,74.0,126.0
606.0,295.0,74.0,124.0
611.0,297.0,74.0,121.0
612.0,295.0,75.0,120.0
616.0,294.0,73.0,116.0
618.0,293.0,74.0,118.0
619.0,292.0,74.0,118.0
625.0,295.0,71.0,117.0
630.0,298.0,69.0,116.0
634.0,298.0,70.0,119.0
637.0,296.0,70.0,118.0
636.0,295.0,73.0,120.0
638.0,293.0,72.0,116.0
639.0,292.0,73.0,117.0
644.0,292.0,72.0,116.0
647.0,295.0,73.0,116.0
649.0,295.0,71.0,116.0
653.0,298.0,69.0,116.0
654.0,298.0,71.0,119.0
658.0,296.0,73.0,119.0
660.0,292.0,73.0,116.0
664.0,292.0,73.0,115.0
665.0,292.0,74.0,115.0
668.0,293.0,74.0,115.0
672.0,295.0,75.0,115.0
676.0,297.0,74.0,115.0
678.0,297.0,75.0,118.0
681.0,298.0,73.0,115.0
684.0,295.0,75.0,118.0
690.0,292.0,75.0,119.0
693.0,290.0,73.0,118.0
697.0,293.0,72.0,117.0
697.0,293.0,73.0,117.0
700.0,296.0,74.0,118.0
706.0,300.0,72.0,116.0
709.0,299.0,70.0,116.0
714.0,300.0,69.0,114.0
714.0,298.0,70.0,116.0
716.0,296.0,72.0,118.0
720.0,295.0,72.0,116.0
723.0,296.0,71.0,116.0
728.0,298.0,70.0,116.0
729.0,298.0,69.0,116.0
735.0,300.0,69.0,114.0
740.0,301.0,69.0,114.0
745.0,300.0,68.0,113.0
748.0,299.0,68.0,112.0
748.0,298.0,68.0,111.0
751.0,297.0,68.0,110.0
758.0,297.0,67.0,109.0
762.0,299.0,66.0,110.0
767.0,301.0,66.0,113.0
771.0,303.0,66.0,113.0
774.0,303.0,66.0,113.0
777.0,304.0,65.0,113.0
781.0,302.0,67.0,114.0
784.0,300.0,66.0,112.0
788.0,299.0,66.0,112.0
789.0,299.0,66.0,112.0
792.0,299.0,68.0,114.0
797.0,300.0,68.0,116.0
801.0,303.0,68.0,116.0
805.0,305.0,67.0,116.0
806.0,306.0,68.0,118.0
809.0,304.0,69.0,118.0
812.0,302.0,70.0,118.0
815.0,300.0,71.0,118.0
818.0,300.0,71.0,118.0
820.0,300.0,71.0,118.0
824.0,303.0,71.0,118.0
829.0,306.0,70.0,118.0
835.0,308.0,69.0,118.0
839.0,310.0,67.0,116.0
840.0,308.0,67.0,116.0
843.0,306.0,67.0,116.0
844.0,305.0,67.0,116.0
847.0,305.0,67.0,116.0
851.0,306.0,67.0,116.0
855.0,307.0,67.0,116.0
856.0,308.0,67.0,116.0
860.0,311.0,67.0,116.0
865.0,313.0,67.0,116.0
868.0,313.0,67.0,116.0
870.0,312.0,69.0,118.0
871.0,311.0,69.0,118.0
873.0,310.0,69.0,116.0
876.0,310.0,70.0,116.0
880.0,311.0,71.0,116.0
883.0,314.0,70.0,116.0
884.0,315.0,69.0,116.0
887.0,315.0,69.0,118.0
890.0,316.0,70.0,118.0
893.0,313.0,71.0,118.0
894.0,310.0,73.0,119.0
897.0,310.0,71.0,118.0
898.0,310.0,71.0,118.0
900.0,311.0,72.0,119.0
904.0,315.0,72.0,119.0
907.0,316.0,72.0,119.0
910.0,319.0,72.0,119.0
912.0,318.0,72.0,119.0
914.0,316.0,72.0,119.0
917.0,313.0,72.0,119.0
919.0,313.0,72.0,119.0
922.0,314.0,72.0,119.0
923.0,315.0,72.0,119.0
925.0,320.0,72.0,119.0
930.0,324.0,71.0,118.0
933.0,329.0,69.0,116.0
934.0,329.0,69.0,116.0
936.0,327.0,69.0,116.0
938.0,325.0,68.0,116.0
939.0,325.0,68.0,116.0
940.0,325.0,68.0,116.0
942.0,328.0,68.0,116.0
942.0,328.0,68.0,118.0
943.0,331.0,68.0,120.0
944.0,333.0,67.0,122.0
946.0,333.0,69.0,122.0
946.0,331.0,69.0,121.0
946.0,330.0,71.0,120.0
945.0,329.0,70.0,121.0
944.0,329.0,69.0,121.0
944.0,332.0,69.0,121.0
943.0,336.0,69.0,122.0
944.0,336.0,68.0,122.0
944.0,336.0,67.0,122.0
943.0,337.0,68.0,122.0
941.0,333.0,69.0,122.0
940.0,332.0,69.0,122.0
938.0,331.0,69.0,122.0
936.0,331.0,69.0,122.0
934.0,332.0,71.0,123.0
933.0,336.0,71.0,123.0
932.0,339.0,71.0,123.0
930.0,341.0,71.0,123.0
930.0,340.0,71.0,123.0
929.0,339.0,72.0,123.0
927.0,338.0,72.0,123.0
924.0,336.0,74.0,125.0
922.0,336.0,74.0,127.0
921.0,337.0,73.0,127.0
920.0,341.0,73.0,126.0
918.0,345.0,73.0,125.0
917.0,349.0,73.0,125.0
916.0,349.0,73.0,125.0
916.0,349.0,73.0,125.0
914.0,347.0,73.0,125.0
909.0,344.0,74.0,125.0
907.0,345.0,74.0,125.0
902.0,346.0,74.0,125.0
902.0,347.0,73.0,125.0
899.0,351.0,72.0,125.0
895.0,354.0,71.0,124.0
891.0,356.0,71.0,124.0
886.0,357.0,71.0,124.0
880.0,354.0,71.0,124.0
878.0,354.0,71.0,123.0
871.0,354.0,72.0,122.0
866.0,355.0,72.0,122.0
860.0,360.0,72.0,122.0
855.0,365.0,71.0,122.0
854.0,366.0,71.0,122.0
848.0,367.0,70.0,123.0
841.0,367.0,69.0,123.0
832.0,365.0,68.0,123.0
824.0,364.0,69.0,121.0
821.0,364.0,71.0,121.0
813.0,366.0,72.0,121.0
806.0,370.0,72.0,120.0
800.0,374.0,71.0,120.0
794.0,378.0,70.0,119.0
792.0,378.0,70.0,119.0
786.0,379.0,70.0,119.0
778.0,379.0,70.0,119.0
771.0,378.0,70.0,119.0
764.0,378.0,71.0,119.0
762.0,379.0,71.0,118.0
754.0,382.0,72.0,119.0
747.0,388.0,72.0,120.0
739.0,392.0,74.0,122.0
734.0,393.0,74.0,123.0
733.0,392.0,74.0,123.0
728.0,391.0,74.0,124.0
721.0,389.0,74.0,123.0
717.0,388.0,73.0,123.0
712.0,389.0,72.0,121.0
270.0,147.0,21.0,48.0
699.0,377.0,88.0,156.0
696.0,379.0,92.0,162.0
692.0,379.0,95.0,168.0
691.0,380.0,97.0,171.0
689.0,378.0,98.0,174.0
688.0,378.0,98.0,173.0
687.0,377.0,95.0,167.0
682.0,374.0,100.0,174.0
682.0,380.0,95.0,167.0
680.0,382.0,98.0,174.0
679.0,383.0,100.0,178.0
679.0,385.0,101.0,180.0
677.0,383.0,103.0,185.0
675.0,385.0,104.0,188.0
673.0,384.0,102.0,185.0
674.0,384.0,100.0,183.0
676.0,380.0,97.0,178.0
676.0,379.0,95.0,176.0
674.0,378.0,95.0,177.0
673.0,380.0,95.0,178.0
674.0,385.0,94.0,176.0
677.0,387.0,89.0,168.0
678.0,390.0,88.0,166.0
676.0,391.0,91.0,168.0
674.0,390.0,92.0,169.0
672.0,386.0,95.0,171.0
670.0,385.0,97.0,173.0
667.0,383.0,97.0,173.0
666.0,388.0,94.0,169.0
666.0,390.0,95.0,171.0
664.0,391.0,95.0,174.0
665.0,393.0,93.0,171.0
660.0,394.0,93.0,171.0
655.0,389.0,95.0,174.0
654.0,386.0,93.0,171.0
650.0,385.0,94.0,171.0
648.0,386.0,94.0,169.0
644.0,384.0,97.0,173.0
643.0,387.0,96.0,173.0
641.0,392.0,96.0,173.0
639.0,393.0,97.0,176.0
635.0,391.0,100.0,179.0
633.0,391.0,101.0,179.0
631.0,389.0,101.0,176.0
628.0,390.0,98.0,175.0
624.0,392.0,99.0,178.0
621.0,397.0,98.0,178.0
621.0,398.0,98.0,177.0
618.0,403.0,98.0,176.0
616.0,405.0,96.0,173.0
609.0,401.0,98.0,176.0
604.0,398.0,100.0,179.0
234.0,156.0,22.0,56.0
600.0,394.0,91.0,182.0
597.0,397.0,90.0,179.0
591.0,400.0,91.0,182.0
587.0,402.0,94.0,187.0
584.0,401.0,97.0,192.0
581.0,403.0,98.0,195.0
575.0,401.0,98.0,195.0
570.0,401.0,97.0,192.0
562.0,399.0,98.0,195.0
560.0,402.0,97.0,192.0
558.0,406.0,96.0,189.0
551.0,410.0,96.0,189.0
546.0,415.0,97.0,192.0
542.0,417.0,96.0,189.0
540.0,416.0,97.0,192.0
532.0,415.0,97.0,192.0
525.0,416.0,92.0,184.0
517.0,417.0,90.0,179.0
512.0,418.0,90.0,179.0
509.0,419.0,90.0,179.0
502.0,421.0,90.0,179.0
496.0,421.0,92.0,181.0
488.0,421.0,94.0,180.0
484.0,422.0,93.0,178.0
476.0,415.0,93.0,178.0
473.0,415.0,95.0,181.0
466.0,412.0,95.0,181.0
460.0,410.0,95.0,185.0
455.0,410.0,98.0,191.0
450.0,415.0,97.0,192.0
451.0,415.0,97.0,192.0
447.0,413.0,101.0,198.0
443.0,415.0,98.0,195.0
441.0,412.0,97.0,192.0
433.0,403.0,99.0,198.0
434.0,406.0,94.0,189.0
430.0,406.0,93.0,187.0
426.0,406.0,94.0,191.0
423.0,407.0,94.0,191.0
422.0,409.0,93.0,187.0
422.0,410.0,94.0,188.0
420.0,410.0,96.0,190.0
416.0,407.0,99.0,196.0
411.0,401.0,101.0,199.0
407.0,399.0,99.0,194.0
408.0,400.0,98.0,195.0
405.0,398.0,98.0,196.0
403.0,396.0,100.0,199.0
402.0,398.0,99.0,199.0
400.0,399.0,100.0,201.0
401.0,400.0,100.0,201.0
399.0,399.0,100.0,198.0
156.0,156.0,23.0,54.0
403.0,403.0,85.0,172.0
401.0,401.0,85.0,174.0
400.0,400.0,85.0,177.0
399.0,397.0,86.0,182.0
398.0,396.0,88.0,187.0
399.0,397.0,88.0,188.0
400.0,401.0,87.0,186.0
400.0,401.0,89.0,184.0
400.0,401.0,89.0,183.0
401.0,399.0,91.0,180.0
399.0,396.0,90.0,183.0
397.0,393.0,91.0,187.0
394.0,391.0,91.0,191.0
395.0,391.0,91.0,191.0
393.0,391.0,92.0,194.0
393.0,394.0,90.0,189.0
392.0,395.0,94.0,187.0
393.0,390.0,99.0,189.0
391.0,389.0,104.0,190.0
389.0,385.0,101.0,192.0
387.0,380.0,99.0,198.0
384.0,374.0,99.0,205.0
384.0,375.0,99.0,205.0
384.0,374.0,100.0,208.0
386.0,377.0,99.0,205.0
385.0,376.0,103.0,210.0
385.0,373.0,106.0,213.0
386.0,374.0,107.0,213.0
385.0,376.0,105.0,210.0
382.0,370.0,108.0,217.0
380.0,370.0,108.0,217.0
380.0,368.0,109.0,221.0
378.0,370.0,109.0,225.0
378.0,367.0,110.0,229.0
380.0,370.0,109.0,224.0
381.0,372.0,111.0,223.0
383.0,374.0,110.0,218.0
382.0,369.0,113.0,226.0
380.0,368.0,113.0,227.0
378.0,368.0,112.0,229.0
377.0,366.0,111.0,229.0
375.0,364.0,112.0,231.0
375.0,366.0,110.0,228.0
376.0,368.0,113.0,231.0
374.0,369.0,116.0,234.0
373.0,372.0,117.0,234.0
373.0,374.0,119.0,237.0
371.0,375.0,118.0,238.0
370.0,375.0,117.0,238.0
368.0,377.0,116.0,238.0
368.0,378.0,116.0,238.0
368.0,381.0,116.0,238.0
369.0,387.0,118.0,237.0
372.0,391.0,118.0,233.0
371.0,394.0,122.0,236.0
371.0,394.0,121.0,233.0
372.0,395.0,117.0,226.0
370.0,394.0,116.0,223.0
369.0,394.0,116.0,227.0
369.0,395.0,116.0,231.0
369.0,395.0,116.0,235.0
370.0,396.0,119.0,238.0
371.0,398.0,119.0,239.0
373.0,399.0,119.0,239.0
376.0,401.0,119.0,236.0
376.0,399.0,119.0,239.0
378.0,397.0,119.0,236.0
378.0,396.0,119.0,239.0
378.0,396.0,118.0,237.0
379.0,397.0,116.0,237.0
