794.0,241.0,32.0,68.0
794.0,241.0,32.0,68.0
795.0,242.0,32.0,68.0
795.0,243.0,32.0,68.0
795.0,244.0,32.0,68.0
795.0,244.0,33.0,70.0
795.0,244.0,33.0,69.0
794.0,245.0,33.0,71.0
793.0,244.0,34.0,72.0
794.0,245.0,33.0,70.0
794.0,245.0,33.0,70.0
794.0,245.0,33.0,70.0
794.0,245.0,33.0,71.0
794.0,245.0,33.0,71.0
793.0,246.0,33.0,71.0
793.0,246.0,34.0,72.0
792.0,248.0,33.0,71.0
792.0,248.0,33.0,71.0
791.0,250.0,33.0,71.0
790.0,250.0,33.0,71.0
790.0,250.0,33.0,70.0
789.0,250.0,33.0,70.0
788.0,249.0,34.0,72.0
787.0,250.0,33.0,70.0
786.0,250.0,34.0,72.0
785.0,251.0,33.0,71.0
784.0,251.0,34.0,73.0
783.0,253.0,33.0,71.0
782.0,254.0,34.0,73.0
781.0,254.0,34.0,72.0
780.0,255.0,33.0,71.0
780.0,255.0,34.0,73.0
779.0,256.0,33.0,71.0
779.0,255.0,34.0,72.0
778.0,255.0,34.0,73.0
777.0,254.0,34.0,73.0
776.0,255.0,34.0,72.0
776.0,256.0,33.0,71.0
775.0,257.0,34.0,72.0
774.0,258.0,34.0,72.0
773.0,258.0,34.0,72.0
773.0,260.0,33.0,69.0
772.0,260.0,33.0,71.0
771.0,260.0,33.0,71.0
771.0,260.0,33.0,71.0
770.0,259.0,34.0,73.0
769.0,260.0,34.0,72.0
768.0,260.0,34.0,73.0
767.0,261.0,34.0,72.0
767.0,262.0,33.0,69.0
766.0,264.0,33.0,69.0
765.0,264.0,33.0,71.0
766.0,266.0,33.0,68.0
764.0,267.0,33.0,68.0
763.0,267.0,33.0,69.0
762.0,267.0,33.0,71.0
761.0,265.0,35.0,73.0
760.0,265.0,34.0,73.0
760.0,266.0,34.0,73.0
759.0,267.0,34.0,72.0
759.0,268.0,33.0,71.0
758.0,269.0,33.0,71.0
757.0,270.0,33.0,71.0
757.0,271.0,33.0,71.0
756.0,272.0,33.0,71.0
755.0,273.0,33.0,71.0
754.0,273.0,33.0,71.0
753.0,273.0,34.0,72.0
753.0,273.0,34.0,72.0
752.0,273.0,34.0,72.0
751.0,274.0,34.0,72.0
750.0,274.0,33.0,71.0
750.0,275.0,34.0,72.0
748.0,276.0,33.0,69.0
748.0,278.0,34.0,69.0
747.0,279.0,33.0,68.0
746.0,280.0,34.0,71.0
745.0,280.0,33.0,71.0
742.0,282.0,33.0,69.0
741.0,281.0,33.0,71.0
741.0,282.0,33.0,71.0
740.0,283.0,33.0,69.0
739.0,284.0,33.0,68.0
737.0,284.0,33.0,68.0
736.0,286.0,32.0,67.0
735.0,287.0,32.0,68.0
735.0,289.0,32.0,68.0
734.0,291.0,32.0,67.0
733.0,294.0,32.0,67.0
732.0,295.0,32.0,66.0
730.0,296.0,32.0,66.0
729.0,297.0,32.0,65.0
728.0,298.0,32.0,65.0
727.0,299.0,32.0,66.0
726.0,300.0,33.0,67.0
724.0,301.0,33.0,67.0
723.0,301.0,33.0,68.0
722.0,302.0,33.0,67.0
721.0,305.0,34.0,68.0
720.0,307.0,34.0,67.0
720.0,310.0,34.0,67.0
718.0,311.0,35.0,67.0
718.0,313.0,33.0,65.0
717.0,315.0,33.0,67.0
716.0,317.0,32.0,66.0
716.0,319.0,31.0,66.0
715.0,320.0,31.0,66.0
714.0,321.0,32.0,67.0
713.0,324.0,32.0,67.0
713.0,325.0,32.0,68.0
713.0,327.0,32.0,68.0
712.0,329.0,33.0,69.0
709.0,330.0,33.0,69.0
709.0,335.0,33.0,69.0
708.0,336.0,33.0,69.0
707.0,339.0,34.0,69.0
705.0,340.0,33.0,69.0
704.0,343.0,34.0,69.0
702.0,345.0,34.0,71.0
702.0,348.0,34.0,69.0
701.0,350.0,34.0,71.0
702.0,352.0,34.0,69.0
701.0,355.0,34.0,69.0
700.0,357.0,34.0,71.0
699.0,359.0,34.0,71.0
698.0,362.0,35.0,72.0
698.0,364.0,34.0,72.0
697.0,367.0,35.0,73.0
697.0,371.0,35.0,73.0
696.0,374.0,34.0,72.0
696.0,376.0,34.0,72.0
695.0,379.0,34.0,71.0
695.0,381.0,34.0,72.0
694.0,384.0,34.0,71.0
694.0,386.0,34.0,71.0
693.0,388.0,35.0,72.0
693.0,391.0,34.0,71.0
693.0,393.0,34.0,71.0
692.0,396.0,35.0,72.0
692.0,398.0,35.0,71.0
692.0,401.0,35.0,72.0
692.0,403.0,35.0,72.0
691.0,405.0,35.0,72.0
691.0,408.0,36.0,74.0
690.0,410.0,36.0,74.0
687.0,413.0,36.0,75.0
684.0,415.0,35.0,74.0
681.0,418.0,35.0,74.0
676.0,421.0,36.0,75.0
672.0,422.0,36.0,75.0
668.0,424.0,36.0,75.0
663.0,426.0,37.0,76.0
658.0,428.0,37.0,76.0
653.0,431.0,37.0,77.0
647.0,434.0,37.0,76.0
640.0,437.0,37.0,77.0
635.0,441.0,37.0,76.0
627.0,443.0,36.0,75.0
620.0,447.0,36.0,74.0
612.0,450.0,36.0,75.0
606.0,454.0,36.0,75.0
597.0,457.0,36.0,75.0
590.0,460.0,36.0,75.0
581.0,465.0,35.0,73.0
575.0,468.0,35.0,73.0
569.0,471.0,35.0,72.0
562.0,474.0,35.0,72.0
555.0,477.0,35.0,71.0
548.0,482.0,35.0,71.0
542.0,485.0,35.0,71.0
536.0,489.0,35.0,71.0
530.0,492.0,36.0,71.0
524.0,495.0,36.0,71.0
518.0,500.0,36.0,71.0
512.0,504.0,36.0,71.0
507.0,508.0,36.0,71.0
502.0,511.0,36.0,72.0
498.0,515.0,36.0,72.0
493.0,519.0,36.0,71.0
490.0,523.0,36.0,69.0
486.0,527.0,36.0,68.0
483.0,529.0,36.0,69.0
479.0,532.0,36.0,70.0
475.0,537.0,37.0,71.0
471.0,540.0,37.0,72.0
467.0,543.0,37.0,72.0
464.0,546.0,37.0,72.0
462.0,550.0,38.0,72.0
458.0,555.0,38.0,72.0
456.0,559.0,38.0,73.0
453.0,563.0,38.0,72.0
451.0,566.0,38.0,72.0
448.0,570.0,37.0,72.0
446.0,574.0,37.0,72.0
443.0,576.0,37.0,72.0
440.0,579.0,37.0,72.0
438.0,582.0,37.0,72.0
436.0,585.0,37.0,73.0
434.0,588.0,37.0,75.0
433.0,591.0,37.0,76.0
431.0,595.0,38.0,76.0
430.0,598.0,38.0,76.0
430.0,602.0,38.0,75.0
428.0,605.0,38.0,75.0
428.0,608.0,38.0,74.0
428.0,610.0,38.0,75.0
427.0,612.0,37.0,74.0
427.0,613.0,38.0,75.0
427.0,615.0,38.0,76.0
426.0,616.0,38.0,76.0
426.0,618.0,38.0,78.0
427.0,621.0,38.0,77.0
428.0,624.0,38.0,77.0
428.0,627.0,38.0,77.0
428.0,629.0,38.0,75.0
428.0,631.0,38.0,74.0
429.0,633.0,38.0,72.0
428.0,635.0,38.0,72.0
427.0,636.0,38.0,72.0
426.0,637.0,38.0,72.0
425.0,637.0,38.0,74.0
424.0,638.0,38.0,75.0
423.0,638.0,38.0,77.0
421.0,640.0,38.0,77.0
420.0,641.0,38.0,77.0
418.0,643.0,38.0,77.0
417.0,645.0,38.0,75.0
415.0,648.0,38.0,75.0
415.0,649.0,38.0,72.0
414.0,650.0,38.0,72.0
413.0,649.0,38.0,72.0
413.0,649.0,38.0,74.0
411.0,649.0,38.0,74.0
409.0,649.0,38.0,74.0
408.0,649.0,38.0,74.0
407.0,649.0,38.0,74.0
407.0,649.0,38.0,74.0
406.0,650.0,38.0,74.0
406.0,651.0,37.0,73.0
407.0,652.0,37.0,73.0
406.0,652.0,37.0,73.0
406.0,652.0,37.0,71.0
406.0,652.0,37.0,71.0
405.0,651.0,37.0,69.0
405.0,649.0,38.0,71.0
404.0,648.0,37.0,71.0
404.0,646.0,37.0,73.0
403.0,646.0,37.0,74.0
403.0,646.0,37.0,74.0
403.0,645.0,38.0,75.0
403.0,645.0,37.0,74.0
403.0,644.0,37.0,74.0
403.0,643.0,37.0,73.0
402.0,642.0,38.0,72.0
402.0,641.0,37.0,71.0
402.0,640.0,37.0,70.0
402.0,638.0,37.0,71.0
402.0,635.0,38.0,74.0
401.0,633.0,38.0,75.0
401.0,632.0,38.0,75.0
400.0,631.0,38.0,75.0
400.0,631.0,37.0,75.0
401.0,631.0,37.0,74.0
400.0,631.0,37.0,72.0
399.0,630.0,37.0,71.0
398.0,628.0,37.0,71.0
396.0,626.0,37.0,71.0
394.0,623.0,38.0,71.0
393.0,620.0,38.0,72.0
392.0,618.0,38.0,75.0
392.0,617.0,38.0,76.0
391.0,616.0,38.0,76.0
389.0,615.0,38.0,75.0
389.0,614.0,38.0,75.0
389.0,613.0,38.0,75.0
388.0,612.0,38.0,73.0
388.0,611.0,38.0,72.0
389.0,609.0,38.0,72.0
389.0,605.0,38.0,72.0
389.0,603.0,38.0,72.0
389.0,600.0,38.0,74.0
390.0,597.0,37.0,74.0
392.0,595.0,37.0,76.0
394.0,593.0,37.0,76.0
395.0,592.0,37.0,75.0
396.0,590.0,38.0,75.0
397.0,589.0,37.0,74.0
399.0,588.0,38.0,73.0
400.0,586.0,37.0,71.0
402.0,585.0,37.0,71.0
402.0,581.0,37.0,71.0
403.0,578.0,37.0,71.0
404.0,575.0,37.0,72.0
406.0,573.0,37.0,72.0
153.0,216.0,12.0,24.0
400.0,565.0,38.0,70.0
401.0,563.0,37.0,69.0
402.0,562.0,37.0,68.0
403.0,561.0,37.0,69.0
404.0,559.0,38.0,70.0
405.0,559.0,39.0,70.0
405.0,557.0,40.0,71.0
406.0,556.0,39.0,69.0
406.0,554.0,38.0,66.0
406.0,552.0,38.0,67.0
406.0,549.0,38.0,67.0
407.0,547.0,37.0,65.0
406.0,544.0,37.0,66.0
405.0,542.0,37.0,67.0
404.0,540.0,37.0,69.0
402.0,538.0,37.0,66.0
402.0,537.0,37.0,69.0
400.0,537.0,38.0,69.0
398.0,536.0,37.0,67.0
397.0,536.0,37.0,66.0
394.0,535.0,38.0,67.0
391.0,534.0,38.0,67.0
389.0,533.0,38.0,66.0
384.0,531.0,38.0,67.0
382.0,530.0,38.0,67.0
379.0,529.0,37.0,66.0
377.0,527.0,36.0,65.0
375.0,526.0,37.0,66.0
371.0,524.0,36.0,65.0
369.0,524.0,36.0,65.0
366.0,523.0,37.0,66.0
363.0,522.0,36.0,65.0
362.0,522.0,37.0,66.0
358.0,523.0,36.0,64.0
356.0,523.0,37.0,66.0
353.0,523.0,37.0,65.0
351.0,522.0,37.0,64.0
349.0,521.0,37.0,65.0
347.0,518.0,38.0,64.0
344.0,516.0,38.0,66.0
343.0,514.0,38.0,66.0
341.0,512.0,37.0,65.0
341.0,510.0,36.0,64.0
340.0,509.0,35.0,64.0
339.0,508.0,35.0,64.0
338.0,507.0,35.0,64.0
336.0,506.0,36.0,65.0
334.0,504.0,37.0,66.0
333.0,504.0,37.0,66.0
332.0,504.0,37.0,65.0
331.0,502.0,38.0,67.0
330.0,502.0,37.0,65.0
330.0,500.0,37.0,63.0
330.0,499.0,37.0,62.0
330.0,497.0,37.0,63.0
329.0,494.0,37.0,65.0
330.0,493.0,37.0,64.0
331.0,492.0,36.0,63.0
331.0,490.0,37.0,65.0
331.0,489.0,36.0,64.0
331.0,489.0,36.0,64.0
330.0,488.0,37.0,66.0
330.0,487.0,37.0,66.0
329.0,486.0,37.0,66.0
327.0,485.0,37.0,66.0
327.0,483.0,37.0,63.0
325.0,481.0,37.0,64.0
325.0,480.0,36.0,62.0
324.0,478.0,36.0,63.0
322.0,476.0,36.0,63.0
320.0,475.0,35.0,65.0
318.0,474.0,34.0,63.0
315.0,473.0,34.0,64.0
311.0,473.0,34.0,64.0
309.0,473.0,35.0,66.0
305.0,473.0,35.0,65.0
301.0,473.0,35.0,63.0
298.0,473.0,35.0,63.0
291.0,472.0,35.0,64.0
287.0,472.0,35.0,65.0
281.0,471.0,36.0,65.0
275.0,470.0,36.0,66.0
270.0,470.0,36.0,66.0
264.0,470.0,37.0,67.0
260.0,471.0,37.0,67.0
255.0,471.0,37.0,67.0
250.0,472.0,37.0,67.0
245.0,473.0,37.0,65.0
240.0,474.0,37.0,65.0
235.0,473.0,37.0,66.0
232.0,472.0,37.0,64.0
228.0,471.0,36.0,63.0
225.0,470.0,36.0,63.0
222.0,468.0,36.0,63.0
218.0,468.0,35.0,62.0
217.0,467.0,36.0,64.0
213.0,466.0,36.0,64.0
211.0,466.0,36.0,64.0
209.0,466.0,36.0,64.0
208.0,466.0,37.0,66.0
205.0,465.0,37.0,67.0
204.0,464.0,37.0,66.0
202.0,463.0,37.0,67.0
197.0,461.0,38.0,68.0
195.0,459.0,39.0,70.0
193.0,459.0,38.0,69.0
192.0,458.0,38.0,69.0
190.0,458.0,38.0,69.0
189.0,457.0,39.0,70.0
189.0,456.0,39.0,70.0
189.0,456.0,38.0,69.0
190.0,456.0,37.0,68.0
191.0,455.0,37.0,68.0
192.0,454.0,37.0,67.0
193.0,452.0,36.0,66.0
195.0,450.0,35.0,63.0
196.0,447.0,35.0,63.0
197.0,445.0,34.0,62.0
198.0,444.0,34.0,62.0
197.0,442.0,35.0,63.0
197.0,442.0,34.0,62.0
195.0,441.0,35.0,63.0
194.0,441.0,35.0,62.0
193.0,443.0,34.0,61.0
190.0,440.0,35.0,63.0
187.0,439.0,36.0,66.0
185.0,439.0,36.0,66.0
182.0,438.0,36.0,66.0
179.0,437.0,36.0,66.0
177.0,436.0,36.0,66.0
174.0,437.0,35.0,64.0
172.0,437.0,35.0,64.0
169.0,437.0,35.0,63.0
165.0,437.0,36.0,65.0
161.0,437.0,36.0,65.0
158.0,438.0,35.0,64.0
155.0,438.0,34.0,61.0
152.0,438.0,35.0,61.0
148.0,436.0,35.0,63.0
146.0,435.0,35.0,63.0
144.0,433.0,35.0,64.0
141.0,432.0,36.0,65.0
141.0,431.0,35.0,63.0
139.0,430.0,37.0,64.0
139.0,430.0,35.0,63.0
138.0,429.0,36.0,64.0
138.0,429.0,35.0,63.0
139.0,428.0,36.0,65.0
138.0,426.0,36.0,66.0
139.0,425.0,35.0,64.0
139.0,424.0,36.0,64.0
139.0,422.0,36.0,64.0
140.0,421.0,35.0,63.0
142.0,419.0,36.0,64.0
143.0,417.0,35.0,62.0
143.0,416.0,37.0,64.0
142.0,414.0,36.0,65.0
145.0,414.0,36.0,64.0
146.0,413.0,36.0,65.0
148.0,412.0,35.0,63.0
149.0,410.0,35.0,64.0
152.0,409.0,33.0,63.0
153.0,409.0,33.0,62.0
155.0,404.0,33.0,63.0
155.0,402.0,33.0,64.0
155.0,400.0,35.0,66.0
156.0,398.0,35.0,66.0
157.0,397.0,33.0,64.0
156.0,396.0,35.0,66.0
157.0,395.0,35.0,66.0
157.0,395.0,33.0,64.0
157.0,394.0,35.0,66.0
154.0,394.0,35.0,65.0
153.0,393.0,35.0,66.0
152.0,392.0,36.0,67.0
150.0,390.0,35.0,66.0
148.0,389.0,36.0,67.0
146.0,388.0,36.0,68.0
146.0,387.0,36.0,68.0
143.0,387.0,36.0,68.0
143.0,387.0,35.0,66.0
141.0,388.0,35.0,64.0
139.0,388.0,35.0,66.0
137.0,388.0,35.0,64.0
136.0,388.0,35.0,64.0
134.0,387.0,35.0,64.0
133.0,386.0,35.0,66.0
132.0,384.0,37.0,68.0
131.0,382.0,36.0,67.0
131.0,380.0,36.0,67.0
131.0,379.0,37.0,68.0
132.0,377.0,37.0,68.0
131.0,376.0,38.0,69.0
132.0,376.0,37.0,68.0
133.0,376.0,38.0,68.0
135.0,374.0,38.0,68.0
136.0,373.0,38.0,69.0
138.0,371.0,38.0,69.0
141.0,368.0,38.0,68.0
144.0,366.0,38.0,68.0
145.0,364.0,39.0,69.0
149.0,362.0,38.0,68.0
152.0,360.0,38.0,68.0
156.0,358.0,38.0,68.0
160.0,357.0,38.0,67.0
165.0,356.0,37.0,67.0
168.0,355.0,37.0,68.0
172.0,354.0,35.0,64.0
177.0,353.0,35.0,63.0
182.0,352.0,33.0,61.0
185.0,349.0,35.0,64.0
188.0,347.0,34.0,62.0
192.0,344.0,34.0,62.0
196.0,341.0,34.0,62.0
200.0,339.0,33.0,60.0
204.0,336.0,35.0,63.0
207.0,335.0,35.0,63.0
212.0,334.0,34.0,61.0
216.0,333.0,35.0,63.0
219.0,330.0,35.0,64.0
224.0,329.0,35.0,63.0
228.0,327.0,35.0,63.0
231.0,325.0,36.0,64.0
235.0,322.0,35.0,63.0
239.0,321.0,34.0,62.0
243.0,319.0,35.0,63.0
246.0,317.0,35.0,63.0
250.0,316.0,35.0,63.0
254.0,316.0,35.0,63.0
258.0,314.0,34.0,64.0
260.0,313.0,33.0,64.0
262.0,312.0,32.0,62.0
264.0,311.0,33.0,64.0
266.0,309.0,32.0,61.0
266.0,308.0,33.0,63.0
265.0,307.0,33.0,63.0
265.0,305.0,33.0,64.0
263.0,304.0,33.0,63.0
260.0,304.0,34.0,63.0
258.0,303.0,34.0,63.0
254.0,304.0,33.0,62.0
250.0,304.0,34.0,63.0
246.0,304.0,34.0,63.0
239.0,305.0,33.0,62.0
233.0,305.0,34.0,64.0
227.0,305.0,34.0,64.0
221.0,305.0,34.0,64.0
215.0,305.0,34.0,64.0
208.0,305.0,34.0,64.0
202.0,306.0,34.0,64.0
196.0,307.0,35.0,63.0
189.0,308.0,35.0,63.0
184.0,310.0,33.0,61.0
178.0,311.0,34.0,64.0
173.0,312.0,34.0,64.0
169.0,312.0,34.0,63.0
165.0,312.0,34.0,63.0
161.0,310.0,34.0,64.0
158.0,309.0,35.0,66.0
156.0,308.0,36.0,66.0
154.0,306.0,38.0,68.0
154.0,306.0,37.0,66.0
154.0,305.0,37.0,67.0
155.0,305.0,37.0,67.0
157.0,304.0,36.0,67.0
160.0,303.0,35.0,66.0
163.0,303.0,34.0,64.0
164.0,302.0,34.0,66.0
168.0,299.0,36.0,68.0
171.0,297.0,34.0,66.0
175.0,295.0,36.0,68.0
175.0,292.0,37.0,68.0
179.0,292.0,38.0,68.0
184.0,291.0,36.0,66.0
188.0,291.0,35.0,64.0
191.0,291.0,34.0,64.0
194.0,290.0,34.0,63.0
197.0,288.0,34.0,64.0
201.0,286.0,33.0,63.0
203.0,285.0,33.0,64.0
207.0,283.0,33.0,64.0
211.0,282.0,32.0,62.0
214.0,279.0,33.0,62.0
216.0,277.0,35.0,64.0
219.0,275.0,35.0,64.0
223.0,274.0,35.0,64.0
227.0,274.0,34.0,63.0
230.0,273.0,33.0,64.0
233.0,272.0,33.0,64.0
235.0,271.0,33.0,64.0
239.0,270.0,33.0,63.0
240.0,268.0,33.0,64.0
244.0,266.0,33.0,64.0
246.0,265.0,33.0,63.0
250.0,264.0,33.0,63.0
252.0,263.0,33.0,63.0
253.0,261.0,33.0,64.0
255.0,261.0,33.0,64.0
257.0,261.0,33.0,63.0
259.0,262.0,31.0,60.0
260.0,261.0,31.0,61.0
260.0,259.0,32.0,62.0
260.0,258.0,32.0,63.0
260.0,257.0,32.0,61.0
260.0,256.0,32.0,61.0
259.0,254.0,34.0,63.0
259.0,254.0,33.0,61.0
258.0,253.0,33.0,62.0
257.0,252.0,33.0,62.0
254.0,252.0,33.0,63.0
253.0,253.0,32.0,62.0
251.0,254.0,31.0,61.0
249.0,254.0,32.0,63.0
247.0,252.0,33.0,63.0
246.0,251.0,33.0,65.0
243.0,250.0,35.0,65.0
242.0,250.0,35.0,65.0
241.0,250.0,35.0,65.0
238.0,249.0,36.0,65.0
238.0,249.0,35.0,64.0
237.0,249.0,34.0,63.0
234.0,249.0,35.0,64.0
234.0,249.0,34.0,63.0
233.0,250.0,33.0,61.0
233.0,250.0,33.0,61.0
232.0,249.0,33.0,63.0
231.0,249.0,33.0,63.0
231.0,248.0,33.0,61.0
231.0,246.0,33.0,61.0
231.0,245.0,33.0,61.0
232.0,244.0,34.0,64.0
232.0,244.0,33.0,63.0
233.0,243.0,33.0,61.0
233.0,243.0,33.0,61.0
233.0,243.0,34.0,64.0
233.0,242.0,34.0,65.0
234.0,242.0,34.0,64.0
234.0,241.0,34.0,65.0
235.0,240.0,34.0,65.0
235.0,239.0,34.0,65.0
235.0,238.0,35.0,65.0
235.0,237.0,36.0,65.0
236.0,237.0,35.0,64.0
237.0,236.0,35.0,64.0
237.0,235.0,35.0,64.0
236.0,235.0,35.0,64.0
236.0,236.0,34.0,63.0
235.0,236.0,34.0,63.0
234.0,236.0,34.0,63.0
233.0,236.0,33.0,61.0
232.0,234.0,33.0,64.0
231.0,234.0,32.0,61.0
230.0,233.0,32.0,61.0
229.0,233.0,32.0,60.0
228.0,233.0,32.0,60.0
226.0,233.0,32.0,60.0
225.0,233.0,32.0,59.0
224.0,233.0,31.0,60.0
223.0,234.0,30.0,59.0
222.0,234.0,30.0,60.0
220.0,234.0,29.0,58.0
219.0,234.0,29.0,58.0
217.0,234.0,29.0,58.0
214.0,233.0,31.0,60.0
212.0,232.0,32.0,61.0
210.0,231.0,34.0,63.0
208.0,230.0,33.0,62.0
207.0,230.0,33.0,62.0
205.0,229.0,35.0,65.0
204.0,230.0,35.0,64.0
203.0,230.0,34.0,63.0
203.0,231.0,34.0,63.0
203.0,232.0,32.0,61.0
204.0,233.0,32.0,61.0
204.0,231.0,31.0,61.0
204.0,231.0,31.0,61.0
203.0,229.0,32.0,64.0
203.0,226.0,33.0,66.0
203.0,226.0,34.0,67.0
204.0,224.0,36.0,69.0
204.0,223.0,37.0,70.0
205.0,222.0,38.0,71.0
206.0,222.0,38.0,71.0
206.0,221.0,38.0,71.0
208.0,221.0,38.0,71.0
210.0,220.0,38.0,72.0
211.0,219.0,38.0,74.0
212.0,218.0,39.0,75.0
213.0,217.0,39.0,75.0
215.0,216.0,39.0,74.0
217.0,215.0,39.0,74.0
219.0,215.0,39.0,74.0
221.0,215.0,39.0,72.0
224.0,214.0,39.0,72.0
226.0,215.0,39.0,71.0
229.0,214.0,40.0,72.0
230.0,215.0,39.0,71.0
233.0,214.0,38.0,71.0
235.0,213.0,38.0,72.0
237.0,212.0,38.0,71.0
240.0,211.0,38.0,71.0
240.0,209.0,40.0,74.0
242.0,207.0,40.0,75.0
244.0,206.0,40.0,74.0
248.0,206.0,40.0,75.0
249.0,206.0,40.0,74.0
252.0,206.0,40.0,74.0
254.0,206.0,40.0,74.0
257.0,206.0,39.0,74.0
260.0,206.0,38.0,72.0
263.0,204.0,38.0,74.0
265.0,203.0,38.0,74.0
266.0,203.0,39.0,72.0
268.0,201.0,39.0,71.0
271.0,201.0,38.0,71.0
273.0,201.0,37.0,70.0
276.0,201.0,38.0,71.0
276.0,200.0,39.0,71.0
279.0,201.0,38.0,70.0
281.0,201.0,36.0,68.0
283.0,202.0,35.0,67.0
285.0,201.0,36.0,68.0
285.0,201.0,35.0,68.0
286.0,200.0,36.0,68.0
286.0,198.0,38.0,70.0
285.0,197.0,40.0,73.0
285.0,197.0,40.0,73.0
286.0,197.0,39.0,72.0
285.0,197.0,40.0,73.0
285.0,197.0,39.0,73.0
286.0,198.0,38.0,73.0
285.0,198.0,38.0,73.0
285.0,198.0,37.0,72.0
284.0,198.0,36.0,69.0
282.0,198.0,36.0,69.0
281.0,198.0,37.0,69.0
279.0,198.0,38.0,70.0
278.0,198.0,39.0,70.0
276.0,197.0,39.0,70.0
275.0,197.0,39.0,69.0
273.0,197.0,40.0,69.0
273.0,198.0,39.0,68.0
273.0,200.0,37.0,68.0
271.0,200.0,36.0,68.0
105.0,78.0,8.0,19.0
276.0,205.0,36.0,62.0
276.0,205.0,36.0,63.0
275.0,203.0,37.0,64.0
275.0,202.0,39.0,65.0
276.0,202.0,38.0,62.0
277.0,201.0,39.0,64.0
278.0,200.0,38.0,62.0
278.0,198.0,41.0,65.0
281.0,201.0,41.0,66.0
284.0,200.0,40.0,65.0
286.0,200.0,39.0,65.0
288.0,200.0,39.0,65.0
290.0,200.0,37.0,62.0
292.0,200.0,36.0,62.0
294.0,200.0,36.0,61.0
294.0,198.0,38.0,63.0
296.0,198.0,37.0,62.0
297.0,197.0,37.0,62.0
298.0,197.0,37.0,62.0
300.0,197.0,36.0,61.0
301.0,198.0,36.0,60.0
301.0,199.0,36.0,60.0
301.0,199.0,36.0,60.0
302.0,199.0,35.0,60.0
303.0,199.0,35.0,61.0
303.0,198.0,36.0,62.0
302.0,196.0,37.0,64.0
301.0,195.0,38.0,65.0
301.0,195.0,37.0,64.0
300.0,196.0,37.0,64.0
298.0,196.0,38.0,65.0
298.0,196.0,38.0,65.0
298.0,197.0,37.0,64.0
296.0,199.0,37.0,64.0
295.0,199.0,37.0,64.0
295.0,199.0,37.0,64.0
293.0,199.0,38.0,65.0
292.0,199.0,38.0,66.0
290.0,198.0,39.0,67.0
288.0,195.0,42.0,70.0
288.0,196.0,41.0,68.0
289.0,197.0,40.0,66.0
289.0,199.0,39.0,64.0
289.0,199.0,39.0,64.0
289.0,200.0,38.0,63.0
289.0,201.0,38.0,64.0
290.0,201.0,37.0,63.0
289.0,201.0,38.0,65.0
290.0,201.0,39.0,66.0
289.0,200.0,39.0,67.0
288.0,199.0,40.0,68.0
289.0,199.0,40.0,66.0
290.0,199.0,41.0,66.0
292.0,198.0,40.0,65.0
292.0,199.0,39.0,64.0
293.0,199.0,39.0,64.0
296.0,203.0,38.0,64.0
295.0,201.0,38.0,66.0
297.0,199.0,39.0,68.0
299.0,201.0,39.0,67.0
299.0,200.0,40.0,68.0
300.0,200.0,40.0,68.0
302.0,200.0,39.0,66.0
303.0,199.0,39.0,66.0
305.0,200.0,38.0,65.0
307.0,200.0,39.0,66.0
309.0,201.0,38.0,64.0
309.0,202.0,38.0,64.0
311.0,201.0,38.0,65.0
313.0,202.0,38.0,65.0
314.0,203.0,37.0,64.0
315.0,204.0,37.0,64.0
317.0,204.0,36.0,63.0
317.0,204.0,36.0,63.0
318.0,203.0,37.0,63.0
318.0,203.0,38.0,63.0
319.0,201.0,38.0,63.0
319.0,203.0,38.0,63.0
321.0,203.0,37.0,63.0
322.0,204.0,37.0,63.0
321.0,205.0,38.0,64.0
322.0,205.0,37.0,63.0
323.0,205.0,38.0,64.0
323.0,205.0,38.0,64.0
323.0,206.0,38.0,64.0
324.0,205.0,37.0,63.0
324.0,205.0,38.0,63.0
325.0,204.0,38.0,63.0
326.0,204.0,37.0,63.0
327.0,205.0,38.0,63.0
327.0,206.0,38.0,63.0
326.0,205.0,39.0,63.0
328.0,207.0,38.0,63.0
329.0,208.0,38.0,63.0
330.0,208.0,38.0,64.0
331.0,207.0,38.0,64.0
332.0,207.0,38.0,63.0
333.0,207.0,38.0,63.0
334.0,206.0,38.0,64.0
335.0,204.0,39.0,65.0
336.0,206.0,39.0,65.0
336.0,206.0,39.0,65.0
337.0,206.0,39.0,65.0
338.0,207.0,39.0,65.0
339.0,209.0,38.0,64.0
339.0,209.0,38.0,65.0
340.0,210.0,38.0,64.0
340.0,210.0,38.0,64.0
341.0,209.0,38.0,65.0
341.0,209.0,38.0,65.0
341.0,209.0,38.0,65.0
342.0,209.0,38.0,64.0
343.0,210.0,38.0,64.0
343.0,211.0,38.0,64.0
343.0,211.0,39.0,65.0
343.0,212.0,38.0,64.0
344.0,213.0,37.0,63.0
344.0,214.0,38.0,64.0
345.0,214.0,38.0,64.0
344.0,214.0,38.0,65.0
344.0,212.0,39.0,65.0
345.0,212.0,38.0,65.0
345.0,212.0,39.0,65.0
344.0,212.0,39.0,65.0
345.0,212.0,38.0,65.0
344.0,213.0,38.0,65.0
345.0,214.0,38.0,64.0
344.0,214.0,39.0,65.0
345.0,216.0,39.0,65.0
344.0,216.0,39.0,66.0
345.0,216.0,39.0,66.0
344.0,216.0,39.0,66.0
344.0,216.0,40.0,68.0
343.0,215.0,40.0,68.0
343.0,216.0,40.0,66.0
344.0,217.0,39.0,65.0
343.0,217.0,40.0,66.0
343.0,218.0,40.0,66.0
342.0,219.0,41.0,66.0
342.0,220.0,41.0,66.0
342.0,221.0,40.0,66.0
342.0,222.0,39.0,66.0
342.0,222.0,39.0,68.0
342.0,222.0,38.0,66.0
343.0,222.0,38.0,66.0
342.0,222.0,40.0,69.0
343.0,222.0,39.0,68.0
343.0,222.0,39.0,68.0
343.0,221.0,41.0,70.0
344.0,223.0,39.0,68.0
345.0,223.0,39.0,67.0
346.0,224.0,39.0,67.0
348.0,225.0,39.0,67.0
349.0,226.0,38.0,66.0
350.0,227.0,38.0,66.0
351.0,227.0,38.0,66.0
350.0,228.0,38.0,67.0
351.0,229.0,37.0,66.0
351.0,229.0,39.0,67.0
351.0,229.0,40.0,67.0
352.0,230.0,40.0,66.0
352.0,230.0,40.0,67.0
353.0,231.0,40.0,67.0
354.0,232.0,39.0,67.0
355.0,233.0,39.0,66.0
355.0,235.0,38.0,66.0
355.0,236.0,38.0,66.0
356.0,236.0,39.0,67.0
355.0,235.0,40.0,70.0
355.0,236.0,40.0,70.0
355.0,237.0,41.0,70.0
353.0,236.0,42.0,71.0
354.0,237.0,41.0,70.0
353.0,239.0,40.0,70.0
352.0,240.0,41.0,71.0
351.0,240.0,41.0,71.0
351.0,241.0,41.0,71.0
350.0,242.0,41.0,71.0
349.0,243.0,41.0,71.0
349.0,244.0,41.0,71.0
348.0,244.0,42.0,72.0
348.0,244.0,42.0,72.0
347.0,245.0,42.0,72.0
346.0,246.0,43.0,73.0
345.0,247.0,42.0,73.0
345.0,247.0,43.0,74.0
344.0,247.0,43.0,75.0
344.0,247.0,43.0,74.0
344.0,248.0,43.0,73.0
343.0,249.0,44.0,74.0
343.0,250.0,43.0,73.0
131.0,97.0,9.0,21.0
350.0,260.0,30.0,59.0
350.0,262.0,30.0,58.0
350.0,262.0,30.0,59.0
350.0,263.0,30.0,59.0
349.0,262.0,31.0,60.0
350.0,264.0,30.0,58.0
351.0,265.0,29.0,56.0
349.0,264.0,29.0,57.0
350.0,265.0,27.0,54.0
348.0,266.0,28.0,55.0
348.0,265.0,30.0,57.0
347.0,267.0,29.0,57.0
346.0,267.0,30.0,57.0
346.0,268.0,29.0,57.0
346.0,269.0,29.0,57.0
346.0,269.0,30.0,57.0
346.0,270.0,30.0,57.0
346.0,271.0,30.0,57.0
346.0,271.0,31.0,58.0
347.0,272.0,31.0,58.0
347.0,272.0,30.0,58.0
347.0,271.0,29.0,59.0
346.0,271.0,29.0,59.0
346.0,271.0,29.0,59.0
346.0,272.0,29.0,58.0
345.0,272.0,30.0,60.0
345.0,272.0,30.0,58.0
346.0,273.0,30.0,58.0
346.0,273.0,30.0,58.0
346.0,274.0,29.0,57.0
346.0,274.0,29.0,57.0
345.0,275.0,29.0,58.0
346.0,275.0,29.0,58.0
347.0,275.0,29.0,58.0
347.0,276.0,30.0,58.0
347.0,275.0,30.0,60.0
346.0,277.0,30.0,58.0
345.0,276.0,30.0,60.0
345.0,276.0,30.0,60.0
345.0,277.0,30.0,60.0
345.0,277.0,30.0,58.0
345.0,277.0,29.0,57.0
343.0,276.0,30.0,60.0
343.0,276.0,30.0,60.0
343.0,277.0,30.0,60.0
342.0,278.0,30.0,60.0
343.0,278.0,30.0,60.0
343.0,279.0,29.0,58.0
343.0,279.0,29.0,57.0
342.0,279.0,28.0,57.0
343.0,279.0,28.0,57.0
341.0,279.0,28.0,57.0
341.0,278.0,29.0,58.0
341.0,278.0,30.0,58.0
340.0,277.0,31.0,59.0
340.0,277.0,31.0,59.0
340.0,277.0,31.0,59.0
340.0,278.0,31.0,59.0
341.0,278.0,30.0,59.0
341.0,279.0,30.0,59.0
341.0,279.0,30.0,59.0
341.0,280.0,30.0,59.0
342.0,280.0,30.0,59.0
341.0,280.0,29.0,59.0
340.0,280.0,29.0,59.0
339.0,279.0,30.0,61.0
339.0,278.0,31.0,61.0
338.0,277.0,31.0,62.0
337.0,276.0,31.0,61.0
336.0,276.0,31.0,61.0
336.0,276.0,32.0,61.0
335.0,276.0,32.0,61.0
336.0,276.0,31.0,61.0
336.0,277.0,30.0,60.0
337.0,277.0,31.0,60.0
337.0,277.0,31.0,60.0
336.0,277.0,31.0,59.0
336.0,277.0,31.0,59.0
336.0,277.0,32.0,60.0
336.0,276.0,32.0,60.0
335.0,275.0,33.0,62.0
336.0,275.0,33.0,62.0
336.0,275.0,33.0,61.0
337.0,275.0,33.0,60.0
338.0,276.0,32.0,59.0
340.0,276.0,31.0,60.0
340.0,276.0,32.0,60.0
339.0,277.0,32.0,60.0
339.0,277.0,32.0,60.0
339.0,277.0,32.0,60.0
339.0,277.0,32.0,60.0
339.0,276.0,32.0,60.0
339.0,274.0,32.0,61.0
339.0,273.0,32.0,62.0
339.0,272.0,32.0,63.0
339.0,271.0,31.0,63.0
338.0,271.0,30.0,63.0
338.0,270.0,30.0,63.0
337.0,271.0,30.0,63.0
337.0,271.0,30.0,62.0
337.0,271.0,30.0,61.0
336.0,271.0,30.0,61.0
335.0,272.0,30.0,61.0
335.0,272.0,30.0,61.0
336.0,272.0,30.0,61.0
336.0,270.0,30.0,61.0
337.0,270.0,30.0,61.0
341.0,268.0,29.0,61.0
345.0,267.0,29.0,61.0
349.0,266.0,28.0,60.0
355.0,265.0,29.0,60.0
363.0,264.0,29.0,60.0
370.0,264.0,29.0,60.0
378.0,264.0,28.0,60.0
384.0,263.0,28.0,60.0
391.0,262.0,27.0,60.0
398.0,261.0,28.0,60.0
404.0,261.0,28.0,60.0
411.0,259.0,29.0,60.0
418.0,258.0,30.0,60.0
425.0,255.0,30.0,60.0
434.0,254.0,30.0,60.0
442.0,254.0,30.0,60.0
451.0,254.0,30.0,59.0
458.0,253.0,30.0,59.0
467.0,252.0,29.0,59.0
477.0,252.0,29.0,59.0
485.0,251.0,29.0,59.0
493.0,250.0,29.0,59.0
499.0,249.0,29.0,59.0
505.0,248.0,29.0,59.0
513.0,248.0,29.0,59.0
518.0,248.0,29.0,59.0
524.0,248.0,28.0,59.0
530.0,248.0,28.0,59.0
534.0,247.0,28.0,59.0
539.0,248.0,28.0,58.0
542.0,248.0,28.0,58.0
546.0,248.0,28.0,58.0
550.0,248.0,28.0,58.0
553.0,248.0,28.0,58.0
555.0,248.0,28.0,59.0
556.0,248.0,28.0,59.0
558.0,248.0,28.0,59.0
558.0,248.0,28.0,59.0
558.0,248.0,28.0,59.0
559.0,249.0,28.0,59.0
558.0,249.0,28.0,59.0
559.0,249.0,28.0,59.0
559.0,249.0,28.0,59.0
560.0,249.0,28.0,59.0
560.0,250.0,28.0,59.0
560.0,250.0,28.0,59.0
561.0,250.0,28.0,59.0
561.0,251.0,28.0,59.0
561.0,252.0,28.0,59.0
561.0,252.0,28.0,59.0
561.0,253.0,28.0,59.0
560.0,253.0,28.0,59.0
560.0,254.0,28.0,59.0
560.0,254.0,28.0,59.0
560.0,254.0,29.0,59.0
560.0,255.0,29.0,59.0
560.0,256.0,29.0,59.0
561.0,256.0,29.0,59.0
561.0,257.0,28.0,59.0
562.0,257.0,28.0,59.0
562.0,258.0,28.0,59.0
562.0,258.0,28.0,59.0
562.0,259.0,28.0,59.0
562.0,260.0,28.0,59.0
561.0,260.0,28.0,59.0
561.0,261.0,28.0,59.0
561.0,262.0,29.0,59.0
560.0,262.0,29.0,59.0
560.0,263.0,29.0,59.0
559.0,264.0,29.0,59.0
559.0,264.0,29.0,59.0
559.0,266.0,29.0,59.0
