318.0,258.0,62.0,86.0
325.0,259.0,60.0,83.0
331.0,258.0,60.0,83.0
337.0,259.0,58.0,80.0
342.0,258.0,59.0,81.0
350.0,258.0,59.0,80.0
355.0,256.0,60.0,81.0
359.0,253.0,62.0,84.0
365.0,253.0,61.0,84.0
370.0,252.0,61.0,84.0
375.0,251.0,61.0,84.0
383.0,253.0,59.0,82.0
388.0,252.0,59.0,82.0
393.0,252.0,60.0,83.0
399.0,251.0,59.0,82.0
405.0,252.0,59.0,82.0
409.0,252.0,59.0,82.0
414.0,252.0,59.0,82.0
417.0,251.0,59.0,82.0
422.0,251.0,59.0,82.0
425.0,249.0,60.0,83.0
429.0,248.0,60.0,83.0
432.0,248.0,60.0,83.0
434.0,247.0,61.0,84.0
438.0,247.0,61.0,84.0
443.0,247.0,61.0,84.0
448.0,247.0,61.0,84.0
453.0,248.0,61.0,84.0
457.0,247.0,62.0,86.0
460.0,247.0,62.0,86.0
465.0,246.0,62.0,86.0
469.0,248.0,64.0,91.0
472.0,250.0,64.0,94.0
476.0,251.0,64.0,97.0
479.0,251.0,64.0,99.0
483.0,251.0,64.0,99.0
487.0,251.0,64.0,99.0
492.0,251.0,64.0,99.0
497.0,251.0,64.0,99.0
502.0,251.0,64.0,99.0
506.0,252.0,64.0,99.0
509.0,252.0,64.0,99.0
512.0,251.0,66.0,102.0
517.0,252.0,66.0,102.0
520.0,254.0,66.0,102.0
524.0,255.0,66.0,102.0
528.0,255.0,66.0,102.0
532.0,255.0,66.0,102.0
536.0,255.0,67.0,103.0
541.0,256.0,67.0,103.0
544.0,256.0,69.0,104.0
549.0,257.0,69.0,104.0
553.0,258.0,69.0,104.0
556.0,258.0,69.0,104.0
559.0,258.0,69.0,104.0
563.0,259.0,69.0,104.0
566.0,259.0,69.0,104.0
569.0,259.0,69.0,106.0
572.0,261.0,69.0,106.0
573.0,259.0,71.0,108.0
577.0,260.0,71.0,108.0
582.0,261.0,70.0,107.0
586.0,264.0,69.0,106.0
590.0,263.0,70.0,107.0
593.0,264.0,70.0,107.0
595.0,264.0,70.0,107.0
598.0,264.0,71.0,108.0
604.0,266.0,70.0,107.0
607.0,267.0,70.0,107.0
612.0,269.0,70.0,107.0
616.0,271.0,70.0,107.0
620.0,274.0,70.0,107.0
624.0,275.0,70.0,107.0
627.0,276.0,70.0,107.0
630.0,276.0,71.0,108.0
632.0,277.0,71.0,108.0
633.0,277.0,73.0,109.0
636.0,276.0,74.0,111.0
638.0,277.0,74.0,111.0
642.0,278.0,74.0,111.0
644.0,278.0,74.0,111.0
646.0,279.0,74.0,111.0
650.0,282.0,73.0,109.0
654.0,283.0,73.0,109.0
657.0,284.0,74.0,111.0
658.0,285.0,74.0,111.0
662.0,285.0,74.0,111.0
663.0,285.0,74.0,111.0
666.0,287.0,74.0,111.0
671.0,288.0,74.0,111.0
674.0,289.0,74.0,111.0
674.0,290.0,74.0,111.0
675.0,291.0,73.0,109.0
676.0,292.0,73.0,109.0
678.0,292.0,73.0,109.0
681.0,292.0,73.0,109.0
683.0,292.0,73.0,109.0
685.0,293.0,73.0,109.0
687.0,293.0,73.0,109.0
689.0,293.0,73.0,109.0
691.0,293.0,73.0,109.0
693.0,293.0,73.0,109.0
694.0,293.0,73.0,109.0
695.0,293.0,73.0,109.0
694.0,295.0,73.0,109.0
695.0,297.0,73.0,109.0
695.0,296.0,73.0,109.0
696.0,295.0,74.0,111.0
697.0,295.0,74.0,111.0
698.0,295.0,74.0,111.0
700.0,295.0,74.0,111.0
701.0,295.0,73.0,109.0
702.0,295.0,73.0,109.0
704.0,295.0,73.0,109.0
706.0,295.0,73.0,109.0
707.0,295.0,73.0,109.0
708.0,295.0,71.0,108.0
710.0,296.0,70.0,107.0
710.0,294.0,71.0,108.0
710.0,294.0,69.0,106.0
711.0,292.0,69.0,106.0
712.0,293.0,69.0,104.0
714.0,293.0,67.0,103.0
715.0,293.0,67.0,103.0
718.0,292.0,66.0,102.0
719.0,292.0,66.0,102.0
720.0,291.0,66.0,102.0
723.0,290.0,66.0,102.0
725.0,289.0,66.0,102.0
727.0,289.0,65.0,101.0
729.0,288.0,65.0,101.0
732.0,288.0,65.0,101.0
734.0,287.0,65.0,101.0
736.0,286.0,65.0,101.0
739.0,285.0,65.0,101.0
742.0,285.0,64.0,99.0
746.0,285.0,64.0,99.0
748.0,286.0,64.0,98.0
750.0,286.0,62.0,97.0
753.0,284.0,64.0,98.0
756.0,284.0,62.0,97.0
760.0,283.0,61.0,96.0
763.0,283.0,60.0,94.0
766.0,282.0,60.0,94.0
767.0,282.0,60.0,94.0
771.0,282.0,61.0,96.0
773.0,282.0,60.0,94.0
776.0,282.0,60.0,94.0
777.0,280.0,60.0,94.0
781.0,279.0,60.0,94.0
783.0,276.0,60.0,94.0
783.0,276.0,60.0,94.0
786.0,278.0,59.0,93.0
788.0,278.0,59.0,93.0
790.0,277.0,59.0,93.0
793.0,279.0,56.0,91.0
795.0,279.0,56.0,91.0
796.0,277.0,56.0,91.0
797.0,277.0,56.0,91.0
799.0,275.0,56.0,91.0
800.0,274.0,56.0,91.0
801.0,273.0,56.0,91.0
802.0,272.0,56.0,91.0
804.0,272.0,56.0,91.0
805.0,272.0,56.0,91.0
807.0,272.0,56.0,91.0
810.0,273.0,56.0,89.0
812.0,273.0,56.0,89.0
816.0,274.0,56.0,89.0
815.0,274.0,56.0,89.0
817.0,274.0,56.0,89.0
817.0,274.0,56.0,89.0
818.0,274.0,56.0,91.0
821.0,274.0,56.0,89.0
823.0,274.0,56.0,89.0
823.0,275.0,56.0,87.0
825.0,276.0,55.0,84.0
827.0,277.0,55.0,82.0
829.0,276.0,55.0,82.0
830.0,275.0,55.0,82.0
833.0,274.0,56.0,84.0
836.0,275.0,56.0,82.0
837.0,277.0,55.0,80.0
839.0,277.0,55.0,78.0
843.0,278.0,55.0,78.0
843.0,278.0,56.0,79.0
846.0,280.0,56.0,79.0
848.0,280.0,56.0,80.0
851.0,279.0,56.0,80.0
854.0,279.0,56.0,81.0
855.0,280.0,56.0,80.0
858.0,281.0,56.0,80.0
858.0,281.0,56.0,79.0
861.0,282.0,56.0,81.0
863.0,282.0,56.0,84.0
865.0,282.0,56.0,85.0
868.0,284.0,56.0,85.0
870.0,284.0,56.0,85.0
872.0,285.0,55.0,84.0
873.0,286.0,55.0,84.0
875.0,286.0,55.0,85.0
875.0,287.0,55.0,85.0
878.0,288.0,55.0,84.0
881.0,289.0,54.0,82.0
883.0,291.0,54.0,80.0
886.0,293.0,54.0,81.0
888.0,294.0,54.0,81.0
888.0,294.0,54.0,82.0
890.0,295.0,54.0,80.0
892.0,296.0,54.0,78.0
892.0,298.0,54.0,75.0
893.0,298.0,54.0,78.0
894.0,298.0,54.0,80.0
894.0,298.0,54.0,82.0
895.0,301.0,54.0,82.0
897.0,301.0,54.0,82.0
897.0,302.0,54.0,82.0
898.0,302.0,54.0,82.0
898.0,303.0,54.0,82.0
900.0,303.0,54.0,82.0
902.0,305.0,54.0,82.0
903.0,305.0,54.0,82.0
905.0,306.0,54.0,82.0
907.0,306.0,54.0,82.0
909.0,309.0,53.0,82.0
910.0,308.0,54.0,82.0
913.0,310.0,53.0,82.0
913.0,311.0,53.0,82.0
915.0,311.0,53.0,82.0
919.0,314.0,53.0,82.0
921.0,314.0,53.0,82.0
925.0,316.0,53.0,82.0
927.0,318.0,53.0,82.0
933.0,320.0,53.0,82.0
938.0,322.0,53.0,82.0
939.0,323.0,53.0,82.0
945.0,326.0,53.0,82.0
948.0,328.0,53.0,82.0
952.0,330.0,54.0,82.0
957.0,331.0,54.0,82.0
961.0,334.0,54.0,82.0
966.0,337.0,54.0,82.0
972.0,339.0,54.0,82.0
977.0,342.0,54.0,82.0
982.0,344.0,54.0,82.0
988.0,345.0,54.0,82.0
993.0,346.0,54.0,82.0
1001.0,348.0,54.0,82.0
1006.0,351.0,54.0,82.0
1012.0,352.0,54.0,82.0
1017.0,356.0,54.0,82.0
1022.0,359.0,54.0,82.0
1026.0,361.0,54.0,82.0
1030.0,363.0,54.0,82.0
1033.0,364.0,54.0,83.0
1037.0,363.0,54.0,83.0
1041.0,367.0,54.0,83.0
1042.0,368.0,54.0,83.0
1046.0,371.0,54.0,82.0
1048.0,372.0,54.0,82.0
1049.0,373.0,54.0,82.0
1050.0,375.0,54.0,83.0
1050.0,376.0,54.0,82.0
1050.0,379.0,53.0,82.0
1051.0,380.0,52.0,81.0
1053.0,381.0,51.0,80.0
1054.0,382.0,51.0,80.0
1056.0,383.0,52.0,81.0
1056.0,384.0,52.0,81.0
1056.0,383.0,53.0,82.0
1055.0,384.0,54.0,82.0
1055.0,385.0,54.0,83.0
1055.0,386.0,54.0,83.0
1055.0,387.0,54.0,83.0
1055.0,389.0,54.0,83.0
1055.0,390.0,54.0,83.0
1056.0,391.0,54.0,83.0
1055.0,394.0,54.0,82.0
1056.0,396.0,54.0,82.0
1056.0,397.0,53.0,82.0
1057.0,400.0,52.0,81.0
1056.0,400.0,53.0,82.0
1056.0,402.0,53.0,82.0
1057.0,404.0,52.0,81.0
1056.0,405.0,52.0,81.0
1057.0,407.0,51.0,80.0
1057.0,408.0,51.0,80.0
1057.0,410.0,50.0,79.0
1056.0,410.0,50.0,79.0
1058.0,410.0,50.0,79.0
1061.0,412.0,50.0,78.0
1062.0,412.0,50.0,78.0
1062.0,415.0,49.0,77.0
1062.0,416.0,49.0,77.0
1062.0,417.0,49.0,77.0
1062.0,419.0,49.0,77.0
1062.0,421.0,49.0,77.0
1062.0,423.0,49.0,77.0
1062.0,423.0,49.0,77.0
1062.0,426.0,49.0,77.0
1062.0,428.0,49.0,77.0
1063.0,431.0,49.0,77.0
1063.0,433.0,48.0,76.0
1063.0,435.0,47.0,75.0
1063.0,436.0,47.0,75.0
1063.0,438.0,47.0,75.0
1063.0,441.0,47.0,75.0
1063.0,442.0,47.0,75.0
1063.0,444.0,48.0,76.0
1063.0,446.0,47.0,75.0
1063.0,448.0,47.0,75.0
1064.0,451.0,48.0,76.0
1064.0,452.0,47.0,75.0
1065.0,454.0,46.0,74.0
1064.0,456.0,47.0,75.0
1065.0,457.0,46.0,74.0
1065.0,459.0,46.0,74.0
1065.0,460.0,47.0,75.0
1065.0,462.0,47.0,75.0
1065.0,464.0,47.0,75.0
1065.0,467.0,47.0,75.0
1065.0,468.0,46.0,74.0
1064.0,473.0,46.0,74.0
1064.0,476.0,46.0,74.0
1064.0,479.0,46.0,74.0
1063.0,481.0,46.0,74.0
1063.0,483.0,46.0,74.0
1063.0,485.0,46.0,73.0
1063.0,488.0,46.0,73.0
1063.0,492.0,45.0,73.0
1063.0,494.0,46.0,73.0
1062.0,494.0,46.0,73.0
1062.0,494.0,46.0,73.0
1062.0,494.0,46.0,73.0
1061.0,493.0,46.0,74.0
1061.0,493.0,46.0,74.0
1061.0,493.0,46.0,74.0
1062.0,487.0,46.0,74.0
1062.0,470.0,46.0,74.0
1061.0,472.0,47.0,75.0
278.0,64.0,14.0,36.0
728.0,163.0,58.0,110.0
728.0,165.0,56.0,107.0
726.0,164.0,58.0,110.0
725.0,165.0,58.0,110.0
724.0,165.0,57.0,108.0
723.0,165.0,58.0,110.0
722.0,165.0,58.0,110.0
722.0,166.0,57.0,108.0
722.0,165.0,58.0,110.0
722.0,166.0,56.0,107.0
722.0,167.0,56.0,107.0
721.0,166.0,57.0,108.0
722.0,169.0,55.0,104.0
721.0,168.0,55.0,106.0
720.0,168.0,57.0,108.0
720.0,169.0,57.0,108.0
720.0,169.0,57.0,108.0
719.0,169.0,58.0,110.0
719.0,169.0,57.0,108.0
719.0,169.0,57.0,108.0
719.0,169.0,57.0,108.0
720.0,169.0,57.0,108.0
719.0,169.0,58.0,110.0
719.0,171.0,56.0,107.0
718.0,169.0,59.0,112.0
719.0,171.0,57.0,108.0
718.0,171.0,56.0,107.0
718.0,171.0,57.0,108.0
718.0,173.0,56.0,107.0
718.0,174.0,57.0,108.0
718.0,176.0,56.0,107.0
717.0,178.0,57.0,108.0
718.0,179.0,55.0,106.0
718.0,180.0,55.0,106.0
716.0,180.0,57.0,108.0
716.0,180.0,57.0,108.0
715.0,180.0,57.0,108.0
715.0,181.0,57.0,108.0
714.0,181.0,57.0,108.0
714.0,181.0,56.0,107.0
714.0,182.0,56.0,107.0
713.0,183.0,57.0,108.0
712.0,185.0,56.0,107.0
712.0,186.0,56.0,107.0
711.0,186.0,57.0,108.0
711.0,186.0,57.0,108.0
710.0,187.0,55.0,106.0
709.0,187.0,56.0,107.0
709.0,189.0,56.0,107.0
708.0,189.0,57.0,108.0
709.0,190.0,57.0,108.0
709.0,190.0,57.0,108.0
710.0,191.0,57.0,108.0
709.0,191.0,58.0,110.0
709.0,192.0,58.0,110.0
709.0,191.0,59.0,112.0
710.0,191.0,59.0,112.0
710.0,190.0,59.0,112.0
712.0,191.0,58.0,110.0
711.0,191.0,57.0,108.0
712.0,192.0,55.0,106.0
712.0,191.0,56.0,107.0
713.0,193.0,56.0,107.0
713.0,195.0,56.0,107.0
713.0,196.0,56.0,107.0
712.0,197.0,57.0,108.0
713.0,199.0,56.0,107.0
712.0,199.0,57.0,108.0
712.0,201.0,56.0,107.0
712.0,201.0,57.0,108.0
711.0,201.0,58.0,110.0
711.0,201.0,58.0,110.0
710.0,202.0,58.0,110.0
711.0,202.0,58.0,110.0
710.0,202.0,59.0,112.0
711.0,204.0,58.0,110.0
711.0,206.0,57.0,108.0
711.0,205.0,56.0,107.0
711.0,205.0,57.0,108.0
711.0,204.0,57.0,108.0
711.0,204.0,58.0,110.0
711.0,205.0,57.0,108.0
710.0,205.0,59.0,112.0
710.0,208.0,59.0,112.0
711.0,211.0,59.0,112.0
710.0,213.0,61.0,115.0
710.0,214.0,60.0,113.0
710.0,214.0,61.0,115.0
710.0,214.0,61.0,116.0
711.0,214.0,61.0,116.0
712.0,214.0,61.0,116.0
714.0,216.0,60.0,113.0
715.0,217.0,60.0,113.0
715.0,216.0,61.0,115.0
716.0,215.0,61.0,115.0
716.0,216.0,60.0,113.0
717.0,218.0,60.0,113.0
718.0,219.0,59.0,112.0
718.0,220.0,58.0,110.0
719.0,221.0,58.0,110.0
719.0,222.0,58.0,110.0
719.0,224.0,58.0,110.0
719.0,226.0,58.0,110.0
718.0,227.0,58.0,110.0
718.0,227.0,58.0,110.0
718.0,228.0,57.0,108.0
718.0,229.0,57.0,108.0
716.0,229.0,58.0,110.0
716.0,229.0,58.0,110.0
716.0,228.0,59.0,112.0
716.0,230.0,58.0,110.0
715.0,230.0,58.0,110.0
716.0,231.0,57.0,108.0
716.0,232.0,57.0,108.0
717.0,232.0,57.0,108.0
717.0,233.0,57.0,108.0
718.0,234.0,57.0,108.0
718.0,235.0,57.0,108.0
718.0,236.0,57.0,108.0
719.0,237.0,56.0,107.0
719.0,237.0,56.0,107.0
720.0,238.0,56.0,107.0
721.0,239.0,56.0,107.0
723.0,240.0,55.0,106.0
725.0,242.0,55.0,104.0
724.0,240.0,55.0,106.0
723.0,240.0,55.0,106.0
724.0,239.0,56.0,107.0
724.0,239.0,57.0,108.0
725.0,240.0,57.0,108.0
725.0,239.0,58.0,110.0
727.0,241.0,58.0,110.0
729.0,241.0,57.0,108.0
729.0,242.0,57.0,108.0
730.0,243.0,57.0,108.0
731.0,244.0,57.0,108.0
731.0,246.0,57.0,108.0
731.0,246.0,57.0,108.0
732.0,247.0,57.0,108.0
731.0,246.0,57.0,108.0
732.0,247.0,57.0,108.0
732.0,248.0,57.0,108.0
734.0,247.0,57.0,108.0
734.0,248.0,57.0,108.0
733.0,248.0,58.0,110.0
734.0,248.0,58.0,110.0
736.0,248.0,58.0,110.0
737.0,250.0,58.0,110.0
737.0,251.0,58.0,110.0
737.0,251.0,59.0,112.0
738.0,251.0,60.0,113.0
739.0,251.0,61.0,115.0
738.0,250.0,61.0,116.0
738.0,252.0,61.0,115.0
740.0,253.0,61.0,115.0
741.0,253.0,61.0,115.0
743.0,254.0,61.0,115.0
744.0,253.0,61.0,116.0
745.0,255.0,61.0,116.0
747.0,257.0,60.0,114.0
748.0,259.0,60.0,115.0
749.0,259.0,60.0,115.0
749.0,259.0,60.0,115.0
750.0,260.0,61.0,117.0
750.0,260.0,61.0,117.0
752.0,261.0,60.0,115.0
753.0,263.0,60.0,114.0
753.0,263.0,58.0,112.0
754.0,264.0,58.0,112.0
755.0,265.0,57.0,110.0
755.0,266.0,57.0,110.0
756.0,267.0,58.0,112.0
756.0,267.0,58.0,112.0
757.0,270.0,57.0,110.0
758.0,271.0,57.0,110.0
758.0,273.0,57.0,110.0
758.0,274.0,56.0,109.0
759.0,276.0,56.0,109.0
759.0,276.0,57.0,110.0
760.0,277.0,57.0,110.0
761.0,278.0,57.0,110.0
762.0,279.0,57.0,110.0
764.0,281.0,56.0,109.0
764.0,282.0,56.0,109.0
765.0,284.0,56.0,109.0
765.0,285.0,56.0,109.0
766.0,286.0,56.0,109.0
767.0,286.0,56.0,109.0
767.0,288.0,56.0,109.0
767.0,290.0,56.0,109.0
768.0,292.0,56.0,109.0
768.0,293.0,56.0,109.0
768.0,294.0,56.0,109.0
768.0,296.0,56.0,109.0
769.0,296.0,56.0,109.0
770.0,296.0,56.0,109.0
771.0,298.0,56.0,108.0
772.0,300.0,56.0,108.0
772.0,302.0,56.0,108.0
772.0,302.0,56.0,108.0
773.0,305.0,56.0,108.0
773.0,306.0,56.0,108.0
774.0,308.0,55.0,106.0
775.0,310.0,55.0,106.0
774.0,312.0,55.0,106.0
774.0,313.0,55.0,106.0
774.0,314.0,55.0,106.0
774.0,315.0,55.0,106.0
775.0,315.0,55.0,106.0
775.0,317.0,55.0,106.0
775.0,318.0,55.0,106.0
775.0,320.0,55.0,106.0
775.0,320.0,55.0,106.0
774.0,323.0,55.0,106.0
774.0,324.0,55.0,106.0
773.0,326.0,55.0,106.0
770.0,328.0,56.0,108.0
770.0,330.0,55.0,106.0
770.0,332.0,55.0,106.0
769.0,336.0,55.0,106.0
770.0,337.0,55.0,106.0
769.0,339.0,55.0,106.0
769.0,340.0,55.0,106.0
768.0,341.0,55.0,106.0
767.0,343.0,55.0,106.0
765.0,343.0,56.0,108.0
764.0,343.0,56.0,109.0
761.0,345.0,56.0,109.0
759.0,345.0,56.0,109.0
756.0,347.0,56.0,109.0
756.0,347.0,56.0,108.0
754.0,349.0,56.0,108.0
753.0,348.0,56.0,108.0
753.0,347.0,56.0,108.0
752.0,346.0,56.0,108.0
752.0,346.0,56.0,108.0
750.0,346.0,56.0,108.0
747.0,343.0,56.0,108.0
745.0,341.0,56.0,108.0
744.0,341.0,56.0,108.0
742.0,340.0,56.0,109.0
741.0,340.0,56.0,109.0
738.0,342.0,56.0,109.0
736.0,344.0,56.0,109.0
734.0,344.0,57.0,110.0
733.0,345.0,57.0,110.0
732.0,345.0,57.0,110.0
731.0,346.0,57.0,110.0
728.0,349.0,57.0,110.0
726.0,348.0,57.0,110.0
724.0,350.0,57.0,110.0
722.0,350.0,56.0,109.0
720.0,351.0,56.0,109.0
719.0,351.0,56.0,109.0
716.0,351.0,56.0,109.0
713.0,352.0,56.0,109.0
711.0,353.0,56.0,109.0
708.0,354.0,56.0,109.0
707.0,353.0,56.0,109.0
704.0,352.0,56.0,109.0
701.0,355.0,56.0,109.0
697.0,357.0,57.0,110.0
694.0,359.0,57.0,110.0
692.0,359.0,57.0,110.0
689.0,360.0,57.0,110.0
687.0,360.0,57.0,110.0
685.0,360.0,57.0,110.0
683.0,360.0,57.0,110.0
682.0,360.0,57.0,110.0
678.0,359.0,57.0,110.0
675.0,358.0,58.0,112.0
672.0,358.0,58.0,112.0
670.0,359.0,58.0,112.0
666.0,360.0,58.0,112.0
663.0,362.0,58.0,112.0
659.0,365.0,57.0,110.0
655.0,366.0,57.0,110.0
650.0,367.0,57.0,110.0
647.0,367.0,57.0,110.0
645.0,367.0,57.0,110.0
642.0,368.0,57.0,110.0
638.0,369.0,58.0,112.0
633.0,369.0,58.0,112.0
629.0,371.0,58.0,112.0
625.0,372.0,58.0,112.0
623.0,373.0,58.0,112.0
620.0,373.0,58.0,112.0
616.0,374.0,58.0,112.0
612.0,374.0,58.0,112.0
609.0,376.0,57.0,110.0
605.0,377.0,58.0,112.0
601.0,379.0,58.0,112.0
597.0,379.0,58.0,112.0
593.0,380.0,58.0,112.0
590.0,381.0,58.0,112.0
587.0,381.0,60.0,114.0
584.0,382.0,60.0,114.0
581.0,382.0,60.0,114.0
579.0,384.0,60.0,114.0
576.0,384.0,60.0,114.0
573.0,384.0,60.0,114.0
569.0,384.0,60.0,115.0
567.0,384.0,60.0,115.0
563.0,385.0,60.0,115.0
560.0,385.0,60.0,115.0
558.0,385.0,60.0,115.0
555.0,385.0,60.0,115.0
552.0,386.0,60.0,115.0
548.0,388.0,60.0,115.0
545.0,388.0,60.0,115.0
542.0,391.0,60.0,114.0
539.0,391.0,60.0,114.0
536.0,391.0,60.0,115.0
533.0,393.0,60.0,115.0
529.0,393.0,60.0,115.0
525.0,393.0,60.0,115.0
522.0,394.0,60.0,115.0
520.0,395.0,60.0,114.0
518.0,395.0,60.0,114.0
516.0,395.0,60.0,114.0
513.0,396.0,58.0,112.0
510.0,396.0,58.0,112.0
506.0,397.0,58.0,112.0
504.0,396.0,57.0,110.0
502.0,397.0,57.0,110.0
500.0,396.0,58.0,112.0
498.0,396.0,58.0,112.0
495.0,396.0,58.0,112.0
492.0,395.0,60.0,114.0
491.0,395.0,60.0,114.0
491.0,395.0,60.0,114.0
490.0,394.0,60.0,114.0
489.0,394.0,60.0,114.0
488.0,393.0,60.0,115.0
488.0,393.0,60.0,115.0
488.0,392.0,60.0,115.0
488.0,392.0,60.0,115.0
488.0,391.0,60.0,115.0
488.0,390.0,60.0,115.0
488.0,390.0,60.0,115.0
489.0,390.0,60.0,115.0
488.0,389.0,60.0,114.0
489.0,389.0,60.0,114.0
489.0,388.0,58.0,112.0
489.0,387.0,58.0,112.0
489.0,386.0,58.0,112.0
489.0,385.0,58.0,112.0
489.0,384.0,58.0,112.0
489.0,383.0,60.0,114.0
490.0,382.0,58.0,112.0
491.0,380.0,58.0,112.0
492.0,378.0,60.0,114.0
492.0,376.0,60.0,114.0
492.0,375.0,60.0,114.0
493.0,375.0,58.0,112.0
493.0,373.0,60.0,114.0
492.0,373.0,60.0,114.0
493.0,372.0,60.0,114.0
493.0,371.0,60.0,114.0
494.0,370.0,60.0,114.0
494.0,369.0,60.0,114.0
494.0,366.0,60.0,114.0
494.0,364.0,60.0,115.0
495.0,362.0,60.0,115.0
497.0,359.0,60.0,115.0
496.0,357.0,61.0,117.0
496.0,355.0,62.0,118.0
498.0,354.0,60.0,115.0
499.0,353.0,60.0,115.0
500.0,352.0,60.0,115.0
500.0,351.0,60.0,115.0
501.0,349.0,60.0,115.0
501.0,348.0,60.0,115.0
501.0,347.0,60.0,115.0
503.0,345.0,60.0,115.0
504.0,344.0,60.0,114.0
504.0,343.0,58.0,112.0
505.0,343.0,58.0,112.0
507.0,342.0,57.0,110.0
507.0,342.0,57.0,110.0
507.0,340.0,57.0,110.0
507.0,338.0,57.0,110.0
507.0,337.0,57.0,110.0
508.0,334.0,58.0,112.0
509.0,333.0,58.0,112.0
509.0,333.0,58.0,112.0
510.0,332.0,58.0,112.0
510.0,329.0,60.0,114.0
511.0,328.0,60.0,114.0
512.0,327.0,60.0,114.0
513.0,327.0,60.0,114.0
513.0,326.0,60.0,115.0
515.0,326.0,60.0,115.0
515.0,325.0,60.0,115.0
516.0,325.0,60.0,115.0
517.0,324.0,60.0,115.0
519.0,321.0,60.0,115.0
520.0,319.0,60.0,115.0
522.0,319.0,60.0,115.0
523.0,318.0,60.0,115.0
524.0,318.0,60.0,115.0
526.0,317.0,60.0,114.0
529.0,316.0,58.0,112.0
532.0,315.0,58.0,112.0
534.0,316.0,58.0,112.0
535.0,316.0,58.0,112.0
536.0,317.0,57.0,110.0
537.0,317.0,57.0,110.0
537.0,318.0,57.0,110.0
538.0,318.0,57.0,110.0
538.0,318.0,57.0,110.0
538.0,318.0,57.0,110.0
539.0,319.0,56.0,109.0
538.0,319.0,56.0,109.0
538.0,319.0,56.0,109.0
539.0,319.0,56.0,109.0
539.0,320.0,56.0,109.0
539.0,320.0,56.0,109.0
539.0,319.0,56.0,109.0
540.0,318.0,56.0,109.0
541.0,318.0,56.0,109.0
542.0,318.0,56.0,108.0
542.0,318.0,56.0,108.0
542.0,318.0,56.0,108.0
541.0,318.0,56.0,108.0
540.0,316.0,56.0,108.0
540.0,317.0,56.0,108.0
538.0,316.0,56.0,108.0
539.0,315.0,56.0,109.0
539.0,316.0,56.0,109.0
540.0,317.0,56.0,109.0
540.0,316.0,56.0,109.0
539.0,317.0,56.0,109.0
539.0,316.0,56.0,109.0
539.0,315.0,56.0,109.0
540.0,315.0,56.0,109.0
540.0,314.0,56.0,109.0
540.0,313.0,56.0,109.0
541.0,312.0,56.0,109.0
541.0,313.0,56.0,108.0
541.0,314.0,56.0,108.0
541.0,314.0,55.0,106.0
541.0,315.0,56.0,108.0
541.0,315.0,55.0,106.0
541.0,315.0,55.0,106.0
541.0,315.0,55.0,106.0
541.0,315.0,55.0,106.0
541.0,315.0,56.0,108.0
540.0,314.0,56.0,108.0
541.0,314.0,56.0,108.0
540.0,313.0,56.0,108.0
541.0,314.0,56.0,108.0
541.0,313.0,56.0,109.0
542.0,313.0,57.0,110.0
543.0,312.0,57.0,110.0
544.0,312.0,57.0,110.0
544.0,312.0,57.0,110.0
545.0,312.0,56.0,109.0
545.0,312.0,56.0,109.0
545.0,312.0,56.0,109.0
545.0,312.0,56.0,109.0
545.0,312.0,56.0,109.0
546.0,312.0,56.0,109.0
546.0,312.0,57.0,110.0
546.0,310.0,58.0,112.0
546.0,309.0,60.0,114.0
546.0,307.0,60.0,114.0
546.0,309.0,60.0,114.0
546.0,309.0,60.0,114.0
546.0,310.0,60.0,114.0
546.0,310.0,60.0,114.0
546.0,311.0,58.0,112.0
546.0,311.0,58.0,112.0
546.0,311.0,58.0,112.0
547.0,311.0,57.0,110.0
547.0,311.0,57.0,110.0
547.0,312.0,56.0,109.0
547.0,312.0,56.0,108.0
548.0,312.0,56.0,108.0
547.0,312.0,56.0,108.0
547.0,312.0,56.0,108.0
546.0,312.0,56.0,108.0
546.0,313.0,56.0,108.0
546.0,313.0,56.0,108.0
546.0,314.0,55.0,106.0
545.0,314.0,56.0,108.0
545.0,314.0,55.0,106.0
543.0,315.0,55.0,106.0
541.0,313.0,56.0,108.0
539.0,312.0,56.0,108.0
538.0,311.0,56.0,108.0
538.0,311.0,56.0,108.0
537.0,310.0,56.0,108.0
536.0,311.0,56.0,108.0
536.0,311.0,56.0,108.0
536.0,311.0,55.0,106.0
535.0,311.0,56.0,108.0
535.0,310.0,56.0,108.0
535.0,310.0,56.0,109.0
534.0,310.0,56.0,109.0
534.0,310.0,56.0,109.0
533.0,310.0,56.0,109.0
532.0,310.0,56.0,109.0
531.0,310.0,56.0,109.0
532.0,310.0,57.0,110.0
532.0,311.0,57.0,110.0
532.0,311.0,57.0,110.0
533.0,310.0,57.0,110.0
536.0,310.0,57.0,110.0
535.0,310.0,57.0,110.0
536.0,311.0,56.0,109.0
537.0,311.0,56.0,109.0
537.0,312.0,56.0,109.0
538.0,314.0,56.0,108.0
539.0,315.0,55.0,106.0
542.0,316.0,55.0,106.0
543.0,318.0,54.0,104.0
543.0,319.0,54.0,104.0
543.0,319.0,54.0,104.0
544.0,319.0,54.0,104.0
543.0,320.0,54.0,104.0
544.0,320.0,54.0,104.0
544.0,321.0,54.0,104.0
544.0,321.0,54.0,104.0
544.0,321.0,54.0,104.0
544.0,321.0,54.0,104.0
544.0,321.0,54.0,104.0
544.0,323.0,53.0,103.0
544.0,323.0,52.0,102.0
544.0,324.0,51.0,100.0
543.0,324.0,51.0,100.0
542.0,326.0,51.0,100.0
540.0,327.0,52.0,102.0
540.0,327.0,52.0,102.0
539.0,326.0,53.0,103.0
538.0,326.0,52.0,102.0
538.0,326.0,54.0,104.0
537.0,325.0,54.0,104.0
537.0,325.0,55.0,106.0
537.0,325.0,55.0,106.0
537.0,325.0,55.0,106.0
537.0,325.0,55.0,106.0
