477.0,227.0,59.0,101.0
476.0,227.0,59.0,101.0
475.0,226.0,60.0,102.0
474.0,226.0,60.0,102.0
473.0,226.0,60.0,103.0
472.0,226.0,59.0,104.0
472.0,228.0,59.0,103.0
472.0,228.0,57.0,102.0
469.0,228.0,58.0,103.0
470.0,230.0,58.0,102.0
469.0,231.0,58.0,102.0
468.0,234.0,56.0,99.0
468.0,233.0,56.0,99.0
467.0,235.0,54.0,97.0
465.0,234.0,56.0,99.0
464.0,236.0,55.0,97.0
463.0,237.0,55.0,97.0
460.0,237.0,57.0,99.0
458.0,237.0,57.0,99.0
456.0,238.0,57.0,98.0
454.0,238.0,57.0,98.0
453.0,242.0,56.0,94.0
453.0,242.0,54.0,93.0
452.0,242.0,54.0,94.0
450.0,241.0,54.0,95.0
448.0,240.0,55.0,96.0
444.0,240.0,56.0,96.0
440.0,239.0,57.0,98.0
439.0,239.0,57.0,97.0
436.0,239.0,57.0,97.0
435.0,239.0,57.0,96.0
432.0,239.0,59.0,97.0
431.0,239.0,59.0,98.0
425.0,237.0,60.0,99.0
424.0,237.0,61.0,101.0
420.0,235.0,60.0,101.0
420.0,235.0,60.0,102.0
415.0,233.0,60.0,102.0
413.0,233.0,61.0,103.0
410.0,231.0,61.0,103.0
407.0,234.0,61.0,103.0
404.0,229.0,61.0,103.0
401.0,230.0,61.0,104.0
396.0,229.0,61.0,104.0
394.0,229.0,64.0,107.0
392.0,229.0,64.0,107.0
388.0,229.0,64.0,107.0
388.0,231.0,63.0,106.0
385.0,230.0,63.0,106.0
383.0,231.0,64.0,107.0
379.0,230.0,65.0,108.0
377.0,230.0,65.0,108.0
373.0,230.0,65.0,108.0
370.0,231.0,65.0,108.0
367.0,231.0,65.0,108.0
364.0,232.0,65.0,108.0
361.0,231.0,65.0,108.0
357.0,231.0,65.0,108.0
357.0,231.0,64.0,107.0
354.0,231.0,64.0,107.0
352.0,231.0,64.0,107.0
350.0,231.0,64.0,107.0
347.0,231.0,63.0,107.0
347.0,231.0,61.0,106.0
344.0,233.0,62.0,105.0
340.0,232.0,61.0,102.0
338.0,233.0,61.0,101.0
335.0,233.0,61.0,102.0
333.0,233.0,61.0,102.0
331.0,232.0,61.0,103.0
329.0,233.0,61.0,102.0
325.0,232.0,61.0,102.0
323.0,234.0,61.0,103.0
319.0,231.0,61.0,103.0
316.0,232.0,61.0,104.0
312.0,229.0,63.0,106.0
310.0,229.0,64.0,107.0
306.0,228.0,66.0,111.0
303.0,227.0,66.0,112.0
300.0,228.0,68.0,112.0
296.0,228.0,71.0,113.0
295.0,229.0,71.0,113.0
292.0,229.0,73.0,115.0
289.0,230.0,73.0,115.0
287.0,231.0,71.0,113.0
285.0,232.0,69.0,112.0
282.0,233.0,68.0,112.0
279.0,234.0,66.0,111.0
277.0,234.0,66.0,111.0
274.0,235.0,66.0,111.0
271.0,235.0,66.0,111.0
268.0,235.0,67.0,112.0
264.0,235.0,69.0,113.0
261.0,234.0,70.0,115.0
259.0,235.0,69.0,113.0
257.0,234.0,70.0,113.0
255.0,234.0,70.0,113.0
253.0,235.0,68.0,112.0
249.0,235.0,67.0,112.0
247.0,236.0,66.0,111.0
244.0,236.0,66.0,111.0
240.0,237.0,66.0,111.0
239.0,237.0,66.0,111.0
239.0,237.0,66.0,111.0
239.0,236.0,66.0,111.0
240.0,235.0,66.0,111.0
243.0,233.0,66.0,111.0
245.0,231.0,66.0,111.0
251.0,229.0,66.0,112.0
255.0,225.0,68.0,113.0
260.0,221.0,69.0,115.0
267.0,218.0,69.0,115.0
276.0,215.0,69.0,115.0
283.0,211.0,70.0,117.0
292.0,209.0,69.0,115.0
301.0,205.0,69.0,115.0
311.0,201.0,70.0,117.0
322.0,199.0,69.0,115.0
330.0,195.0,70.0,117.0
339.0,192.0,70.0,117.0
349.0,188.0,70.0,117.0
358.0,185.0,70.0,117.0
367.0,183.0,70.0,117.0
377.0,181.0,70.0,117.0
387.0,179.0,69.0,115.0
396.0,176.0,69.0,115.0
404.0,174.0,69.0,115.0
411.0,173.0,69.0,115.0
417.0,171.0,70.0,117.0
423.0,169.0,70.0,117.0
430.0,168.0,70.0,117.0
434.0,164.0,70.0,117.0
439.0,163.0,70.0,117.0
441.0,161.0,70.0,117.0
444.0,160.0,69.0,115.0
447.0,159.0,69.0,115.0
450.0,158.0,69.0,115.0
451.0,158.0,68.0,113.0
453.0,156.0,69.0,115.0
454.0,156.0,70.0,114.0
453.0,155.0,71.0,114.0
452.0,154.0,72.0,114.0
452.0,152.0,72.0,117.0
451.0,149.0,74.0,120.0
452.0,147.0,74.0,122.0
451.0,146.0,75.0,123.0
450.0,145.0,74.0,122.0
449.0,144.0,74.0,122.0
447.0,143.0,74.0,122.0
447.0,142.0,72.0,120.0
446.0,141.0,72.0,120.0
445.0,141.0,71.0,118.0
444.0,141.0,71.0,118.0
444.0,141.0,71.0,118.0
442.0,141.0,70.0,115.0
443.0,140.0,70.0,114.0
442.0,141.0,69.0,111.0
443.0,140.0,69.0,111.0
440.0,139.0,69.0,111.0
439.0,139.0,69.0,112.0
437.0,139.0,69.0,112.0
437.0,137.0,69.0,114.0
436.0,136.0,69.0,115.0
434.0,135.0,70.0,117.0
433.0,134.0,71.0,118.0
433.0,133.0,71.0,118.0
431.0,133.0,72.0,120.0
432.0,134.0,70.0,117.0
430.0,135.0,70.0,117.0
431.0,135.0,70.0,117.0
430.0,136.0,70.0,117.0
429.0,136.0,70.0,117.0
428.0,136.0,70.0,117.0
426.0,134.0,70.0,117.0
424.0,132.0,70.0,117.0
162.0,52.0,14.0,33.0
419.0,136.0,58.0,110.0
417.0,135.0,59.0,112.0
415.0,135.0,60.0,112.0
415.0,135.0,61.0,114.0
415.0,136.0,61.0,114.0
415.0,137.0,61.0,114.0
413.0,138.0,61.0,116.0
416.0,138.0,63.0,118.0
416.0,140.0,61.0,115.0
415.0,140.0,61.0,115.0
414.0,142.0,60.0,113.0
415.0,144.0,58.0,110.0
414.0,147.0,57.0,108.0
414.0,148.0,58.0,110.0
416.0,148.0,58.0,110.0
418.0,150.0,57.0,108.0
417.0,150.0,57.0,110.0
418.0,150.0,57.0,108.0
423.0,151.0,54.0,105.0
424.0,152.0,53.0,102.0
427.0,153.0,52.0,100.0
427.0,153.0,50.0,97.0
428.0,151.0,52.0,100.0
429.0,151.0,53.0,102.0
430.0,152.0,53.0,102.0
433.0,152.0,53.0,102.0
435.0,153.0,53.0,102.0
438.0,153.0,52.0,101.0
439.0,155.0,51.0,98.0
442.0,156.0,49.0,96.0
445.0,157.0,49.0,95.0
450.0,158.0,48.0,94.0
453.0,159.0,47.0,92.0
457.0,158.0,47.0,92.0
461.0,159.0,47.0,91.0
462.0,158.0,47.0,92.0
467.0,158.0,47.0,92.0
470.0,158.0,47.0,92.0
474.0,159.0,47.0,91.0
478.0,159.0,47.0,92.0
480.0,159.0,49.0,95.0
483.0,160.0,48.0,94.0
486.0,161.0,48.0,94.0
488.0,163.0,47.0,91.0
490.0,164.0,46.0,90.0
490.0,163.0,47.0,92.0
491.0,164.0,47.0,91.0
493.0,165.0,46.0,90.0
492.0,166.0,46.0,90.0
493.0,167.0,45.0,89.0
491.0,168.0,45.0,89.0
491.0,170.0,44.0,87.0
492.0,171.0,44.0,87.0
491.0,171.0,45.0,89.0
490.0,173.0,44.0,87.0
490.0,174.0,44.0,87.0
489.0,175.0,44.0,87.0
486.0,178.0,44.0,87.0
485.0,178.0,44.0,87.0
485.0,181.0,44.0,87.0
482.0,183.0,43.0,86.0
481.0,184.0,43.0,86.0
480.0,186.0,43.0,86.0
478.0,188.0,43.0,86.0
477.0,190.0,43.0,86.0
476.0,192.0,43.0,86.0
474.0,193.0,44.0,87.0
473.0,194.0,44.0,87.0
473.0,196.0,44.0,87.0
472.0,198.0,44.0,87.0
473.0,199.0,44.0,87.0
473.0,199.0,44.0,87.0
474.0,202.0,44.0,87.0
474.0,203.0,44.0,87.0
476.0,204.0,44.0,87.0
477.0,206.0,44.0,87.0
481.0,207.0,44.0,87.0
483.0,208.0,45.0,89.0
486.0,209.0,45.0,89.0
144.0,75.0,13.0,33.0
376.0,185.0,65.0,121.0
378.0,184.0,67.0,122.0
382.0,186.0,65.0,121.0
387.0,187.0,64.0,119.0
390.0,188.0,64.0,119.0
392.0,186.0,67.0,122.0
397.0,188.0,67.0,125.0
402.0,189.0,69.0,126.0
406.0,187.0,70.0,128.0
409.0,186.0,72.0,132.0
412.0,186.0,73.0,134.0
416.0,184.0,74.0,136.0
419.0,185.0,74.0,136.0
423.0,189.0,72.0,132.0
426.0,191.0,71.0,130.0
432.0,195.0,69.0,129.0
434.0,196.0,69.0,131.0
436.0,196.0,71.0,134.0
437.0,197.0,71.0,133.0
439.0,199.0,69.0,129.0
441.0,200.0,71.0,130.0
441.0,200.0,72.0,132.0
442.0,203.0,69.0,128.0
444.0,206.0,68.0,126.0
445.0,209.0,67.0,125.0
446.0,210.0,68.0,126.0
447.0,212.0,68.0,126.0
449.0,214.0,68.0,126.0
450.0,216.0,67.0,125.0
451.0,217.0,68.0,126.0
451.0,218.0,69.0,128.0
453.0,218.0,71.0,130.0
453.0,220.0,71.0,130.0
454.0,221.0,71.0,130.0
454.0,224.0,71.0,130.0
456.0,225.0,71.0,130.0
459.0,229.0,68.0,126.0
462.0,228.0,69.0,128.0
464.0,231.0,68.0,126.0
467.0,233.0,68.0,126.0
469.0,235.0,68.0,126.0
472.0,237.0,68.0,126.0
475.0,239.0,68.0,126.0
478.0,240.0,68.0,126.0
481.0,241.0,68.0,126.0
484.0,242.0,68.0,126.0
488.0,242.0,68.0,126.0
489.0,242.0,71.0,130.0
492.0,241.0,72.0,132.0
497.0,243.0,72.0,132.0
497.0,243.0,72.0,132.0
500.0,244.0,72.0,132.0
503.0,246.0,72.0,132.0
506.0,246.0,72.0,132.0
507.0,249.0,72.0,132.0
508.0,249.0,72.0,132.0
510.0,252.0,71.0,130.0
511.0,254.0,71.0,130.0
512.0,255.0,71.0,130.0
514.0,257.0,71.0,130.0
515.0,261.0,69.0,128.0
516.0,262.0,69.0,128.0
516.0,264.0,69.0,128.0
516.0,267.0,69.0,128.0
516.0,268.0,69.0,128.0
518.0,272.0,67.0,125.0
517.0,273.0,68.0,126.0
517.0,276.0,67.0,125.0
518.0,278.0,67.0,125.0
518.0,280.0,67.0,122.0
517.0,282.0,67.0,122.0
517.0,284.0,67.0,122.0
516.0,288.0,65.0,121.0
514.0,292.0,63.0,117.0
511.0,295.0,62.0,116.0
512.0,299.0,60.0,112.0
509.0,303.0,59.0,111.0
509.0,306.0,58.0,110.0
507.0,307.0,58.0,110.0
507.0,312.0,57.0,106.0
503.0,312.0,58.0,107.0
504.0,315.0,58.0,107.0
502.0,316.0,58.0,107.0
500.0,318.0,58.0,107.0
498.0,320.0,58.0,107.0
497.0,323.0,57.0,106.0
495.0,324.0,58.0,107.0
493.0,327.0,57.0,106.0
492.0,329.0,57.0,106.0
490.0,331.0,57.0,106.0
490.0,334.0,55.0,104.0
490.0,337.0,54.0,102.0
490.0,339.0,53.0,101.0
489.0,340.0,54.0,101.0
487.0,344.0,53.0,100.0
486.0,347.0,54.0,100.0
486.0,350.0,53.0,99.0
486.0,351.0,53.0,99.0
486.0,352.0,53.0,99.0
486.0,354.0,53.0,99.0
486.0,355.0,54.0,100.0
487.0,357.0,53.0,99.0
487.0,358.0,54.0,99.0
490.0,360.0,54.0,97.0
492.0,362.0,55.0,97.0
494.0,365.0,54.0,96.0
495.0,367.0,52.0,95.0
497.0,367.0,52.0,95.0
499.0,369.0,51.0,95.0
502.0,371.0,50.0,94.0
504.0,373.0,50.0,94.0
507.0,375.0,49.0,92.0
510.0,376.0,49.0,92.0
512.0,377.0,49.0,91.0
515.0,378.0,49.0,91.0
516.0,377.0,49.0,92.0
519.0,377.0,49.0,92.0
520.0,378.0,49.0,92.0
521.0,377.0,50.0,94.0
522.0,378.0,51.0,95.0
524.0,377.0,52.0,96.0
526.0,375.0,53.0,97.0
527.0,375.0,53.0,99.0
527.0,374.0,55.0,102.0
528.0,375.0,55.0,102.0
528.0,375.0,56.0,103.0
530.0,375.0,57.0,105.0
532.0,374.0,57.0,105.0
531.0,374.0,58.0,106.0
533.0,374.0,58.0,106.0
533.0,374.0,58.0,107.0
535.0,374.0,58.0,107.0
536.0,374.0,58.0,107.0
536.0,374.0,59.0,109.0
537.0,375.0,59.0,109.0
537.0,376.0,59.0,109.0
538.0,376.0,59.0,109.0
538.0,375.0,60.0,111.0
538.0,376.0,60.0,111.0
539.0,376.0,60.0,111.0
540.0,376.0,60.0,111.0
540.0,377.0,60.0,111.0
540.0,375.0,62.0,112.0
540.0,375.0,62.0,112.0
540.0,375.0,62.0,114.0
541.0,376.0,62.0,112.0
542.0,376.0,62.0,112.0
542.0,376.0,62.0,112.0
542.0,376.0,62.0,112.0
543.0,377.0,60.0,111.0
544.0,377.0,62.0,112.0
544.0,376.0,62.0,114.0
547.0,376.0,62.0,114.0
547.0,376.0,62.0,114.0
548.0,376.0,62.0,114.0
548.0,375.0,62.0,114.0
549.0,375.0,62.0,114.0
550.0,375.0,63.0,116.0
552.0,376.0,62.0,114.0
553.0,377.0,62.0,114.0
554.0,378.0,62.0,114.0
555.0,377.0,63.0,116.0
555.0,378.0,63.0,116.0
557.0,378.0,63.0,116.0
559.0,378.0,63.0,116.0
559.0,379.0,63.0,116.0
560.0,378.0,63.0,116.0
561.0,378.0,63.0,116.0
562.0,379.0,63.0,116.0
564.0,379.0,63.0,116.0
565.0,378.0,63.0,116.0
566.0,378.0,63.0,116.0
566.0,379.0,63.0,116.0
568.0,380.0,62.0,112.0
569.0,380.0,62.0,112.0
569.0,381.0,62.0,112.0
570.0,381.0,62.0,112.0
570.0,382.0,62.0,112.0
571.0,382.0,62.0,112.0
572.0,384.0,59.0,109.0
573.0,384.0,60.0,111.0
573.0,385.0,59.0,109.0
573.0,385.0,59.0,109.0
573.0,386.0,58.0,107.0
573.0,386.0,58.0,107.0
572.0,385.0,59.0,109.0
573.0,386.0,58.0,107.0
573.0,387.0,58.0,107.0
574.0,388.0,58.0,107.0
573.0,387.0,59.0,109.0
573.0,389.0,58.0,107.0
573.0,389.0,59.0,109.0
573.0,392.0,58.0,106.0
571.0,392.0,59.0,109.0
570.0,393.0,58.0,106.0
569.0,393.0,58.0,107.0
568.0,395.0,58.0,107.0
567.0,395.0,59.0,109.0
565.0,397.0,58.0,106.0
563.0,397.0,59.0,109.0
562.0,398.0,58.0,107.0
561.0,400.0,58.0,107.0
557.0,402.0,58.0,107.0
555.0,402.0,59.0,109.0
553.0,402.0,58.0,107.0
551.0,403.0,58.0,106.0
548.0,403.0,58.0,107.0
547.0,404.0,58.0,106.0
546.0,405.0,58.0,107.0
544.0,407.0,58.0,106.0
543.0,408.0,58.0,106.0
542.0,409.0,58.0,106.0
542.0,410.0,57.0,105.0
539.0,411.0,58.0,106.0
539.0,412.0,58.0,106.0
539.0,413.0,58.0,106.0
540.0,414.0,57.0,105.0
541.0,415.0,56.0,103.0
542.0,416.0,57.0,105.0
542.0,418.0,56.0,103.0
543.0,417.0,57.0,105.0
545.0,418.0,56.0,103.0
546.0,420.0,55.0,102.0
546.0,421.0,54.0,100.0
547.0,422.0,55.0,102.0
548.0,422.0,56.0,103.0
550.0,422.0,56.0,103.0
552.0,423.0,56.0,103.0
553.0,424.0,55.0,102.0
553.0,426.0,54.0,100.0
553.0,426.0,55.0,102.0
554.0,427.0,55.0,102.0
555.0,427.0,54.0,100.0
557.0,428.0,53.0,99.0
557.0,430.0,53.0,97.0
557.0,431.0,52.0,96.0
557.0,431.0,53.0,97.0
557.0,432.0,52.0,96.0
557.0,433.0,53.0,96.0
557.0,434.0,53.0,96.0
556.0,435.0,53.0,96.0
556.0,437.0,51.0,95.0
554.0,439.0,50.0,94.0
554.0,440.0,49.0,92.0
552.0,441.0,49.0,92.0
551.0,442.0,49.0,92.0
549.0,443.0,49.0,92.0
548.0,444.0,49.0,92.0
545.0,444.0,49.0,92.0
543.0,447.0,49.0,91.0
542.0,448.0,49.0,91.0
541.0,451.0,48.0,90.0
538.0,452.0,48.0,89.0
537.0,453.0,48.0,89.0
534.0,453.0,48.0,90.0
532.0,455.0,48.0,89.0
529.0,458.0,47.0,88.0
526.0,460.0,47.0,88.0
523.0,462.0,47.0,87.0
520.0,465.0,46.0,86.0
517.0,467.0,45.0,85.0
514.0,469.0,44.0,84.0
510.0,468.0,46.0,86.0
507.0,468.0,47.0,87.0
503.0,468.0,47.0,87.0
499.0,468.0,47.0,87.0
496.0,468.0,47.0,87.0
496.0,468.0,47.0,87.0
489.0,468.0,47.0,87.0
486.0,468.0,47.0,87.0
489.0,468.0,47.0,87.0
488.0,468.0,46.0,86.0
485.0,468.0,46.0,86.0
481.0,468.0,46.0,86.0
478.0,468.0,46.0,86.0
474.0,468.0,46.0,86.0
466.0,461.0,46.0,86.0
465.0,463.0,46.0,86.0
463.0,463.0,46.0,86.0
462.0,467.0,46.0,86.0
461.0,468.0,46.0,86.0
459.0,468.0,46.0,86.0
458.0,468.0,46.0,86.0
457.0,468.0,46.0,86.0
455.0,468.0,45.0,85.0
453.0,469.0,44.0,84.0
452.0,470.0,44.0,84.0
451.0,470.0,44.0,84.0
449.0,470.0,45.0,85.0
448.0,469.0,45.0,85.0
448.0,469.0,46.0,86.0
445.0,470.0,46.0,86.0
443.0,465.0,46.0,86.0
441.0,466.0,46.0,86.0
438.0,468.0,46.0,86.0
436.0,468.0,46.0,86.0
434.0,469.0,45.0,85.0
432.0,470.0,45.0,85.0
428.0,470.0,45.0,85.0
425.0,470.0,45.0,85.0
421.0,469.0,45.0,85.0
418.0,468.0,45.0,85.0
414.0,468.0,45.0,85.0
412.0,469.0,45.0,85.0
409.0,471.0,45.0,85.0
406.0,472.0,45.0,85.0
403.0,471.0,45.0,85.0
399.0,471.0,45.0,85.0
395.0,470.0,45.0,85.0
391.0,470.0,45.0,85.0
387.0,469.0,45.0,85.0
383.0,469.0,45.0,85.0
379.0,470.0,45.0,85.0
374.0,471.0,45.0,85.0
371.0,471.0,45.0,85.0
367.0,470.0,45.0,85.0
363.0,471.0,44.0,84.0
358.0,470.0,44.0,84.0
353.0,471.0,44.0,84.0
348.0,472.0,44.0,84.0
343.0,473.0,44.0,84.0
339.0,472.0,44.0,84.0
333.0,472.0,44.0,84.0
328.0,472.0,44.0,84.0
323.0,471.0,44.0,84.0
318.0,471.0,44.0,84.0
314.0,472.0,44.0,84.0
309.0,472.0,44.0,84.0
305.0,470.0,44.0,84.0
301.0,470.0,44.0,82.0
296.0,472.0,44.0,84.0
290.0,472.0,44.0,84.0
285.0,473.0,44.0,84.0
280.0,474.0,44.0,84.0
275.0,473.0,44.0,84.0
271.0,473.0,44.0,84.0
266.0,473.0,45.0,85.0
261.0,473.0,45.0,85.0
258.0,473.0,44.0,84.0
253.0,473.0,44.0,84.0
249.0,474.0,44.0,84.0
244.0,474.0,44.0,84.0
258.0,474.0,45.0,85.0
253.0,475.0,45.0,85.0
248.0,475.0,45.0,85.0
