550.0,308.0,83.0,174.0
526.0,310.0,82.0,174.0
504.0,315.0,82.0,174.0
486.0,315.0,82.0,174.0
472.0,317.0,82.0,173.0
463.0,319.0,80.0,175.0
453.0,316.0,80.0,175.0
445.0,320.0,80.0,175.0
438.0,318.0,79.0,173.0
433.0,322.0,80.0,175.0
426.0,326.0,84.0,176.0
422.0,331.0,84.0,176.0
418.0,333.0,84.0,176.0
414.0,336.0,84.0,176.0
411.0,339.0,84.0,176.0
408.0,339.0,80.0,176.0
404.0,339.0,79.0,176.0
402.0,340.0,80.0,177.0
400.0,340.0,80.0,177.0
397.0,341.0,80.0,176.0
397.0,342.0,84.0,177.0
397.0,346.0,84.0,176.0
396.0,348.0,84.0,176.0
397.0,352.0,84.0,176.0
394.0,351.0,84.0,178.0
395.0,353.0,81.0,174.0
394.0,351.0,81.0,175.0
392.0,353.0,80.0,174.0
389.0,352.0,81.0,174.0
387.0,351.0,81.0,175.0
386.0,354.0,86.0,175.0
386.0,357.0,86.0,174.0
386.0,359.0,86.0,174.0
386.0,363.0,86.0,174.0
385.0,367.0,86.0,174.0
386.0,370.0,80.0,173.0
384.0,370.0,80.0,173.0
384.0,372.0,80.0,172.0
381.0,370.0,80.0,173.0
380.0,370.0,80.0,173.0
377.0,368.0,87.0,176.0
376.0,370.0,87.0,175.0
376.0,371.0,87.0,175.0
375.0,374.0,87.0,175.0
374.0,374.0,88.0,177.0
373.0,377.0,85.0,176.0
373.0,378.0,85.0,176.0
371.0,380.0,85.0,175.0
366.0,380.0,86.0,176.0
363.0,380.0,86.0,176.0
358.0,378.0,85.0,178.0
354.0,379.0,84.0,177.0
350.0,379.0,84.0,177.0
346.0,382.0,84.0,177.0
342.0,382.0,85.0,178.0
337.0,386.0,88.0,179.0
333.0,387.0,87.0,178.0
328.0,390.0,87.0,178.0
322.0,390.0,87.0,178.0
317.0,394.0,87.0,178.0
310.0,396.0,90.0,178.0
306.0,400.0,90.0,178.0
300.0,399.0,90.0,178.0
294.0,403.0,90.0,177.0
287.0,403.0,90.0,178.0
279.0,405.0,94.0,177.0
273.0,408.0,94.0,177.0
264.0,413.0,94.0,177.0
255.0,416.0,94.0,177.0
247.0,420.0,95.0,177.0
236.0,423.0,97.0,177.0
227.0,428.0,97.0,177.0
219.0,429.0,97.0,177.0
209.0,431.0,97.0,177.0
199.0,434.0,97.0,176.0
189.0,435.0,98.0,181.0
178.0,436.0,98.0,181.0
167.0,442.0,98.0,180.0
156.0,445.0,98.0,181.0
146.0,451.0,98.0,181.0
138.0,456.0,96.0,180.0
128.0,458.0,96.0,180.0
120.0,461.0,96.0,179.0
112.0,460.0,96.0,179.0
101.0,459.0,96.0,180.0
91.0,460.0,94.0,183.0
84.0,462.0,94.0,183.0
73.0,461.0,93.0,183.0
64.0,464.0,94.0,183.0
58.0,469.0,94.0,183.0
55.0,474.0,89.0,181.0
48.0,480.0,88.0,181.0
42.0,479.0,89.0,181.0
35.0,482.0,89.0,181.0
31.0,483.0,89.0,181.0
24.0,483.0,90.0,180.0
16.0,484.0,90.0,179.0
8.0,484.0,90.0,179.0
2.0,485.0,90.0,179.0
-0.0,489.0,86.0,178.0
-0.0,490.0,81.0,176.0
0.0,493.0,76.0,176.0
-0.0,492.0,72.0,177.0
-0.0,492.0,67.0,175.0
-0.0,488.0,66.0,177.0
-0.0,485.0,62.0,176.0
-0.0,484.0,60.0,175.0
-0.0,482.0,57.0,175.0
-0.0,480.0,53.0,175.0
-0.0,481.0,50.0,173.0
-0.0,482.0,48.0,174.0
-0.0,485.0,46.0,173.0
-0.0,484.0,42.0,173.0
-0.0,484.0,42.0,172.0
-0.0,484.0,40.0,171.0
-0.0,485.0,38.0,170.0
0.0,489.0,39.0,169.0
-0.0,493.0,41.0,168.0
-0.0,493.0,43.0,167.0
0.0,492.0,43.0,167.0
0.0,491.0,45.0,169.0
-0.0,491.0,45.0,167.0
-0.0,490.0,47.0,167.0
-0.0,490.0,47.0,167.0
-0.0,488.0,46.0,167.0
-0.0,485.0,47.0,169.0
0.0,479.0,47.0,170.0
-0.0,476.0,49.0,172.0
0.0,476.0,51.0,172.0
-0.0,476.0,53.0,173.0
-0.0,475.0,57.0,175.0
-0.0,474.0,61.0,177.0
-0.0,474.0,65.0,178.0
0.0,478.0,71.0,177.0
1.0,481.0,75.0,176.0
0.0,483.0,81.0,176.0
1.0,482.0,84.0,175.0
3.0,480.0,87.0,176.0
8.0,478.0,88.0,176.0
11.0,477.0,88.0,176.0
17.0,476.0,88.0,176.0
23.0,477.0,88.0,176.0
29.0,477.0,89.0,177.0
36.0,480.0,87.0,175.0
40.0,480.0,88.0,176.0
46.0,481.0,88.0,176.0
51.0,479.0,88.0,176.0
57.0,478.0,89.0,177.0
63.0,474.0,87.0,175.0
70.0,471.0,89.0,179.0
80.0,468.0,89.0,179.0
90.0,465.0,89.0,179.0
100.0,462.0,89.0,180.0
113.0,462.0,89.0,178.0
127.0,459.0,86.0,181.0
141.0,458.0,86.0,181.0
156.0,458.0,86.0,181.0
170.0,458.0,86.0,181.0
182.0,456.0,86.0,180.0
193.0,454.0,86.0,179.0
202.0,451.0,86.0,179.0
210.0,449.0,86.0,179.0
216.0,445.0,86.0,179.0
223.0,444.0,86.0,178.0
231.0,443.0,85.0,179.0
237.0,443.0,86.0,179.0
243.0,441.0,85.0,178.0
250.0,441.0,85.0,178.0
254.0,438.0,86.0,179.0
260.0,433.0,84.0,179.0
266.0,429.0,84.0,179.0
274.0,425.0,84.0,179.0
282.0,420.0,84.0,180.0
290.0,419.0,84.0,179.0
300.0,419.0,81.0,182.0
309.0,419.0,81.0,182.0
317.0,418.0,82.0,183.0
324.0,418.0,81.0,182.0
333.0,417.0,81.0,181.0
343.0,413.0,79.0,179.0
349.0,410.0,79.0,180.0
357.0,407.0,79.0,178.0
363.0,405.0,79.0,180.0
369.0,403.0,79.0,178.0
377.0,400.0,81.0,180.0
386.0,401.0,81.0,181.0
393.0,399.0,81.0,181.0
401.0,398.0,81.0,182.0
409.0,395.0,81.0,181.0
419.0,393.0,81.0,179.0
431.0,388.0,81.0,179.0
440.0,385.0,81.0,179.0
452.0,381.0,81.0,179.0
464.0,376.0,81.0,179.0
476.0,375.0,79.0,180.0
489.0,374.0,79.0,180.0
499.0,374.0,79.0,180.0
511.0,376.0,79.0,179.0
523.0,373.0,79.0,178.0
534.0,371.0,81.0,176.0
545.0,366.0,81.0,176.0
557.0,362.0,81.0,177.0
569.0,361.0,81.0,176.0
579.0,357.0,81.0,176.0
592.0,353.0,81.0,178.0
602.0,352.0,81.0,178.0
612.0,353.0,81.0,177.0
621.0,352.0,81.0,178.0
631.0,347.0,81.0,179.0
643.0,348.0,81.0,173.0
654.0,346.0,81.0,173.0
664.0,342.0,81.0,172.0
676.0,339.0,82.0,174.0
687.0,336.0,81.0,172.0
693.0,334.0,84.0,174.0
703.0,332.0,84.0,174.0
714.0,331.0,84.0,174.0
723.0,334.0,84.0,173.0
734.0,332.0,84.0,174.0
744.0,333.0,83.0,169.0
754.0,331.0,83.0,169.0
764.0,331.0,83.0,169.0
773.0,329.0,83.0,169.0
784.0,326.0,82.0,168.0
794.0,324.0,83.0,172.0
804.0,322.0,83.0,172.0
813.0,321.0,83.0,171.0
824.0,324.0,83.0,172.0
832.0,323.0,83.0,171.0
844.0,325.0,80.0,168.0
852.0,325.0,81.0,168.0
860.0,324.0,81.0,169.0
870.0,323.0,80.0,168.0
878.0,324.0,80.0,168.0
885.0,322.0,84.0,168.0
892.0,322.0,84.0,168.0
900.0,322.0,84.0,169.0
909.0,325.0,84.0,168.0
918.0,327.0,83.0,167.0
925.0,329.0,82.0,167.0
933.0,329.0,82.0,167.0
941.0,332.0,82.0,167.0
948.0,331.0,82.0,167.0
955.0,332.0,82.0,167.0
963.0,333.0,80.0,168.0
968.0,333.0,80.0,168.0
974.0,333.0,80.0,168.0
981.0,336.0,80.0,168.0
988.0,335.0,80.0,168.0
995.0,340.0,80.0,167.0
1001.0,341.0,80.0,167.0
1008.0,344.0,80.0,167.0
1013.0,343.0,80.0,167.0
1019.0,345.0,80.0,167.0
1024.0,345.0,79.0,169.0
1028.0,345.0,79.0,169.0
1034.0,346.0,79.0,169.0
1039.0,348.0,79.0,169.0
1042.0,348.0,79.0,169.0
1048.0,352.0,81.0,169.0
1054.0,353.0,81.0,169.0
1058.0,357.0,81.0,169.0
1064.0,357.0,81.0,170.0
1067.0,358.0,81.0,169.0
1074.0,360.0,79.0,167.0
1079.0,362.0,79.0,168.0
1082.0,362.0,80.0,168.0
1089.0,366.0,79.0,168.0
1092.0,366.0,79.0,167.0
1096.0,368.0,82.0,171.0
1101.0,372.0,82.0,171.0
1106.0,376.0,82.0,172.0
1110.0,377.0,82.0,172.0
1114.0,380.0,82.0,171.0
1122.0,381.0,80.0,169.0
1126.0,383.0,80.0,169.0
1129.0,382.0,80.0,169.0
1134.0,386.0,80.0,169.0
1136.0,387.0,81.0,170.0
1140.0,390.0,81.0,172.0
1144.0,391.0,80.0,171.0
1147.0,394.0,81.0,172.0
1150.0,397.0,81.0,172.0
1154.0,401.0,81.0,172.0
1158.0,403.0,78.0,171.0
1161.0,406.0,78.0,170.0
1163.0,407.0,78.0,171.0
1167.0,408.0,78.0,170.0
1170.0,409.0,78.0,170.0
1170.0,409.0,80.0,174.0
1172.0,410.0,80.0,173.0
1174.0,413.0,80.0,175.0
1178.0,415.0,80.0,173.0
1177.0,417.0,80.0,174.0
1178.0,420.0,82.0,175.0
1178.0,422.0,82.0,175.0
1180.0,425.0,81.0,174.0
1180.0,428.0,81.0,174.0
1180.0,427.0,81.0,174.0
1180.0,429.0,81.0,173.0
1180.0,430.0,81.0,172.0
1178.0,433.0,81.0,173.0
1178.0,434.0,81.0,173.0
1176.0,436.0,81.0,172.0
1173.0,437.0,83.0,176.0
1171.0,440.0,83.0,175.0
1168.0,443.0,83.0,176.0
1166.0,444.0,83.0,176.0
1163.0,447.0,83.0,176.0
1160.0,450.0,84.0,176.0
1156.0,452.0,83.0,175.0
1154.0,453.0,84.0,176.0
1150.0,455.0,83.0,175.0
1147.0,456.0,84.0,176.0
1144.0,457.0,83.0,176.0
1141.0,460.0,83.0,176.0
1137.0,461.0,83.0,176.0
1133.0,464.0,83.0,176.0
1129.0,466.0,83.0,176.0
1124.0,469.0,85.0,178.0
1120.0,471.0,85.0,178.0
1115.0,474.0,85.0,178.0
1109.0,475.0,85.0,178.0
1105.0,481.0,84.0,177.0
1099.0,481.0,86.0,180.0
1093.0,484.0,86.0,180.0
1087.0,487.0,87.0,180.0
1080.0,491.0,86.0,178.0
1074.0,492.0,86.0,179.0
1067.0,498.0,88.0,177.0
1064.0,501.0,87.0,176.0
1058.0,504.0,88.0,177.0
1054.0,507.0,88.0,177.0
1049.0,510.0,87.0,176.0
1040.0,513.0,94.0,177.0
1037.0,516.0,93.0,176.0
1033.0,519.0,94.0,177.0
1029.0,525.0,93.0,176.0
1025.0,529.0,93.0,176.0
1021.0,533.0,93.0,181.0
1016.0,537.0,93.0,180.0
1015.0,542.0,93.0,176.0
1010.0,547.0,93.0,172.0
1009.0,552.0,93.0,167.0
1006.0,558.0,92.0,160.0
1004.0,562.0,92.0,156.0
1001.0,564.0,92.0,155.0
1001.0,566.0,92.0,153.0
999.0,568.0,92.0,151.0
992.0,569.0,97.0,150.0
990.0,570.0,97.0,149.0
987.0,574.0,97.0,145.0
986.0,581.0,97.0,138.0
983.0,585.0,97.0,135.0
982.0,587.0,96.0,132.0
981.0,588.0,96.0,131.0
981.0,588.0,96.0,131.0
979.0,588.0,96.0,132.0
977.0,585.0,97.0,134.0
983.0,583.0,90.0,136.0
983.0,582.0,90.0,138.0
981.0,582.0,90.0,137.0
981.0,581.0,90.0,138.0
981.0,584.0,90.0,135.0
979.0,586.0,91.0,133.0
980.0,589.0,91.0,130.0
980.0,588.0,91.0,131.0
979.0,587.0,91.0,132.0
980.0,584.0,91.0,134.0
980.0,580.0,87.0,139.0
980.0,578.0,87.0,142.0
979.0,575.0,87.0,143.0
979.0,569.0,87.0,148.0
980.0,569.0,87.0,147.0
977.0,565.0,88.0,155.0
977.0,564.0,88.0,155.0
976.0,561.0,87.0,157.0
977.0,559.0,88.0,159.0
977.0,556.0,87.0,161.0
975.0,552.0,91.0,167.0
976.0,547.0,91.0,171.0
978.0,543.0,91.0,174.0
979.0,537.0,90.0,177.0
981.0,535.0,90.0,179.0
977.0,533.0,97.0,185.0
979.0,532.0,97.0,185.0
979.0,530.0,97.0,185.0
980.0,529.0,97.0,185.0
982.0,527.0,96.0,184.0
986.0,524.0,93.0,181.0
988.0,522.0,93.0,181.0
991.0,518.0,93.0,181.0
994.0,514.0,93.0,181.0
997.0,510.0,93.0,182.0
1001.0,502.0,92.0,186.0
1004.0,499.0,92.0,186.0
1007.0,496.0,91.0,185.0
1008.0,495.0,92.0,184.0
1011.0,492.0,92.0,184.0
1015.0,491.0,90.0,184.0
1019.0,488.0,90.0,184.0
1022.0,486.0,90.0,184.0
1025.0,483.0,89.0,183.0
1029.0,479.0,90.0,184.0
1030.0,475.0,93.0,181.0
1034.0,471.0,93.0,181.0
1038.0,469.0,92.0,180.0
1041.0,468.0,93.0,181.0
1046.0,467.0,93.0,180.0
1049.0,468.0,96.0,180.0
1050.0,467.0,95.0,180.0
1055.0,467.0,95.0,179.0
1058.0,462.0,96.0,180.0
1063.0,461.0,95.0,180.0
1071.0,453.0,91.0,178.0
1075.0,449.0,91.0,178.0
1080.0,446.0,91.0,178.0
1085.0,447.0,91.0,178.0
1088.0,446.0,91.0,178.0
1089.0,445.0,95.0,179.0
1094.0,446.0,95.0,179.0
1099.0,448.0,95.0,179.0
1102.0,447.0,95.0,179.0
1104.0,449.0,95.0,179.0
1114.0,448.0,90.0,177.0
1116.0,448.0,90.0,177.0
1119.0,448.0,90.0,177.0
1122.0,446.0,90.0,177.0
1126.0,446.0,90.0,177.0
1126.0,447.0,93.0,182.0
1128.0,448.0,92.0,182.0
1132.0,450.0,93.0,183.0
1134.0,454.0,93.0,183.0
1137.0,457.0,92.0,182.0
1142.0,458.0,88.0,181.0
1144.0,460.0,88.0,181.0
1145.0,461.0,88.0,181.0
1148.0,463.0,88.0,180.0
1150.0,463.0,88.0,180.0
1151.0,463.0,91.0,183.0
1151.0,464.0,91.0,182.0
1151.0,465.0,91.0,182.0
1151.0,467.0,91.0,183.0
1151.0,469.0,92.0,184.0
1147.0,471.0,96.0,186.0
1145.0,475.0,96.0,186.0
1144.0,478.0,96.0,186.0
1144.0,482.0,96.0,187.0
1143.0,486.0,96.0,186.0
1141.0,490.0,97.0,184.0
1139.0,493.0,97.0,184.0
1138.0,496.0,97.0,184.0
1135.0,500.0,97.0,183.0
1134.0,501.0,97.0,183.0
1133.0,505.0,96.0,190.0
1131.0,508.0,96.0,190.0
1127.0,514.0,96.0,190.0
1124.0,519.0,96.0,191.0
1120.0,525.0,96.0,189.0
1116.0,530.0,95.0,189.0
1112.0,533.0,95.0,186.0
1106.0,538.0,95.0,181.0
1102.0,541.0,95.0,179.0
1097.0,542.0,95.0,177.0
1084.0,544.0,104.0,175.0
1078.0,545.0,104.0,174.0
1073.0,544.0,104.0,174.0
1066.0,545.0,104.0,173.0
1059.0,545.0,104.0,173.0
1046.0,541.0,108.0,178.0
1038.0,536.0,109.0,182.0
1030.0,530.0,108.0,185.0
1022.0,524.0,109.0,190.0
1013.0,518.0,108.0,191.0
1009.0,517.0,105.0,197.0
1001.0,518.0,105.0,197.0
993.0,520.0,105.0,197.0
984.0,522.0,105.0,197.0
975.0,522.0,105.0,197.0
959.0,524.0,112.0,195.0
948.0,528.0,112.0,192.0
938.0,531.0,112.0,188.0
929.0,536.0,112.0,184.0
917.0,539.0,112.0,180.0
912.0,543.0,105.0,175.0
900.0,545.0,105.0,174.0
888.0,546.0,105.0,174.0
876.0,543.0,105.0,174.0
862.0,542.0,105.0,175.0
850.0,539.0,103.0,180.0
835.0,539.0,103.0,180.0
822.0,539.0,103.0,179.0
808.0,539.0,102.0,179.0
793.0,539.0,103.0,180.0
775.0,537.0,103.0,182.0
760.0,537.0,103.0,182.0
744.0,535.0,102.0,183.0
729.0,531.0,103.0,187.0
713.0,529.0,103.0,188.0
695.0,526.0,110.0,193.0
677.0,523.0,109.0,195.0
661.0,525.0,109.0,193.0
645.0,522.0,110.0,195.0
628.0,524.0,109.0,193.0
616.0,523.0,103.0,190.0
596.0,521.0,103.0,191.0
579.0,520.0,103.0,193.0
561.0,517.0,103.0,196.0
542.0,515.0,103.0,195.0
530.0,506.0,92.0,200.0
513.0,500.0,92.0,201.0
497.0,493.0,92.0,201.0
479.0,485.0,92.0,201.0
461.0,477.0,92.0,201.0
443.0,472.0,101.0,201.0
428.0,465.0,101.0,200.0
412.0,456.0,101.0,201.0
398.0,451.0,101.0,200.0
384.0,441.0,101.0,200.0
377.0,438.0,95.0,195.0
364.0,431.0,95.0,195.0
350.0,427.0,95.0,195.0
336.0,422.0,95.0,195.0
323.0,422.0,95.0,195.0
315.0,424.0,101.0,190.0
305.0,426.0,101.0,190.0
297.0,428.0,101.0,190.0
289.0,431.0,101.0,190.0
279.0,432.0,101.0,189.0
272.0,437.0,95.0,187.0
262.0,437.0,95.0,187.0
252.0,432.0,95.0,186.0
242.0,429.0,94.0,187.0
233.0,427.0,94.0,186.0
224.0,423.0,99.0,190.0
214.0,419.0,99.0,190.0
207.0,417.0,99.0,190.0
199.0,417.0,98.0,190.0
191.0,416.0,98.0,189.0
187.0,418.0,97.0,183.0
181.0,418.0,97.0,183.0
173.0,417.0,97.0,183.0
164.0,413.0,97.0,183.0
157.0,411.0,97.0,182.0
151.0,407.0,96.0,184.0
36.0,96.0,30.0,45.0
35.0,95.0,30.0,45.0
33.0,96.0,30.0,45.0
31.0,94.0,30.0,46.0
31.0,94.0,32.0,48.0
30.0,94.0,31.0,47.0
28.0,92.0,32.0,47.0
27.0,92.0,31.0,47.0
26.0,92.0,31.0,46.0
25.0,93.0,34.0,42.0
24.0,93.0,33.0,41.0
22.0,91.0,33.0,41.0
21.0,91.0,33.0,42.0
20.0,89.0,33.0,41.0
20.0,90.0,33.0,37.0
18.0,89.0,33.0,37.0
17.0,88.0,33.0,37.0
17.0,89.0,33.0,37.0
17.0,89.0,32.0,36.0
17.0,89.0,31.0,34.0
17.0,90.0,30.0,33.0
15.0,89.0,31.0,34.0
14.0,88.0,31.0,34.0
14.0,88.0,30.0,33.0
14.0,87.0,31.0,35.0
13.0,87.0,31.0,35.0
13.0,88.0,31.0,35.0
12.0,89.0,31.0,35.0
11.0,86.0,31.0,35.0
11.0,88.0,27.0,31.0
11.0,88.0,27.0,30.0
9.0,88.0,27.0,30.0
9.0,88.0,27.0,30.0
9.0,90.0,27.0,30.0
8.0,90.0,30.0,32.0
8.0,90.0,29.0,31.0
7.0,91.0,30.0,32.0
7.0,91.0,30.0,31.0
7.0,93.0,30.0,32.0
7.0,94.0,22.0,29.0
6.0,94.0,22.0,29.0
6.0,94.0,22.0,29.0
6.0,95.0,22.0,30.0
6.0,97.0,22.0,29.0
5.0,96.0,25.0,37.0
4.0,96.0,25.0,36.0
5.0,99.0,25.0,36.0
6.0,99.0,25.0,37.0
6.0,101.0,25.0,37.0
7.0,101.0,21.0,38.0
9.0,104.0,21.0,38.0
10.0,104.0,21.0,37.0
10.0,103.0,22.0,39.0
12.0,103.0,21.0,38.0
10.0,103.0,22.0,45.0
11.0,105.0,22.0,45.0
13.0,105.0,22.0,45.0
14.0,108.0,22.0,45.0
15.0,108.0,22.0,47.0
16.0,107.0,27.0,44.0
17.0,107.0,27.0,45.0
18.0,110.0,27.0,43.0
20.0,109.0,27.0,44.0
22.0,112.0,27.0,43.0
25.0,112.0,28.0,50.0
28.0,112.0,28.0,51.0
31.0,116.0,28.0,51.0
33.0,116.0,28.0,51.0
38.0,120.0,29.0,52.0
39.0,124.0,35.0,49.0
42.0,128.0,35.0,49.0
46.0,130.0,35.0,49.0
49.0,130.0,35.0,49.0
54.0,131.0,35.0,48.0
