444.0, 319.0, 39.0, 75.0
444.0, 319.0, 39.0, 75.0
443.0, 320.0, 39.0, 75.0
444.0, 322.0, 38.23529416322708, 73.52941185235977
443.0, 323.0, 38.23529416322708, 73.52941185235977
442.0, 323.0, 38.23529416322708, 73.52941185235977
442.0, 324.0, 37.48558255765403, 72.08765876471928
441.0, 323.0, 38.235293493826354, 73.52941056505068
441.0, 323.0, 38.235293493826354, 73.52941056505068
440.0, 321.0, 38.99999863442254, 74.9999973738895
439.0, 320.0, 39.77999786324505, 76.49999589085586
438.0, 319.0, 40.57559706176671, 78.02999434955136
437.0, 320.0, 40.57559706176671, 78.02999434955136
437.0, 320.0, 40.57559706176671, 78.02999434955136
436.0, 321.0, 40.57559706176671, 78.02999434955136
437.0, 322.0, 40.57559706176671, 78.02999434955136
437.0, 323.0, 40.57559706176671, 78.02999434955136
436.0, 324.0, 40.57559706176671, 78.02999434955136
436.0, 325.0, 39.77999716680058, 76.49999455153957
436.0, 324.0, 39.77999716680058, 76.49999455153957
436.0, 325.0, 38.99999726884512, 74.99999474777908
435.0, 325.0, 38.23529148562426, 73.52940670312357
435.0, 325.0, 37.485579932553215, 72.08765371644849
435.0, 326.0, 36.75056860513677, 70.6741703944938
435.0, 327.0, 36.75056860513677, 70.6741703944938
435.0, 328.0, 37.48557927627804, 72.08765245438084
434.0, 328.0, 37.48557927627804, 72.08765245438084
434.0, 328.0, 37.48557927627804, 72.08765245438084
434.0, 329.0, 37.48557927627804, 72.08765245438084
432.0, 328.0, 38.23529014682292, 73.52940412850562
432.0, 327.0, 38.23529014682292, 73.52940412850562
431.0, 326.0, 38.99999522047909, 74.99999080861365
430.0, 326.0, 38.99999522047909, 74.99999080861365
430.0, 326.0, 38.99999522047909, 74.99999080861365
430.0, 326.0, 38.23528947742226, 73.52940284119667
430.0, 327.0, 38.23528947742226, 73.52940284119667
429.0, 328.0, 38.23528947742226, 73.52940284119667
429.0, 329.0, 38.23528947742226, 73.52940284119667
429.0, 330.0, 38.23528947742226, 73.52940284119667
429.0, 332.0, 38.23528947742226, 73.52940284119667
428.0, 332.0, 38.23528947742226, 73.52940284119667
428.0, 332.0, 38.23528947742226, 73.52940284119667
428.0, 332.0, 38.23528947742226, 73.52940284119667
426.0, 332.0, 38.23528947742226, 73.52940284119667
425.0, 330.0, 38.23528947742226, 73.52940284119667
423.0, 330.0, 38.23528947742226, 73.52940284119667
423.0, 330.0, 38.23528947742226, 73.52940284119667
422.0, 330.0, 38.23528947742226, 73.52940284119667
422.0, 331.0, 37.48557796372773, 72.08764993024563
421.0, 332.0, 37.48557796372773, 72.08764993024563
420.0, 332.0, 38.23528880802162, 73.52940155388774
419.0, 333.0, 38.23528880802162, 73.52940155388774
418.0, 334.0, 38.23528880802162, 73.52940155388774
417.0, 335.0, 38.23528880802162, 73.52940155388774
416.0, 336.0, 38.23528880802162, 73.52940155388774
415.0, 336.0, 38.23528880802162, 73.52940155388774
414.0, 336.0, 38.23528880802162, 73.52940155388774
413.0, 336.0, 38.23528880802162, 73.52940155388774
412.0, 335.0, 38.9999938549018, 74.99998818250346
411.0, 335.0, 39.77999298813399, 76.49998651564229
409.0, 335.0, 39.77999298813399, 76.49998651564229
409.0, 336.0, 39.77999298813399, 76.49998651564229
409.0, 337.0, 39.77999298813399, 76.49998651564229
408.0, 339.0, 38.99999317211317, 74.9999868694484
407.0, 340.0, 38.99999317211317, 74.9999868694484
406.0, 341.0, 38.99999317211317, 74.9999868694484
405.0, 341.0, 38.99999317211317, 74.9999868694484
403.0, 341.0, 39.7799922916896, 76.49998517632616
402.0, 341.0, 39.7799922916896, 76.49998517632616
401.0, 340.0, 39.7799922916896, 76.49998517632616
400.0, 339.0, 39.7799922916896, 76.49998517632616
399.0, 340.0, 39.7799922916896, 76.49998517632616
398.0, 341.0, 38.999992489324555, 74.99998555639338
397.0, 342.0, 38.999992489324555, 74.99998555639338
396.0, 343.0, 38.999992489324555, 74.99998555639338
395.0, 345.0, 38.999992489324555, 74.99998555639338
394.0, 345.0, 38.999992489324555, 74.99998555639338
393.0, 346.0, 38.999992489324555, 74.99998555639338
393.0, 346.0, 39.77999159524523, 76.49998383701005
390.0, 345.0, 39.77999159524523, 76.49998383701005
390.0, 344.0, 39.77999159524523, 76.49998383701005
389.0, 344.0, 39.77999159524523, 76.49998383701005
387.0, 344.0, 39.77999159524523, 76.49998383701005
386.0, 343.0, 39.77999159524523, 76.49998383701005
385.0, 344.0, 39.77999159524523, 76.49998383701005
385.0, 344.0, 39.77999159524523, 76.49998383701005
384.0, 344.0, 39.77999159524523, 76.49998383701005
383.0, 344.0, 39.77999159524523, 76.49998383701005
383.0, 344.0, 39.77999159524523, 76.49998383701005
382.0, 343.0, 39.77999159524523, 76.49998383701005
382.0, 342.0, 38.99999180653595, 74.99998424333837
381.0, 341.0, 38.99999180653595, 74.99998424333837
381.0, 340.0, 38.99999180653595, 74.99998424333837
380.0, 340.0, 38.23528613041918, 73.52939640465227
379.0, 341.0, 38.23528613041918, 73.52939640465227
378.0, 341.0, 38.23528613041918, 73.52939640465227
377.0, 341.0, 38.23528613041918, 73.52939640465227
376.0, 341.0, 38.23528613041918, 73.52939640465227
375.0, 341.0, 38.23528613041918, 73.52939640465227
372.0, 340.0, 38.99999112374736, 74.99998293028338
371.0, 338.0, 39.77999020235651, 76.4999811583779
370.0, 338.0, 39.77999020235651, 76.4999811583779
369.0, 337.0, 38.999990440958776, 74.99998161722841
368.0, 337.0, 38.999990440958776, 74.99998161722841
367.0, 337.0, 38.999990440958776, 74.99998161722841
367.0, 337.0, 38.999990440958776, 74.99998161722841
367.0, 338.0, 38.999990440958776, 74.99998161722841
367.0, 338.0, 38.23528479161803, 73.52939383003468
367.0, 337.0, 38.23528479161803, 73.52939383003468
366.0, 336.0, 38.23528479161803, 73.52939383003468
366.0, 335.0, 38.23528479161803, 73.52939383003468
366.0, 334.0, 38.23528479161803, 73.52939383003468
366.0, 333.0, 38.23528479161803, 73.52939383003468
366.0, 332.0, 38.23528479161803, 73.52939383003468
366.0, 332.0, 37.485573369802, 72.08764109577308
367.0, 333.0, 37.485573369802, 72.08764109577308
366.0, 333.0, 37.485573369802, 72.08764109577308
366.0, 333.0, 37.485573369802, 72.08764109577308
367.0, 333.0, 37.485573369802, 72.08764109577308
367.0, 332.0, 38.23528412221747, 73.5293925427259
368.0, 331.0, 38.23528412221747, 73.5293925427259
368.0, 330.0, 38.99998907538165, 74.99997899111855
368.0, 329.0, 38.99998907538165, 74.99997899111855
368.0, 329.0, 38.99998907538165, 74.99997899111855
369.0, 329.0, 38.99998907538165, 74.99997899111855
370.0, 328.0, 38.99998907538165, 74.99997899111855
372.0, 329.0, 38.99998907538165, 74.99997899111855
375.0, 328.0, 38.99998907538165, 74.99997899111855
379.0, 327.0, 38.99998907538165, 74.99997899111855
384.0, 325.0, 38.23528345281692, 73.52939125541715
388.0, 324.0, 38.23528345281692, 73.52939125541715
394.0, 322.0, 38.23528345281692, 73.52939125541715
399.0, 321.0, 38.23528345281692, 73.52939125541715
405.0, 319.0, 37.48557205725189, 72.08763857163825
413.0, 318.0, 37.48557205725189, 72.08763857163825
419.0, 318.0, 37.48557205725189, 72.08763857163825
424.0, 317.0, 37.48557205725189, 72.08763857163825
431.0, 317.0, 37.48557205725189, 72.08763857163825
436.0, 316.0, 37.48557205725189, 72.08763857163825
444.0, 315.0, 36.75056088425311, 70.6741555466406
450.0, 314.0, 36.75056088425311, 70.6741555466406
455.0, 312.0, 36.75056088425311, 70.6741555466406
461.0, 311.0, 37.48557140097686, 72.08763730957088
467.0, 310.0, 37.48557140097686, 72.08763730957088
474.0, 308.0, 37.48557140097686, 72.08763730957088
480.0, 308.0, 37.48557140097686, 72.08763730957088
484.0, 307.0, 37.48557140097686, 72.08763730957088
489.0, 307.0, 37.48557140097686, 72.08763730957088
494.0, 307.0, 37.48557140097686, 72.08763730957088
500.0, 306.0, 37.48557140097686, 72.08763730957088
504.0, 306.0, 36.75056024084621, 70.67415430931965
508.0, 305.0, 36.75056024084621, 70.67415430931965
509.0, 303.0, 36.75056024084621, 70.67415430931965
513.0, 303.0, 36.75056024084621, 70.67415430931965
514.0, 301.0, 36.75056024084621, 70.67415430931965
516.0, 301.0, 36.75056024084621, 70.67415430931965
518.0, 301.0, 36.02996106338853, 69.28838666036255
518.0, 301.0, 36.02996106338853, 69.28838666036255
519.0, 302.0, 36.02996106338853, 69.28838666036255
519.0, 301.0, 36.02996106338853, 69.28838666036255
519.0, 301.0, 36.75055959743933, 70.6741530719987
520.0, 300.0, 36.75055959743933, 70.6741530719987
520.0, 300.0, 36.75055959743933, 70.6741530719987
520.0, 299.0, 36.75055959743933, 70.6741530719987
521.0, 297.0, 36.75055959743933, 70.6741530719987
521.0, 297.0, 37.48557008842681, 72.08763478543618
521.0, 297.0, 36.75055895403245, 70.67415183467779
521.0, 297.0, 36.75055895403245, 70.67415183467779
522.0, 297.0, 36.75055895403245, 70.67415183467779
523.0, 297.0, 36.75055895403245, 70.67415183467779
523.0, 297.0, 36.75055895403245, 70.67415183467779
523.0, 296.0, 36.0299598018064, 69.28838423424308
523.0, 295.0, 36.0299598018064, 69.28838423424308
523.0, 295.0, 36.0299598018064, 69.28838423424308
524.0, 293.0, 36.0299598018064, 69.28838423424308
524.0, 292.0, 36.0299598018064, 69.28838423424308
524.0, 292.0, 36.0299598018064, 69.28838423424308
524.0, 291.0, 35.323490043879865, 67.92978854592282
524.0, 292.0, 34.6308726333223, 66.59783198715826
523.0, 292.0, 34.6308726333223, 66.59783198715826
523.0, 292.0, 34.6308726333223, 66.59783198715826
523.0, 293.0, 34.6308726333223, 66.59783198715826
522.0, 292.0, 35.32348942545727, 67.92978735664859
522.0, 292.0, 35.32348942545727, 67.92978735664859
522.0, 290.0, 35.32348942545727, 67.92978735664859
521.0, 289.0, 35.32348942545727, 67.92978735664859
521.0, 287.0, 36.02995854022432, 69.28838180812369
520.0, 286.0, 35.323488807034686, 67.92978616737439
520.0, 286.0, 35.323488807034686, 67.92978616737439
519.0, 285.0, 36.02995790943329, 69.28838059506403
519.0, 285.0, 36.02995790943329, 69.28838059506403
518.0, 284.0, 36.02995790943329, 69.28838059506403
518.0, 284.0, 36.02995790943329, 69.28838059506403
518.0, 284.0, 35.32348818861211, 67.92978497810022
518.0, 284.0, 35.32348818861211, 67.92978497810022
517.0, 283.0, 35.32348818861211, 67.92978497810022
517.0, 282.0, 35.32348818861211, 67.92978497810022
516.0, 281.0, 35.32348818861211, 67.92978497810022
515.0, 280.0, 34.63087081443234, 66.59782848929297
514.0, 279.0, 33.95183417227015, 65.29198879282721
512.0, 278.0, 33.95183417227015, 65.29198879282721
512.0, 278.0, 33.28611197327833, 64.01175379476602
512.0, 279.0, 32.63344314995928, 62.75662144222938
510.0, 279.0, 32.63344314995928, 62.75662144222938
509.0, 279.0, 32.63344314995928, 62.75662144222938
507.0, 279.0, 32.63344314995928, 62.75662144222938
507.0, 278.0, 32.63344314995928, 62.75662144222938
505.0, 278.0, 32.63344314995928, 62.75662144222938
503.0, 277.0, 33.28611139052493, 64.01175267408641
501.0, 276.0, 32.63344257863242, 62.75662034352389
500.0, 276.0, 32.63344257863242, 62.75662034352389
498.0, 275.0, 32.63344257863242, 62.75662034352389
497.0, 274.0, 32.63344257863242, 62.75662034352389
495.0, 275.0, 32.63344257863242, 62.75662034352389
494.0, 275.0, 32.63344257863242, 62.75662034352389
493.0, 275.0, 32.63344257863242, 62.75662034352389
491.0, 276.0, 32.63344257863242, 62.75662034352389
491.0, 276.0, 32.63344257863242, 62.75662034352389
489.0, 275.0, 32.63344257863242, 62.75662034352389
487.0, 274.0, 32.63344257863242, 62.75662034352389
485.0, 273.0, 32.63344257863242, 62.75662034352389
483.0, 273.0, 32.63344257863242, 62.75662034352389
482.0, 273.0, 32.63344257863242, 62.75662034352389
479.0, 273.0, 32.63344257863242, 62.75662034352389
478.0, 273.0, 31.993571193661293, 61.52609844934864
477.0, 275.0, 31.366246305686865, 60.3197044340132
475.0, 275.0, 31.366246305686865, 60.3197044340132
474.0, 276.0, 31.366246305686865, 60.3197044340132
474.0, 277.0, 31.366246305686865, 60.3197044340132
471.0, 278.0, 31.366246305686865, 60.3197044340132
471.0, 278.0, 31.366246305686865, 60.3197044340132
469.0, 278.0, 31.366246305686865, 60.3197044340132
467.0, 278.0, 31.366246305686865, 60.3197044340132
466.0, 278.0, 31.366246305686865, 60.3197044340132
464.0, 277.0, 31.366246305686865, 60.3197044340132
462.0, 277.0, 31.366246305686865, 60.3197044340132
460.0, 278.0, 31.366246305686865, 60.3197044340132
459.0, 280.0, 31.366246305686865, 60.3197044340132
459.0, 281.0, 31.366246305686865, 60.3197044340132
457.0, 283.0, 31.366246305686865, 60.3197044340132
456.0, 284.0, 31.366246305686865, 60.3197044340132
454.0, 285.0, 31.366246305686865, 60.3197044340132
453.0, 285.0, 31.366246305686865, 60.3197044340132
452.0, 286.0, 31.366246305686865, 60.3197044340132
450.0, 286.0, 31.366246305686865, 60.3197044340132
450.0, 287.0, 31.366246305686865, 60.3197044340132
448.0, 287.0, 31.366246305686865, 60.3197044340132
446.0, 288.0, 31.366246305686865, 60.3197044340132
445.0, 289.0, 31.366246305686865, 60.3197044340132
444.0, 291.0, 31.366246305686865, 60.3197044340132
443.0, 292.0, 31.99357063353693, 61.526097372186406
443.0, 294.0, 31.99357063353693, 61.526097372186406
442.0, 295.0, 32.63344143597874, 62.75661814611296
441.0, 297.0, 32.63344143597874, 62.75661814611296
441.0, 297.0, 32.63344143597874, 62.75661814611296
441.0, 298.0, 32.63344143597874, 62.75661814611296
440.0, 299.0, 32.63344143597874, 62.75661814611296
440.0, 299.0, 31.99357007341258, 61.526096295024196
440.0, 299.0, 31.99357007341258, 61.526096295024196
440.0, 301.0, 31.99357007341258, 61.526096295024196
440.0, 302.0, 31.99357007341258, 61.526096295024196
440.0, 304.0, 31.99357007341258, 61.526096295024196
440.0, 306.0, 31.99357007341258, 61.526096295024196
440.0, 309.0, 31.99357007341258, 61.526096295024196
440.0, 312.0, 32.63344086465192, 62.756617047407524
441.0, 312.0, 32.63344086465192, 62.756617047407524
441.0, 313.0, 32.63344086465192, 62.756617047407524
442.0, 314.0, 32.63344086465192, 62.756617047407524
442.0, 315.0, 32.63344086465192, 62.756617047407524
443.0, 317.0, 32.63344086465192, 62.756617047407524
443.0, 318.0, 32.63344086465192, 62.756617047407524
443.0, 319.0, 32.63344086465192, 62.756617047407524
444.0, 321.0, 32.63344086465192, 62.756617047407524
445.0, 323.0, 32.63344086465192, 62.756617047407524
445.0, 326.0, 32.63344086465192, 62.756617047407524
447.0, 328.0, 32.63344086465192, 62.756617047407524
448.0, 330.0, 32.63344086465192, 62.756617047407524
450.0, 331.0, 31.993569513288243, 61.526095217862
452.0, 332.0, 31.993569513288243, 61.526095217862
454.0, 333.0, 31.993569513288243, 61.526095217862
455.0, 334.0, 31.993569513288243, 61.526095217862
456.0, 335.0, 31.993569513288243, 61.526095217862
457.0, 335.0, 31.993569513288243, 61.526095217862
459.0, 336.0, 31.993569513288243, 61.526095217862
460.0, 339.0, 32.633440293325094, 62.756615948702105
460.0, 341.0, 33.28610847675812, 64.0117470706887
464.0, 343.0, 33.28610847675812, 64.0117470706887
464.0, 346.0, 33.28610847675812, 64.0117470706887
467.0, 348.0, 33.28610847675812, 64.0117470706887
470.0, 349.0, 33.28610847675812, 64.0117470706887
471.0, 350.0, 33.28610847675812, 64.0117470706887
473.0, 351.0, 33.28610847675812, 64.0117470706887
474.0, 351.0, 33.28610847675812, 64.0117470706887
476.0, 352.0, 33.28610847675812, 64.0117470706887
477.0, 354.0, 33.28610847675812, 64.0117470706887
480.0, 355.0, 33.28610847675812, 64.0117470706887
480.0, 358.0, 33.28610847675812, 64.0117470706887
482.0, 360.0, 33.95183001141115, 65.29198079117529
483.0, 362.0, 33.95183001141115, 65.29198079117529
485.0, 365.0, 33.95183001141115, 65.29198079117529
486.0, 366.0, 33.95183001141115, 65.29198079117529
487.0, 368.0, 33.95183001141115, 65.29198079117529
487.0, 369.0, 33.95183001141115, 65.29198079117529
488.0, 370.0, 33.95183001141115, 65.29198079117529
488.0, 371.0, 33.95183001141115, 65.29198079117529
488.0, 371.0, 33.95183001141115, 65.29198079117529
488.0, 373.0, 33.95183001141115, 65.29198079117529
489.0, 374.0, 33.95183001141115, 65.29198079117529
488.0, 375.0, 33.95183001141115, 65.29198079117529
488.0, 379.0, 33.95183001141115, 65.29198079117529
488.0, 381.0, 33.95183001141115, 65.29198079117529
488.0, 383.0, 33.95183001141115, 65.29198079117529
489.0, 386.0, 33.95183001141115, 65.29198079117529
489.0, 386.0, 33.95183001141115, 65.29198079117529
490.0, 388.0, 33.95183001141115, 65.29198079117529
489.0, 388.0, 33.95183001141115, 65.29198079117529
489.0, 389.0, 33.95183001141115, 65.29198079117529
489.0, 390.0, 33.95183001141115, 65.29198079117529
489.0, 391.0, 33.286107894004786, 64.0117459500092
490.0, 393.0, 32.63343915067149, 62.756613751291326
490.0, 395.0, 32.63343915067149, 62.756613751291326
489.0, 397.0, 32.63343915067149, 62.756613751291326
490.0, 399.0, 32.63343915067149, 62.756613751291326
490.0, 401.0, 32.63343915067149, 62.756613751291326
490.0, 402.0, 31.99356783291528, 61.52609198637553
490.0, 403.0, 31.99356783291528, 61.52609198637553
490.0, 404.0, 31.99356783291528, 61.52609198637553
489.0, 404.0, 31.99356783291528, 61.52609198637553
489.0, 405.0, 31.99356783291528, 61.52609198637553
489.0, 406.0, 31.99356783291528, 61.52609198637553
488.0, 407.0, 31.99356783291528, 61.52609198637553
487.0, 408.0, 32.633438579344705, 62.75661265258597
487.0, 410.0, 32.633438579344705, 62.75661265258597
487.0, 411.0, 32.633438579344705, 62.75661265258597
486.0, 414.0, 33.286106728498154, 64.0117437086503
486.0, 415.0, 33.286106728498154, 64.0117437086503
487.0, 415.0, 33.286106728498154, 64.0117437086503
486.0, 416.0, 33.286106728498154, 64.0117437086503
486.0, 417.0, 33.286106728498154, 64.0117437086503
486.0, 418.0, 33.286106728498154, 64.0117437086503
485.0, 418.0, 33.286106728498154, 64.0117437086503
484.0, 419.0, 33.286106728498154, 64.0117437086503
484.0, 419.0, 33.95182822818602, 65.29197736189619
484.0, 420.0, 33.95182822818602, 65.29197736189619
483.0, 423.0, 33.95182822818602, 65.29197736189619
483.0, 425.0, 33.95182822818602, 65.29197736189619
484.0, 426.0, 33.95182822818602, 65.29197736189619
484.0, 428.0, 33.95182822818602, 65.29197736189619
485.0, 429.0, 33.95182822818602, 65.29197736189619
484.0, 430.0, 33.95182822818602, 65.29197736189619
484.0, 430.0, 33.95182822818602, 65.29197736189619
484.0, 431.0, 33.28610614574485, 64.01174258797087
484.0, 431.0, 33.28610614574485, 64.01174258797087
484.0, 431.0, 33.28610614574485, 64.01174258797087
484.0, 431.0, 33.28610614574485, 64.01174258797087
485.0, 432.0, 33.28610614574485, 64.01174258797087
485.0, 434.0, 33.28610614574485, 64.01174258797087
484.0, 435.0, 33.95182763377766, 65.29197621880319
484.0, 436.0, 34.63086353887349, 66.59781449783364
486.0, 438.0, 34.63086353887349, 66.59781449783364
486.0, 439.0, 34.63086353887349, 66.59781449783364
487.0, 439.0, 34.63086353887349, 66.59781449783364
487.0, 440.0, 34.63086353887349, 66.59781449783364
487.0, 440.0, 34.63086353887349, 66.59781449783364
487.0, 441.0, 34.63086353887349, 66.59781449783364
488.0, 441.0, 34.63086353887349, 66.59781449783364
488.0, 441.0, 34.63086353887349, 66.59781449783364
488.0, 442.0, 34.63086353887349, 66.59781449783364
489.0, 444.0, 34.63086353887349, 66.59781449783364
489.0, 446.0, 34.63086353887349, 66.59781449783364
489.0, 447.0, 35.32348014911966, 67.9297695175378
491.0, 447.0, 35.32348014911966, 67.9297695175378
490.0, 448.0, 35.32348014911966, 67.9297695175378
490.0, 449.0, 35.32348014911966, 67.9297695175378
491.0, 449.0, 35.32348014911966, 67.9297695175378
491.0, 449.0, 35.32348014911966, 67.9297695175378
491.0, 449.0, 35.32348014911966, 67.9297695175378
490.0, 449.0, 35.32348014911966, 67.9297695175378
490.0, 449.0, 36.02994907836014, 69.28836361223104
490.0, 450.0, 36.02994907836014, 69.28836361223104
490.0, 451.0, 36.02994907836014, 69.28836361223104
490.0, 453.0, 35.323479530697234, 67.92976832826392
490.0, 455.0, 35.323479530697234, 67.92976832826392
490.0, 455.0, 35.323479530697234, 67.92976832826392
490.0, 456.0, 35.323479530697234, 67.92976832826392
489.0, 456.0, 35.323479530697234, 67.92976832826392
490.0, 456.0, 35.323479530697234, 67.92976832826392
489.0, 457.0, 35.323479530697234, 67.92976832826392
488.0, 457.0, 35.323479530697234, 67.92976832826392
488.0, 458.0, 35.323479530697234, 67.92976832826392
488.0, 458.0, 35.323479530697234, 67.92976832826392
487.0, 459.0, 35.323479530697234, 67.92976832826392
487.0, 460.0, 35.323479530697234, 67.92976832826392
486.0, 462.0, 36.029948447569275, 69.28836239917169
486.0, 463.0, 35.32347891227483, 67.92976713899006
486.0, 463.0, 35.32347891227483, 67.92976713899006
486.0, 464.0, 35.32347891227483, 67.92976713899006
485.0, 464.0, 34.63086171998402, 66.59781099996925
484.0, 464.0, 34.63086171998402, 66.59781099996925
482.0, 464.0, 34.63086171998402, 66.59781099996925
482.0, 464.0, 34.63086171998402, 66.59781099996925
481.0, 464.0, 34.63086171998402, 66.59781099996925
480.0, 464.0, 34.63086171998402, 66.59781099996925
480.0, 466.0, 34.63086171998402, 66.59781099996925
479.0, 467.0, 34.63086171998402, 66.59781099996925
478.0, 468.0, 34.63086171998402, 66.59781099996925
478.0, 469.0, 34.63086171998402, 66.59781099996925
478.0, 469.0, 33.95182525614433, 65.2919716464314
477.0, 470.0, 33.95182525614433, 65.2919716464314
477.0, 469.0, 33.95182525614433, 65.2919716464314
476.0, 469.0, 33.95182525614433, 65.2919716464314
475.0, 469.0, 33.95182525614433, 65.2919716464314
475.0, 469.0, 33.95182525614433, 65.2919716464314
475.0, 469.0, 33.95182525614433, 65.2919716464314
474.0, 470.0, 33.95182525614433, 65.2919716464314
474.0, 470.0, 33.95182525614433, 65.2919716464314
474.0, 471.0, 33.95182525614433, 65.2919716464314
474.0, 473.0, 33.95182525614433, 65.2919716464314
474.0, 472.0, 33.95182525614433, 65.2919716464314
474.0, 472.0, 33.95182525614433, 65.2919716464314
474.0, 472.0, 33.95182525614433, 65.2919716464314
474.0, 472.0, 33.95182525614433, 65.2919716464314
473.0, 471.0, 34.630861113687544, 66.5978098340145
473.0, 471.0, 34.630861113687544, 66.5978098340145
474.0, 470.0, 34.630861113687544, 66.5978098340145
475.0, 471.0, 34.630861113687544, 66.5978098340145
476.0, 472.0, 34.630861113687544, 66.5978098340145
477.0, 473.0, 34.630861113687544, 66.5978098340145
479.0, 473.0, 34.630861113687544, 66.5978098340145
481.0, 473.0, 34.630861113687544, 66.5978098340145
483.0, 473.0, 33.951824661736026, 65.29197050333852
484.0, 473.0, 33.951824661736026, 65.29197050333852
485.0, 472.0, 33.951824661736026, 65.29197050333852
486.0, 472.0, 33.951824661736026, 65.29197050333852
488.0, 471.0, 34.630860507391084, 66.59780866805977
489.0, 471.0, 34.630860507391084, 66.59780866805977
490.0, 470.0, 34.630860507391084, 66.59780866805977
492.0, 471.0, 34.630860507391084, 66.59780866805977
493.0, 471.0, 34.630860507391084, 66.59780866805977
496.0, 472.0, 34.630860507391084, 66.59780866805977
497.0, 472.0, 34.630860507391084, 66.59780866805977
499.0, 473.0, 33.95182406732773, 65.29196936024563
500.0, 473.0, 33.95182406732773, 65.29196936024563
500.0, 472.0, 33.95182406732773, 65.29196936024563
501.0, 471.0, 33.95182406732773, 65.29196936024563
501.0, 471.0, 33.95182406732773, 65.29196936024563
501.0, 470.0, 33.95182406732773, 65.29196936024563
501.0, 469.0, 34.63085990109463, 66.59780750210507
502.0, 468.0, 34.63085990109463, 66.59780750210507
502.0, 468.0, 34.63085990109463, 66.59780750210507
502.0, 468.0, 34.63085990109463, 66.59780750210507
502.0, 468.0, 34.63085990109463, 66.59780750210507
502.0, 470.0, 34.63085990109463, 66.59780750210507
503.0, 470.0, 34.63085990109463, 66.59780750210507
503.0, 470.0, 34.63085990109463, 66.59780750210507
502.0, 470.0, 33.95182347291944, 65.29196821715279
502.0, 470.0, 33.95182347291944, 65.29196821715279
502.0, 470.0, 33.95182347291944, 65.29196821715279
501.0, 469.0, 33.286101483718795, 64.01173362253614
500.0, 469.0, 33.286101483718795, 64.01173362253614
499.0, 469.0, 33.286101483718795, 64.01173362253614
497.0, 469.0, 33.286101483718795, 64.01173362253614
497.0, 468.0, 33.286101483718795, 64.01173362253614
496.0, 469.0, 33.286101483718795, 64.01173362253614
495.0, 470.0, 32.63343286607737, 62.75660166553341
494.0, 470.0, 32.63343286607737, 62.75660166553341
493.0, 469.0, 32.63343286607737, 62.75660166553341
491.0, 469.0, 32.63343286607737, 62.75660166553341
490.0, 467.0, 33.286100900965586, 64.0117325018569
487.0, 466.0, 33.286100900965586, 64.0117325018569
485.0, 464.0, 33.95182228410291, 65.29196593096712
483.0, 463.0, 34.63085808220535, 66.59780400424106
481.0, 461.0, 35.32347458331826, 67.92975881407358
480.0, 460.0, 35.32347458331826, 67.92975881407358
479.0, 460.0, 35.32347458331826, 67.92975881407358
477.0, 460.0, 35.32347458331826, 67.92975881407358
476.0, 460.0, 35.32347458331826, 67.92975881407358
476.0, 460.0, 35.32347458331826, 67.92975881407358
475.0, 461.0, 35.32347458331826, 67.92975881407358
475.0, 460.0, 35.32347458331826, 67.92975881407358
474.0, 459.0, 35.32347458331826, 67.92975881407358
473.0, 458.0, 35.32347458331826, 67.92975881407358
472.0, 457.0, 35.32347458331826, 67.92975881407358
471.0, 456.0, 35.32347458331826, 67.92975881407358
470.0, 454.0, 35.32347458331826, 67.92975881407358
470.0, 454.0, 35.32347458331826, 67.92975881407358
469.0, 453.0, 35.32347458331826, 67.92975881407358
470.0, 452.0, 35.32347458331826, 67.92975881407358
469.0, 452.0, 35.32347458331826, 67.92975881407358
470.0, 452.0, 35.32347458331826, 67.92975881407358
471.0, 453.0, 35.32347458331826, 67.92975881407358
470.0, 452.0, 35.32347458331826, 67.92975881407358
471.0, 451.0, 35.32347458331826, 67.92975881407358
471.0, 450.0, 34.63085747590894, 66.59780283828643
471.0, 448.0, 34.63085747590894, 66.59780283828643
472.0, 446.0, 34.63085747590894, 66.59780283828643
472.0, 446.0, 34.63085747590894, 66.59780283828643
472.0, 444.0, 35.32347396489593, 67.92975762479986
473.0, 443.0, 35.32347396489593, 67.92975762479986
475.0, 442.0, 35.32347396489593, 67.92975762479986
475.0, 442.0, 35.32347396489593, 67.92975762479986
477.0, 442.0, 35.32347396489593, 67.92975762479986
478.0, 442.0, 35.32347396489593, 67.92975762479986
480.0, 441.0, 35.32347396489593, 67.92975762479986
481.0, 440.0, 35.32347396489593, 67.92975762479986
482.0, 439.0, 35.32347396489593, 67.92975762479986
482.0, 438.0, 35.32347396489593, 67.92975762479986
483.0, 436.0, 35.32347396489593, 67.92975762479986
483.0, 435.0, 35.32347396489593, 67.92975762479986
484.0, 434.0, 35.32347396489593, 67.92975762479986
484.0, 434.0, 35.32347396489593, 67.92975762479986
486.0, 433.0, 35.32347396489593, 67.92975762479986
486.0, 433.0, 34.63085686961254, 66.59780167233181
486.0, 433.0, 34.63085686961254, 66.59780167233181
488.0, 432.0, 34.63085686961254, 66.59780167233181
488.0, 431.0, 34.63085686961254, 66.59780167233181
488.0, 430.0, 34.63085686961254, 66.59780167233181
488.0, 428.0, 34.63085686961254, 66.59780167233181
487.0, 427.0, 34.63085686961254, 66.59780167233181
487.0, 425.0, 34.63085686961254, 66.59780167233181
487.0, 423.0, 34.63085686961254, 66.59780167233181
488.0, 423.0, 34.63085686961254, 66.59780167233181
488.0, 422.0, 34.63085686961254, 66.59780167233181
488.0, 422.0, 34.63085686961254, 66.59780167233181
489.0, 422.0, 34.63085686961254, 66.59780167233181
490.0, 421.0, 34.63085686961254, 66.59780167233181
490.0, 420.0, 34.63085686961254, 66.59780167233181
490.0, 419.0, 34.63085686961254, 66.59780167233181
490.0, 418.0, 34.63085686961254, 66.59780167233181
490.0, 415.0, 34.63085686961254, 66.59780167233181
490.0, 414.0, 34.63085686961254, 66.59780167233181
491.0, 413.0, 34.63085686961254, 66.59780167233181
491.0, 412.0, 34.63085686961254, 66.59780167233181
490.0, 412.0, 34.63085686961254, 66.59780167233181
491.0, 412.0, 33.95182050087818, 65.2919625016888
491.0, 412.0, 33.95182050087818, 65.2919625016888
491.0, 411.0, 33.95182050087818, 65.2919625016888
492.0, 410.0, 33.95182050087818, 65.2919625016888
492.0, 408.0, 33.28609856995284, 64.01172801914008
492.0, 405.0, 33.28609856995284, 64.01172801914008
492.0, 404.0, 33.28609856995284, 64.01172801914008
492.0, 402.0, 33.28609856995284, 64.01172801914008
492.0, 401.0, 33.28609856995284, 64.01172801914008
492.0, 400.0, 33.28609856995284, 64.01172801914008
492.0, 399.0, 33.28609856995284, 64.01172801914008
493.0, 399.0, 33.28609856995284, 64.01172801914008
492.0, 399.0, 33.28609856995284, 64.01172801914008
492.0, 398.0, 33.95181990646996, 65.29196135859607
493.0, 398.0, 33.95181990646996, 65.29196135859607
494.0, 396.0, 33.95181990646996, 65.29196135859607
495.0, 395.0, 33.28609798719968, 64.01172689846094
495.0, 394.0, 33.28609798719968, 64.01172689846094
495.0, 392.0, 33.28609798719968, 64.01172689846094
495.0, 391.0, 33.28609798719968, 64.01172689846094
496.0, 390.0, 33.28609798719968, 64.01172689846094
497.0, 390.0, 32.63342943811745, 62.7565950733028
498.0, 390.0, 32.63342943811745, 62.7565950733028
500.0, 390.0, 32.63342943811745, 62.7565950733028
502.0, 389.0, 32.63342943811745, 62.7565950733028
505.0, 388.0, 32.63342943811745, 62.7565950733028
507.0, 387.0, 32.63342943811745, 62.7565950733028
509.0, 384.0, 32.63342943811745, 62.7565950733028
510.0, 382.0, 32.63342943811745, 62.7565950733028
513.0, 380.0, 32.63342943811745, 62.7565950733028
517.0, 377.0, 32.63342943811745, 62.7565950733028
520.0, 376.0, 32.63342943811745, 62.7565950733028
524.0, 374.0, 32.63342943811745, 62.7565950733028
528.0, 373.0, 33.28609740444654, 64.0117257777818
532.0, 372.0, 33.28609740444654, 64.0117257777818
539.0, 372.0, 33.28609740444654, 64.0117257777818
544.0, 372.0, 33.28609740444654, 64.0117257777818
549.0, 371.0, 33.28609740444654, 64.0117257777818
554.0, 369.0, 33.28609740444654, 64.0117257777818
559.0, 367.0, 33.28609740444654, 64.0117257777818
566.0, 364.0, 33.28609740444654, 64.0117257777818
570.0, 363.0, 32.633428866790844, 62.75659397459777
576.0, 362.0, 32.633428866790844, 62.75659397459777
581.0, 360.0, 31.993557750679336, 61.526072597460264
587.0, 359.0, 31.993557750679336, 61.526072597460264
593.0, 359.0, 31.993557750679336, 61.526072597460264
598.0, 359.0, 31.993557750679336, 61.526072597460264
603.0, 358.0, 31.993557750679336, 61.526072597460264
607.0, 358.0, 31.993557750679336, 61.526072597460264
613.0, 358.0, 32.633428295464235, 62.756592875892764
619.0, 356.0, 32.633428295464235, 62.756592875892764
623.0, 354.0, 32.633428295464235, 62.756592875892764
627.0, 352.0, 32.633428295464235, 62.756592875892764
631.0, 350.0, 32.633428295464235, 62.756592875892764
634.0, 348.0, 32.633428295464235, 62.756592875892764
639.0, 348.0, 32.633428295464235, 62.756592875892764
642.0, 347.0, 32.633428295464235, 62.756592875892764
645.0, 347.0, 32.633428295464235, 62.756592875892764
648.0, 347.0, 33.286096238940274, 64.0117235364236
650.0, 346.0, 33.951817528837175, 65.29195678622534
653.0, 344.0, 33.951817528837175, 65.29195678622534
655.0, 343.0, 33.28609565618715, 64.01172241574453
656.0, 342.0, 33.28609565618715, 64.01172241574453
657.0, 340.0, 33.28609565618715, 64.01172241574453
659.0, 339.0, 33.28609565618715, 64.01172241574453
659.0, 337.0, 33.28609565618715, 64.01172241574453
660.0, 336.0, 33.28609565618715, 64.01172241574453
659.0, 336.0, 33.28609565618715, 64.01172241574453
659.0, 337.0, 33.28609565618715, 64.01172241574453
659.0, 336.0, 33.28609565618715, 64.01172241574453
660.0, 337.0, 33.28609565618715, 64.01172241574453
660.0, 337.0, 33.28609565618715, 64.01172241574453
659.0, 336.0, 33.28609565618715, 64.01172241574453
659.0, 335.0, 33.28609565618715, 64.01172241574453
659.0, 334.0, 33.28609565618715, 64.01172241574453
659.0, 331.0, 33.28609565618715, 64.01172241574453
660.0, 330.0, 33.28609565618715, 64.01172241574453
660.0, 329.0, 33.28609565618715, 64.01172241574453
660.0, 329.0, 33.28609565618715, 64.01172241574453
662.0, 328.0, 33.28609565618715, 64.01172241574453
664.0, 329.0, 33.28609565618715, 64.01172241574453
666.0, 329.0, 33.28609565618715, 64.01172241574453
667.0, 329.0, 33.28609565618715, 64.01172241574453
670.0, 329.0, 33.28609565618715, 64.01172241574453
673.0, 329.0, 33.951816934429004, 65.29195564313271
677.0, 327.0, 33.28609507343404, 64.01172129506547
681.0, 327.0, 33.28609507343404, 64.01172129506547
684.0, 325.0, 33.28609507343404, 64.01172129506547
687.0, 324.0, 33.28609507343404, 64.01172129506547
690.0, 324.0, 33.28609507343404, 64.01172129506547
695.0, 323.0, 33.95181634002084, 65.29195450004008
698.0, 324.0, 33.286094490680945, 64.01172017438643
703.0, 325.0, 33.286094490680945, 64.01172017438643
706.0, 326.0, 33.286094490680945, 64.01172017438643
709.0, 327.0, 33.286094490680945, 64.01172017438643
713.0, 327.0, 33.286094490680945, 64.01172017438643
716.0, 326.0, 33.95181574561269, 65.29195335694749
719.0, 326.0, 33.95181574561269, 65.29195335694749
722.0, 324.0, 33.95181574561269, 65.29195335694749
724.0, 323.0, 33.95181574561269, 65.29195335694749
728.0, 322.0, 33.95181574561269, 65.29195335694749
730.0, 321.0, 33.95181574561269, 65.29195335694749
732.0, 322.0, 33.95181574561269, 65.29195335694749
734.0, 322.0, 33.95181574561269, 65.29195335694749
736.0, 322.0, 33.95181574561269, 65.29195335694749
739.0, 324.0, 33.95181574561269, 65.29195335694749
742.0, 325.0, 33.95181574561269, 65.29195335694749
745.0, 325.0, 33.95181574561269, 65.29195335694749
747.0, 325.0, 33.95181574561269, 65.29195335694749
749.0, 324.0, 33.95181574561269, 65.29195335694749
751.0, 323.0, 33.95181574561269, 65.29195335694749
753.0, 322.0, 33.95181574561269, 65.29195335694749
756.0, 322.0, 33.95181574561269, 65.29195335694749
758.0, 322.0, 33.95181574561269, 65.29195335694749
759.0, 322.0, 33.95181574561269, 65.29195335694749
762.0, 322.0, 33.95181574561269, 65.29195335694749
764.0, 324.0, 33.95181574561269, 65.29195335694749
765.0, 324.0, 33.95181574561269, 65.29195335694749
767.0, 325.0, 34.630851412945454, 66.59779117874126
769.0, 325.0, 34.630851412945454, 66.59779117874126
772.0, 324.0, 34.630851412945454, 66.59779117874126
774.0, 323.0, 34.630851412945454, 66.59779117874126
776.0, 322.0, 34.630851412945454, 66.59779117874126
777.0, 321.0, 34.630851412945454, 66.59779117874126
779.0, 321.0, 34.630851412945454, 66.59779117874126
782.0, 321.0, 34.630851412945454, 66.59779117874126
783.0, 321.0, 34.630851412945454, 66.59779117874126
786.0, 322.0, 34.630851412945454, 66.59779117874126
787.0, 323.0, 34.630851412945454, 66.59779117874126
790.0, 324.0, 34.630851412945454, 66.59779117874126
793.0, 324.0, 34.630851412945454, 66.59779117874126
795.0, 324.0, 35.32346778067329, 67.92974573206402
796.0, 323.0, 35.32346778067329, 67.92974573206402
799.0, 323.0, 35.32346778067329, 67.92974573206402
802.0, 321.0, 35.32346778067329, 67.92974573206402
805.0, 321.0, 34.630850806649164, 66.59779001278686
807.0, 320.0, 33.95181455679642, 65.29195107076235
809.0, 321.0, 33.28609274242171, 64.01171681234943
811.0, 322.0, 32.633424296178255, 62.75658518495819
815.0, 323.0, 32.633424296178255, 62.75658518495819
817.0, 324.0, 33.28609215966865, 64.01171569167047
818.0, 325.0, 33.28609215966865, 64.01171569167047
821.0, 325.0, 33.9518133679802, 65.2919487845773
823.0, 324.0, 34.63084898776036, 66.59778651492377
824.0, 323.0, 35.32346530698454, 67.92974097497027
827.0, 322.0, 35.32346530698454, 67.92974097497027
829.0, 321.0, 35.32346530698454, 67.92974097497027
830.0, 320.0, 35.32346530698454, 67.92974097497027
833.0, 320.0, 34.63084838146411, 66.59778534896945
835.0, 320.0, 34.63084838146411, 66.59778534896945
837.0, 320.0, 34.63084838146411, 66.59778534896945
838.0, 322.0, 34.63084838146411, 66.59778534896945
839.0, 322.0, 34.63084838146411, 66.59778534896945
842.0, 322.0, 34.63084838146411, 66.59778534896945
842.0, 322.0, 34.63084838146411, 66.59778534896945
845.0, 321.0, 34.63084838146411, 66.59778534896945
845.0, 320.0, 34.63084838146411, 66.59778534896945
847.0, 319.0, 34.63084838146411, 66.59778534896945
849.0, 319.0, 33.95181217916402, 65.29194649839235
850.0, 318.0, 33.286090411409546, 64.01171232963374
852.0, 318.0, 33.286090411409546, 64.01171232963374
853.0, 318.0, 33.286090411409546, 64.01171232963374
854.0, 319.0, 33.286090411409546, 64.01171232963374
855.0, 320.0, 33.286090411409546, 64.01171232963374
856.0, 321.0, 33.286090411409546, 64.01171232963374
858.0, 321.0, 33.951811584755944, 65.29194535529989
859.0, 320.0, 33.951811584755944, 65.29194535529989
860.0, 319.0, 33.951811584755944, 65.29194535529989
861.0, 318.0, 34.63084716887165, 66.59778301706086
863.0, 317.0, 34.63084716887165, 66.59778301706086
864.0, 316.0, 34.63084716887165, 66.59778301706086
866.0, 316.0, 34.63084716887165, 66.59778301706086
868.0, 316.0, 34.63084716887165, 66.59778301706086
869.0, 315.0, 34.63084716887165, 66.59778301706086
871.0, 316.0, 34.63084716887165, 66.59778301706086
873.0, 317.0, 34.63084716887165, 66.59778301706086
874.0, 317.0, 34.63084716887165, 66.59778301706086
877.0, 317.0, 34.63084716887165, 66.59778301706086
878.0, 316.0, 33.95181099034788, 65.29194421220745
880.0, 316.0, 33.95181099034788, 65.29194421220745
883.0, 315.0, 33.28608924590352, 64.011710088276
883.0, 314.0, 33.28608924590352, 64.011710088276
884.0, 314.0, 33.28608924590352, 64.011710088276
887.0, 314.0, 33.28608924590352, 64.011710088276
887.0, 314.0, 33.28608924590352, 64.011710088276
888.0, 315.0, 33.28608924590352, 64.011710088276
889.0, 315.0, 33.28608924590352, 64.011710088276
889.0, 315.0, 33.28608924590352, 64.011710088276
889.0, 315.0, 33.28608924590352, 64.011710088276
889.0, 313.0, 33.95181039593982, 65.29194306911505
888.0, 311.0, 34.63084595627923, 66.59778068515236
889.0, 310.0, 34.63084595627923, 66.59778068515236
888.0, 309.0, 34.63084595627923, 66.59778068515236
887.0, 307.0, 33.95180980153178, 65.29194192602264
887.0, 307.0, 33.95180980153178, 65.29194192602264
885.0, 307.0, 33.95180980153178, 65.29194192602264
884.0, 307.0, 33.95180980153178, 65.29194192602264
882.0, 307.0, 33.95180980153178, 65.29194192602264
881.0, 307.0, 33.95180980153178, 65.29194192602264
880.0, 306.0, 33.95180980153178, 65.29194192602264
878.0, 305.0, 33.28608808039753, 64.01170784691834
877.0, 304.0, 33.28608808039753, 64.01170784691834
875.0, 302.0, 32.63341972556632, 62.75657639531985
874.0, 301.0, 32.63341972556632, 62.75657639531985
872.0, 300.0, 32.63341972556632, 62.75657639531985
868.0, 298.0, 31.993548788694497, 61.52605536287403
866.0, 298.0, 31.993548788694497, 61.52605536287403
863.0, 298.0, 31.993548788694497, 61.52605536287403
862.0, 298.0, 31.993548788694497, 61.52605536287403
859.0, 298.0, 31.993548788694497, 61.52605536287403
856.0, 298.0, 32.633419154239874, 62.756575296615146
853.0, 296.0, 33.2860869148916, 64.01170560556076
852.0, 295.0, 33.2860869148916, 64.01170560556076
850.0, 293.0, 33.2860869148916, 64.01170560556076
849.0, 292.0, 33.2860869148916, 64.01170560556076
847.0, 290.0, 33.2860869148916, 64.01170560556076
846.0, 290.0, 32.633418582913436, 62.75657419791046
847.0, 290.0, 32.633418582913436, 62.75657419791046
846.0, 289.0, 31.99354766844657, 61.5260532085511
845.0, 290.0, 31.99354766844657, 61.5260532085511
845.0, 290.0, 31.99354766844657, 61.5260532085511
845.0, 289.0, 31.99354766844657, 61.5260532085511
846.0, 288.0, 31.99354766844657, 61.5260532085511
846.0, 287.0, 31.99354766844657, 61.5260532085511
846.0, 286.0, 31.99354766844657, 61.5260532085511
847.0, 285.0, 31.99354766844657, 61.5260532085511
848.0, 284.0, 31.99354766844657, 61.5260532085511
849.0, 283.0, 31.366223241750838, 60.31966008029007
851.0, 283.0, 30.751199293276755, 59.13692171783992
851.0, 284.0, 30.751199293276755, 59.13692171783992
852.0, 284.0, 30.751199293276755, 59.13692171783992
853.0, 284.0, 31.366222692609714, 60.31965902424945
853.0, 284.0, 31.366222692609714, 60.31965902424945
855.0, 284.0, 31.366222692609714, 60.31965902424945
855.0, 283.0, 31.366222692609714, 60.31965902424945
857.0, 282.0, 31.366222692609714, 60.31965902424945
857.0, 281.0, 31.993546548198687, 61.52605105422825
858.0, 279.0, 31.993546548198687, 61.52605105422825
859.0, 279.0, 31.993546548198687, 61.52605105422825
859.0, 278.0, 31.993546548198687, 61.52605105422825
860.0, 277.0, 31.993546548198687, 61.52605105422825
861.0, 278.0, 31.366222143468594, 60.31965796820884
861.0, 278.0, 31.366222143468594, 60.31965796820884
861.0, 278.0, 31.993545988074757, 61.52604997706684
861.0, 278.0, 31.366221594327488, 60.31965691216825
862.0, 277.0, 31.366221594327488, 60.31965691216825
863.0, 277.0, 31.366221594327488, 60.31965691216825
862.0, 276.0, 31.366221594327488, 60.31965691216825
862.0, 274.0, 31.366221594327488, 60.31965691216825
863.0, 274.0, 30.751197678155823, 59.13691861183812
863.0, 273.0, 30.751197678155823, 59.13691861183812
863.0, 273.0, 30.148233053739318, 57.977371257190995
862.0, 273.0, 30.148233053739318, 57.977371257190995
861.0, 273.0, 30.148233053739318, 57.977371257190995
860.0, 273.0, 30.148233053739318, 57.977371257190995
860.0, 273.0, 30.751197139782192, 59.13691757650422
859.0, 272.0, 30.751197139782192, 59.13691757650422
860.0, 271.0, 30.751197139782192, 59.13691757650422
859.0, 269.0, 30.751197139782192, 59.13691757650422
859.0, 269.0, 30.751197139782192, 59.13691757650422
859.0, 266.0, 30.751197139782192, 59.13691757650422
858.0, 266.0, 30.751197139782192, 59.13691757650422
858.0, 266.0, 30.751197139782192, 59.13691757650422
857.0, 266.0, 30.751197139782192, 59.13691757650422
856.0, 265.0, 30.751197139782192, 59.13691757650422
856.0, 266.0, 30.751197139782192, 59.13691757650422
855.0, 265.0, 30.751197139782192, 59.13691757650422
855.0, 265.0, 30.751197139782192, 59.13691757650422
855.0, 264.0, 30.751197139782192, 59.13691757650422
855.0, 263.0, 30.751197139782192, 59.13691757650422
855.0, 261.0, 30.751197139782192, 59.13691757650422
855.0, 260.0, 30.751197139782192, 59.13691757650422
854.0, 260.0, 30.751197139782192, 59.13691757650422
855.0, 260.0, 30.148232525922037, 57.97737024215776
855.0, 259.0, 30.148232525922037, 57.97737024215776
854.0, 260.0, 30.148232525922037, 57.97737024215776
855.0, 260.0, 30.148232525922037, 57.97737024215776
855.0, 260.0, 30.148232525922037, 57.97737024215776
855.0, 260.0, 30.751196601408576, 59.136916541170336
855.0, 259.0, 30.751196601408576, 59.136916541170336
856.0, 258.0, 30.751196601408576, 59.136916541170336
856.0, 256.0, 30.751196601408576, 59.136916541170336
857.0, 256.0, 30.751196601408576, 59.136916541170336
858.0, 255.0, 30.751196601408576, 59.136916541170336
859.0, 255.0, 30.148231998104766, 57.97736922712455
859.0, 254.0, 30.148231998104766, 57.97736922712455
859.0, 255.0, 30.148231998104766, 57.97736922712455
860.0, 255.0, 30.148231998104766, 57.97736922712455
860.0, 255.0, 30.751196063034968, 59.13691550583648
861.0, 255.0, 30.751196063034968, 59.13691550583648
861.0, 254.0, 30.751196063034968, 59.13691550583648
862.0, 254.0, 30.751196063034968, 59.13691550583648
863.0, 252.0, 30.148231470287502, 57.97736821209135
864.0, 252.0, 30.148231470287502, 57.97736821209135
865.0, 251.0, 30.148231470287502, 57.97736821209135
866.0, 251.0, 29.55708971198725, 56.84055713843702
866.0, 251.0, 29.55708971198725, 56.84055713843702
867.0, 252.0, 28.977538967864753, 55.72603647666299
867.0, 252.0, 28.977538967864753, 55.72603647666299
868.0, 253.0, 29.557089194519353, 56.84055614330645
868.0, 253.0, 29.557089194519353, 56.84055614330645
869.0, 252.0, 30.148230414653003, 57.97736618202501
869.0, 252.0, 30.148230414653003, 57.97736618202501
870.0, 251.0, 30.148230414653003, 57.97736618202501
870.0, 250.0, 30.148230414653003, 57.97736618202501
871.0, 249.0, 30.148230414653003, 57.97736618202501
871.0, 248.0, 30.148230414653003, 57.97736618202501
871.0, 248.0, 30.148230414653003, 57.97736618202501
871.0, 248.0, 29.557088677051468, 56.840555148175895
871.0, 249.0, 29.557088677051468, 56.840555148175895
871.0, 250.0, 29.557088677051468, 56.840555148175895
871.0, 250.0, 30.14822988683577, 57.977365166991866
871.0, 250.0, 30.14822988683577, 57.977365166991866
871.0, 249.0, 30.14822988683577, 57.977365166991866
871.0, 248.0, 29.557088159583593, 56.84055415304537
872.0, 248.0, 29.557088159583593, 56.84055415304537
872.0, 247.0, 28.977537445900378, 55.72603354980842
871.0, 246.0, 28.977537445900378, 55.72603354980842
871.0, 246.0, 28.977537445900378, 55.72603354980842
871.0, 246.0, 28.977537445900378, 55.72603354980842
870.0, 246.0, 28.977537445900378, 55.72603354980842
869.0, 246.0, 28.977537445900378, 55.72603354980842
869.0, 247.0, 28.977537445900378, 55.72603354980842
867.0, 247.0, 29.55708764211572, 56.84055315791485
866.0, 246.0, 29.55708764211572, 56.84055315791485
865.0, 245.0, 29.55708764211572, 56.84055315791485
862.0, 244.0, 30.14822883120133, 57.97736313692564
862.0, 243.0, 29.557087124647865, 56.840552162784356
860.0, 242.0, 29.557087124647865, 56.840552162784356
859.0, 242.0, 29.557087124647865, 56.840552162784356
856.0, 242.0, 29.557087124647865, 56.840552162784356
855.0, 242.0, 29.557087124647865, 56.840552162784356
854.0, 242.0, 28.97753643125751, 55.726031598572135
851.0, 243.0, 28.97753643125751, 55.726031598572135
850.0, 243.0, 28.97753643125751, 55.726031598572135
848.0, 243.0, 29.55708660718001, 56.84055116765387
846.0, 243.0, 29.55708660718001, 56.84055116765387
846.0, 241.0, 28.97753592393608, 55.726030622954006
843.0, 241.0, 28.97753592393608, 55.726030622954006
842.0, 240.0, 28.97753592393608, 55.726030622954006
839.0, 239.0, 28.97753592393608, 55.726030622954006
838.0, 239.0, 28.409348978901956, 54.6333634209653
837.0, 239.0, 28.409348978901956, 54.6333634209653
836.0, 239.0, 28.409348978901956, 54.6333634209653
833.0, 240.0, 28.977535416614668, 55.7260296473359
832.0, 241.0, 28.977535416614668, 55.7260296473359
829.0, 241.0, 28.977535416614668, 55.7260296473359
829.0, 240.0, 29.557085572244336, 56.84054917739295
828.0, 239.0, 29.557085572244336, 56.84054917739295
827.0, 239.0, 29.557085572244336, 56.84054917739295
825.0, 238.0, 29.557085572244336, 56.84054917739295
826.0, 237.0, 29.557085572244336, 56.84054917739295
826.0, 237.0, 28.977534909293265, 55.72602867171781
825.0, 237.0, 28.977534909293265, 55.72602867171781
825.0, 237.0, 28.977534909293265, 55.72602867171781
825.0, 238.0, 28.977534909293265, 55.72602867171781
825.0, 238.0, 28.977534909293265, 55.72602867171781
825.0, 238.0, 29.557085054776515, 56.84054818226252
825.0, 239.0, 29.557085054776515, 56.84054818226252
825.0, 238.0, 29.557085054776515, 56.84054818226252
826.0, 238.0, 29.557085054776515, 56.84054818226252
826.0, 237.0, 28.977534401971866, 55.72602769609974
827.0, 237.0, 28.977534401971866, 55.72602769609974
828.0, 236.0, 28.977534401971866, 55.72602769609974
829.0, 237.0, 28.409347486780174, 54.63336055150034
830.0, 237.0, 28.409347486780174, 54.63336055150034
830.0, 238.0, 28.97753389465048, 55.72602672048169
831.0, 239.0, 28.97753389465048, 55.72602672048169
831.0, 239.0, 28.97753389465048, 55.72602672048169
832.0, 240.0, 29.557084019840893, 56.84054619200172
832.0, 239.0, 29.557084019840893, 56.84054619200172
833.0, 240.0, 29.557084019840893, 56.84054619200172
833.0, 239.0, 29.557084019840893, 56.84054619200172
834.0, 239.0, 29.557084019840893, 56.84054619200172
834.0, 238.0, 29.557084019840893, 56.84054619200172
835.0, 238.0, 28.9775333873291, 55.726025744863655
835.0, 239.0, 28.9775333873291, 55.726025744863655
835.0, 239.0, 28.9775333873291, 55.726025744863655
835.0, 239.0, 28.9775333873291, 55.726025744863655
834.0, 240.0, 28.9775333873291, 55.726025744863655
834.0, 241.0, 28.9775333873291, 55.726025744863655
834.0, 241.0, 28.9775333873291, 55.726025744863655
833.0, 240.0, 28.9775333873291, 55.726025744863655
832.0, 239.0, 28.9775333873291, 55.726025744863655
832.0, 239.0, 28.9775333873291, 55.726025744863655
830.0, 238.0, 28.9775333873291, 55.726025744863655
830.0, 238.0, 28.409346492032363, 54.633358638523774
829.0, 238.0, 28.409346492032363, 54.633358638523774
829.0, 239.0, 27.852300515587203, 53.56211637612923
827.0, 240.0, 27.852300515587203, 53.56211637612923
825.0, 241.0, 27.852300515587203, 53.56211637612923
824.0, 241.0, 27.852300515587203, 53.56211637612923
823.0, 241.0, 27.852300515587203, 53.56211637612923
821.0, 241.0, 28.409345994658473, 54.63335768203552
819.0, 241.0, 28.97753237268637, 55.72602379362763
817.0, 240.0, 28.97753237268637, 55.72602379362763
816.0, 239.0, 28.97753237268637, 55.72602379362763
816.0, 239.0, 28.97753237268637, 55.72602379362763
814.0, 239.0, 28.97753237268637, 55.72602379362763
813.0, 239.0, 28.97753237268637, 55.72602379362763
811.0, 240.0, 28.97753237268637, 55.72602379362763
810.0, 241.0, 28.97753237268637, 55.72602379362763
808.0, 241.0, 28.97753237268637, 55.72602379362763
808.0, 242.0, 28.409345497284587, 54.63335672554728
807.0, 242.0, 28.409345497284587, 54.63335672554728
805.0, 242.0, 28.409345497284587, 54.63335672554728
803.0, 242.0, 28.977531865365016, 55.726022818009646
803.0, 241.0, 28.40934499991071, 54.63335576905906
801.0, 241.0, 28.97753135804367, 55.726021842391674
801.0, 241.0, 28.409344502536847, 54.63335481257086
800.0, 241.0, 27.852298565101393, 53.562112625194985
799.0, 242.0, 27.852298565101393, 53.562112625194985
797.0, 242.0, 27.852298565101393, 53.562112625194985
796.0, 244.0, 28.409344005162986, 54.633353856082664
795.0, 244.0, 28.409344005162986, 54.633353856082664
795.0, 245.0, 28.409344005162986, 54.633353856082664
794.0, 245.0, 28.409344005162986, 54.633353856082664
793.0, 244.0, 28.977530343401014, 55.726019891155794
793.0, 244.0, 28.977530343401014, 55.726019891155794
793.0, 244.0, 28.977530343401014, 55.726019891155794
792.0, 243.0, 28.977530343401014, 55.726019891155794
793.0, 244.0, 28.40934350778914, 54.63335289959449
793.0, 244.0, 28.40934350778914, 54.63335289959449
792.0, 244.0, 28.40934350778914, 54.63335289959449
793.0, 246.0, 28.40934350778914, 54.63335289959449
793.0, 246.0, 28.40934350778914, 54.63335289959449
792.0, 247.0, 28.40934350778914, 54.63335289959449
793.0, 248.0, 28.40934350778914, 54.63335289959449
793.0, 248.0, 28.40934350778914, 54.63335289959449
792.0, 247.0, 28.40934350778914, 54.63335289959449
793.0, 247.0, 28.40934350778914, 54.63335289959449
793.0, 247.0, 28.40934350778914, 54.63335289959449
793.0, 246.0, 28.40934350778914, 54.63335289959449
