533.0,185.0,63.0,43.0
533.0,185.0,63.0,43.0
532.0,185.0,63.0,43.0
533.0,185.0,62.0,43.0
533.0,186.0,62.0,42.0
534.0,186.0,62.0,42.0
535.0,187.0,61.0,42.0
535.0,187.0,61.0,42.0
537.0,188.0,61.0,42.0
137.0,49.0,10.0,7.0
137.0,49.0,9.0,9.0
137.0,48.0,9.0,9.0
138.0,49.0,9.0,9.0
138.0,49.0,9.0,9.0
138.0,49.0,9.0,10.0
139.0,49.0,10.0,10.0
140.0,50.0,10.0,10.0
140.0,50.0,10.0,10.0
141.0,50.0,10.0,10.0
141.0,51.0,10.0,10.0
144.0,51.0,8.0,10.0
145.0,51.0,8.0,10.0
146.0,52.0,8.0,10.0
147.0,52.0,8.0,10.0
147.0,52.0,8.0,11.0
148.0,53.0,8.0,11.0
149.0,54.0,8.0,11.0
150.0,54.0,8.0,11.0
151.0,55.0,8.0,11.0
153.0,55.0,9.0,12.0
155.0,56.0,6.0,13.0
156.0,56.0,6.0,13.0
157.0,57.0,7.0,14.0
158.0,57.0,7.0,14.0
159.0,58.0,7.0,14.0
160.0,59.0,7.0,14.0
161.0,59.0,7.0,14.0
163.0,61.0,7.0,14.0
165.0,61.0,7.0,14.0
166.0,62.0,7.0,14.0
168.0,63.0,6.0,15.0
169.0,63.0,6.0,14.0
170.0,64.0,6.0,14.0
172.0,65.0,5.0,14.0
173.0,66.0,5.0,14.0
175.0,67.0,5.0,14.0
176.0,68.0,5.0,14.0
178.0,69.0,5.0,14.0
179.0,69.0,6.0,14.0
181.0,70.0,6.0,14.0
182.0,71.0,7.0,16.0
183.0,72.0,7.0,15.0
185.0,73.0,7.0,15.0
186.0,74.0,7.0,15.0
188.0,75.0,7.0,15.0
190.0,76.0,7.0,15.0
192.0,77.0,7.0,15.0
193.0,78.0,7.0,15.0
195.0,79.0,6.0,14.0
197.0,80.0,6.0,14.0
198.0,82.0,10.0,14.0
199.0,83.0,10.0,13.0
201.0,84.0,10.0,13.0
203.0,85.0,10.0,13.0
205.0,86.0,10.0,13.0
207.0,87.0,9.0,13.0
210.0,88.0,9.0,12.0
211.0,89.0,9.0,13.0
213.0,90.0,9.0,13.0
215.0,91.0,9.0,13.0
217.0,93.0,10.0,13.0
218.0,94.0,10.0,12.0
220.0,95.0,10.0,12.0
222.0,96.0,10.0,12.0
223.0,97.0,10.0,12.0
225.0,97.0,10.0,12.0
226.0,98.0,10.0,12.0
227.0,99.0,10.0,12.0
228.0,100.0,10.0,13.0
229.0,101.0,10.0,13.0
229.0,101.0,11.0,13.0
229.0,101.0,11.0,13.0
230.0,102.0,11.0,13.0
230.0,103.0,11.0,13.0
231.0,103.0,11.0,13.0
232.0,104.0,12.0,13.0
232.0,104.0,12.0,13.0
232.0,105.0,12.0,13.0
233.0,105.0,12.0,13.0
233.0,106.0,12.0,13.0
234.0,105.0,12.0,16.0
234.0,104.0,12.0,15.0
234.0,105.0,11.0,15.0
234.0,105.0,12.0,15.0
233.0,105.0,12.0,15.0
234.0,102.0,11.0,18.0
234.0,102.0,11.0,18.0
233.0,101.0,11.0,18.0
232.0,101.0,11.0,18.0
231.0,100.0,11.0,18.0
229.0,99.0,14.0,18.0
228.0,98.0,14.0,17.0
227.0,97.0,13.0,17.0
225.0,96.0,14.0,17.0
225.0,94.0,14.0,18.0
219.0,92.0,19.0,19.0
218.0,91.0,19.0,19.0
217.0,90.0,19.0,19.0
216.0,89.0,18.0,18.0
215.0,87.0,17.0,18.0
213.0,89.0,19.0,15.0
212.0,88.0,19.0,15.0
211.0,87.0,18.0,14.0
211.0,86.0,18.0,14.0
210.0,85.0,19.0,15.0
209.0,86.0,23.0,14.0
208.0,85.0,22.0,13.0
209.0,85.0,26.0,14.0
208.0,83.0,26.0,14.0
209.0,83.0,21.0,14.0
208.0,82.0,21.0,14.0
209.0,81.0,21.0,14.0
208.0,81.0,20.0,14.0
210.0,80.0,15.0,14.0
210.0,80.0,15.0,13.0
211.0,79.0,14.0,15.0
211.0,78.0,14.0,15.0
212.0,78.0,14.0,16.0
213.0,78.0,14.0,16.0
213.0,77.0,14.0,17.0
214.0,77.0,13.0,16.0
215.0,76.0,13.0,18.0
215.0,76.0,13.0,17.0
217.0,76.0,12.0,18.0
217.0,75.0,12.0,18.0
219.0,75.0,11.0,18.0
220.0,75.0,11.0,17.0
221.0,75.0,11.0,17.0
221.0,75.0,11.0,17.0
224.0,74.0,10.0,16.0
225.0,74.0,10.0,16.0
226.0,74.0,10.0,17.0
227.0,74.0,10.0,17.0
227.0,74.0,10.0,17.0
228.0,74.0,10.0,17.0
230.0,74.0,9.0,17.0
231.0,74.0,9.0,17.0
233.0,74.0,9.0,18.0
234.0,74.0,9.0,17.0
235.0,73.0,10.0,18.0
236.0,73.0,10.0,17.0
238.0,74.0,9.0,17.0
239.0,73.0,9.0,17.0
241.0,73.0,9.0,17.0
242.0,73.0,9.0,17.0
244.0,73.0,9.0,18.0
245.0,73.0,9.0,18.0
246.0,73.0,9.0,18.0
