608.0, 143.0, 164.0, 203.0
610.0, 142.0, 164.0, 203.0
610.0, 141.0, 164.0, 203.0
612.0, 138.0, 164.0, 203.0
614.0, 137.0, 164.0, 203.0
616.0, 134.0, 164.0, 203.0
618.0, 133.0, 164.0, 203.0
618.0, 130.0, 164.0, 203.0
620.0, 127.0, 164.0, 203.0
622.0, 124.0, 164.0, 203.0
624.0, 123.0, 164.0, 203.0
624.0, 120.0, 164.0, 203.0
624.0, 119.0, 164.0, 203.0
624.0, 116.0, 164.0, 203.0
626.0, 115.0, 164.0, 203.0
626.0, 112.0, 164.0, 203.0
628.0, 111.0, 164.0, 203.0
628.0, 108.0, 164.0, 203.0
628.0, 107.0, 164.0, 203.0
628.0, 104.0, 164.0, 203.0
628.0, 101.0, 164.0, 203.0
628.0, 98.0, 164.0, 203.0
628.0, 97.0, 164.0, 203.0
628.0, 92.0, 164.0, 203.0
628.0, 91.0, 164.0, 203.0
628.0, 88.0, 164.0, 203.0
626.0, 85.0, 164.0, 203.0
626.0, 84.0, 164.0, 203.0
626.0, 83.0, 164.0, 203.0
626.0, 80.0, 164.0, 203.0
626.0, 81.0, 164.0, 203.0
626.0, 78.0, 164.0, 203.0
626.0, 77.0, 164.0, 203.0
626.0, 76.0, 164.0, 203.0
626.0, 75.0, 164.0, 203.0
624.0, 72.0, 164.0, 203.0
624.0, 73.0, 164.0, 203.0
624.0, 70.0, 164.0, 203.0
624.0, 69.0, 164.0, 203.0
624.0, 64.0, 164.0, 203.0
622.0, 63.0, 164.0, 203.0
622.0, 58.0, 164.0, 203.0
620.0, 57.0, 164.0, 203.0
620.0, 52.0, 164.0, 203.0
620.0, 51.0, 164.0, 203.0
618.0, 46.0, 164.0, 203.0
618.0, 45.0, 164.0, 203.0
618.0, 40.0, 164.0, 203.0
616.0, 39.0, 164.0, 203.0
614.0, 38.0, 164.0, 203.0
612.0, 37.0, 164.0, 203.0
612.0, 34.0, 164.0, 203.0
610.0, 33.0, 164.0, 203.0
608.0, 28.0, 164.0, 203.0
606.0, 27.0, 164.0, 203.0
604.0, 24.0, 164.0, 203.0
602.0, 21.0, 164.0, 203.0
600.0, 18.0, 164.0, 203.0
596.0, 17.0, 164.0, 203.0
594.0, 14.0, 164.0, 203.0
592.0, 13.0, 164.0, 203.0
590.0, 12.0, 164.0, 203.0
590.0, 15.0, 164.0, 203.0
588.0, 14.0, 164.0, 203.0
586.0, 17.0, 164.0, 203.0
584.0, 18.0, 164.0, 203.0
582.0, 19.0, 164.0, 203.0
580.0, 18.0, 164.0, 203.0
578.0, 21.0, 164.0, 203.0
574.0, 22.0, 164.0, 203.0
570.0, 23.0, 164.0, 203.0
568.0, 24.0, 164.0, 203.0
564.0, 27.0, 164.0, 203.0
560.0, 28.0, 164.0, 203.0
556.0, 29.0, 164.0, 203.0
552.0, 30.0, 164.0, 203.0
548.0, 33.0, 164.0, 203.0
544.0, 34.0, 164.0, 203.0
540.0, 39.0, 164.0, 203.0
536.0, 42.0, 164.0, 203.0
532.0, 45.0, 164.0, 203.0
528.0, 48.0, 164.0, 203.0
524.0, 53.0, 164.0, 203.0
520.0, 58.0, 164.0, 203.0
516.0, 65.0, 164.0, 203.0
510.0, 70.0, 164.0, 203.0
506.0, 77.0, 164.0, 203.0
500.0, 82.0, 164.0, 203.0
494.0, 87.0, 164.0, 203.0
488.0, 90.0, 164.0, 203.0
482.0, 95.0, 164.0, 203.0
478.0, 98.0, 164.0, 203.0
472.0, 105.0, 164.0, 203.0
466.0, 110.0, 164.0, 203.0
460.0, 119.0, 164.0, 203.0
452.0, 128.0, 164.0, 203.0
444.0, 141.0, 164.0, 203.0
436.0, 152.0, 164.0, 203.0
426.0, 163.0, 164.0, 203.0
418.0, 172.0, 164.0, 203.0
410.0, 181.0, 164.0, 203.0
402.0, 188.0, 164.0, 203.0
394.0, 193.0, 164.0, 203.0
386.0, 196.0, 164.0, 203.0
376.0, 201.0, 164.0, 203.0
366.0, 204.0, 164.0, 203.0
358.0, 209.0, 164.0, 203.0
348.0, 214.0, 164.0, 203.0
342.0, 221.0, 164.0, 203.0
334.0, 226.0, 164.0, 203.0
326.0, 233.0, 164.0, 203.0
318.0, 236.0, 164.0, 203.0
310.0, 241.0, 164.0, 203.0
300.0, 248.0, 164.0, 203.0
292.0, 255.0, 164.0, 203.0
284.0, 256.0, 164.0, 203.0
276.0, 257.0, 164.0, 203.0
268.0, 258.0, 164.0, 203.0
262.0, 259.0, 164.0, 203.0
258.0, 256.0, 164.0, 203.0
252.0, 255.0, 164.0, 203.0
244.0, 254.0, 164.0, 203.0
238.0, 257.0, 164.0, 203.0
232.0, 258.0, 164.0, 203.0
228.0, 263.0, 164.0, 203.0
226.0, 264.0, 164.0, 203.0
228.0, 263.0, 164.0, 203.0
230.0, 260.0, 164.0, 203.0
230.0, 261.0, 164.0, 203.0
230.0, 262.0, 164.0, 203.0
232.0, 263.0, 164.0, 203.0
236.0, 262.0, 164.0, 203.0
240.0, 265.0, 164.0, 203.0
242.0, 266.0, 164.0, 203.0
246.0, 265.0, 164.0, 203.0
250.0, 262.0, 164.0, 203.0
256.0, 261.0, 164.0, 203.0
262.0, 258.0, 164.0, 203.0
272.0, 255.0, 164.0, 203.0
284.0, 250.0, 164.0, 203.0
298.0, 245.0, 164.0, 203.0
312.0, 238.0, 164.0, 203.0
326.0, 233.0, 164.0, 203.0
340.0, 228.0, 164.0, 203.0
356.0, 223.0, 164.0, 203.0
372.0, 218.0, 164.0, 203.0
388.0, 215.0, 164.0, 203.0
404.0, 210.0, 164.0, 203.0
420.0, 207.0, 164.0, 203.0
434.0, 206.0, 164.0, 203.0
450.0, 205.0, 164.0, 203.0
466.0, 202.0, 164.0, 203.0
480.0, 203.0, 164.0, 203.0
494.0, 200.0, 164.0, 203.0
508.0, 201.0, 164.0, 203.0
526.0, 200.0, 164.0, 203.0
544.0, 201.0, 164.0, 203.0
562.0, 198.0, 164.0, 203.0
580.0, 197.0, 164.0, 203.0
598.0, 196.0, 164.0, 203.0
618.0, 195.0, 164.0, 203.0
640.0, 192.0, 164.0, 203.0
662.0, 191.0, 164.0, 203.0
686.0, 192.0, 164.0, 203.0
710.0, 195.0, 164.0, 203.0
732.0, 196.0, 164.0, 203.0
752.0, 197.0, 164.0, 203.0
768.0, 198.0, 164.0, 203.0
780.0, 197.0, 164.0, 203.0
788.0, 194.0, 164.0, 203.0
790.0, 193.0, 164.0, 203.0
0.0, 0.0, 0.0, 0.0
0.0, 0.0, 0.0, 0.0
0.0, 0.0, 0.0, 0.0
0.0, 0.0, 0.0, 0.0
0.0, 0.0, 0.0, 0.0
0.0, 0.0, 0.0, 0.0
0.0, 0.0, 0.0, 0.0
0.0, 0.0, 0.0, 0.0
0.0, 0.0, 0.0, 0.0
0.0, 0.0, 0.0, 0.0
0.0, 0.0, 0.0, 0.0
0.0, 0.0, 0.0, 0.0
0.0, 0.0, 0.0, 0.0
0.0, 0.0, 0.0, 0.0
0.0, 0.0, 0.0, 0.0
0.0, 0.0, 0.0, 0.0
0.0, 0.0, 0.0, 0.0
0.0, 0.0, 0.0, 0.0
0.0, 0.0, 0.0, 0.0
0.0, 0.0, 0.0, 0.0
0.0, 0.0, 0.0, 0.0
0.0, 0.0, 0.0, 0.0
0.0, 0.0, 0.0, 0.0
0.0, 0.0, 0.0, 0.0
0.0, 0.0, 0.0, 0.0
0.0, 0.0, 0.0, 0.0
0.0, 0.0, 0.0, 0.0
0.0, 0.0, 0.0, 0.0
0.0, 0.0, 0.0, 0.0
0.0, 0.0, 0.0, 0.0
0.0, 0.0, 0.0, 0.0
0.0, 0.0, 0.0, 0.0
0.0, 0.0, 0.0, 0.0
0.0, 0.0, 0.0, 0.0
0.0, 0.0, 0.0, 0.0
0.0, 0.0, 0.0, 0.0
0.0, 0.0, 0.0, 0.0
0.0, 0.0, 0.0, 0.0
0.0, 0.0, 0.0, 0.0
0.0, 0.0, 0.0, 0.0
0.0, 0.0, 0.0, 0.0
0.0, 0.0, 0.0, 0.0
0.0, 0.0, 0.0, 0.0
0.0, 0.0, 0.0, 0.0
0.0, 0.0, 0.0, 0.0
0.0, 0.0, 0.0, 0.0
0.0, 0.0, 0.0, 0.0
0.0, 0.0, 0.0, 0.0
0.0, 0.0, 0.0, 0.0
0.0, 0.0, 0.0, 0.0
0.0, 0.0, 0.0, 0.0
0.0, 0.0, 0.0, 0.0
0.0, 0.0, 0.0, 0.0
0.0, 0.0, 0.0, 0.0
0.0, 0.0, 0.0, 0.0
0.0, 0.0, 0.0, 0.0
0.0, 0.0, 0.0, 0.0
0.0, 0.0, 0.0, 0.0
0.0, 0.0, 0.0, 0.0
0.0, 0.0, 0.0, 0.0
0.0, 0.0, 0.0, 0.0
0.0, 0.0, 0.0, 0.0
0.0, 0.0, 0.0, 0.0
0.0, 0.0, 0.0, 0.0
0.0, 0.0, 0.0, 0.0
0.0, 0.0, 0.0, 0.0
0.0, 0.0, 0.0, 0.0
0.0, 0.0, 0.0, 0.0
0.0, 0.0, 0.0, 0.0
0.0, 0.0, 0.0, 0.0
0.0, 0.0, 0.0, 0.0
0.0, 0.0, 0.0, 0.0
0.0, 0.0, 0.0, 0.0
0.0, 0.0, 0.0, 0.0
0.0, 0.0, 0.0, 0.0
0.0, 0.0, 0.0, 0.0
0.0, 0.0, 0.0, 0.0
0.0, 0.0, 0.0, 0.0
0.0, 0.0, 0.0, 0.0
0.0, 0.0, 0.0, 0.0
0.0, 0.0, 0.0, 0.0
0.0, 0.0, 0.0, 0.0
0.0, 0.0, 0.0, 0.0
0.0, 0.0, 0.0, 0.0
0.0, 0.0, 0.0, 0.0
0.0, 0.0, 0.0, 0.0
0.0, 0.0, 0.0, 0.0
0.0, 0.0, 0.0, 0.0
0.0, 0.0, 0.0, 0.0
0.0, 0.0, 0.0, 0.0
0.0, 0.0, 0.0, 0.0
0.0, 0.0, 0.0, 0.0
0.0, 0.0, 0.0, 0.0
0.0, 0.0, 0.0, 0.0
0.0, 0.0, 0.0, 0.0
0.0, 0.0, 0.0, 0.0
0.0, 0.0, 0.0, 0.0
0.0, 0.0, 0.0, 0.0
0.0, 0.0, 0.0, 0.0
0.0, 0.0, 0.0, 0.0
0.0, 0.0, 0.0, 0.0
0.0, 0.0, 0.0, 0.0
0.0, 0.0, 0.0, 0.0
0.0, 0.0, 0.0, 0.0
0.0, 0.0, 0.0, 0.0
0.0, 0.0, 0.0, 0.0
0.0, 0.0, 0.0, 0.0
0.0, 0.0, 0.0, 0.0
0.0, 0.0, 0.0, 0.0
0.0, 0.0, 0.0, 0.0
0.0, 0.0, 0.0, 0.0
0.0, 0.0, 0.0, 0.0
0.0, 0.0, 0.0, 0.0
0.0, 0.0, 0.0, 0.0
0.0, 0.0, 0.0, 0.0
0.0, 0.0, 0.0, 0.0
0.0, 0.0, 0.0, 0.0
0.0, 0.0, 0.0, 0.0
0.0, 0.0, 0.0, 0.0
0.0, 0.0, 0.0, 0.0
0.0, 0.0, 0.0, 0.0
0.0, 0.0, 0.0, 0.0
0.0, 0.0, 0.0, 0.0
0.0, 0.0, 0.0, 0.0
