421.0,454.0,62.0,67.0
420.0,457.0,63.0,68.0
419.0,460.0,65.0,70.0
418.0,462.0,66.0,71.0
416.0,463.0,69.0,73.0
418.0,468.0,63.0,68.0
417.0,470.0,65.0,70.0
416.0,471.0,65.0,70.0
417.0,473.0,63.0,68.0
416.0,474.0,66.0,71.0
415.0,476.0,65.0,71.0
415.0,477.0,65.0,70.0
414.0,476.0,66.0,73.0
415.0,477.0,66.0,71.0
415.0,476.0,66.0,73.0
415.0,479.0,65.0,70.0
412.0,476.0,68.0,74.0
410.0,475.0,69.0,75.0
411.0,476.0,71.0,76.0
411.0,474.0,72.0,78.0
408.0,475.0,72.0,78.0
411.0,475.0,71.0,76.0
409.0,476.0,72.0,78.0
411.0,475.0,70.0,75.0
412.0,473.0,70.0,75.0
414.0,471.0,71.0,76.0
415.0,467.0,72.0,75.0
417.0,466.0,72.0,75.0
423.0,461.0,69.0,72.0
418.0,468.0,69.0,72.0
420.0,467.0,67.0,71.0
420.0,467.0,69.0,72.0
421.0,467.0,70.0,74.0
420.0,465.0,70.0,73.0
420.0,465.0,69.0,72.0
422.0,467.0,69.0,72.0
420.0,467.0,68.0,71.0
422.0,466.0,68.0,71.0
422.0,466.0,70.0,72.0
422.0,466.0,69.0,72.0
421.0,465.0,70.0,72.0
421.0,465.0,70.0,72.0
421.0,465.0,70.0,72.0
421.0,465.0,70.0,72.0
423.0,465.0,70.0,72.0
422.0,465.0,69.0,72.0
422.0,464.0,69.0,72.0
423.0,465.0,69.0,72.0
424.0,466.0,67.0,71.0
422.0,465.0,66.0,71.0
422.0,464.0,66.0,70.0
423.0,465.0,66.0,71.0
423.0,464.0,66.0,71.0
423.0,464.0,67.0,71.0
424.0,464.0,67.0,71.0
424.0,465.0,67.0,71.0
423.0,464.0,67.0,71.0
423.0,464.0,67.0,71.0
424.0,464.0,67.0,71.0
424.0,465.0,66.0,71.0
424.0,465.0,66.0,71.0
423.0,465.0,66.0,71.0
423.0,465.0,67.0,71.0
424.0,465.0,67.0,71.0
424.0,464.0,69.0,72.0
424.0,464.0,70.0,72.0
424.0,463.0,70.0,72.0
424.0,463.0,70.0,72.0
424.0,464.0,69.0,72.0
424.0,464.0,69.0,72.0
424.0,464.0,69.0,72.0
425.0,464.0,69.0,72.0
426.0,463.0,69.0,72.0
426.0,461.0,69.0,72.0
426.0,457.0,69.0,72.0
426.0,454.0,67.0,71.0
425.0,450.0,67.0,71.0
425.0,445.0,67.0,71.0
425.0,443.0,67.0,71.0
426.0,442.0,67.0,71.0
425.0,441.0,69.0,72.0
425.0,441.0,69.0,72.0
424.0,441.0,68.0,71.0
425.0,442.0,67.0,69.0
425.0,442.0,67.0,69.0
425.0,443.0,66.0,69.0
425.0,442.0,66.0,69.0
425.0,442.0,66.0,69.0
424.0,440.0,68.0,72.0
425.0,440.0,67.0,70.0
425.0,439.0,67.0,70.0
424.0,439.0,67.0,70.0
423.0,438.0,68.0,72.0
425.0,438.0,67.0,70.0
426.0,439.0,66.0,69.0
425.0,438.0,66.0,69.0
426.0,438.0,66.0,69.0
426.0,437.0,66.0,68.0
427.0,434.0,64.0,67.0
426.0,426.0,67.0,69.0
426.0,418.0,67.0,69.0
425.0,410.0,67.0,69.0
426.0,401.0,67.0,69.0
426.0,399.0,66.0,69.0
426.0,399.0,67.0,69.0
426.0,399.0,66.0,69.0
426.0,399.0,66.0,69.0
425.0,398.0,66.0,69.0
426.0,398.0,66.0,69.0
426.0,398.0,66.0,68.0
426.0,397.0,66.0,68.0
426.0,398.0,64.0,66.0
426.0,397.0,66.0,68.0
427.0,398.0,64.0,66.0
427.0,397.0,65.0,68.0
426.0,396.0,65.0,68.0
426.0,396.0,65.0,68.0
425.0,395.0,67.0,71.0
426.0,395.0,67.0,69.0
427.0,396.0,66.0,68.0
426.0,396.0,67.0,68.0
425.0,396.0,68.0,69.0
425.0,396.0,68.0,70.0
424.0,396.0,68.0,70.0
423.0,395.0,70.0,71.0
422.0,395.0,69.0,70.0
422.0,395.0,70.0,71.0
421.0,395.0,70.0,70.0
421.0,396.0,70.0,70.0
420.0,396.0,70.0,70.0
419.0,397.0,69.0,70.0
419.0,396.0,70.0,72.0
417.0,396.0,71.0,73.0
417.0,397.0,70.0,72.0
414.0,397.0,69.0,72.0
412.0,397.0,69.0,72.0
410.0,398.0,71.0,73.0
411.0,396.0,69.0,72.0
408.0,396.0,69.0,72.0
407.0,397.0,68.0,72.0
409.0,397.0,68.0,72.0
410.0,398.0,70.0,72.0
412.0,400.0,68.0,72.0
411.0,400.0,67.0,70.0
410.0,401.0,67.0,70.0
408.0,401.0,67.0,70.0
408.0,403.0,67.0,70.0
408.0,404.0,66.0,68.0
406.0,404.0,69.0,71.0
404.0,404.0,70.0,72.0
403.0,404.0,71.0,72.0
402.0,404.0,72.0,73.0
401.0,405.0,73.0,73.0
401.0,406.0,72.0,73.0
400.0,407.0,71.0,72.0
400.0,408.0,70.0,71.0
399.0,409.0,69.0,70.0
399.0,409.0,70.0,71.0
399.0,410.0,69.0,71.0
398.0,409.0,69.0,71.0
398.0,411.0,69.0,71.0
398.0,410.0,68.0,71.0
399.0,413.0,66.0,68.0
398.0,412.0,68.0,71.0
398.0,414.0,65.0,68.0
397.0,412.0,67.0,70.0
398.0,414.0,66.0,69.0
399.0,414.0,64.0,68.0
398.0,416.0,63.0,67.0
397.0,415.0,65.0,69.0
396.0,416.0,65.0,69.0
397.0,417.0,63.0,67.0
395.0,416.0,66.0,70.0
396.0,418.0,65.0,69.0
396.0,418.0,65.0,69.0
395.0,419.0,65.0,69.0
394.0,420.0,65.0,69.0
394.0,420.0,65.0,69.0
394.0,420.0,66.0,70.0
393.0,419.0,66.0,70.0
395.0,420.0,64.0,68.0
395.0,421.0,63.0,67.0
395.0,420.0,63.0,67.0
395.0,420.0,64.0,68.0
395.0,419.0,64.0,68.0
393.0,418.0,67.0,70.0
394.0,418.0,65.0,69.0
394.0,419.0,64.0,68.0
395.0,420.0,63.0,68.0
395.0,420.0,63.0,68.0
394.0,419.0,63.0,69.0
395.0,419.0,63.0,68.0
395.0,418.0,63.0,68.0
394.0,418.0,63.0,69.0
395.0,418.0,63.0,69.0
394.0,417.0,63.0,69.0
395.0,417.0,63.0,68.0
396.0,417.0,62.0,68.0
396.0,416.0,62.0,68.0
396.0,416.0,62.0,67.0
395.0,416.0,62.0,68.0
396.0,415.0,62.0,67.0
395.0,415.0,64.0,67.0
397.0,415.0,64.0,67.0
397.0,414.0,64.0,66.0
396.0,414.0,66.0,67.0
397.0,414.0,66.0,67.0
397.0,413.0,66.0,67.0
398.0,413.0,66.0,67.0
398.0,412.0,66.0,68.0
398.0,412.0,65.0,67.0
400.0,412.0,65.0,67.0
400.0,412.0,64.0,66.0
399.0,411.0,64.0,67.0
399.0,410.0,64.0,67.0
399.0,410.0,62.0,66.0
401.0,410.0,61.0,65.0
400.0,410.0,61.0,65.0
401.0,410.0,61.0,65.0
401.0,410.0,60.0,64.0
402.0,411.0,60.0,63.0
402.0,410.0,61.0,64.0
401.0,410.0,61.0,64.0
402.0,410.0,60.0,62.0
403.0,410.0,61.0,63.0
403.0,410.0,60.0,62.0
403.0,409.0,61.0,64.0
402.0,408.0,63.0,65.0
403.0,408.0,61.0,63.0
404.0,409.0,60.0,62.0
404.0,409.0,60.0,62.0
404.0,409.0,60.0,62.0
405.0,409.0,60.0,62.0
405.0,408.0,60.0,62.0
405.0,409.0,59.0,61.0
405.0,409.0,61.0,62.0
405.0,408.0,61.0,62.0
405.0,408.0,61.0,62.0
406.0,408.0,61.0,62.0
405.0,408.0,61.0,62.0
406.0,408.0,61.0,61.0
406.0,408.0,60.0,61.0
406.0,407.0,62.0,63.0
406.0,407.0,61.0,62.0
406.0,407.0,61.0,62.0
407.0,407.0,61.0,62.0
407.0,407.0,61.0,62.0
407.0,407.0,61.0,62.0
407.0,407.0,60.0,61.0
408.0,408.0,60.0,62.0
407.0,407.0,60.0,62.0
408.0,407.0,60.0,63.0
407.0,407.0,60.0,63.0
408.0,406.0,60.0,63.0
407.0,406.0,60.0,63.0
408.0,407.0,59.0,62.0
408.0,407.0,59.0,62.0
408.0,407.0,60.0,63.0
408.0,407.0,59.0,62.0
408.0,407.0,60.0,63.0
408.0,407.0,59.0,62.0
408.0,407.0,60.0,62.0
408.0,407.0,59.0,61.0
408.0,408.0,59.0,61.0
407.0,407.0,60.0,63.0
408.0,407.0,60.0,62.0
408.0,408.0,59.0,61.0
408.0,408.0,60.0,62.0
408.0,407.0,59.0,61.0
408.0,407.0,60.0,62.0
408.0,408.0,58.0,59.0
407.0,407.0,59.0,61.0
407.0,407.0,60.0,62.0
407.0,406.0,61.0,63.0
407.0,407.0,61.0,63.0
406.0,406.0,63.0,65.0
406.0,406.0,61.0,63.0
407.0,407.0,61.0,63.0
406.0,406.0,63.0,65.0
406.0,406.0,61.0,63.0
407.0,407.0,61.0,63.0
407.0,406.0,63.0,65.0
406.0,406.0,61.0,63.0
408.0,407.0,60.0,62.0
407.0,406.0,60.0,62.0
407.0,406.0,60.0,62.0
408.0,406.0,60.0,62.0
408.0,406.0,60.0,62.0
408.0,406.0,60.0,62.0
408.0,406.0,60.0,62.0
408.0,406.0,60.0,62.0
409.0,406.0,60.0,62.0
410.0,406.0,57.0,60.0
408.0,405.0,59.0,62.0
409.0,405.0,58.0,61.0
408.0,405.0,59.0,62.0
408.0,405.0,59.0,62.0
409.0,405.0,58.0,61.0
408.0,405.0,59.0,62.0
408.0,404.0,59.0,62.0
409.0,403.0,59.0,62.0
410.0,402.0,59.0,61.0
409.0,402.0,59.0,62.0
410.0,402.0,59.0,61.0
410.0,402.0,59.0,61.0
409.0,401.0,61.0,63.0
410.0,401.0,60.0,62.0
410.0,400.0,59.0,61.0
410.0,400.0,59.0,62.0
409.0,399.0,60.0,63.0
409.0,398.0,60.0,63.0
410.0,398.0,58.0,61.0
410.0,397.0,59.0,63.0
410.0,397.0,59.0,63.0
409.0,395.0,60.0,65.0
409.0,395.0,60.0,65.0
410.0,395.0,58.0,62.0
410.0,394.0,58.0,62.0
410.0,394.0,57.0,61.0
410.0,393.0,58.0,61.0
409.0,392.0,58.0,61.0
409.0,391.0,58.0,61.0
410.0,392.0,56.0,59.0
409.0,391.0,57.0,60.0
409.0,390.0,57.0,59.0
411.0,390.0,54.0,57.0
410.0,390.0,56.0,59.0
410.0,388.0,57.0,60.0
412.0,389.0,53.0,57.0
411.0,388.0,55.0,58.0
410.0,387.0,57.0,60.0
410.0,386.0,57.0,61.0
409.0,386.0,58.0,61.0
409.0,385.0,58.0,61.0
409.0,385.0,58.0,62.0
409.0,385.0,58.0,62.0
408.0,384.0,60.0,65.0
408.0,384.0,60.0,65.0
407.0,383.0,60.0,65.0
407.0,383.0,60.0,65.0
407.0,382.0,61.0,66.0
406.0,381.0,61.0,66.0
407.0,381.0,61.0,66.0
407.0,380.0,61.0,66.0
406.0,380.0,62.0,66.0
406.0,379.0,62.0,66.0
406.0,380.0,61.0,66.0
404.0,378.0,63.0,67.0
405.0,378.0,63.0,67.0
405.0,377.0,63.0,67.0
406.0,377.0,63.0,66.0
406.0,378.0,62.0,65.0
406.0,377.0,63.0,66.0
406.0,377.0,63.0,66.0
406.0,377.0,63.0,66.0
406.0,377.0,62.0,65.0
406.0,376.0,62.0,65.0
406.0,375.0,65.0,68.0
406.0,376.0,62.0,66.0
406.0,375.0,65.0,68.0
406.0,376.0,61.0,65.0
407.0,376.0,61.0,64.0
406.0,375.0,62.0,66.0
407.0,375.0,62.0,65.0
405.0,375.0,62.0,66.0
406.0,375.0,62.0,66.0
406.0,375.0,62.0,67.0
406.0,374.0,62.0,67.0
407.0,374.0,62.0,67.0
407.0,375.0,61.0,67.0
408.0,375.0,60.0,64.0
409.0,376.0,59.0,63.0
409.0,377.0,58.0,61.0
409.0,377.0,61.0,65.0
409.0,376.0,62.0,65.0
409.0,376.0,62.0,65.0
409.0,377.0,62.0,64.0
411.0,378.0,59.0,61.0
410.0,379.0,58.0,60.0
409.0,378.0,61.0,63.0
408.0,377.0,62.0,64.0
409.0,378.0,61.0,62.0
409.0,378.0,61.0,62.0
408.0,377.0,62.0,64.0
407.0,378.0,62.0,64.0
407.0,378.0,62.0,65.0
407.0,379.0,61.0,65.0
408.0,380.0,59.0,63.0
407.0,380.0,61.0,65.0
407.0,380.0,61.0,64.0
408.0,381.0,60.0,63.0
406.0,381.0,61.0,63.0
406.0,382.0,59.0,61.0
403.0,382.0,60.0,62.0
398.0,382.0,61.0,63.0
402.0,382.0,61.0,63.0
405.0,384.0,61.0,63.0
405.0,383.0,63.0,65.0
406.0,383.0,61.0,63.0
407.0,384.0,63.0,65.0
408.0,384.0,63.0,65.0
407.0,384.0,63.0,65.0
408.0,385.0,62.0,63.0
408.0,385.0,62.0,64.0
408.0,385.0,62.0,63.0
408.0,387.0,62.0,63.0
408.0,387.0,62.0,63.0
408.0,386.0,62.0,63.0
409.0,387.0,62.0,62.0
408.0,387.0,64.0,64.0
408.0,387.0,62.0,62.0
408.0,388.0,62.0,62.0
409.0,388.0,62.0,62.0
409.0,389.0,62.0,62.0
408.0,389.0,64.0,63.0
408.0,389.0,63.0,62.0
409.0,389.0,64.0,62.0
408.0,389.0,64.0,62.0
408.0,389.0,64.0,62.0
408.0,389.0,63.0,62.0
408.0,389.0,63.0,62.0
408.0,389.0,63.0,62.0
407.0,388.0,63.0,62.0
407.0,389.0,62.0,62.0
407.0,389.0,62.0,62.0
407.0,388.0,63.0,63.0
407.0,388.0,62.0,62.0
408.0,389.0,61.0,61.0
407.0,390.0,60.0,60.0
407.0,390.0,61.0,61.0
408.0,390.0,59.0,58.0
407.0,390.0,60.0,59.0
409.0,391.0,57.0,57.0
408.0,391.0,59.0,58.0
408.0,392.0,59.0,58.0
408.0,392.0,59.0,58.0
407.0,392.0,60.0,59.0
407.0,392.0,59.0,59.0
407.0,392.0,59.0,59.0
408.0,392.0,56.0,58.0
406.0,392.0,59.0,60.0
407.0,392.0,58.0,60.0
407.0,392.0,57.0,59.0
406.0,392.0,59.0,61.0
407.0,392.0,57.0,59.0
405.0,391.0,60.0,62.0
405.0,391.0,59.0,62.0
405.0,392.0,59.0,62.0
405.0,392.0,59.0,62.0
405.0,392.0,59.0,62.0
404.0,392.0,59.0,62.0
404.0,392.0,59.0,62.0
404.0,392.0,59.0,62.0
404.0,393.0,59.0,62.0
404.0,393.0,59.0,62.0
404.0,393.0,59.0,62.0
404.0,394.0,58.0,60.0
405.0,395.0,57.0,59.0
406.0,395.0,54.0,57.0
406.0,396.0,54.0,57.0
406.0,396.0,54.0,56.0
406.0,396.0,54.0,56.0
405.0,396.0,55.0,56.0
406.0,396.0,54.0,56.0
406.0,397.0,54.0,56.0
406.0,397.0,54.0,56.0
406.0,397.0,54.0,56.0
407.0,397.0,55.0,56.0
407.0,398.0,54.0,56.0
407.0,398.0,53.0,55.0
407.0,397.0,57.0,58.0
407.0,399.0,55.0,57.0
407.0,399.0,55.0,57.0
408.0,400.0,54.0,56.0
407.0,400.0,55.0,57.0
407.0,400.0,55.0,57.0
408.0,402.0,54.0,57.0
409.0,402.0,54.0,57.0
409.0,402.0,54.0,57.0
409.0,403.0,54.0,57.0
408.0,403.0,57.0,59.0
408.0,403.0,58.0,60.0
408.0,402.0,59.0,60.0
408.0,402.0,58.0,59.0
408.0,403.0,57.0,58.0
409.0,404.0,57.0,58.0
408.0,404.0,58.0,60.0
409.0,405.0,56.0,58.0
409.0,405.0,57.0,59.0
407.0,404.0,58.0,59.0
408.0,405.0,58.0,59.0
408.0,405.0,58.0,59.0
408.0,405.0,58.0,60.0
409.0,404.0,59.0,62.0
410.0,406.0,58.0,60.0
409.0,406.0,58.0,60.0
408.0,406.0,58.0,61.0
406.0,406.0,57.0,60.0
407.0,407.0,56.0,59.0
408.0,408.0,56.0,59.0
409.0,407.0,57.0,60.0
409.0,407.0,58.0,61.0
409.0,406.0,58.0,62.0
410.0,407.0,58.0,62.0
409.0,406.0,60.0,64.0
409.0,406.0,60.0,64.0
408.0,407.0,62.0,66.0
408.0,407.0,62.0,66.0
409.0,407.0,62.0,66.0
410.0,408.0,62.0,66.0
409.0,408.0,62.0,66.0
409.0,407.0,62.0,66.0
409.0,408.0,62.0,66.0
409.0,408.0,62.0,66.0
409.0,408.0,63.0,66.0
409.0,408.0,63.0,66.0
410.0,408.0,61.0,64.0
410.0,408.0,63.0,66.0
411.0,409.0,60.0,63.0
411.0,409.0,60.0,63.0
412.0,409.0,60.0,62.0
412.0,409.0,60.0,62.0
412.0,410.0,59.0,61.0
413.0,410.0,59.0,61.0
414.0,410.0,57.0,59.0
414.0,410.0,59.0,61.0
414.0,410.0,58.0,60.0
414.0,411.0,58.0,59.0
415.0,411.0,57.0,59.0
416.0,412.0,57.0,59.0
415.0,411.0,59.0,62.0
415.0,411.0,59.0,62.0
415.0,411.0,59.0,62.0
416.0,411.0,58.0,60.0
417.0,412.0,56.0,58.0
417.0,412.0,57.0,59.0
417.0,411.0,57.0,58.0
419.0,412.0,55.0,57.0
419.0,412.0,54.0,56.0
420.0,412.0,55.0,56.0
420.0,411.0,55.0,56.0
420.0,411.0,55.0,56.0
420.0,411.0,54.0,56.0
420.0,411.0,55.0,57.0
421.0,411.0,55.0,57.0
421.0,411.0,55.0,57.0
421.0,411.0,55.0,57.0
422.0,411.0,55.0,57.0
422.0,410.0,55.0,57.0
422.0,410.0,55.0,57.0
423.0,410.0,55.0,57.0
423.0,410.0,55.0,57.0
423.0,410.0,56.0,57.0
425.0,410.0,54.0,57.0
424.0,410.0,55.0,57.0
425.0,410.0,54.0,56.0
426.0,410.0,54.0,56.0
426.0,410.0,54.0,56.0
426.0,410.0,54.0,56.0
426.0,410.0,54.0,56.0
426.0,409.0,55.0,56.0
425.0,408.0,56.0,57.0
427.0,408.0,56.0,57.0
427.0,408.0,56.0,57.0
426.0,407.0,57.0,58.0
427.0,408.0,54.0,57.0
427.0,408.0,53.0,56.0
427.0,408.0,54.0,57.0
427.0,407.0,53.0,56.0
428.0,408.0,53.0,56.0
428.0,408.0,53.0,56.0
428.0,407.0,53.0,56.0
429.0,407.0,53.0,55.0
428.0,407.0,54.0,56.0
428.0,407.0,55.0,57.0
429.0,407.0,54.0,56.0
429.0,407.0,55.0,57.0
429.0,407.0,54.0,57.0
429.0,406.0,54.0,57.0
430.0,406.0,53.0,56.0
430.0,407.0,53.0,56.0
430.0,406.0,52.0,55.0
431.0,406.0,52.0,55.0
431.0,406.0,53.0,56.0
430.0,406.0,53.0,56.0
431.0,407.0,52.0,55.0
431.0,406.0,53.0,56.0
430.0,405.0,53.0,56.0
431.0,406.0,52.0,55.0
431.0,406.0,52.0,55.0
430.0,405.0,53.0,56.0
431.0,405.0,53.0,55.0
431.0,405.0,53.0,56.0
431.0,405.0,53.0,57.0
430.0,405.0,55.0,58.0
431.0,405.0,55.0,58.0
431.0,405.0,54.0,57.0
430.0,406.0,54.0,57.0
429.0,406.0,54.0,57.0
430.0,405.0,54.0,57.0
430.0,405.0,54.0,57.0
430.0,405.0,54.0,57.0
430.0,405.0,53.0,57.0
430.0,405.0,53.0,57.0
431.0,405.0,53.0,57.0
431.0,405.0,53.0,57.0
431.0,406.0,51.0,54.0
431.0,407.0,52.0,56.0
430.0,406.0,53.0,57.0
430.0,405.0,53.0,57.0
430.0,406.0,52.0,56.0
430.0,405.0,53.0,56.0
430.0,405.0,52.0,55.0
429.0,405.0,52.0,55.0
429.0,406.0,52.0,55.0
428.0,406.0,54.0,57.0
429.0,405.0,53.0,56.0
429.0,406.0,53.0,56.0
428.0,406.0,53.0,56.0
428.0,406.0,52.0,55.0
427.0,406.0,51.0,53.0
427.0,407.0,51.0,53.0
428.0,408.0,50.0,52.0
426.0,407.0,50.0,52.0
426.0,408.0,50.0,52.0
426.0,407.0,50.0,52.0
425.0,407.0,50.0,52.0
425.0,408.0,49.0,51.0
425.0,406.0,50.0,52.0
425.0,406.0,51.0,53.0
424.0,406.0,52.0,55.0
423.0,405.0,52.0,55.0
422.0,405.0,53.0,56.0
423.0,406.0,51.0,53.0
425.0,407.0,51.0,53.0
424.0,407.0,52.0,55.0
423.0,406.0,53.0,55.0
426.0,406.0,53.0,55.0
425.0,406.0,52.0,53.0
426.0,407.0,53.0,55.0
425.0,408.0,53.0,55.0
425.0,407.0,53.0,55.0
425.0,407.0,53.0,55.0
426.0,407.0,53.0,55.0
425.0,407.0,53.0,55.0
425.0,407.0,53.0,55.0
425.0,407.0,52.0,53.0
425.0,407.0,53.0,55.0
424.0,406.0,53.0,55.0
424.0,406.0,53.0,55.0
424.0,406.0,52.0,53.0
424.0,407.0,52.0,53.0
425.0,407.0,52.0,52.0
424.0,406.0,52.0,52.0
424.0,406.0,52.0,52.0
424.0,405.0,51.0,52.0
425.0,407.0,50.0,52.0
424.0,405.0,51.0,52.0
423.0,404.0,52.0,53.0
423.0,404.0,52.0,53.0
423.0,403.0,52.0,55.0
423.0,403.0,51.0,53.0
423.0,403.0,51.0,53.0
423.0,401.0,51.0,53.0
424.0,401.0,51.0,53.0
423.0,401.0,52.0,55.0
423.0,400.0,52.0,53.0
423.0,400.0,53.0,55.0
423.0,399.0,52.0,53.0
423.0,399.0,53.0,55.0
422.0,398.0,53.0,55.0
422.0,398.0,52.0,55.0
423.0,397.0,52.0,53.0
423.0,397.0,52.0,55.0
423.0,397.0,51.0,53.0
422.0,398.0,51.0,53.0
422.0,396.0,52.0,55.0
421.0,396.0,52.0,56.0
421.0,396.0,52.0,56.0
422.0,396.0,51.0,54.0
422.0,396.0,51.0,54.0
422.0,395.0,52.0,55.0
422.0,395.0,52.0,55.0
422.0,395.0,52.0,57.0
421.0,395.0,52.0,57.0
421.0,394.0,53.0,58.0
420.0,394.0,53.0,58.0
420.0,394.0,54.0,59.0
421.0,394.0,53.0,58.0
421.0,394.0,54.0,59.0
421.0,394.0,53.0,58.0
422.0,394.0,53.0,58.0
421.0,394.0,53.0,58.0
422.0,393.0,53.0,57.0
422.0,393.0,52.0,55.0
422.0,392.0,54.0,57.0
422.0,392.0,53.0,56.0
422.0,391.0,53.0,55.0
421.0,391.0,54.0,57.0
420.0,389.0,55.0,57.0
419.0,388.0,55.0,57.0
420.0,388.0,55.0,56.0
419.0,389.0,55.0,56.0
420.0,389.0,54.0,54.0
420.0,389.0,54.0,54.0
421.0,389.0,54.0,54.0
420.0,389.0,55.0,54.0
419.0,388.0,56.0,56.0
419.0,388.0,56.0,56.0
418.0,387.0,56.0,56.0
419.0,386.0,56.0,56.0
418.0,386.0,55.0,55.0
419.0,386.0,56.0,56.0
419.0,385.0,56.0,57.0
419.0,385.0,56.0,57.0
420.0,385.0,55.0,56.0
419.0,385.0,55.0,56.0
420.0,385.0,54.0,55.0
421.0,385.0,55.0,56.0
420.0,385.0,54.0,54.0
420.0,385.0,55.0,56.0
420.0,385.0,53.0,54.0
420.0,385.0,54.0,56.0
420.0,385.0,53.0,54.0
420.0,386.0,53.0,54.0
420.0,386.0,53.0,54.0
420.0,385.0,54.0,55.0
418.0,385.0,54.0,56.0
419.0,385.0,54.0,56.0
419.0,385.0,53.0,55.0
418.0,385.0,54.0,56.0
418.0,385.0,53.0,55.0
418.0,386.0,52.0,53.0
418.0,386.0,53.0,55.0
418.0,386.0,53.0,54.0
416.0,385.0,53.0,54.0
415.0,386.0,53.0,54.0
414.0,386.0,53.0,54.0
414.0,386.0,53.0,54.0
414.0,388.0,52.0,53.0
415.0,387.0,52.0,54.0
415.0,386.0,52.0,54.0
416.0,387.0,51.0,53.0
416.0,387.0,52.0,53.0
416.0,388.0,52.0,53.0
416.0,387.0,53.0,53.0
416.0,387.0,53.0,53.0
415.0,386.0,54.0,54.0
415.0,386.0,55.0,56.0
415.0,386.0,56.0,55.0
415.0,386.0,55.0,55.0
416.0,386.0,55.0,55.0
416.0,387.0,55.0,55.0
418.0,388.0,54.0,54.0
418.0,388.0,54.0,55.0
418.0,388.0,53.0,53.0
418.0,388.0,54.0,55.0
419.0,388.0,54.0,55.0
419.0,388.0,53.0,53.0
420.0,389.0,52.0,53.0
421.0,389.0,52.0,53.0
421.0,389.0,53.0,55.0
421.0,390.0,52.0,53.0
422.0,390.0,52.0,53.0
422.0,390.0,53.0,55.0
423.0,390.0,52.0,53.0
424.0,390.0,53.0,55.0
423.0,389.0,53.0,55.0
424.0,390.0,53.0,53.0
423.0,390.0,54.0,55.0
423.0,390.0,53.0,54.0
424.0,390.0,54.0,55.0
424.0,391.0,53.0,54.0
425.0,391.0,53.0,56.0
425.0,390.0,53.0,56.0
426.0,391.0,52.0,54.0
426.0,391.0,52.0,56.0
427.0,391.0,52.0,54.0
427.0,391.0,52.0,55.0
427.0,391.0,53.0,56.0
427.0,392.0,53.0,55.0
427.0,392.0,53.0,56.0
427.0,392.0,52.0,54.0
428.0,392.0,52.0,54.0
428.0,392.0,53.0,56.0
429.0,392.0,51.0,54.0
429.0,392.0,52.0,56.0
429.0,393.0,50.0,53.0
430.0,393.0,51.0,55.0
430.0,392.0,53.0,57.0
431.0,392.0,53.0,57.0
430.0,391.0,53.0,57.0
430.0,391.0,53.0,58.0
432.0,392.0,52.0,55.0
432.0,391.0,52.0,56.0
432.0,391.0,53.0,58.0
432.0,391.0,52.0,56.0
432.0,390.0,53.0,56.0
432.0,390.0,52.0,56.0
433.0,390.0,53.0,56.0
434.0,389.0,52.0,56.0
434.0,389.0,53.0,56.0
433.0,388.0,53.0,58.0
433.0,387.0,53.0,56.0
434.0,388.0,52.0,56.0
435.0,387.0,53.0,56.0
434.0,386.0,53.0,58.0
434.0,386.0,53.0,58.0
435.0,386.0,53.0,56.0
436.0,385.0,52.0,56.0
435.0,384.0,54.0,59.0
436.0,384.0,53.0,58.0
435.0,385.0,53.0,58.0
435.0,385.0,52.0,56.0
436.0,385.0,51.0,55.0
436.0,385.0,52.0,56.0
436.0,385.0,52.0,55.0
436.0,385.0,53.0,57.0
436.0,385.0,52.0,55.0
436.0,385.0,53.0,57.0
436.0,385.0,52.0,55.0
437.0,385.0,52.0,55.0
437.0,385.0,53.0,56.0
436.0,385.0,52.0,54.0
437.0,384.0,52.0,54.0
437.0,384.0,52.0,54.0
437.0,384.0,52.0,55.0
436.0,383.0,54.0,57.0
436.0,382.0,53.0,56.0
436.0,382.0,52.0,56.0
437.0,382.0,52.0,54.0
436.0,382.0,53.0,56.0
435.0,381.0,53.0,56.0
435.0,381.0,53.0,56.0
436.0,381.0,53.0,54.0
435.0,381.0,54.0,56.0
434.0,381.0,53.0,54.0
435.0,380.0,53.0,54.0
434.0,380.0,54.0,56.0
434.0,380.0,53.0,54.0
433.0,380.0,53.0,54.0
434.0,380.0,53.0,54.0
434.0,379.0,53.0,54.0
433.0,379.0,53.0,54.0
432.0,378.0,54.0,56.0
432.0,378.0,54.0,56.0
431.0,377.0,54.0,56.0
431.0,377.0,54.0,57.0
432.0,376.0,54.0,57.0
432.0,376.0,54.0,57.0
432.0,375.0,54.0,57.0
432.0,374.0,54.0,58.0
432.0,374.0,54.0,58.0
432.0,374.0,52.0,55.0
434.0,375.0,50.0,54.0
433.0,373.0,52.0,56.0
434.0,373.0,50.0,54.0
432.0,371.0,52.0,57.0
432.0,370.0,52.0,57.0
433.0,368.0,52.0,57.0
432.0,368.0,53.0,59.0
431.0,368.0,53.0,59.0
431.0,367.0,53.0,60.0
432.0,368.0,51.0,59.0
431.0,367.0,52.0,60.0
430.0,367.0,52.0,60.0
429.0,365.0,55.0,61.0
430.0,365.0,55.0,61.0
429.0,365.0,55.0,61.0
429.0,365.0,55.0,61.0
430.0,365.0,55.0,60.0
431.0,364.0,55.0,60.0
430.0,363.0,55.0,60.0
430.0,363.0,55.0,59.0
430.0,364.0,55.0,59.0
430.0,364.0,55.0,59.0
431.0,364.0,55.0,59.0
431.0,363.0,55.0,59.0
430.0,362.0,55.0,59.0
430.0,362.0,55.0,59.0
430.0,362.0,55.0,59.0
431.0,362.0,55.0,59.0
431.0,362.0,55.0,59.0
431.0,362.0,55.0,59.0
432.0,361.0,55.0,59.0
431.0,360.0,55.0,59.0
431.0,360.0,55.0,59.0
431.0,360.0,55.0,59.0
431.0,360.0,55.0,59.0
431.0,360.0,53.0,58.0
430.0,360.0,55.0,59.0
431.0,359.0,55.0,59.0
430.0,359.0,56.0,60.0
430.0,358.0,55.0,58.0
430.0,359.0,55.0,58.0
430.0,359.0,56.0,59.0
429.0,357.0,56.0,59.0
429.0,356.0,56.0,59.0
429.0,356.0,57.0,59.0
429.0,357.0,57.0,59.0
429.0,357.0,57.0,59.0
429.0,357.0,56.0,58.0
429.0,357.0,56.0,59.0
429.0,356.0,56.0,59.0
429.0,356.0,56.0,59.0
429.0,356.0,56.0,59.0
428.0,356.0,57.0,60.0
427.0,354.0,57.0,60.0
428.0,355.0,56.0,59.0
428.0,355.0,56.0,59.0
429.0,355.0,56.0,59.0
429.0,356.0,54.0,59.0
429.0,355.0,54.0,59.0
428.0,356.0,54.0,59.0
428.0,356.0,55.0,59.0
428.0,355.0,55.0,60.0
427.0,356.0,56.0,61.0
427.0,356.0,57.0,61.0
428.0,356.0,56.0,61.0
428.0,357.0,56.0,60.0
428.0,357.0,56.0,60.0
428.0,358.0,53.0,58.0
430.0,357.0,52.0,57.0
430.0,357.0,53.0,57.0
431.0,358.0,53.0,57.0
432.0,359.0,53.0,56.0
432.0,359.0,53.0,56.0
432.0,359.0,53.0,57.0
432.0,360.0,53.0,58.0
432.0,360.0,52.0,56.0
433.0,359.0,53.0,58.0
434.0,360.0,53.0,58.0
433.0,360.0,53.0,57.0
432.0,361.0,52.0,57.0
432.0,361.0,52.0,57.0
433.0,362.0,52.0,57.0
432.0,363.0,52.0,57.0
431.0,363.0,52.0,57.0
432.0,363.0,53.0,56.0
431.0,363.0,53.0,56.0
431.0,363.0,53.0,56.0
431.0,364.0,53.0,56.0
431.0,365.0,53.0,56.0
431.0,365.0,53.0,56.0
431.0,365.0,53.0,57.0
432.0,365.0,53.0,57.0
431.0,365.0,54.0,57.0
431.0,366.0,53.0,56.0
431.0,367.0,53.0,56.0
430.0,367.0,53.0,56.0
430.0,368.0,53.0,56.0
430.0,368.0,53.0,55.0
430.0,368.0,53.0,55.0
430.0,369.0,53.0,56.0
430.0,369.0,53.0,56.0
431.0,370.0,52.0,55.0
430.0,371.0,53.0,57.0
429.0,370.0,53.0,57.0
429.0,370.0,53.0,57.0
430.0,370.0,52.0,55.0
428.0,371.0,53.0,57.0
426.0,371.0,52.0,56.0
429.0,371.0,52.0,55.0
429.0,372.0,52.0,55.0
429.0,373.0,52.0,56.0
429.0,373.0,51.0,54.0
430.0,375.0,51.0,54.0
430.0,374.0,51.0,55.0
429.0,374.0,51.0,55.0
429.0,375.0,51.0,55.0
431.0,374.0,50.0,54.0
430.0,375.0,51.0,54.0
429.0,374.0,51.0,54.0
429.0,375.0,51.0,54.0
429.0,376.0,51.0,55.0
429.0,376.0,52.0,55.0
429.0,375.0,52.0,55.0
428.0,376.0,53.0,56.0
427.0,375.0,54.0,57.0
427.0,375.0,54.0,57.0
425.0,375.0,54.0,57.0
426.0,376.0,54.0,56.0
425.0,375.0,54.0,57.0
425.0,376.0,53.0,57.0
425.0,376.0,53.0,57.0
425.0,377.0,53.0,57.0
425.0,376.0,53.0,57.0
425.0,376.0,53.0,58.0
425.0,376.0,53.0,58.0
425.0,377.0,53.0,58.0
424.0,376.0,53.0,58.0
425.0,377.0,53.0,58.0
424.0,377.0,53.0,58.0
424.0,378.0,53.0,57.0
424.0,378.0,53.0,57.0
424.0,378.0,53.0,57.0
424.0,378.0,53.0,57.0
424.0,378.0,53.0,56.0
423.0,378.0,53.0,56.0
423.0,378.0,53.0,56.0
424.0,378.0,53.0,57.0
424.0,378.0,53.0,57.0
424.0,378.0,53.0,57.0
423.0,379.0,54.0,57.0
423.0,379.0,54.0,57.0
424.0,379.0,54.0,57.0
424.0,379.0,54.0,57.0
424.0,379.0,54.0,57.0
423.0,380.0,54.0,57.0
423.0,379.0,54.0,57.0
423.0,380.0,54.0,57.0
424.0,380.0,54.0,57.0
423.0,380.0,54.0,57.0
423.0,381.0,54.0,57.0
423.0,381.0,54.0,57.0
423.0,382.0,54.0,57.0
423.0,382.0,54.0,57.0
422.0,382.0,55.0,58.0
423.0,382.0,54.0,57.0
422.0,383.0,54.0,57.0
422.0,382.0,54.0,57.0
423.0,383.0,53.0,56.0
422.0,383.0,54.0,57.0
422.0,382.0,54.0,57.0
423.0,382.0,54.0,58.0
423.0,382.0,54.0,58.0
423.0,382.0,54.0,58.0
422.0,382.0,54.0,58.0
422.0,383.0,54.0,58.0
423.0,383.0,54.0,58.0
423.0,382.0,55.0,58.0
422.0,383.0,55.0,58.0
423.0,384.0,54.0,57.0
422.0,384.0,55.0,57.0
422.0,384.0,56.0,57.0
421.0,384.0,57.0,58.0
421.0,384.0,57.0,58.0
421.0,385.0,57.0,58.0
420.0,385.0,57.0,58.0
421.0,386.0,56.0,57.0
421.0,387.0,56.0,57.0
421.0,387.0,56.0,57.0
420.0,388.0,56.0,57.0
419.0,388.0,57.0,57.0
419.0,389.0,57.0,58.0
419.0,390.0,57.0,58.0
420.0,390.0,57.0,58.0
420.0,391.0,56.0,57.0
420.0,392.0,56.0,58.0
420.0,392.0,55.0,59.0
420.0,393.0,56.0,61.0
420.0,392.0,56.0,62.0
420.0,393.0,58.0,62.0
420.0,394.0,59.0,62.0
420.0,394.0,59.0,61.0
421.0,396.0,56.0,58.0
420.0,397.0,56.0,58.0
420.0,397.0,56.0,57.0
421.0,397.0,56.0,57.0
421.0,397.0,56.0,56.0
421.0,398.0,55.0,55.0
421.0,398.0,55.0,55.0
421.0,398.0,55.0,56.0
421.0,398.0,55.0,56.0
420.0,398.0,55.0,55.0
420.0,398.0,55.0,55.0
420.0,398.0,54.0,55.0
420.0,398.0,55.0,56.0
420.0,398.0,55.0,56.0
419.0,399.0,55.0,56.0
420.0,398.0,55.0,56.0
419.0,399.0,56.0,57.0
420.0,400.0,56.0,57.0
419.0,400.0,56.0,57.0
419.0,400.0,56.0,57.0
419.0,399.0,57.0,58.0
418.0,399.0,57.0,59.0
419.0,399.0,57.0,59.0
419.0,399.0,57.0,59.0
419.0,399.0,57.0,60.0
420.0,399.0,57.0,60.0
420.0,399.0,57.0,60.0
420.0,400.0,57.0,61.0
420.0,400.0,56.0,60.0
422.0,401.0,56.0,60.0
422.0,401.0,56.0,60.0
422.0,401.0,56.0,60.0
423.0,402.0,54.0,59.0
422.0,402.0,56.0,59.0
422.0,403.0,56.0,59.0
422.0,403.0,56.0,59.0
423.0,404.0,56.0,59.0
422.0,404.0,56.0,59.0
423.0,406.0,56.0,59.0
422.0,406.0,57.0,59.0
422.0,406.0,57.0,59.0
423.0,407.0,57.0,58.0
423.0,408.0,56.0,57.0
424.0,409.0,56.0,56.0
424.0,409.0,56.0,57.0
425.0,409.0,54.0,56.0
424.0,410.0,56.0,57.0
424.0,411.0,56.0,57.0
424.0,411.0,56.0,58.0
424.0,411.0,56.0,58.0
424.0,412.0,56.0,58.0
423.0,412.0,57.0,59.0
423.0,410.0,57.0,59.0
424.0,411.0,57.0,59.0
424.0,411.0,57.0,58.0
425.0,412.0,56.0,57.0
425.0,413.0,56.0,57.0
426.0,413.0,57.0,58.0
425.0,413.0,57.0,58.0
426.0,413.0,56.0,57.0
426.0,414.0,55.0,57.0
427.0,415.0,56.0,58.0
426.0,414.0,56.0,58.0
427.0,414.0,54.0,58.0
428.0,415.0,54.0,58.0
429.0,415.0,54.0,58.0
428.0,416.0,54.0,58.0
429.0,416.0,55.0,57.0
429.0,416.0,56.0,58.0
428.0,415.0,57.0,58.0
428.0,415.0,57.0,58.0
430.0,415.0,56.0,57.0
430.0,415.0,56.0,57.0
429.0,416.0,55.0,57.0
430.0,416.0,55.0,58.0
430.0,416.0,55.0,58.0
430.0,416.0,56.0,59.0
431.0,416.0,55.0,58.0
431.0,416.0,55.0,58.0
431.0,416.0,57.0,58.0
432.0,416.0,56.0,58.0
432.0,416.0,57.0,58.0
433.0,416.0,57.0,58.0
433.0,415.0,58.0,58.0
432.0,415.0,59.0,58.0
433.0,416.0,58.0,57.0
434.0,416.0,58.0,57.0
434.0,415.0,58.0,57.0
435.0,415.0,57.0,57.0
436.0,415.0,57.0,57.0
436.0,415.0,56.0,57.0
436.0,415.0,56.0,57.0
437.0,415.0,56.0,57.0
437.0,415.0,55.0,57.0
437.0,414.0,56.0,57.0
437.0,414.0,57.0,59.0
436.0,412.0,57.0,59.0
437.0,413.0,56.0,59.0
437.0,411.0,57.0,60.0
438.0,411.0,56.0,59.0
438.0,412.0,56.0,59.0
438.0,411.0,57.0,60.0
438.0,411.0,56.0,59.0
439.0,412.0,56.0,58.0
439.0,411.0,57.0,58.0
439.0,410.0,57.0,58.0
439.0,410.0,57.0,58.0
440.0,410.0,57.0,57.0
440.0,409.0,57.0,58.0
441.0,409.0,56.0,58.0
442.0,408.0,56.0,58.0
442.0,409.0,54.0,57.0
442.0,408.0,54.0,58.0
443.0,408.0,53.0,58.0
442.0,407.0,54.0,58.0
442.0,407.0,54.0,58.0
442.0,407.0,54.0,57.0
442.0,407.0,54.0,57.0
443.0,407.0,54.0,56.0
443.0,406.0,54.0,56.0
442.0,406.0,56.0,57.0
442.0,404.0,57.0,59.0
442.0,404.0,56.0,58.0
442.0,404.0,57.0,60.0
442.0,403.0,57.0,60.0
442.0,403.0,57.0,61.0
442.0,403.0,57.0,61.0
442.0,402.0,57.0,61.0
442.0,403.0,56.0,60.0
443.0,402.0,57.0,61.0
442.0,401.0,57.0,61.0
442.0,402.0,56.0,60.0
443.0,401.0,57.0,61.0
442.0,400.0,58.0,62.0
443.0,399.0,58.0,62.0
444.0,400.0,56.0,60.0
444.0,400.0,57.0,61.0
444.0,399.0,57.0,61.0
444.0,399.0,57.0,60.0
444.0,399.0,57.0,60.0
444.0,397.0,56.0,60.0
445.0,398.0,55.0,59.0
446.0,399.0,53.0,57.0
446.0,397.0,53.0,57.0
445.0,397.0,55.0,58.0
445.0,398.0,55.0,57.0
