661.0,353.0,45.0,94.0
661.0,353.0,45.0,94.0
661.0,353.0,45.0,94.0
662.0,353.0,45.0,94.0
661.0,351.0,46.0,98.0
662.0,352.0,45.0,94.0
661.0,350.0,47.0,99.0
661.0,350.0,46.0,98.0
662.0,353.0,45.0,94.0
661.0,353.0,46.0,96.0
661.0,352.0,46.0,96.0
661.0,353.0,46.0,96.0
659.0,352.0,46.0,98.0
659.0,352.0,46.0,98.0
659.0,353.0,46.0,96.0
659.0,354.0,46.0,96.0
658.0,353.0,46.0,96.0
657.0,353.0,47.0,98.0
656.0,352.0,47.0,98.0
655.0,351.0,47.0,99.0
655.0,352.0,46.0,98.0
655.0,351.0,46.0,98.0
653.0,350.0,48.0,101.0
653.0,351.0,49.0,103.0
652.0,350.0,51.0,106.0
652.0,350.0,50.0,105.0
652.0,350.0,50.0,105.0
652.0,350.0,50.0,105.0
652.0,350.0,50.0,105.0
652.0,350.0,51.0,106.0
651.0,348.0,52.0,108.0
652.0,347.0,52.0,108.0
652.0,347.0,51.0,106.0
653.0,347.0,50.0,105.0
654.0,344.0,51.0,106.0
653.0,341.0,52.0,108.0
653.0,338.0,54.0,113.0
653.0,338.0,53.0,113.0
654.0,339.0,52.0,108.0
655.0,337.0,51.0,106.0
655.0,337.0,50.0,105.0
655.0,337.0,49.0,103.0
655.0,337.0,49.0,103.0
655.0,337.0,48.0,101.0
655.0,338.0,47.0,99.0
655.0,337.0,47.0,99.0
655.0,336.0,47.0,99.0
655.0,336.0,47.0,99.0
655.0,339.0,46.0,96.0
655.0,340.0,45.0,94.0
655.0,339.0,46.0,96.0
654.0,340.0,45.0,94.0
653.0,339.0,46.0,96.0
653.0,340.0,45.0,94.0
652.0,340.0,46.0,96.0
651.0,338.0,47.0,98.0
652.0,339.0,46.0,96.0
652.0,341.0,45.0,94.0
652.0,341.0,45.0,94.0
653.0,341.0,45.0,94.0
652.0,341.0,45.0,94.0
653.0,342.0,45.0,94.0
654.0,342.0,45.0,94.0
653.0,342.0,46.0,96.0
654.0,343.0,45.0,94.0
655.0,344.0,46.0,96.0
655.0,343.0,46.0,96.0
655.0,343.0,46.0,96.0
655.0,342.0,47.0,98.0
657.0,343.0,46.0,96.0
658.0,342.0,46.0,96.0
658.0,342.0,46.0,96.0
659.0,341.0,46.0,96.0
659.0,340.0,46.0,96.0
659.0,339.0,47.0,98.0
659.0,340.0,47.0,98.0
659.0,339.0,47.0,99.0
659.0,340.0,47.0,99.0
659.0,340.0,47.0,99.0
659.0,340.0,47.0,99.0
659.0,341.0,47.0,98.0
659.0,342.0,47.0,98.0
658.0,342.0,47.0,98.0
658.0,343.0,46.0,96.0
657.0,342.0,47.0,98.0
655.0,342.0,47.0,98.0
655.0,340.0,47.0,99.0
655.0,341.0,47.0,98.0
654.0,340.0,47.0,98.0
654.0,340.0,46.0,96.0
653.0,340.0,47.0,98.0
653.0,340.0,47.0,98.0
653.0,340.0,47.0,98.0
653.0,340.0,47.0,98.0
653.0,341.0,47.0,98.0
653.0,341.0,47.0,98.0
653.0,342.0,47.0,98.0
654.0,343.0,47.0,98.0
654.0,343.0,47.0,98.0
655.0,343.0,47.0,98.0
655.0,342.0,47.0,98.0
655.0,341.0,47.0,98.0
655.0,341.0,47.0,98.0
656.0,341.0,47.0,98.0
656.0,340.0,47.0,98.0
656.0,340.0,47.0,98.0
657.0,340.0,47.0,98.0
656.0,340.0,47.0,98.0
657.0,339.0,47.0,98.0
657.0,340.0,47.0,98.0
657.0,340.0,47.0,98.0
657.0,341.0,47.0,98.0
656.0,341.0,47.0,98.0
655.0,340.0,47.0,99.0
655.0,341.0,47.0,99.0
655.0,341.0,47.0,99.0
655.0,341.0,48.0,101.0
654.0,341.0,48.0,101.0
654.0,341.0,48.0,101.0
653.0,340.0,48.0,101.0
652.0,339.0,48.0,101.0
652.0,339.0,48.0,101.0
652.0,337.0,48.0,101.0
651.0,336.0,48.0,101.0
651.0,336.0,48.0,101.0
650.0,335.0,48.0,101.0
650.0,333.0,49.0,103.0
650.0,333.0,49.0,103.0
650.0,333.0,49.0,103.0
650.0,333.0,49.0,103.0
650.0,332.0,50.0,105.0
649.0,332.0,51.0,106.0
651.0,333.0,49.0,103.0
651.0,332.0,50.0,105.0
652.0,332.0,50.0,105.0
652.0,332.0,50.0,105.0
653.0,332.0,50.0,105.0
654.0,331.0,50.0,105.0
654.0,330.0,50.0,105.0
655.0,330.0,50.0,105.0
654.0,328.0,51.0,106.0
655.0,328.0,50.0,105.0
655.0,328.0,50.0,105.0
655.0,328.0,50.0,105.0
655.0,327.0,50.0,105.0
655.0,327.0,49.0,103.0
656.0,328.0,48.0,101.0
655.0,328.0,48.0,101.0
655.0,329.0,48.0,101.0
655.0,330.0,48.0,101.0
655.0,331.0,48.0,101.0
654.0,331.0,48.0,101.0
654.0,332.0,48.0,101.0
653.0,332.0,48.0,101.0
653.0,333.0,47.0,99.0
652.0,333.0,47.0,99.0
652.0,331.0,48.0,101.0
652.0,332.0,47.0,99.0
651.0,331.0,47.0,99.0
651.0,331.0,47.0,99.0
651.0,331.0,47.0,99.0
651.0,331.0,47.0,98.0
651.0,331.0,47.0,99.0
651.0,331.0,47.0,99.0
651.0,331.0,47.0,99.0
651.0,332.0,47.0,99.0
652.0,333.0,47.0,99.0
652.0,334.0,47.0,99.0
653.0,335.0,47.0,99.0
654.0,335.0,47.0,99.0
655.0,336.0,47.0,99.0
655.0,335.0,48.0,101.0
655.0,335.0,48.0,101.0
655.0,334.0,49.0,103.0
656.0,333.0,49.0,103.0
657.0,332.0,50.0,105.0
656.0,332.0,51.0,107.0
656.0,332.0,50.0,105.0
656.0,331.0,51.0,107.0
656.0,331.0,51.0,107.0
656.0,333.0,50.0,105.0
657.0,333.0,50.0,105.0
657.0,333.0,50.0,105.0
656.0,334.0,50.0,105.0
656.0,334.0,50.0,105.0
656.0,335.0,50.0,105.0
656.0,336.0,50.0,105.0
655.0,336.0,50.0,105.0
654.0,336.0,50.0,105.0
654.0,337.0,50.0,105.0
652.0,338.0,50.0,105.0
652.0,338.0,50.0,105.0
650.0,336.0,51.0,107.0
650.0,336.0,51.0,107.0
649.0,335.0,52.0,109.0
647.0,333.0,53.0,111.0
647.0,333.0,53.0,111.0
647.0,333.0,53.0,111.0
648.0,333.0,52.0,109.0
648.0,334.0,52.0,109.0
647.0,332.0,53.0,111.0
648.0,333.0,53.0,111.0
648.0,332.0,54.0,113.0
648.0,331.0,54.0,115.0
649.0,332.0,54.0,115.0
649.0,333.0,54.0,115.0
650.0,334.0,54.0,113.0
650.0,335.0,54.0,113.0
650.0,335.0,54.0,115.0
651.0,335.0,54.0,115.0
651.0,335.0,54.0,115.0
652.0,337.0,54.0,115.0
652.0,335.0,56.0,117.0
652.0,336.0,56.0,117.0
653.0,336.0,56.0,117.0
653.0,334.0,57.0,119.0
653.0,334.0,57.0,119.0
653.0,334.0,57.0,119.0
653.0,334.0,57.0,119.0
653.0,334.0,57.0,119.0
653.0,335.0,57.0,119.0
653.0,335.0,58.0,119.0
652.0,335.0,58.0,122.0
651.0,335.0,59.0,122.0
651.0,335.0,59.0,122.0
650.0,335.0,59.0,122.0
651.0,336.0,58.0,119.0
649.0,335.0,59.0,122.0
648.0,333.0,59.0,122.0
649.0,333.0,58.0,119.0
649.0,332.0,58.0,119.0
648.0,331.0,58.0,119.0
648.0,330.0,59.0,122.0
647.0,329.0,59.0,122.0
648.0,330.0,58.0,119.0
648.0,330.0,58.0,119.0
647.0,330.0,59.0,122.0
647.0,330.0,59.0,122.0
647.0,330.0,59.0,122.0
648.0,330.0,59.0,122.0
648.0,331.0,59.0,122.0
649.0,331.0,59.0,122.0
649.0,330.0,60.0,124.0
649.0,331.0,59.0,122.0
649.0,331.0,59.0,122.0
649.0,331.0,59.0,122.0
649.0,331.0,59.0,122.0
649.0,331.0,60.0,124.0
649.0,332.0,60.0,124.0
650.0,333.0,59.0,122.0
650.0,334.0,59.0,122.0
650.0,335.0,59.0,123.0
649.0,336.0,59.0,123.0
649.0,337.0,59.0,123.0
649.0,338.0,59.0,123.0
649.0,339.0,59.0,123.0
649.0,341.0,59.0,123.0
649.0,342.0,59.0,123.0
649.0,341.0,60.0,125.0
648.0,343.0,60.0,125.0
647.0,343.0,62.0,127.0
648.0,344.0,62.0,127.0
647.0,343.0,62.0,129.0
646.0,344.0,62.0,129.0
645.0,344.0,62.0,127.0
646.0,346.0,60.0,125.0
646.0,346.0,59.0,123.0
645.0,346.0,59.0,123.0
644.0,346.0,59.0,123.0
643.0,347.0,59.0,123.0
643.0,346.0,59.0,123.0
642.0,346.0,59.0,123.0
643.0,346.0,59.0,123.0
643.0,346.0,59.0,123.0
643.0,346.0,59.0,123.0
643.0,345.0,59.0,123.0
643.0,345.0,59.0,123.0
643.0,346.0,59.0,123.0
643.0,346.0,59.0,123.0
643.0,345.0,59.0,123.0
643.0,346.0,59.0,123.0
642.0,345.0,59.0,123.0
642.0,345.0,59.0,123.0
641.0,345.0,59.0,123.0
642.0,345.0,59.0,123.0
641.0,344.0,59.0,123.0
641.0,343.0,60.0,125.0
643.0,344.0,60.0,125.0
642.0,344.0,60.0,125.0
642.0,344.0,60.0,125.0
642.0,344.0,60.0,125.0
642.0,346.0,59.0,123.0
641.0,346.0,59.0,123.0
641.0,345.0,59.0,123.0
641.0,345.0,59.0,123.0
641.0,345.0,59.0,123.0
641.0,345.0,59.0,123.0
641.0,346.0,59.0,123.0
640.0,346.0,59.0,123.0
640.0,346.0,59.0,123.0
640.0,347.0,59.0,123.0
640.0,347.0,59.0,123.0
640.0,347.0,59.0,123.0
640.0,347.0,59.0,123.0
640.0,347.0,59.0,123.0
641.0,347.0,58.0,123.0
641.0,347.0,58.0,123.0
641.0,347.0,58.0,123.0
641.0,348.0,58.0,123.0
641.0,348.0,58.0,123.0
642.0,348.0,58.0,123.0
643.0,348.0,58.0,123.0
643.0,347.0,59.0,125.0
645.0,348.0,59.0,125.0
645.0,347.0,59.0,125.0
646.0,346.0,59.0,125.0
646.0,345.0,61.0,127.0
646.0,343.0,62.0,129.0
646.0,343.0,62.0,129.0
646.0,342.0,62.0,129.0
646.0,342.0,62.0,129.0
646.0,342.0,62.0,129.0
646.0,341.0,62.0,129.0
646.0,341.0,62.0,129.0
646.0,340.0,62.0,130.0
647.0,339.0,61.0,130.0
647.0,339.0,61.0,131.0
647.0,340.0,60.0,129.0
648.0,339.0,61.0,129.0
647.0,338.0,62.0,130.0
646.0,338.0,62.0,130.0
647.0,337.0,62.0,130.0
648.0,338.0,61.0,127.0
648.0,337.0,62.0,129.0
648.0,337.0,62.0,129.0
649.0,337.0,62.0,129.0
649.0,337.0,62.0,129.0
649.0,337.0,62.0,129.0
649.0,337.0,62.0,129.0
650.0,337.0,62.0,129.0
650.0,338.0,62.0,129.0
650.0,338.0,62.0,129.0
650.0,338.0,62.0,129.0
650.0,339.0,62.0,129.0
651.0,339.0,62.0,129.0
650.0,340.0,62.0,129.0
650.0,341.0,62.0,129.0
650.0,342.0,62.0,129.0
651.0,344.0,62.0,127.0
651.0,344.0,62.0,127.0
650.0,344.0,62.0,127.0
651.0,345.0,62.0,127.0
650.0,345.0,62.0,127.0
650.0,346.0,62.0,127.0
649.0,346.0,62.0,127.0
650.0,347.0,62.0,127.0
649.0,347.0,62.0,127.0
649.0,347.0,62.0,127.0
649.0,347.0,62.0,127.0
649.0,346.0,62.0,127.0
648.0,345.0,63.0,129.0
648.0,345.0,63.0,129.0
648.0,345.0,63.0,129.0
648.0,345.0,63.0,129.0
647.0,344.0,63.0,129.0
647.0,344.0,63.0,129.0
648.0,343.0,63.0,129.0
647.0,343.0,63.0,129.0
647.0,343.0,63.0,129.0
648.0,343.0,63.0,129.0
648.0,342.0,63.0,129.0
648.0,342.0,63.0,129.0
648.0,342.0,63.0,129.0
647.0,340.0,64.0,132.0
647.0,339.0,64.0,132.0
647.0,340.0,64.0,132.0
648.0,339.0,64.0,132.0
647.0,339.0,65.0,135.0
648.0,340.0,64.0,132.0
648.0,340.0,64.0,132.0
647.0,340.0,64.0,132.0
647.0,339.0,64.0,132.0
648.0,339.0,64.0,132.0
647.0,339.0,64.0,132.0
647.0,339.0,64.0,132.0
646.0,339.0,64.0,132.0
647.0,338.0,64.0,132.0
646.0,339.0,64.0,132.0
647.0,340.0,63.0,130.0
647.0,340.0,63.0,130.0
647.0,340.0,63.0,130.0
647.0,341.0,63.0,130.0
647.0,340.0,63.0,130.0
647.0,340.0,63.0,130.0
647.0,340.0,63.0,130.0
647.0,340.0,63.0,130.0
647.0,339.0,63.0,132.0
647.0,339.0,63.0,132.0
647.0,339.0,63.0,132.0
647.0,339.0,63.0,132.0
647.0,339.0,63.0,132.0
647.0,339.0,63.0,132.0
647.0,339.0,63.0,132.0
647.0,339.0,63.0,132.0
647.0,339.0,63.0,132.0
647.0,339.0,63.0,132.0
647.0,340.0,63.0,132.0
648.0,339.0,63.0,132.0
647.0,340.0,63.0,132.0
647.0,339.0,63.0,132.0
647.0,339.0,63.0,132.0
647.0,339.0,63.0,132.0
647.0,338.0,63.0,132.0
647.0,338.0,63.0,132.0
647.0,339.0,63.0,132.0
647.0,338.0,63.0,132.0
647.0,338.0,62.0,132.0
646.0,337.0,62.0,132.0
646.0,337.0,62.0,132.0
647.0,337.0,62.0,132.0
646.0,336.0,62.0,132.0
647.0,337.0,62.0,132.0
646.0,336.0,62.0,132.0
647.0,337.0,61.0,129.0
646.0,337.0,61.0,129.0
646.0,337.0,61.0,129.0
646.0,337.0,61.0,129.0
646.0,337.0,61.0,129.0
646.0,337.0,61.0,129.0
646.0,338.0,61.0,129.0
646.0,338.0,61.0,129.0
646.0,338.0,61.0,129.0
645.0,338.0,61.0,129.0
645.0,338.0,61.0,129.0
645.0,338.0,61.0,129.0
645.0,337.0,61.0,129.0
645.0,338.0,61.0,129.0
645.0,338.0,61.0,129.0
645.0,338.0,61.0,129.0
645.0,339.0,61.0,129.0
644.0,338.0,62.0,132.0
644.0,337.0,63.0,135.0
644.0,338.0,63.0,135.0
645.0,338.0,63.0,135.0
645.0,339.0,62.0,132.0
645.0,339.0,62.0,132.0
644.0,339.0,62.0,132.0
645.0,339.0,62.0,132.0
645.0,340.0,61.0,129.0
645.0,340.0,61.0,129.0
646.0,342.0,61.0,128.0
646.0,342.0,61.0,128.0
646.0,342.0,61.0,128.0
646.0,342.0,61.0,128.0
646.0,342.0,61.0,128.0
647.0,343.0,59.0,125.0
648.0,344.0,58.0,123.0
648.0,345.0,57.0,121.0
648.0,346.0,56.0,119.0
649.0,347.0,55.0,116.0
649.0,347.0,55.0,116.0
650.0,347.0,55.0,116.0
650.0,347.0,54.0,115.0
651.0,347.0,54.0,115.0
651.0,348.0,53.0,113.0
651.0,348.0,52.0,110.0
651.0,348.0,51.0,108.0
650.0,348.0,51.0,108.0
650.0,348.0,51.0,108.0
652.0,350.0,49.0,105.0
651.0,349.0,51.0,108.0
651.0,350.0,50.0,107.0
652.0,350.0,51.0,108.0
652.0,349.0,51.0,108.0
653.0,350.0,50.0,107.0
654.0,351.0,49.0,105.0
655.0,351.0,49.0,105.0
656.0,352.0,49.0,103.0
656.0,352.0,49.0,103.0
656.0,351.0,49.0,103.0
656.0,350.0,49.0,103.0
656.0,350.0,49.0,103.0
657.0,350.0,49.0,105.0
656.0,349.0,50.0,107.0
657.0,349.0,50.0,107.0
657.0,350.0,50.0,107.0
657.0,349.0,50.0,107.0
657.0,350.0,50.0,105.0
657.0,350.0,50.0,105.0
657.0,350.0,50.0,105.0
657.0,350.0,50.0,105.0
657.0,350.0,50.0,105.0
656.0,350.0,50.0,105.0
655.0,351.0,50.0,105.0
654.0,351.0,50.0,105.0
654.0,350.0,51.0,107.0
652.0,350.0,51.0,107.0
653.0,350.0,51.0,107.0
652.0,350.0,51.0,107.0
652.0,349.0,51.0,107.0
651.0,350.0,50.0,105.0
651.0,350.0,50.0,105.0
651.0,349.0,50.0,105.0
651.0,349.0,50.0,105.0
651.0,349.0,50.0,105.0
650.0,348.0,50.0,105.0
650.0,349.0,50.0,105.0
650.0,349.0,50.0,105.0
650.0,349.0,50.0,105.0
650.0,350.0,50.0,105.0
651.0,350.0,50.0,105.0
651.0,349.0,50.0,105.0
652.0,350.0,49.0,103.0
653.0,351.0,48.0,101.0
654.0,351.0,48.0,101.0
654.0,350.0,49.0,103.0
654.0,350.0,49.0,103.0
654.0,350.0,49.0,103.0
655.0,350.0,49.0,102.0
654.0,349.0,50.0,104.0
655.0,349.0,49.0,102.0
655.0,350.0,49.0,102.0
654.0,349.0,50.0,104.0
654.0,350.0,50.0,104.0
654.0,349.0,51.0,106.0
654.0,350.0,50.0,104.0
654.0,349.0,51.0,106.0
654.0,349.0,51.0,106.0
653.0,350.0,51.0,106.0
653.0,350.0,51.0,105.0
652.0,350.0,51.0,105.0
652.0,350.0,51.0,105.0
651.0,350.0,51.0,105.0
650.0,350.0,51.0,105.0
650.0,350.0,51.0,105.0
650.0,349.0,51.0,105.0
649.0,348.0,51.0,105.0
649.0,348.0,51.0,105.0
649.0,348.0,51.0,105.0
649.0,348.0,51.0,105.0
649.0,347.0,51.0,105.0
649.0,347.0,51.0,105.0
648.0,347.0,51.0,105.0
649.0,347.0,51.0,105.0
649.0,348.0,51.0,105.0
649.0,347.0,51.0,107.0
650.0,347.0,51.0,105.0
650.0,347.0,51.0,105.0
651.0,348.0,51.0,105.0
652.0,348.0,51.0,105.0
652.0,348.0,51.0,105.0
653.0,349.0,51.0,105.0
653.0,350.0,51.0,105.0
653.0,349.0,51.0,106.0
652.0,349.0,51.0,106.0
653.0,350.0,51.0,106.0
653.0,351.0,51.0,106.0
653.0,352.0,51.0,106.0
653.0,353.0,51.0,104.0
653.0,353.0,51.0,104.0
653.0,354.0,51.0,104.0
653.0,354.0,51.0,104.0
652.0,355.0,51.0,104.0
652.0,355.0,51.0,104.0
652.0,355.0,51.0,106.0
651.0,355.0,51.0,106.0
652.0,355.0,51.0,106.0
652.0,356.0,51.0,106.0
652.0,356.0,51.0,106.0
652.0,356.0,51.0,106.0
651.0,357.0,52.0,107.0
652.0,357.0,52.0,107.0
652.0,357.0,52.0,107.0
651.0,357.0,53.0,110.0
651.0,357.0,53.0,110.0
651.0,358.0,53.0,110.0
651.0,358.0,53.0,110.0
651.0,358.0,53.0,110.0
651.0,359.0,53.0,110.0
652.0,359.0,53.0,110.0
651.0,358.0,54.0,112.0
652.0,359.0,54.0,112.0
652.0,358.0,55.0,113.0
652.0,358.0,55.0,113.0
652.0,358.0,57.0,116.0
652.0,358.0,57.0,116.0
652.0,357.0,57.0,116.0
653.0,357.0,58.0,118.0
653.0,357.0,58.0,118.0
653.0,357.0,58.0,118.0
653.0,355.0,58.0,120.0
652.0,354.0,59.0,122.0
652.0,354.0,59.0,122.0
653.0,353.0,59.0,122.0
652.0,352.0,61.0,125.0
652.0,352.0,61.0,125.0
652.0,352.0,61.0,125.0
652.0,352.0,61.0,125.0
651.0,352.0,61.0,125.0
649.0,351.0,61.0,125.0
649.0,351.0,61.0,125.0
647.0,350.0,62.0,126.0
647.0,349.0,62.0,127.0
646.0,349.0,62.0,126.0
645.0,348.0,63.0,129.0
645.0,348.0,63.0,129.0
644.0,347.0,63.0,129.0
644.0,347.0,63.0,129.0
643.0,348.0,63.0,129.0
642.0,346.0,64.0,132.0
642.0,345.0,65.0,134.0
642.0,345.0,65.0,134.0
642.0,343.0,66.0,137.0
642.0,344.0,65.0,134.0
642.0,343.0,66.0,137.0
642.0,344.0,65.0,134.0
642.0,344.0,66.0,137.0
642.0,343.0,66.0,137.0
642.0,343.0,66.0,137.0
642.0,343.0,66.0,137.0
642.0,343.0,66.0,137.0
642.0,343.0,66.0,137.0
642.0,342.0,66.0,137.0
643.0,343.0,65.0,135.0
643.0,342.0,66.0,137.0
642.0,342.0,66.0,137.0
642.0,342.0,66.0,137.0
643.0,342.0,66.0,137.0
643.0,342.0,66.0,137.0
644.0,343.0,66.0,137.0
644.0,343.0,66.0,137.0
644.0,344.0,66.0,137.0
644.0,345.0,66.0,137.0
645.0,346.0,66.0,137.0
645.0,347.0,66.0,137.0
645.0,348.0,66.0,137.0
645.0,348.0,68.0,139.0
645.0,351.0,66.0,137.0
645.0,353.0,66.0,137.0
646.0,354.0,68.0,139.0
646.0,356.0,68.0,139.0
645.0,355.0,70.0,144.0
646.0,355.0,73.0,151.0
646.0,358.0,73.0,151.0
645.0,360.0,73.0,151.0
645.0,362.0,73.0,151.0
643.0,362.0,74.0,153.0
642.0,364.0,74.0,153.0
641.0,366.0,74.0,153.0
642.0,368.0,74.0,153.0
641.0,369.0,74.0,153.0
640.0,371.0,76.0,156.0
640.0,371.0,76.0,156.0
638.0,374.0,76.0,156.0
641.0,376.0,76.0,156.0
637.0,377.0,76.0,156.0
638.0,378.0,76.0,156.0
640.0,380.0,76.0,156.0
641.0,383.0,76.0,156.0
641.0,387.0,76.0,156.0
642.0,390.0,76.0,156.0
643.0,393.0,76.0,156.0
645.0,395.0,76.0,156.0
644.0,397.0,77.0,158.0
644.0,399.0,76.0,156.0
647.0,401.0,76.0,156.0
644.0,404.0,74.0,153.0
646.0,405.0,73.0,151.0
648.0,409.0,71.0,147.0
647.0,410.0,73.0,151.0
649.0,411.0,73.0,151.0
648.0,415.0,73.0,151.0
648.0,416.0,74.0,153.0
651.0,418.0,73.0,151.0
621.0,424.0,74.0,153.0
622.0,424.0,74.0,153.0
622.0,428.0,74.0,153.0
648.0,429.0,73.0,151.0
622.0,434.0,74.0,153.0
649.0,436.0,73.0,151.0
625.0,444.0,73.0,151.0
625.0,453.0,73.0,151.0
625.0,461.0,73.0,151.0
626.0,469.0,73.0,151.0
626.0,478.0,73.0,151.0
626.0,487.0,73.0,151.0
651.0,494.0,74.0,153.0
651.0,505.0,74.0,153.0
628.0,521.0,76.0,156.0
650.0,530.0,76.0,156.0
633.0,544.0,77.0,158.0
83.0,55.0,4.0,10.0
589.0,609.0,49.0,101.0
593.0,622.0,48.0,99.0
592.0,635.0,48.0,99.0
592.0,651.0,47.0,97.0
612.0,635.0,47.0,97.0
621.0,646.0,46.0,95.0
623.0,659.0,45.0,94.0
645.0,642.0,44.0,92.0
626.0,627.0,46.0,95.0
629.0,611.0,47.0,97.0
632.0,611.0,49.0,101.0
631.0,627.0,49.0,101.0
630.0,635.0,52.0,108.0
630.0,647.0,51.0,106.0
645.0,654.0,51.0,106.0
673.0,657.0,52.0,108.0
672.0,657.0,53.0,109.0
82.0,72.0,4.0,10.0
657.0,660.0,50.0,104.0
654.0,656.0,54.0,112.0
655.0,660.0,51.0,106.0
655.0,661.0,50.0,104.0
654.0,660.0,49.0,102.0
653.0,658.0,50.0,104.0
653.0,657.0,51.0,106.0
653.0,654.0,52.0,108.0
651.0,648.0,53.0,109.0
651.0,645.0,54.0,112.0
649.0,638.0,58.0,120.0
650.0,639.0,58.0,120.0
668.0,642.0,59.0,123.0
650.0,642.0,58.0,120.0
648.0,638.0,58.0,120.0
644.0,638.0,58.0,120.0
688.0,639.0,58.0,120.0
688.0,631.0,61.0,124.0
687.0,628.0,61.0,124.0
685.0,616.0,63.0,130.0
686.0,609.0,63.0,130.0
684.0,604.0,63.0,130.0
686.0,596.0,63.0,130.0
686.0,589.0,62.0,127.0
687.0,582.0,63.0,130.0
686.0,575.0,63.0,130.0
686.0,570.0,63.0,130.0
686.0,563.0,63.0,130.0
687.0,557.0,63.0,130.0
686.0,551.0,63.0,130.0
686.0,544.0,63.0,129.0
686.0,543.0,62.0,127.0
686.0,536.0,62.0,126.0
686.0,533.0,62.0,126.0
685.0,527.0,63.0,129.0
684.0,522.0,65.0,133.0
685.0,518.0,63.0,131.0
686.0,515.0,63.0,128.0
685.0,510.0,65.0,132.0
685.0,506.0,65.0,132.0
684.0,504.0,65.0,132.0
685.0,502.0,63.0,130.0
686.0,500.0,63.0,127.0
685.0,498.0,63.0,127.0
685.0,495.0,63.0,127.0
686.0,493.0,63.0,126.0
686.0,491.0,63.0,126.0
685.0,490.0,63.0,126.0
686.0,490.0,63.0,126.0
686.0,489.0,63.0,126.0
686.0,488.0,63.0,126.0
686.0,489.0,62.0,126.0
687.0,489.0,63.0,126.0
687.0,490.0,62.0,126.0
686.0,491.0,63.0,126.0
686.0,492.0,62.0,126.0
686.0,493.0,63.0,126.0
685.0,494.0,62.0,126.0
685.0,498.0,62.0,126.0
685.0,499.0,62.0,126.0
686.0,501.0,62.0,126.0
685.0,504.0,62.0,126.0
685.0,506.0,63.0,129.0
685.0,509.0,63.0,129.0
686.0,513.0,63.0,129.0
685.0,516.0,65.0,131.0
686.0,519.0,63.0,129.0
685.0,523.0,65.0,131.0
686.0,526.0,65.0,131.0
686.0,531.0,65.0,131.0
685.0,535.0,66.0,134.0
686.0,539.0,66.0,134.0
686.0,545.0,66.0,134.0
686.0,548.0,66.0,134.0
685.0,554.0,68.0,136.0
686.0,559.0,68.0,136.0
686.0,564.0,68.0,136.0
687.0,568.0,68.0,139.0
687.0,575.0,68.0,139.0
687.0,581.0,68.0,139.0
688.0,586.0,68.0,139.0
688.0,594.0,68.0,139.0
688.0,597.0,70.0,141.0
688.0,603.0,71.0,144.0
688.0,610.0,71.0,144.0
688.0,615.0,71.0,144.0
688.0,620.0,73.0,147.0
689.0,628.0,73.0,147.0
689.0,634.0,73.0,147.0
691.0,639.0,73.0,147.0
692.0,645.0,73.0,147.0
692.0,646.0,71.0,144.0
694.0,646.0,71.0,144.0
690.0,646.0,71.0,144.0
694.0,645.0,73.0,147.0
654.0,635.0,74.0,149.0
654.0,643.0,73.0,147.0
655.0,647.0,71.0,144.0
657.0,650.0,68.0,139.0
659.0,649.0,68.0,136.0
660.0,644.0,71.0,144.0
657.0,641.0,74.0,149.0
660.0,643.0,73.0,147.0
662.0,639.0,73.0,147.0
663.0,635.0,74.0,149.0
662.0,629.0,76.0,155.0
664.0,629.0,74.0,149.0
662.0,620.0,76.0,155.0
665.0,618.0,75.0,153.0
665.0,613.0,76.0,155.0
666.0,609.0,78.0,158.0
666.0,608.0,78.0,158.0
669.0,604.0,78.0,158.0
669.0,600.0,80.0,162.0
668.0,599.0,82.0,164.0
671.0,593.0,82.0,168.0
670.0,590.0,84.0,171.0
673.0,594.0,82.0,164.0
671.0,587.0,82.0,168.0
710.0,619.0,84.0,171.0
710.0,618.0,86.0,175.0
710.0,616.0,88.0,177.0
712.0,616.0,86.0,175.0
719.0,619.0,84.0,171.0
725.0,619.0,84.0,171.0
724.0,614.0,84.0,171.0
728.0,613.0,84.0,171.0
732.0,612.0,84.0,171.0
736.0,612.0,82.0,168.0
740.0,613.0,82.0,164.0
744.0,613.0,80.0,162.0
748.0,613.0,80.0,162.0
751.0,612.0,82.0,164.0
753.0,612.0,82.0,164.0
757.0,612.0,80.0,162.0
760.0,612.0,80.0,162.0
760.0,611.0,82.0,164.0
762.0,612.0,82.0,164.0
763.0,612.0,82.0,164.0
766.0,612.0,80.0,162.0
767.0,611.0,82.0,164.0
765.0,611.0,82.0,168.0
768.0,611.0,82.0,164.0
769.0,612.0,82.0,164.0
772.0,613.0,80.0,162.0
772.0,613.0,82.0,164.0
771.0,613.0,82.0,164.0
772.0,612.0,82.0,164.0
772.0,611.0,82.0,164.0
772.0,612.0,82.0,164.0
772.0,612.0,82.0,164.0
773.0,611.0,82.0,164.0
773.0,609.0,82.0,168.0
773.0,611.0,82.0,164.0
773.0,610.0,82.0,164.0
773.0,609.0,82.0,168.0
772.0,608.0,82.0,168.0
771.0,606.0,84.0,171.0
771.0,606.0,84.0,171.0
772.0,607.0,82.0,168.0
772.0,606.0,82.0,168.0
773.0,606.0,82.0,168.0
772.0,605.0,84.0,171.0
772.0,604.0,84.0,171.0
771.0,604.0,84.0,171.0
770.0,602.0,86.0,175.0
771.0,604.0,84.0,171.0
772.0,603.0,84.0,171.0
772.0,602.0,84.0,171.0
772.0,602.0,84.0,171.0
771.0,600.0,86.0,175.0
771.0,601.0,86.0,175.0
771.0,601.0,86.0,175.0
771.0,601.0,86.0,175.0
769.0,599.0,88.0,177.0
768.0,598.0,89.0,181.0
769.0,598.0,89.0,181.0
769.0,598.0,89.0,181.0
768.0,598.0,89.0,181.0
769.0,597.0,89.0,181.0
768.0,596.0,91.0,184.0
768.0,595.0,91.0,184.0
768.0,595.0,91.0,184.0
769.0,596.0,89.0,181.0
770.0,596.0,89.0,181.0
770.0,596.0,89.0,181.0
770.0,596.0,89.0,181.0
769.0,595.0,91.0,184.0
770.0,596.0,89.0,181.0
771.0,595.0,89.0,181.0
772.0,595.0,89.0,181.0
772.0,595.0,89.0,181.0
770.0,592.0,93.0,188.0
769.0,592.0,93.0,188.0
771.0,595.0,89.0,181.0
773.0,596.0,88.0,177.0
772.0,596.0,88.0,177.0
773.0,595.0,87.0,177.0
774.0,597.0,86.0,175.0
774.0,595.0,87.0,177.0
774.0,596.0,86.0,175.0
775.0,596.0,86.0,175.0
775.0,598.0,84.0,171.0
776.0,597.0,84.0,171.0
775.0,596.0,85.0,175.0
776.0,595.0,85.0,175.0
776.0,595.0,85.0,175.0
776.0,595.0,85.0,175.0
776.0,595.0,85.0,175.0
777.0,597.0,84.0,171.0
775.0,595.0,85.0,175.0
776.0,596.0,85.0,175.0
776.0,597.0,83.0,171.0
777.0,596.0,83.0,171.0
777.0,596.0,83.0,171.0
778.0,598.0,82.0,168.0
779.0,598.0,82.0,168.0
778.0,598.0,82.0,168.0
777.0,597.0,83.0,171.0
777.0,596.0,83.0,171.0
778.0,598.0,82.0,168.0
778.0,597.0,82.0,168.0
779.0,596.0,81.0,168.0
780.0,598.0,81.0,164.0
780.0,597.0,81.0,168.0
779.0,597.0,81.0,168.0
780.0,597.0,80.0,164.0
782.0,597.0,80.0,164.0
782.0,596.0,81.0,168.0
780.0,596.0,81.0,168.0
782.0,598.0,80.0,164.0
783.0,597.0,80.0,164.0
785.0,598.0,80.0,164.0
785.0,598.0,80.0,164.0
785.0,597.0,80.0,164.0
786.0,597.0,80.0,164.0
785.0,595.0,81.0,168.0
785.0,595.0,81.0,168.0
785.0,595.0,81.0,168.0
785.0,595.0,81.0,168.0
786.0,595.0,81.0,168.0
787.0,596.0,81.0,168.0
788.0,596.0,80.0,164.0
789.0,596.0,80.0,164.0
787.0,595.0,81.0,168.0
788.0,596.0,80.0,164.0
789.0,596.0,80.0,164.0
789.0,596.0,80.0,164.0
788.0,597.0,80.0,164.0
788.0,595.0,81.0,168.0
788.0,595.0,80.0,164.0
788.0,596.0,80.0,164.0
789.0,596.0,80.0,164.0
789.0,594.0,81.0,168.0
789.0,595.0,80.0,164.0
790.0,597.0,79.0,162.0
790.0,596.0,79.0,162.0
790.0,596.0,79.0,162.0
790.0,595.0,80.0,164.0
791.0,598.0,77.0,158.0
790.0,597.0,79.0,162.0
790.0,598.0,77.0,158.0
790.0,597.0,77.0,158.0
790.0,597.0,79.0,162.0
789.0,597.0,77.0,158.0
791.0,597.0,77.0,158.0
791.0,597.0,77.0,158.0
791.0,597.0,77.0,158.0
791.0,597.0,77.0,158.0
791.0,597.0,77.0,158.0
792.0,597.0,77.0,158.0
792.0,597.0,77.0,158.0
793.0,597.0,77.0,158.0
793.0,597.0,77.0,158.0
793.0,595.0,79.0,162.0
793.0,596.0,77.0,158.0
794.0,596.0,77.0,158.0
794.0,596.0,77.0,158.0
794.0,598.0,75.0,156.0
796.0,601.0,74.0,153.0
795.0,601.0,75.0,156.0
792.0,596.0,81.0,168.0
792.0,598.0,85.0,175.0
787.0,598.0,86.0,178.0
789.0,598.0,86.0,178.0
771.0,590.0,85.0,175.0
768.0,592.0,85.0,175.0
763.0,594.0,85.0,175.0
753.0,586.0,85.0,175.0
753.0,590.0,83.0,171.0
752.0,594.0,83.0,171.0
750.0,596.0,83.0,171.0
741.0,594.0,83.0,171.0
739.0,596.0,83.0,171.0
737.0,599.0,83.0,171.0
738.0,605.0,81.0,168.0
706.0,594.0,80.0,164.0
708.0,600.0,80.0,164.0
708.0,604.0,81.0,168.0
679.0,594.0,81.0,168.0
659.0,593.0,81.0,168.0
649.0,594.0,81.0,168.0
644.0,595.0,81.0,168.0
714.0,596.0,81.0,168.0
714.0,600.0,81.0,168.0
761.0,599.0,80.0,164.0
807.0,600.0,80.0,164.0
824.0,600.0,80.0,164.0
834.0,601.0,80.0,164.0
852.0,608.0,79.0,162.0
911.0,600.0,77.0,158.0
907.0,601.0,79.0,162.0
906.0,603.0,79.0,162.0
904.0,606.0,79.0,162.0
891.0,601.0,79.0,162.0
889.0,603.0,79.0,162.0
889.0,606.0,77.0,158.0
890.0,607.0,79.0,162.0
933.0,608.0,79.0,162.0
925.0,606.0,79.0,162.0
914.0,605.0,79.0,162.0
884.0,607.0,79.0,162.0
877.0,608.0,79.0,162.0
882.0,609.0,79.0,162.0
874.0,607.0,80.0,164.0
875.0,607.0,81.0,168.0
859.0,603.0,81.0,168.0
908.0,603.0,83.0,171.0
917.0,606.0,83.0,171.0
920.0,608.0,83.0,171.0
918.0,608.0,85.0,175.0
