937, 547, 26, 79
936, 547, 26, 79
934, 547, 26, 79
932, 547, 26, 79
929, 547, 26, 79
926, 546, 26, 79
924, 546, 26, 79
922, 546, 26, 79
920, 546, 26, 79
918, 544, 27, 81
917, 544, 26, 79
914, 544, 26, 79
911, 545, 25, 77
909, 544, 26, 79
907, 545, 25, 77
905, 545, 25, 77
902, 544, 25, 77
900, 544, 25, 76
898, 544, 25, 77
895, 543, 25, 76
894, 544, 25, 74
891, 543, 25, 77
888, 542, 26, 79
886, 542, 26, 79
884, 543, 26, 79
881, 543, 26, 79
879, 544, 25, 77
876, 544, 25, 77
873, 545, 25, 76
872, 545, 26, 79
868, 544, 26, 79
865, 544, 26, 79
863, 543, 27, 81
861, 543, 26, 79
860, 543, 27, 81
857, 543, 27, 81
854, 544, 26, 79
852, 544, 27, 81
850, 544, 27, 81
848, 545, 26, 79
845, 545, 26, 79
843, 545, 25, 77
841, 544, 27, 81
838, 544, 26, 79
836, 544, 25, 77
835, 545, 25, 76
833, 544, 26, 79
830, 545, 25, 77
829, 546, 25, 77
826, 546, 25, 77
823, 547, 25, 77
821, 546, 25, 77
818, 546, 25, 77
816, 548, 25, 74
814, 547, 25, 76
812, 546, 25, 77
810, 546, 25, 76
808, 546, 25, 76
805, 547, 25, 74
804, 547, 25, 77
801, 547, 25, 77
798, 547, 25, 77
796, 546, 25, 77
794, 546, 25, 77
791, 545, 25, 77
789, 544, 26, 79
787, 544, 25, 76
787, 543, 25, 77
783, 543, 25, 76
782, 542, 26, 79
779, 541, 25, 77
777, 542, 25, 77
775, 542, 25, 77
772, 543, 25, 77
770, 542, 25, 77
768, 542, 25, 77
766, 543, 25, 76
763, 543, 25, 76
761, 542, 25, 77
758, 540, 25, 76
757, 540, 25, 77
754, 539, 25, 77
753, 539, 25, 77
751, 540, 25, 76
749, 540, 25, 77
746, 540, 25, 76
744, 539, 26, 79
741, 538, 25, 77
740, 538, 25, 77
737, 537, 25, 77
735, 536, 26, 79
732, 536, 25, 77
730, 535, 25, 77
729, 536, 25, 76
728, 536, 25, 77
726, 536, 25, 76
723, 537, 25, 76
722, 537, 25, 77
718, 536, 25, 77
0.0, 0.0, 0.0, 0.0
713, 536, 37, 75
711, 535, 38, 78
708, 532, 41, 84
705, 531, 41, 84
703, 532, 40, 81
700, 531, 41, 84
699, 530, 41, 84
696, 531, 40, 83
696, 531, 40, 83
694, 529, 42, 86
692, 529, 41, 84
689, 529, 40, 83
688, 529, 40, 81
687, 529, 39, 80
684, 528, 38, 78
683, 529, 37, 76
681, 529, 37, 75
680, 529, 37, 75
678, 530, 35, 72
677, 530, 35, 72
674, 529, 35, 72
672, 530, 34, 69
671, 530, 34, 69
668, 529, 34, 71
665, 525, 37, 75
663, 527, 37, 76
661, 526, 37, 76
660, 525, 38, 78
658, 526, 38, 78
655, 525, 39, 80
652, 526, 39, 80
650, 527, 38, 78
648, 528, 38, 78
645, 527, 40, 81
643, 526, 39, 80
639, 526, 39, 80
639, 527, 38, 78
636, 526, 39, 80
634, 527, 39, 80
631, 526, 39, 80
629, 527, 39, 80
628, 528, 37, 76
625, 529, 37, 76
624, 530, 37, 75
620, 531, 37, 75
619, 531, 37, 75
616, 532, 36, 74
614, 531, 36, 74
611, 532, 37, 75
609, 532, 37, 76
607, 533, 37, 76
604, 533, 37, 76
603, 533, 38, 78
601, 534, 37, 76
598, 535, 37, 75
595, 536, 37, 76
593, 536, 37, 76
591, 537, 37, 75
589, 537, 37, 76
586, 537, 37, 76
583, 537, 38, 78
581, 536, 39, 80
579, 535, 39, 80
577, 536, 39, 80
575, 537, 39, 80
573, 538, 39, 80
571, 538, 40, 81
568, 538, 40, 81
566, 539, 39, 80
563, 539, 39, 80
562, 540, 38, 78
560, 540, 38, 78
558, 540, 39, 80
555, 539, 38, 78
554, 540, 38, 78
552, 541, 38, 78
551, 541, 39, 80
547, 540, 39, 80
546, 542, 38, 78
543, 542, 38, 78
541, 542, 38, 78
540, 542, 38, 78
537, 542, 38, 78
534, 542, 39, 80
532, 542, 39, 80
530, 542, 40, 81
528, 542, 39, 80
527, 542, 39, 80
525, 543, 39, 80
523, 543, 40, 81
520, 544, 39, 80
518, 544, 39, 80
514, 544, 39, 80
512, 544, 39, 80
509, 543, 39, 80
507, 543, 39, 80
504, 543, 40, 81
503, 542, 40, 81
501, 541, 40, 83
0.0, 0.0, 0.0, 0.0
498, 541, 38, 76
498, 541, 38, 76
496, 542, 38, 76
494, 542, 39, 78
492, 541, 40, 79
489, 539, 41, 82
493, 540, 41, 82
494, 542, 40, 81
495, 542, 40, 81
494, 538, 43, 86
494, 539, 44, 87
495, 543, 41, 82
494, 540, 43, 86
495, 542, 41, 82
494, 540, 43, 86
494, 542, 41, 82
494, 542, 40, 81
494, 541, 42, 84
495, 542, 41, 82
495, 542, 40, 81
496, 543, 39, 78
495, 543, 40, 79
496, 543, 39, 78
495, 543, 40, 79
496, 543, 39, 78
496, 543, 39, 78
496, 544, 38, 76
496, 543, 39, 78
496, 543, 38, 76
496, 544, 37, 75
496, 543, 37, 75
496, 543, 37, 75
496, 543, 37, 75
496, 543, 37, 75
496, 543, 37, 75
496, 542, 37, 75
496, 542, 37, 75
496, 541, 37, 75
497, 542, 37, 73
496, 541, 37, 75
497, 541, 37, 73
497, 541, 37, 73
496, 540, 37, 75
496, 540, 37, 75
497, 540, 37, 73
496, 539, 37, 75
496, 539, 37, 75
496, 538, 38, 76
496, 538, 37, 75
496, 538, 37, 75
496, 538, 37, 75
496, 537, 38, 76
496, 537, 37, 75
496, 538, 37, 75
496, 537, 37, 75
496, 537, 37, 75
497, 537, 37, 73
496, 536, 37, 75
496, 536, 37, 75
495, 535, 38, 76
496, 536, 37, 75
495, 536, 37, 75
495, 535, 37, 75
495, 535, 37, 75
495, 535, 37, 75
495, 534, 38, 76
495, 534, 37, 75
494, 533, 38, 76
494, 533, 37, 75
495, 533, 37, 75
494, 534, 37, 75
494, 533, 38, 76
494, 532, 38, 76
494, 533, 37, 75
494, 533, 37, 75
494, 533, 37, 75
495, 532, 37, 75
494, 531, 38, 76
494, 532, 37, 75
495, 532, 37, 75
495, 532, 37, 75
495, 531, 37, 75
495, 530, 38, 76
494, 529, 39, 78
495, 530, 39, 78
495, 530, 39, 78
494, 529, 40, 81
494, 529, 40, 79
494, 529, 40, 81
495, 530, 39, 78
495, 530, 39, 78
495, 530, 39, 78
495, 530, 39, 78
495, 530, 39, 78
496, 530, 38, 76
496, 531, 37, 73
496, 532, 36, 72
497, 533, 35, 70
495, 532, 36, 72
0.0, 0.0, 0.0, 0.0
375, 505, 33, 76
375, 505, 33, 75
373, 504, 34, 78
373, 503, 35, 80
373, 503, 35, 80
373, 503, 35, 80
373, 503, 35, 80
372, 503, 35, 80
372, 503, 35, 80
372, 502, 36, 83
373, 503, 35, 80
371, 502, 35, 81
371, 502, 35, 81
371, 502, 36, 83
372, 501, 36, 83
372, 501, 36, 83
371, 501, 36, 83
371, 500, 36, 83
371, 499, 37, 84
371, 498, 37, 84
371, 499, 36, 83
371, 499, 36, 83
370, 499, 37, 84
370, 498, 38, 86
370, 498, 38, 86
370, 497, 38, 86
370, 498, 37, 84
370, 498, 37, 84
370, 499, 36, 83
369, 499, 37, 84
370, 498, 38, 86
370, 497, 38, 86
370, 497, 38, 86
370, 497, 38, 86
371, 497, 38, 86
371, 498, 37, 84
370, 498, 37, 84
371, 498, 37, 84
371, 498, 37, 84
371, 499, 36, 83
371, 497, 38, 86
372, 498, 37, 84
371, 497, 38, 86
371, 496, 38, 86
371, 497, 37, 84
370, 497, 38, 86
371, 498, 37, 84
370, 497, 38, 86
370, 497, 38, 86
370, 497, 38, 86
369, 497, 38, 86
370, 498, 37, 84
369, 498, 38, 86
370, 498, 37, 84
369, 498, 38, 86
369, 498, 38, 86
369, 497, 38, 86
369, 497, 38, 86
369, 497, 38, 86
369, 497, 38, 86
369, 498, 37, 84
368, 498, 38, 86
368, 498, 38, 86
368, 497, 38, 88
369, 497, 38, 88
369, 497, 38, 88
368, 497, 38, 88
369, 498, 38, 86
368, 497, 38, 88
369, 498, 38, 86
368, 498, 38, 86
368, 498, 38, 86
368, 496, 38, 88
369, 497, 38, 88
370, 497, 38, 88
370, 497, 38, 88
370, 497, 38, 88
370, 497, 38, 88
370, 497, 38, 88
370, 496, 39, 90
371, 497, 38, 86
371, 497, 38, 86
371, 497, 38, 86
371, 498, 38, 86
370, 497, 38, 88
371, 497, 38, 88
371, 498, 38, 86
371, 498, 38, 86
371, 499, 38, 86
371, 498, 38, 88
371, 498, 38, 88
371, 498, 38, 88
371, 498, 38, 88
371, 499, 38, 88
371, 499, 38, 88
371, 500, 38, 86
370, 499, 38, 88
370, 500, 38, 88
370, 501, 38, 86
0.0, 0.0, 0.0, 0.0
361, 505, 33, 71
360, 502, 35, 77
361, 506, 33, 73
361, 506, 33, 71
361, 507, 32, 70
361, 506, 32, 70
361, 506, 32, 70
361, 507, 31, 69
361, 507, 32, 70
360, 507, 32, 70
360, 506, 33, 71
360, 506, 32, 70
360, 507, 32, 70
361, 507, 32, 70
361, 507, 32, 70
361, 507, 31, 69
361, 508, 31, 69
361, 506, 33, 71
361, 506, 32, 70
361, 506, 32, 70
361, 506, 32, 70
361, 506, 32, 70
362, 505, 32, 70
363, 505, 32, 70
362, 505, 32, 70
363, 505, 32, 70
363, 505, 32, 70
363, 505, 32, 70
363, 505, 32, 70
363, 505, 32, 70
363, 505, 32, 70
363, 504, 32, 70
363, 504, 32, 70
363, 504, 32, 70
363, 503, 32, 70
363, 503, 32, 70
361, 503, 33, 71
354, 504, 32, 70
345, 505, 32, 70
331, 506, 33, 71
319, 507, 32, 70
314, 507, 33, 71
313, 508, 32, 70
313, 508, 32, 70
313, 508, 32, 70
313, 508, 32, 70
313, 507, 32, 70
313, 508, 32, 70
312, 508, 33, 71
309, 508, 33, 71
304, 508, 33, 73
297, 510, 32, 70
288, 511, 33, 71
280, 511, 33, 73
279, 512, 33, 71
279, 512, 33, 73
278, 513, 33, 73
278, 513, 33, 73
279, 513, 33, 73
279, 513, 33, 73
279, 514, 33, 73
278, 514, 33, 73
274, 515, 33, 73
266, 517, 33, 71
259, 518, 33, 71
257, 519, 32, 70
257, 520, 32, 70
256, 520, 33, 71
256, 520, 33, 71
256, 520, 33, 71
256, 520, 33, 71
256, 521, 33, 71
256, 520, 33, 71
256, 521, 32, 70
256, 522, 32, 70
256, 522, 32, 70
255, 522, 32, 70
256, 522, 31, 69
256, 523, 32, 70
255, 522, 32, 70
254, 523, 32, 70
254, 524, 32, 70
254, 523, 32, 70
254, 524, 32, 70
253, 523, 33, 71
254, 524, 33, 71
254, 524, 33, 71
254, 523, 33, 73
253, 523, 33, 73
253, 524, 33, 73
254, 524, 33, 73
253, 524, 33, 73
254, 524, 33, 73
253, 524, 34, 74
254, 524, 33, 73
253, 525, 33, 73
253, 525, 33, 73
253, 525, 33, 73
253, 525, 33, 73
0.0, 0.0, 0.0, 0.0
258, 527, 31, 69
258, 526, 32, 70
258, 526, 32, 70
259, 526, 32, 70
259, 526, 32, 70
259, 528, 31, 67
259, 527, 32, 70
259, 527, 31, 69
259, 527, 32, 70
259, 527, 32, 70
259, 527, 32, 70
259, 527, 32, 70
259, 527, 32, 70
260, 527, 31, 69
261, 527, 32, 70
261, 527, 32, 70
261, 526, 33, 71
261, 527, 32, 70
261, 527, 32, 70
261, 526, 32, 70
261, 526, 32, 70
262, 526, 32, 70
262, 526, 32, 70
261, 524, 34, 74
262, 527, 32, 70
262, 528, 31, 69
263, 527, 31, 69
262, 528, 31, 69
262, 528, 32, 70
261, 528, 32, 70
261, 528, 32, 70
260, 528, 33, 71
262, 529, 31, 69
263, 528, 32, 70
263, 528, 33, 71
264, 529, 32, 70
264, 529, 32, 70
264, 529, 32, 70
264, 530, 32, 70
264, 530, 32, 70
264, 530, 32, 70
264, 530, 32, 70
264, 530, 32, 70
264, 530, 32, 70
265, 531, 31, 69
264, 532, 32, 70
264, 532, 32, 70
264, 532, 32, 70
264, 532, 32, 70
264, 533, 32, 70
264, 532, 32, 70
264, 532, 32, 70
265, 532, 32, 70
265, 532, 32, 70
265, 532, 32, 70
265, 533, 32, 70
265, 533, 32, 70
265, 533, 32, 70
265, 533, 32, 70
265, 533, 32, 70
265, 534, 32, 70
266, 535, 31, 69
265, 536, 31, 69
265, 534, 32, 70
264, 535, 32, 70
264, 535, 32, 70
264, 533, 33, 73
264, 536, 32, 70
264, 535, 32, 70
264, 535, 32, 70
264, 536, 31, 67
264, 536, 31, 69
264, 536, 31, 69
264, 537, 31, 69
264, 537, 31, 69
264, 537, 31, 69
262, 536, 32, 70
262, 536, 31, 69
262, 536, 31, 69
262, 536, 31, 69
262, 535, 31, 69
261, 535, 31, 69
261, 535, 31, 69
260, 534, 32, 70
260, 534, 31, 69
260, 534, 31, 69
260, 534, 31, 69
260, 533, 32, 70
259, 532, 32, 70
259, 532, 31, 69
258, 532, 31, 69
258, 532, 31, 69
258, 531, 32, 70
258, 530, 32, 70
257, 530, 31, 69
257, 530, 31, 69
257, 530, 31, 69
257, 530, 31, 69
257, 529, 31, 69
0.0, 0.0, 0.0, 0.0
256, 529, 31, 69
256, 528, 32, 70
256, 528, 32, 70
256, 527, 33, 71
256, 526, 32, 70
256, 526, 33, 71
255, 525, 32, 70
255, 525, 32, 70
255, 525, 32, 70
255, 524, 33, 71
255, 524, 32, 70
255, 523, 33, 71
255, 523, 32, 70
255, 523, 32, 70
255, 522, 33, 71
254, 521, 32, 70
254, 520, 33, 73
254, 519, 33, 71
253, 519, 33, 73
254, 518, 33, 71
253, 516, 34, 74
254, 516, 33, 73
254, 516, 33, 71
254, 516, 32, 70
255, 515, 31, 69
256, 516, 31, 67
255, 513, 33, 71
254, 512, 33, 73
255, 512, 33, 73
255, 513, 33, 71
255, 511, 33, 73
255, 510, 34, 74
256, 510, 33, 73
255, 510, 34, 74
255, 509, 35, 76
256, 509, 34, 74
256, 508, 34, 74
256, 508, 33, 73
256, 508, 34, 74
256, 507, 34, 74
257, 508, 33, 73
257, 507, 33, 73
256, 507, 33, 73
256, 507, 33, 73
257, 506, 34, 74
257, 505, 34, 74
257, 505, 34, 74
257, 505, 33, 73
257, 505, 34, 74
257, 505, 33, 73
257, 505, 33, 73
257, 504, 34, 74
257, 504, 34, 74
257, 504, 34, 74
258, 504, 34, 74
257, 504, 34, 74
257, 504, 34, 74
257, 504, 34, 74
257, 504, 34, 74
257, 504, 34, 74
257, 504, 34, 74
257, 505, 33, 73
257, 504, 34, 74
257, 504, 34, 74
257, 504, 33, 73
257, 504, 34, 74
257, 504, 33, 73
257, 504, 34, 74
257, 504, 33, 73
257, 504, 33, 73
257, 504, 34, 74
257, 504, 33, 73
257, 505, 33, 73
256, 504, 34, 74
256, 504, 34, 74
257, 504, 33, 73
255, 504, 34, 74
255, 504, 34, 74
255, 504, 34, 74
255, 504, 34, 74
255, 504, 34, 74
255, 504, 34, 74
255, 504, 34, 74
255, 504, 34, 74
254, 504, 34, 74
254, 504, 34, 74
254, 505, 33, 73
254, 505, 33, 73
253, 504, 34, 74
253, 504, 34, 74
253, 504, 34, 74
253, 504, 34, 74
252, 504, 34, 74
252, 504, 34, 74
252, 504, 34, 74
252, 504, 34, 74
252, 504, 34, 74
252, 504, 34, 74
252, 505, 33, 73
0.0, 0.0, 0.0, 0.0
250, 500, 36, 75
251, 500, 36, 75
251, 500, 36, 75
251, 499, 36, 75
251, 499, 36, 75
251, 499, 36, 75
251, 499, 36, 75
251, 499, 36, 75
250, 498, 36, 75
250, 497, 36, 75
250, 497, 36, 75
250, 496, 37, 76
250, 496, 36, 75
250, 496, 36, 75
250, 496, 36, 75
250, 495, 36, 75
250, 495, 36, 75
250, 494, 36, 75
251, 493, 36, 75
251, 493, 36, 75
251, 493, 36, 75
251, 492, 36, 75
251, 492, 36, 75
251, 491, 36, 75
251, 491, 36, 75
251, 490, 36, 75
250, 489, 37, 76
251, 489, 36, 75
251, 489, 36, 75
251, 489, 36, 75
251, 489, 36, 75
251, 488, 36, 75
251, 487, 36, 75
250, 486, 37, 78
251, 486, 36, 75
251, 486, 36, 75
251, 486, 36, 75
251, 485, 37, 76
251, 485, 36, 75
251, 485, 36, 75
250, 485, 37, 76
250, 485, 36, 75
250, 485, 37, 76
250, 485, 36, 75
250, 485, 36, 75
250, 485, 37, 76
251, 485, 36, 75
251, 485, 36, 75
250, 485, 37, 76
250, 485, 36, 75
250, 486, 36, 75
251, 485, 36, 75
250, 485, 37, 76
251, 485, 37, 76
250, 485, 37, 76
251, 485, 36, 75
251, 485, 37, 76
251, 485, 37, 76
251, 485, 37, 76
251, 485, 37, 76
252, 485, 36, 75
252, 486, 36, 75
253, 485, 36, 75
252, 485, 37, 76
253, 484, 37, 76
253, 484, 37, 76
253, 484, 37, 76
253, 484, 37, 76
253, 484, 36, 75
253, 484, 36, 75
253, 484, 37, 76
253, 484, 37, 76
252, 483, 37, 76
253, 483, 37, 76
253, 483, 37, 76
253, 483, 37, 76
252, 483, 37, 76
253, 483, 37, 76
252, 483, 37, 76
252, 483, 37, 76
252, 483, 37, 76
251, 483, 37, 76
251, 483, 36, 75
251, 483, 37, 76
250, 482, 37, 76
249, 482, 37, 76
249, 482, 37, 76
248, 482, 37, 76
247, 481, 37, 76
246, 479, 37, 76
246, 479, 37, 76
245, 479, 37, 76
244, 479, 37, 76
244, 478, 37, 76
244, 478, 37, 76
243, 477, 37, 76
243, 478, 37, 76
243, 477, 37, 76
243, 477, 37, 76
0.0, 0.0, 0.0, 0.0
249, 482, 34, 76
249, 483, 34, 76
249, 482, 34, 76
248, 482, 34, 76
248, 483, 33, 75
248, 483, 34, 76
248, 482, 34, 76
248, 481, 34, 76
249, 483, 33, 73
248, 482, 33, 75
248, 482, 34, 76
248, 482, 33, 75
248, 483, 33, 73
248, 482, 33, 75
249, 482, 33, 73
248, 483, 33, 73
248, 483, 33, 73
248, 482, 33, 75
248, 482, 33, 75
248, 483, 33, 75
248, 483, 33, 73
249, 484, 32, 72
248, 483, 33, 73
248, 483, 33, 73
248, 484, 33, 73
248, 484, 33, 73
248, 484, 33, 73
249, 483, 33, 73
250, 486, 31, 70
249, 484, 32, 72
249, 484, 32, 72
250, 485, 31, 70
250, 483, 33, 73
251, 484, 33, 75
251, 485, 33, 73
251, 484, 33, 75
251, 484, 33, 75
252, 485, 33, 75
251, 486, 33, 75
252, 487, 33, 73
251, 486, 33, 73
251, 487, 33, 73
250, 488, 33, 73
250, 487, 33, 75
249, 487, 33, 75
249, 487, 34, 76
248, 488, 34, 76
249, 489, 33, 75
248, 489, 33, 75
248, 489, 33, 75
248, 490, 33, 75
247, 490, 33, 75
247, 491, 33, 75
246, 491, 34, 76
247, 491, 34, 76
246, 492, 33, 75
246, 492, 34, 76
246, 493, 34, 76
246, 493, 34, 76
246, 493, 34, 76
246, 494, 34, 76
247, 495, 34, 76
247, 495, 34, 76
247, 495, 35, 78
248, 496, 34, 76
249, 496, 34, 76
249, 496, 34, 76
250, 497, 34, 76
250, 498, 34, 76
251, 498, 34, 76
251, 499, 34, 76
251, 499, 34, 76
252, 499, 34, 76
252, 499, 34, 76
252, 499, 34, 76
252, 500, 34, 76
253, 501, 34, 76
253, 501, 34, 76
254, 501, 34, 76
255, 503, 33, 75
255, 504, 33, 75
255, 503, 34, 76
255, 503, 34, 76
256, 505, 33, 75
256, 505, 34, 76
257, 506, 33, 75
256, 507, 33, 75
256, 506, 34, 76
257, 507, 33, 75
258, 507, 33, 75
257, 508, 33, 75
257, 508, 33, 75
258, 509, 33, 75
258, 510, 33, 73
259, 511, 33, 73
259, 511, 33, 75
259, 511, 33, 75
259, 512, 33, 75
259, 512, 33, 75
0.0, 0.0, 0.0, 0.0
250, 505, 37, 75
250, 505, 37, 75
251, 506, 37, 75
250, 506, 37, 75
251, 507, 37, 75
250, 508, 37, 75
251, 508, 37, 75
251, 509, 37, 75
251, 510, 37, 75
251, 510, 37, 75
251, 511, 37, 75
251, 511, 37, 75
251, 512, 37, 75
251, 512, 37, 75
251, 512, 37, 75
251, 512, 37, 75
252, 512, 37, 75
251, 512, 38, 76
251, 512, 38, 76
251, 513, 37, 75
251, 513, 37, 75
251, 513, 38, 76
251, 513, 37, 75
251, 513, 38, 76
251, 514, 37, 75
251, 514, 37, 75
251, 513, 38, 76
251, 514, 37, 75
251, 514, 37, 75
251, 514, 37, 75
251, 514, 37, 75
251, 514, 37, 75
251, 515, 37, 75
252, 514, 37, 75
251, 515, 37, 75
251, 515, 37, 75
251, 515, 37, 75
251, 515, 37, 75
251, 515, 38, 76
251, 515, 37, 75
251, 516, 37, 75
251, 516, 37, 75
251, 516, 37, 75
251, 516, 37, 75
250, 516, 37, 75
251, 516, 37, 75
251, 516, 37, 75
251, 516, 37, 75
251, 516, 37, 75
251, 516, 37, 75
251, 517, 37, 75
251, 516, 37, 75
251, 516, 37, 75
251, 516, 37, 75
251, 516, 37, 75
251, 516, 37, 75
251, 516, 37, 75
251, 516, 37, 75
251, 515, 37, 75
251, 516, 37, 75
251, 516, 37, 75
251, 515, 37, 75
252, 516, 36, 74
252, 516, 36, 74
252, 515, 37, 75
251, 515, 37, 75
252, 515, 37, 75
252, 515, 37, 75
252, 516, 37, 75
252, 515, 37, 75
253, 515, 37, 75
253, 517, 36, 74
253, 515, 37, 75
252, 516, 37, 75
253, 515, 37, 75
253, 516, 37, 75
252, 515, 38, 76
253, 516, 37, 75
253, 516, 37, 75
253, 516, 37, 75
253, 515, 37, 75
253, 516, 37, 75
253, 516, 37, 75
253, 514, 38, 78
253, 516, 37, 75
253, 515, 37, 75
253, 515, 37, 75
253, 515, 37, 75
253, 515, 37, 75
252, 513, 38, 78
253, 515, 38, 76
254, 515, 37, 75
253, 514, 38, 76
254, 515, 37, 75
254, 514, 37, 75
254, 514, 37, 75
254, 514, 37, 75
255, 514, 37, 75
254, 512, 38, 78
0.0, 0.0, 0.0, 0.0
259, 516, 29, 80
259, 516, 30, 82
259, 515, 30, 82
260, 515, 30, 82
260, 515, 30, 82
260, 513, 31, 85
260, 516, 30, 82
259, 515, 30, 82
259, 515, 30, 82
260, 515, 30, 82
260, 514, 31, 84
261, 515, 30, 82
260, 515, 30, 82
260, 515, 30, 82
260, 515, 30, 82
260, 514, 31, 84
261, 515, 30, 82
261, 515, 30, 82
260, 515, 30, 82
260, 515, 30, 82
260, 515, 30, 82
261, 516, 30, 82
260, 514, 31, 85
262, 516, 31, 84
262, 517, 30, 82
261, 516, 31, 84
262, 516, 31, 84
263, 517, 31, 84
263, 518, 30, 82
263, 517, 30, 82
263, 517, 30, 82
263, 516, 31, 84
263, 515, 32, 87
264, 518, 31, 84
265, 519, 30, 82
264, 517, 31, 84
265, 519, 30, 82
265, 518, 31, 84
265, 519, 30, 82
264, 518, 31, 84
265, 519, 31, 84
265, 519, 31, 84
265, 519, 31, 84
265, 519, 31, 84
265, 519, 31, 84
264, 519, 31, 84
265, 519, 30, 82
264, 518, 31, 84
264, 518, 31, 84
264, 518, 31, 84
264, 519, 30, 82
263, 518, 30, 82
262, 517, 31, 84
263, 518, 30, 82
261, 517, 31, 84
262, 517, 31, 84
263, 518, 30, 82
261, 517, 31, 84
262, 517, 31, 84
261, 517, 31, 84
262, 517, 31, 84
262, 518, 30, 82
261, 515, 31, 85
262, 517, 31, 84
262, 518, 30, 82
261, 516, 31, 84
263, 518, 30, 82
263, 517, 30, 82
262, 516, 31, 84
263, 517, 30, 82
263, 516, 31, 84
264, 517, 30, 82
263, 516, 31, 84
264, 516, 31, 84
265, 517, 30, 82
265, 516, 30, 82
265, 516, 30, 82
265, 513, 32, 87
267, 518, 30, 82
267, 516, 31, 84
268, 517, 30, 82
268, 516, 30, 82
267, 513, 32, 87
269, 516, 31, 84
270, 516, 30, 82
270, 515, 31, 84
271, 516, 30, 82
271, 516, 30, 82
271, 516, 30, 82
271, 515, 31, 84
272, 517, 30, 82
272, 516, 31, 84
272, 516, 31, 84
273, 517, 30, 82
272, 516, 31, 84
273, 517, 30, 82
272, 516, 31, 84
272, 517, 30, 82
272, 516, 31, 84
0.0, 0.0, 0.0, 0.0
271, 513, 31, 84
271, 514, 30, 82
271, 513, 31, 84
270, 513, 31, 84
270, 513, 31, 84
270, 513, 31, 84
271, 513, 31, 84
270, 513, 31, 84
270, 513, 31, 84
269, 513, 31, 84
269, 512, 32, 86
270, 513, 31, 84
269, 513, 31, 84
269, 514, 31, 84
270, 514, 31, 84
269, 512, 32, 87
269, 513, 31, 84
269, 514, 31, 84
270, 514, 31, 84
269, 514, 31, 84
270, 514, 31, 84
269, 513, 31, 84
269, 513, 31, 84
270, 513, 31, 84
269, 512, 32, 86
269, 512, 32, 86
269, 512, 32, 86
269, 512, 32, 87
269, 513, 31, 84
270, 513, 31, 84
269, 513, 31, 84
269, 513, 31, 84
269, 514, 31, 84
269, 514, 31, 84
269, 514, 31, 84
269, 514, 31, 84
269, 514, 31, 84
268, 514, 31, 84
269, 514, 31, 84
269, 514, 31, 84
269, 514, 31, 84
269, 514, 31, 84
269, 515, 31, 84
269, 515, 31, 84
269, 515, 31, 84
269, 515, 31, 84
270, 515, 31, 84
270, 516, 31, 84
270, 517, 30, 82
270, 516, 31, 84
270, 516, 31, 84
272, 517, 31, 84
271, 517, 31, 84
272, 518, 31, 84
272, 518, 31, 84
273, 519, 31, 84
273, 519, 31, 84
274, 519, 31, 84
274, 520, 31, 84
274, 520, 31, 84
275, 520, 31, 84
275, 521, 31, 84
276, 521, 31, 84
275, 521, 31, 84
275, 520, 32, 86
276, 521, 31, 84
276, 521, 31, 84
276, 521, 31, 84
276, 521, 31, 84
276, 521, 31, 84
276, 521, 31, 84
277, 521, 31, 84
276, 521, 31, 84
277, 520, 32, 86
277, 521, 31, 84
277, 520, 32, 86
277, 521, 31, 84
278, 523, 29, 79
277, 521, 30, 82
277, 521, 31, 84
278, 520, 31, 84
278, 521, 31, 84
277, 521, 31, 84
278, 520, 32, 86
277, 520, 32, 86
277, 520, 32, 86
278, 520, 32, 86
278, 521, 31, 84
278, 520, 32, 86
278, 520, 32, 86
278, 520, 32, 86
278, 520, 32, 86
279, 519, 32, 86
278, 518, 32, 87
278, 519, 31, 84
279, 519, 31, 84
279, 519, 31, 84
279, 519, 31, 84
279, 519, 31, 84
0.0, 0.0, 0.0, 0.0
278, 519, 26, 80
278, 518, 27, 82
277, 518, 27, 82
278, 517, 27, 82
277, 517, 27, 82
277, 516, 27, 82
277, 515, 27, 82
277, 515, 27, 82
277, 514, 27, 82
276, 514, 27, 82
277, 514, 27, 82
276, 514, 27, 82
276, 513, 27, 82
276, 512, 27, 82
275, 512, 27, 82
275, 511, 27, 82
275, 511, 27, 82
275, 511, 27, 82
274, 511, 27, 82
273, 511, 27, 82
274, 510, 27, 82
273, 509, 27, 82
273, 509, 27, 82
272, 508, 28, 84
273, 509, 27, 82
272, 509, 27, 82
272, 508, 27, 82
272, 508, 27, 82
271, 507, 28, 84
272, 507, 27, 82
270, 507, 27, 82
270, 507, 27, 82
270, 506, 28, 84
270, 507, 27, 82
269, 507, 27, 82
270, 506, 27, 82
269, 506, 27, 82
270, 506, 27, 82
269, 506, 27, 82
270, 505, 27, 82
269, 505, 27, 82
269, 505, 27, 82
269, 504, 27, 82
269, 504, 27, 82
269, 504, 27, 82
269, 504, 27, 82
268, 504, 27, 82
269, 504, 27, 82
269, 503, 27, 82
268, 503, 27, 82
269, 503, 27, 82
269, 503, 27, 82
269, 503, 27, 82
269, 503, 27, 82
268, 502, 28, 84
269, 503, 27, 82
269, 503, 27, 82
269, 502, 28, 84
269, 502, 28, 84
269, 502, 28, 84
269, 503, 27, 82
269, 502, 27, 82
269, 501, 28, 84
268, 501, 28, 84
268, 502, 27, 82
268, 501, 28, 84
268, 501, 28, 84
268, 501, 28, 84
267, 501, 28, 84
267, 501, 28, 84
267, 501, 28, 84
267, 501, 28, 84
268, 502, 27, 82
267, 502, 27, 82
267, 502, 27, 82
267, 502, 27, 82
267, 503, 27, 82
267, 503, 27, 82
267, 503, 27, 82
267, 503, 27, 82
266, 503, 27, 82
267, 503, 27, 82
266, 503, 27, 82
267, 503, 27, 82
267, 503, 27, 82
266, 504, 27, 82
266, 504, 27, 82
267, 504, 27, 82
266, 504, 27, 82
266, 504, 27, 82
267, 504, 27, 82
266, 504, 27, 82
266, 504, 27, 82
266, 504, 27, 82
266, 505, 27, 82
266, 505, 27, 82
266, 505, 27, 82
266, 505, 27, 82
267, 506, 27, 82
0.0, 0.0, 0.0, 0.0
271, 512, 35, 75
272, 513, 34, 74
272, 514, 34, 74
272, 514, 34, 74
272, 513, 35, 75
272, 514, 35, 75
272, 513, 35, 75
272, 513, 35, 75
274, 514, 34, 74
274, 515, 34, 74
274, 515, 34, 74
274, 515, 34, 74
274, 515, 34, 74
273, 515, 35, 75
274, 515, 34, 74
274, 515, 34, 74
275, 516, 34, 74
275, 517, 33, 73
275, 515, 34, 74
275, 516, 34, 74
274, 516, 34, 74
274, 516, 34, 74
274, 516, 34, 74
274, 516, 34, 74
274, 516, 34, 74
275, 516, 34, 74
275, 517, 34, 74
275, 516, 35, 75
275, 516, 34, 74
274, 516, 34, 74
275, 516, 34, 74
275, 516, 34, 74
276, 516, 34, 74
275, 516, 34, 74
275, 516, 34, 74
275, 516, 34, 74
275, 516, 34, 74
275, 517, 34, 74
275, 517, 34, 74
276, 518, 33, 73
276, 518, 34, 74
276, 518, 34, 74
276, 518, 34, 74
276, 518, 34, 74
276, 518, 34, 74
276, 519, 34, 74
276, 519, 34, 74
277, 519, 34, 74
277, 519, 34, 74
277, 519, 34, 74
277, 519, 34, 74
277, 519, 34, 74
277, 520, 34, 74
277, 520, 34, 74
278, 520, 34, 74
277, 520, 34, 74
278, 520, 34, 74
278, 520, 34, 74
278, 521, 34, 74
278, 521, 34, 74
278, 521, 34, 74
278, 521, 34, 74
278, 521, 34, 74
278, 522, 34, 74
278, 522, 34, 74
278, 522, 34, 74
278, 523, 34, 74
278, 523, 34, 74
278, 523, 34, 74
278, 523, 34, 74
278, 524, 34, 74
278, 524, 34, 74
278, 524, 34, 74
278, 524, 34, 74
277, 524, 34, 74
277, 524, 34, 74
277, 524, 34, 74
277, 524, 34, 74
277, 524, 34, 74
277, 524, 34, 74
277, 524, 34, 74
277, 524, 34, 74
276, 524, 34, 74
276, 524, 34, 74
276, 525, 34, 74
277, 524, 34, 74
277, 525, 34, 74
276, 525, 34, 74
276, 525, 34, 74
276, 525, 34, 74
276, 525, 34, 74
276, 525, 34, 74
276, 526, 33, 73
276, 526, 33, 73
276, 526, 33, 73
275, 525, 34, 74
275, 524, 35, 75
275, 525, 34, 74
275, 525, 34, 74
0.0, 0.0, 0.0, 0.0
272, 519, 34, 74
272, 520, 34, 74
272, 519, 34, 74
272, 519, 34, 74
272, 518, 35, 75
272, 519, 34, 74
272, 520, 33, 73
272, 520, 33, 73
272, 519, 34, 74
272, 519, 34, 74
272, 519, 34, 74
271, 519, 34, 74
271, 519, 34, 74
272, 520, 33, 71
271, 518, 34, 74
270, 517, 34, 74
270, 517, 34, 74
270, 517, 34, 74
270, 517, 34, 74
270, 517, 33, 73
270, 517, 33, 73
270, 518, 33, 73
270, 518, 33, 73
270, 517, 34, 74
270, 517, 34, 74
270, 517, 34, 74
270, 517, 33, 73
270, 517, 33, 73
270, 517, 33, 73
269, 516, 34, 74
269, 517, 34, 74
269, 517, 34, 74
269, 517, 34, 74
270, 517, 34, 74
270, 517, 34, 74
270, 517, 34, 74
270, 517, 34, 74
270, 517, 34, 74
270, 517, 34, 74
270, 517, 34, 74
270, 518, 33, 73
270, 519, 33, 73
270, 519, 33, 73
270, 519, 33, 73
270, 518, 33, 73
270, 519, 33, 73
270, 519, 33, 73
271, 519, 33, 71
271, 520, 33, 73
270, 519, 33, 73
270, 519, 33, 73
270, 520, 33, 73
270, 520, 33, 71
271, 523, 31, 68
270, 521, 33, 71
270, 521, 33, 71
270, 521, 33, 73
270, 521, 33, 73
270, 522, 33, 73
270, 522, 33, 73
270, 523, 33, 73
270, 523, 33, 73
270, 523, 33, 73
270, 524, 33, 73
270, 524, 33, 73
270, 524, 33, 73
270, 525, 33, 73
271, 525, 33, 73
271, 526, 33, 73
270, 525, 34, 74
271, 526, 33, 73
271, 526, 33, 73
271, 526, 33, 73
271, 526, 33, 73
272, 526, 33, 73
271, 526, 33, 73
271, 526, 33, 73
272, 526, 34, 74
272, 526, 34, 74
273, 527, 33, 73
272, 527, 33, 73
273, 527, 33, 73
273, 527, 33, 73
273, 527, 33, 73
273, 527, 33, 73
273, 528, 33, 73
273, 528, 33, 73
273, 528, 33, 73
274, 528, 33, 71
273, 528, 34, 74
274, 528, 33, 73
273, 529, 33, 73
273, 528, 34, 74
273, 529, 33, 73
274, 528, 33, 73
274, 529, 33, 73
274, 529, 33, 73
273, 528, 33, 73
273, 529, 33, 73
0.0, 0.0, 0.0, 0.0
272, 529, 33, 71
272, 529, 33, 73
272, 529, 34, 74
272, 529, 33, 73
272, 528, 34, 74
272, 529, 33, 73
273, 529, 33, 71
272, 528, 34, 74
271, 528, 34, 74
271, 529, 33, 71
271, 529, 34, 74
270, 528, 34, 74
270, 528, 33, 73
271, 528, 33, 73
269, 528, 34, 74
270, 528, 33, 73
270, 528, 33, 73
269, 528, 33, 73
269, 529, 33, 73
269, 529, 33, 73
269, 528, 34, 74
269, 528, 33, 73
269, 529, 33, 73
269, 529, 33, 71
268, 529, 34, 74
268, 529, 33, 73
268, 529, 33, 73
268, 529, 33, 73
267, 529, 34, 74
267, 529, 33, 73
268, 530, 33, 73
268, 532, 31, 68
267, 531, 33, 73
267, 531, 33, 73
267, 530, 33, 73
266, 531, 33, 73
266, 531, 33, 73
267, 531, 33, 71
266, 531, 34, 74
267, 531, 33, 73
267, 531, 33, 73
266, 531, 33, 73
266, 531, 34, 74
267, 532, 33, 73
267, 533, 33, 73
267, 532, 34, 74
267, 533, 33, 73
267, 532, 34, 74
267, 533, 34, 74
267, 533, 34, 74
267, 533, 34, 74
267, 533, 34, 74
267, 533, 34, 74
267, 533, 34, 74
267, 533, 34, 74
268, 533, 34, 74
268, 533, 34, 74
268, 533, 34, 74
268, 533, 34, 74
268, 534, 33, 73
268, 534, 33, 73
268, 533, 33, 73
268, 533, 33, 73
269, 533, 33, 73
268, 533, 33, 73
269, 533, 33, 73
270, 533, 33, 71
269, 534, 33, 73
269, 534, 33, 73
270, 533, 33, 73
270, 533, 33, 73
270, 533, 33, 73
270, 533, 33, 73
270, 532, 34, 74
271, 533, 33, 73
271, 534, 32, 70
272, 534, 33, 71
271, 534, 33, 73
271, 533, 33, 73
272, 533, 33, 73
272, 533, 33, 73
273, 533, 33, 71
273, 534, 33, 71
274, 533, 33, 73
273, 532, 33, 73
272, 533, 33, 73
272, 532, 33, 73
272, 533, 33, 73
273, 532, 33, 73
273, 533, 33, 73
272, 533, 33, 73
273, 533, 33, 73
272, 533, 33, 71
273, 533, 33, 73
273, 533, 33, 73
272, 532, 33, 73
272, 531, 34, 74
272, 530, 34, 74
273, 531, 33, 73
0.0, 0.0, 0.0, 0.0
273, 532, 32, 78
272, 532, 33, 80
273, 531, 33, 80
272, 532, 32, 78
272, 531, 33, 80
272, 531, 33, 80
272, 530, 33, 80
273, 531, 32, 78
272, 530, 33, 80
272, 530, 33, 80
272, 530, 33, 80
272, 530, 33, 80
272, 529, 33, 80
272, 529, 33, 80
271, 527, 34, 83
271, 529, 33, 80
271, 529, 33, 80
271, 529, 33, 80
271, 529, 33, 80
270, 528, 33, 80
270, 528, 33, 80
270, 528, 33, 80
269, 528, 33, 80
269, 527, 33, 80
268, 526, 33, 80
268, 526, 33, 80
268, 526, 33, 80
267, 526, 33, 80
267, 525, 33, 80
267, 525, 33, 80
266, 525, 33, 80
266, 525, 33, 80
266, 524, 33, 80
265, 524, 33, 80
265, 523, 33, 80
265, 523, 33, 80
265, 523, 32, 78
265, 523, 32, 78
264, 523, 33, 80
263, 523, 33, 80
262, 522, 33, 80
262, 522, 33, 80
262, 523, 32, 78
262, 522, 33, 80
261, 522, 33, 80
261, 521, 33, 80
261, 522, 32, 78
260, 521, 33, 80
260, 520, 33, 80
260, 520, 33, 80
260, 521, 32, 77
259, 520, 33, 80
258, 519, 33, 80
259, 519, 33, 80
258, 519, 33, 80
258, 519, 33, 80
258, 519, 33, 80
258, 519, 33, 80
258, 519, 33, 80
257, 519, 33, 80
257, 518, 33, 80
257, 518, 33, 80
257, 518, 33, 80
256, 518, 33, 80
256, 518, 33, 80
256, 518, 33, 80
255, 518, 33, 80
256, 518, 33, 80
255, 518, 33, 80
255, 517, 33, 80
254, 517, 33, 80
254, 517, 33, 80
254, 517, 33, 80
254, 517, 33, 80
253, 516, 33, 80
253, 516, 33, 80
253, 516, 33, 80
252, 516, 33, 80
252, 516, 33, 80
252, 516, 33, 80
252, 516, 33, 80
251, 515, 33, 80
252, 515, 33, 80
251, 515, 33, 80
251, 515, 33, 80
250, 515, 33, 80
251, 515, 33, 80
250, 515, 33, 80
250, 514, 33, 80
250, 514, 33, 80
251, 514, 33, 80
250, 514, 33, 80
250, 513, 33, 80
250, 513, 33, 80
250, 513, 33, 80
250, 513, 33, 80
249, 512, 33, 80
250, 512, 33, 80
249, 512, 33, 80
0.0, 0.0, 0.0, 0.0
250, 515, 33, 82
250, 515, 33, 82
249, 515, 33, 82
250, 514, 33, 82
249, 514, 33, 82
249, 514, 33, 82
249, 514, 33, 82
248, 513, 33, 82
249, 513, 33, 82
248, 513, 33, 82
248, 512, 34, 84
249, 513, 33, 82
248, 513, 33, 82
248, 512, 33, 82
248, 511, 33, 82
248, 511, 33, 82
248, 511, 33, 82
248, 511, 33, 82
248, 511, 33, 82
248, 510, 33, 82
247, 510, 33, 82
248, 510, 33, 82
248, 510, 33, 82
248, 510, 33, 82
248, 510, 33, 82
247, 510, 33, 82
