521.0,652.0,26.0,52.0
521.0,646.0,27.0,52.0
521.0,638.0,26.0,52.0
521.0,631.0,26.0,52.0
520.0,621.0,26.0,52.0
521.0,609.0,26.0,52.0
65.0,75.0,2.0,5.0
517.0,587.0,29.0,59.0
65.0,70.0,2.0,5.0
515.0,566.0,29.0,59.0
65.0,64.0,2.0,4.0
511.0,543.0,30.0,59.0
65.0,57.0,3.0,4.0
507.0,519.0,29.0,58.0
65.0,50.0,2.0,5.0
501.0,493.0,29.0,58.0
65.0,43.0,2.0,5.0
495.0,467.0,29.0,59.0
65.0,36.0,2.0,5.0
489.0,440.0,29.0,59.0
65.0,30.0,2.0,5.0
481.0,414.0,28.0,59.0
480.0,403.0,29.0,59.0
481.0,395.0,29.0,59.0
481.0,391.0,29.0,59.0
482.0,388.0,29.0,59.0
483.0,387.0,28.0,58.0
482.0,386.0,29.0,59.0
482.0,386.0,29.0,59.0
482.0,386.0,29.0,59.0
483.0,385.0,29.0,60.0
484.0,386.0,29.0,59.0
483.0,385.0,28.0,59.0
484.0,385.0,29.0,59.0
484.0,386.0,29.0,59.0
484.0,385.0,29.0,59.0
484.0,385.0,29.0,59.0
484.0,385.0,29.0,59.0
485.0,385.0,29.0,59.0
486.0,385.0,29.0,59.0
486.0,385.0,29.0,59.0
486.0,385.0,29.0,59.0
486.0,385.0,29.0,59.0
486.0,385.0,29.0,59.0
487.0,385.0,29.0,59.0
488.0,385.0,29.0,59.0
487.0,385.0,29.0,59.0
488.0,385.0,29.0,59.0
488.0,386.0,29.0,59.0
488.0,387.0,29.0,59.0
489.0,389.0,29.0,59.0
490.0,392.0,29.0,59.0
489.0,393.0,29.0,59.0
490.0,395.0,29.0,59.0
490.0,398.0,29.0,59.0
490.0,401.0,29.0,60.0
490.0,404.0,29.0,59.0
491.0,406.0,29.0,59.0
491.0,408.0,29.0,60.0
492.0,409.0,29.0,59.0
493.0,409.0,29.0,59.0
492.0,409.0,29.0,59.0
493.0,409.0,29.0,59.0
493.0,409.0,29.0,60.0
493.0,409.0,29.0,59.0
493.0,411.0,29.0,59.0
493.0,413.0,29.0,59.0
494.0,417.0,29.0,59.0
495.0,422.0,29.0,59.0
494.0,426.0,29.0,59.0
495.0,428.0,29.0,59.0
495.0,429.0,30.0,59.0
495.0,429.0,29.0,59.0
496.0,429.0,29.0,58.0
495.0,429.0,29.0,59.0
496.0,429.0,29.0,59.0
496.0,429.0,29.0,59.0
497.0,429.0,29.0,59.0
497.0,429.0,29.0,59.0
498.0,429.0,29.0,59.0
497.0,429.0,29.0,59.0
499.0,429.0,29.0,59.0
499.0,430.0,29.0,59.0
499.0,431.0,29.0,59.0
499.0,433.0,29.0,59.0
500.0,435.0,29.0,59.0
499.0,437.0,30.0,59.0
500.0,440.0,30.0,59.0
501.0,442.0,29.0,59.0
500.0,445.0,29.0,59.0
501.0,448.0,29.0,59.0
501.0,451.0,29.0,59.0
501.0,454.0,29.0,59.0
501.0,457.0,29.0,59.0
501.0,460.0,29.0,59.0
502.0,463.0,29.0,59.0
503.0,467.0,29.0,59.0
502.0,470.0,29.0,59.0
503.0,473.0,29.0,59.0
503.0,477.0,29.0,59.0
503.0,480.0,29.0,59.0
503.0,483.0,29.0,59.0
503.0,487.0,29.0,59.0
504.0,491.0,29.0,59.0
504.0,493.0,29.0,59.0
504.0,497.0,29.0,59.0
504.0,499.0,29.0,59.0
505.0,499.0,29.0,59.0
506.0,499.0,29.0,59.0
505.0,499.0,30.0,59.0
506.0,499.0,29.0,59.0
505.0,500.0,29.0,59.0
506.0,499.0,29.0,59.0
506.0,500.0,29.0,59.0
506.0,498.0,29.0,59.0
507.0,499.0,29.0,59.0
507.0,500.0,29.0,59.0
507.0,499.0,29.0,59.0
507.0,500.0,29.0,59.0
507.0,501.0,29.0,59.0
507.0,501.0,29.0,59.0
507.0,503.0,29.0,59.0
508.0,504.0,30.0,59.0
509.0,506.0,30.0,59.0
510.0,507.0,29.0,59.0
509.0,509.0,29.0,59.0
510.0,510.0,30.0,59.0
510.0,511.0,30.0,59.0
510.0,511.0,29.0,59.0
510.0,511.0,29.0,59.0
510.0,511.0,30.0,59.0
510.0,511.0,29.0,59.0
510.0,511.0,29.0,59.0
510.0,511.0,29.0,59.0
511.0,511.0,29.0,59.0
510.0,511.0,30.0,59.0
510.0,511.0,29.0,59.0
511.0,511.0,30.0,59.0
513.0,511.0,30.0,59.0
512.0,511.0,29.0,59.0
513.0,511.0,29.0,59.0
512.0,511.0,29.0,59.0
513.0,511.0,29.0,59.0
512.0,511.0,29.0,59.0
513.0,511.0,29.0,59.0
514.0,511.0,29.0,59.0
513.0,511.0,30.0,59.0
514.0,512.0,29.0,59.0
514.0,511.0,29.0,59.0
76.0,40.0,2.0,5.0
606.0,316.0,23.0,51.0
607.0,316.0,23.0,51.0
607.0,316.0,23.0,51.0
608.0,318.0,23.0,51.0
608.0,318.0,23.0,51.0
609.0,318.0,23.0,51.0
610.0,319.0,23.0,52.0
611.0,319.0,23.0,52.0
611.0,319.0,23.0,51.0
612.0,320.0,23.0,51.0
613.0,320.0,23.0,51.0
613.0,320.0,23.0,51.0
613.0,320.0,24.0,51.0
614.0,321.0,24.0,51.0
614.0,321.0,23.0,51.0
615.0,321.0,23.0,51.0
615.0,322.0,23.0,51.0
616.0,323.0,23.0,51.0
616.0,322.0,23.0,51.0
617.0,324.0,23.0,51.0
617.0,324.0,23.0,51.0
617.0,323.0,23.0,51.0
617.0,325.0,23.0,51.0
618.0,324.0,23.0,51.0
618.0,325.0,23.0,51.0
618.0,324.0,23.0,51.0
619.0,325.0,23.0,51.0
619.0,325.0,23.0,51.0
619.0,325.0,23.0,51.0
619.0,325.0,23.0,51.0
620.0,325.0,23.0,51.0
620.0,325.0,23.0,51.0
621.0,326.0,23.0,51.0
621.0,327.0,23.0,51.0
621.0,327.0,23.0,51.0
622.0,327.0,23.0,51.0
622.0,327.0,23.0,51.0
623.0,328.0,23.0,51.0
624.0,329.0,23.0,51.0
624.0,329.0,23.0,51.0
625.0,329.0,23.0,51.0
626.0,329.0,23.0,51.0
627.0,329.0,23.0,52.0
627.0,329.0,24.0,51.0
628.0,328.0,23.0,52.0
629.0,329.0,23.0,51.0
630.0,329.0,23.0,51.0
631.0,329.0,23.0,51.0
631.0,329.0,23.0,51.0
632.0,329.0,23.0,51.0
632.0,329.0,23.0,51.0
633.0,330.0,23.0,51.0
633.0,330.0,23.0,51.0
634.0,330.0,23.0,51.0
635.0,330.0,23.0,50.0
636.0,330.0,23.0,51.0
636.0,330.0,23.0,51.0
637.0,330.0,23.0,51.0
638.0,330.0,23.0,51.0
638.0,330.0,23.0,51.0
639.0,330.0,23.0,51.0
640.0,330.0,23.0,51.0
641.0,330.0,23.0,51.0
641.0,330.0,23.0,51.0
642.0,330.0,23.0,51.0
642.0,330.0,23.0,51.0
643.0,331.0,24.0,51.0
643.0,329.0,24.0,51.0
644.0,331.0,23.0,51.0
645.0,330.0,23.0,51.0
646.0,332.0,24.0,51.0
647.0,332.0,24.0,51.0
647.0,332.0,23.0,51.0
649.0,332.0,23.0,51.0
649.0,332.0,23.0,51.0
650.0,332.0,23.0,51.0
650.0,332.0,23.0,51.0
651.0,332.0,23.0,51.0
652.0,332.0,23.0,51.0
652.0,332.0,23.0,51.0
653.0,332.0,23.0,51.0
653.0,332.0,23.0,50.0
654.0,332.0,23.0,50.0
654.0,332.0,23.0,51.0
655.0,332.0,23.0,51.0
656.0,332.0,24.0,50.0
656.0,333.0,24.0,51.0
657.0,332.0,24.0,51.0
658.0,333.0,24.0,51.0
658.0,332.0,24.0,51.0
659.0,332.0,23.0,51.0
660.0,332.0,24.0,51.0
660.0,332.0,23.0,51.0
661.0,332.0,23.0,51.0
661.0,332.0,23.0,51.0
662.0,332.0,23.0,51.0
662.0,331.0,23.0,51.0
663.0,330.0,24.0,51.0
664.0,331.0,23.0,51.0
664.0,330.0,23.0,51.0
665.0,331.0,24.0,52.0
666.0,330.0,23.0,51.0
666.0,331.0,23.0,51.0
667.0,330.0,23.0,51.0
668.0,331.0,23.0,51.0
669.0,330.0,23.0,51.0
669.0,330.0,23.0,51.0
670.0,330.0,23.0,51.0
670.0,330.0,23.0,51.0
671.0,330.0,23.0,51.0
671.0,330.0,23.0,51.0
673.0,330.0,23.0,51.0
673.0,330.0,23.0,51.0
673.0,330.0,23.0,51.0
674.0,330.0,23.0,51.0
675.0,330.0,23.0,51.0
675.0,330.0,23.0,51.0
676.0,331.0,23.0,51.0
677.0,330.0,23.0,51.0
678.0,331.0,24.0,51.0
679.0,330.0,23.0,52.0
679.0,331.0,23.0,52.0
680.0,330.0,23.0,51.0
681.0,331.0,23.0,52.0
681.0,329.0,23.0,51.0
683.0,329.0,23.0,51.0
684.0,329.0,23.0,51.0
683.0,328.0,23.0,51.0
684.0,329.0,23.0,51.0
685.0,328.0,23.0,51.0
686.0,329.0,23.0,51.0
686.0,328.0,23.0,51.0
687.0,329.0,24.0,52.0
688.0,328.0,24.0,51.0
689.0,329.0,24.0,51.0
690.0,329.0,24.0,51.0
690.0,329.0,24.0,51.0
691.0,330.0,24.0,51.0
692.0,331.0,24.0,51.0
693.0,330.0,24.0,51.0
694.0,331.0,23.0,51.0
695.0,331.0,23.0,51.0
696.0,331.0,23.0,51.0
697.0,332.0,23.0,51.0
697.0,333.0,23.0,51.0
698.0,332.0,23.0,51.0
699.0,334.0,23.0,51.0
700.0,334.0,23.0,51.0
700.0,335.0,23.0,51.0
88.0,43.0,2.0,5.0
704.0,338.0,25.0,53.0
705.0,337.0,25.0,53.0
706.0,339.0,25.0,53.0
707.0,340.0,25.0,53.0
708.0,341.0,25.0,53.0
709.0,341.0,25.0,53.0
709.0,342.0,25.0,53.0
710.0,342.0,25.0,54.0
711.0,343.0,25.0,53.0
712.0,343.0,25.0,54.0
713.0,344.0,25.0,54.0
714.0,346.0,25.0,53.0
714.0,347.0,25.0,53.0
715.0,347.0,25.0,53.0
716.0,348.0,25.0,53.0
717.0,350.0,25.0,53.0
717.0,350.0,25.0,53.0
718.0,352.0,25.0,53.0
718.0,352.0,25.0,54.0
719.0,354.0,26.0,53.0
720.0,354.0,25.0,53.0
721.0,354.0,26.0,53.0
722.0,354.0,25.0,53.0
722.0,355.0,25.0,54.0
723.0,355.0,25.0,54.0
724.0,356.0,25.0,54.0
724.0,357.0,25.0,54.0
725.0,357.0,25.0,54.0
726.0,357.0,25.0,53.0
726.0,358.0,25.0,53.0
727.0,360.0,25.0,53.0
728.0,359.0,25.0,53.0
728.0,359.0,25.0,54.0
728.0,360.0,25.0,53.0
729.0,361.0,25.0,53.0
729.0,361.0,25.0,53.0
729.0,361.0,25.0,53.0
729.0,361.0,25.0,54.0
729.0,363.0,25.0,53.0
730.0,364.0,25.0,54.0
730.0,364.0,25.0,54.0
731.0,365.0,25.0,54.0
731.0,366.0,25.0,53.0
732.0,366.0,25.0,54.0
732.0,367.0,25.0,53.0
732.0,367.0,25.0,54.0
733.0,367.0,25.0,54.0
733.0,368.0,25.0,54.0
733.0,369.0,25.0,53.0
733.0,368.0,25.0,54.0
734.0,369.0,25.0,53.0
734.0,368.0,25.0,54.0
734.0,369.0,25.0,53.0
734.0,368.0,25.0,53.0
734.0,368.0,25.0,53.0
735.0,368.0,25.0,53.0
735.0,368.0,25.0,54.0
735.0,367.0,24.0,54.0
735.0,365.0,24.0,53.0
735.0,364.0,25.0,53.0
735.0,365.0,24.0,53.0
735.0,363.0,24.0,53.0
735.0,363.0,24.0,53.0
735.0,362.0,25.0,53.0
735.0,362.0,24.0,53.0
736.0,362.0,25.0,53.0
736.0,362.0,24.0,53.0
736.0,362.0,24.0,53.0
736.0,361.0,25.0,53.0
736.0,360.0,25.0,53.0
737.0,362.0,25.0,53.0
737.0,360.0,25.0,53.0
737.0,360.0,25.0,53.0
738.0,360.0,25.0,53.0
738.0,359.0,25.0,53.0
738.0,358.0,25.0,53.0
739.0,358.0,25.0,53.0
739.0,358.0,26.0,53.0
740.0,358.0,25.0,53.0
740.0,358.0,25.0,53.0
741.0,359.0,25.0,53.0
742.0,358.0,25.0,54.0
743.0,359.0,25.0,53.0
744.0,359.0,25.0,53.0
744.0,360.0,25.0,53.0
745.0,361.0,25.0,53.0
746.0,360.0,25.0,54.0
747.0,362.0,25.0,53.0
748.0,361.0,25.0,53.0
749.0,361.0,25.0,53.0
750.0,361.0,25.0,53.0
750.0,361.0,25.0,53.0
751.0,361.0,25.0,53.0
752.0,361.0,25.0,53.0
753.0,362.0,25.0,53.0
754.0,363.0,25.0,53.0
755.0,362.0,25.0,53.0
755.0,363.0,25.0,53.0
756.0,363.0,25.0,53.0
757.0,363.0,25.0,53.0
758.0,363.0,25.0,53.0
759.0,362.0,25.0,53.0
761.0,363.0,25.0,53.0
763.0,363.0,25.0,53.0
766.0,364.0,24.0,53.0
770.0,363.0,25.0,53.0
774.0,365.0,24.0,53.0
779.0,365.0,24.0,53.0
784.0,366.0,25.0,53.0
791.0,366.0,25.0,53.0
798.0,369.0,25.0,53.0
101.0,47.0,2.0,5.0
803.0,367.0,29.0,59.0
104.0,47.0,2.0,5.0
809.0,368.0,29.0,59.0
107.0,47.0,2.0,6.0
813.0,369.0,29.0,59.0
832.0,371.0,29.0,59.0
851.0,374.0,29.0,59.0
871.0,377.0,29.0,58.0
893.0,380.0,29.0,58.0
916.0,384.0,28.0,58.0
938.0,388.0,28.0,58.0
962.0,393.0,29.0,58.0
985.0,398.0,29.0,58.0
1009.0,403.0,29.0,58.0
1033.0,410.0,29.0,59.0
