756.0,225.0,34.0,120.0
754.0,225.0,35.0,119.0
753.0,225.0,36.0,119.0
751.0,225.0,37.0,119.0
750.0,225.0,38.0,119.0
748.0,225.0,39.0,118.0
746.0,225.0,40.0,118.0
745.0,225.0,41.0,118.0
743.0,226.0,42.0,117.0
741.0,225.0,41.0,117.0
740.0,225.0,41.0,117.0
739.0,225.0,40.0,117.0
738.0,225.0,40.0,117.0
736.0,225.0,39.0,117.0
735.0,225.0,38.0,117.0
734.0,225.0,38.0,117.0
733.0,225.0,37.0,117.0
731.0,225.0,37.0,117.0
730.0,225.0,37.0,117.0
728.0,225.0,37.0,116.0
727.0,225.0,37.0,116.0
726.0,225.0,38.0,116.0
725.0,225.0,38.0,116.0
724.0,225.0,39.0,116.0
361.0,115.0,19.0,51.0
720.0,220.0,41.0,126.0
720.0,220.0,41.0,126.0
719.0,219.0,41.0,126.0
718.0,218.0,41.0,127.0
718.0,218.0,41.0,129.0
717.0,217.0,42.0,132.0
717.0,217.0,42.0,132.0
716.0,217.0,42.0,132.0
716.0,217.0,42.0,132.0
716.0,217.0,42.0,132.0
716.0,217.0,42.0,132.0
715.0,216.0,42.0,135.0
714.0,217.0,42.0,136.0
713.0,216.0,43.0,138.0
712.0,217.0,42.0,138.0
714.0,214.0,43.0,141.0
712.0,215.0,43.0,139.0
710.0,213.0,44.0,142.0
711.0,215.0,44.0,139.0
712.0,216.0,45.0,137.0
711.0,216.0,45.0,138.0
711.0,218.0,45.0,136.0
712.0,219.0,46.0,135.0
712.0,220.0,46.0,135.0
714.0,219.0,46.0,135.0
715.0,219.0,46.0,136.0
717.0,218.0,46.0,138.0
719.0,217.0,47.0,140.0
721.0,216.0,47.0,142.0
723.0,215.0,47.0,142.0
726.0,216.0,47.0,141.0
730.0,216.0,46.0,139.0
733.0,215.0,46.0,139.0
736.0,213.0,47.0,143.0
740.0,213.0,46.0,140.0
742.0,212.0,47.0,144.0
745.0,211.0,48.0,146.0
748.0,210.0,48.0,147.0
751.0,211.0,48.0,147.0
753.0,209.0,49.0,146.0
754.0,210.0,51.0,146.0
756.0,211.0,52.0,145.0
758.0,210.0,54.0,147.0
759.0,210.0,56.0,148.0
760.0,211.0,57.0,148.0
761.0,211.0,59.0,149.0
763.0,211.0,61.0,151.0
764.0,212.0,63.0,150.0
766.0,210.0,63.0,155.0
772.0,205.0,64.0,157.0
772.0,204.0,65.0,162.0
775.0,203.0,64.0,165.0
778.0,205.0,63.0,161.0
781.0,207.0,61.0,157.0
783.0,207.0,60.0,156.0
787.0,207.0,59.0,156.0
789.0,207.0,59.0,157.0
791.0,207.0,59.0,157.0
793.0,205.0,59.0,160.0
796.0,205.0,58.0,160.0
796.0,206.0,59.0,160.0
798.0,206.0,60.0,160.0
798.0,206.0,62.0,160.0
799.0,206.0,63.0,160.0
800.0,207.0,64.0,160.0
801.0,207.0,65.0,160.0
801.0,207.0,66.0,160.0
802.0,206.0,67.0,162.0
804.0,207.0,66.0,160.0
805.0,208.0,66.0,158.0
808.0,210.0,66.0,157.0
809.0,210.0,66.0,155.0
811.0,211.0,65.0,153.0
811.0,211.0,64.0,153.0
406.0,118.0,35.0,54.0
809.0,230.0,75.0,118.0
810.0,231.0,74.0,117.0
810.0,231.0,75.0,117.0
810.0,231.0,75.0,116.0
810.0,230.0,75.0,116.0
810.0,231.0,76.0,116.0
809.0,231.0,76.0,115.0
808.0,231.0,77.0,115.0
807.0,231.0,77.0,115.0
804.0,232.0,78.0,115.0
804.0,233.0,79.0,115.0
802.0,234.0,80.0,115.0
801.0,233.0,79.0,115.0
800.0,233.0,78.0,115.0
798.0,233.0,78.0,116.0
797.0,234.0,77.0,116.0
795.0,234.0,76.0,116.0
793.0,234.0,76.0,117.0
789.0,234.0,75.0,117.0
789.0,234.0,75.0,117.0
787.0,233.0,74.0,118.0
784.0,234.0,73.0,118.0
782.0,233.0,73.0,119.0
782.0,232.0,72.0,119.0
780.0,232.0,71.0,119.0
778.0,232.0,71.0,120.0
778.0,231.0,70.0,120.0
776.0,232.0,70.0,120.0
773.0,233.0,71.0,120.0
771.0,234.0,72.0,120.0
768.0,235.0,73.0,120.0
764.0,237.0,74.0,120.0
761.0,237.0,75.0,120.0
759.0,238.0,76.0,120.0
756.0,239.0,77.0,120.0
753.0,240.0,78.0,120.0
749.0,240.0,79.0,120.0
747.0,241.0,79.0,119.0
745.0,241.0,80.0,119.0
742.0,242.0,80.0,118.0
739.0,242.0,81.0,118.0
737.0,243.0,81.0,118.0
737.0,242.0,79.0,118.0
735.0,241.0,78.0,118.0
733.0,241.0,76.0,118.0
732.0,240.0,75.0,119.0
731.0,239.0,73.0,119.0
730.0,240.0,72.0,119.0
727.0,240.0,73.0,119.0
725.0,241.0,74.0,119.0
722.0,242.0,74.0,119.0
720.0,243.0,75.0,119.0
718.0,243.0,76.0,119.0
715.0,244.0,77.0,118.0
712.0,245.0,78.0,118.0
709.0,246.0,79.0,118.0
708.0,246.0,78.0,118.0
706.0,246.0,77.0,118.0
704.0,246.0,77.0,118.0
703.0,246.0,76.0,118.0
702.0,246.0,76.0,118.0
702.0,245.0,75.0,118.0
701.0,245.0,74.0,118.0
700.0,245.0,73.0,118.0
700.0,245.0,73.0,118.0
700.0,245.0,72.0,118.0
700.0,245.0,71.0,118.0
699.0,245.0,71.0,118.0
697.0,246.0,71.0,118.0
698.0,246.0,71.0,118.0
697.0,246.0,71.0,118.0
695.0,246.0,71.0,118.0
693.0,245.0,71.0,118.0
694.0,246.0,71.0,118.0
695.0,247.0,71.0,118.0
693.0,247.0,71.0,118.0
693.0,247.0,71.0,118.0
693.0,247.0,71.0,118.0
693.0,247.0,71.0,118.0
692.0,248.0,72.0,118.0
692.0,247.0,71.0,118.0
692.0,249.0,72.0,118.0
692.0,249.0,71.0,118.0
691.0,249.0,72.0,118.0
691.0,249.0,72.0,118.0
691.0,250.0,71.0,118.0
689.0,249.0,71.0,118.0
688.0,250.0,71.0,118.0
687.0,249.0,71.0,118.0
686.0,250.0,71.0,118.0
683.0,249.0,71.0,118.0
682.0,250.0,71.0,118.0
681.0,249.0,71.0,118.0
681.0,249.0,71.0,118.0
679.0,248.0,71.0,118.0
678.0,249.0,71.0,118.0
678.0,248.0,69.0,118.0
678.0,248.0,68.0,119.0
677.0,247.0,67.0,119.0
340.0,128.0,24.0,55.0
678.0,250.0,52.0,122.0
678.0,250.0,52.0,123.0
678.0,251.0,51.0,123.0
679.0,251.0,50.0,123.0
679.0,251.0,50.0,123.0
679.0,251.0,50.0,123.0
680.0,252.0,50.0,122.0
680.0,251.0,51.0,122.0
680.0,252.0,51.0,121.0
681.0,252.0,51.0,121.0
682.0,251.0,51.0,120.0
683.0,252.0,51.0,119.0
683.0,252.0,52.0,119.0
684.0,252.0,51.0,118.0
684.0,252.0,52.0,118.0
684.0,252.0,52.0,117.0
685.0,250.0,52.0,117.0
687.0,249.0,52.0,117.0
686.0,249.0,52.0,117.0
687.0,248.0,52.0,118.0
686.0,248.0,52.0,118.0
688.0,247.0,52.0,118.0
687.0,246.0,53.0,118.0
688.0,245.0,53.0,118.0
688.0,245.0,53.0,118.0
689.0,244.0,51.0,118.0
690.0,245.0,50.0,118.0
690.0,244.0,49.0,118.0
692.0,245.0,48.0,118.0
693.0,244.0,49.0,118.0
692.0,244.0,50.0,118.0
693.0,244.0,51.0,119.0
692.0,244.0,52.0,119.0
693.0,244.0,54.0,119.0
694.0,244.0,53.0,119.0
695.0,243.0,53.0,118.0
696.0,243.0,53.0,118.0
698.0,242.0,52.0,117.0
699.0,242.0,51.0,116.0
700.0,241.0,51.0,116.0
701.0,241.0,51.0,115.0
703.0,241.0,50.0,114.0
704.0,241.0,51.0,114.0
705.0,240.0,51.0,115.0
705.0,240.0,52.0,115.0
706.0,239.0,52.0,115.0
707.0,240.0,53.0,115.0
709.0,239.0,53.0,116.0
709.0,239.0,54.0,116.0
710.0,239.0,54.0,115.0
711.0,239.0,54.0,115.0
712.0,239.0,54.0,115.0
714.0,239.0,54.0,115.0
716.0,239.0,54.0,115.0
716.0,239.0,55.0,115.0
718.0,239.0,55.0,115.0
720.0,239.0,55.0,115.0
721.0,239.0,55.0,115.0
723.0,239.0,55.0,115.0
726.0,239.0,54.0,115.0
729.0,239.0,53.0,115.0
732.0,239.0,52.0,115.0
734.0,239.0,51.0,115.0
737.0,239.0,50.0,114.0
738.0,240.0,51.0,114.0
740.0,239.0,52.0,114.0
741.0,240.0,52.0,115.0
741.0,239.0,53.0,115.0
742.0,240.0,53.0,115.0
744.0,239.0,54.0,115.0
745.0,240.0,54.0,115.0
746.0,239.0,55.0,115.0
747.0,240.0,56.0,115.0
748.0,239.0,56.0,115.0
750.0,240.0,56.0,115.0
752.0,239.0,57.0,115.0
753.0,240.0,57.0,115.0
754.0,239.0,58.0,114.0
755.0,240.0,58.0,114.0
756.0,239.0,58.0,114.0
757.0,239.0,57.0,114.0
759.0,238.0,57.0,115.0
761.0,239.0,56.0,114.0
761.0,238.0,56.0,115.0
763.0,238.0,55.0,115.0
763.0,238.0,55.0,115.0
763.0,239.0,55.0,115.0
763.0,239.0,54.0,115.0
763.0,240.0,54.0,115.0
763.0,240.0,54.0,116.0
763.0,241.0,53.0,116.0
763.0,241.0,53.0,117.0
762.0,242.0,53.0,117.0
763.0,242.0,52.0,118.0
764.0,243.0,52.0,118.0
763.0,243.0,51.0,118.0
763.0,244.0,51.0,118.0
762.0,244.0,50.0,118.0
761.0,246.0,49.0,117.0
399.0,123.0,21.0,51.0
794.0,241.0,46.0,112.0
792.0,241.0,46.0,112.0
790.0,241.0,47.0,112.0
788.0,242.0,48.0,112.0
785.0,242.0,48.0,112.0
783.0,242.0,49.0,112.0
780.0,242.0,49.0,112.0
778.0,242.0,50.0,112.0
776.0,242.0,50.0,112.0
773.0,242.0,51.0,112.0
771.0,242.0,51.0,112.0
768.0,242.0,52.0,112.0
766.0,242.0,52.0,112.0
763.0,241.0,52.0,112.0
761.0,242.0,52.0,112.0
758.0,241.0,52.0,112.0
756.0,241.0,52.0,112.0
754.0,241.0,52.0,112.0
752.0,240.0,52.0,112.0
749.0,239.0,52.0,112.0
748.0,239.0,52.0,112.0
746.0,239.0,52.0,112.0
744.0,239.0,52.0,112.0
743.0,239.0,52.0,112.0
742.0,239.0,52.0,112.0
742.0,240.0,52.0,111.0
741.0,240.0,52.0,112.0
740.0,241.0,52.0,111.0
739.0,241.0,52.0,111.0
739.0,241.0,52.0,111.0
738.0,242.0,52.0,111.0
738.0,242.0,52.0,111.0
737.0,242.0,52.0,111.0
736.0,241.0,51.0,112.0
735.0,241.0,51.0,112.0
734.0,241.0,51.0,112.0
733.0,241.0,51.0,112.0
731.0,240.0,51.0,112.0
730.0,240.0,50.0,112.0
728.0,240.0,51.0,112.0
727.0,240.0,50.0,113.0
725.0,239.0,50.0,113.0
724.0,239.0,50.0,113.0
723.0,238.0,50.0,113.0
721.0,238.0,50.0,113.0
720.0,238.0,50.0,113.0
719.0,237.0,50.0,113.0
718.0,237.0,49.0,113.0
717.0,237.0,49.0,113.0
716.0,236.0,50.0,113.0
715.0,236.0,51.0,113.0
714.0,236.0,52.0,113.0
713.0,236.0,52.0,113.0
712.0,236.0,53.0,113.0
711.0,236.0,54.0,113.0
710.0,236.0,55.0,112.0
709.0,236.0,56.0,113.0
708.0,236.0,57.0,113.0
708.0,236.0,58.0,112.0
707.0,236.0,59.0,112.0
706.0,236.0,59.0,112.0
706.0,236.0,60.0,112.0
705.0,236.0,61.0,112.0
705.0,236.0,62.0,112.0
706.0,234.0,62.0,113.0
708.0,231.0,61.0,115.0
710.0,229.0,61.0,116.0
712.0,226.0,61.0,118.0
715.0,224.0,59.0,119.0
718.0,223.0,58.0,121.0
720.0,221.0,56.0,122.0
723.0,220.0,55.0,122.0
726.0,220.0,54.0,122.0
729.0,220.0,53.0,121.0
362.0,106.0,26.0,60.0
737.0,213.0,46.0,134.0
740.0,214.0,45.0,134.0
742.0,215.0,43.0,132.0
745.0,216.0,42.0,132.0
747.0,214.0,42.0,134.0
751.0,217.0,39.0,129.0
750.0,218.0,40.0,130.0
750.0,216.0,42.0,133.0
751.0,217.0,42.0,132.0
751.0,218.0,43.0,134.0
752.0,219.0,44.0,133.0
752.0,218.0,44.0,135.0
752.0,218.0,44.0,135.0
752.0,217.0,45.0,135.0
752.0,217.0,45.0,135.0
752.0,216.0,45.0,136.0
752.0,216.0,45.0,135.0
752.0,215.0,45.0,135.0
750.0,215.0,45.0,137.0
750.0,214.0,45.0,138.0
749.0,213.0,45.0,140.0
749.0,213.0,44.0,140.0
748.0,213.0,44.0,140.0
747.0,213.0,44.0,140.0
370.0,103.0,21.0,64.0
737.0,200.0,47.0,141.0
736.0,200.0,46.0,141.0
736.0,200.0,46.0,141.0
735.0,200.0,45.0,141.0
734.0,201.0,46.0,141.0
732.0,201.0,47.0,140.0
730.0,202.0,48.0,140.0
