1111.0,352.0,101.0,176.0
1109.0,352.0,99.0,176.0
1108.0,351.0,97.0,175.0
1106.0,351.0,96.0,176.0
1105.0,351.0,94.0,175.0
1103.0,351.0,93.0,176.0
1102.0,350.0,91.0,175.0
1100.0,349.0,90.0,176.0
1099.0,350.0,88.0,175.0
1097.0,350.0,87.0,176.0
1096.0,349.0,85.0,175.0
1095.0,350.0,83.0,175.0
1093.0,350.0,84.0,175.0
1090.0,350.0,85.0,175.0
1089.0,351.0,85.0,175.0
1086.0,351.0,86.0,175.0
1083.0,352.0,87.0,175.0
1081.0,352.0,88.0,175.0
1078.0,352.0,89.0,176.0
1076.0,353.0,89.0,176.0
1074.0,353.0,90.0,176.0
1071.0,354.0,91.0,176.0
1069.0,353.0,92.0,176.0
1066.0,354.0,92.0,176.0
1064.0,354.0,93.0,176.0
1061.0,354.0,93.0,176.0
1058.0,354.0,92.0,176.0
1056.0,355.0,91.0,177.0
1053.0,355.0,90.0,177.0
1050.0,355.0,89.0,177.0
1047.0,355.0,88.0,177.0
1045.0,355.0,87.0,178.0
1042.0,356.0,86.0,178.0
1039.0,356.0,87.0,178.0
1035.0,356.0,87.0,178.0
1031.0,356.0,87.0,178.0
1028.0,357.0,87.0,178.0
1024.0,357.0,87.0,178.0
1020.0,357.0,87.0,179.0
1017.0,358.0,88.0,179.0
1012.0,358.0,88.0,180.0
1009.0,359.0,89.0,180.0
1005.0,359.0,89.0,181.0
1000.0,360.0,90.0,181.0
996.0,360.0,90.0,182.0
993.0,361.0,89.0,181.0
991.0,360.0,88.0,181.0
988.0,360.0,87.0,180.0
985.0,361.0,86.0,180.0
978.0,360.0,89.0,179.0
970.0,360.0,92.0,179.0
962.0,359.0,95.0,179.0
954.0,359.0,98.0,178.0
946.0,358.0,101.0,178.0
941.0,358.0,100.0,178.0
936.0,357.0,100.0,177.0
932.0,357.0,100.0,176.0
928.0,355.0,97.0,175.0
925.0,353.0,94.0,175.0
921.0,351.0,91.0,175.0
918.0,349.0,89.0,175.0
916.0,347.0,86.0,175.0
909.0,345.0,87.0,178.0
904.0,343.0,89.0,180.0
900.0,341.0,90.0,183.0
894.0,339.0,92.0,182.0
889.0,337.0,95.0,181.0
884.0,335.0,97.0,180.0
878.0,334.0,100.0,178.0
875.0,332.0,98.0,178.0
873.0,330.0,96.0,177.0
871.0,329.0,94.0,176.0
869.0,328.0,92.0,175.0
867.0,327.0,88.0,175.0
865.0,325.0,83.0,176.0
863.0,324.0,78.0,176.0
856.0,324.0,83.0,175.0
849.0,323.0,87.0,175.0
842.0,322.0,92.0,174.0
835.0,321.0,96.0,174.0
829.0,321.0,101.0,173.0
826.0,321.0,100.0,172.0
823.0,320.0,99.0,172.0
820.0,319.0,98.0,171.0
818.0,318.0,97.0,171.0
816.0,318.0,96.0,170.0
815.0,316.0,92.0,171.0
812.0,315.0,89.0,171.0
810.0,314.0,85.0,172.0
804.0,312.0,88.0,171.0
799.0,311.0,90.0,170.0
794.0,310.0,93.0,169.0
789.0,308.0,95.0,168.0
783.0,307.0,98.0,168.0
778.0,307.0,100.0,167.0
776.0,305.0,99.0,166.0
774.0,304.0,98.0,166.0
772.0,302.0,97.0,166.0
771.0,301.0,96.0,165.0
339.0,175.0,40.0,69.0
672.0,343.0,88.0,152.0
670.0,340.0,84.0,151.0
667.0,339.0,80.0,151.0
666.0,336.0,75.0,150.0
661.0,334.0,76.0,150.0
657.0,332.0,76.0,150.0
652.0,329.0,77.0,150.0
648.0,328.0,77.0,149.0
644.0,326.0,78.0,149.0
640.0,324.0,79.0,149.0
636.0,322.0,79.0,148.0
633.0,320.0,79.0,148.0
629.0,318.0,79.0,148.0
625.0,315.0,80.0,148.0
621.0,313.0,80.0,147.0
617.0,311.0,80.0,147.0
614.0,309.0,80.0,147.0
611.0,307.0,80.0,146.0
609.0,305.0,79.0,146.0
607.0,303.0,79.0,146.0
605.0,301.0,78.0,146.0
603.0,301.0,78.0,145.0
601.0,299.0,77.0,145.0
600.0,297.0,76.0,145.0
598.0,295.0,76.0,145.0
597.0,294.0,75.0,145.0
594.0,292.0,75.0,144.0
593.0,291.0,74.0,144.0
591.0,289.0,74.0,144.0
590.0,288.0,73.0,144.0
588.0,287.0,73.0,144.0
586.0,286.0,73.0,144.0
584.0,286.0,73.0,144.0
582.0,285.0,73.0,144.0
581.0,284.0,73.0,143.0
579.0,284.0,73.0,143.0
577.0,283.0,73.0,143.0
576.0,283.0,73.0,143.0
574.0,283.0,74.0,143.0
573.0,282.0,74.0,143.0
571.0,282.0,74.0,143.0
570.0,281.0,74.0,143.0
569.0,281.0,74.0,142.0
567.0,281.0,74.0,142.0
566.0,280.0,74.0,142.0
564.0,280.0,74.0,142.0
563.0,280.0,74.0,142.0
562.0,279.0,74.0,142.0
560.0,279.0,74.0,141.0
559.0,279.0,73.0,141.0
558.0,279.0,73.0,141.0
556.0,279.0,73.0,141.0
554.0,279.0,72.0,140.0
553.0,279.0,72.0,140.0
552.0,279.0,71.0,140.0
551.0,278.0,71.0,140.0
550.0,278.0,71.0,140.0
549.0,278.0,70.0,139.0
548.0,278.0,70.0,139.0
547.0,278.0,70.0,139.0
546.0,278.0,70.0,139.0
545.0,278.0,70.0,138.0
543.0,278.0,71.0,138.0
542.0,278.0,71.0,137.0
541.0,277.0,71.0,137.0
540.0,276.0,71.0,137.0
539.0,276.0,72.0,136.0
539.0,276.0,72.0,136.0
538.0,276.0,72.0,136.0
537.0,276.0,73.0,135.0
536.0,276.0,73.0,135.0
537.0,276.0,73.0,135.0
536.0,276.0,73.0,136.0
537.0,277.0,74.0,137.0
537.0,277.0,74.0,138.0
537.0,278.0,74.0,139.0
537.0,279.0,75.0,140.0
538.0,279.0,75.0,141.0
538.0,281.0,75.0,141.0
539.0,283.0,76.0,141.0
539.0,284.0,76.0,142.0
539.0,287.0,76.0,142.0
540.0,289.0,77.0,142.0
541.0,291.0,77.0,143.0
541.0,292.0,77.0,142.0
542.0,294.0,77.0,143.0
543.0,296.0,78.0,143.0
543.0,299.0,78.0,143.0
543.0,301.0,78.0,144.0
543.0,303.0,79.0,144.0
543.0,306.0,79.0,144.0
543.0,309.0,79.0,145.0
543.0,311.0,80.0,145.0
544.0,314.0,80.0,146.0
544.0,317.0,80.0,146.0
546.0,320.0,80.0,147.0
553.0,324.0,80.0,148.0
562.0,327.0,80.0,148.0
570.0,330.0,80.0,149.0
292.0,166.0,32.0,67.0
582.0,327.0,71.0,148.0
583.0,331.0,72.0,148.0
585.0,336.0,72.0,149.0
585.0,341.0,72.0,149.0
586.0,344.0,72.0,150.0
587.0,347.0,71.0,150.0
589.0,351.0,71.0,151.0
591.0,353.0,70.0,152.0
593.0,354.0,70.0,152.0
595.0,357.0,69.0,153.0
597.0,360.0,68.0,154.0
599.0,362.0,68.0,154.0
601.0,364.0,67.0,155.0
602.0,365.0,67.0,156.0
603.0,367.0,66.0,156.0
605.0,371.0,65.0,157.0
607.0,373.0,66.0,157.0
607.0,374.0,66.0,157.0
608.0,375.0,67.0,157.0
610.0,376.0,67.0,157.0
611.0,378.0,68.0,158.0
612.0,380.0,68.0,158.0
614.0,382.0,68.0,158.0
615.0,383.0,69.0,158.0
617.0,384.0,70.0,158.0
619.0,385.0,70.0,158.0
620.0,386.0,71.0,159.0
622.0,388.0,71.0,159.0
624.0,391.0,71.0,159.0
625.0,391.0,72.0,159.0
627.0,393.0,73.0,159.0
630.0,393.0,73.0,159.0
631.0,395.0,73.0,159.0
633.0,395.0,74.0,160.0
636.0,398.0,74.0,160.0
637.0,398.0,75.0,160.0
639.0,400.0,75.0,160.0
642.0,400.0,76.0,160.0
646.0,401.0,74.0,160.0
650.0,400.0,73.0,160.0
655.0,401.0,71.0,160.0
658.0,401.0,71.0,160.0
661.0,402.0,72.0,161.0
664.0,403.0,72.0,162.0
667.0,404.0,72.0,162.0
669.0,404.0,73.0,163.0
670.0,405.0,73.0,164.0
673.0,406.0,73.0,164.0
675.0,406.0,74.0,165.0
676.0,407.0,74.0,166.0
678.0,407.0,75.0,167.0
680.0,408.0,75.0,167.0
681.0,409.0,75.0,168.0
683.0,409.0,76.0,169.0
686.0,410.0,76.0,169.0
687.0,411.0,75.0,169.0
689.0,412.0,75.0,169.0
691.0,413.0,74.0,169.0
694.0,415.0,74.0,168.0
696.0,416.0,73.0,168.0
697.0,418.0,73.0,168.0
699.0,420.0,72.0,168.0
699.0,419.0,71.0,167.0
702.0,421.0,71.0,167.0
705.0,423.0,70.0,167.0
706.0,424.0,70.0,166.0
706.0,425.0,70.0,166.0
706.0,424.0,70.0,166.0
706.0,425.0,70.0,166.0
706.0,424.0,70.0,166.0
706.0,424.0,70.0,166.0
706.0,424.0,70.0,166.0
706.0,424.0,70.0,166.0
706.0,424.0,70.0,166.0
706.0,424.0,70.0,166.0
706.0,424.0,70.0,166.0
706.0,424.0,70.0,166.0
706.0,423.0,70.0,166.0
706.0,422.0,70.0,166.0
706.0,423.0,71.0,166.0
706.0,421.0,71.0,166.0
705.0,421.0,71.0,166.0
705.0,420.0,72.0,166.0
704.0,420.0,72.0,166.0
704.0,419.0,72.0,166.0
704.0,419.0,73.0,166.0
703.0,419.0,73.0,166.0
702.0,418.0,74.0,166.0
702.0,418.0,74.0,166.0
701.0,416.0,74.0,166.0
701.0,415.0,75.0,166.0
700.0,415.0,75.0,166.0
699.0,414.0,75.0,166.0
698.0,415.0,76.0,166.0
698.0,413.0,76.0,166.0
697.0,413.0,77.0,166.0
697.0,412.0,77.0,166.0
696.0,412.0,77.0,166.0
696.0,411.0,78.0,166.0
353.0,228.0,39.0,86.0
703.0,448.0,86.0,190.0
703.0,447.0,85.0,189.0
704.0,448.0,84.0,189.0
704.0,448.0,83.0,188.0
704.0,447.0,82.0,187.0
705.0,447.0,81.0,187.0
706.0,448.0,80.0,186.0
705.0,446.0,79.0,185.0
706.0,447.0,78.0,184.0
706.0,445.0,80.0,184.0
706.0,445.0,82.0,185.0
705.0,443.0,84.0,185.0
705.0,443.0,85.0,185.0
705.0,441.0,87.0,185.0
704.0,442.0,89.0,185.0
702.0,439.0,91.0,186.0
700.0,439.0,93.0,186.0
699.0,437.0,95.0,187.0
697.0,436.0,97.0,187.0
696.0,434.0,99.0,188.0
695.0,433.0,101.0,188.0
693.0,431.0,100.0,189.0
692.0,430.0,99.0,189.0
690.0,428.0,98.0,189.0
688.0,428.0,98.0,189.0
687.0,426.0,97.0,189.0
685.0,425.0,96.0,189.0
683.0,424.0,95.0,189.0
682.0,423.0,94.0,189.0
681.0,422.0,93.0,189.0
679.0,421.0,92.0,189.0
677.0,419.0,91.0,188.0
675.0,419.0,90.0,188.0
674.0,417.0,89.0,188.0
671.0,417.0,88.0,188.0
669.0,415.0,87.0,188.0
667.0,415.0,86.0,188.0
665.0,414.0,85.0,188.0
663.0,414.0,84.0,188.0
661.0,413.0,83.0,188.0
659.0,413.0,82.0,188.0
658.0,412.0,81.0,188.0
656.0,411.0,80.0,188.0
654.0,410.0,79.0,188.0
652.0,410.0,78.0,187.0
652.0,409.0,78.0,187.0
650.0,408.0,78.0,187.0
648.0,407.0,77.0,187.0
646.0,407.0,77.0,186.0
645.0,405.0,77.0,186.0
643.0,405.0,77.0,186.0
641.0,404.0,76.0,186.0
639.0,403.0,79.0,186.0
637.0,402.0,81.0,185.0
635.0,402.0,84.0,185.0
634.0,401.0,86.0,185.0
632.0,400.0,89.0,185.0
630.0,399.0,88.0,185.0
629.0,399.0,87.0,185.0
628.0,399.0,86.0,184.0
628.0,399.0,85.0,185.0
626.0,398.0,85.0,184.0
625.0,399.0,84.0,184.0
625.0,397.0,82.0,184.0
625.0,397.0,81.0,185.0
624.0,396.0,79.0,185.0
623.0,396.0,78.0,185.0
623.0,395.0,77.0,185.0
622.0,395.0,75.0,186.0
622.0,395.0,74.0,186.0
622.0,395.0,74.0,186.0
622.0,394.0,74.0,186.0
622.0,394.0,75.0,186.0
622.0,394.0,75.0,186.0
621.0,394.0,76.0,186.0
620.0,393.0,76.0,187.0
620.0,393.0,76.0,186.0
620.0,392.0,76.0,187.0
620.0,392.0,77.0,187.0
620.0,392.0,77.0,187.0
620.0,391.0,78.0,187.0
620.0,390.0,78.0,187.0
620.0,391.0,78.0,187.0
620.0,389.0,79.0,188.0
621.0,388.0,79.0,188.0
621.0,387.0,80.0,188.0
622.0,387.0,80.0,189.0
623.0,385.0,81.0,189.0
623.0,385.0,81.0,190.0
625.0,384.0,80.0,189.0
626.0,384.0,79.0,188.0
627.0,382.0,79.0,186.0
629.0,382.0,78.0,185.0
630.0,381.0,77.0,184.0
632.0,381.0,77.0,183.0
633.0,380.0,76.0,182.0
634.0,379.0,76.0,181.0
635.0,377.0,76.0,181.0
635.0,376.0,76.0,181.0
323.0,187.0,30.0,77.0
643.0,366.0,66.0,170.0
643.0,364.0,66.0,170.0
644.0,362.0,66.0,170.0
644.0,360.0,67.0,170.0
645.0,358.0,67.0,170.0
645.0,356.0,68.0,170.0
646.0,354.0,68.0,169.0
646.0,353.0,68.0,169.0
646.0,352.0,68.0,169.0
647.0,351.0,69.0,169.0
648.0,350.0,69.0,169.0
648.0,348.0,69.0,169.0
649.0,347.0,69.0,168.0
649.0,345.0,68.0,168.0
649.0,344.0,68.0,167.0
650.0,342.0,68.0,167.0
650.0,341.0,68.0,166.0
651.0,339.0,67.0,166.0
651.0,338.0,67.0,165.0
651.0,337.0,67.0,165.0
652.0,336.0,66.0,165.0
652.0,335.0,66.0,165.0
653.0,334.0,66.0,165.0
653.0,332.0,66.0,162.0
653.0,331.0,66.0,160.0
653.0,331.0,65.0,157.0
653.0,330.0,67.0,155.0
653.0,330.0,68.0,154.0
652.0,329.0,69.0,153.0
652.0,329.0,70.0,152.0
651.0,327.0,72.0,151.0
650.0,327.0,73.0,150.0
650.0,326.0,74.0,149.0
649.0,326.0,75.0,148.0
649.0,325.0,75.0,148.0
649.0,324.0,75.0,149.0
648.0,322.0,74.0,149.0
648.0,321.0,74.0,150.0
643.0,321.0,72.0,150.0
639.0,320.0,70.0,150.0
636.0,320.0,68.0,150.0
632.0,319.0,66.0,150.0
629.0,319.0,63.0,150.0
625.0,318.0,63.0,150.0
621.0,318.0,64.0,151.0
618.0,317.0,64.0,151.0
615.0,316.0,64.0,152.0
613.0,315.0,64.0,152.0
610.0,314.0,64.0,153.0
607.0,313.0,65.0,153.0
604.0,312.0,65.0,154.0
601.0,311.0,65.0,154.0
597.0,310.0,65.0,155.0
594.0,309.0,65.0,156.0
591.0,308.0,66.0,156.0
588.0,307.0,66.0,157.0
585.0,306.0,66.0,157.0
583.0,305.0,66.0,158.0
580.0,304.0,67.0,158.0
577.0,303.0,67.0,159.0
574.0,302.0,67.0,159.0
571.0,301.0,67.0,160.0
571.0,297.0,66.0,161.0
571.0,293.0,65.0,162.0
571.0,289.0,64.0,163.0
571.0,285.0,63.0,164.0
571.0,281.0,61.0,165.0
571.0,277.0,60.0,166.0
569.0,278.0,60.0,165.0
568.0,279.0,60.0,163.0
566.0,280.0,60.0,161.0
565.0,281.0,60.0,159.0
563.0,282.0,60.0,157.0
562.0,283.0,60.0,156.0
561.0,285.0,59.0,156.0
560.0,287.0,59.0,155.0
559.0,288.0,59.0,154.0
558.0,290.0,58.0,154.0
558.0,292.0,58.0,153.0
558.0,293.0,56.0,149.0
558.0,295.0,55.0,146.0
558.0,296.0,54.0,143.0
558.0,298.0,53.0,139.0
558.0,297.0,54.0,140.0
557.0,296.0,55.0,141.0
557.0,294.0,56.0,142.0
557.0,293.0,56.0,142.0
556.0,292.0,58.0,143.0
556.0,291.0,59.0,144.0
556.0,290.0,59.0,145.0
555.0,288.0,60.0,146.0
555.0,287.0,61.0,146.0
555.0,286.0,62.0,147.0
555.0,286.0,62.0,147.0
555.0,286.0,61.0,147.0
556.0,285.0,61.0,147.0
556.0,285.0,60.0,147.0
556.0,285.0,60.0,147.0
557.0,285.0,60.0,147.0
243.0,116.0,23.0,54.0
485.0,226.0,50.0,118.0
485.0,225.0,50.0,118.0
485.0,225.0,49.0,118.0
486.0,225.0,49.0,118.0
486.0,224.0,48.0,118.0
487.0,225.0,48.0,118.0
487.0,224.0,48.0,118.0
488.0,224.0,47.0,118.0
488.0,223.0,47.0,118.0
488.0,223.0,47.0,118.0
488.0,223.0,48.0,118.0
488.0,223.0,48.0,118.0
489.0,222.0,49.0,118.0
489.0,222.0,50.0,118.0
489.0,222.0,50.0,118.0
489.0,222.0,51.0,118.0
489.0,221.0,52.0,118.0
489.0,221.0,52.0,118.0
489.0,221.0,53.0,118.0
489.0,221.0,53.0,118.0
489.0,220.0,54.0,118.0
491.0,221.0,53.0,117.0
491.0,220.0,53.0,116.0
493.0,221.0,52.0,116.0
493.0,220.0,52.0,115.0
494.0,220.0,52.0,115.0
495.0,220.0,51.0,114.0
496.0,220.0,51.0,113.0
497.0,220.0,50.0,112.0
498.0,220.0,50.0,112.0
498.0,219.0,50.0,111.0
499.0,220.0,49.0,111.0
499.0,219.0,49.0,110.0
501.0,220.0,48.0,109.0
501.0,219.0,48.0,108.0
502.0,220.0,47.0,108.0
502.0,219.0,47.0,107.0
503.0,219.0,47.0,108.0
503.0,219.0,47.0,108.0
504.0,219.0,47.0,108.0
505.0,218.0,47.0,108.0
508.0,219.0,47.0,108.0
510.0,218.0,48.0,109.0
512.0,218.0,47.0,109.0
513.0,217.0,48.0,110.0
514.0,218.0,48.0,110.0
515.0,217.0,48.0,110.0
516.0,217.0,48.0,110.0
517.0,217.0,48.0,110.0
519.0,217.0,48.0,111.0
519.0,217.0,49.0,111.0
520.0,217.0,49.0,111.0
521.0,217.0,49.0,111.0
522.0,218.0,49.0,111.0
524.0,218.0,49.0,111.0
525.0,218.0,50.0,111.0
526.0,218.0,50.0,111.0
527.0,219.0,50.0,111.0
528.0,220.0,50.0,111.0
529.0,219.0,51.0,111.0
529.0,219.0,51.0,111.0
531.0,219.0,51.0,112.0
531.0,219.0,51.0,112.0
532.0,220.0,50.0,112.0
532.0,219.0,50.0,112.0
534.0,220.0,48.0,112.0
535.0,219.0,48.0,112.0
536.0,220.0,47.0,112.0
537.0,219.0,46.0,112.0
539.0,220.0,47.0,112.0
540.0,219.0,47.0,112.0
541.0,220.0,48.0,112.0
542.0,219.0,49.0,112.0
544.0,220.0,49.0,112.0
544.0,220.0,49.0,112.0
545.0,221.0,49.0,112.0
545.0,220.0,49.0,112.0
547.0,221.0,49.0,112.0
547.0,221.0,49.0,112.0
548.0,222.0,49.0,112.0
548.0,222.0,49.0,112.0
