522.0,653.0,25.0,51.0
521.0,647.0,27.0,50.0
521.0,639.0,26.0,51.0
521.0,632.0,26.0,51.0
520.0,622.0,26.0,51.0
521.0,610.0,25.0,51.0
130.0,150.0,5.0,10.0
518.0,586.0,28.0,57.0
130.0,141.0,5.0,10.0
516.0,562.0,28.0,56.0
130.0,129.0,5.0,9.0
512.0,535.0,29.0,57.0
130.0,115.0,6.0,9.0
509.0,507.0,28.0,55.0
130.0,101.0,5.0,10.0
504.0,477.0,28.0,55.0
130.0,87.0,4.0,10.0
499.0,446.0,28.0,57.0
131.0,73.0,4.0,10.0
494.0,416.0,28.0,56.0
130.0,61.0,4.0,10.0
487.0,387.0,26.0,56.0
486.0,376.0,27.0,56.0
487.0,368.0,27.0,56.0
487.0,364.0,27.0,57.0
488.0,361.0,27.0,56.0
489.0,360.0,26.0,55.0
488.0,358.0,27.0,56.0
488.0,358.0,27.0,56.0
488.0,358.0,28.0,56.0
488.0,357.0,27.0,58.0
489.0,358.0,27.0,56.0
489.0,358.0,26.0,56.0
489.0,358.0,27.0,57.0
489.0,358.0,27.0,56.0
489.0,357.0,27.0,57.0
489.0,357.0,27.0,56.0
489.0,357.0,27.0,56.0
490.0,357.0,27.0,56.0
491.0,357.0,27.0,57.0
491.0,357.0,27.0,56.0
491.0,357.0,27.0,56.0
492.0,357.0,27.0,56.0
492.0,357.0,27.0,56.0
492.0,357.0,27.0,56.0
494.0,357.0,27.0,56.0
492.0,357.0,28.0,57.0
493.0,357.0,28.0,56.0
494.0,358.0,27.0,57.0
494.0,359.0,27.0,57.0
494.0,361.0,28.0,56.0
495.0,364.0,28.0,56.0
495.0,365.0,28.0,57.0
496.0,367.0,27.0,57.0
496.0,370.0,28.0,57.0
496.0,373.0,28.0,58.0
496.0,375.0,28.0,57.0
497.0,378.0,28.0,57.0
497.0,379.0,28.0,58.0
498.0,381.0,28.0,57.0
499.0,381.0,27.0,57.0
498.0,380.0,27.0,57.0
499.0,381.0,27.0,57.0
499.0,380.0,27.0,58.0
499.0,381.0,28.0,57.0
499.0,383.0,27.0,57.0
499.0,385.0,28.0,56.0
500.0,389.0,28.0,57.0
501.0,394.0,28.0,57.0
501.0,398.0,28.0,56.0
502.0,399.0,28.0,57.0
502.0,401.0,29.0,56.0
502.0,401.0,28.0,56.0
503.0,401.0,28.0,55.0
502.0,401.0,28.0,56.0
503.0,401.0,28.0,56.0
503.0,401.0,28.0,57.0
504.0,401.0,28.0,57.0
504.0,401.0,28.0,57.0
505.0,401.0,28.0,56.0
505.0,401.0,28.0,57.0
506.0,401.0,28.0,56.0
506.0,402.0,28.0,57.0
507.0,403.0,28.0,57.0
507.0,405.0,28.0,56.0
508.0,407.0,28.0,57.0
507.0,408.0,29.0,57.0
508.0,412.0,29.0,56.0
509.0,414.0,28.0,57.0
508.0,417.0,28.0,56.0
509.0,420.0,28.0,56.0
509.0,423.0,28.0,57.0
509.0,426.0,28.0,57.0
510.0,429.0,28.0,57.0
510.0,432.0,28.0,57.0
511.0,435.0,27.0,56.0
511.0,439.0,28.0,57.0
511.0,442.0,28.0,56.0
512.0,445.0,28.0,57.0
512.0,449.0,28.0,57.0
512.0,452.0,28.0,56.0
512.0,455.0,27.0,56.0
512.0,459.0,28.0,57.0
513.0,463.0,28.0,57.0
513.0,465.0,28.0,57.0
513.0,469.0,28.0,56.0
513.0,471.0,28.0,57.0
514.0,471.0,28.0,57.0
515.0,471.0,28.0,57.0
514.0,471.0,29.0,56.0
515.0,471.0,28.0,56.0
515.0,472.0,28.0,57.0
516.0,471.0,28.0,57.0
516.0,472.0,28.0,56.0
516.0,470.0,28.0,57.0
517.0,471.0,27.0,57.0
517.0,472.0,27.0,56.0
517.0,471.0,28.0,57.0
518.0,472.0,28.0,56.0
518.0,473.0,27.0,56.0
518.0,473.0,28.0,56.0
518.0,475.0,28.0,56.0
519.0,476.0,29.0,56.0
520.0,478.0,29.0,57.0
521.0,480.0,28.0,57.0
520.0,482.0,28.0,56.0
521.0,482.0,29.0,57.0
521.0,483.0,29.0,57.0
522.0,483.0,28.0,57.0
522.0,484.0,28.0,56.0
522.0,484.0,29.0,56.0
522.0,484.0,28.0,56.0
522.0,483.0,28.0,57.0
522.0,483.0,28.0,57.0
523.0,483.0,28.0,57.0
522.0,484.0,29.0,57.0
522.0,484.0,28.0,57.0
523.0,484.0,29.0,57.0
525.0,484.0,29.0,56.0
524.0,484.0,28.0,57.0
526.0,484.0,28.0,57.0
525.0,484.0,28.0,57.0
526.0,484.0,28.0,57.0
525.0,484.0,28.0,57.0
526.0,484.0,28.0,57.0
527.0,484.0,28.0,57.0
526.0,484.0,29.0,57.0
527.0,485.0,28.0,56.0
527.0,484.0,28.0,57.0
152.0,80.0,4.0,10.0
606.0,317.0,23.0,50.0
607.0,317.0,23.0,50.0
608.0,317.0,23.0,50.0
608.0,319.0,23.0,50.0
608.0,319.0,23.0,50.0
609.0,319.0,23.0,50.0
611.0,319.0,22.0,51.0
611.0,320.0,23.0,51.0
611.0,320.0,23.0,50.0
612.0,321.0,23.0,50.0
613.0,321.0,22.0,49.0
613.0,321.0,23.0,49.0
613.0,321.0,24.0,50.0
614.0,322.0,25.0,50.0
614.0,322.0,23.0,49.0
615.0,322.0,23.0,50.0
615.0,323.0,23.0,50.0
616.0,324.0,23.0,49.0
617.0,323.0,22.0,50.0
617.0,325.0,23.0,50.0
617.0,325.0,23.0,50.0
618.0,324.0,23.0,50.0
618.0,326.0,23.0,49.0
618.0,325.0,23.0,50.0
618.0,326.0,23.0,49.0
619.0,325.0,22.0,50.0
619.0,326.0,23.0,50.0
620.0,326.0,22.0,50.0
620.0,326.0,22.0,50.0
620.0,327.0,22.0,49.0
620.0,326.0,23.0,50.0
621.0,326.0,22.0,50.0
622.0,327.0,22.0,50.0
622.0,328.0,22.0,50.0
622.0,328.0,23.0,49.0
622.0,329.0,23.0,49.0
622.0,329.0,23.0,49.0
623.0,330.0,23.0,49.0
624.0,330.0,23.0,50.0
624.0,330.0,23.0,50.0
626.0,330.0,22.0,50.0
627.0,330.0,23.0,50.0
628.0,330.0,23.0,51.0
628.0,330.0,24.0,50.0
628.0,329.0,23.0,51.0
629.0,330.0,23.0,50.0
630.0,330.0,22.0,50.0
631.0,330.0,22.0,49.0
632.0,330.0,23.0,49.0
632.0,330.0,23.0,49.0
632.0,330.0,23.0,49.0
634.0,331.0,23.0,50.0
634.0,331.0,22.0,49.0
635.0,331.0,23.0,49.0
636.0,331.0,23.0,48.0
637.0,331.0,23.0,49.0
637.0,331.0,23.0,49.0
638.0,331.0,22.0,49.0
639.0,331.0,22.0,49.0
639.0,331.0,22.0,49.0
640.0,331.0,22.0,49.0
641.0,331.0,22.0,49.0
642.0,331.0,22.0,50.0
642.0,331.0,23.0,49.0
643.0,331.0,23.0,50.0
643.0,331.0,23.0,49.0
643.0,332.0,24.0,50.0
644.0,330.0,24.0,50.0
645.0,332.0,23.0,50.0
646.0,331.0,23.0,50.0
647.0,333.0,24.0,50.0
647.0,333.0,24.0,49.0
648.0,333.0,23.0,49.0
649.0,333.0,23.0,50.0
650.0,333.0,23.0,49.0
651.0,333.0,23.0,49.0
650.0,333.0,23.0,49.0
652.0,333.0,22.0,49.0
652.0,334.0,23.0,49.0
653.0,333.0,23.0,49.0
654.0,333.0,22.0,49.0
654.0,334.0,23.0,48.0
654.0,334.0,23.0,48.0
655.0,333.0,23.0,49.0
656.0,333.0,23.0,49.0
657.0,334.0,24.0,48.0
657.0,334.0,24.0,49.0
657.0,333.0,24.0,50.0
658.0,334.0,24.0,50.0
658.0,333.0,24.0,50.0
660.0,333.0,23.0,49.0
660.0,333.0,24.0,49.0
661.0,333.0,23.0,49.0
661.0,333.0,23.0,49.0
662.0,333.0,23.0,50.0
663.0,333.0,23.0,50.0
663.0,332.0,23.0,50.0
664.0,331.0,24.0,50.0
665.0,332.0,23.0,50.0
665.0,331.0,23.0,49.0
666.0,332.0,24.0,51.0
667.0,331.0,23.0,49.0
667.0,332.0,23.0,49.0
668.0,331.0,23.0,50.0
669.0,332.0,23.0,50.0
670.0,331.0,22.0,50.0
670.0,331.0,23.0,49.0
671.0,331.0,23.0,50.0
671.0,331.0,23.0,50.0
672.0,331.0,23.0,50.0
672.0,331.0,23.0,49.0
674.0,331.0,22.0,49.0
674.0,331.0,22.0,49.0
674.0,331.0,23.0,49.0
675.0,331.0,23.0,50.0
676.0,331.0,23.0,50.0
676.0,331.0,23.0,49.0
677.0,332.0,23.0,49.0
678.0,331.0,23.0,50.0
679.0,332.0,24.0,50.0
680.0,331.0,22.0,51.0
680.0,332.0,23.0,51.0
681.0,332.0,23.0,50.0
682.0,332.0,23.0,51.0
682.0,330.0,22.0,50.0
684.0,330.0,22.0,50.0
685.0,330.0,22.0,50.0
684.0,329.0,23.0,49.0
685.0,330.0,23.0,50.0
686.0,329.0,23.0,50.0
687.0,330.0,22.0,50.0
687.0,329.0,23.0,50.0
687.0,330.0,24.0,51.0
689.0,329.0,24.0,50.0
689.0,330.0,24.0,50.0
690.0,331.0,24.0,50.0
690.0,330.0,24.0,50.0
691.0,331.0,24.0,50.0
693.0,332.0,24.0,49.0
693.0,331.0,24.0,50.0
694.0,332.0,23.0,50.0
696.0,332.0,23.0,49.0
697.0,332.0,22.0,50.0
698.0,333.0,23.0,50.0
698.0,334.0,22.0,49.0
698.0,334.0,23.0,50.0
700.0,335.0,23.0,49.0
701.0,335.0,22.0,50.0
701.0,336.0,22.0,50.0
176.0,86.0,5.0,10.0
704.0,339.0,25.0,52.0
705.0,338.0,25.0,51.0
707.0,340.0,25.0,52.0
707.0,341.0,25.0,52.0
708.0,342.0,25.0,52.0
709.0,342.0,25.0,52.0
709.0,343.0,25.0,52.0
710.0,343.0,25.0,53.0
712.0,344.0,24.0,52.0
712.0,344.0,24.0,53.0
713.0,345.0,25.0,53.0
715.0,347.0,24.0,52.0
715.0,348.0,24.0,52.0
716.0,348.0,24.0,52.0
717.0,349.0,24.0,52.0
717.0,351.0,24.0,52.0
718.0,351.0,24.0,52.0
718.0,353.0,25.0,52.0
719.0,353.0,25.0,53.0
719.0,355.0,26.0,51.0
721.0,355.0,25.0,52.0
721.0,355.0,26.0,52.0
722.0,355.0,25.0,52.0
723.0,356.0,25.0,53.0
723.0,356.0,25.0,53.0
724.0,357.0,25.0,53.0
724.0,358.0,25.0,53.0
725.0,358.0,25.0,53.0
726.0,358.0,25.0,52.0
726.0,359.0,25.0,52.0
727.0,361.0,25.0,52.0
728.0,360.0,24.0,52.0
728.0,360.0,24.0,53.0
728.0,361.0,24.0,52.0
729.0,362.0,25.0,52.0
729.0,362.0,25.0,52.0
729.0,362.0,24.0,52.0
730.0,362.0,24.0,53.0
730.0,364.0,25.0,52.0
731.0,365.0,24.0,53.0
731.0,365.0,25.0,53.0
731.0,366.0,25.0,53.0
731.0,367.0,25.0,52.0
732.0,367.0,25.0,53.0
733.0,368.0,24.0,52.0
733.0,368.0,25.0,53.0
734.0,368.0,24.0,53.0
734.0,369.0,24.0,53.0
734.0,370.0,24.0,52.0
734.0,369.0,24.0,53.0
734.0,370.0,24.0,52.0
734.0,369.0,25.0,53.0
734.0,370.0,24.0,52.0
735.0,369.0,24.0,52.0
734.0,369.0,24.0,52.0
735.0,369.0,24.0,52.0
736.0,368.0,24.0,53.0
736.0,368.0,23.0,53.0
736.0,366.0,23.0,52.0
736.0,365.0,24.0,52.0
736.0,366.0,23.0,52.0
736.0,364.0,23.0,52.0
736.0,364.0,23.0,51.0
736.0,363.0,24.0,52.0
736.0,363.0,23.0,52.0
737.0,363.0,24.0,52.0
737.0,363.0,23.0,52.0
737.0,363.0,23.0,52.0
736.0,362.0,25.0,51.0
737.0,361.0,25.0,52.0
737.0,363.0,25.0,51.0
738.0,361.0,25.0,52.0
738.0,361.0,25.0,51.0
738.0,361.0,25.0,51.0
738.0,360.0,25.0,52.0
738.0,359.0,25.0,52.0
739.0,359.0,25.0,52.0
739.0,359.0,26.0,52.0
740.0,359.0,25.0,52.0
740.0,359.0,24.0,52.0
741.0,360.0,25.0,52.0
742.0,359.0,25.0,53.0
743.0,360.0,25.0,52.0
744.0,360.0,25.0,52.0
745.0,361.0,24.0,52.0
746.0,362.0,24.0,52.0
747.0,361.0,24.0,53.0
748.0,363.0,24.0,52.0
749.0,362.0,25.0,52.0
749.0,362.0,25.0,52.0
751.0,362.0,25.0,52.0
751.0,362.0,24.0,52.0
752.0,362.0,24.0,52.0
753.0,362.0,24.0,52.0
754.0,363.0,24.0,52.0
755.0,364.0,24.0,52.0
756.0,363.0,25.0,52.0
755.0,364.0,25.0,52.0
756.0,364.0,25.0,52.0
758.0,364.0,25.0,52.0
758.0,364.0,24.0,52.0
760.0,363.0,24.0,52.0
762.0,364.0,24.0,52.0
764.0,364.0,24.0,52.0
767.0,365.0,23.0,52.0
771.0,364.0,24.0,52.0
775.0,366.0,23.0,51.0
780.0,366.0,23.0,51.0
785.0,367.0,24.0,52.0
791.0,367.0,25.0,52.0
799.0,370.0,24.0,51.0
203.0,94.0,5.0,10.0
805.0,368.0,28.0,57.0
208.0,94.0,4.0,10.0
815.0,370.0,27.0,57.0
215.0,95.0,4.0,12.0
822.0,371.0,28.0,57.0
841.0,373.0,27.0,57.0
860.0,377.0,28.0,56.0
880.0,380.0,28.0,55.0
903.0,383.0,27.0,54.0
926.0,387.0,26.0,54.0
947.0,391.0,26.0,55.0
971.0,396.0,27.0,54.0
994.0,401.0,27.0,55.0
1018.0,407.0,27.0,54.0
1041.0,413.0,27.0,56.0
