436.0,311.0,59.0,86.0
435.0,311.0,59.0,86.0
434.0,313.0,59.0,86.0
434.0,311.0,59.0,86.0
433.0,313.0,59.0,86.0
434.0,313.0,59.0,86.0
431.0,313.0,59.0,86.0
432.0,313.0,59.0,86.0
431.0,313.0,59.0,86.0
431.0,311.0,59.0,86.0
430.0,313.0,59.0,86.0
430.0,311.0,59.0,86.0
428.0,313.0,59.0,86.0
429.0,313.0,59.0,86.0
428.0,313.0,59.0,86.0
428.0,313.0,59.0,86.0
427.0,315.0,59.0,86.0
428.0,317.0,59.0,86.0
427.0,315.0,59.0,86.0
428.0,317.0,59.0,86.0
427.0,315.0,59.0,86.0
426.0,317.0,59.0,86.0
425.0,315.0,59.0,86.0
426.0,317.0,59.0,86.0
425.0,316.0,59.0,86.0
426.0,317.0,59.0,86.0
425.0,317.0,59.0,86.0
425.0,318.0,59.0,86.0
424.0,318.0,59.0,86.0
424.0,318.0,59.0,86.0
423.0,318.0,59.0,86.0
422.0,317.0,59.0,86.0
421.0,317.0,59.0,86.0
420.0,317.0,59.0,86.0
420.0,317.0,59.0,86.0
420.0,319.0,59.0,86.0
419.0,321.0,59.0,86.0
420.0,321.0,59.0,85.0
419.0,321.0,59.0,84.0
420.0,322.0,59.0,84.0
419.0,322.0,59.0,84.0
420.0,322.0,59.0,84.0
419.0,322.0,59.0,84.0
418.0,322.0,59.0,84.0
417.0,321.0,59.0,84.0
416.0,321.0,59.0,84.0
415.0,322.0,59.0,84.0
414.0,322.0,59.0,84.0
413.0,322.0,59.0,84.0
412.0,323.0,59.0,84.0
411.0,325.0,59.0,84.0
412.0,325.0,59.0,84.0
410.0,325.0,59.0,84.0
410.0,327.0,59.0,84.0
407.0,329.0,59.0,84.0
408.0,327.0,59.0,84.0
405.0,329.0,59.0,84.0
406.0,329.0,59.0,84.0
405.0,329.0,59.0,84.0
404.0,329.0,59.0,84.0
401.0,329.0,59.0,84.0
402.0,329.0,59.0,84.0
401.0,331.0,59.0,84.0
400.0,333.0,59.0,84.0
399.0,333.0,59.0,84.0
398.0,333.0,59.0,84.0
397.0,333.0,59.0,84.0
396.0,333.0,59.0,84.0
395.0,333.0,59.0,84.0
394.0,333.0,59.0,84.0
391.0,333.0,59.0,84.0
392.0,333.0,59.0,84.0
390.0,333.0,59.0,84.0
390.0,335.0,59.0,84.0
388.0,338.0,59.0,84.0
388.0,339.0,59.0,84.0
387.0,339.0,59.0,84.0
386.0,340.0,59.0,84.0
385.0,339.0,59.0,84.0
384.0,339.0,59.0,84.0
383.0,339.0,59.0,84.0
382.0,339.0,59.0,84.0
381.0,338.0,59.0,85.0
380.0,338.0,59.0,85.0
379.0,338.0,59.0,86.0
378.0,338.0,59.0,86.0
377.0,338.0,59.0,86.0
378.0,338.0,59.0,86.0
377.0,338.0,59.0,86.0
376.0,337.0,59.0,86.0
375.0,335.0,59.0,86.0
376.0,335.0,59.0,86.0
373.0,335.0,59.0,86.0
374.0,334.0,59.0,86.0
373.0,334.0,59.0,86.0
372.0,334.0,59.0,86.0
371.0,334.0,59.0,86.0
370.0,334.0,59.0,86.0
367.0,334.0,59.0,86.0
366.0,332.0,59.0,86.0
365.0,331.0,59.0,86.0
364.0,332.0,59.0,86.0
363.0,329.0,59.0,86.0
362.0,329.0,59.0,85.0
361.0,329.0,59.0,85.0
362.0,329.0,59.0,85.0
361.0,329.0,59.0,85.0
360.0,329.0,59.0,85.0
359.0,329.0,59.0,85.0
360.0,329.0,59.0,85.0
359.0,327.0,59.0,85.0
360.0,327.0,59.0,85.0
359.0,327.0,59.0,85.0
360.0,327.0,59.0,85.0
359.0,327.0,59.0,85.0
360.0,326.0,59.0,85.0
359.0,326.0,59.0,85.0
360.0,326.0,59.0,85.0
359.0,326.0,59.0,85.0
360.0,326.0,59.0,85.0
361.0,325.0,59.0,85.0
362.0,323.0,59.0,85.0
361.0,324.0,59.0,85.0
362.0,323.0,59.0,85.0
363.0,323.0,59.0,85.0
364.0,323.0,59.0,85.0
365.0,323.0,59.0,85.0
368.0,322.0,59.0,85.0
371.0,320.0,59.0,85.0
378.0,317.0,59.0,85.0
381.0,317.0,59.0,85.0
386.0,315.0,59.0,85.0
391.0,314.0,59.0,85.0
398.0,313.0,59.0,85.0
405.0,311.0,59.0,85.0
412.0,311.0,59.0,85.0
417.0,310.0,59.0,85.0
424.0,310.0,59.0,85.0
429.0,309.0,59.0,85.0
436.0,307.0,59.0,85.0
441.0,307.0,59.0,85.0
448.0,305.0,59.0,85.0
453.0,303.0,59.0,85.0
459.0,303.0,59.0,85.0
465.0,303.0,59.0,85.0
472.0,301.0,59.0,85.0
477.0,299.0,59.0,85.0
482.0,300.0,59.0,85.0
485.0,299.0,59.0,85.0
492.0,299.0,59.0,85.0
495.0,299.0,59.0,85.0
500.0,298.0,59.0,85.0
501.0,297.0,59.0,85.0
504.0,295.0,59.0,85.0
507.0,295.0,59.0,84.0
508.0,295.0,59.0,84.0
509.0,295.0,59.0,84.0
510.0,295.0,59.0,84.0
510.0,295.0,58.0,84.0
512.0,295.0,58.0,84.0
511.0,295.0,58.0,84.0
512.0,293.0,58.0,84.0
511.0,291.0,58.0,84.0
512.0,293.0,58.0,84.0
512.0,290.0,58.0,84.0
512.0,289.0,58.0,84.0
513.0,289.0,58.0,84.0
514.0,289.0,58.0,84.0
514.0,289.0,58.0,84.0
514.0,289.0,58.0,84.0
514.0,289.0,58.0,84.0
514.0,287.0,58.0,84.0
515.0,288.0,58.0,84.0
516.0,287.0,58.0,84.0
515.0,287.0,58.0,84.0
516.0,287.0,58.0,84.0
515.0,285.0,58.0,84.0
516.0,283.0,58.0,84.0
515.0,285.0,58.0,84.0
514.0,283.0,58.0,84.0
513.0,284.0,58.0,84.0
514.0,283.0,58.0,84.0
513.0,284.0,58.0,84.0
514.0,283.0,58.0,84.0
513.0,282.0,58.0,84.0
514.0,282.0,58.0,84.0
513.0,280.0,58.0,84.0
513.0,278.0,58.0,84.0
512.0,278.0,58.0,84.0
512.0,278.0,58.0,84.0
511.0,278.0,58.0,84.0
512.0,278.0,58.0,84.0
511.0,277.0,58.0,84.0
510.0,275.0,58.0,84.0
509.0,276.0,58.0,84.0
510.0,275.0,58.0,84.0
509.0,274.0,58.0,84.0
508.0,274.0,58.0,84.0
507.0,273.0,58.0,84.0
506.0,271.0,58.0,84.0
503.0,271.0,58.0,84.0
504.0,270.0,58.0,84.0
501.0,270.0,58.0,84.0
501.0,270.0,58.0,84.0
499.0,270.0,58.0,84.0
498.0,270.0,58.0,84.0
497.0,270.0,58.0,84.0
496.0,269.0,58.0,84.0
495.0,267.0,58.0,84.0
494.0,267.0,58.0,84.0
491.0,267.0,58.0,84.0
490.0,267.0,58.0,84.0
487.0,266.0,58.0,84.0
486.0,266.0,58.0,84.0
485.0,266.0,58.0,84.0
484.0,266.0,58.0,83.0
483.0,267.0,58.0,83.0
481.0,267.0,58.0,83.0
479.0,267.0,58.0,83.0
478.0,267.0,58.0,83.0
476.0,267.0,58.0,83.0
475.0,266.0,58.0,83.0
472.0,265.0,58.0,83.0
471.0,263.0,58.0,83.0
469.0,265.0,58.0,83.0
468.0,265.0,58.0,83.0
466.0,265.0,58.0,83.0
465.0,265.0,58.0,83.0
463.0,266.0,58.0,83.0
463.0,267.0,58.0,83.0
461.0,269.0,58.0,82.0
460.0,268.0,58.0,82.0
457.0,269.0,58.0,82.0
456.0,268.0,58.0,82.0
454.0,269.0,58.0,82.0
453.0,268.0,58.0,82.0
451.0,270.0,58.0,82.0
450.0,270.0,58.0,82.0
449.0,270.0,58.0,82.0
448.0,272.0,58.0,82.0
446.0,275.0,58.0,82.0
445.0,275.0,58.0,82.0
444.0,277.0,58.0,82.0
443.0,277.0,58.0,82.0
441.0,277.0,58.0,82.0
441.0,278.0,58.0,82.0
438.0,278.0,58.0,82.0
437.0,280.0,58.0,82.0
436.0,282.0,58.0,82.0
435.0,282.0,58.0,82.0
434.0,284.0,58.0,82.0
433.0,286.0,58.0,82.0
433.0,286.0,58.0,82.0
433.0,288.0,58.0,82.0
431.0,289.0,58.0,82.0
431.0,290.0,58.0,82.0
430.0,290.0,58.0,82.0
430.0,290.0,58.0,82.0
429.0,291.0,58.0,82.0
430.0,293.0,58.0,82.0
429.0,294.0,58.0,83.0
430.0,295.0,58.0,83.0
431.0,299.0,58.0,83.0
432.0,301.0,58.0,83.0
433.0,301.0,58.0,83.0
433.0,303.0,58.0,83.0
433.0,305.0,58.0,83.0
433.0,306.0,58.0,83.0
433.0,306.0,58.0,83.0
434.0,308.0,58.0,83.0
433.0,310.0,58.0,83.0
435.0,310.0,58.0,83.0
435.0,312.0,58.0,83.0
436.0,316.0,58.0,83.0
437.0,318.0,58.0,83.0
439.0,318.0,58.0,83.0
439.0,318.0,58.0,83.0
441.0,320.0,58.0,83.0
441.0,324.0,58.0,83.0
443.0,325.0,58.0,82.0
443.0,324.0,58.0,82.0
446.0,326.0,58.0,82.0
447.0,326.0,58.0,82.0
448.0,328.0,58.0,82.0
449.0,332.0,58.0,82.0
452.0,333.0,58.0,82.0
453.0,334.0,58.0,82.0
456.0,336.0,58.0,82.0
457.0,339.0,58.0,82.0
461.0,341.0,58.0,83.0
462.0,340.0,58.0,83.0
464.0,343.0,58.0,83.0
465.0,344.0,58.0,83.0
468.0,346.0,58.0,84.0
469.0,346.0,58.0,84.0
470.0,346.0,58.0,84.0
471.0,348.0,58.0,84.0
473.0,351.0,58.0,84.0
475.0,353.0,58.0,84.0
476.0,355.0,58.0,84.0
477.0,359.0,58.0,84.0
478.0,361.0,58.0,84.0
479.0,361.0,58.0,84.0
478.0,361.0,58.0,84.0
479.0,362.0,58.0,84.0
480.0,363.0,58.0,84.0
479.0,365.0,59.0,84.0
480.0,366.0,59.0,84.0
479.0,368.0,59.0,84.0
480.0,371.0,59.0,84.0
479.0,373.0,59.0,84.0
480.0,374.0,59.0,84.0
480.0,376.0,59.0,83.0
481.0,378.0,59.0,83.0
480.0,378.0,59.0,83.0
481.0,378.0,59.0,83.0
480.0,380.0,59.0,83.0
481.0,382.0,59.0,84.0
480.0,382.0,59.0,84.0
481.0,384.0,59.0,84.0
481.0,386.0,59.0,84.0
481.0,386.0,59.0,84.0
481.0,388.0,59.0,84.0
482.0,391.0,59.0,83.0
481.0,393.0,59.0,83.0
481.0,394.0,59.0,83.0
479.0,394.0,59.0,83.0
480.0,394.0,59.0,83.0
479.0,394.0,59.0,84.0
479.0,396.0,59.0,84.0
478.0,398.0,59.0,84.0
478.0,398.0,59.0,84.0
477.0,400.0,59.0,84.0
478.0,404.0,59.0,84.0
478.0,405.0,59.0,84.0
479.0,405.0,59.0,84.0
478.0,406.0,59.0,83.0
477.0,406.0,59.0,83.0
476.0,408.0,59.0,83.0
477.0,410.0,59.0,83.0
476.0,408.0,59.0,84.0
475.0,410.0,59.0,84.0
475.0,410.0,59.0,85.0
475.0,411.0,59.0,85.0
475.0,413.0,59.0,85.0
475.0,416.0,59.0,85.0
475.0,418.0,59.0,84.0
476.0,418.0,59.0,84.0
475.0,418.0,59.0,84.0
475.0,420.0,59.0,84.0
474.0,421.0,59.0,84.0
475.0,420.0,59.0,85.0
474.0,421.0,59.0,85.0
475.0,420.0,59.0,85.0
475.0,423.0,59.0,85.0
475.0,424.0,59.0,85.0
475.0,425.0,59.0,85.0
476.0,426.0,59.0,85.0
476.0,428.0,59.0,84.0
477.0,430.0,59.0,83.0
478.0,430.0,59.0,83.0
479.0,430.0,59.0,83.0
478.0,430.0,59.0,84.0
479.0,430.0,59.0,84.0
478.0,430.0,59.0,84.0
479.0,430.0,59.0,85.0
480.0,430.0,59.0,85.0
481.0,432.0,59.0,85.0
480.0,434.0,59.0,85.0
481.0,436.0,59.0,85.0
482.0,438.0,59.0,85.0
483.0,438.0,59.0,84.0
482.0,438.0,59.0,84.0
483.0,440.0,59.0,84.0
482.0,441.0,59.0,85.0
483.0,440.0,59.0,85.0
482.0,441.0,59.0,85.0
482.0,440.0,59.0,85.0
481.0,442.0,59.0,85.0
482.0,442.0,59.0,85.0
481.0,442.0,59.0,85.0
481.0,444.0,59.0,85.0
481.0,446.0,59.0,85.0
481.0,446.0,59.0,84.0
480.0,446.0,59.0,84.0
481.0,446.0,59.0,84.0
480.0,446.0,59.0,85.0
481.0,446.0,59.0,86.0
480.0,446.0,59.0,86.0
479.0,446.0,59.0,86.0
478.0,448.0,59.0,86.0
479.0,450.0,59.0,86.0
478.0,450.0,59.0,86.0
479.0,452.0,59.0,86.0
478.0,454.0,59.0,85.0
479.0,454.0,59.0,85.0
477.0,454.0,59.0,84.0
477.0,454.0,59.0,85.0
474.0,454.0,59.0,85.0
473.0,454.0,59.0,85.0
472.0,454.0,59.0,85.0
471.0,454.0,59.0,85.0
470.0,456.0,59.0,85.0
471.0,458.0,59.0,85.0
470.0,458.0,59.0,85.0
471.0,458.0,59.0,84.0
470.0,458.0,59.0,84.0
470.0,458.0,59.0,84.0
468.0,458.0,59.0,83.0
469.0,458.0,59.0,84.0
468.0,458.0,59.0,84.0
467.0,458.0,59.0,85.0
466.0,458.0,59.0,85.0
467.0,459.0,59.0,85.0
466.0,459.0,59.0,85.0
467.0,460.0,59.0,85.0
466.0,462.0,59.0,84.0
467.0,462.0,59.0,84.0
466.0,462.0,59.0,84.0
465.0,462.0,59.0,84.0
464.0,462.0,59.0,84.0
465.0,462.0,59.0,84.0
464.0,461.0,59.0,85.0
465.0,460.0,59.0,85.0
466.0,462.0,59.0,85.0
467.0,462.0,59.0,85.0
468.0,462.0,59.0,85.0
469.0,462.0,59.0,85.0
470.0,462.0,59.0,84.0
473.0,464.0,59.0,84.0
474.0,464.0,59.0,84.0
476.0,463.0,59.0,84.0
476.0,463.0,59.0,84.0
479.0,462.0,59.0,85.0
480.0,460.0,59.0,85.0
481.0,460.0,59.0,86.0
482.0,460.0,59.0,86.0
485.0,462.0,59.0,86.0
486.0,460.0,59.0,86.0
488.0,462.0,59.0,85.0
490.0,462.0,59.0,85.0
491.0,462.0,59.0,84.0
492.0,462.0,59.0,84.0
493.0,462.0,59.0,84.0
493.0,461.0,59.0,84.0
493.0,460.0,59.0,84.0
492.0,460.0,59.0,84.0
493.0,459.0,59.0,85.0
494.0,457.0,59.0,85.0
495.0,458.0,59.0,85.0
494.0,457.0,59.0,85.0
495.0,460.0,59.0,85.0
494.0,460.0,59.0,85.0
495.0,460.0,59.0,85.0
494.0,460.0,59.0,84.0
495.0,460.0,59.0,84.0
494.0,460.0,59.0,83.0
495.0,458.0,59.0,84.0
492.0,457.0,59.0,84.0
491.0,459.0,59.0,85.0
490.0,457.0,59.0,85.0
489.0,458.0,59.0,85.0
488.0,457.0,59.0,85.0
487.0,458.0,59.0,85.0
486.0,457.0,59.0,85.0
487.0,458.0,59.0,85.0
484.0,457.0,59.0,84.0
483.0,456.0,59.0,84.0
480.0,456.0,59.0,84.0
479.0,454.0,59.0,84.0
476.0,451.0,59.0,84.0
475.0,451.0,59.0,84.0
474.0,449.0,59.0,85.0
473.0,450.0,59.0,85.0
470.0,448.0,59.0,85.0
471.0,450.0,59.0,85.0
468.0,448.0,59.0,85.0
469.0,450.0,59.0,85.0
467.0,448.0,59.0,85.0
467.0,450.0,59.0,84.0
466.0,447.0,60.0,84.0
465.0,445.0,60.0,84.0
464.0,445.0,60.0,84.0
463.0,445.0,60.0,84.0
462.0,443.0,60.0,84.0
462.0,441.0,60.0,85.0
461.0,441.0,60.0,85.0
462.0,441.0,60.0,85.0
462.0,441.0,60.0,85.0
463.0,441.0,60.0,85.0
462.0,441.0,59.0,85.0
463.0,440.0,59.0,84.0
462.0,439.0,59.0,83.0
463.0,437.0,59.0,83.0
463.0,437.0,59.0,83.0
465.0,435.0,59.0,83.0
464.0,431.0,59.0,84.0
465.0,429.0,59.0,85.0
466.0,430.0,59.0,86.0
467.0,427.0,59.0,86.0
468.0,427.0,59.0,85.0
470.0,427.0,58.0,85.0
471.0,427.0,59.0,85.0
473.0,427.0,59.0,84.0
474.0,425.0,59.0,83.0
475.0,425.0,59.0,84.0
474.0,423.0,59.0,85.0
477.0,422.0,59.0,85.0
476.0,421.0,59.0,85.0
477.0,420.0,59.0,85.0
478.0,418.0,59.0,86.0
479.0,419.0,59.0,85.0
478.0,418.0,59.0,84.0
481.0,419.0,59.0,84.0
480.0,418.0,59.0,83.0
481.0,417.0,60.0,83.0
480.0,415.0,60.0,83.0
481.0,413.0,60.0,84.0
480.0,413.0,60.0,84.0
481.0,411.0,60.0,85.0
480.0,408.0,60.0,85.0
481.0,408.0,59.0,85.0
481.0,406.0,59.0,86.0
482.0,407.0,59.0,85.0
482.0,406.0,59.0,85.0
482.0,405.0,59.0,85.0
482.0,405.0,59.0,85.0
483.0,403.0,59.0,84.0
484.0,402.0,60.0,84.0
484.0,401.0,60.0,85.0
483.0,399.0,60.0,85.0
484.0,398.0,60.0,85.0
483.0,398.0,60.0,85.0
484.0,397.0,60.0,85.0
483.0,397.0,60.0,85.0
484.0,396.0,60.0,84.0
483.0,394.0,60.0,84.0
484.0,394.0,60.0,83.0
483.0,393.0,60.0,84.0
484.0,390.0,60.0,84.0
483.0,387.0,60.0,84.0
484.0,384.0,60.0,85.0
483.0,384.0,60.0,85.0
484.0,382.0,60.0,85.0
485.0,382.0,60.0,85.0
486.0,382.0,59.0,85.0
486.0,382.0,59.0,84.0
486.0,381.0,59.0,84.0
486.0,380.0,59.0,84.0
486.0,378.0,59.0,83.0
487.0,378.0,59.0,83.0
488.0,378.0,59.0,83.0
487.0,376.0,60.0,83.0
488.0,375.0,60.0,83.0
490.0,374.0,60.0,83.0
491.0,372.0,60.0,83.0
492.0,371.0,59.0,83.0
494.0,372.0,59.0,83.0
495.0,370.0,58.0,84.0
498.0,370.0,59.0,83.0
499.0,370.0,59.0,82.0
502.0,368.0,59.0,82.0
504.0,364.0,59.0,82.0
506.0,362.0,59.0,83.0
509.0,360.0,59.0,83.0
513.0,358.0,59.0,84.0
516.0,358.0,59.0,84.0
521.0,356.0,59.0,84.0
524.0,354.0,59.0,84.0
529.0,356.0,59.0,84.0
534.0,352.0,59.0,83.0
539.0,352.0,59.0,83.0
544.0,351.0,59.0,83.0
549.0,350.0,59.0,83.0
556.0,348.0,59.0,83.0
561.0,345.0,59.0,83.0
566.0,343.0,59.0,83.0
572.0,343.0,59.0,84.0
577.0,343.0,59.0,84.0
583.0,342.0,59.0,84.0
588.0,340.0,59.0,84.0
594.0,339.0,59.0,84.0
599.0,340.0,59.0,84.0
604.0,338.0,59.0,84.0
609.0,336.0,59.0,83.0
614.0,335.0,59.0,82.0
617.0,334.0,59.0,82.0
622.0,332.0,59.0,83.0
625.0,329.0,59.0,83.0
630.0,329.0,59.0,83.0
633.0,327.0,59.0,83.0
636.0,329.0,59.0,83.0
639.0,327.0,59.0,83.0
642.0,328.0,59.0,83.0
645.0,325.0,59.0,83.0
646.0,323.0,59.0,83.0
647.0,323.0,59.0,83.0
650.0,323.0,59.0,83.0
651.0,321.0,59.0,83.0
652.0,317.0,59.0,83.0
653.0,316.0,59.0,83.0
653.0,317.0,59.0,83.0
653.0,316.0,59.0,83.0
653.0,317.0,59.0,83.0
653.0,316.0,59.0,83.0
653.0,317.0,59.0,83.0
653.0,315.0,59.0,83.0
653.0,315.0,59.0,83.0
652.0,315.0,59.0,83.0
653.0,313.0,59.0,83.0
653.0,310.0,59.0,83.0
653.0,308.0,59.0,83.0
654.0,307.0,59.0,84.0
655.0,307.0,59.0,84.0
657.0,307.0,59.0,84.0
659.0,307.0,59.0,84.0
661.0,309.0,59.0,84.0
664.0,308.0,58.0,84.0
667.0,308.0,58.0,84.0
671.0,306.0,58.0,84.0
674.0,304.0,59.0,84.0
677.0,304.0,59.0,84.0
681.0,304.0,59.0,84.0
685.0,304.0,59.0,84.0
688.0,303.0,59.0,84.0
692.0,303.0,59.0,84.0
695.0,304.0,58.0,84.0
699.0,304.0,58.0,84.0
703.0,305.0,58.0,84.0
708.0,304.0,58.0,84.0
711.0,305.0,58.0,84.0
714.0,303.0,58.0,84.0
717.0,303.0,58.0,84.0
719.0,303.0,58.0,84.0
722.0,301.0,58.0,84.0
725.0,300.0,58.0,84.0
726.0,301.0,58.0,84.0
729.0,300.0,58.0,84.0
731.0,302.0,58.0,84.0
733.0,302.0,58.0,84.0
736.0,302.0,58.0,84.0
739.0,302.0,58.0,84.0
741.0,302.0,58.0,84.0
745.0,302.0,58.0,84.0
748.0,302.0,59.0,84.0
750.0,300.0,59.0,84.0
752.0,301.0,59.0,84.0
754.0,300.0,58.0,84.0
755.0,301.0,58.0,84.0
758.0,300.0,58.0,84.0
760.0,303.0,58.0,84.0
762.0,304.0,58.0,84.0
764.0,303.0,58.0,84.0
767.0,303.0,58.0,84.0
768.0,303.0,58.0,84.0
771.0,303.0,58.0,84.0
196.0,81.0,5.0,13.0
196.0,81.0,5.0,13.0
197.0,81.0,5.0,13.0
197.0,81.0,5.0,13.0
198.0,81.0,5.0,13.0
198.0,81.0,5.0,13.0
199.0,81.0,5.0,13.0
199.0,81.0,5.0,13.0
200.0,81.0,5.0,13.0
201.0,81.0,5.0,13.0
201.0,81.0,5.0,13.0
202.0,81.0,5.0,13.0
202.0,81.0,5.0,13.0
203.0,81.0,5.0,13.0
203.0,81.0,5.0,13.0
204.0,81.0,5.0,13.0
204.0,81.0,5.0,13.0
205.0,81.0,5.0,13.0
206.0,81.0,5.0,13.0
206.0,81.0,5.0,13.0
207.0,81.0,5.0,13.0
208.0,81.0,5.0,13.0
208.0,81.0,5.0,13.0
209.0,81.0,5.0,14.0
209.0,80.0,5.0,14.0
210.0,80.0,5.0,14.0
210.0,80.0,5.0,14.0
211.0,80.0,5.0,14.0
211.0,80.0,5.0,14.0
212.0,81.0,5.0,14.0
212.0,81.0,5.0,14.0
213.0,81.0,5.0,14.0
213.0,81.0,5.0,14.0
213.0,81.0,5.0,14.0
213.0,80.0,5.0,14.0
214.0,80.0,5.0,14.0
214.0,80.0,5.0,14.0
214.0,80.0,5.0,14.0
214.0,80.0,5.0,14.0
215.0,80.0,5.0,14.0
215.0,80.0,5.0,14.0
216.0,80.0,5.0,14.0
216.0,80.0,5.0,14.0
217.0,80.0,5.0,14.0
217.0,80.0,5.0,14.0
217.0,80.0,5.0,14.0
218.0,80.0,5.0,14.0
218.0,79.0,5.0,14.0
219.0,79.0,5.0,14.0
219.0,79.0,5.0,14.0
219.0,79.0,5.0,14.0
220.0,79.0,5.0,14.0
220.0,79.0,5.0,14.0
220.0,79.0,5.0,14.0
221.0,79.0,5.0,14.0
221.0,79.0,5.0,14.0
222.0,79.0,5.0,14.0
222.0,79.0,5.0,14.0
222.0,79.0,5.0,14.0
222.0,79.0,5.0,14.0
223.0,79.0,5.0,14.0
223.0,79.0,5.0,14.0
223.0,79.0,5.0,14.0
224.0,79.0,5.0,14.0
224.0,79.0,5.0,14.0
224.0,79.0,5.0,14.0
224.0,79.0,5.0,14.0
224.0,79.0,5.0,14.0
224.0,79.0,5.0,14.0
224.0,78.0,6.0,14.0
224.0,77.0,6.0,15.0
224.0,77.0,6.0,15.0
223.0,77.0,6.0,15.0
223.0,77.0,6.0,15.0
223.0,77.0,6.0,15.0
223.0,77.0,5.0,15.0
222.0,77.0,5.0,15.0
222.0,77.0,5.0,15.0
221.0,76.0,5.0,15.0
221.0,76.0,5.0,15.0
220.0,76.0,5.0,15.0
220.0,75.0,5.0,15.0
219.0,75.0,5.0,15.0
219.0,75.0,5.0,14.0
218.0,75.0,5.0,14.0
217.0,75.0,6.0,14.0
217.0,75.0,6.0,14.0
217.0,75.0,5.0,14.0
216.0,75.0,5.0,14.0
216.0,74.0,5.0,14.0
215.0,74.0,5.0,14.0
214.0,73.0,5.0,14.0
214.0,73.0,5.0,14.0
214.0,73.0,5.0,14.0
214.0,73.0,5.0,14.0
213.0,73.0,6.0,15.0
213.0,72.0,6.0,15.0
213.0,72.0,6.0,15.0
213.0,72.0,6.0,15.0
213.0,72.0,5.0,15.0
213.0,72.0,5.0,15.0
213.0,72.0,5.0,15.0
213.0,72.0,5.0,15.0
214.0,71.0,5.0,15.0
214.0,71.0,5.0,15.0
214.0,71.0,5.0,15.0
214.0,71.0,5.0,15.0
215.0,71.0,5.0,15.0
215.0,71.0,5.0,15.0
215.0,71.0,5.0,15.0
216.0,71.0,5.0,15.0
216.0,70.0,5.0,15.0
216.0,70.0,5.0,15.0
216.0,70.0,5.0,15.0
216.0,70.0,5.0,15.0
217.0,70.0,5.0,15.0
217.0,70.0,5.0,15.0
217.0,69.0,5.0,15.0
217.0,69.0,5.0,15.0
217.0,69.0,5.0,15.0
217.0,70.0,5.0,15.0
217.0,70.0,5.0,15.0
217.0,70.0,5.0,15.0
217.0,69.0,5.0,15.0
217.0,69.0,5.0,15.0
217.0,69.0,5.0,15.0
217.0,69.0,5.0,15.0
217.0,69.0,5.0,15.0
217.0,68.0,5.0,15.0
217.0,68.0,6.0,15.0
217.0,68.0,6.0,14.0
217.0,68.0,5.0,14.0
217.0,68.0,5.0,14.0
217.0,68.0,5.0,14.0
217.0,68.0,5.0,14.0
217.0,68.0,5.0,14.0
217.0,67.0,5.0,14.0
217.0,67.0,5.0,15.0
216.0,67.0,5.0,15.0
216.0,67.0,5.0,15.0
216.0,67.0,5.0,15.0
216.0,67.0,5.0,15.0
216.0,67.0,5.0,15.0
216.0,67.0,5.0,15.0
216.0,67.0,5.0,14.0
215.0,67.0,5.0,14.0
215.0,66.0,5.0,14.0
215.0,66.0,5.0,14.0
215.0,65.0,5.0,14.0
215.0,65.0,5.0,14.0
215.0,65.0,5.0,14.0
215.0,65.0,5.0,14.0
215.0,65.0,5.0,14.0
215.0,65.0,5.0,14.0
215.0,65.0,5.0,14.0
215.0,65.0,5.0,14.0
216.0,65.0,5.0,14.0
216.0,65.0,5.0,14.0
216.0,65.0,5.0,14.0
216.0,64.0,5.0,14.0
216.0,64.0,5.0,14.0
216.0,64.0,5.0,14.0
216.0,64.0,5.0,14.0
217.0,64.0,5.0,14.0
217.0,64.0,5.0,14.0
217.0,64.0,5.0,14.0
217.0,64.0,5.0,14.0
217.0,64.0,5.0,14.0
217.0,64.0,5.0,14.0
218.0,63.0,5.0,14.0
218.0,63.0,5.0,14.0
218.0,63.0,5.0,14.0
218.0,63.0,5.0,14.0
218.0,63.0,5.0,14.0
218.0,63.0,5.0,14.0
219.0,63.0,5.0,14.0
219.0,63.0,5.0,14.0
219.0,63.0,5.0,14.0
219.0,63.0,5.0,14.0
219.0,63.0,5.0,14.0
219.0,63.0,5.0,14.0
219.0,63.0,5.0,14.0
219.0,63.0,5.0,14.0
219.0,62.0,5.0,14.0
220.0,62.0,5.0,14.0
220.0,62.0,5.0,14.0
219.0,62.0,5.0,14.0
219.0,62.0,5.0,14.0
219.0,62.0,5.0,14.0
219.0,62.0,5.0,14.0
219.0,62.0,5.0,14.0
219.0,62.0,5.0,14.0
219.0,62.0,5.0,14.0
219.0,62.0,5.0,14.0
219.0,62.0,5.0,14.0
219.0,62.0,5.0,14.0
219.0,62.0,5.0,14.0
219.0,62.0,5.0,14.0
219.0,62.0,5.0,14.0
219.0,62.0,5.0,14.0
219.0,62.0,5.0,14.0
219.0,62.0,5.0,14.0
218.0,62.0,5.0,14.0
218.0,61.0,5.0,14.0
218.0,61.0,5.0,14.0
217.0,61.0,5.0,14.0
217.0,61.0,5.0,14.0
216.0,61.0,5.0,14.0
216.0,61.0,5.0,14.0
215.0,61.0,5.0,14.0
215.0,61.0,5.0,14.0
215.0,61.0,5.0,14.0
214.0,61.0,5.0,14.0
214.0,61.0,5.0,14.0
213.0,60.0,5.0,14.0
213.0,60.0,5.0,14.0
212.0,60.0,5.0,14.0
212.0,60.0,5.0,14.0
212.0,60.0,5.0,14.0
211.0,60.0,5.0,14.0
211.0,60.0,5.0,14.0
210.0,60.0,5.0,14.0
210.0,60.0,5.0,14.0
210.0,60.0,5.0,14.0
209.0,60.0,5.0,14.0
209.0,60.0,5.0,14.0
209.0,60.0,5.0,13.0
208.0,60.0,5.0,14.0
208.0,60.0,5.0,14.0
208.0,59.0,5.0,14.0
208.0,59.0,5.0,14.0
208.0,59.0,5.0,14.0
208.0,59.0,5.0,14.0
208.0,59.0,5.0,14.0
208.0,60.0,5.0,14.0
208.0,60.0,5.0,14.0
208.0,60.0,5.0,14.0
208.0,59.0,5.0,14.0
208.0,59.0,5.0,14.0
209.0,59.0,5.0,14.0
209.0,59.0,5.0,14.0
209.0,59.0,5.0,14.0
209.0,59.0,5.0,14.0
209.0,59.0,5.0,14.0
209.0,59.0,5.0,14.0
209.0,59.0,5.0,14.0
210.0,59.0,5.0,14.0
210.0,60.0,5.0,14.0
210.0,60.0,5.0,14.0
210.0,59.0,5.0,14.0
210.0,59.0,5.0,14.0
210.0,59.0,5.0,14.0
211.0,59.0,5.0,15.0
211.0,59.0,5.0,15.0
211.0,60.0,5.0,15.0
211.0,60.0,5.0,15.0
211.0,60.0,5.0,15.0
211.0,60.0,5.0,15.0
211.0,60.0,5.0,15.0
211.0,60.0,5.0,15.0
210.0,60.0,5.0,15.0
210.0,60.0,5.0,15.0
210.0,60.0,5.0,15.0
209.0,60.0,5.0,15.0
209.0,60.0,5.0,15.0
209.0,60.0,5.0,15.0
209.0,60.0,5.0,15.0
208.0,60.0,5.0,15.0
208.0,60.0,5.0,15.0
208.0,60.0,5.0,14.0
207.0,60.0,5.0,14.0
207.0,60.0,5.0,13.0
207.0,60.0,5.0,14.0
206.0,60.0,5.0,14.0
206.0,60.0,5.0,14.0
206.0,60.0,5.0,14.0
205.0,60.0,5.0,14.0
205.0,60.0,5.0,14.0
205.0,60.0,5.0,14.0
204.0,60.0,5.0,14.0
204.0,60.0,5.0,14.0
204.0,60.0,5.0,14.0
203.0,60.0,5.0,14.0
203.0,60.0,5.0,14.0
203.0,60.0,5.0,14.0
202.0,60.0,5.0,14.0
202.0,60.0,5.0,14.0
202.0,60.0,5.0,14.0
201.0,61.0,5.0,14.0
201.0,61.0,5.0,14.0
201.0,61.0,5.0,14.0
201.0,61.0,5.0,14.0
200.0,61.0,5.0,13.0
200.0,61.0,5.0,14.0
200.0,61.0,5.0,14.0
200.0,61.0,5.0,14.0
200.0,61.0,5.0,14.0
200.0,61.0,5.0,14.0
199.0,61.0,5.0,14.0
199.0,61.0,5.0,14.0
199.0,61.0,5.0,14.0
199.0,61.0,5.0,14.0
200.0,61.0,5.0,14.0
200.0,62.0,5.0,14.0
200.0,62.0,5.0,14.0
200.0,62.0,5.0,14.0
200.0,62.0,5.0,14.0
200.0,62.0,5.0,14.0
200.0,62.0,5.0,14.0
200.0,62.0,5.0,14.0
200.0,61.0,5.0,14.0
