751,233,51,113
749,233,53,115
748,234,52,113
747,234,53,113
747,234,53,113
745,234,54,113
743,232,55,113
743,234,54,111
742,233,55,111
739,234,54,111
740,237,52,105
736,237,51,104
736,237,50,102
734,238,49,102
733,237,49,102
732,238,48,101
731,237,48,101
729,238,47,99
727,237,48,101
725,236,49,102
724,236,49,103
723,236,50,103
722,236,49,102
721,238,49,102
720,236,49,102
718,236,50,103
717,235,51,105
715,233,51,107
713,237,50,105
712,234,51,107
712,236,50,105
711,236,50,105
710,236,52,109
709,236,52,110
710,235,52,110
709,235,52,110
710,234,52,109
707,233,51,108
708,234,50,105
707,234,50,105
707,234,50,105
706,234,50,105
706,235,49,103
707,238,49,101
707,238,49,101
707,238,50,102
707,239,50,102
708,240,51,102
709,240,51,102
712,241,50,100
714,241,50,100
716,242,50,101
719,242,50,101
722,241,50,101
725,240,50,101
728,239,51,103
731,239,51,103
734,238,51,103
736,237,51,105
737,236,52,107
741,236,51,105
745,236,51,104
748,234,51,104
749,234,51,104
752,234,52,105
754,234,53,105
755,233,54,107
756,234,56,108
758,234,57,109
761,234,58,109
763,234,58,109
766,235,59,109
769,235,60,108
772,234,60,110
775,233,60,110
777,234,60,111
780,232,60,112
782,231,60,113
783,232,60,113
786,231,60,113
788,231,59,113
790,230,61,116
791,230,61,118
793,230,61,118
796,230,61,118
796,231,61,118
798,231,62,118
800,233,62,117
801,234,62,116
802,233,64,118
803,233,64,118
803,233,65,118
804,233,65,118
806,233,65,118
807,232,65,118
808,232,65,118
809,232,66,121
810,233,66,121
811,234,66,121
812,234,65,120
813,234,64,120
814,234,64,120
813,234,63,117
812,233,64,119
813,233,64,119
814,235,64,117
812,234,64,117
812,233,64,117
812,234,65,116
810,235,65,116
810,236,65,115
808,237,65,115
806,238,65,115
807,238,64,115
804,239,64,115
802,240,62,113
800,240,62,113
798,241,61,112
796,241,61,112
793,241,60,112
790,238,61,114
788,239,60,114
786,237,62,117
785,237,61,117
783,235,62,119
782,235,62,119
781,236,61,119
780,236,61,119
777,238,61,119
775,239,62,119
774,242,62,118
772,243,62,118
769,244,61,115
768,246,61,114
764,246,62,115
761,246,63,115
758,248,63,115
753,247,63,115
751,249,64,115
748,248,64,114
745,248,64,114
743,247,64,114
741,246,65,117
739,245,64,117
738,244,64,118
736,243,63,118
735,244,62,117
734,245,61,117
732,245,62,117
730,248,62,117
727,248,62,117
726,250,63,117
722,250,63,117
721,250,64,117
718,251,64,117
715,252,65,117
714,252,63,114
711,253,62,114
709,253,62,114
706,252,62,114
706,252,62,114
704,251,61,114
704,250,61,114
702,249,62,116
702,249,62,116
701,249,62,118
700,249,61,116
701,251,61,116
699,252,61,118
699,252,62,118
698,252,61,118
694,253,62,118
693,252,61,118
694,253,61,116
694,251,62,118
693,252,62,118
691,251,62,118
692,252,62,118
692,253,62,118
692,252,63,120
692,253,62,120
692,255,63,120
692,256,62,120
692,256,62,118
692,256,62,118
691,257,59,114
690,259,59,114
689,259,59,113
688,259,59,114
685,258,59,114
684,260,58,113
684,259,59,114
680,258,59,114
678,255,61,116
679,257,61,116
676,254,61,118
675,254,61,118
675,253,60,118
675,254,59,117
675,255,58,117
674,255,59,119
673,256,58,119
674,257,56,116
675,258,55,116
676,258,54,113
677,259,54,113
677,258,55,114
677,258,54,112
677,259,54,112
678,259,54,112
679,259,54,111
680,259,54,111
681,259,55,111
682,259,54,110
684,259,54,109
686,259,53,107
686,259,52,105
687,256,53,107
687,255,53,107
689,253,53,107
689,253,53,105
689,251,53,107
689,249,54,107
690,248,54,107
691,247,54,107
692,248,53,107
692,248,52,107
692,248,52,107
693,249,50,105
695,249,51,105
694,248,51,105
695,247,52,105
695,247,53,105
696,247,53,106
697,245,53,105
699,244,54,107
700,244,54,107
702,242,53,107
703,240,54,108
705,239,54,108
706,238,53,107
706,236,54,108
707,235,55,110
708,235,55,110
708,234,55,110
710,235,56,110
711,236,56,110
713,236,55,109
714,237,55,108
715,235,55,107
716,235,55,107
718,234,55,107
721,234,55,107
724,233,55,107
727,234,55,106
730,234,55,106
733,235,55,106
736,235,55,106
740,235,55,106
742,233,54,106
745,233,54,106
749,232,53,106
750,232,53,106
753,232,53,107
755,231,53,107
757,231,54,107
759,230,54,107
760,231,54,107
762,232,55,107
763,232,55,107
764,232,55,107
766,233,56,107
769,233,56,107
770,233,56,107
772,233,56,107
774,233,56,107
778,233,57,107
780,233,57,107
783,233,57,107
785,233,57,107
789,233,57,107
790,234,56,107
792,233,57,108
794,233,57,109
795,232,57,110
796,232,57,110
796,233,57,110
796,232,57,110
796,233,56,110
796,234,56,111
795,235,56,111
795,236,56,111
796,237,56,111
796,237,56,112
796,238,55,112
794,239,55,112
793,240,55,112
792,241,54,112
790,242,54,111
788,241,54,111
785,240,54,111
783,241,55,111
780,241,55,111
776,243,55,111
774,242,56,111
771,242,56,111
770,240,56,111
769,241,56,111
766,240,57,111
764,241,57,111
761,242,57,111
759,241,57,111
757,242,57,110
754,241,57,110
752,242,57,110
749,241,57,110
746,240,57,111
744,239,57,111
743,238,57,111
740,238,57,111
738,237,57,111
737,238,57,111
735,238,57,111
735,238,57,111
734,238,58,111
732,238,57,111
731,238,58,111
731,239,57,111
730,239,58,111
729,239,57,111
729,239,58,113
726,238,58,113
725,239,58,113
725,238,57,111
725,239,57,111
724,238,57,112
722,238,57,112
722,237,57,112
719,238,57,112
718,238,57,112
715,238,57,112
714,237,56,110
713,237,56,110
712,236,56,110
711,236,56,110
711,235,56,110
709,234,56,112
707,234,56,112
707,234,56,112
706,234,56,112
705,234,57,112
704,233,58,114
703,232,58,113
702,233,59,113
701,233,59,113
700,233,60,113
699,232,60,113
698,232,61,113
697,233,60,112
697,235,61,112
696,235,61,112
696,235,62,113
696,235,62,111
696,235,63,113
698,232,62,112
700,232,62,113
702,230,62,114
705,227,62,115
708,225,62,117
711,223,61,117
714,222,60,118
715,221,60,118
718,221,59,118
721,221,59,118
725,220,57,116
728,221,56,116
731,222,56,116
733,222,55,115
736,223,55,115
738,225,54,115
739,224,53,115
739,224,54,115
740,225,54,116
740,227,55,116
741,227,55,117
742,227,56,118
742,226,56,118
742,227,56,118
742,226,56,118
742,225,56,118
742,226,56,118
742,224,56,118
743,224,56,118
740,223,56,118
740,224,56,118
739,223,56,119
738,223,56,119
738,223,56,119
736,223,57,122
735,221,58,123
734,220,58,123
733,220,57,123
733,222,56,122
732,222,56,122
731,221,57,122
729,222,57,121
728,222,57,121
