792.0,239.0,36.0,72.0
792.0,239.0,36.0,72.0
793.0,240.0,36.0,72.0
793.0,241.0,36.0,72.0
793.0,242.0,36.0,72.0
793.0,242.0,38.0,75.0
793.0,242.0,37.0,73.0
792.0,243.0,38.0,77.0
791.0,242.0,39.0,78.0
792.0,243.0,38.0,75.0
792.0,243.0,38.0,75.0
792.0,242.0,38.0,75.0
791.0,242.0,38.0,77.0
792.0,243.0,38.0,77.0
791.0,244.0,38.0,77.0
790.0,244.0,39.0,78.0
789.0,246.0,38.0,77.0
790.0,246.0,38.0,77.0
789.0,247.0,38.0,77.0
788.0,247.0,38.0,77.0
788.0,248.0,38.0,75.0
786.0,248.0,38.0,75.0
785.0,246.0,39.0,78.0
785.0,248.0,38.0,75.0
784.0,247.0,39.0,78.0
783.0,248.0,38.0,77.0
782.0,248.0,40.0,79.0
781.0,250.0,38.0,77.0
780.0,251.0,40.0,79.0
779.0,252.0,39.0,78.0
778.0,253.0,38.0,77.0
777.0,252.0,40.0,79.0
776.0,253.0,38.0,77.0
776.0,252.0,39.0,78.0
775.0,251.0,40.0,79.0
774.0,251.0,40.0,79.0
774.0,252.0,39.0,78.0
774.0,253.0,38.0,77.0
772.0,254.0,39.0,78.0
771.0,255.0,39.0,78.0
770.0,256.0,39.0,78.0
770.0,258.0,38.0,75.0
769.0,258.0,38.0,77.0
768.0,258.0,38.0,77.0
768.0,258.0,38.0,77.0
767.0,257.0,40.0,79.0
767.0,257.0,39.0,78.0
765.0,257.0,40.0,79.0
765.0,258.0,39.0,78.0
765.0,260.0,38.0,75.0
764.0,261.0,38.0,75.0
763.0,261.0,38.0,77.0
764.0,264.0,37.0,73.0
762.0,265.0,37.0,73.0
761.0,265.0,38.0,75.0
760.0,265.0,38.0,77.0
758.0,263.0,41.0,80.0
757.0,263.0,40.0,79.0
757.0,263.0,40.0,79.0
756.0,264.0,39.0,78.0
756.0,265.0,38.0,77.0
755.0,266.0,38.0,77.0
755.0,267.0,38.0,77.0
755.0,269.0,38.0,77.0
754.0,270.0,38.0,77.0
753.0,271.0,38.0,77.0
752.0,271.0,38.0,77.0
751.0,271.0,39.0,78.0
750.0,271.0,39.0,78.0
749.0,271.0,39.0,78.0
748.0,271.0,39.0,78.0
747.0,272.0,38.0,77.0
747.0,272.0,39.0,78.0
746.0,274.0,38.0,75.0
746.0,275.0,38.0,75.0
745.0,277.0,37.0,72.0
744.0,278.0,38.0,77.0
743.0,278.0,38.0,77.0
740.0,280.0,38.0,75.0
739.0,279.0,38.0,77.0
738.0,280.0,38.0,77.0
738.0,281.0,38.0,75.0
737.0,282.0,37.0,73.0
735.0,282.0,37.0,73.0
734.0,284.0,36.0,71.0
733.0,285.0,36.0,72.0
733.0,287.0,36.0,72.0
732.0,289.0,36.0,71.0
731.0,292.0,36.0,71.0
730.0,293.0,36.0,71.0
728.0,294.0,36.0,72.0
727.0,295.0,36.0,71.0
726.0,296.0,36.0,71.0
725.0,297.0,36.0,72.0
724.0,298.0,37.0,73.0
722.0,299.0,37.0,73.0
721.0,299.0,38.0,74.0
720.0,300.0,37.0,73.0
719.0,303.0,38.0,74.0
718.0,305.0,38.0,73.0
718.0,308.0,38.0,73.0
716.0,309.0,39.0,74.0
716.0,311.0,37.0,71.0
715.0,313.0,38.0,74.0
714.0,315.0,37.0,72.0
714.0,317.0,37.0,72.0
713.0,318.0,37.0,72.0
712.0,318.0,38.0,74.0
711.0,321.0,38.0,74.0
711.0,322.0,38.0,76.0
711.0,324.0,38.0,76.0
710.0,327.0,39.0,77.0
707.0,328.0,38.0,76.0
707.0,333.0,38.0,76.0
706.0,334.0,38.0,76.0
705.0,337.0,39.0,77.0
703.0,338.0,38.0,76.0
702.0,341.0,39.0,77.0
700.0,343.0,40.0,79.0
700.0,345.0,39.0,77.0
699.0,347.0,40.0,79.0
700.0,349.0,39.0,77.0
699.0,352.0,39.0,77.0
698.0,355.0,40.0,79.0
697.0,357.0,40.0,79.0
696.0,359.0,40.0,79.0
696.0,362.0,39.0,78.0
695.0,365.0,40.0,79.0
695.0,368.0,40.0,79.0
694.0,371.0,39.0,78.0
694.0,373.0,39.0,78.0
693.0,376.0,38.0,77.0
693.0,379.0,39.0,78.0
692.0,382.0,39.0,77.0
692.0,384.0,38.0,77.0
691.0,386.0,40.0,79.0
691.0,388.0,39.0,77.0
691.0,390.0,39.0,77.0
690.0,393.0,40.0,79.0
690.0,395.0,39.0,77.0
690.0,398.0,39.0,78.0
690.0,400.0,39.0,78.0
690.0,403.0,39.0,78.0
689.0,406.0,40.0,80.0
688.0,408.0,40.0,80.0
685.0,411.0,40.0,80.0
682.0,413.0,39.0,78.0
679.0,416.0,39.0,78.0
674.0,419.0,40.0,80.0
670.0,420.0,41.0,81.0
666.0,422.0,41.0,81.0
661.0,424.0,42.0,82.0
656.0,425.0,42.0,82.0
651.0,429.0,43.0,84.0
645.0,432.0,42.0,82.0
638.0,434.0,43.0,84.0
633.0,438.0,42.0,82.0
625.0,440.0,41.0,81.0
618.0,445.0,40.0,80.0
610.0,448.0,41.0,81.0
604.0,452.0,40.0,80.0
595.0,455.0,40.0,80.0
588.0,458.0,40.0,80.0
579.0,463.0,39.0,78.0
573.0,466.0,39.0,78.0
567.0,469.0,39.0,77.0
560.0,472.0,39.0,78.0
554.0,475.0,39.0,77.0
546.0,480.0,39.0,77.0
540.0,483.0,39.0,77.0
535.0,487.0,39.0,77.0
529.0,490.0,39.0,77.0
523.0,493.0,39.0,77.0
516.0,497.0,39.0,77.0
510.0,502.0,39.0,77.0
505.0,506.0,39.0,77.0
500.0,509.0,40.0,78.0
496.0,512.0,40.0,78.0
491.0,517.0,40.0,77.0
488.0,521.0,39.0,76.0
484.0,524.0,39.0,76.0
483.0,525.0,39.0,76.0
478.0,530.0,39.0,76.0
474.0,535.0,39.0,77.0
469.0,538.0,39.0,77.0
466.0,541.0,39.0,76.0
463.0,544.0,39.0,76.0
461.0,548.0,40.0,76.0
457.0,553.0,40.0,76.0
456.0,557.0,40.0,76.0
453.0,561.0,40.0,76.0
451.0,564.0,40.0,76.0
448.0,568.0,39.0,76.0
446.0,572.0,39.0,76.0
443.0,574.0,39.0,76.0
440.0,577.0,39.0,76.0
438.0,580.0,39.0,76.0
436.0,583.0,39.0,76.0
434.0,586.0,39.0,77.0
432.0,589.0,39.0,78.0
431.0,593.0,40.0,79.0
430.0,596.0,40.0,79.0
429.0,600.0,40.0,79.0
427.0,604.0,40.0,79.0
426.0,606.0,40.0,78.0
427.0,608.0,40.0,79.0
426.0,610.0,39.0,78.0
426.0,611.0,40.0,79.0
426.0,613.0,40.0,79.0
426.0,614.0,40.0,79.0
426.0,616.0,41.0,81.0
427.0,619.0,40.0,79.0
428.0,622.0,40.0,79.0
428.0,625.0,40.0,79.0
428.0,627.0,40.0,79.0
428.0,629.0,40.0,78.0
428.0,631.0,40.0,78.0
428.0,633.0,40.0,78.0
427.0,634.0,40.0,78.0
426.0,635.0,40.0,78.0
425.0,635.0,40.0,78.0
423.0,636.0,40.0,79.0
422.0,636.0,40.0,79.0
420.0,638.0,40.0,79.0
419.0,639.0,40.0,79.0
418.0,641.0,40.0,79.0
417.0,643.0,40.0,79.0
415.0,646.0,41.0,80.0
415.0,647.0,40.0,78.0
414.0,648.0,40.0,78.0
412.0,647.0,40.0,78.0
411.0,647.0,41.0,80.0
410.0,647.0,41.0,80.0
408.0,647.0,41.0,80.0
408.0,647.0,40.0,78.0
407.0,647.0,40.0,78.0
407.0,647.0,40.0,78.0
406.0,648.0,40.0,78.0
406.0,649.0,39.0,77.0
407.0,650.0,39.0,77.0
406.0,650.0,39.0,77.0
406.0,650.0,39.0,77.0
406.0,650.0,39.0,77.0
405.0,649.0,39.0,76.0
405.0,647.0,40.0,77.0
404.0,646.0,39.0,77.0
404.0,644.0,39.0,77.0
403.0,644.0,39.0,78.0
403.0,644.0,39.0,78.0
402.0,643.0,40.0,79.0
402.0,643.0,39.0,78.0
403.0,642.0,39.0,78.0
403.0,642.0,39.0,77.0
402.0,640.0,40.0,78.0
402.0,639.0,39.0,77.0
402.0,638.0,39.0,76.0
402.0,636.0,39.0,77.0
402.0,633.0,40.0,78.0
401.0,631.0,40.0,79.0
401.0,630.0,40.0,79.0
400.0,629.0,40.0,79.0
400.0,629.0,39.0,78.0
401.0,629.0,39.0,78.0
400.0,629.0,39.0,77.0
399.0,628.0,39.0,77.0
398.0,626.0,39.0,77.0
396.0,624.0,39.0,77.0
394.0,621.0,40.0,77.0
393.0,618.0,40.0,78.0
392.0,616.0,40.0,79.0
391.0,615.0,40.0,79.0
390.0,614.0,40.0,79.0
389.0,613.0,40.0,79.0
389.0,612.0,40.0,79.0
389.0,611.0,40.0,79.0
388.0,610.0,40.0,78.0
388.0,609.0,40.0,78.0
389.0,607.0,40.0,78.0
389.0,603.0,40.0,78.0
389.0,601.0,40.0,78.0
389.0,598.0,40.0,78.0
390.0,595.0,39.0,78.0
392.0,593.0,39.0,78.0
394.0,591.0,39.0,78.0
395.0,590.0,39.0,78.0
396.0,588.0,40.0,79.0
397.0,587.0,39.0,78.0
399.0,586.0,40.0,78.0
400.0,584.0,39.0,77.0
402.0,583.0,39.0,77.0
402.0,579.0,39.0,77.0
403.0,576.0,39.0,77.0
404.0,573.0,39.0,77.0
406.0,571.0,39.0,76.0
51.0,72.0,4.0,8.0
396.0,561.0,40.0,72.0
398.0,559.0,39.0,71.0
400.0,559.0,39.0,69.0
400.0,558.0,39.0,71.0
401.0,555.0,41.0,73.0
401.0,555.0,42.0,74.0
401.0,553.0,44.0,76.0
402.0,552.0,43.0,75.0
402.0,551.0,41.0,72.0
402.0,548.0,41.0,72.0
403.0,546.0,40.0,71.0
404.0,544.0,39.0,68.0
404.0,541.0,39.0,68.0
403.0,538.0,39.0,69.0
402.0,537.0,39.0,71.0
400.0,535.0,39.0,68.0
400.0,533.0,39.0,71.0
398.0,533.0,40.0,71.0
396.0,533.0,39.0,69.0
394.0,533.0,39.0,70.0
391.0,532.0,40.0,71.0
389.0,531.0,40.0,71.0
387.0,530.0,40.0,70.0
382.0,527.0,41.0,72.0
380.0,527.0,40.0,71.0
377.0,525.0,39.0,68.0
375.0,524.0,38.0,66.0
373.0,523.0,39.0,68.0
369.0,521.0,38.0,66.0
367.0,521.0,38.0,66.0
364.0,520.0,39.0,68.0
361.0,519.0,38.0,66.0
360.0,519.0,39.0,68.0
356.0,520.0,38.0,66.0
354.0,520.0,39.0,68.0
351.0,520.0,39.0,68.0
349.0,520.0,39.0,68.0
347.0,518.0,39.0,69.0
343.0,514.0,40.0,70.0
341.0,512.0,41.0,72.0
341.0,511.0,40.0,70.0
339.0,509.0,39.0,68.0
339.0,507.0,38.0,66.0
338.0,506.0,37.0,65.0
337.0,506.0,37.0,64.0
336.0,504.0,37.0,65.0
334.0,503.0,38.0,66.0
332.0,501.0,39.0,68.0
331.0,501.0,39.0,68.0
330.0,501.0,39.0,68.0
328.0,499.0,40.0,71.0
328.0,499.0,39.0,69.0
328.0,497.0,39.0,67.0
328.0,495.0,39.0,66.0
328.0,494.0,39.0,67.0
327.0,490.0,39.0,69.0
328.0,489.0,39.0,68.0
329.0,488.0,38.0,65.0
329.0,486.0,39.0,67.0
329.0,485.0,38.0,66.0
329.0,485.0,38.0,66.0
328.0,484.0,39.0,68.0
328.0,483.0,39.0,68.0
326.0,483.0,39.0,70.0
324.0,482.0,39.0,70.0
325.0,481.0,39.0,67.0
322.0,479.0,39.0,68.0
322.0,478.0,38.0,65.0
321.0,476.0,38.0,65.0
320.0,474.0,38.0,65.0
317.0,472.0,38.0,67.0
316.0,472.0,36.0,65.0
313.0,471.0,37.0,66.0
309.0,470.0,37.0,66.0
307.0,470.0,38.0,68.0
303.0,470.0,38.0,67.0
299.0,470.0,38.0,67.0
295.0,470.0,38.0,67.0
288.0,469.0,39.0,68.0
284.0,468.0,39.0,69.0
278.0,467.0,40.0,70.0
272.0,466.0,40.0,70.0
268.0,466.0,39.0,70.0
261.0,466.0,39.0,70.0
257.0,467.0,39.0,70.0
252.0,467.0,39.0,70.0
247.0,468.0,39.0,70.0
243.0,470.0,39.0,68.0
237.0,471.0,39.0,68.0
233.0,469.0,39.0,70.0
229.0,469.0,39.0,68.0
226.0,468.0,38.0,67.0
223.0,467.0,38.0,67.0
219.0,465.0,38.0,67.0
216.0,465.0,37.0,64.0
215.0,464.0,38.0,67.0
211.0,463.0,38.0,67.0
209.0,463.0,38.0,67.0
207.0,463.0,38.0,67.0
205.0,463.0,39.0,70.0
202.0,462.0,40.0,71.0
200.0,461.0,40.0,70.0
199.0,460.0,40.0,71.0
194.0,458.0,41.0,72.0
192.0,456.0,43.0,75.0
190.0,455.0,42.0,73.0
189.0,455.0,42.0,73.0
187.0,454.0,42.0,73.0
186.0,453.0,43.0,75.0
186.0,452.0,43.0,75.0
186.0,452.0,41.0,73.0
187.0,452.0,41.0,72.0
188.0,451.0,41.0,72.0
189.0,450.0,41.0,72.0
190.0,448.0,40.0,70.0
191.0,446.0,38.0,67.0
193.0,444.0,38.0,67.0
194.0,442.0,36.0,64.0
195.0,441.0,36.0,64.0
194.0,439.0,38.0,67.0
194.0,439.0,36.0,64.0
193.0,438.0,38.0,67.0
192.0,438.0,37.0,65.0
191.0,441.0,36.0,63.0
188.0,438.0,38.0,67.0
184.0,436.0,39.0,70.0
182.0,436.0,39.0,70.0
180.0,435.0,39.0,70.0
176.0,433.0,39.0,70.0
174.0,432.0,39.0,70.0
171.0,433.0,38.0,67.0
170.0,433.0,38.0,67.0
167.0,434.0,37.0,65.0
163.0,434.0,39.0,68.0
159.0,434.0,39.0,68.0
156.0,435.0,38.0,67.0
153.0,435.0,36.0,64.0
150.0,435.0,37.0,65.0
145.0,433.0,38.0,67.0
143.0,432.0,37.0,65.0
141.0,430.0,38.0,67.0
138.0,428.0,39.0,68.0
138.0,429.0,37.0,65.0
136.0,427.0,39.0,67.0
136.0,428.0,37.0,65.0
135.0,427.0,38.0,67.0
135.0,427.0,37.0,65.0
136.0,426.0,39.0,68.0
135.0,424.0,39.0,70.0
137.0,423.0,38.0,67.0
136.0,421.0,39.0,68.0
137.0,419.0,39.0,68.0
138.0,418.0,37.0,65.0
140.0,416.0,38.0,67.0
141.0,414.0,37.0,65.0
141.0,413.0,39.0,68.0
140.0,411.0,39.0,69.0
143.0,411.0,39.0,68.0
144.0,409.0,39.0,69.0
145.0,410.0,38.0,67.0
146.0,408.0,39.0,68.0
149.0,407.0,37.0,65.0
150.0,407.0,36.0,64.0
153.0,402.0,36.0,65.0
152.0,400.0,37.0,66.0
151.0,397.0,39.0,68.0
152.0,395.0,39.0,68.0
153.0,395.0,37.0,66.0
152.0,393.0,39.0,68.0
153.0,392.0,39.0,68.0
153.0,393.0,37.0,66.0
153.0,392.0,39.0,68.0
150.0,392.0,39.0,68.0
149.0,390.0,39.0,70.0
148.0,388.0,40.0,71.0
146.0,387.0,39.0,70.0
144.0,386.0,40.0,71.0
142.0,384.0,40.0,72.0
142.0,383.0,40.0,72.0
139.0,383.0,40.0,72.0
140.0,384.0,39.0,70.0
137.0,385.0,39.0,68.0
136.0,385.0,39.0,70.0
133.0,385.0,39.0,68.0
132.0,385.0,39.0,68.0
130.0,384.0,39.0,68.0
129.0,383.0,39.0,70.0
128.0,380.0,41.0,72.0
127.0,378.0,40.0,71.0
127.0,377.0,40.0,71.0
127.0,375.0,41.0,72.0
128.0,374.0,41.0,72.0
127.0,372.0,42.0,75.0
128.0,372.0,41.0,72.0
130.0,372.0,42.0,73.0
131.0,370.0,42.0,73.0
132.0,369.0,42.0,75.0
134.0,367.0,42.0,75.0
137.0,364.0,42.0,73.0
141.0,362.0,42.0,73.0
142.0,360.0,43.0,75.0
146.0,358.0,41.0,72.0
149.0,356.0,42.0,73.0
153.0,355.0,42.0,73.0
157.0,354.0,42.0,73.0
161.0,353.0,41.0,73.0
164.0,351.0,42.0,74.0
168.0,351.0,39.0,70.0
173.0,350.0,39.0,67.0
178.0,349.0,37.0,65.0
181.0,345.0,39.0,69.0
184.0,343.0,38.0,66.0
188.0,340.0,38.0,66.0
192.0,337.0,38.0,66.0
197.0,336.0,36.0,64.0
200.0,333.0,39.0,67.0
204.0,331.0,39.0,67.0
209.0,331.0,37.0,65.0
214.0,330.0,39.0,67.0
217.0,327.0,39.0,69.0
221.0,326.0,39.0,67.0
225.0,325.0,39.0,67.0
227.0,322.0,40.0,70.0
232.0,319.0,39.0,67.0
236.0,318.0,38.0,66.0
240.0,316.0,39.0,67.0
244.0,314.0,39.0,67.0
247.0,313.0,39.0,67.0
252.0,313.0,39.0,67.0
254.0,311.0,39.0,70.0
256.0,310.0,38.0,69.0
258.0,310.0,37.0,66.0
260.0,308.0,38.0,69.0
262.0,307.0,36.0,65.0
262.0,306.0,38.0,67.0
261.0,304.0,38.0,67.0
261.0,301.0,38.0,69.0
260.0,301.0,38.0,67.0
257.0,301.0,38.0,67.0
255.0,300.0,38.0,67.0
252.0,301.0,37.0,66.0
247.0,301.0,38.0,67.0
243.0,301.0,38.0,67.0
236.0,303.0,37.0,66.0
230.0,302.0,38.0,69.0
225.0,302.0,39.0,70.0
218.0,302.0,39.0,70.0
212.0,302.0,39.0,70.0
204.0,302.0,39.0,70.0
198.0,303.0,38.0,69.0
193.0,304.0,39.0,67.0
186.0,305.0,39.0,67.0
182.0,307.0,37.0,65.0
175.0,308.0,38.0,69.0
170.0,308.0,38.0,69.0
166.0,309.0,38.0,67.0
162.0,309.0,38.0,67.0
157.0,307.0,39.0,70.0
154.0,305.0,40.0,72.0
152.0,305.0,40.0,72.0
150.0,302.0,42.0,74.0
150.0,302.0,41.0,72.0
150.0,301.0,41.0,73.0
151.0,301.0,41.0,73.0
153.0,300.0,41.0,73.0
156.0,300.0,40.0,72.0
159.0,300.0,39.0,70.0
160.0,299.0,40.0,72.0
164.0,295.0,42.0,74.0
167.0,293.0,40.0,72.0
171.0,291.0,42.0,74.0
171.0,288.0,43.0,75.0
175.0,288.0,42.0,74.0
180.0,287.0,40.0,72.0
184.0,287.0,39.0,70.0
187.0,287.0,38.0,69.0
190.0,287.0,38.0,67.0
193.0,285.0,39.0,70.0
198.0,283.0,38.0,67.0
199.0,282.0,38.0,69.0
203.0,279.0,38.0,69.0
207.0,278.0,37.0,66.0
210.0,276.0,37.0,66.0
213.0,274.0,39.0,69.0
216.0,273.0,39.0,69.0
219.0,272.0,39.0,69.0
223.0,272.0,38.0,67.0
226.0,271.0,38.0,69.0
229.0,269.0,38.0,69.0
231.0,268.0,38.0,69.0
235.0,268.0,38.0,67.0
236.0,265.0,38.0,69.0
240.0,263.0,38.0,69.0
242.0,261.0,38.0,67.0
246.0,261.0,38.0,67.0
248.0,260.0,38.0,67.0
249.0,258.0,38.0,69.0
251.0,257.0,38.0,69.0
253.0,257.0,38.0,67.0
255.0,259.0,35.0,64.0
256.0,258.0,36.0,65.0
256.0,257.0,37.0,66.0
256.0,255.0,38.0,67.0
256.0,254.0,36.0,65.0
256.0,253.0,36.0,65.0
255.0,251.0,38.0,67.0
255.0,251.0,37.0,65.0
254.0,250.0,37.0,66.0
253.0,250.0,37.0,66.0
250.0,249.0,38.0,67.0
250.0,250.0,37.0,66.0
248.0,251.0,36.0,65.0
245.0,251.0,37.0,67.0
243.0,250.0,38.0,67.0
242.0,249.0,38.0,69.0
239.0,247.0,39.0,70.0
238.0,246.0,39.0,70.0
237.0,246.0,39.0,69.0
234.0,245.0,40.0,70.0
234.0,246.0,39.0,68.0
234.0,247.0,38.0,67.0
231.0,247.0,39.0,68.0
232.0,247.0,38.0,67.0
231.0,248.0,37.0,65.0
231.0,248.0,37.0,65.0
229.0,247.0,37.0,67.0
228.0,246.0,37.0,67.0
228.0,245.0,37.0,65.0
228.0,244.0,37.0,65.0
228.0,243.0,37.0,65.0
228.0,241.0,38.0,68.0
228.0,241.0,37.0,67.0
229.0,241.0,37.0,65.0
230.0,241.0,37.0,65.0
230.0,240.0,38.0,68.0
230.0,239.0,38.0,69.0
231.0,239.0,38.0,68.0
230.0,238.0,39.0,70.0
231.0,237.0,39.0,70.0
232.0,236.0,38.0,69.0
232.0,235.0,39.0,69.0
232.0,234.0,40.0,70.0
233.0,234.0,39.0,68.0
233.0,233.0,39.0,68.0
233.0,233.0,39.0,68.0
233.0,233.0,39.0,68.0
233.0,234.0,38.0,67.0
233.0,234.0,38.0,67.0
232.0,234.0,38.0,67.0
231.0,234.0,37.0,65.0
229.0,232.0,38.0,68.0
228.0,232.0,36.0,65.0
228.0,231.0,36.0,65.0
226.0,231.0,36.0,63.0
226.0,230.0,36.0,63.0
224.0,230.0,35.0,62.0
223.0,231.0,34.0,61.0
221.0,230.0,35.0,62.0
221.0,232.0,34.0,61.0
219.0,232.0,34.0,62.0
217.0,232.0,33.0,60.0
215.0,232.0,33.0,60.0
214.0,232.0,33.0,60.0
210.0,231.0,35.0,62.0
209.0,230.0,36.0,64.0
206.0,229.0,38.0,67.0
204.0,228.0,37.0,65.0
204.0,228.0,37.0,65.0
202.0,226.0,39.0,69.0
200.0,228.0,39.0,68.0
200.0,228.0,38.0,67.0
200.0,229.0,38.0,67.0
201.0,230.0,36.0,64.0
201.0,231.0,36.0,63.0
201.0,229.0,35.0,64.0
201.0,229.0,35.0,64.0
199.0,226.0,38.0,68.0
199.0,222.0,39.0,70.0
199.0,222.0,40.0,72.0
200.0,220.0,42.0,75.0
200.0,219.0,43.0,76.0
201.0,218.0,44.0,77.0
202.0,218.0,44.0,77.0
202.0,217.0,44.0,78.0
204.0,217.0,44.0,78.0
205.0,216.0,45.0,80.0
205.0,215.0,46.0,82.0
206.0,214.0,47.0,83.0
207.0,213.0,47.0,83.0
210.0,211.0,46.0,82.0
212.0,211.0,46.0,82.0
213.0,210.0,46.0,82.0
216.0,211.0,45.0,80.0
220.0,210.0,45.0,80.0
222.0,211.0,45.0,78.0
225.0,210.0,46.0,80.0
226.0,211.0,45.0,78.0
229.0,210.0,44.0,78.0
231.0,209.0,45.0,80.0
233.0,208.0,44.0,78.0
236.0,207.0,44.0,78.0
236.0,205.0,46.0,82.0
238.0,203.0,47.0,83.0
240.0,202.0,46.0,82.0
244.0,202.0,47.0,83.0
245.0,202.0,46.0,82.0
248.0,202.0,46.0,82.0
250.0,202.0,46.0,82.0
253.0,202.0,46.0,82.0
255.0,202.0,45.0,80.0
257.0,200.0,46.0,82.0
259.0,199.0,46.0,82.0
261.0,199.0,45.0,80.0
264.0,197.0,45.0,78.0
267.0,197.0,44.0,77.0
269.0,197.0,43.0,76.0
272.0,197.0,44.0,77.0
272.0,196.0,45.0,78.0
275.0,197.0,44.0,77.0
277.0,197.0,42.0,74.0
280.0,198.0,41.0,73.0
281.0,197.0,42.0,74.0
281.0,197.0,42.0,75.0
282.0,196.0,42.0,75.0
282.0,194.0,44.0,78.0
281.0,192.0,46.0,81.0
281.0,191.0,47.0,82.0
282.0,192.0,45.0,80.0
281.0,192.0,46.0,81.0
281.0,192.0,46.0,81.0
282.0,193.0,46.0,81.0
280.0,193.0,46.0,81.0
281.0,193.0,45.0,80.0
279.0,194.0,43.0,77.0
277.0,194.0,43.0,77.0
277.0,194.0,43.0,77.0
274.0,193.0,44.0,78.0
274.0,193.0,45.0,78.0
272.0,192.0,45.0,78.0
271.0,193.0,44.0,77.0
270.0,193.0,44.0,77.0
269.0,194.0,43.0,75.0
270.0,196.0,42.0,74.0
267.0,196.0,42.0,74.0
35.0,26.0,2.0,6.0
274.0,203.0,42.0,66.0
274.0,203.0,42.0,67.0
273.0,201.0,44.0,70.0
273.0,199.0,45.0,71.0
274.0,199.0,44.0,68.0
275.0,198.0,45.0,70.0
276.0,198.0,43.0,67.0
276.0,195.0,47.0,71.0
279.0,199.0,47.0,73.0
282.0,198.0,46.0,71.0
284.0,198.0,45.0,71.0
286.0,197.0,45.0,71.0
288.0,198.0,43.0,68.0
290.0,198.0,42.0,67.0
292.0,198.0,42.0,65.0
292.0,196.0,44.0,68.0
294.0,196.0,42.0,66.0
295.0,195.0,42.0,66.0
296.0,195.0,42.0,66.0
298.0,195.0,41.0,65.0
300.0,196.0,40.0,64.0
300.0,197.0,40.0,64.0
301.0,197.0,40.0,64.0
302.0,197.0,40.0,64.0
301.0,197.0,41.0,65.0
301.0,196.0,42.0,66.0
300.0,194.0,44.0,70.0
299.0,193.0,45.0,71.0
299.0,193.0,44.0,70.0
297.0,193.0,44.0,70.0
296.0,193.0,45.0,71.0
296.0,193.0,45.0,71.0
296.0,195.0,44.0,70.0
294.0,197.0,44.0,70.0
293.0,197.0,44.0,70.0
293.0,197.0,44.0,70.0
291.0,196.0,45.0,71.0
290.0,196.0,46.0,72.0
288.0,195.0,47.0,73.0
285.0,191.0,50.0,78.0
286.0,193.0,48.0,75.0
287.0,195.0,46.0,72.0
287.0,197.0,45.0,70.0
287.0,197.0,45.0,70.0
287.0,198.0,44.0,68.0
287.0,199.0,44.0,70.0
288.0,199.0,43.0,68.0
287.0,199.0,45.0,71.0
288.0,199.0,46.0,72.0
287.0,198.0,47.0,73.0
286.0,197.0,48.0,75.0
287.0,197.0,46.0,72.0
288.0,197.0,47.0,72.0
290.0,196.0,46.0,71.0
290.0,197.0,45.0,70.0
291.0,197.0,45.0,70.0
294.0,201.0,44.0,70.0
293.0,199.0,46.0,72.0
294.0,196.0,47.0,75.0
296.0,199.0,47.0,73.0
296.0,197.0,48.0,75.0
297.0,197.0,48.0,75.0
300.0,197.0,46.0,72.0
300.0,196.0,46.0,72.0
302.0,198.0,45.0,71.0
305.0,198.0,46.0,72.0
307.0,199.0,44.0,70.0
307.0,200.0,44.0,70.0
309.0,199.0,45.0,71.0
311.0,200.0,45.0,71.0
312.0,201.0,44.0,70.0
313.0,202.0,44.0,70.0
315.0,202.0,42.0,67.0
315.0,202.0,43.0,68.0
316.0,201.0,43.0,68.0
316.0,201.0,44.0,68.0
317.0,199.0,44.0,68.0
317.0,201.0,44.0,68.0
319.0,201.0,43.0,67.0
320.0,202.0,43.0,68.0
319.0,203.0,44.0,70.0
320.0,203.0,43.0,68.0
321.0,203.0,44.0,70.0
321.0,203.0,44.0,70.0
321.0,204.0,44.0,70.0
322.0,203.0,43.0,68.0
322.0,203.0,44.0,68.0
323.0,202.0,44.0,68.0
324.0,202.0,43.0,67.0
325.0,203.0,43.0,67.0
325.0,204.0,43.0,67.0
324.0,203.0,44.0,68.0
327.0,205.0,44.0,68.0
327.0,206.0,44.0,68.0
328.0,206.0,44.0,70.0
329.0,205.0,44.0,70.0
330.0,205.0,44.0,68.0
331.0,205.0,44.0,68.0
332.0,204.0,44.0,70.0
333.0,202.0,45.0,71.0
334.0,204.0,45.0,71.0
334.0,204.0,45.0,71.0
335.0,204.0,45.0,71.0
336.0,205.0,45.0,71.0
337.0,207.0,44.0,70.0
337.0,207.0,45.0,71.0
338.0,207.0,44.0,70.0
338.0,207.0,44.0,70.0
339.0,207.0,44.0,70.0
339.0,206.0,44.0,70.0
339.0,206.0,44.0,70.0
340.0,207.0,44.0,68.0
341.0,208.0,44.0,68.0
341.0,209.0,44.0,68.0
341.0,209.0,45.0,70.0
342.0,210.0,44.0,68.0
342.0,211.0,43.0,67.0
343.0,212.0,44.0,68.0
343.0,212.0,44.0,68.0
342.0,212.0,44.0,70.0
342.0,210.0,45.0,71.0
343.0,210.0,44.0,70.0
343.0,210.0,45.0,71.0
342.0,210.0,45.0,71.0
343.0,210.0,44.0,70.0
342.0,211.0,44.0,70.0
343.0,212.0,44.0,68.0
342.0,212.0,45.0,71.0
343.0,214.0,45.0,71.0
342.0,214.0,46.0,72.0
343.0,214.0,46.0,72.0
342.0,214.0,46.0,72.0
342.0,214.0,47.0,74.0
341.0,213.0,47.0,74.0
341.0,214.0,46.0,72.0
342.0,215.0,45.0,71.0
341.0,215.0,46.0,72.0
341.0,216.0,46.0,72.0
340.0,217.0,47.0,72.0
340.0,218.0,47.0,72.0
340.0,219.0,46.0,72.0
340.0,220.0,46.0,72.0
340.0,220.0,47.0,74.0
340.0,219.0,46.0,72.0
341.0,220.0,46.0,72.0
340.0,219.0,48.0,75.0
341.0,219.0,47.0,74.0
341.0,219.0,47.0,74.0
340.0,217.0,49.0,76.0
342.0,220.0,47.0,74.0
343.0,221.0,46.0,72.0
344.0,222.0,46.0,72.0
346.0,223.0,46.0,72.0
347.0,224.0,45.0,71.0
348.0,225.0,45.0,71.0
349.0,225.0,45.0,71.0
348.0,226.0,46.0,72.0
349.0,227.0,45.0,71.0
349.0,227.0,46.0,72.0
349.0,227.0,46.0,72.0
350.0,228.0,46.0,71.0
350.0,228.0,46.0,72.0
351.0,229.0,46.0,72.0
352.0,230.0,46.0,72.0
353.0,231.0,45.0,71.0
353.0,233.0,45.0,71.0
353.0,234.0,45.0,71.0
354.0,234.0,46.0,72.0
353.0,233.0,48.0,76.0
353.0,233.0,48.0,76.0
353.0,234.0,49.0,76.0
351.0,233.0,50.0,78.0
352.0,234.0,49.0,76.0
351.0,237.0,48.0,76.0
350.0,238.0,49.0,77.0
349.0,238.0,49.0,77.0
349.0,239.0,49.0,77.0
348.0,240.0,49.0,77.0
347.0,241.0,49.0,77.0
347.0,242.0,49.0,77.0
346.0,242.0,50.0,78.0
346.0,242.0,50.0,78.0
345.0,243.0,50.0,78.0
344.0,243.0,51.0,79.0
343.0,244.0,50.0,79.0
343.0,244.0,51.0,81.0
341.0,243.0,52.0,83.0
341.0,244.0,51.0,81.0
341.0,245.0,51.0,79.0
340.0,246.0,52.0,81.0
340.0,246.0,51.0,79.0
43.0,32.0,3.0,7.0
350.0,260.0,32.0,60.0
350.0,262.0,32.0,59.0
350.0,262.0,32.0,60.0
350.0,263.0,32.0,60.0
349.0,262.0,34.0,62.0
350.0,264.0,32.0,59.0
351.0,266.0,31.0,56.0
349.0,265.0,31.0,57.0
350.0,267.0,29.0,54.0
348.0,267.0,30.0,55.0
348.0,266.0,32.0,57.0
347.0,268.0,31.0,57.0
346.0,268.0,32.0,57.0
347.0,269.0,31.0,57.0
346.0,270.0,31.0,57.0
346.0,270.0,32.0,57.0
346.0,271.0,32.0,57.0
346.0,271.0,32.0,57.0
346.0,272.0,33.0,59.0
347.0,272.0,33.0,59.0
347.0,272.0,32.0,59.0
347.0,271.0,32.0,60.0
346.0,271.0,33.0,61.0
346.0,272.0,32.0,59.0
346.0,274.0,31.0,58.0
345.0,274.0,32.0,60.0
345.0,274.0,32.0,58.0
346.0,275.0,32.0,58.0
346.0,275.0,32.0,58.0
346.0,276.0,31.0,57.0
346.0,276.0,31.0,57.0
345.0,277.0,31.0,58.0
346.0,277.0,31.0,58.0
347.0,277.0,31.0,58.0
347.0,278.0,32.0,58.0
347.0,277.0,32.0,60.0
346.0,279.0,32.0,58.0
345.0,278.0,32.0,60.0
345.0,278.0,32.0,60.0
345.0,279.0,32.0,60.0
345.0,279.0,32.0,58.0
345.0,279.0,31.0,57.0
343.0,277.0,32.0,60.0
343.0,278.0,32.0,60.0
343.0,279.0,32.0,60.0
342.0,280.0,32.0,60.0
343.0,279.0,32.0,60.0
343.0,281.0,31.0,58.0
343.0,281.0,31.0,57.0
342.0,281.0,31.0,57.0
343.0,281.0,30.0,57.0
341.0,281.0,30.0,57.0
340.0,280.0,31.0,58.0
341.0,280.0,32.0,58.0
340.0,278.0,33.0,59.0
340.0,278.0,33.0,59.0
340.0,278.0,33.0,59.0
340.0,279.0,33.0,59.0
341.0,280.0,32.0,59.0
341.0,280.0,32.0,59.0
341.0,280.0,32.0,59.0
341.0,281.0,32.0,59.0
342.0,281.0,32.0,59.0
341.0,281.0,32.0,59.0
340.0,281.0,32.0,60.0
339.0,280.0,32.0,61.0
339.0,279.0,33.0,61.0
338.0,278.0,33.0,61.0
337.0,277.0,33.0,61.0
336.0,278.0,33.0,61.0
336.0,277.0,34.0,61.0
335.0,276.0,34.0,62.0
336.0,276.0,34.0,62.0
336.0,277.0,34.0,62.0
337.0,277.0,34.0,62.0
337.0,277.0,34.0,62.0
336.0,277.0,34.0,61.0
336.0,277.0,33.0,61.0
336.0,277.0,34.0,62.0
336.0,276.0,34.0,62.0
335.0,275.0,35.0,64.0
336.0,275.0,35.0,64.0
336.0,275.0,35.0,63.0
337.0,275.0,35.0,62.0
338.0,276.0,34.0,61.0
339.0,276.0,33.0,61.0
339.0,276.0,34.0,62.0
339.0,277.0,34.0,62.0
339.0,277.0,34.0,62.0
339.0,278.0,34.0,62.0
339.0,277.0,34.0,62.0
339.0,276.0,34.0,62.0
339.0,274.0,34.0,62.0
339.0,273.0,34.0,62.0
339.0,273.0,34.0,63.0
339.0,272.0,34.0,63.0
338.0,272.0,34.0,63.0
338.0,271.0,34.0,63.0
337.0,272.0,34.0,63.0
337.0,272.0,34.0,62.0
337.0,272.0,34.0,62.0
336.0,272.0,34.0,62.0
335.0,273.0,34.0,62.0
335.0,272.0,34.0,62.0
335.0,272.0,34.0,62.0
335.0,270.0,34.0,62.0
336.0,270.0,34.0,62.0
340.0,268.0,33.0,62.0
343.0,267.0,33.0,62.0
347.0,266.0,33.0,62.0
353.0,265.0,33.0,62.0
362.0,264.0,33.0,62.0
369.0,265.0,33.0,62.0
377.0,265.0,33.0,62.0
382.0,264.0,33.0,62.0
389.0,263.0,33.0,62.0
396.0,261.0,33.0,62.0
403.0,261.0,33.0,62.0
410.0,259.0,33.0,62.0
417.0,259.0,34.0,62.0
423.0,255.0,34.0,62.0
434.0,255.0,34.0,62.0
442.0,255.0,34.0,62.0
451.0,255.0,33.0,61.0
458.0,254.0,33.0,61.0
467.0,253.0,33.0,61.0
477.0,253.0,33.0,61.0
485.0,252.0,33.0,61.0
493.0,251.0,33.0,61.0
499.0,250.0,33.0,61.0
505.0,249.0,33.0,61.0
513.0,249.0,33.0,61.0
518.0,248.0,33.0,61.0
523.0,248.0,32.0,60.0
529.0,248.0,32.0,60.0
533.0,247.0,32.0,60.0
539.0,249.0,32.0,59.0
542.0,249.0,32.0,59.0
546.0,249.0,32.0,59.0
550.0,249.0,32.0,59.0
553.0,250.0,32.0,59.0
555.0,249.0,32.0,59.0
556.0,249.0,32.0,59.0
558.0,249.0,32.0,59.0
558.0,249.0,32.0,59.0
558.0,249.0,32.0,59.0
559.0,250.0,32.0,59.0
558.0,250.0,32.0,59.0
558.0,250.0,32.0,59.0
559.0,250.0,32.0,59.0
560.0,251.0,32.0,59.0
560.0,252.0,32.0,59.0
560.0,252.0,32.0,59.0
561.0,252.0,32.0,59.0
561.0,253.0,32.0,59.0
561.0,254.0,32.0,59.0
561.0,254.0,32.0,59.0
561.0,255.0,32.0,59.0
560.0,255.0,32.0,59.0
559.0,255.0,32.0,59.0
559.0,255.0,32.0,59.0
559.0,255.0,32.0,59.0
559.0,256.0,32.0,59.0
560.0,257.0,32.0,59.0
560.0,257.0,32.0,59.0
560.0,258.0,32.0,59.0
561.0,258.0,32.0,59.0
561.0,260.0,32.0,59.0
561.0,260.0,32.0,59.0
561.0,260.0,32.0,59.0
561.0,261.0,32.0,59.0
561.0,262.0,32.0,59.0
561.0,262.0,32.0,59.0
561.0,263.0,32.0,59.0
560.0,264.0,32.0,59.0
560.0,264.0,32.0,59.0
559.0,265.0,32.0,59.0
559.0,265.0,32.0,59.0
559.0,267.0,32.0,59.0
