781.0,367.0,191.0,323.0
775.0,353.0,197.0,335.0
770.0,337.0,205.0,347.0
774.0,340.0,193.0,329.0
773.0,313.0,197.0,336.0
769.0,298.0,201.0,343.0
768.0,285.0,201.0,343.0
768.0,276.0,197.0,337.0
765.0,267.0,197.0,338.0
763.0,260.0,193.0,332.0
762.0,256.0,189.0,325.0
760.0,255.0,182.0,313.0
757.0,248.0,181.0,312.0
755.0,241.0,181.0,311.0
752.0,234.0,181.0,310.0
751.0,226.0,181.0,309.0
748.0,217.0,184.0,315.0
743.0,204.0,191.0,328.0
739.0,193.0,195.0,335.0
736.0,184.0,198.0,342.0
734.0,177.0,199.0,342.0
734.0,173.0,195.0,337.0
732.0,168.0,196.0,337.0
731.0,162.0,196.0,337.0
730.0,157.0,196.0,337.0
727.0,148.0,199.0,343.0
726.0,143.0,199.0,342.0
723.0,130.0,207.0,354.0
723.0,124.0,207.0,354.0
723.0,117.0,207.0,353.0
720.0,108.0,210.0,358.0
720.0,105.0,206.0,352.0
723.0,103.0,202.0,346.0
723.0,97.0,202.0,346.0
724.0,96.0,197.0,341.0
723.0,91.0,201.0,347.0
721.0,88.0,200.0,347.0
720.0,88.0,200.0,347.0
711.0,81.0,207.0,359.0
709.0,78.0,206.0,359.0
708.0,76.0,206.0,358.0
704.0,70.0,206.0,357.0
703.0,69.0,205.0,357.0
703.0,69.0,198.0,345.0
703.0,64.0,198.0,345.0
702.0,60.0,198.0,345.0
702.0,59.0,194.0,339.0
93.0,13.0,8.0,26.0
735.0,70.0,99.0,270.0
734.0,72.0,98.0,266.0
734.0,73.0,96.0,262.0
732.0,75.0,97.0,262.0
730.0,74.0,97.0,262.0
728.0,73.0,99.0,267.0
725.0,70.0,101.0,271.0
724.0,71.0,101.0,271.0
722.0,65.0,105.0,282.0
719.0,63.0,107.0,287.0
718.0,61.0,107.0,287.0
718.0,59.0,105.0,281.0
716.0,57.0,101.0,270.0
717.0,57.0,100.0,265.0
717.0,55.0,98.0,260.0
716.0,52.0,100.0,264.0
712.0,52.0,100.0,264.0
712.0,58.0,97.0,255.0
715.0,57.0,97.0,255.0
713.0,59.0,95.0,251.0
713.0,61.0,94.0,247.0
713.0,63.0,92.0,243.0
713.0,66.0,91.0,239.0
711.0,64.0,92.0,244.0
710.0,66.0,92.0,244.0
710.0,68.0,92.0,244.0
709.0,68.0,92.0,243.0
709.0,69.0,91.0,239.0
708.0,66.0,92.0,239.0
707.0,64.0,92.0,239.0
706.0,59.0,95.0,247.0
705.0,60.0,93.0,242.0
703.0,59.0,94.0,246.0
702.0,60.0,94.0,246.0
701.0,63.0,92.0,242.0
700.0,65.0,92.0,242.0
698.0,67.0,91.0,242.0
696.0,71.0,90.0,238.0
694.0,72.0,89.0,239.0
692.0,74.0,87.0,235.0
690.0,77.0,85.0,231.0
688.0,80.0,83.0,227.0
683.0,81.0,83.0,227.0
681.0,84.0,82.0,224.0
678.0,84.0,82.0,223.0
677.0,81.0,83.0,226.0
675.0,80.0,83.0,226.0
674.0,80.0,84.0,225.0
672.0,78.0,86.0,229.0
670.0,78.0,87.0,229.0
670.0,79.0,87.0,230.0
669.0,83.0,86.0,226.0
666.0,84.0,86.0,226.0
666.0,88.0,86.0,226.0
664.0,90.0,87.0,226.0
662.0,92.0,87.0,227.0
661.0,94.0,87.0,227.0
661.0,99.0,86.0,224.0
659.0,100.0,86.0,224.0
658.0,102.0,86.0,224.0
656.0,102.0,86.0,228.0
655.0,103.0,86.0,228.0
653.0,104.0,86.0,228.0
652.0,105.0,87.0,228.0
650.0,102.0,88.0,231.0
648.0,101.0,90.0,235.0
645.0,99.0,92.0,238.0
644.0,101.0,92.0,238.0
642.0,103.0,92.0,237.0
640.0,105.0,92.0,237.0
639.0,109.0,90.0,234.0
638.0,113.0,88.0,230.0
636.0,116.0,86.0,226.0
633.0,119.0,85.0,223.0
632.0,122.0,83.0,220.0
627.0,124.0,82.0,220.0
626.0,126.0,82.0,220.0
621.0,129.0,80.0,216.0
620.0,131.0,80.0,216.0
618.0,131.0,80.0,215.0
617.0,129.0,82.0,219.0
615.0,128.0,81.0,219.0
613.0,127.0,83.0,222.0
612.0,127.0,84.0,221.0
610.0,128.0,84.0,221.0
609.0,132.0,82.0,217.0
609.0,135.0,82.0,218.0
607.0,136.0,84.0,222.0
606.0,137.0,85.0,222.0
605.0,140.0,85.0,222.0
604.0,142.0,85.0,223.0
603.0,144.0,85.0,223.0
603.0,145.0,86.0,223.0
601.0,147.0,86.0,224.0
602.0,149.0,84.0,220.0
602.0,154.0,82.0,216.0
602.0,155.0,82.0,216.0
601.0,154.0,84.0,220.0
599.0,153.0,86.0,224.0
597.0,152.0,86.0,223.0
596.0,150.0,87.0,226.0
596.0,150.0,87.0,225.0
594.0,151.0,88.0,224.0
594.0,154.0,87.0,221.0
593.0,158.0,85.0,217.0
592.0,160.0,86.0,221.0
591.0,163.0,84.0,218.0
589.0,165.0,83.0,218.0
587.0,166.0,83.0,219.0
73.0,23.0,11.0,26.0
568.0,154.0,114.0,277.0
568.0,160.0,109.0,267.0
566.0,161.0,109.0,267.0
564.0,161.0,110.0,267.0
563.0,165.0,108.0,262.0
562.0,166.0,106.0,257.0
560.0,165.0,105.0,256.0
558.0,163.0,105.0,256.0
556.0,162.0,107.0,261.0
553.0,161.0,109.0,265.0
553.0,164.0,109.0,265.0
551.0,166.0,109.0,265.0
549.0,166.0,112.0,270.0
547.0,167.0,114.0,275.0
546.0,169.0,114.0,276.0
545.0,171.0,114.0,276.0
545.0,173.0,114.0,277.0
543.0,171.0,116.0,282.0
545.0,175.0,114.0,277.0
545.0,175.0,114.0,278.0
546.0,177.0,113.0,272.0
547.0,178.0,113.0,272.0
547.0,178.0,113.0,272.0
547.0,177.0,113.0,272.0
546.0,174.0,114.0,277.0
547.0,176.0,113.0,272.0
546.0,175.0,114.0,276.0
545.0,175.0,114.0,275.0
545.0,177.0,114.0,274.0
544.0,177.0,116.0,279.0
543.0,176.0,119.0,285.0
543.0,179.0,119.0,285.0
543.0,181.0,119.0,286.0
543.0,182.0,119.0,286.0
543.0,184.0,118.0,286.0
544.0,187.0,115.0,281.0
544.0,188.0,115.0,282.0
546.0,192.0,113.0,277.0
547.0,197.0,109.0,267.0
548.0,198.0,109.0,267.0
550.0,203.0,105.0,257.0
551.0,203.0,105.0,257.0
552.0,203.0,105.0,257.0
553.0,203.0,105.0,257.0
556.0,203.0,105.0,256.0
558.0,205.0,106.0,255.0
560.0,206.0,106.0,254.0
563.0,209.0,106.0,254.0
565.0,208.0,108.0,260.0
72.0,30.0,11.0,24.0
567.0,220.0,122.0,246.0
573.0,221.0,122.0,247.0
576.0,223.0,122.0,247.0
579.0,223.0,124.0,252.0
584.0,224.0,124.0,252.0
591.0,228.0,122.0,248.0
595.0,230.0,122.0,248.0
601.0,232.0,122.0,248.0
609.0,237.0,119.0,239.0
614.0,237.0,119.0,239.0
622.0,240.0,115.0,231.0
623.0,236.0,119.0,239.0
628.0,234.0,121.0,243.0
630.0,232.0,123.0,247.0
633.0,230.0,125.0,251.0
637.0,232.0,125.0,250.0
642.0,235.0,123.0,246.0
646.0,237.0,123.0,245.0
650.0,239.0,122.0,246.0
654.0,241.0,122.0,246.0
657.0,243.0,122.0,246.0
662.0,247.0,120.0,242.0
664.0,245.0,122.0,247.0
665.0,242.0,127.0,257.0
666.0,239.0,131.0,267.0
670.0,240.0,131.0,267.0
673.0,242.0,131.0,267.0
675.0,243.0,131.0,267.0
680.0,244.0,131.0,267.0
682.0,240.0,133.0,272.0
687.0,245.0,128.0,261.0
690.0,242.0,128.0,261.0
695.0,244.0,126.0,256.0
699.0,244.0,126.0,255.0
703.0,247.0,123.0,250.0
708.0,251.0,121.0,244.0
712.0,251.0,121.0,245.0
715.0,254.0,121.0,245.0
719.0,258.0,121.0,246.0
723.0,261.0,119.0,242.0
728.0,264.0,118.0,237.0
733.0,266.0,117.0,238.0
740.0,270.0,115.0,234.0
744.0,270.0,118.0,238.0
750.0,274.0,118.0,239.0
756.0,275.0,119.0,239.0
758.0,278.0,119.0,239.0
762.0,281.0,117.0,235.0
766.0,283.0,117.0,235.0
768.0,284.0,117.0,235.0
770.0,285.0,117.0,235.0
772.0,285.0,117.0,234.0
774.0,286.0,117.0,233.0
776.0,287.0,117.0,232.0
776.0,288.0,118.0,232.0
776.0,292.0,116.0,228.0
776.0,294.0,117.0,228.0
776.0,297.0,116.0,229.0
775.0,297.0,118.0,233.0
773.0,297.0,120.0,237.0
773.0,298.0,119.0,238.0
771.0,298.0,121.0,243.0
770.0,300.0,121.0,243.0
770.0,302.0,120.0,244.0
769.0,304.0,120.0,244.0
769.0,305.0,119.0,244.0
766.0,307.0,119.0,244.0
765.0,311.0,119.0,245.0
763.0,314.0,119.0,245.0
760.0,314.0,121.0,249.0
759.0,316.0,121.0,248.0
758.0,316.0,121.0,248.0
758.0,316.0,121.0,247.0
758.0,315.0,121.0,246.0
759.0,315.0,121.0,245.0
760.0,316.0,121.0,245.0
759.0,317.0,121.0,245.0
759.0,319.0,122.0,245.0
760.0,322.0,121.0,241.0
759.0,323.0,121.0,241.0
759.0,325.0,122.0,242.0
758.0,326.0,122.0,242.0
757.0,326.0,123.0,247.0
758.0,328.0,123.0,247.0
758.0,329.0,123.0,247.0
759.0,330.0,123.0,247.0
760.0,331.0,123.0,248.0
762.0,333.0,122.0,243.0
764.0,336.0,120.0,239.0
766.0,335.0,120.0,240.0
767.0,334.0,120.0,239.0
767.0,333.0,120.0,239.0
767.0,329.0,122.0,243.0
767.0,328.0,122.0,242.0
767.0,327.0,123.0,241.0
766.0,325.0,125.0,244.0
95.0,43.0,14.0,23.0
748.0,329.0,164.0,226.0
746.0,329.0,165.0,226.0
745.0,329.0,164.0,226.0
744.0,326.0,167.0,231.0
739.0,320.0,173.0,240.0
736.0,316.0,176.0,245.0
733.0,313.0,179.0,249.0
730.0,311.0,182.0,254.0
722.0,303.0,188.0,264.0
721.0,300.0,188.0,265.0
712.0,295.0,191.0,270.0
710.0,293.0,191.0,270.0
701.0,290.0,194.0,275.0
699.0,285.0,193.0,276.0
688.0,279.0,198.0,280.0
690.0,272.0,198.0,280.0
682.0,271.0,194.0,275.0
681.0,263.0,194.0,274.0
674.0,259.0,195.0,272.0
670.0,251.0,200.0,276.0
663.0,245.0,203.0,281.0
657.0,238.0,207.0,287.0
655.0,236.0,203.0,282.0
655.0,240.0,195.0,272.0
646.0,234.0,199.0,277.0
643.0,231.0,199.0,277.0
641.0,223.0,198.0,278.0
638.0,217.0,198.0,278.0
636.0,211.0,198.0,279.0
632.0,205.0,197.0,278.0
629.0,200.0,193.0,272.0
628.0,192.0,192.0,272.0
627.0,187.0,189.0,266.0
627.0,180.0,188.0,266.0
621.0,171.0,191.0,271.0
619.0,164.0,191.0,271.0
615.0,160.0,191.0,271.0
613.0,158.0,191.0,271.0
607.0,151.0,195.0,275.0
604.0,151.0,199.0,281.0
597.0,146.0,202.0,286.0
598.0,147.0,195.0,277.0
595.0,143.0,195.0,277.0
593.0,143.0,191.0,274.0
589.0,137.0,191.0,274.0
585.0,131.0,191.0,274.0
583.0,128.0,187.0,268.0
77.0,18.0,9.0,25.0
611.0,120.0,80.0,230.0
603.0,113.0,80.0,225.0
596.0,108.0,78.0,221.0
588.0,102.0,78.0,221.0
580.0,94.0,80.0,225.0
575.0,90.0,83.0,233.0
569.0,89.0,83.0,232.0
560.0,81.0,86.0,241.0
553.0,79.0,88.0,245.0
546.0,77.0,91.0,253.0
542.0,82.0,89.0,247.0
539.0,86.0,84.0,235.0
531.0,83.0,80.0,226.0
527.0,79.0,77.0,219.0
523.0,81.0,73.0,208.0
519.0,74.0,73.0,212.0
512.0,67.0,75.0,221.0
509.0,64.0,75.0,221.0
505.0,59.0,78.0,229.0
501.0,59.0,78.0,230.0
499.0,59.0,78.0,229.0
496.0,60.0,79.0,229.0
493.0,58.0,83.0,238.0
490.0,61.0,82.0,237.0
489.0,62.0,81.0,232.0
487.0,60.0,82.0,236.0
485.0,59.0,82.0,236.0
484.0,59.0,80.0,232.0
483.0,58.0,80.0,232.0
480.0,55.0,82.0,237.0
480.0,56.0,82.0,237.0
479.0,59.0,81.0,233.0
479.0,65.0,79.0,225.0
478.0,67.0,79.0,225.0
476.0,71.0,80.0,226.0
475.0,73.0,80.0,226.0
473.0,75.0,80.0,226.0
471.0,77.0,80.0,226.0
468.0,78.0,80.0,225.0
466.0,79.0,80.0,225.0
464.0,79.0,81.0,228.0
462.0,81.0,81.0,228.0
461.0,82.0,80.0,228.0
458.0,82.0,82.0,232.0
458.0,81.0,84.0,236.0
457.0,83.0,83.0,237.0
456.0,85.0,83.0,237.0
455.0,87.0,83.0,237.0
455.0,92.0,81.0,233.0
455.0,94.0,81.0,233.0
456.0,97.0,81.0,233.0
455.0,99.0,81.0,234.0
455.0,100.0,81.0,234.0
455.0,101.0,81.0,234.0
454.0,102.0,81.0,234.0
454.0,103.0,80.0,233.0
455.0,105.0,80.0,233.0
455.0,106.0,80.0,232.0
455.0,107.0,80.0,232.0
456.0,107.0,80.0,232.0
454.0,108.0,80.0,232.0
454.0,109.0,81.0,233.0
453.0,111.0,81.0,233.0
450.0,113.0,82.0,233.0
450.0,115.0,82.0,234.0
448.0,117.0,83.0,234.0
448.0,119.0,83.0,234.0
446.0,122.0,82.0,230.0
447.0,126.0,81.0,226.0
446.0,129.0,81.0,226.0
445.0,129.0,81.0,229.0
445.0,130.0,80.0,229.0
444.0,129.0,82.0,232.0
57.0,18.0,8.0,23.0
436.0,130.0,91.0,225.0
436.0,132.0,91.0,226.0
437.0,134.0,92.0,230.0
436.0,135.0,94.0,234.0
437.0,138.0,94.0,235.0
437.0,141.0,94.0,235.0
439.0,145.0,92.0,232.0
438.0,144.0,96.0,240.0
442.0,149.0,94.0,235.0
443.0,150.0,94.0,235.0
445.0,152.0,94.0,235.0
447.0,154.0,93.0,235.0
449.0,157.0,92.0,231.0
450.0,159.0,93.0,230.0
451.0,161.0,93.0,230.0
452.0,161.0,94.0,230.0
453.0,162.0,94.0,230.0
453.0,162.0,96.0,233.0
454.0,164.0,97.0,234.0
454.0,163.0,99.0,238.0
456.0,166.0,99.0,239.0
456.0,168.0,100.0,244.0
457.0,171.0,100.0,244.0
457.0,172.0,102.0,249.0
459.0,174.0,102.0,249.0
459.0,174.0,103.0,254.0
459.0,176.0,103.0,254.0
460.0,177.0,103.0,255.0
462.0,181.0,101.0,250.0
465.0,186.0,97.0,242.0
466.0,188.0,96.0,237.0
467.0,190.0,94.0,232.0
469.0,191.0,92.0,227.0
471.0,193.0,91.0,223.0
471.0,196.0,89.0,219.0
472.0,196.0,90.0,219.0
474.0,198.0,90.0,219.0
476.0,202.0,89.0,216.0
476.0,204.0,89.0,217.0
478.0,207.0,88.0,213.0
479.0,209.0,89.0,218.0
479.0,208.0,90.0,221.0
480.0,209.0,91.0,222.0
481.0,208.0,91.0,222.0
483.0,207.0,91.0,222.0
485.0,207.0,92.0,221.0
484.0,203.0,94.0,225.0
59.0,26.0,13.0,27.0
467.0,189.0,125.0,263.0
466.0,187.0,128.0,267.0
464.0,181.0,132.0,277.0
464.0,182.0,132.0,278.0
463.0,182.0,134.0,282.0
463.0,182.0,136.0,288.0
464.0,185.0,134.0,283.0
464.0,184.0,136.0,289.0
465.0,187.0,134.0,284.0
466.0,188.0,134.0,284.0
465.0,189.0,134.0,284.0
465.0,190.0,131.0,280.0
468.0,194.0,127.0,269.0
467.0,193.0,126.0,268.0
468.0,194.0,124.0,263.0
468.0,193.0,124.0,263.0
468.0,190.0,126.0,267.0
468.0,189.0,126.0,266.0
469.0,189.0,126.0,267.0
472.0,194.0,121.0,259.0
473.0,195.0,121.0,259.0
475.0,198.0,119.0,254.0
479.0,201.0,117.0,250.0
482.0,201.0,117.0,250.0
486.0,204.0,115.0,246.0
488.0,204.0,115.0,246.0
491.0,202.0,117.0,251.0
494.0,203.0,117.0,251.0
495.0,201.0,119.0,254.0
498.0,202.0,119.0,254.0
500.0,200.0,120.0,258.0
502.0,198.0,123.0,262.0
505.0,199.0,123.0,261.0
508.0,199.0,123.0,262.0
511.0,201.0,123.0,262.0
513.0,199.0,126.0,267.0
517.0,202.0,127.0,268.0
518.0,203.0,129.0,273.0
520.0,203.0,132.0,279.0
524.0,205.0,132.0,279.0
526.0,204.0,135.0,284.0
532.0,207.0,133.0,280.0
537.0,208.0,132.0,280.0
541.0,208.0,132.0,280.0
547.0,209.0,132.0,280.0
552.0,209.0,131.0,279.0
555.0,208.0,133.0,283.0
73.0,29.0,10.0,26.0
570.0,215.0,120.0,256.0
576.0,219.0,118.0,251.0
584.0,221.0,118.0,250.0
592.0,233.0,110.0,233.0
595.0,229.0,115.0,242.0
600.0,238.0,111.0,234.0
610.0,240.0,112.0,234.0
612.0,242.0,114.0,238.0
620.0,241.0,117.0,243.0
628.0,246.0,114.0,238.0
635.0,248.0,114.0,238.0
644.0,252.0,111.0,234.0
649.0,253.0,113.0,238.0
652.0,253.0,116.0,242.0
656.0,256.0,116.0,241.0
660.0,258.0,116.0,241.0
664.0,259.0,116.0,241.0
666.0,257.0,118.0,246.0
669.0,258.0,118.0,246.0
672.0,260.0,117.0,247.0
677.0,261.0,117.0,247.0
681.0,266.0,116.0,243.0
683.0,268.0,117.0,243.0
685.0,268.0,119.0,248.0
688.0,270.0,120.0,248.0
692.0,271.0,120.0,248.0
696.0,272.0,121.0,249.0
701.0,273.0,121.0,249.0
706.0,275.0,120.0,249.0
709.0,275.0,123.0,253.0
716.0,276.0,122.0,252.0
720.0,274.0,122.0,252.0
729.0,275.0,119.0,247.0
732.0,278.0,119.0,246.0
738.0,281.0,120.0,245.0
742.0,283.0,121.0,244.0
747.0,288.0,122.0,244.0
751.0,293.0,122.0,240.0
753.0,293.0,126.0,244.0
756.0,292.0,131.0,253.0
760.0,298.0,131.0,253.0
767.0,302.0,130.0,248.0
772.0,303.0,130.0,248.0
776.0,305.0,130.0,247.0
780.0,309.0,130.0,247.0
787.0,316.0,127.0,242.0
792.0,314.0,129.0,246.0
96.0,43.0,20.0,20.0
769.0,311.0,175.0,219.0
775.0,314.0,171.0,216.0
779.0,315.0,171.0,216.0
780.0,312.0,177.0,224.0
786.0,317.0,172.0,217.0
793.0,323.0,162.0,206.0
800.0,323.0,160.0,203.0
801.0,324.0,160.0,203.0
802.0,322.0,167.0,210.0
804.0,325.0,164.0,207.0
802.0,318.0,174.0,219.0
805.0,320.0,171.0,215.0
805.0,316.0,175.0,220.0
807.0,314.0,175.0,221.0
809.0,309.0,178.0,225.0
813.0,307.0,177.0,225.0
816.0,304.0,176.0,225.0
821.0,303.0,172.0,221.0
824.0,299.0,171.0,221.0
830.0,302.0,165.0,212.0
835.0,299.0,161.0,208.0
839.0,300.0,159.0,205.0
844.0,299.0,154.0,198.0
843.0,292.0,160.0,205.0
843.0,287.0,166.0,212.0
844.0,285.0,170.0,215.0
844.0,283.0,174.0,220.0
848.0,281.0,174.0,220.0
851.0,273.0,181.0,228.0
852.0,267.0,188.0,236.0
856.0,261.0,191.0,240.0
862.0,257.0,191.0,240.0
869.0,255.0,184.0,231.0
878.0,248.0,186.0,235.0
880.0,243.0,189.0,240.0
887.0,240.0,185.0,235.0
893.0,237.0,184.0,236.0
897.0,234.0,183.0,237.0
900.0,228.0,186.0,241.0
903.0,227.0,183.0,237.0
908.0,227.0,180.0,233.0
911.0,227.0,177.0,230.0
914.0,223.0,178.0,230.0
915.0,220.0,174.0,226.0
920.0,220.0,172.0,222.0
923.0,213.0,172.0,223.0
928.0,209.0,168.0,218.0
117.0,27.0,18.0,28.0
919.0,183.0,177.0,280.0
918.0,174.0,180.0,285.0
920.0,169.0,180.0,285.0
922.0,164.0,176.0,279.0
925.0,160.0,172.0,273.0
926.0,156.0,172.0,273.0
927.0,153.0,169.0,269.0
925.0,150.0,169.0,269.0
924.0,146.0,169.0,269.0
923.0,145.0,166.0,264.0
922.0,140.0,167.0,264.0
921.0,136.0,167.0,264.0
920.0,133.0,164.0,260.0
919.0,128.0,167.0,264.0
916.0,121.0,167.0,265.0
914.0,115.0,170.0,269.0
911.0,107.0,173.0,273.0
911.0,106.0,170.0,268.0
910.0,103.0,166.0,263.0
909.0,98.0,166.0,263.0
909.0,92.0,165.0,263.0
907.0,89.0,165.0,263.0
906.0,86.0,162.0,259.0
904.0,83.0,161.0,259.0
902.0,83.0,159.0,255.0
898.0,81.0,155.0,251.0
893.0,75.0,159.0,256.0
890.0,76.0,155.0,251.0
887.0,75.0,153.0,247.0
882.0,69.0,155.0,252.0
881.0,70.0,149.0,243.0
880.0,68.0,144.0,234.0
877.0,65.0,143.0,234.0
873.0,59.0,143.0,233.0
867.0,52.0,145.0,237.0
862.0,48.0,145.0,236.0
857.0,43.0,145.0,236.0
853.0,40.0,142.0,232.0
850.0,41.0,139.0,227.0
844.0,35.0,142.0,232.0
840.0,36.0,139.0,228.0
835.0,33.0,139.0,228.0
827.0,29.0,142.0,232.0
822.0,29.0,142.0,232.0
817.0,27.0,142.0,232.0
812.0,23.0,142.0,233.0
809.0,22.0,139.0,228.0
802.0,16.0,142.0,233.0
802.0,17.0,136.0,224.0
798.0,13.0,134.0,220.0
796.0,12.0,132.0,216.0
791.0,8.0,132.0,215.0
102.0,2.0,10.0,24.0
804.0,-7.0,111.0,221.0
797.0,-11.0,112.0,226.0
792.0,-12.0,112.0,226.0
785.0,-13.0,112.0,226.0
779.0,-14.0,112.0,226.0
769.0,-18.0,117.0,234.0
761.0,-21.0,118.0,239.0
753.0,-22.0,121.0,243.0
747.0,-22.0,118.0,239.0
740.0,-26.0,121.0,243.0
735.0,-26.0,118.0,239.0
726.0,-30.0,120.0,243.0
721.0,-30.0,117.0,238.0
714.0,-34.0,117.0,237.0
706.0,-35.0,117.0,236.0
698.0,-41.0,119.0,240.0
691.0,-44.0,119.0,239.0
683.0,-44.0,119.0,239.0
673.0,-47.0,122.0,243.0
665.0,-47.0,122.0,243.0
657.0,-48.0,122.0,244.0
650.0,-45.0,119.0,239.0
642.0,-45.0,119.0,239.0
634.0,-48.0,122.0,244.0
626.0,-46.0,119.0,239.0
619.0,-48.0,119.0,239.0
612.0,-49.0,119.0,239.0
605.0,-49.0,116.0,235.0
599.0,-52.0,116.0,234.0
592.0,-53.0,116.0,234.0
584.0,-54.0,116.0,233.0
579.0,-55.0,115.0,228.0
575.0,-55.0,110.0,220.0
568.0,-55.0,111.0,220.0
563.0,-55.0,109.0,215.0
556.0,-54.0,109.0,216.0
551.0,-54.0,107.0,212.0
547.0,-51.0,105.0,208.0
542.0,-48.0,103.0,205.0
538.0,-48.0,102.0,205.0
534.0,-46.0,102.0,206.0
528.0,-48.0,105.0,209.0
525.0,-48.0,107.0,214.0
521.0,-48.0,108.0,217.0
515.0,-52.0,113.0,225.0
514.0,-53.0,113.0,225.0
513.0,-53.0,113.0,224.0
513.0,-54.0,113.0,224.0
514.0,-53.0,110.0,220.0
515.0,-54.0,110.0,220.0
517.0,-55.0,110.0,220.0
519.0,-55.0,111.0,220.0
521.0,-55.0,111.0,220.0
524.0,-53.0,109.0,216.0
528.0,-48.0,106.0,208.0
533.0,-47.0,103.0,205.0
537.0,-45.0,101.0,202.0
540.0,-44.0,101.0,202.0
544.0,-42.0,99.0,199.0
547.0,-42.0,99.0,199.0
551.0,-42.0,99.0,199.0
553.0,-42.0,99.0,199.0
556.0,-44.0,101.0,202.0
558.0,-45.0,103.0,205.0
560.0,-48.0,106.0,208.0
563.0,-48.0,107.0,212.0
565.0,-48.0,107.0,212.0
566.0,-50.0,109.0,216.0
569.0,-48.0,107.0,213.0
573.0,-48.0,107.0,213.0
574.0,-47.0,107.0,214.0
576.0,-47.0,109.0,217.0
579.0,-43.0,107.0,214.0
583.0,-41.0,106.0,210.0
585.0,-40.0,105.0,210.0
587.0,-39.0,105.0,211.0
590.0,-39.0,105.0,211.0
592.0,-39.0,105.0,210.0
595.0,-38.0,105.0,210.0
597.0,-38.0,105.0,210.0
598.0,-39.0,107.0,214.0
600.0,-40.0,107.0,214.0
603.0,-40.0,107.0,214.0
606.0,-39.0,106.0,214.0
606.0,-40.0,108.0,217.0
608.0,-38.0,108.0,218.0
79.0,-0.0,7.0,20.0
624.0,-16.0,81.0,193.0
628.0,-13.0,80.0,190.0
630.0,-13.0,81.0,194.0
633.0,-13.0,81.0,194.0
635.0,-11.0,81.0,194.0
637.0,-13.0,83.0,198.0
640.0,-13.0,83.0,198.0
642.0,-13.0,83.0,197.0
645.0,-13.0,83.0,197.0
647.0,-13.0,83.0,197.0
651.0,-12.0,83.0,196.0
654.0,-13.0,83.0,196.0
656.0,-14.0,85.0,200.0
659.0,-13.0,85.0,200.0
659.0,-17.0,88.0,207.0
661.0,-18.0,90.0,212.0
664.0,-16.0,90.0,212.0
666.0,-14.0,88.0,208.0
668.0,-14.0,90.0,213.0
671.0,-12.0,88.0,209.0
673.0,-11.0,88.0,209.0
678.0,-8.0,87.0,205.0
679.0,-11.0,88.0,209.0
682.0,-11.0,88.0,209.0
685.0,-13.0,90.0,214.0
687.0,-12.0,90.0,213.0
690.0,-13.0,91.0,216.0
694.0,-11.0,89.0,213.0
698.0,-11.0,89.0,212.0
703.0,-8.0,85.0,204.0
706.0,-9.0,84.0,204.0
710.0,-10.0,85.0,204.0
712.0,-10.0,85.0,204.0
715.0,-7.0,85.0,200.0
720.0,-4.0,83.0,197.0
724.0,-3.0,81.0,194.0
728.0,-2.0,82.0,194.0
731.0,1.0,81.0,191.0
736.0,1.0,82.0,191.0
739.0,1.0,82.0,191.0
743.0,1.0,82.0,191.0
747.0,1.0,82.0,191.0
750.0,-1.0,83.0,194.0
754.0,-2.0,83.0,194.0
759.0,-1.0,82.0,190.0
763.0,-1.0,82.0,190.0
766.0,-3.0,83.0,193.0
769.0,-3.0,83.0,194.0
773.0,-3.0,83.0,194.0
776.0,-2.0,83.0,191.0
779.0,-2.0,83.0,191.0
783.0,0.0,82.0,187.0
786.0,2.0,82.0,188.0
789.0,3.0,82.0,188.0
791.0,4.0,82.0,188.0
794.0,5.0,82.0,188.0
797.0,6.0,82.0,188.0
799.0,7.0,81.0,188.0
804.0,7.0,81.0,188.0
806.0,7.0,81.0,188.0
809.0,6.0,81.0,188.0
811.0,6.0,80.0,188.0
815.0,5.0,82.0,191.0
817.0,5.0,82.0,191.0
820.0,5.0,82.0,191.0
822.0,5.0,81.0,191.0
825.0,5.0,81.0,191.0
828.0,6.0,81.0,191.0
831.0,7.0,79.0,187.0
833.0,7.0,81.0,191.0
835.0,7.0,81.0,191.0
836.0,8.0,81.0,191.0
840.0,10.0,79.0,188.0
842.0,11.0,79.0,188.0
844.0,11.0,79.0,188.0
847.0,11.0,80.0,188.0
106.0,2.0,9.0,23.0
842.0,-5.0,103.0,221.0
849.0,6.0,94.0,203.0
855.0,10.0,88.0,188.0
860.0,1.0,89.0,192.0
860.0,-3.0,94.0,202.0
861.0,-3.0,96.0,205.0
862.0,-5.0,98.0,209.0
862.0,-6.0,99.0,213.0
862.0,-5.0,100.0,213.0
861.0,-5.0,100.0,213.0
858.0,-4.0,100.0,214.0
857.0,0.0,96.0,207.0
849.0,-2.0,100.0,214.0
844.0,-2.0,100.0,214.0
836.0,-3.0,101.0,218.0
829.0,-4.0,103.0,222.0
820.0,-6.0,105.0,226.0
809.0,-9.0,109.0,234.0
800.0,-12.0,110.0,239.0
789.0,-15.0,112.0,244.0
777.0,-19.0,114.0,247.0
766.0,-20.0,114.0,247.0
754.0,-24.0,116.0,250.0
743.0,-26.0,116.0,250.0
730.0,-26.0,116.0,250.0
718.0,-29.0,117.0,254.0
706.0,-29.0,117.0,255.0
694.0,-28.0,117.0,255.0
681.0,-31.0,120.0,259.0
669.0,-30.0,120.0,259.0
658.0,-30.0,120.0,259.0
646.0,-29.0,120.0,260.0
634.0,-29.0,120.0,260.0
624.0,-28.0,120.0,260.0
613.0,-29.0,120.0,260.0
604.0,-31.0,120.0,259.0
594.0,-31.0,120.0,259.0
583.0,-31.0,120.0,259.0
573.0,-32.0,120.0,259.0
561.0,-34.0,122.0,263.0
554.0,-34.0,122.0,263.0
543.0,-34.0,122.0,263.0
533.0,-34.0,122.0,263.0
525.0,-33.0,122.0,263.0
513.0,-33.0,124.0,268.0
502.0,-33.0,127.0,274.0
493.0,-30.0,127.0,275.0
482.0,-29.0,127.0,275.0
473.0,-27.0,127.0,276.0
463.0,-28.0,129.0,281.0
454.0,-26.0,129.0,281.0
444.0,-27.0,129.0,281.0
434.0,-25.0,129.0,280.0
426.0,-25.0,129.0,280.0
414.0,-24.0,129.0,280.0
54.0,1.0,8.0,22.0
408.0,-12.0,96.0,217.0
400.0,-9.0,94.0,212.0
388.0,-7.0,94.0,212.0
376.0,-7.0,96.0,217.0
365.0,-4.0,96.0,217.0
354.0,-1.0,97.0,217.0
343.0,1.0,97.0,217.0
333.0,6.0,95.0,213.0
322.0,9.0,95.0,214.0
309.0,10.0,97.0,218.0
297.0,13.0,98.0,218.0
286.0,14.0,98.0,218.0
272.0,13.0,101.0,226.0
260.0,15.0,101.0,227.0
249.0,18.0,100.0,222.0
237.0,18.0,101.0,226.0
225.0,21.0,100.0,221.0
214.0,23.0,100.0,221.0
203.0,25.0,100.0,221.0
191.0,27.0,100.0,221.0
179.0,30.0,100.0,221.0
168.0,32.0,100.0,222.0
157.0,37.0,100.0,222.0
147.0,42.0,99.0,218.0
134.0,46.0,99.0,219.0
122.0,50.0,99.0,219.0
110.0,56.0,98.0,215.0
99.0,61.0,97.0,211.0
84.0,64.0,97.0,212.0
72.0,68.0,95.0,208.0
59.0,72.0,95.0,208.0
45.0,75.0,95.0,208.0
32.0,79.0,95.0,208.0
19.0,82.0,96.0,207.0
7.0,85.0,96.0,207.0
-7.0,91.0,96.0,206.0
-19.0,97.0,95.0,205.0
-30.0,105.0,93.0,204.0
-41.0,116.0,92.0,203.0
-41.0,134.0,88.0,198.0
-39.0,181.0,84.0,188.0
-39.0,169.0,83.0,186.0
nan,nan,nan,nan
nan,nan,nan,nan
nan,nan,nan,nan
nan,nan,nan,nan
nan,nan,nan,nan
nan,nan,nan,nan
nan,nan,nan,nan
nan,nan,nan,nan
nan,nan,nan,nan
nan,nan,nan,nan
nan,nan,nan,nan
nan,nan,nan,nan
nan,nan,nan,nan
nan,nan,nan,nan
nan,nan,nan,nan
nan,nan,nan,nan
nan,nan,nan,nan
nan,nan,nan,nan
nan,nan,nan,nan
nan,nan,nan,nan
nan,nan,nan,nan
nan,nan,nan,nan
nan,nan,nan,nan
nan,nan,nan,nan
nan,nan,nan,nan
nan,nan,nan,nan
nan,nan,nan,nan
nan,nan,nan,nan
nan,nan,nan,nan
nan,nan,nan,nan
nan,nan,nan,nan
nan,nan,nan,nan
nan,nan,nan,nan
nan,nan,nan,nan
nan,nan,nan,nan
nan,nan,nan,nan
nan,nan,nan,nan
nan,nan,nan,nan
nan,nan,nan,nan
nan,nan,nan,nan
nan,nan,nan,nan
nan,nan,nan,nan
nan,nan,nan,nan
nan,nan,nan,nan
nan,nan,nan,nan
nan,nan,nan,nan
nan,nan,nan,nan
nan,nan,nan,nan
nan,nan,nan,nan
nan,nan,nan,nan
nan,nan,nan,nan
nan,nan,nan,nan
nan,nan,nan,nan
nan,nan,nan,nan
nan,nan,nan,nan
nan,nan,nan,nan
nan,nan,nan,nan
nan,nan,nan,nan
nan,nan,nan,nan
nan,nan,nan,nan
nan,nan,nan,nan
nan,nan,nan,nan
nan,nan,nan,nan
nan,nan,nan,nan
nan,nan,nan,nan
nan,nan,nan,nan
nan,nan,nan,nan
nan,nan,nan,nan
nan,nan,nan,nan
nan,nan,nan,nan
nan,nan,nan,nan
nan,nan,nan,nan
nan,nan,nan,nan
nan,nan,nan,nan
nan,nan,nan,nan
nan,nan,nan,nan
nan,nan,nan,nan
nan,nan,nan,nan
nan,nan,nan,nan
nan,nan,nan,nan
-0.0,34.0,3.0,12.0
-0.0,29.0,5.0,15.0
-0.0,25.0,7.0,19.0
-0.0,20.0,9.0,22.0
0.0,18.0,11.0,24.0
-18.0,94.0,90.0,198.0
5.0,91.0,92.0,200.0
25.0,84.0,93.0,202.0
46.0,76.0,93.0,202.0
66.0,66.0,93.0,205.0
89.0,60.0,95.0,208.0
106.0,54.0,95.0,208.0
110.0,55.0,93.0,204.0
133.0,49.0,95.0,208.0
153.0,42.0,97.0,211.0
175.0,38.0,97.0,211.0
196.0,34.0,97.0,211.0
219.0,32.0,95.0,208.0
237.0,26.0,95.0,208.0
260.0,27.0,92.0,201.0
278.0,20.0,91.0,201.0
298.0,15.0,91.0,204.0
318.0,14.0,90.0,201.0
337.0,7.0,89.0,201.0
357.0,10.0,85.0,194.0
376.0,9.0,83.0,189.0
391.0,6.0,82.0,189.0
407.0,3.0,84.0,191.0
420.0,2.0,82.0,188.0
431.0,-0.0,81.0,188.0
442.0,-1.0,81.0,188.0
453.0,-2.0,81.0,185.0
460.0,-3.0,82.0,189.0
467.0,-4.0,82.0,189.0
471.0,-5.0,84.0,193.0
479.0,-5.0,84.0,193.0
481.0,-4.0,84.0,193.0
486.0,-5.0,84.0,193.0
491.0,-4.0,84.0,193.0
493.0,-5.0,86.0,197.0
496.0,-4.0,84.0,194.0
499.0,-4.0,84.0,194.0
503.0,-5.0,84.0,195.0
505.0,-5.0,85.0,198.0
507.0,-5.0,86.0,201.0
509.0,-6.0,87.0,204.0
512.0,-5.0,87.0,204.0
515.0,-4.0,87.0,203.0
517.0,-3.0,87.0,203.0
520.0,-3.0,87.0,203.0
523.0,-1.0,87.0,203.0
526.0,-0.0,87.0,203.0
530.0,3.0,87.0,200.0
532.0,4.0,88.0,200.0
535.0,7.0,89.0,200.0
539.0,9.0,89.0,200.0
542.0,11.0,89.0,200.0
546.0,14.0,90.0,200.0
550.0,17.0,90.0,200.0
555.0,20.0,88.0,197.0
559.0,20.0,89.0,201.0
