548, 303, 88, 185
524, 306, 88, 185
502, 309, 88, 185
484, 310, 88, 185
470, 313, 88, 185
458, 314, 88, 185
448, 313, 88, 185
440, 314, 88, 185
434, 315, 88, 185
428, 318, 88, 185
424, 321, 88, 185
420, 326, 88, 185
416, 329, 88, 185
412, 332, 88, 185
408, 333, 88, 185
404, 334, 88, 185
400, 335, 88, 185
398, 336, 88, 185
396, 335, 88, 185
394, 336, 88, 185
394, 337, 88, 185
394, 342, 88, 185
394, 343, 88, 185
394, 348, 88, 185
392, 347, 88, 185
390, 348, 88, 185
388, 347, 88, 185
386, 348, 88, 185
384, 347, 88, 185
382, 348, 88, 185
382, 349, 88, 185
382, 352, 88, 185
382, 355, 88, 185
382, 360, 88, 185
382, 363, 88, 185
380, 366, 88, 185
378, 367, 88, 185
378, 368, 88, 185
376, 367, 88, 185
374, 366, 88, 185
372, 365, 88, 185
372, 366, 88, 185
372, 367, 88, 185
370, 370, 88, 185
370, 371, 88, 185
368, 374, 88, 185
368, 375, 88, 185
366, 378, 88, 185
362, 377, 88, 185
358, 378, 88, 185
354, 375, 88, 185
350, 376, 88, 185
346, 375, 88, 185
342, 378, 88, 185
338, 379, 88, 185
334, 382, 88, 185
330, 383, 88, 185
326, 386, 88, 185
320, 387, 88, 185
314, 390, 88, 185
308, 391, 88, 185
304, 394, 88, 185
298, 395, 88, 185
292, 398, 88, 185
286, 399, 88, 185
280, 400, 88, 185
274, 403, 88, 185
266, 408, 88, 185
256, 411, 88, 185
248, 416, 88, 185
238, 419, 88, 185
230, 424, 88, 185
222, 425, 88, 185
212, 428, 88, 185
202, 429, 88, 185
192, 432, 88, 185
180, 433, 88, 185
170, 438, 88, 185
160, 443, 88, 185
150, 450, 88, 185
140, 453, 88, 185
130, 456, 88, 185
122, 457, 88, 185
112, 456, 88, 185
102, 455, 88, 185
92, 456, 88, 185
84, 457, 88, 185
74, 458, 88, 185
66, 461, 88, 185
60, 466, 88, 185
54, 471, 88, 185
48, 476, 88, 185
42, 477, 88, 185
36, 480, 88, 185
30, 479, 88, 185
24, 480, 88, 185
16, 479, 88, 185
8, 480, 88, 185
2, 481, 88, 185
0.0, 0.0, 0.0, 0.0
0, 480, 108, 206
0, 482, 104, 206
0, 478, 100, 206
0, 478, 96, 206
0, 476, 94, 206
0, 474, 92, 206
0, 468, 88, 206
0, 466, 86, 206
0, 462, 82, 206
0, 462, 78, 206
0, 462, 76, 206
0, 464, 72, 206
0, 466, 70, 206
0, 466, 68, 206
0, 468, 68, 206
0, 470, 66, 206
0, 474, 68, 206
0, 476, 68, 206
0, 476, 70, 206
0, 474, 70, 206
0, 472, 72, 206
0, 472, 74, 206
0, 472, 74, 206
0, 472, 74, 206
0, 470, 74, 206
0, 464, 74, 206
0, 460, 74, 206
0, 460, 76, 206
0, 458, 78, 206
0, 456, 80, 206
0, 460, 84, 206
0, 462, 88, 206
0, 462, 94, 206
0, 466, 100, 206
0, 470, 106, 206
0, 470, 110, 206
0, 470, 114, 206
0, 470, 118, 206
2, 468, 120, 206
8, 468, 120, 206
12, 468, 120, 206
18, 468, 120, 206
24, 468, 120, 206
30, 470, 120, 206
36, 470, 120, 206
42, 470, 120, 206
48, 468, 120, 206
52, 468, 120, 206
60, 466, 120, 206
68, 460, 120, 206
76, 458, 120, 206
86, 454, 120, 206
98, 452, 120, 206
110, 452, 120, 206
124, 452, 120, 206
138, 452, 120, 206
152, 452, 120, 206
166, 452, 120, 206
178, 450, 120, 206
188, 446, 120, 206
196, 444, 120, 206
204, 442, 120, 206
212, 438, 120, 206
220, 436, 120, 206
226, 438, 120, 206
232, 436, 120, 206
238, 436, 120, 206
244, 434, 120, 206
250, 430, 120, 206
256, 426, 120, 206
262, 420, 120, 206
270, 416, 120, 206
278, 412, 120, 206
286, 410, 120, 206
294, 408, 120, 206
302, 410, 120, 206
310, 410, 120, 206
318, 410, 120, 206
326, 408, 120, 206
334, 406, 120, 206
342, 402, 120, 206
348, 398, 120, 206
354, 396, 120, 206
362, 394, 120, 206
370, 390, 120, 206
376, 390, 120, 206
384, 390, 120, 206
394, 388, 120, 206
402, 388, 120, 206
412, 384, 120, 206
422, 380, 120, 206
434, 376, 120, 206
446, 372, 120, 206
456, 370, 120, 206
468, 366, 120, 206
480, 364, 120, 206
490, 366, 120, 206
502, 364, 120, 206
514, 364, 120, 206
0.0, 0.0, 0.0, 0.0
543, 359, 78, 193
553, 356, 78, 193
565, 351, 78, 193
577, 348, 78, 193
587, 345, 78, 193
599, 344, 78, 193
609, 343, 78, 193
619, 342, 78, 193
629, 341, 78, 193
639, 340, 78, 193
649, 335, 78, 193
659, 334, 78, 193
671, 329, 78, 193
681, 326, 78, 193
691, 323, 78, 193
701, 322, 78, 193
711, 321, 78, 193
721, 324, 78, 193
731, 323, 78, 193
743, 322, 78, 193
753, 321, 78, 193
763, 320, 78, 193
773, 317, 78, 193
783, 316, 78, 193
793, 313, 78, 193
803, 314, 78, 193
813, 313, 78, 193
821, 314, 78, 193
831, 315, 78, 193
839, 316, 78, 193
849, 315, 78, 193
857, 316, 78, 193
865, 315, 78, 193
873, 314, 78, 193
881, 311, 78, 193
889, 312, 78, 193
897, 311, 78, 193
905, 314, 78, 193
913, 315, 78, 193
921, 318, 78, 193
929, 321, 78, 193
937, 322, 78, 193
945, 321, 78, 193
951, 322, 78, 193
957, 323, 78, 193
963, 324, 78, 193
969, 323, 78, 193
975, 326, 78, 193
983, 327, 78, 193
989, 330, 78, 193
995, 331, 78, 193
1001, 334, 78, 193
1007, 333, 78, 193
1013, 334, 78, 193
1017, 335, 78, 193
1021, 338, 78, 193
1027, 337, 78, 193
1031, 338, 78, 193
1035, 339, 78, 193
1041, 342, 78, 193
1045, 343, 78, 193
1051, 346, 78, 193
1055, 347, 78, 193
1061, 350, 78, 193
1065, 351, 78, 193
1069, 354, 78, 193
1075, 353, 78, 193
1079, 356, 78, 193
1083, 357, 78, 193
1089, 360, 78, 193
1093, 361, 78, 193
1099, 366, 78, 193
1103, 367, 78, 193
1109, 370, 78, 193
1113, 371, 78, 193
1117, 374, 78, 193
1121, 375, 78, 193
1125, 378, 78, 193
1129, 379, 78, 193
1131, 382, 78, 193
1135, 383, 78, 193
1139, 386, 78, 193
1143, 389, 78, 193
1145, 392, 78, 193
1149, 395, 78, 193
1151, 396, 78, 193
1153, 397, 78, 193
1157, 400, 78, 193
1159, 401, 78, 193
1161, 402, 78, 193
1163, 403, 78, 193
1165, 406, 78, 193
1167, 407, 78, 193
1167, 410, 78, 193
1169, 411, 78, 193
1169, 414, 78, 193
1171, 415, 78, 193
1171, 418, 78, 193
1171, 419, 78, 193
0.0, 0.0, 0.0, 0.0
1197, 418, 80, 180
1197, 420, 80, 180
1195, 422, 80, 180
1193, 424, 80, 180
1193, 426, 80, 180
1191, 428, 80, 180
1187, 430, 80, 180
1183, 432, 80, 180
1181, 434, 80, 180
1179, 438, 80, 180
1175, 440, 80, 180
1173, 442, 80, 180
1171, 444, 80, 180
1167, 444, 80, 180
1163, 446, 80, 180
1159, 448, 80, 180
1157, 450, 80, 180
1155, 452, 80, 180
1149, 454, 80, 180
1145, 456, 80, 180
1141, 460, 80, 180
1137, 462, 80, 180
1131, 464, 80, 180
1125, 468, 80, 180
1121, 470, 80, 180
1115, 474, 80, 180
1109, 478, 80, 180
1103, 482, 80, 180
1097, 484, 80, 180
1093, 488, 80, 180
1087, 490, 80, 180
1081, 494, 80, 180
1079, 496, 80, 180
1073, 498, 80, 180
1069, 500, 80, 180
1065, 504, 80, 180
1061, 508, 80, 180
1057, 512, 80, 180
1053, 516, 80, 180
1051, 520, 80, 180
1045, 524, 80, 180
1043, 530, 80, 180
1039, 534, 80, 180
1035, 540, 80, 180
1033, 544, 80, 176
1033, 546, 80, 174
1031, 548, 80, 172
1027, 548, 80, 172
1025, 550, 80, 170
1025, 552, 80, 168
1023, 554, 80, 166
1019, 556, 80, 164
1017, 562, 80, 158
1017, 566, 80, 154
1015, 568, 80, 152
1011, 568, 80, 152
1011, 568, 80, 152
1009, 568, 80, 152
1009, 568, 80, 152
1009, 566, 80, 154
1009, 566, 80, 154
1009, 564, 80, 156
1009, 566, 80, 154
1007, 568, 80, 152
1005, 570, 80, 150
1005, 572, 80, 148
1005, 572, 80, 148
1005, 570, 80, 150
1005, 566, 80, 154
1005, 562, 80, 158
1005, 558, 80, 162
1003, 554, 80, 166
1001, 552, 80, 168
1003, 550, 80, 170
1001, 548, 80, 172
1001, 546, 80, 174
1001, 544, 80, 176
1001, 542, 80, 178
1003, 538, 80, 180
1003, 534, 80, 180
1003, 530, 80, 180
1005, 526, 80, 180
1009, 522, 80, 180
1011, 518, 80, 180
1011, 516, 80, 180
1011, 514, 80, 180
1013, 514, 80, 180
1015, 512, 80, 180
1015, 510, 80, 180
1017, 508, 80, 180
1021, 504, 80, 180
1023, 500, 80, 180
1025, 496, 80, 180
1029, 490, 80, 180
1033, 484, 80, 180
1035, 480, 80, 180
1035, 478, 80, 180
1037, 476, 80, 180
1041, 474, 80, 180
0.0, 0.0, 0.0, 0.0
999, 462, 124, 236
1001, 460, 124, 236
1003, 458, 124, 236
1009, 454, 124, 236
1011, 452, 124, 236
1017, 448, 124, 236
1019, 444, 124, 236
1023, 442, 124, 236
1027, 442, 124, 236
1031, 442, 124, 236
1035, 442, 124, 236
1039, 442, 124, 236
1043, 438, 124, 236
1047, 434, 124, 236
1051, 428, 124, 236
1055, 422, 124, 236
1061, 418, 124, 236
1063, 418, 124, 236
1067, 420, 124, 236
1071, 420, 124, 236
1075, 422, 124, 236
1079, 422, 124, 236
1083, 422, 124, 236
1087, 424, 124, 236
1091, 422, 124, 236
1095, 422, 124, 236
1097, 422, 124, 236
1099, 422, 124, 236
1103, 420, 124, 236
1107, 420, 124, 236
1111, 422, 124, 236
1113, 424, 124, 236
1115, 426, 124, 236
1119, 430, 124, 236
1123, 432, 124, 236
1125, 432, 124, 236
1127, 434, 124, 236
1131, 434, 124, 236
1133, 436, 124, 236
1133, 436, 124, 236
1133, 436, 124, 236
1133, 438, 124, 236
1133, 440, 124, 236
1133, 442, 124, 236
1133, 444, 124, 236
1133, 448, 124, 236
1133, 452, 124, 236
1133, 456, 124, 236
1131, 460, 124, 236
1131, 464, 124, 236
1129, 466, 124, 236
1127, 468, 124, 236
1127, 470, 124, 236
1125, 474, 124, 236
1121, 478, 124, 236
1117, 482, 124, 236
1115, 486, 124, 234
1113, 492, 124, 228
1107, 498, 124, 222
1103, 504, 124, 216
1099, 508, 124, 212
1095, 512, 124, 208
1089, 514, 124, 206
1083, 516, 124, 204
1079, 518, 124, 202
1073, 518, 124, 202
1065, 516, 124, 204
1059, 516, 124, 204
1053, 516, 124, 204
1043, 514, 124, 206
1037, 510, 124, 210
1027, 502, 124, 218
1019, 496, 124, 224
1011, 490, 124, 230
1003, 488, 124, 232
993, 488, 124, 232
983, 488, 124, 232
977, 488, 124, 232
967, 490, 124, 230
959, 492, 124, 228
949, 496, 124, 224
937, 500, 124, 220
925, 506, 124, 214
913, 510, 124, 210
901, 514, 124, 206
889, 514, 124, 206
877, 514, 124, 206
865, 514, 124, 206
851, 512, 124, 208
839, 510, 124, 210
825, 508, 124, 212
809, 508, 124, 212
793, 508, 124, 212
779, 508, 124, 212
765, 508, 124, 212
749, 506, 124, 214
733, 504, 124, 216
717, 500, 124, 220
701, 496, 124, 224
0.0, 0.0, 0.0, 0.0
637, 436, 228, 284
623, 434, 228, 286
607, 432, 228, 288
591, 434, 228, 286
573, 432, 228, 288
551, 434, 228, 286
535, 430, 228, 290
517, 428, 228, 292
497, 426, 228, 294
479, 418, 228, 302
463, 410, 228, 310
445, 404, 228, 316
425, 398, 228, 318
407, 390, 228, 318
391, 384, 228, 318
375, 378, 228, 318
361, 370, 228, 318
345, 364, 228, 318
329, 356, 228, 318
315, 350, 228, 318
303, 342, 228, 318
291, 338, 228, 318
279, 336, 228, 318
269, 336, 228, 318
257, 336, 228, 318
247, 338, 228, 318
241, 340, 228, 318
231, 346, 228, 318
225, 346, 228, 318
215, 348, 228, 318
207, 348, 228, 318
197, 346, 228, 318
187, 342, 228, 318
177, 336, 228, 318
167, 334, 228, 318
159, 330, 228, 318
151, 328, 228, 318
145, 328, 228, 318
139, 328, 228, 318
135, 330, 228, 318
127, 328, 228, 318
121, 330, 228, 318
113, 330, 228, 318
107, 328, 228, 318
103, 328, 228, 318
97, 326, 228, 318
91, 324, 228, 318
87, 324, 228, 318
83, 324, 228, 318
77, 322, 228, 318
71, 320, 228, 318
69, 320, 228, 318
65, 320, 228, 318
59, 318, 228, 318
57, 312, 228, 318
51, 310, 228, 318
49, 304, 228, 318
43, 300, 228, 318
41, 296, 228, 318
37, 292, 228, 318
35, 290, 228, 318
35, 288, 228, 318
33, 288, 228, 318
29, 288, 228, 318
23, 284, 228, 318
19, 280, 228, 318
13, 274, 228, 318
7, 268, 228, 318
3, 266, 228, 318
1, 264, 228, 318
0, 266, 225, 318
0, 266, 225, 318
0, 270, 227, 318
1, 272, 228, 318
0, 274, 225, 318
0, 274, 223, 318
0, 274, 221, 318
0, 274, 217, 318
0, 274, 213, 318
0, 274, 209, 318
0, 276, 207, 318
0, 282, 207, 318
0, 284, 207, 318
0, 290, 205, 318
0, 292, 201, 318
0, 296, 199, 318
0, 298, 197, 318
0, 300, 193, 318
0, 306, 191, 318
0, 308, 191, 318
0, 314, 191, 318
0, 318, 191, 318
0, 326, 193, 318
0, 332, 193, 318
0, 340, 193, 318
0, 340, 195, 318
0, 338, 199, 318
0, 334, 201, 318
0, 332, 203, 318
0.0, 0.0, 0.0, 0.0
27, 388, 114, 234
31, 392, 114, 234
37, 396, 114, 234
45, 402, 114, 234
49, 408, 114, 234
55, 412, 114, 234
61, 416, 114, 234
69, 420, 114, 234
77, 424, 114, 234
87, 432, 114, 234
97, 438, 114, 234
107, 446, 114, 234
117, 456, 114, 234
131, 464, 114, 234
145, 476, 114, 234
161, 488, 114, 232
177, 500, 114, 220
193, 510, 114, 210
207, 520, 114, 200
