406.0,120.0,96.0,199.0
401.0,123.0,94.0,196.0
395.0,124.0,95.0,199.0
392.0,125.0,95.0,199.0
388.0,128.0,95.0,199.0
387.0,130.0,95.0,200.0
386.0,132.0,94.0,197.0
387.0,132.0,94.0,197.0
387.0,133.0,92.0,194.0
388.0,132.0,92.0,194.0
390.0,131.0,92.0,194.0
392.0,131.0,90.0,190.0
394.0,129.0,90.0,190.0
396.0,128.0,90.0,190.0
398.0,128.0,90.0,190.0
400.0,127.0,90.0,190.0
403.0,126.0,90.0,190.0
405.0,125.0,90.0,189.0
407.0,125.0,90.0,189.0
409.0,125.0,90.0,189.0
410.0,125.0,90.0,189.0
412.0,125.0,90.0,189.0
412.0,125.0,90.0,189.0
413.0,125.0,90.0,189.0
412.0,125.0,90.0,190.0
411.0,126.0,90.0,190.0
409.0,127.0,90.0,190.0
407.0,128.0,90.0,191.0
403.0,128.0,90.0,191.0
398.0,126.0,92.0,194.0
392.0,124.0,94.0,198.0
386.0,124.0,94.0,198.0
379.0,123.0,94.0,198.0
371.0,121.0,94.0,198.0
363.0,122.0,94.0,197.0
355.0,121.0,94.0,196.0
346.0,121.0,94.0,196.0
337.0,122.0,94.0,196.0
327.0,122.0,94.0,196.0
317.0,123.0,94.0,196.0
307.0,125.0,94.0,196.0
298.0,127.0,94.0,197.0
288.0,128.0,95.0,197.0
278.0,130.0,95.0,198.0
268.0,132.0,95.0,198.0
258.0,133.0,95.0,198.0
251.0,133.0,95.0,199.0
243.0,134.0,95.0,199.0
238.0,134.0,95.0,202.0
232.0,133.0,97.0,205.0
229.0,131.0,97.0,205.0
226.0,130.0,97.0,205.0
223.0,128.0,97.0,205.0
222.0,125.0,97.0,204.0
221.0,123.0,97.0,204.0
222.0,121.0,97.0,203.0
223.0,118.0,97.0,203.0
224.0,116.0,97.0,202.0
228.0,114.0,97.0,202.0
231.0,113.0,95.0,198.0
237.0,111.0,95.0,198.0
241.0,109.0,95.0,196.0
245.0,108.0,95.0,196.0
250.0,106.0,95.0,196.0
254.0,104.0,95.0,197.0
258.0,103.0,95.0,197.0
261.0,101.0,95.0,198.0
266.0,98.0,95.0,198.0
269.0,96.0,95.0,198.0
272.0,92.0,95.0,198.0
276.0,88.0,95.0,198.0
278.0,84.0,95.0,198.0
281.0,81.0,95.0,198.0
283.0,77.0,95.0,197.0
286.0,75.0,95.0,197.0
289.0,72.0,95.0,196.0
291.0,71.0,95.0,196.0
295.0,70.0,93.0,192.0
298.0,68.0,93.0,192.0
301.0,67.0,93.0,192.0
305.0,67.0,91.0,189.0
308.0,65.0,91.0,190.0
312.0,64.0,91.0,190.0
315.0,64.0,91.0,190.0
319.0,64.0,91.0,190.0
323.0,65.0,89.0,186.0
327.0,65.0,89.0,186.0
331.0,64.0,89.0,186.0
336.0,64.0,89.0,186.0
340.0,63.0,89.0,186.0
344.0,62.0,89.0,186.0
349.0,60.0,89.0,186.0
353.0,57.0,89.0,186.0
356.0,56.0,89.0,186.0
360.0,54.0,89.0,186.0
364.0,53.0,89.0,186.0
367.0,52.0,89.0,186.0
371.0,51.0,89.0,185.0
375.0,51.0,89.0,185.0
377.0,50.0,89.0,185.0
381.0,51.0,89.0,185.0
384.0,51.0,89.0,185.0
388.0,51.0,89.0,185.0
391.0,51.0,89.0,185.0
395.0,53.0,87.0,182.0
397.0,52.0,87.0,182.0
400.0,53.0,87.0,183.0
402.0,54.0,87.0,183.0
405.0,54.0,87.0,184.0
408.0,54.0,87.0,184.0
410.0,53.0,87.0,184.0
412.0,53.0,87.0,184.0
415.0,53.0,87.0,184.0
416.0,52.0,87.0,184.0
419.0,51.0,87.0,184.0
422.0,51.0,87.0,183.0
425.0,51.0,87.0,183.0
428.0,51.0,87.0,182.0
430.0,52.0,87.0,182.0
433.0,52.0,87.0,182.0
436.0,52.0,87.0,182.0
439.0,53.0,87.0,182.0
442.0,55.0,85.0,179.0
445.0,56.0,85.0,179.0
448.0,57.0,85.0,179.0
451.0,58.0,84.0,180.0
454.0,59.0,84.0,180.0
457.0,60.0,84.0,180.0
460.0,61.0,84.0,180.0
463.0,62.0,84.0,180.0
465.0,62.0,84.0,180.0
468.0,62.0,84.0,180.0
471.0,62.0,84.0,180.0
473.0,62.0,84.0,180.0
475.0,61.0,84.0,180.0
478.0,61.0,84.0,180.0
481.0,61.0,85.0,179.0
483.0,61.0,85.0,179.0
485.0,61.0,85.0,178.0
488.0,61.0,85.0,178.0
491.0,62.0,85.0,179.0
493.0,63.0,85.0,179.0
495.0,64.0,85.0,180.0
497.0,66.0,85.0,180.0
499.0,67.0,85.0,180.0
500.0,69.0,85.0,180.0
501.0,73.0,85.0,180.0
501.0,75.0,85.0,180.0
501.0,77.0,85.0,181.0
498.0,78.0,87.0,184.0
495.0,81.0,87.0,185.0
490.0,81.0,88.0,187.0
485.0,81.0,90.0,191.0
480.0,82.0,90.0,191.0
474.0,83.0,90.0,191.0
468.0,84.0,90.0,191.0
461.0,85.0,90.0,191.0
455.0,87.0,90.0,190.0
449.0,90.0,90.0,190.0
443.0,91.0,91.0,193.0
438.0,93.0,92.0,193.0
431.0,96.0,92.0,193.0
427.0,98.0,92.0,193.0
423.0,101.0,92.0,193.0
419.0,103.0,92.0,194.0
416.0,105.0,92.0,194.0
413.0,108.0,92.0,194.0
410.0,111.0,92.0,195.0
409.0,113.0,92.0,195.0
408.0,114.0,92.0,195.0
406.0,116.0,92.0,195.0
406.0,116.0,92.0,195.0
406.0,116.0,92.0,195.0
407.0,114.0,92.0,195.0
408.0,112.0,92.0,195.0
409.0,111.0,92.0,195.0
410.0,109.0,92.0,195.0
411.0,108.0,92.0,195.0
413.0,108.0,92.0,195.0
414.0,107.0,92.0,194.0
415.0,106.0,92.0,193.0
416.0,106.0,92.0,193.0
417.0,106.0,92.0,193.0
418.0,106.0,92.0,193.0
420.0,106.0,92.0,194.0
420.0,106.0,92.0,194.0
422.0,106.0,92.0,194.0
422.0,107.0,92.0,195.0
423.0,107.0,92.0,195.0
425.0,108.0,92.0,196.0
425.0,107.0,92.0,196.0
426.0,107.0,92.0,196.0
427.0,106.0,92.0,196.0
427.0,104.0,92.0,196.0
428.0,101.0,92.0,196.0
428.0,100.0,92.0,196.0
429.0,100.0,93.0,195.0
429.0,99.0,93.0,194.0
430.0,99.0,93.0,193.0
430.0,99.0,93.0,193.0
431.0,99.0,93.0,193.0
432.0,99.0,93.0,193.0
434.0,99.0,93.0,193.0
436.0,101.0,91.0,190.0
437.0,101.0,91.0,190.0
439.0,102.0,91.0,191.0
440.0,102.0,91.0,191.0
442.0,103.0,91.0,192.0
443.0,104.0,91.0,192.0
444.0,105.0,91.0,192.0
446.0,106.0,91.0,192.0
448.0,105.0,91.0,192.0
449.0,104.0,91.0,192.0
450.0,104.0,91.0,192.0
451.0,102.0,91.0,192.0
452.0,102.0,91.0,192.0
453.0,102.0,91.0,192.0
454.0,101.0,91.0,191.0
454.0,100.0,93.0,194.0
454.0,100.0,94.0,194.0
455.0,101.0,94.0,194.0
456.0,101.0,94.0,194.0
457.0,102.0,94.0,194.0
457.0,103.0,94.0,194.0
459.0,105.0,94.0,194.0
459.0,106.0,94.0,194.0
460.0,108.0,94.0,195.0
459.0,109.0,94.0,195.0
459.0,111.0,94.0,196.0
460.0,112.0,94.0,196.0
461.0,114.0,94.0,196.0
460.0,115.0,94.0,196.0
461.0,114.0,94.0,196.0
461.0,114.0,94.0,196.0
462.0,114.0,94.0,196.0
462.0,114.0,94.0,196.0
462.0,114.0,94.0,195.0
462.0,115.0,94.0,194.0
463.0,117.0,94.0,194.0
463.0,118.0,94.0,194.0
464.0,120.0,94.0,194.0
464.0,122.0,94.0,195.0
465.0,124.0,94.0,195.0
465.0,126.0,94.0,195.0
466.0,128.0,94.0,196.0
467.0,130.0,93.0,196.0
468.0,133.0,93.0,196.0
469.0,135.0,93.0,196.0
471.0,136.0,93.0,197.0
472.0,138.0,93.0,197.0
473.0,138.0,93.0,197.0
474.0,138.0,93.0,197.0
474.0,137.0,93.0,197.0
474.0,135.0,95.0,200.0
474.0,135.0,95.0,200.0
475.0,136.0,95.0,199.0
475.0,135.0,95.0,199.0
475.0,136.0,95.0,198.0
474.0,136.0,95.0,198.0
475.0,138.0,95.0,198.0
475.0,140.0,95.0,198.0
475.0,142.0,95.0,198.0
476.0,144.0,95.0,198.0
476.0,146.0,95.0,199.0
477.0,148.0,95.0,199.0
477.0,150.0,95.0,200.0
477.0,152.0,95.0,200.0
477.0,155.0,95.0,200.0
477.0,157.0,95.0,200.0
477.0,158.0,95.0,200.0
477.0,160.0,95.0,200.0
477.0,159.0,95.0,200.0
477.0,159.0,95.0,200.0
477.0,160.0,95.0,200.0
476.0,160.0,95.0,200.0
476.0,160.0,95.0,199.0
476.0,160.0,95.0,198.0
477.0,161.0,95.0,198.0
476.0,162.0,95.0,198.0
477.0,163.0,95.0,198.0
476.0,164.0,95.0,198.0
477.0,164.0,95.0,198.0
478.0,166.0,95.0,199.0
478.0,167.0,95.0,199.0
479.0,168.0,95.0,199.0
481.0,170.0,95.0,200.0
482.0,172.0,95.0,200.0
483.0,173.0,95.0,200.0
484.0,175.0,94.0,201.0
486.0,176.0,95.0,201.0
488.0,175.0,95.0,201.0
489.0,174.0,95.0,201.0
491.0,173.0,95.0,201.0
493.0,171.0,95.0,201.0
495.0,171.0,95.0,201.0
496.0,170.0,95.0,200.0
497.0,168.0,96.0,202.0
498.0,168.0,96.0,201.0
500.0,167.0,96.0,201.0
502.0,167.0,96.0,201.0
502.0,167.0,96.0,201.0
503.0,168.0,96.0,201.0
504.0,169.0,96.0,201.0
506.0,172.0,95.0,199.0
507.0,173.0,95.0,199.0
509.0,175.0,93.0,195.0
510.0,176.0,93.0,195.0
511.0,177.0,93.0,196.0
512.0,178.0,93.0,196.0
513.0,178.0,93.0,197.0
514.0,177.0,93.0,197.0
515.0,175.0,93.0,196.0
515.0,174.0,93.0,196.0
517.0,174.0,93.0,196.0
518.0,174.0,93.0,195.0
519.0,172.0,95.0,198.0
520.0,172.0,95.0,198.0
523.0,172.0,95.0,198.0
524.0,173.0,95.0,198.0
526.0,173.0,95.0,198.0
528.0,174.0,95.0,198.0
530.0,174.0,95.0,199.0
533.0,176.0,95.0,199.0
535.0,177.0,95.0,199.0
537.0,178.0,95.0,200.0
540.0,179.0,95.0,200.0
542.0,181.0,95.0,201.0
543.0,181.0,95.0,201.0
544.0,181.0,95.0,201.0
545.0,181.0,95.0,201.0
546.0,180.0,95.0,201.0
547.0,179.0,95.0,201.0
547.0,178.0,95.0,201.0
547.0,178.0,95.0,201.0
547.0,178.0,95.0,201.0
546.0,179.0,95.0,200.0
546.0,179.0,95.0,199.0
543.0,179.0,97.0,202.0
542.0,181.0,97.0,202.0
539.0,183.0,98.0,203.0
537.0,185.0,98.0,203.0
534.0,187.0,98.0,204.0
530.0,189.0,99.0,208.0
526.0,192.0,99.0,209.0
521.0,195.0,99.0,209.0
514.0,198.0,101.0,214.0
507.0,200.0,101.0,214.0
499.0,202.0,101.0,214.0
491.0,203.0,101.0,214.0
482.0,201.0,104.0,217.0
474.0,203.0,104.0,217.0
465.0,203.0,104.0,216.0
458.0,206.0,104.0,215.0
449.0,205.0,105.0,218.0
442.0,208.0,105.0,217.0
435.0,210.0,105.0,218.0
428.0,212.0,105.0,219.0
423.0,215.0,105.0,219.0
418.0,217.0,106.0,220.0
415.0,220.0,106.0,220.0
411.0,222.0,106.0,220.0
408.0,225.0,106.0,220.0
407.0,227.0,106.0,220.0
404.0,228.0,108.0,224.0
404.0,228.0,108.0,224.0
403.0,226.0,110.0,229.0
403.0,224.0,110.0,230.0
405.0,222.0,110.0,230.0
406.0,220.0,110.0,230.0
408.0,219.0,110.0,230.0
411.0,219.0,110.0,229.0
413.0,219.0,110.0,228.0
417.0,218.0,110.0,227.0
419.0,217.0,110.0,227.0
422.0,217.0,110.0,227.0
424.0,216.0,110.0,227.0
427.0,215.0,110.0,227.0
430.0,214.0,110.0,227.0
433.0,214.0,110.0,227.0
436.0,213.0,110.0,228.0
438.0,212.0,110.0,229.0
441.0,211.0,110.0,230.0
443.0,209.0,110.0,230.0
445.0,208.0,110.0,230.0
448.0,206.0,110.0,231.0
451.0,202.0,110.0,230.0
454.0,199.0,110.0,230.0
457.0,195.0,110.0,230.0
461.0,192.0,110.0,229.0
464.0,192.0,108.0,224.0
468.0,189.0,108.0,223.0
472.0,188.0,107.0,219.0
476.0,187.0,105.0,215.0
482.0,186.0,102.0,211.0
487.0,183.0,102.0,211.0
492.0,184.0,99.0,207.0
495.0,183.0,99.0,207.0
497.0,182.0,99.0,207.0
498.0,182.0,99.0,207.0
499.0,181.0,99.0,207.0
497.0,181.0,99.0,207.0
497.0,181.0,97.0,203.0
496.0,179.0,97.0,203.0
493.0,176.0,97.0,203.0
492.0,173.0,97.0,203.0
491.0,170.0,97.0,203.0
489.0,168.0,97.0,203.0
486.0,166.0,97.0,203.0
483.0,163.0,97.0,203.0
479.0,162.0,97.0,202.0
477.0,160.0,97.0,202.0
474.0,158.0,97.0,201.0
470.0,157.0,97.0,201.0
466.0,156.0,97.0,201.0
463.0,154.0,97.0,201.0
460.0,153.0,97.0,201.0
458.0,153.0,97.0,201.0
456.0,152.0,97.0,202.0
455.0,151.0,97.0,202.0
454.0,151.0,97.0,202.0
453.0,149.0,97.0,202.0
454.0,148.0,97.0,202.0
455.0,145.0,97.0,202.0
456.0,142.0,97.0,202.0
459.0,140.0,97.0,202.0
461.0,136.0,97.0,202.0
464.0,132.0,97.0,202.0
470.0,128.0,96.0,202.0
472.0,125.0,96.0,202.0
476.0,122.0,95.0,202.0
480.0,120.0,95.0,201.0
484.0,119.0,95.0,201.0
487.0,118.0,94.0,198.0
491.0,117.0,93.0,195.0
494.0,115.0,93.0,195.0
497.0,114.0,93.0,195.0
500.0,114.0,93.0,195.0
504.0,112.0,93.0,195.0
507.0,112.0,93.0,195.0
512.0,112.0,92.0,191.0
516.0,111.0,92.0,191.0
520.0,111.0,92.0,191.0
525.0,108.0,92.0,191.0
528.0,106.0,92.0,191.0
533.0,103.0,92.0,191.0
535.0,100.0,92.0,191.0
536.0,98.0,92.0,191.0
538.0,95.0,92.0,191.0
536.0,92.0,93.0,195.0
535.0,90.0,93.0,195.0
534.0,88.0,93.0,195.0
531.0,86.0,95.0,199.0
529.0,85.0,95.0,199.0
525.0,83.0,96.0,202.0
521.0,83.0,96.0,203.0
515.0,83.0,96.0,203.0
510.0,82.0,96.0,204.0
502.0,80.0,96.0,204.0
494.0,79.0,95.0,204.0
486.0,78.0,95.0,204.0
479.0,77.0,95.0,205.0
469.0,76.0,95.0,205.0
460.0,74.0,95.0,205.0
450.0,72.0,95.0,205.0
439.0,70.0,95.0,205.0
429.0,68.0,95.0,205.0
417.0,67.0,95.0,204.0
407.0,67.0,95.0,204.0
397.0,66.0,95.0,203.0
388.0,66.0,96.0,203.0
378.0,66.0,96.0,203.0
369.0,67.0,97.0,202.0
363.0,67.0,97.0,202.0
356.0,68.0,97.0,203.0
351.0,71.0,97.0,203.0
347.0,71.0,97.0,203.0
344.0,73.0,97.0,203.0
342.0,73.0,97.0,204.0
340.0,74.0,97.0,204.0
340.0,74.0,97.0,204.0
340.0,74.0,97.0,204.0
342.0,72.0,97.0,204.0
344.0,70.0,96.0,204.0
347.0,67.0,96.0,204.0
348.0,64.0,96.0,204.0
352.0,62.0,96.0,204.0
354.0,59.0,96.0,204.0
357.0,58.0,96.0,203.0
360.0,56.0,96.0,202.0
362.0,55.0,96.0,202.0
366.0,54.0,96.0,202.0
369.0,55.0,95.0,199.0
372.0,54.0,95.0,199.0
374.0,53.0,95.0,199.0
378.0,53.0,95.0,199.0
380.0,52.0,95.0,199.0
383.0,53.0,95.0,199.0
386.0,54.0,93.0,196.0
389.0,55.0,93.0,196.0
393.0,54.0,93.0,196.0
395.0,54.0,93.0,197.0
398.0,53.0,93.0,197.0
401.0,51.0,93.0,197.0
404.0,50.0,93.0,197.0
407.0,47.0,93.0,197.0
409.0,45.0,93.0,197.0
412.0,44.0,93.0,197.0
415.0,42.0,92.0,197.0
417.0,41.0,92.0,196.0
421.0,40.0,92.0,196.0
422.0,40.0,92.0,195.0
425.0,39.0,92.0,195.0
429.0,39.0,92.0,194.0
433.0,41.0,91.0,190.0
435.0,42.0,91.0,190.0
438.0,42.0,91.0,190.0
441.0,43.0,91.0,190.0
444.0,44.0,89.0,187.0
448.0,46.0,89.0,188.0
451.0,48.0,87.0,185.0
456.0,50.0,85.0,182.0
460.0,52.0,85.0,182.0
464.0,53.0,85.0,182.0
468.0,54.0,85.0,182.0
472.0,55.0,85.0,182.0
477.0,56.0,84.0,182.0
481.0,56.0,84.0,182.0
485.0,55.0,84.0,182.0
488.0,54.0,84.0,182.0
492.0,54.0,85.0,181.0
495.0,55.0,85.0,181.0
498.0,55.0,85.0,180.0
501.0,56.0,85.0,180.0
504.0,58.0,85.0,179.0
508.0,60.0,85.0,177.0
511.0,61.0,85.0,177.0
515.0,64.0,83.0,173.0
519.0,65.0,82.0,170.0
522.0,68.0,82.0,170.0
525.0,71.0,82.0,170.0
529.0,74.0,81.0,168.0
533.0,77.0,80.0,168.0
536.0,80.0,80.0,168.0
539.0,83.0,80.0,169.0
542.0,85.0,80.0,169.0
546.0,87.0,80.0,169.0
548.0,88.0,80.0,169.0
553.0,89.0,80.0,169.0
555.0,91.0,80.0,169.0
560.0,92.0,79.0,169.0
563.0,93.0,79.0,168.0
565.0,95.0,79.0,168.0
569.0,97.0,79.0,168.0
572.0,98.0,79.0,167.0
576.0,101.0,79.0,167.0
579.0,103.0,79.0,167.0
583.0,107.0,77.0,164.0
586.0,110.0,77.0,164.0
589.0,113.0,77.0,164.0
591.0,118.0,76.0,160.0
592.0,121.0,76.0,160.0
592.0,125.0,77.0,160.0
592.0,128.0,77.0,160.0
591.0,133.0,75.0,158.0
588.0,136.0,75.0,158.0
588.0,137.0,75.0,158.0
585.0,140.0,75.0,159.0
581.0,142.0,75.0,159.0
575.0,143.0,75.0,159.0
568.0,145.0,75.0,159.0
562.0,146.0,75.0,159.0
554.0,148.0,75.0,159.0
545.0,149.0,75.0,158.0
537.0,151.0,75.0,158.0
527.0,153.0,75.0,158.0
517.0,156.0,75.0,157.0
505.0,158.0,75.0,157.0
493.0,161.0,77.0,159.0
481.0,165.0,77.0,159.0
471.0,169.0,77.0,159.0
459.0,173.0,77.0,160.0
448.0,176.0,77.0,160.0
438.0,181.0,77.0,161.0
428.0,184.0,77.0,161.0
421.0,189.0,77.0,161.0
411.0,193.0,77.0,161.0
406.0,197.0,77.0,161.0
396.0,200.0,77.0,162.0
389.0,203.0,77.0,162.0
384.0,205.0,77.0,162.0
378.0,207.0,77.0,162.0
374.0,208.0,78.0,166.0
371.0,209.0,78.0,166.0
369.0,211.0,78.0,165.0
368.0,212.0,78.0,165.0
367.0,213.0,78.0,164.0
367.0,215.0,78.0,164.0
367.0,216.0,78.0,163.0
369.0,219.0,78.0,159.0
371.0,220.0,78.0,159.0
374.0,221.0,78.0,159.0
377.0,223.0,77.0,159.0
379.0,226.0,77.0,159.0
382.0,228.0,75.0,157.0
384.0,229.0,75.0,157.0
387.0,230.0,75.0,158.0
389.0,232.0,75.0,158.0
392.0,232.0,75.0,158.0
395.0,233.0,75.0,158.0
398.0,234.0,75.0,158.0
401.0,233.0,75.0,158.0
403.0,232.0,75.0,158.0
406.0,231.0,75.0,158.0
409.0,230.0,75.0,158.0
411.0,229.0,75.0,158.0
413.0,229.0,75.0,158.0
417.0,229.0,75.0,158.0
418.0,230.0,75.0,157.0
422.0,230.0,75.0,157.0
424.0,230.0,75.0,156.0
428.0,230.0,75.0,156.0
430.0,231.0,75.0,156.0
433.0,232.0,75.0,156.0
435.0,233.0,75.0,156.0
438.0,234.0,75.0,157.0
441.0,236.0,75.0,157.0
444.0,237.0,75.0,157.0
446.0,238.0,75.0,157.0
450.0,239.0,75.0,157.0
453.0,240.0,75.0,158.0
457.0,240.0,75.0,158.0
459.0,240.0,75.0,158.0
462.0,239.0,75.0,158.0
465.0,240.0,74.0,156.0
468.0,240.0,74.0,155.0
471.0,240.0,74.0,155.0
473.0,240.0,74.0,155.0
476.0,241.0,74.0,154.0
480.0,243.0,72.0,151.0
482.0,244.0,72.0,150.0
486.0,246.0,72.0,150.0
490.0,247.0,72.0,150.0
493.0,249.0,72.0,150.0
498.0,252.0,71.0,148.0
501.0,255.0,71.0,148.0
506.0,258.0,71.0,148.0
510.0,260.0,71.0,149.0
515.0,262.0,71.0,149.0
520.0,266.0,71.0,149.0
524.0,267.0,71.0,149.0
529.0,269.0,71.0,149.0
534.0,270.0,71.0,149.0
539.0,270.0,71.0,149.0
544.0,272.0,71.0,149.0
549.0,272.0,71.0,149.0
554.0,275.0,71.0,149.0
558.0,276.0,71.0,148.0
562.0,278.0,71.0,148.0
567.0,281.0,71.0,147.0
571.0,285.0,71.0,147.0
575.0,287.0,71.0,146.0
580.0,290.0,70.0,145.0
585.0,294.0,71.0,147.0
588.0,297.0,70.0,146.0
594.0,301.0,71.0,148.0
597.0,304.0,70.0,146.0
602.0,308.0,71.0,148.0
605.0,312.0,70.0,146.0
612.0,316.0,70.0,146.0
614.0,318.0,70.0,146.0
621.0,322.0,70.0,146.0
623.0,323.0,70.0,147.0
628.0,326.0,69.0,144.0
631.0,328.0,70.0,147.0
635.0,330.0,70.0,147.0
639.0,331.0,70.0,147.0
644.0,335.0,69.0,144.0
650.0,340.0,69.0,143.0
652.0,342.0,69.0,143.0
658.0,347.0,69.0,142.0
661.0,350.0,67.0,139.0
667.0,355.0,67.0,139.0
670.0,358.0,67.0,139.0
676.0,363.0,67.0,139.0
679.0,366.0,67.0,139.0
685.0,372.0,67.0,139.0
688.0,374.0,67.0,139.0
695.0,380.0,66.0,139.0
700.0,384.0,66.0,139.0
703.0,387.0,66.0,137.0
709.0,391.0,66.0,137.0
710.0,392.0,66.0,137.0
712.0,393.0,66.0,137.0
712.0,395.0,66.0,137.0
712.0,397.0,66.0,137.0
711.0,399.0,66.0,136.0
709.0,401.0,66.0,136.0
707.0,403.0,66.0,136.0
701.0,404.0,66.0,135.0
698.0,407.0,66.0,135.0
693.0,408.0,66.0,135.0
686.0,411.0,66.0,135.0
680.0,413.0,66.0,136.0
673.0,415.0,66.0,136.0
666.0,418.0,66.0,136.0
659.0,419.0,66.0,137.0
651.0,421.0,66.0,137.0
643.0,422.0,66.0,138.0
634.0,422.0,67.0,141.0
626.0,422.0,67.0,141.0
618.0,423.0,67.0,141.0
609.0,422.0,67.0,141.0
601.0,422.0,67.0,141.0
593.0,422.0,67.0,141.0
585.0,422.0,67.0,141.0
576.0,422.0,67.0,140.0
568.0,423.0,67.0,139.0
560.0,423.0,67.0,138.0
554.0,425.0,67.0,138.0
548.0,426.0,67.0,138.0
544.0,427.0,66.0,138.0
539.0,427.0,66.0,139.0
536.0,428.0,66.0,136.0
534.0,430.0,66.0,137.0
531.0,431.0,66.0,137.0
531.0,430.0,66.0,137.0
530.0,430.0,66.0,138.0
530.0,428.0,66.0,138.0
531.0,426.0,66.0,138.0
532.0,424.0,66.0,138.0
532.0,420.0,66.0,138.0
535.0,417.0,66.0,138.0
536.0,414.0,66.0,138.0
538.0,411.0,65.0,135.0
541.0,409.0,66.0,136.0
543.0,406.0,65.0,134.0
546.0,403.0,65.0,133.0
549.0,401.0,65.0,133.0
552.0,399.0,64.0,130.0
554.0,398.0,64.0,131.0
557.0,395.0,64.0,131.0
558.0,392.0,64.0,131.0
560.0,390.0,64.0,132.0
564.0,388.0,62.0,130.0
565.0,385.0,62.0,131.0
566.0,382.0,62.0,131.0
568.0,380.0,62.0,128.0
570.0,376.0,62.0,129.0
571.0,372.0,62.0,129.0
573.0,368.0,61.0,127.0
575.0,363.0,61.0,127.0
577.0,360.0,61.0,126.0
578.0,357.0,60.0,125.0
579.0,354.0,59.0,122.0
582.0,352.0,60.0,124.0
582.0,347.0,60.0,124.0
584.0,344.0,60.0,123.0
585.0,342.0,60.0,123.0
586.0,339.0,59.0,121.0
588.0,337.0,58.0,119.0
590.0,334.0,58.0,119.0
592.0,331.0,58.0,120.0
594.0,328.0,58.0,120.0
596.0,326.0,57.0,119.0
597.0,323.0,56.0,117.0
598.0,320.0,55.0,114.0
599.0,316.0,55.0,114.0
599.0,312.0,55.0,114.0
599.0,308.0,55.0,114.0
598.0,305.0,55.0,114.0
599.0,302.0,55.0,114.0
598.0,299.0,55.0,113.0
594.0,297.0,54.0,111.0
595.0,295.0,54.0,111.0
593.0,293.0,54.0,110.0
591.0,292.0,54.0,110.0
590.0,290.0,54.0,110.0
585.0,289.0,53.0,109.0
585.0,288.0,53.0,109.0
582.0,287.0,54.0,110.0
579.0,287.0,54.0,110.0
577.0,285.0,54.0,111.0
573.0,283.0,53.0,110.0
571.0,282.0,52.0,110.0
568.0,279.0,52.0,108.0
566.0,278.0,52.0,108.0
564.0,277.0,52.0,108.0
563.0,276.0,51.0,108.0
562.0,274.0,51.0,107.0
560.0,274.0,51.0,106.0
560.0,273.0,50.0,104.0
561.0,273.0,50.0,104.0
562.0,273.0,49.0,103.0
562.0,274.0,48.0,101.0
564.0,274.0,47.0,99.0
566.0,274.0,47.0,99.0
567.0,275.0,46.0,97.0
570.0,275.0,45.0,95.0
572.0,276.0,45.0,95.0
574.0,276.0,45.0,95.0
575.0,276.0,45.0,96.0
578.0,276.0,45.0,95.0
582.0,276.0,45.0,95.0
583.0,275.0,45.0,95.0
586.0,275.0,45.0,95.0
588.0,273.0,44.0,94.0
590.0,274.0,43.0,92.0
593.0,273.0,43.0,92.0
595.0,273.0,43.0,90.0
596.0,273.0,43.0,90.0
597.0,274.0,43.0,90.0
599.0,275.0,43.0,90.0
601.0,276.0,42.0,88.0
603.0,277.0,43.0,90.0
603.0,278.0,43.0,90.0
605.0,278.0,43.0,90.0
606.0,280.0,43.0,90.0
608.0,281.0,42.0,88.0
608.0,282.0,42.0,88.0
609.0,283.0,42.0,89.0
611.0,283.0,42.0,89.0
612.0,283.0,42.0,89.0
613.0,283.0,42.0,89.0
613.0,283.0,42.0,88.0
614.0,284.0,42.0,88.0
614.0,285.0,41.0,87.0
615.0,286.0,41.0,87.0
616.0,287.0,41.0,86.0
616.0,289.0,40.0,84.0
615.0,291.0,40.0,84.0
614.0,292.0,40.0,84.0
612.0,293.0,40.0,83.0
610.0,295.0,40.0,83.0
607.0,296.0,40.0,81.0
605.0,297.0,40.0,83.0
602.0,299.0,40.0,82.0
599.0,300.0,40.0,82.0
596.0,301.0,40.0,84.0
594.0,302.0,40.0,82.0
592.0,304.0,40.0,82.0
591.0,304.0,40.0,82.0
590.0,305.0,40.0,82.0
588.0,305.0,40.0,82.0
588.0,305.0,40.0,82.0
587.0,306.0,40.0,82.0
588.0,307.0,40.0,82.0
588.0,307.0,40.0,81.0
588.0,309.0,39.0,79.0
588.0,310.0,39.0,79.0
589.0,312.0,38.0,78.0
591.0,313.0,38.0,78.0
593.0,315.0,39.0,79.0
594.0,316.0,39.0,79.0
596.0,318.0,38.0,78.0
596.0,319.0,40.0,81.0
597.0,321.0,39.0,80.0
599.0,322.0,39.0,80.0
600.0,324.0,38.0,79.0
602.0,325.0,38.0,79.0
603.0,325.0,38.0,79.0
604.0,326.0,38.0,79.0
606.0,326.0,38.0,79.0
606.0,328.0,38.0,79.0
608.0,330.0,37.0,77.0
609.0,332.0,37.0,77.0
611.0,333.0,37.0,76.0
613.0,335.0,37.0,76.0
613.0,337.0,37.0,76.0
615.0,339.0,38.0,78.0
615.0,341.0,38.0,78.0
617.0,343.0,37.0,76.0
620.0,346.0,37.0,76.0
622.0,347.0,37.0,75.0
624.0,351.0,37.0,75.0
625.0,352.0,36.0,74.0
628.0,355.0,36.0,74.0
630.0,356.0,36.0,75.0
633.0,359.0,36.0,75.0
635.0,361.0,36.0,75.0
638.0,363.0,36.0,75.0
639.0,363.0,36.0,75.0
642.0,366.0,37.0,76.0
644.0,367.0,36.0,75.0
646.0,370.0,36.0,74.0
647.0,371.0,36.0,74.0
649.0,374.0,36.0,73.0
650.0,376.0,35.0,72.0
654.0,378.0,36.0,73.0
654.0,380.0,36.0,73.0
658.0,383.0,36.0,74.0
658.0,385.0,36.0,74.0
660.0,388.0,37.0,75.0
662.0,390.0,36.0,74.0
663.0,392.0,35.0,72.0
666.0,395.0,35.0,72.0
666.0,396.0,35.0,73.0
668.0,397.0,35.0,73.0
669.0,398.0,35.0,74.0
671.0,400.0,35.0,73.0
672.0,400.0,35.0,73.0
674.0,401.0,35.0,73.0
676.0,403.0,35.0,73.0
677.0,404.0,35.0,73.0
679.0,407.0,36.0,74.0
680.0,408.0,35.0,72.0
681.0,408.0,35.0,72.0
681.0,410.0,35.0,72.0
679.0,411.0,34.0,71.0
677.0,413.0,34.0,69.0
674.0,415.0,34.0,69.0
670.0,415.0,34.0,71.0
665.0,416.0,34.0,71.0
659.0,417.0,34.0,71.0
654.0,417.0,34.0,71.0
648.0,418.0,34.0,71.0
641.0,418.0,33.0,72.0
634.0,417.0,33.0,72.0
626.0,417.0,33.0,72.0
617.0,416.0,34.0,72.0
607.0,416.0,33.0,72.0
597.0,416.0,33.0,72.0
587.0,417.0,33.0,72.0
576.0,417.0,33.0,71.0
565.0,417.0,33.0,71.0
555.0,419.0,33.0,69.0
544.0,419.0,34.0,69.0
534.0,421.0,34.0,69.0
525.0,422.0,34.0,69.0
516.0,423.0,34.0,69.0
508.0,424.0,34.0,69.0
501.0,425.0,34.0,69.0
494.0,426.0,34.0,69.0
489.0,427.0,34.0,70.0
483.0,427.0,34.0,70.0
479.0,427.0,34.0,70.0
475.0,427.0,34.0,70.0
472.0,427.0,34.0,70.0
469.0,426.0,34.0,70.0
466.0,426.0,34.0,70.0
464.0,426.0,34.0,70.0
463.0,426.0,34.0,69.0
461.0,425.0,34.0,69.0
460.0,425.0,34.0,69.0
461.0,424.0,34.0,69.0
460.0,423.0,34.0,69.0
461.0,423.0,34.0,69.0
462.0,422.0,34.0,69.0
463.0,421.0,34.0,69.0
464.0,421.0,34.0,69.0
465.0,420.0,34.0,69.0
468.0,419.0,34.0,69.0
469.0,417.0,34.0,69.0
470.0,417.0,34.0,69.0
472.0,414.0,33.0,68.0
474.0,413.0,33.0,69.0
475.0,411.0,33.0,68.0
478.0,409.0,33.0,67.0
478.0,407.0,33.0,67.0
480.0,406.0,33.0,68.0
480.0,406.0,33.0,68.0
481.0,404.0,33.0,67.0
482.0,404.0,33.0,67.0
484.0,402.0,33.0,67.0
485.0,401.0,33.0,67.0
486.0,400.0,33.0,67.0
487.0,399.0,33.0,67.0
488.0,397.0,33.0,67.0
488.0,396.0,33.0,67.0
490.0,395.0,32.0,67.0
490.0,394.0,32.0,67.0
491.0,393.0,32.0,67.0
492.0,392.0,32.0,67.0
492.0,390.0,32.0,67.0
493.0,388.0,32.0,67.0
493.0,387.0,32.0,67.0
494.0,386.0,32.0,67.0
495.0,384.0,32.0,66.0
495.0,384.0,32.0,66.0
496.0,382.0,31.0,64.0
496.0,382.0,31.0,63.0
496.0,381.0,31.0,63.0
498.0,379.0,31.0,63.0
498.0,379.0,31.0,63.0
499.0,379.0,30.0,62.0
500.0,378.0,30.0,62.0
501.0,378.0,30.0,62.0
502.0,376.0,30.0,62.0
503.0,375.0,30.0,62.0
504.0,375.0,30.0,62.0
505.0,373.0,30.0,62.0
506.0,372.0,30.0,62.0
507.0,371.0,30.0,62.0
508.0,369.0,30.0,61.0
510.0,367.0,30.0,61.0
510.0,366.0,30.0,61.0
511.0,364.0,30.0,61.0
511.0,363.0,30.0,61.0
513.0,362.0,30.0,60.0
513.0,362.0,30.0,60.0
514.0,361.0,30.0,60.0
514.0,360.0,29.0,59.0
514.0,359.0,29.0,59.0
515.0,359.0,29.0,59.0
515.0,358.0,29.0,59.0
516.0,357.0,29.0,59.0
517.0,356.0,29.0,59.0
518.0,356.0,29.0,59.0
518.0,355.0,29.0,59.0
519.0,355.0,29.0,60.0
520.0,354.0,28.0,59.0
520.0,353.0,28.0,59.0
521.0,352.0,28.0,59.0
522.0,351.0,28.0,59.0
522.0,350.0,28.0,59.0
523.0,348.0,27.0,59.0
524.0,348.0,27.0,57.0
525.0,348.0,27.0,56.0
525.0,348.0,27.0,55.0
527.0,348.0,27.0,55.0
527.0,348.0,27.0,55.0
528.0,348.0,27.0,55.0
529.0,348.0,27.0,55.0
530.0,347.0,27.0,55.0
531.0,346.0,27.0,55.0
533.0,346.0,27.0,55.0
534.0,346.0,27.0,56.0
536.0,346.0,27.0,56.0
537.0,345.0,27.0,56.0
538.0,344.0,27.0,56.0
540.0,343.0,27.0,56.0
540.0,343.0,27.0,56.0
543.0,342.0,26.0,56.0
543.0,342.0,26.0,56.0
544.0,341.0,26.0,56.0
545.0,340.0,26.0,56.0
546.0,340.0,26.0,56.0
547.0,339.0,26.0,56.0
549.0,340.0,26.0,56.0
550.0,340.0,26.0,56.0
551.0,340.0,26.0,56.0
551.0,340.0,26.0,56.0
552.0,340.0,26.0,56.0
553.0,340.0,26.0,56.0
554.0,340.0,26.0,56.0
555.0,340.0,26.0,56.0
555.0,340.0,26.0,56.0
557.0,339.0,26.0,56.0
557.0,338.0,26.0,56.0
558.0,338.0,26.0,56.0
559.0,338.0,26.0,56.0
559.0,338.0,26.0,55.0
560.0,337.0,26.0,54.0
562.0,337.0,26.0,53.0
562.0,337.0,26.0,53.0
564.0,337.0,26.0,53.0
564.0,337.0,25.0,53.0
565.0,337.0,25.0,52.0
566.0,338.0,25.0,53.0
567.0,338.0,25.0,53.0
568.0,338.0,25.0,53.0
569.0,338.0,25.0,53.0
571.0,338.0,26.0,54.0
572.0,338.0,26.0,54.0
573.0,338.0,25.0,53.0
574.0,338.0,25.0,52.0
576.0,338.0,25.0,53.0
577.0,338.0,25.0,53.0
578.0,338.0,25.0,53.0
579.0,338.0,25.0,53.0
580.0,337.0,25.0,53.0
581.0,337.0,25.0,53.0
584.0,336.0,25.0,53.0
584.0,336.0,25.0,52.0
585.0,336.0,25.0,52.0
586.0,336.0,25.0,52.0
586.0,336.0,25.0,52.0
588.0,336.0,25.0,52.0
588.0,336.0,25.0,52.0
589.0,336.0,25.0,52.0
589.0,336.0,25.0,52.0
591.0,336.0,25.0,52.0
591.0,336.0,25.0,52.0
591.0,336.0,25.0,52.0
592.0,336.0,25.0,52.0
593.0,336.0,25.0,52.0
593.0,336.0,24.0,51.0
593.0,335.0,24.0,51.0
594.0,335.0,24.0,51.0
594.0,335.0,24.0,51.0
594.0,334.0,24.0,51.0
595.0,334.0,24.0,51.0
596.0,334.0,24.0,51.0
596.0,334.0,24.0,51.0
597.0,334.0,23.0,50.0
598.0,334.0,23.0,49.0
599.0,334.0,23.0,49.0
599.0,333.0,23.0,49.0
600.0,333.0,23.0,50.0
602.0,333.0,23.0,50.0
602.0,333.0,23.0,50.0
603.0,333.0,23.0,50.0
603.0,333.0,23.0,50.0
605.0,333.0,23.0,49.0
606.0,332.0,23.0,49.0
607.0,331.0,23.0,49.0
608.0,331.0,23.0,49.0
609.0,330.0,23.0,50.0
609.0,330.0,24.0,50.0
610.0,329.0,24.0,50.0
611.0,328.0,24.0,50.0
612.0,327.0,24.0,50.0
614.0,327.0,24.0,50.0
614.0,326.0,24.0,50.0
615.0,326.0,24.0,50.0
615.0,325.0,24.0,50.0
616.0,326.0,23.0,49.0
616.0,325.0,23.0,49.0
617.0,325.0,23.0,49.0
618.0,325.0,23.0,49.0
619.0,324.0,23.0,49.0
619.0,324.0,23.0,49.0
620.0,323.0,23.0,49.0
620.0,322.0,23.0,48.0
621.0,322.0,23.0,49.0
621.0,320.0,23.0,49.0
621.0,319.0,23.0,49.0
622.0,319.0,23.0,48.0
623.0,318.0,23.0,48.0
623.0,318.0,23.0,48.0
624.0,317.0,23.0,48.0
624.0,316.0,23.0,49.0
625.0,315.0,23.0,48.0
625.0,315.0,23.0,48.0
626.0,315.0,23.0,48.0
627.0,314.0,23.0,48.0
627.0,313.0,23.0,48.0
628.0,313.0,23.0,48.0
629.0,311.0,23.0,48.0
630.0,311.0,23.0,48.0
630.0,310.0,23.0,48.0
632.0,310.0,23.0,48.0
633.0,308.0,23.0,48.0
633.0,307.0,23.0,48.0
635.0,305.0,23.0,48.0
635.0,304.0,23.0,48.0
636.0,302.0,22.0,47.0
637.0,301.0,22.0,47.0
638.0,300.0,22.0,47.0
639.0,299.0,22.0,47.0
639.0,298.0,22.0,47.0
640.0,297.0,22.0,47.0
640.0,297.0,22.0,47.0
641.0,295.0,22.0,47.0
641.0,294.0,22.0,47.0
642.0,293.0,22.0,47.0
642.0,293.0,22.0,47.0
642.0,292.0,22.0,47.0
642.0,291.0,23.0,48.0
643.0,290.0,23.0,48.0
643.0,289.0,23.0,48.0
643.0,287.0,22.0,47.0
643.0,286.0,22.0,47.0
643.0,285.0,22.0,47.0
644.0,283.0,22.0,47.0
644.0,283.0,22.0,47.0
644.0,281.0,22.0,47.0
644.0,280.0,22.0,47.0
645.0,279.0,22.0,47.0
645.0,278.0,22.0,47.0
645.0,277.0,22.0,47.0
645.0,276.0,22.0,47.0
646.0,275.0,22.0,47.0
646.0,274.0,22.0,47.0
646.0,273.0,22.0,47.0
646.0,272.0,22.0,47.0
647.0,271.0,22.0,47.0
647.0,270.0,22.0,47.0
647.0,268.0,22.0,47.0
648.0,268.0,22.0,47.0
648.0,266.0,22.0,47.0
648.0,264.0,22.0,47.0
649.0,262.0,22.0,47.0
649.0,261.0,22.0,47.0
650.0,259.0,23.0,48.0
650.0,258.0,23.0,48.0
650.0,257.0,23.0,48.0
650.0,256.0,23.0,48.0
650.0,254.0,23.0,48.0
650.0,253.0,23.0,48.0
650.0,252.0,22.0,47.0
650.0,251.0,22.0,47.0
650.0,249.0,22.0,47.0
650.0,248.0,22.0,47.0
649.0,247.0,22.0,47.0
649.0,246.0,22.0,47.0
649.0,245.0,22.0,47.0
649.0,244.0,22.0,47.0
648.0,242.0,22.0,47.0
648.0,241.0,22.0,47.0
647.0,239.0,22.0,47.0
646.0,238.0,22.0,47.0
646.0,236.0,22.0,47.0
646.0,234.0,22.0,47.0
646.0,233.0,22.0,47.0
645.0,231.0,22.0,47.0
645.0,230.0,22.0,47.0
645.0,229.0,22.0,47.0
645.0,228.0,22.0,47.0
644.0,227.0,22.0,47.0
644.0,226.0,22.0,47.0
644.0,225.0,22.0,47.0
644.0,224.0,22.0,47.0
644.0,224.0,22.0,47.0
644.0,222.0,22.0,47.0
644.0,222.0,22.0,47.0
643.0,221.0,22.0,47.0
644.0,221.0,22.0,47.0
644.0,219.0,22.0,47.0
644.0,217.0,22.0,47.0
645.0,216.0,21.0,46.0
645.0,215.0,21.0,46.0
645.0,214.0,22.0,47.0
645.0,212.0,22.0,47.0
646.0,211.0,22.0,47.0
646.0,210.0,22.0,47.0
646.0,210.0,22.0,47.0
646.0,208.0,21.0,46.0
646.0,207.0,21.0,46.0
646.0,207.0,21.0,46.0
647.0,206.0,21.0,46.0
647.0,204.0,21.0,45.0
647.0,204.0,21.0,45.0
647.0,203.0,21.0,45.0
648.0,203.0,21.0,46.0
648.0,202.0,21.0,46.0
648.0,201.0,21.0,46.0
648.0,200.0,21.0,46.0
648.0,199.0,21.0,46.0
648.0,197.0,21.0,46.0
648.0,196.0,21.0,45.0
648.0,195.0,21.0,45.0
648.0,194.0,21.0,45.0
648.0,193.0,21.0,46.0
