436.0,361.0,100.0,170.0
435.0,361.0,100.0,170.0
436.0,363.0,97.0,166.0
435.0,363.0,97.0,166.0
435.0,366.0,95.0,164.0
433.0,366.0,97.0,166.0
430.0,365.0,99.0,169.0
427.0,364.0,102.0,173.0
425.0,364.0,102.0,173.0
423.0,365.0,102.0,173.0
421.0,364.0,102.0,172.0
419.0,366.0,99.0,168.0
418.0,366.0,99.0,168.0
416.0,368.0,97.0,165.0
414.0,368.0,97.0,165.0
411.0,369.0,97.0,165.0
408.0,370.0,97.0,166.0
405.0,371.0,97.0,166.0
402.0,372.0,97.0,166.0
398.0,374.0,97.0,167.0
395.0,375.0,97.0,167.0
393.0,376.0,97.0,167.0
390.0,376.0,97.0,167.0
387.0,377.0,97.0,168.0
385.0,376.0,97.0,168.0
382.0,375.0,99.0,170.0
379.0,375.0,99.0,170.0
377.0,374.0,99.0,170.0
375.0,375.0,97.0,167.0
374.0,375.0,97.0,166.0
371.0,377.0,95.0,163.0
370.0,377.0,96.0,163.0
369.0,378.0,95.0,161.0
366.0,378.0,95.0,161.0
364.0,379.0,95.0,161.0
362.0,380.0,95.0,161.0
360.0,381.0,95.0,161.0
359.0,382.0,95.0,161.0
358.0,382.0,95.0,161.0
357.0,382.0,95.0,161.0
356.0,383.0,95.0,161.0
355.0,383.0,95.0,161.0
356.0,385.0,94.0,158.0
354.0,384.0,94.0,158.0
354.0,384.0,94.0,158.0
353.0,383.0,94.0,158.0
352.0,382.0,94.0,157.0
352.0,383.0,92.0,154.0
351.0,382.0,92.0,153.0
350.0,382.0,92.0,154.0
349.0,382.0,92.0,154.0
349.0,382.0,92.0,155.0
348.0,382.0,92.0,155.0
346.0,382.0,92.0,155.0
345.0,383.0,92.0,155.0
344.0,383.0,92.0,156.0
342.0,384.0,92.0,156.0
341.0,384.0,92.0,156.0
340.0,384.0,92.0,156.0
339.0,383.0,92.0,156.0
338.0,382.0,92.0,156.0
337.0,381.0,92.0,156.0
336.0,380.0,92.0,156.0
335.0,379.0,92.0,156.0
334.0,378.0,92.0,155.0
334.0,377.0,92.0,155.0
333.0,376.0,92.0,154.0
333.0,376.0,92.0,154.0
332.0,376.0,92.0,154.0
332.0,375.0,92.0,154.0
332.0,375.0,92.0,155.0
333.0,374.0,92.0,155.0
332.0,374.0,93.0,155.0
333.0,373.0,93.0,155.0
333.0,373.0,93.0,155.0
335.0,373.0,93.0,155.0
335.0,373.0,93.0,155.0
336.0,372.0,93.0,155.0
336.0,371.0,93.0,155.0
338.0,369.0,93.0,155.0
338.0,367.0,93.0,155.0
339.0,366.0,93.0,155.0
340.0,366.0,93.0,154.0
340.0,365.0,92.0,154.0
340.0,365.0,92.0,154.0
341.0,364.0,92.0,154.0
342.0,363.0,92.0,154.0
342.0,362.0,92.0,154.0
342.0,362.0,92.0,154.0
343.0,361.0,92.0,154.0
342.0,361.0,92.0,154.0
342.0,360.0,92.0,155.0
342.0,360.0,92.0,155.0
341.0,359.0,92.0,155.0
341.0,358.0,92.0,156.0
339.0,357.0,92.0,156.0
339.0,355.0,92.0,156.0
338.0,354.0,92.0,156.0
337.0,353.0,92.0,156.0
337.0,352.0,92.0,156.0
337.0,350.0,92.0,155.0
336.0,349.0,92.0,155.0
337.0,348.0,92.0,154.0
336.0,348.0,92.0,154.0
336.0,346.0,92.0,154.0
336.0,346.0,92.0,154.0
336.0,345.0,92.0,154.0
336.0,345.0,92.0,154.0
337.0,345.0,92.0,154.0
337.0,344.0,92.0,154.0
338.0,343.0,92.0,154.0
339.0,344.0,91.0,152.0
340.0,343.0,91.0,152.0
341.0,342.0,91.0,152.0
342.0,342.0,89.0,149.0
343.0,341.0,89.0,149.0
343.0,341.0,89.0,149.0
344.0,340.0,89.0,149.0
344.0,340.0,89.0,148.0
344.0,340.0,89.0,148.0
344.0,341.0,89.0,148.0
344.0,340.0,90.0,151.0
343.0,342.0,92.0,154.0
344.0,344.0,92.0,154.0
344.0,347.0,92.0,155.0
343.0,351.0,92.0,155.0
343.0,353.0,93.0,158.0
342.0,357.0,93.0,159.0
342.0,360.0,93.0,159.0
341.0,364.0,93.0,159.0
341.0,367.0,93.0,159.0
340.0,369.0,93.0,159.0
339.0,371.0,93.0,159.0
338.0,372.0,94.0,162.0
338.0,376.0,94.0,162.0
338.0,381.0,94.0,162.0
337.0,385.0,94.0,162.0
337.0,388.0,95.0,161.0
336.0,393.0,95.0,161.0
336.0,396.0,95.0,161.0
338.0,402.0,95.0,162.0
336.0,405.0,95.0,162.0
337.0,407.0,95.0,162.0
339.0,409.0,95.0,162.0
341.0,410.0,95.0,162.0
346.0,413.0,95.0,162.0
352.0,414.0,95.0,162.0
357.0,414.0,95.0,162.0
360.0,414.0,95.0,162.0
364.0,414.0,95.0,162.0
369.0,416.0,95.0,162.0
373.0,416.0,95.0,162.0
375.0,416.0,95.0,161.0
378.0,417.0,95.0,161.0
380.0,419.0,94.0,157.0
384.0,420.0,94.0,157.0
387.0,420.0,94.0,157.0
390.0,421.0,94.0,157.0
393.0,422.0,94.0,157.0
395.0,423.0,94.0,157.0
398.0,424.0,94.0,158.0
400.0,425.0,94.0,158.0
401.0,428.0,92.0,156.0
404.0,428.0,92.0,156.0
405.0,429.0,92.0,156.0
408.0,429.0,92.0,157.0
409.0,429.0,92.0,157.0
410.0,429.0,92.0,157.0
410.0,429.0,92.0,157.0
410.0,426.0,94.0,159.0
409.0,424.0,94.0,159.0
407.0,422.0,95.0,162.0
407.0,422.0,95.0,162.0
407.0,422.0,95.0,161.0
406.0,423.0,95.0,161.0
406.0,423.0,95.0,161.0
405.0,424.0,95.0,161.0
405.0,426.0,95.0,161.0
405.0,428.0,95.0,161.0
405.0,429.0,95.0,162.0
406.0,431.0,95.0,162.0
405.0,432.0,95.0,162.0
404.0,433.0,95.0,162.0
404.0,434.0,95.0,162.0
405.0,435.0,95.0,162.0
404.0,435.0,95.0,162.0
405.0,436.0,95.0,162.0
404.0,436.0,95.0,162.0
404.0,437.0,95.0,162.0
404.0,437.0,95.0,162.0
403.0,438.0,95.0,162.0
402.0,439.0,95.0,162.0
401.0,440.0,95.0,162.0
401.0,440.0,95.0,162.0
400.0,441.0,95.0,162.0
399.0,443.0,95.0,162.0
397.0,444.0,95.0,162.0
396.0,445.0,95.0,163.0
395.0,446.0,95.0,163.0
394.0,446.0,95.0,163.0
392.0,446.0,95.0,163.0
390.0,446.0,95.0,163.0
388.0,446.0,95.0,163.0
387.0,446.0,95.0,163.0
384.0,444.0,97.0,166.0
382.0,444.0,97.0,165.0
380.0,445.0,97.0,165.0
379.0,444.0,97.0,164.0
378.0,445.0,97.0,164.0
377.0,445.0,97.0,164.0
375.0,445.0,97.0,164.0
373.0,446.0,97.0,164.0
373.0,447.0,97.0,164.0
372.0,447.0,97.0,164.0
371.0,448.0,97.0,164.0
370.0,448.0,97.0,164.0
369.0,449.0,97.0,164.0
369.0,448.0,97.0,165.0
368.0,448.0,97.0,165.0
368.0,448.0,97.0,165.0
367.0,448.0,97.0,165.0
367.0,447.0,97.0,165.0
366.0,447.0,97.0,165.0
365.0,446.0,97.0,165.0
365.0,446.0,97.0,164.0
363.0,444.0,97.0,164.0
363.0,444.0,97.0,164.0
362.0,444.0,97.0,164.0
361.0,444.0,97.0,164.0
360.0,444.0,97.0,164.0
358.0,444.0,97.0,164.0
356.0,443.0,97.0,164.0
355.0,443.0,97.0,164.0
354.0,444.0,97.0,165.0
353.0,443.0,97.0,165.0
351.0,443.0,97.0,165.0
349.0,443.0,97.0,166.0
347.0,441.0,97.0,166.0
346.0,440.0,97.0,166.0
343.0,440.0,97.0,166.0
342.0,438.0,97.0,166.0
339.0,437.0,97.0,166.0
337.0,436.0,97.0,165.0
337.0,435.0,97.0,164.0
335.0,434.0,97.0,164.0
333.0,434.0,97.0,164.0
331.0,433.0,97.0,164.0
330.0,434.0,95.0,162.0
329.0,433.0,95.0,162.0
327.0,433.0,95.0,162.0
326.0,432.0,95.0,162.0
326.0,431.0,95.0,162.0
325.0,431.0,95.0,162.0
324.0,430.0,95.0,162.0
323.0,430.0,95.0,162.0
323.0,429.0,95.0,162.0
322.0,428.0,95.0,162.0
321.0,427.0,95.0,162.0
320.0,425.0,95.0,162.0
320.0,424.0,95.0,162.0
319.0,423.0,95.0,162.0
318.0,421.0,95.0,162.0
317.0,420.0,95.0,162.0
316.0,418.0,95.0,162.0
315.0,417.0,95.0,162.0
314.0,416.0,95.0,162.0
312.0,415.0,95.0,162.0
310.0,414.0,95.0,162.0
309.0,413.0,95.0,163.0
308.0,412.0,95.0,163.0
305.0,411.0,95.0,163.0
304.0,409.0,95.0,163.0
302.0,408.0,95.0,164.0
300.0,406.0,95.0,164.0
299.0,404.0,95.0,164.0
297.0,400.0,95.0,164.0
296.0,398.0,95.0,164.0
294.0,396.0,95.0,164.0
292.0,394.0,96.0,163.0
292.0,392.0,96.0,163.0
290.0,390.0,96.0,163.0
288.0,388.0,96.0,163.0
287.0,386.0,96.0,163.0
287.0,384.0,96.0,163.0
285.0,383.0,96.0,163.0
285.0,381.0,96.0,163.0
284.0,380.0,96.0,163.0
283.0,379.0,96.0,163.0
282.0,377.0,96.0,163.0
282.0,376.0,96.0,163.0
282.0,374.0,96.0,163.0
282.0,372.0,96.0,163.0
281.0,369.0,96.0,163.0
281.0,366.0,96.0,163.0
280.0,364.0,96.0,163.0
280.0,361.0,96.0,163.0
280.0,359.0,96.0,162.0
280.0,357.0,96.0,162.0
279.0,356.0,96.0,162.0
278.0,354.0,96.0,162.0
277.0,351.0,96.0,162.0
275.0,350.0,96.0,163.0
274.0,348.0,96.0,163.0
273.0,346.0,96.0,164.0
271.0,345.0,96.0,164.0
270.0,343.0,96.0,164.0
268.0,342.0,96.0,164.0
267.0,340.0,96.0,165.0
265.0,337.0,96.0,165.0
263.0,335.0,96.0,165.0
262.0,331.0,96.0,165.0
260.0,328.0,96.0,165.0
260.0,324.0,96.0,165.0
258.0,323.0,96.0,165.0
256.0,320.0,96.0,164.0
255.0,317.0,96.0,164.0
254.0,315.0,97.0,164.0
252.0,313.0,97.0,164.0
252.0,311.0,97.0,164.0
251.0,310.0,97.0,164.0
250.0,308.0,97.0,164.0
249.0,307.0,97.0,164.0
249.0,306.0,97.0,164.0
248.0,305.0,97.0,165.0
249.0,304.0,97.0,165.0
248.0,302.0,97.0,165.0
247.0,299.0,97.0,165.0
247.0,297.0,97.0,165.0
247.0,296.0,97.0,165.0
246.0,294.0,97.0,165.0
246.0,291.0,97.0,165.0
246.0,289.0,97.0,165.0
245.0,288.0,97.0,164.0
244.0,285.0,97.0,164.0
243.0,284.0,97.0,164.0
242.0,282.0,97.0,164.0
241.0,281.0,97.0,165.0
240.0,280.0,97.0,165.0
239.0,279.0,97.0,165.0
239.0,278.0,97.0,165.0
236.0,277.0,97.0,166.0
236.0,276.0,97.0,166.0
234.0,275.0,97.0,166.0
232.0,273.0,97.0,166.0
230.0,271.0,97.0,167.0
228.0,267.0,97.0,167.0
226.0,266.0,97.0,167.0
225.0,263.0,97.0,167.0
223.0,261.0,97.0,167.0
221.0,259.0,97.0,166.0
219.0,257.0,97.0,166.0
217.0,256.0,97.0,165.0
215.0,254.0,97.0,165.0
214.0,252.0,97.0,165.0
212.0,251.0,97.0,166.0
210.0,250.0,97.0,166.0
209.0,248.0,97.0,166.0
208.0,248.0,97.0,166.0
207.0,246.0,97.0,166.0
206.0,245.0,97.0,166.0
206.0,244.0,97.0,166.0
205.0,243.0,97.0,166.0
205.0,242.0,97.0,166.0
204.0,240.0,97.0,167.0
204.0,238.0,97.0,167.0
203.0,236.0,97.0,167.0
202.0,233.0,97.0,167.0
201.0,231.0,97.0,166.0
200.0,230.0,97.0,166.0
199.0,229.0,98.0,166.0
197.0,228.0,98.0,166.0
196.0,228.0,98.0,166.0
195.0,227.0,98.0,167.0
193.0,226.0,98.0,167.0
192.0,227.0,98.0,167.0
191.0,227.0,98.0,167.0
189.0,226.0,98.0,167.0
186.0,227.0,98.0,167.0
184.0,227.0,99.0,170.0
182.0,226.0,99.0,170.0
180.0,225.0,99.0,171.0
178.0,223.0,101.0,174.0
176.0,223.0,101.0,174.0
174.0,222.0,101.0,174.0
171.0,220.0,101.0,174.0
170.0,220.0,101.0,174.0
168.0,218.0,101.0,173.0
164.0,217.0,103.0,175.0
164.0,217.0,104.0,175.0
162.0,218.0,104.0,175.0
159.0,218.0,105.0,175.0
158.0,218.0,105.0,175.0
157.0,216.0,107.0,179.0
155.0,217.0,107.0,179.0
155.0,218.0,107.0,179.0
154.0,218.0,107.0,179.0
154.0,218.0,107.0,180.0
154.0,218.0,107.0,180.0
155.0,218.0,107.0,180.0
154.0,218.0,107.0,180.0
155.0,217.0,107.0,180.0
155.0,217.0,107.0,180.0
155.0,216.0,107.0,180.0
155.0,214.0,107.0,180.0
154.0,211.0,109.0,182.0
154.0,209.0,109.0,182.0
155.0,209.0,109.0,182.0
154.0,208.0,109.0,182.0
154.0,208.0,109.0,182.0
154.0,209.0,109.0,183.0
154.0,209.0,109.0,183.0
154.0,209.0,109.0,183.0
154.0,209.0,109.0,184.0
153.0,208.0,111.0,188.0
153.0,209.0,111.0,188.0
153.0,209.0,111.0,188.0
153.0,208.0,111.0,189.0
152.0,206.0,111.0,189.0
151.0,205.0,111.0,189.0
150.0,204.0,111.0,189.0
148.0,201.0,113.0,193.0
149.0,201.0,113.0,192.0
149.0,199.0,113.0,192.0
148.0,198.0,113.0,191.0
148.0,197.0,113.0,191.0
148.0,196.0,113.0,191.0
149.0,196.0,114.0,191.0
149.0,196.0,114.0,191.0
149.0,195.0,114.0,191.0
149.0,196.0,114.0,191.0
150.0,197.0,112.0,187.0
151.0,197.0,112.0,188.0
152.0,198.0,113.0,188.0
152.0,198.0,113.0,188.0
152.0,197.0,112.0,189.0
153.0,196.0,112.0,189.0
154.0,195.0,112.0,189.0
155.0,194.0,112.0,189.0
156.0,193.0,112.0,190.0
156.0,192.0,112.0,189.0
157.0,190.0,112.0,189.0
156.0,189.0,112.0,188.0
156.0,188.0,113.0,188.0
156.0,188.0,113.0,188.0
155.0,188.0,113.0,188.0
153.0,186.0,114.0,193.0
153.0,185.0,116.0,196.0
152.0,184.0,118.0,200.0
151.0,184.0,120.0,204.0
152.0,184.0,120.0,204.0
150.0,183.0,123.0,207.0
149.0,183.0,123.0,208.0
149.0,181.0,123.0,208.0
147.0,180.0,123.0,209.0
146.0,176.0,124.0,212.0
145.0,174.0,124.0,212.0
143.0,171.0,124.0,212.0
141.0,169.0,124.0,212.0
139.0,167.0,124.0,211.0
138.0,165.0,124.0,211.0
136.0,163.0,125.0,211.0
135.0,162.0,125.0,211.0
134.0,161.0,126.0,211.0
132.0,160.0,126.0,211.0
131.0,160.0,126.0,211.0
131.0,160.0,126.0,211.0
129.0,159.0,125.0,211.0
129.0,159.0,125.0,211.0
129.0,159.0,125.0,212.0
129.0,159.0,125.0,212.0
129.0,158.0,125.0,212.0
129.0,157.0,125.0,212.0
129.0,155.0,125.0,212.0
128.0,153.0,125.0,212.0
128.0,152.0,125.0,212.0
126.0,147.0,127.0,216.0
126.0,146.0,127.0,216.0
124.0,143.0,129.0,219.0
122.0,140.0,132.0,224.0
121.0,137.0,134.0,227.0
121.0,136.0,134.0,227.0
120.0,135.0,134.0,227.0
119.0,133.0,134.0,228.0
117.0,133.0,134.0,228.0
117.0,133.0,134.0,228.0
116.0,133.0,134.0,228.0
114.0,133.0,134.0,229.0
112.0,133.0,134.0,229.0
111.0,132.0,135.0,229.0
110.0,132.0,135.0,229.0
107.0,131.0,135.0,229.0
105.0,128.0,137.0,233.0
103.0,127.0,137.0,233.0
101.0,126.0,137.0,233.0
100.0,125.0,137.0,233.0
98.0,124.0,137.0,233.0
98.0,121.0,138.0,232.0
99.0,120.0,138.0,232.0
102.0,117.0,138.0,231.0
107.0,115.0,138.0,231.0
119.0,115.0,138.0,231.0
125.0,115.0,136.0,227.0
133.0,116.0,136.0,228.0
142.0,115.0,136.0,228.0
148.0,115.0,136.0,228.0
162.0,116.0,136.0,228.0
173.0,117.0,136.0,228.0
184.0,117.0,136.0,228.0
198.0,115.0,135.0,228.0
215.0,113.0,132.0,225.0
236.0,109.0,131.0,225.0
252.0,106.0,131.0,224.0
269.0,105.0,131.0,224.0
285.0,105.0,131.0,223.0
301.0,107.0,131.0,223.0
319.0,111.0,131.0,223.0
333.0,115.0,131.0,223.0
344.0,116.0,130.0,223.0
354.0,119.0,130.0,223.0
365.0,122.0,130.0,223.0
378.0,124.0,130.0,223.0
387.0,126.0,130.0,223.0
398.0,128.0,130.0,223.0
408.0,131.0,130.0,224.0
417.0,134.0,130.0,224.0
430.0,138.0,129.0,224.0
435.0,142.0,129.0,224.0
442.0,144.0,129.0,224.0
450.0,146.0,129.0,224.0
451.0,148.0,131.0,227.0
460.0,150.0,131.0,227.0
463.0,156.0,131.0,227.0
463.0,162.0,131.0,227.0
465.0,168.0,131.0,227.0
465.0,174.0,131.0,227.0
467.0,185.0,129.0,224.0
469.0,194.0,126.0,219.0
470.0,201.0,124.0,215.0
472.0,209.0,122.0,212.0
474.0,218.0,120.0,208.0
475.0,231.0,120.0,208.0
476.0,242.0,120.0,208.0
477.0,252.0,120.0,208.0
478.0,262.0,120.0,208.0
479.0,273.0,120.0,209.0
480.0,285.0,120.0,209.0
480.0,295.0,120.0,209.0
481.0,304.0,120.0,209.0
482.0,313.0,120.0,209.0
482.0,322.0,120.0,209.0
482.0,326.0,120.0,209.0
481.0,329.0,121.0,212.0
481.0,333.0,121.0,212.0
480.0,333.0,123.0,216.0
480.0,335.0,123.0,216.0
478.0,335.0,126.0,220.0
478.0,336.0,126.0,220.0
478.0,338.0,126.0,221.0
478.0,340.0,126.0,221.0
478.0,342.0,126.0,222.0
476.0,343.0,126.0,222.0
476.0,345.0,126.0,222.0
475.0,343.0,128.0,227.0
475.0,344.0,128.0,227.0
474.0,342.0,128.0,227.0
473.0,339.0,128.0,227.0
473.0,336.0,128.0,227.0
472.0,334.0,128.0,227.0
469.0,331.0,130.0,230.0
468.0,330.0,130.0,230.0
467.0,328.0,130.0,229.0
465.0,326.0,130.0,229.0
464.0,325.0,130.0,229.0
462.0,324.0,130.0,229.0
460.0,323.0,130.0,230.0
458.0,322.0,131.0,230.0
456.0,321.0,131.0,230.0
454.0,322.0,131.0,230.0
453.0,322.0,131.0,230.0
452.0,322.0,131.0,230.0
450.0,324.0,131.0,230.0
449.0,325.0,131.0,230.0
448.0,326.0,131.0,230.0
447.0,327.0,131.0,230.0
445.0,327.0,131.0,230.0
442.0,327.0,134.0,233.0
442.0,328.0,134.0,233.0
439.0,328.0,136.0,238.0
437.0,330.0,136.0,238.0
435.0,330.0,136.0,238.0
433.0,330.0,139.0,243.0
431.0,331.0,139.0,243.0
430.0,332.0,139.0,244.0
427.0,331.0,142.0,248.0
425.0,331.0,142.0,248.0
424.0,333.0,142.0,248.0
422.0,334.0,142.0,248.0
420.0,335.0,142.0,248.0
418.0,337.0,142.0,249.0
416.0,338.0,142.0,249.0
414.0,339.0,142.0,250.0
412.0,339.0,142.0,250.0
410.0,337.0,142.0,250.0
409.0,337.0,142.0,250.0
407.0,336.0,142.0,250.0
406.0,335.0,142.0,250.0
403.0,334.0,144.0,254.0
401.0,334.0,144.0,254.0
398.0,332.0,146.0,259.0
396.0,331.0,146.0,259.0
395.0,331.0,146.0,259.0
392.0,331.0,146.0,259.0
392.0,331.0,146.0,259.0
391.0,333.0,144.0,254.0
390.0,333.0,143.0,254.0
388.0,334.0,143.0,255.0
388.0,334.0,143.0,255.0
388.0,335.0,143.0,255.0
387.0,336.0,143.0,255.0
387.0,336.0,143.0,255.0
386.0,338.0,143.0,255.0
386.0,339.0,143.0,255.0
386.0,340.0,144.0,255.0
383.0,339.0,146.0,259.0
383.0,340.0,147.0,259.0
381.0,341.0,147.0,259.0
377.0,341.0,150.0,264.0
376.0,343.0,150.0,264.0
373.0,342.0,153.0,269.0
372.0,343.0,153.0,269.0
370.0,343.0,153.0,269.0
368.0,342.0,153.0,270.0
366.0,343.0,153.0,270.0
363.0,342.0,153.0,270.0
362.0,342.0,153.0,270.0
359.0,341.0,153.0,271.0
358.0,340.0,153.0,271.0
356.0,338.0,153.0,271.0
353.0,333.0,155.0,276.0
352.0,331.0,155.0,276.0
348.0,327.0,158.0,281.0
346.0,326.0,159.0,280.0
342.0,322.0,162.0,284.0
341.0,321.0,162.0,284.0
338.0,319.0,162.0,284.0
335.0,316.0,162.0,284.0
332.0,315.0,162.0,284.0
330.0,313.0,162.0,284.0
329.0,313.0,159.0,279.0
326.0,312.0,160.0,280.0
324.0,310.0,160.0,280.0
321.0,310.0,160.0,280.0
322.0,311.0,157.0,275.0
320.0,310.0,157.0,275.0
318.0,308.0,157.0,276.0
317.0,307.0,157.0,276.0
315.0,305.0,157.0,276.0
313.0,302.0,157.0,276.0
313.0,300.0,157.0,276.0
309.0,295.0,159.0,281.0
306.0,292.0,162.0,285.0
304.0,291.0,162.0,285.0
300.0,289.0,166.0,291.0
297.0,289.0,166.0,291.0
295.0,288.0,166.0,291.0
291.0,289.0,166.0,291.0
289.0,288.0,166.0,291.0
286.0,287.0,166.0,292.0
283.0,287.0,166.0,292.0
281.0,287.0,166.0,293.0
278.0,286.0,166.0,293.0
276.0,284.0,166.0,294.0
274.0,283.0,166.0,294.0
270.0,280.0,169.0,299.0
269.0,278.0,169.0,299.0
264.0,274.0,172.0,304.0
262.0,272.0,172.0,304.0
260.0,269.0,172.0,304.0
258.0,267.0,172.0,304.0
255.0,265.0,173.0,304.0
250.0,261.0,175.0,309.0
246.0,257.0,179.0,314.0
243.0,256.0,179.0,314.0
240.0,254.0,179.0,314.0
238.0,255.0,176.0,309.0
234.0,254.0,176.0,310.0
231.0,252.0,176.0,310.0
229.0,254.0,174.0,305.0
227.0,253.0,174.0,306.0
224.0,252.0,174.0,306.0
221.0,252.0,174.0,307.0
218.0,252.0,174.0,307.0
215.0,250.0,174.0,307.0
213.0,248.0,174.0,307.0
209.0,245.0,177.0,313.0
204.0,241.0,180.0,318.0
199.0,239.0,184.0,323.0
195.0,236.0,186.0,328.0
189.0,234.0,190.0,334.0
183.0,231.0,194.0,340.0
178.0,230.0,194.0,341.0
172.0,229.0,194.0,341.0
166.0,227.0,194.0,342.0
160.0,226.0,194.0,343.0
155.0,226.0,194.0,343.0
148.0,226.0,194.0,343.0
143.0,227.0,194.0,344.0
138.0,228.0,194.0,345.0
134.0,228.0,194.0,345.0
129.0,228.0,194.0,346.0
122.0,224.0,198.0,353.0
117.0,224.0,198.0,354.0
111.0,220.0,201.0,359.0
107.0,219.0,201.0,359.0
100.0,217.0,206.0,365.0
93.0,214.0,209.0,371.0
87.0,212.0,213.0,377.0
80.0,210.0,218.0,382.0
73.0,208.0,222.0,389.0
67.0,208.0,222.0,389.0
58.0,210.0,222.0,389.0
53.0,209.0,222.0,389.0
48.0,208.0,223.0,390.0
44.0,209.0,223.0,391.0
45.0,211.0,219.0,385.0
43.0,212.0,218.0,385.0
45.0,216.0,214.0,380.0
45.0,215.0,214.0,380.0
48.0,218.0,211.0,373.0
49.0,217.0,211.0,373.0
54.0,215.0,211.0,372.0
60.0,217.0,207.0,365.0
67.0,215.0,207.0,365.0
75.0,213.0,207.0,365.0
83.0,212.0,207.0,365.0
93.0,216.0,211.0,371.0
101.0,207.0,211.0,371.0
109.0,211.0,207.0,365.0
118.0,208.0,207.0,365.0
127.0,207.0,207.0,366.0
136.0,211.0,210.0,372.0
153.0,213.0,210.0,373.0
169.0,214.0,210.0,373.0
183.0,214.0,214.0,380.0
201.0,216.0,214.0,380.0
220.0,215.0,214.0,380.0
237.0,217.0,214.0,380.0
252.0,219.0,214.0,380.0
268.0,219.0,214.0,380.0
281.0,220.0,214.0,380.0
298.0,217.0,214.0,380.0
303.0,207.0,213.0,380.0
317.0,213.0,213.0,380.0
325.0,205.0,209.0,373.0
338.0,209.0,209.0,372.0
351.0,209.0,209.0,371.0
362.0,204.0,209.0,371.0
372.0,203.0,209.0,371.0
384.0,205.0,205.0,364.0
392.0,205.0,205.0,364.0
405.0,209.0,205.0,364.0
416.0,209.0,205.0,364.0
427.0,207.0,205.0,364.0
440.0,207.0,205.0,364.0
449.0,205.0,205.0,364.0
467.0,205.0,205.0,364.0
479.0,205.0,200.0,357.0
493.0,203.0,200.0,357.0
503.0,197.0,199.0,356.0
512.0,192.0,199.0,356.0
523.0,191.0,203.0,363.0
531.0,186.0,203.0,363.0
535.0,185.0,203.0,363.0
539.0,184.0,203.0,363.0
543.0,183.0,203.0,363.0
544.0,182.0,203.0,363.0
546.0,181.0,203.0,364.0
547.0,181.0,202.0,364.0
548.0,178.0,203.0,364.0
548.0,179.0,204.0,364.0
550.0,179.0,205.0,364.0
553.0,181.0,200.0,358.0
555.0,179.0,200.0,358.0
556.0,180.0,200.0,359.0
558.0,179.0,200.0,359.0
561.0,178.0,200.0,359.0
563.0,176.0,200.0,359.0
565.0,173.0,200.0,359.0
567.0,173.0,200.0,359.0
568.0,172.0,200.0,359.0
568.0,170.0,200.0,358.0
570.0,166.0,200.0,357.0
570.0,166.0,199.0,357.0
571.0,165.0,199.0,356.0
571.0,165.0,199.0,356.0
571.0,163.0,199.0,355.0
571.0,163.0,199.0,355.0
572.0,163.0,199.0,355.0
572.0,164.0,199.0,355.0
574.0,165.0,199.0,355.0
575.0,165.0,199.0,355.0
577.0,165.0,199.0,355.0
581.0,167.0,196.0,350.0
583.0,165.0,196.0,349.0
585.0,163.0,196.0,349.0
590.0,163.0,192.0,343.0
593.0,163.0,192.0,343.0
595.0,161.0,192.0,343.0
597.0,160.0,192.0,343.0
598.0,160.0,192.0,343.0
598.0,159.0,196.0,350.0
598.0,160.0,196.0,350.0
598.0,160.0,196.0,350.0
598.0,158.0,196.0,350.0
597.0,159.0,196.0,351.0
596.0,159.0,196.0,351.0
596.0,160.0,196.0,351.0
595.0,163.0,196.0,351.0
595.0,165.0,196.0,351.0
595.0,167.0,196.0,351.0
595.0,169.0,196.0,352.0
595.0,169.0,196.0,352.0
596.0,170.0,196.0,352.0
596.0,171.0,196.0,352.0
596.0,170.0,196.0,352.0
596.0,172.0,196.0,352.0
596.0,173.0,196.0,352.0
592.0,171.0,199.0,357.0
591.0,174.0,199.0,357.0
588.0,177.0,199.0,357.0
586.0,175.0,199.0,357.0
583.0,178.0,199.0,357.0
580.0,182.0,199.0,357.0
578.0,184.0,199.0,357.0
576.0,186.0,199.0,356.0
570.0,189.0,204.0,363.0
570.0,194.0,199.0,356.0
567.0,197.0,199.0,356.0
564.0,199.0,199.0,356.0
560.0,201.0,199.0,356.0
557.0,205.0,199.0,356.0
553.0,203.0,199.0,356.0
550.0,202.0,199.0,356.0
547.0,202.0,199.0,356.0
543.0,203.0,199.0,356.0
538.0,205.0,199.0,356.0
533.0,206.0,199.0,356.0
530.0,207.0,199.0,357.0
526.0,206.0,199.0,357.0
521.0,205.0,199.0,358.0
515.0,207.0,199.0,358.0
510.0,206.0,199.0,358.0
505.0,206.0,199.0,358.0
502.0,207.0,199.0,358.0
500.0,206.0,200.0,358.0
500.0,211.0,197.0,353.0
499.0,210.0,197.0,354.0
498.0,210.0,197.0,354.0
497.0,210.0,197.0,354.0
497.0,212.0,193.0,348.0
497.0,209.0,193.0,347.0
496.0,208.0,193.0,347.0
494.0,208.0,193.0,347.0
493.0,207.0,193.0,347.0
492.0,209.0,193.0,347.0
490.0,210.0,193.0,347.0
487.0,206.0,197.0,353.0
484.0,208.0,197.0,353.0
481.0,207.0,197.0,353.0
480.0,207.0,197.0,353.0
477.0,209.0,197.0,353.0
476.0,210.0,197.0,353.0
474.0,212.0,197.0,353.0
472.0,213.0,197.0,353.0
471.0,213.0,197.0,353.0
471.0,215.0,197.0,353.0
470.0,215.0,197.0,353.0
472.0,215.0,197.0,353.0
473.0,214.0,197.0,353.0
474.0,216.0,197.0,352.0
475.0,214.0,197.0,352.0
474.0,213.0,200.0,358.0
474.0,213.0,200.0,358.0
474.0,212.0,200.0,358.0
474.0,214.0,200.0,359.0
473.0,213.0,200.0,359.0
471.0,214.0,200.0,360.0
471.0,213.0,200.0,360.0
470.0,213.0,200.0,360.0
469.0,214.0,200.0,361.0
468.0,218.0,200.0,361.0
469.0,218.0,200.0,361.0
468.0,219.0,200.0,361.0
468.0,220.0,200.0,361.0
468.0,222.0,200.0,361.0
468.0,223.0,200.0,361.0
469.0,223.0,200.0,361.0
470.0,220.0,200.0,361.0
470.0,222.0,200.0,361.0
471.0,223.0,200.0,361.0
470.0,222.0,200.0,360.0
468.0,222.0,200.0,360.0
464.0,220.0,204.0,367.0
461.0,221.0,204.0,367.0
460.0,221.0,205.0,367.0
457.0,223.0,205.0,367.0
454.0,226.0,205.0,367.0
454.0,227.0,205.0,367.0
452.0,230.0,205.0,367.0
450.0,232.0,205.0,367.0
449.0,234.0,205.0,367.0
449.0,239.0,205.0,366.0
450.0,241.0,205.0,366.0
449.0,240.0,208.0,372.0
450.0,241.0,208.0,372.0
451.0,240.0,208.0,372.0
452.0,239.0,208.0,373.0
453.0,238.0,209.0,373.0
453.0,236.0,209.0,373.0
453.0,237.0,209.0,373.0
453.0,239.0,209.0,373.0
450.0,236.0,213.0,380.0
448.0,238.0,213.0,380.0
447.0,238.0,213.0,379.0
445.0,239.0,213.0,379.0
444.0,241.0,214.0,379.0
444.0,243.0,215.0,379.0
443.0,243.0,215.0,379.0
443.0,244.0,216.0,379.0
443.0,246.0,216.0,379.0
442.0,249.0,217.0,378.0
441.0,251.0,217.0,378.0
442.0,248.0,217.0,378.0
442.0,247.0,217.0,378.0
442.0,248.0,217.0,378.0
440.0,244.0,217.0,379.0
441.0,244.0,217.0,379.0
440.0,245.0,216.0,379.0
438.0,243.0,220.0,385.0
436.0,243.0,222.0,391.0
433.0,242.0,222.0,391.0
431.0,244.0,222.0,391.0
427.0,242.0,226.0,398.0
425.0,245.0,227.0,398.0
423.0,244.0,227.0,398.0
421.0,246.0,227.0,398.0
419.0,249.0,227.0,398.0
417.0,251.0,227.0,398.0
417.0,251.0,227.0,398.0
417.0,253.0,227.0,398.0
417.0,254.0,227.0,398.0
416.0,253.0,227.0,397.0
416.0,252.0,227.0,397.0
415.0,253.0,227.0,397.0
415.0,250.0,227.0,397.0
413.0,249.0,227.0,397.0
411.0,249.0,227.0,397.0
409.0,249.0,227.0,398.0
407.0,249.0,227.0,398.0
403.0,252.0,227.0,398.0
394.0,251.0,231.0,405.0
390.0,252.0,231.0,404.0
386.0,254.0,231.0,404.0
381.0,254.0,231.0,404.0
378.0,256.0,232.0,403.0
373.0,261.0,233.0,403.0
369.0,263.0,234.0,403.0
366.0,265.0,233.0,403.0
362.0,267.0,233.0,403.0
359.0,268.0,233.0,403.0
354.0,267.0,237.0,410.0
350.0,266.0,237.0,410.0
345.0,266.0,237.0,410.0
336.0,268.0,237.0,410.0
331.0,268.0,237.0,410.0
321.0,271.0,237.0,410.0
313.0,271.0,237.0,410.0
305.0,272.0,237.0,410.0
299.0,274.0,237.0,410.0
291.0,277.0,237.0,409.0
283.0,278.0,237.0,409.0
275.0,278.0,237.0,409.0
269.0,279.0,237.0,409.0
263.0,283.0,237.0,409.0
257.0,285.0,237.0,409.0
251.0,288.0,237.0,408.0
247.0,288.0,237.0,407.0
243.0,291.0,237.0,406.0
239.0,292.0,237.0,407.0
235.0,291.0,237.0,407.0
230.0,293.0,237.0,407.0
227.0,293.0,237.0,407.0
223.0,292.0,237.0,407.0
220.0,293.0,237.0,407.0
215.0,294.0,238.0,407.0
207.0,291.0,242.0,414.0
201.0,293.0,242.0,414.0
195.0,296.0,242.0,414.0
189.0,296.0,242.0,413.0
182.0,299.0,242.0,413.0
176.0,302.0,242.0,413.0
171.0,304.0,242.0,412.0
165.0,307.0,242.0,411.0
160.0,308.0,242.0,411.0
157.0,313.0,242.0,411.0
153.0,315.0,242.0,410.0
149.0,318.0,242.0,410.0
144.0,318.0,242.0,410.0
141.0,317.0,242.0,410.0
138.0,318.0,242.0,410.0
129.0,314.0,246.0,417.0
124.0,318.0,246.0,417.0
119.0,317.0,246.0,417.0
114.0,317.0,246.0,417.0
109.0,316.0,246.0,417.0
101.0,317.0,246.0,417.0
94.0,318.0,246.0,417.0
89.0,318.0,246.0,417.0
84.0,319.0,246.0,417.0
80.0,319.0,246.0,417.0
76.0,322.0,246.0,417.0
73.0,323.0,246.0,417.0
70.0,326.0,245.0,417.0
67.0,329.0,245.0,417.0
65.0,328.0,245.0,417.0
64.0,327.0,245.0,417.0
63.0,327.0,245.0,417.0
62.0,325.0,245.0,417.0
61.0,323.0,245.0,417.0
60.0,322.0,245.0,417.0
57.0,320.0,245.0,417.0
54.0,319.0,245.0,417.0
53.0,318.0,245.0,417.0
50.0,318.0,245.0,417.0
48.0,317.0,245.0,417.0
45.0,315.0,245.0,417.0
42.0,314.0,245.0,417.0
39.0,314.0,245.0,417.0
38.0,315.0,245.0,417.0
36.0,316.0,245.0,417.0
33.0,318.0,245.0,417.0
31.0,318.0,244.0,417.0
30.0,319.0,244.0,417.0
32.0,320.0,240.0,410.0
31.0,319.0,240.0,410.0
29.0,316.0,240.0,411.0
29.0,313.0,240.0,411.0
26.0,310.0,240.0,411.0
21.0,309.0,240.0,411.0
19.0,309.0,240.0,411.0
14.0,309.0,240.0,411.0
10.0,308.0,241.0,412.0
6.0,306.0,241.0,412.0
-0.0,307.0,242.0,412.0
-4.0,306.0,242.0,412.0
-9.0,307.0,242.0,412.0
-13.0,308.0,243.0,412.0
-16.0,309.0,242.0,412.0
-19.0,310.0,241.0,412.0
-21.0,312.0,241.0,412.0
-25.0,312.0,241.0,412.0
-25.0,311.0,241.0,412.0
-28.0,311.0,241.0,412.0
-29.0,310.0,241.0,412.0
-30.0,310.0,240.0,412.0
-32.0,307.0,240.0,412.0
-33.0,304.0,240.0,412.0
-33.0,303.0,240.0,412.0
-32.0,302.0,240.0,412.0
-30.0,301.0,241.0,412.0
-28.0,300.0,242.0,412.0
-26.0,300.0,243.0,412.0
-19.0,303.0,239.0,405.0
-17.0,302.0,239.0,405.0
-12.0,304.0,239.0,405.0
-2.0,305.0,239.0,405.0
6.0,308.0,239.0,404.0
11.0,309.0,239.0,404.0
17.0,314.0,234.0,397.0
22.0,313.0,233.0,397.0
27.0,312.0,233.0,397.0
28.0,311.0,233.0,397.0
29.0,310.0,233.0,397.0
29.0,309.0,232.0,397.0
28.0,309.0,232.0,397.0
26.0,309.0,232.0,397.0
25.0,310.0,232.0,397.0
20.0,309.0,233.0,397.0
15.0,310.0,234.0,397.0
10.0,310.0,235.0,397.0
3.0,310.0,235.0,397.0
-2.0,311.0,235.0,397.0
-7.0,313.0,235.0,397.0
-11.0,314.0,234.0,397.0
-15.0,315.0,233.0,397.0
-19.0,316.0,233.0,397.0
-23.0,317.0,233.0,397.0
-26.0,317.0,233.0,397.0
-30.0,318.0,233.0,397.0
-32.0,317.0,232.0,397.0
-36.0,316.0,232.0,397.0
-40.0,315.0,231.0,397.0
-44.0,313.0,231.0,397.0
-47.0,312.0,230.0,397.0
-51.0,311.0,229.0,397.0
-55.0,310.0,229.0,397.0
-60.0,310.0,229.0,397.0
-62.0,311.0,229.0,397.0
-68.0,311.0,229.0,397.0
-70.0,312.0,229.0,397.0
-76.0,316.0,229.0,397.0
-79.0,317.0,229.0,397.0
-83.0,319.0,228.0,397.0
-85.0,321.0,228.0,397.0
-90.0,322.0,227.0,397.0
-95.0,321.0,231.0,404.0
-97.0,321.0,231.0,404.0
-97.0,321.0,230.0,404.0
-100.0,316.0,232.0,411.0
-102.0,317.0,231.0,411.0
-107.0,314.0,235.0,418.0
-113.0,314.0,240.0,425.0
-116.0,315.0,240.0,425.0
-122.0,314.0,245.0,433.0
-128.0,313.0,249.0,440.0
-134.0,314.0,254.0,448.0
-139.0,314.0,259.0,456.0
-143.0,314.0,264.0,464.0
-147.0,313.0,269.0,472.0
-150.0,316.0,269.0,472.0
-151.0,318.0,268.0,471.0
-150.0,320.0,268.0,471.0
-150.0,321.0,268.0,471.0
-149.0,323.0,268.0,471.0
-148.0,325.0,268.0,471.0
-147.0,324.0,267.0,471.0
-146.0,321.0,267.0,471.0
-144.0,320.0,267.0,471.0
-139.0,320.0,262.0,463.0
-136.0,316.0,262.0,463.0
-134.0,314.0,263.0,463.0
-128.0,317.0,259.0,454.0
-125.0,315.0,260.0,454.0
-120.0,319.0,257.0,446.0
-114.0,321.0,252.0,438.0
-107.0,323.0,248.0,431.0
-99.0,324.0,244.0,423.0
-93.0,327.0,239.0,416.0
-84.0,330.0,235.0,408.0
-77.0,334.0,231.0,401.0
-65.0,333.0,228.0,394.0
-57.0,335.0,224.0,387.0
-46.0,335.0,221.0,380.0
-40.0,333.0,221.0,380.0
-35.0,331.0,221.0,380.0
-29.0,328.0,222.0,380.0
-26.0,329.0,222.0,380.0
-23.0,329.0,223.0,381.0
-20.0,329.0,223.0,381.0
-17.0,329.0,223.0,381.0
-12.0,329.0,223.0,381.0
-7.0,330.0,223.0,381.0
-3.0,331.0,223.0,381.0
0.0,332.0,223.0,380.0
5.0,332.0,223.0,380.0
13.0,337.0,219.0,374.0
19.0,337.0,219.0,374.0
25.0,339.0,219.0,373.0
31.0,339.0,218.0,373.0
38.0,339.0,218.0,373.0
44.0,338.0,218.0,373.0
49.0,336.0,218.0,373.0
53.0,336.0,218.0,373.0
56.0,335.0,217.0,374.0
60.0,333.0,218.0,374.0
63.0,333.0,218.0,374.0
64.0,333.0,218.0,374.0
63.0,334.0,219.0,374.0
63.0,334.0,219.0,374.0
63.0,334.0,220.0,374.0
60.0,336.0,220.0,374.0
59.0,337.0,220.0,373.0
56.0,338.0,220.0,373.0
55.0,339.0,220.0,373.0
53.0,340.0,220.0,373.0
52.0,341.0,220.0,373.0
50.0,343.0,219.0,373.0
49.0,342.0,219.0,373.0
48.0,340.0,218.0,373.0
46.0,338.0,218.0,373.0
43.0,336.0,218.0,374.0
39.0,334.0,218.0,374.0
36.0,335.0,218.0,374.0
31.0,335.0,218.0,374.0
27.0,334.0,218.0,374.0
22.0,334.0,219.0,374.0
17.0,335.0,219.0,374.0
14.0,335.0,220.0,374.0
10.0,335.0,220.0,374.0
7.0,336.0,220.0,374.0
5.0,337.0,220.0,374.0
3.0,338.0,219.0,374.0
2.0,339.0,219.0,374.0
1.0,340.0,218.0,373.0
-0.0,341.0,218.0,373.0
-0.0,341.0,218.0,373.0
-0.0,341.0,218.0,373.0
-0.0,341.0,218.0,373.0
-1.0,340.0,218.0,373.0
-1.0,339.0,218.0,373.0
-4.0,339.0,218.0,373.0
-7.0,339.0,218.0,373.0
-9.0,338.0,219.0,373.0
-13.0,338.0,219.0,373.0
-15.0,338.0,219.0,373.0
-20.0,339.0,220.0,373.0
-24.0,340.0,220.0,373.0
-28.0,340.0,220.0,373.0
-30.0,341.0,220.0,373.0
-34.0,343.0,220.0,373.0
-36.0,345.0,219.0,373.0
-38.0,346.0,219.0,373.0
-40.0,348.0,219.0,373.0
-40.0,348.0,218.0,372.0
-41.0,349.0,218.0,372.0
-42.0,347.0,218.0,372.0
-44.0,344.0,217.0,372.0
-45.0,343.0,217.0,372.0
-48.0,343.0,217.0,373.0
-50.0,343.0,217.0,373.0
-54.0,342.0,216.0,373.0
-55.0,342.0,216.0,373.0
-57.0,342.0,216.0,373.0
-59.0,342.0,216.0,373.0
-56.0,343.0,216.0,373.0
-56.0,343.0,216.0,373.0
-54.0,343.0,216.0,373.0
-48.0,345.0,217.0,373.0
-41.0,346.0,217.0,372.0
-35.0,347.0,217.0,372.0
-23.0,349.0,217.0,372.0
-10.0,352.0,212.0,366.0
0.0,351.0,212.0,366.0
5.0,350.0,213.0,366.0
9.0,348.0,213.0,366.0
13.0,346.0,213.0,366.0
16.0,344.0,213.0,367.0
18.0,343.0,214.0,367.0
21.0,342.0,214.0,367.0
24.0,341.0,214.0,367.0
29.0,341.0,214.0,367.0
32.0,341.0,214.0,367.0
36.0,341.0,214.0,367.0
39.0,341.0,214.0,367.0
44.0,341.0,214.0,367.0
47.0,343.0,214.0,367.0
49.0,344.0,214.0,366.0
51.0,346.0,214.0,366.0
55.0,350.0,211.0,359.0
58.0,349.0,211.0,359.0
63.0,348.0,211.0,359.0
65.0,345.0,210.0,359.0
67.0,344.0,210.0,360.0
68.0,342.0,210.0,360.0
71.0,340.0,210.0,360.0
72.0,339.0,209.0,360.0
73.0,338.0,209.0,360.0
76.0,336.0,209.0,360.0
78.0,336.0,210.0,360.0
81.0,336.0,210.0,360.0
87.0,336.0,210.0,360.0
94.0,336.0,210.0,360.0
102.0,336.0,210.0,360.0
108.0,337.0,210.0,360.0
114.0,340.0,210.0,360.0
125.0,342.0,210.0,360.0
135.0,343.0,210.0,360.0
146.0,343.0,210.0,360.0
157.0,344.0,210.0,359.0
169.0,344.0,210.0,359.0
183.0,344.0,209.0,359.0
194.0,344.0,206.0,353.0
200.0,342.0,206.0,353.0
210.0,340.0,206.0,354.0
218.0,338.0,206.0,354.0
228.0,338.0,206.0,354.0
235.0,338.0,207.0,354.0
244.0,338.0,207.0,354.0
251.0,338.0,207.0,354.0
259.0,341.0,203.0,348.0
269.0,340.0,203.0,348.0
277.0,341.0,203.0,347.0
284.0,342.0,202.0,347.0
292.0,344.0,202.0,347.0
303.0,348.0,198.0,342.0
316.0,348.0,198.0,341.0
326.0,348.0,197.0,341.0
339.0,349.0,197.0,341.0
347.0,347.0,197.0,341.0
357.0,346.0,197.0,341.0
367.0,345.0,197.0,341.0
374.0,344.0,197.0,342.0
383.0,342.0,197.0,342.0
389.0,341.0,197.0,342.0
396.0,342.0,197.0,342.0
406.0,342.0,197.0,342.0
413.0,342.0,197.0,342.0
421.0,342.0,197.0,342.0
429.0,342.0,197.0,342.0
436.0,343.0,197.0,342.0
446.0,344.0,197.0,342.0
452.0,346.0,197.0,342.0
459.0,347.0,197.0,342.0
465.0,349.0,196.0,341.0
470.0,350.0,196.0,341.0
476.0,349.0,196.0,341.0
479.0,350.0,196.0,341.0
481.0,351.0,196.0,341.0
484.0,349.0,196.0,341.0
488.0,348.0,196.0,341.0
492.0,346.0,196.0,341.0
492.0,346.0,197.0,341.0
493.0,346.0,197.0,341.0
494.0,345.0,198.0,341.0
494.0,346.0,198.0,341.0
495.0,346.0,198.0,341.0
498.0,347.0,198.0,341.0
501.0,349.0,198.0,341.0
504.0,352.0,198.0,341.0
510.0,353.0,198.0,341.0
521.0,353.0,197.0,341.0
531.0,356.0,193.0,334.0
539.0,356.0,193.0,334.0
549.0,356.0,193.0,334.0
559.0,355.0,193.0,334.0
572.0,359.0,193.0,334.0
579.0,357.0,193.0,334.0
586.0,354.0,193.0,334.0
590.0,353.0,193.0,334.0
594.0,352.0,193.0,334.0
602.0,351.0,193.0,334.0
606.0,353.0,193.0,334.0
610.0,355.0,193.0,334.0
612.0,357.0,193.0,334.0
612.0,355.0,196.0,340.0
614.0,357.0,196.0,340.0
613.0,358.0,196.0,340.0
612.0,361.0,196.0,340.0
610.0,361.0,196.0,339.0
607.0,364.0,196.0,339.0
604.0,366.0,196.0,339.0
601.0,368.0,196.0,339.0
598.0,368.0,196.0,339.0
596.0,368.0,196.0,339.0
594.0,369.0,196.0,339.0
591.0,368.0,197.0,339.0
589.0,367.0,197.0,339.0
586.0,366.0,197.0,339.0
584.0,366.0,197.0,339.0
582.0,366.0,197.0,339.0
579.0,366.0,197.0,339.0
577.0,365.0,197.0,339.0
574.0,366.0,197.0,339.0
572.0,366.0,197.0,339.0
569.0,366.0,197.0,339.0
567.0,368.0,197.0,339.0
565.0,370.0,197.0,338.0
563.0,373.0,197.0,338.0
562.0,374.0,196.0,337.0
561.0,376.0,196.0,337.0
560.0,377.0,196.0,337.0
560.0,377.0,196.0,337.0
558.0,376.0,196.0,337.0
559.0,376.0,193.0,332.0
558.0,373.0,193.0,332.0
553.0,373.0,193.0,332.0
548.0,372.0,193.0,332.0
542.0,371.0,193.0,332.0
534.0,370.0,193.0,332.0
528.0,369.0,193.0,332.0
512.0,362.0,189.0,327.0
506.0,363.0,189.0,327.0
499.0,365.0,189.0,327.0
491.0,365.0,189.0,327.0
483.0,366.0,189.0,327.0
472.0,367.0,189.0,327.0
466.0,367.0,189.0,327.0
461.0,368.0,189.0,327.0
456.0,369.0,189.0,327.0
453.0,371.0,189.0,327.0
450.0,370.0,189.0,327.0
448.0,367.0,189.0,328.0
444.0,365.0,189.0,328.0
442.0,362.0,189.0,328.0
440.0,361.0,190.0,328.0
437.0,360.0,190.0,329.0
433.0,356.0,190.0,329.0
431.0,354.0,190.0,329.0
427.0,352.0,190.0,330.0
424.0,349.0,190.0,330.0
421.0,349.0,190.0,330.0
421.0,350.0,186.0,324.0
419.0,349.0,186.0,324.0
416.0,349.0,186.0,324.0
414.0,349.0,186.0,324.0
412.0,349.0,186.0,324.0
410.0,349.0,186.0,324.0
408.0,348.0,186.0,324.0
408.0,346.0,186.0,324.0
406.0,343.0,186.0,324.0
404.0,340.0,186.0,325.0
402.0,337.0,186.0,325.0
399.0,334.0,187.0,325.0
395.0,332.0,187.0,326.0
392.0,330.0,187.0,326.0
387.0,328.0,187.0,326.0
384.0,326.0,187.0,327.0
380.0,325.0,187.0,327.0
375.0,323.0,187.0,327.0
370.0,323.0,187.0,327.0
364.0,323.0,187.0,327.0
360.0,324.0,187.0,327.0
354.0,325.0,187.0,327.0
351.0,325.0,187.0,327.0
348.0,325.0,187.0,327.0
342.0,325.0,187.0,327.0
337.0,324.0,187.0,327.0
334.0,322.0,187.0,327.0
330.0,320.0,187.0,327.0
326.0,317.0,187.0,327.0
323.0,314.0,187.0,328.0
320.0,313.0,187.0,328.0
316.0,312.0,187.0,328.0
312.0,311.0,188.0,328.0
309.0,310.0,188.0,329.0
306.0,309.0,188.0,329.0
302.0,308.0,189.0,329.0
303.0,309.0,186.0,323.0
300.0,309.0,186.0,323.0
298.0,308.0,186.0,323.0
297.0,309.0,186.0,323.0
296.0,310.0,186.0,323.0
296.0,311.0,186.0,323.0
297.0,312.0,186.0,323.0
299.0,310.0,186.0,323.0
302.0,308.0,186.0,324.0
304.0,306.0,185.0,324.0
308.0,303.0,185.0,324.0
312.0,304.0,182.0,319.0
316.0,302.0,182.0,319.0
318.0,302.0,182.0,319.0
320.0,301.0,182.0,319.0
323.0,299.0,181.0,319.0
325.0,298.0,181.0,319.0
329.0,298.0,181.0,319.0
332.0,297.0,181.0,320.0
336.0,299.0,181.0,320.0
340.0,300.0,181.0,320.0
345.0,300.0,181.0,320.0
350.0,301.0,181.0,320.0
355.0,301.0,181.0,320.0
361.0,303.0,181.0,320.0
365.0,302.0,181.0,320.0
371.0,300.0,181.0,320.0
375.0,298.0,181.0,320.0
382.0,295.0,181.0,320.0
386.0,291.0,181.0,321.0
390.0,290.0,182.0,321.0
396.0,291.0,182.0,321.0
402.0,288.0,182.0,321.0
411.0,287.0,179.0,316.0
415.0,286.0,179.0,316.0
420.0,286.0,179.0,316.0
428.0,282.0,179.0,316.0
433.0,282.0,179.0,316.0
445.0,285.0,179.0,316.0
450.0,283.0,179.0,316.0
457.0,283.0,179.0,316.0
463.0,283.0,178.0,316.0
470.0,283.0,178.0,316.0
480.0,286.0,178.0,316.0
485.0,281.0,178.0,317.0
491.0,281.0,178.0,317.0
496.0,278.0,178.0,317.0
501.0,276.0,178.0,317.0
507.0,273.0,178.0,317.0
511.0,275.0,178.0,318.0
516.0,274.0,178.0,318.0
520.0,273.0,178.0,318.0
522.0,272.0,178.0,318.0
527.0,272.0,178.0,318.0
532.0,270.0,178.0,318.0
536.0,270.0,178.0,318.0
539.0,269.0,178.0,318.0
542.0,272.0,178.0,318.0
546.0,270.0,178.0,318.0
549.0,272.0,178.0,318.0
551.0,272.0,178.0,318.0
554.0,272.0,178.0,318.0
557.0,271.0,178.0,318.0
563.0,270.0,178.0,318.0
566.0,268.0,178.0,319.0
569.0,269.0,175.0,314.0
573.0,264.0,175.0,314.0
576.0,264.0,175.0,314.0
578.0,260.0,175.0,314.0
583.0,260.0,171.0,309.0
584.0,260.0,172.0,309.0
586.0,259.0,172.0,309.0
586.0,258.0,172.0,309.0
589.0,260.0,169.0,305.0
590.0,260.0,169.0,305.0
591.0,260.0,169.0,305.0
593.0,263.0,169.0,304.0
596.0,265.0,169.0,304.0
599.0,266.0,169.0,303.0
600.0,266.0,169.0,303.0
602.0,266.0,169.0,303.0
606.0,265.0,169.0,303.0
607.0,265.0,169.0,303.0
609.0,263.0,168.0,303.0
609.0,264.0,168.0,303.0
609.0,264.0,168.0,303.0
608.0,264.0,168.0,303.0
610.0,263.0,168.0,303.0
612.0,263.0,168.0,303.0
613.0,263.0,168.0,303.0
614.0,263.0,168.0,303.0
614.0,265.0,168.0,303.0
615.0,266.0,168.0,303.0
614.0,269.0,168.0,303.0
615.0,270.0,168.0,303.0
616.0,274.0,168.0,303.0
617.0,275.0,168.0,302.0
619.0,276.0,168.0,302.0
621.0,277.0,168.0,302.0
622.0,277.0,168.0,302.0
623.0,276.0,168.0,302.0
623.0,276.0,168.0,302.0
624.0,277.0,168.0,302.0
626.0,278.0,168.0,302.0
627.0,279.0,168.0,302.0
627.0,281.0,168.0,302.0
627.0,282.0,168.0,301.0
627.0,285.0,169.0,301.0
630.0,291.0,166.0,295.0
630.0,293.0,165.0,295.0
631.0,296.0,165.0,294.0
632.0,300.0,165.0,293.0
635.0,302.0,165.0,293.0
639.0,308.0,162.0,289.0
643.0,309.0,162.0,289.0
646.0,310.0,162.0,289.0
648.0,310.0,162.0,289.0
651.0,309.0,161.0,289.0
653.0,307.0,161.0,289.0
655.0,304.0,161.0,289.0
657.0,302.0,160.0,289.0
657.0,303.0,160.0,289.0
657.0,300.0,160.0,290.0
657.0,300.0,160.0,290.0
658.0,300.0,160.0,290.0
658.0,299.0,160.0,290.0
658.0,298.0,160.0,290.0
657.0,298.0,161.0,290.0
657.0,299.0,161.0,290.0
657.0,300.0,162.0,290.0
657.0,301.0,162.0,290.0
656.0,302.0,162.0,290.0
656.0,301.0,162.0,290.0
656.0,301.0,162.0,290.0
656.0,300.0,162.0,290.0
657.0,299.0,162.0,290.0
657.0,296.0,162.0,290.0
657.0,293.0,162.0,290.0
656.0,293.0,162.0,291.0
656.0,291.0,162.0,291.0
656.0,290.0,162.0,291.0
657.0,289.0,162.0,291.0
657.0,288.0,162.0,291.0
657.0,289.0,163.0,291.0
658.0,288.0,163.0,291.0
658.0,288.0,162.0,291.0
659.0,290.0,159.0,286.0
660.0,289.0,159.0,286.0
660.0,290.0,159.0,286.0
660.0,292.0,159.0,286.0
662.0,293.0,159.0,286.0
664.0,293.0,159.0,286.0
666.0,293.0,159.0,286.0
668.0,291.0,159.0,286.0
670.0,290.0,159.0,286.0
672.0,290.0,159.0,286.0
672.0,289.0,158.0,286.0
670.0,286.0,161.0,291.0
670.0,286.0,161.0,291.0
669.0,287.0,161.0,292.0
669.0,287.0,161.0,292.0
667.0,287.0,161.0,292.0
667.0,287.0,161.0,292.0
666.0,288.0,161.0,292.0
664.0,288.0,161.0,292.0
663.0,289.0,161.0,292.0
661.0,289.0,161.0,292.0
660.0,289.0,161.0,292.0
659.0,289.0,161.0,292.0
658.0,289.0,161.0,292.0
658.0,288.0,161.0,292.0
656.0,286.0,164.0,296.0
655.0,284.0,164.0,296.0
655.0,282.0,164.0,297.0
654.0,280.0,164.0,297.0
652.0,279.0,164.0,297.0
651.0,278.0,164.0,297.0
648.0,276.0,164.0,297.0
645.0,275.0,164.0,297.0
642.0,275.0,165.0,297.0
642.0,276.0,163.0,293.0
640.0,276.0,160.0,288.0
638.0,275.0,160.0,288.0
636.0,276.0,160.0,288.0
635.0,276.0,160.0,288.0
633.0,278.0,160.0,288.0
632.0,278.0,160.0,287.0
631.0,278.0,160.0,287.0
630.0,278.0,160.0,287.0
629.0,278.0,160.0,287.0
629.0,275.0,159.0,288.0
627.0,274.0,158.0,288.0
626.0,272.0,158.0,288.0
623.0,272.0,158.0,288.0
620.0,271.0,158.0,288.0
617.0,270.0,158.0,289.0
612.0,270.0,158.0,289.0
609.0,270.0,158.0,289.0
605.0,270.0,158.0,289.0
601.0,270.0,158.0,289.0
598.0,270.0,158.0,289.0
594.0,270.0,158.0,289.0
591.0,271.0,158.0,289.0
588.0,272.0,158.0,289.0
585.0,272.0,158.0,289.0
583.0,272.0,158.0,289.0
581.0,273.0,158.0,289.0
579.0,271.0,158.0,289.0
577.0,270.0,158.0,289.0
576.0,268.0,158.0,289.0
573.0,268.0,158.0,289.0
572.0,266.0,158.0,289.0
570.0,266.0,158.0,289.0
567.0,265.0,158.0,289.0
564.0,263.0,159.0,289.0
562.0,263.0,159.0,289.0
559.0,262.0,159.0,289.0
557.0,264.0,156.0,285.0
554.0,265.0,156.0,285.0
551.0,266.0,156.0,285.0
549.0,267.0,156.0,284.0
546.0,268.0,156.0,284.0
544.0,270.0,156.0,284.0
543.0,273.0,156.0,284.0
542.0,274.0,156.0,284.0
540.0,272.0,156.0,284.0
539.0,272.0,156.0,284.0
537.0,270.0,155.0,284.0
534.0,269.0,155.0,284.0
530.0,268.0,155.0,284.0
526.0,267.0,155.0,284.0
521.0,266.0,155.0,284.0
517.0,265.0,155.0,285.0
509.0,263.0,155.0,285.0
506.0,263.0,155.0,285.0
502.0,263.0,155.0,285.0
499.0,263.0,155.0,285.0
495.0,264.0,155.0,285.0
492.0,264.0,155.0,285.0
488.0,266.0,155.0,285.0
485.0,267.0,155.0,285.0
481.0,268.0,155.0,285.0
476.0,267.0,155.0,285.0
473.0,266.0,155.0,285.0
469.0,265.0,155.0,285.0
467.0,262.0,155.0,285.0
465.0,260.0,155.0,285.0
462.0,258.0,155.0,286.0
461.0,256.0,155.0,286.0
460.0,254.0,155.0,286.0
457.0,253.0,156.0,286.0
454.0,251.0,156.0,286.0
453.0,251.0,156.0,286.0
448.0,250.0,156.0,286.0
448.0,252.0,154.0,282.0
447.0,253.0,151.0,278.0
445.0,254.0,151.0,278.0
443.0,254.0,151.0,277.0
441.0,256.0,151.0,277.0
439.0,257.0,151.0,277.0
438.0,257.0,151.0,277.0
436.0,258.0,151.0,277.0
435.0,257.0,150.0,277.0
432.0,255.0,150.0,278.0
429.0,254.0,149.0,278.0
427.0,253.0,149.0,278.0
422.0,251.0,152.0,282.0
419.0,251.0,152.0,282.0
416.0,251.0,152.0,282.0
411.0,250.0,152.0,282.0
408.0,249.0,152.0,283.0
405.0,249.0,153.0,283.0
403.0,249.0,153.0,283.0
401.0,250.0,153.0,283.0
397.0,250.0,153.0,283.0
395.0,251.0,153.0,283.0
393.0,252.0,153.0,283.0
390.0,252.0,153.0,283.0
388.0,252.0,153.0,283.0
387.0,251.0,153.0,283.0
385.0,250.0,153.0,283.0
384.0,247.0,153.0,283.0
382.0,244.0,153.0,283.0
380.0,242.0,153.0,283.0
378.0,240.0,153.0,284.0
376.0,239.0,154.0,284.0
375.0,238.0,154.0,284.0
375.0,236.0,154.0,284.0
373.0,235.0,155.0,284.0
372.0,234.0,155.0,284.0
371.0,233.0,156.0,284.0
371.0,234.0,153.0,280.0
371.0,234.0,153.0,280.0
370.0,234.0,153.0,280.0
369.0,234.0,153.0,280.0
370.0,234.0,153.0,280.0
370.0,233.0,152.0,280.0
371.0,233.0,152.0,280.0
372.0,231.0,152.0,281.0
373.0,227.0,152.0,281.0
373.0,226.0,152.0,281.0
372.0,223.0,152.0,281.0
371.0,221.0,152.0,282.0
371.0,220.0,152.0,282.0
368.0,218.0,152.0,282.0
369.0,217.0,151.0,282.0
366.0,216.0,151.0,283.0
366.0,215.0,151.0,283.0
364.0,214.0,151.0,283.0
362.0,214.0,151.0,283.0
361.0,214.0,151.0,283.0
360.0,214.0,151.0,283.0
358.0,214.0,151.0,283.0
357.0,214.0,151.0,283.0
355.0,214.0,151.0,283.0
354.0,213.0,151.0,283.0
353.0,211.0,151.0,283.0
352.0,209.0,151.0,284.0
349.0,204.0,151.0,284.0
347.0,202.0,152.0,285.0
347.0,199.0,152.0,285.0
344.0,198.0,153.0,285.0
343.0,195.0,153.0,286.0
341.0,194.0,154.0,286.0
339.0,191.0,154.0,286.0
337.0,189.0,154.0,286.0
335.0,188.0,155.0,286.0
333.0,188.0,155.0,286.0
332.0,188.0,155.0,286.0
330.0,189.0,155.0,286.0
329.0,190.0,155.0,286.0
329.0,190.0,155.0,286.0
329.0,190.0,155.0,286.0
329.0,188.0,155.0,286.0
328.0,186.0,155.0,287.0
328.0,183.0,154.0,287.0
327.0,178.0,157.0,292.0
326.0,177.0,157.0,292.0
323.0,175.0,157.0,292.0
322.0,173.0,157.0,293.0
320.0,172.0,157.0,293.0
317.0,172.0,157.0,293.0
316.0,171.0,157.0,293.0
312.0,171.0,157.0,293.0
309.0,172.0,157.0,293.0
306.0,173.0,157.0,293.0
