368.0,293.0,71.0,122.0
436.0,293.0,69.0,119.0
450.0,292.0,67.0,115.0
467.0,293.0,64.0,111.0
474.0,295.0,67.0,114.0
483.0,296.0,68.0,117.0
489.0,297.0,69.0,119.0
505.0,292.0,68.0,117.0
514.0,294.0,65.0,113.0
521.0,296.0,64.0,111.0
526.0,297.0,65.0,113.0
531.0,297.0,66.0,115.0
534.0,297.0,69.0,119.0
537.0,295.0,68.0,117.0
541.0,295.0,66.0,115.0
547.0,295.0,66.0,113.0
551.0,297.0,67.0,114.0
556.0,299.0,68.0,117.0
560.0,300.0,69.0,119.0
564.0,298.0,70.0,119.0
568.0,295.0,69.0,117.0
571.0,295.0,67.0,113.0
573.0,297.0,64.0,109.0
578.0,298.0,63.0,107.0
583.0,300.0,62.0,107.0
586.0,300.0,63.0,109.0
590.0,301.0,64.0,111.0
594.0,297.0,66.0,113.0
594.0,297.0,66.0,113.0
598.0,295.0,67.0,113.0
601.0,294.0,67.0,113.0
605.0,296.0,65.0,111.0
611.0,299.0,64.0,111.0
613.0,300.0,66.0,115.0
612.0,300.0,66.0,115.0
616.0,299.0,68.0,117.0
619.0,294.0,69.0,117.0
621.0,293.0,69.0,117.0
625.0,293.0,69.0,117.0
626.0,292.0,69.0,117.0
630.0,295.0,67.0,115.0
632.0,297.0,68.0,118.0
637.0,299.0,68.0,118.0
640.0,296.0,68.0,117.0
640.0,296.0,68.0,117.0
641.0,294.0,69.0,117.0
643.0,291.0,69.0,117.0
649.0,291.0,67.0,115.0
652.0,293.0,67.0,115.0
652.0,293.0,69.0,117.0
655.0,295.0,68.0,118.0
659.0,297.0,68.0,118.0
662.0,296.0,68.0,117.0
665.0,293.0,67.0,114.0
669.0,292.0,67.0,114.0
669.0,291.0,67.0,114.0
674.0,292.0,67.0,112.0
678.0,293.0,67.0,112.0
682.0,297.0,67.0,112.0
686.0,298.0,66.0,112.0
687.0,299.0,66.0,112.0
691.0,298.0,66.0,112.0
696.0,295.0,66.0,113.0
700.0,292.0,66.0,113.0
703.0,293.0,66.0,113.0
703.0,293.0,67.0,113.0
707.0,296.0,67.0,113.0
710.0,301.0,66.0,113.0
715.0,302.0,66.0,113.0
717.0,300.0,67.0,115.0
718.0,300.0,67.0,115.0
721.0,298.0,66.0,113.0
726.0,297.0,65.0,112.0
729.0,298.0,64.0,110.0
734.0,300.0,63.0,110.0
735.0,300.0,63.0,110.0
739.0,301.0,64.0,112.0
744.0,302.0,66.0,113.0
748.0,301.0,66.0,113.0
753.0,298.0,64.0,111.0
754.0,298.0,63.0,109.0
756.0,295.0,63.0,109.0
761.0,296.0,63.0,109.0
768.0,297.0,63.0,109.0
771.0,302.0,63.0,110.0
776.0,303.0,64.0,112.0
776.0,303.0,63.0,112.0
780.0,303.0,63.0,112.0
784.0,301.0,63.0,111.0
786.0,298.0,64.0,111.0
791.0,297.0,64.0,111.0
791.0,297.0,64.0,111.0
796.0,298.0,64.0,111.0
800.0,300.0,64.0,112.0
805.0,304.0,63.0,112.0
811.0,305.0,63.0,112.0
811.0,305.0,63.0,112.0
815.0,305.0,64.0,112.0
818.0,303.0,64.0,112.0
822.0,301.0,64.0,112.0
826.0,301.0,64.0,112.0
827.0,300.0,64.0,112.0
831.0,305.0,63.0,110.0
836.0,309.0,63.0,110.0
841.0,310.0,63.0,112.0
844.0,310.0,65.0,113.0
843.0,310.0,65.0,113.0
848.0,308.0,65.0,113.0
847.0,308.0,65.0,113.0
852.0,307.0,63.0,112.0
856.0,308.0,62.0,110.0
860.0,309.0,62.0,110.0
861.0,310.0,62.0,110.0
864.0,312.0,63.0,112.0
869.0,312.0,65.0,113.0
872.0,312.0,66.0,115.0
876.0,310.0,65.0,113.0
876.0,310.0,65.0,113.0
879.0,308.0,66.0,113.0
882.0,309.0,66.0,113.0
885.0,311.0,66.0,113.0
888.0,315.0,67.0,115.0
889.0,314.0,68.0,118.0
892.0,316.0,68.0,118.0
895.0,316.0,68.0,118.0
897.0,314.0,69.0,118.0
898.0,311.0,69.0,118.0
900.0,310.0,69.0,118.0
901.0,311.0,69.0,118.0
905.0,311.0,68.0,118.0
909.0,316.0,68.0,118.0
913.0,318.0,68.0,118.0
917.0,317.0,69.0,119.0
916.0,318.0,69.0,119.0
918.0,315.0,69.0,119.0
921.0,312.0,69.0,119.0
923.0,311.0,69.0,119.0
927.0,313.0,69.0,119.0
928.0,313.0,69.0,119.0
930.0,318.0,69.0,119.0
933.0,323.0,69.0,119.0
938.0,326.0,69.0,119.0
939.0,325.0,70.0,121.0
938.0,326.0,70.0,121.0
940.0,323.0,70.0,121.0
940.0,322.0,70.0,121.0
942.0,323.0,70.0,121.0
944.0,325.0,70.0,121.0
944.0,325.0,70.0,122.0
945.0,328.0,70.0,123.0
948.0,330.0,71.0,126.0
948.0,329.0,73.0,128.0
948.0,327.0,74.0,128.0
948.0,327.0,74.0,128.0
947.0,325.0,74.0,128.0
947.0,326.0,72.0,125.0
946.0,329.0,72.0,126.0
945.0,334.0,72.0,126.0
945.0,334.0,73.0,128.0
945.0,333.0,74.0,130.0
943.0,333.0,76.0,133.0
942.0,327.0,76.0,133.0
940.0,326.0,76.0,133.0
938.0,326.0,75.0,130.0
938.0,325.0,75.0,130.0
937.0,327.0,75.0,130.0
935.0,331.0,75.0,130.0
934.0,335.0,75.0,130.0
932.0,337.0,76.0,133.0
932.0,337.0,76.0,133.0
931.0,336.0,77.0,133.0
929.0,333.0,77.0,133.0
926.0,331.0,77.0,133.0
925.0,332.0,75.0,131.0
923.0,333.0,75.0,131.0
922.0,336.0,75.0,131.0
920.0,341.0,75.0,131.0
919.0,344.0,77.0,133.0
919.0,344.0,77.0,133.0
918.0,344.0,77.0,133.0
916.0,341.0,77.0,133.0
912.0,340.0,75.0,131.0
910.0,341.0,75.0,129.0
906.0,342.0,75.0,129.0
905.0,344.0,74.0,129.0
901.0,346.0,74.0,129.0
898.0,349.0,74.0,129.0
893.0,350.0,75.0,130.0
888.0,350.0,76.0,133.0
882.0,349.0,76.0,133.0
880.0,349.0,77.0,133.0
874.0,348.0,77.0,132.0
868.0,350.0,75.0,129.0
863.0,355.0,75.0,130.0
857.0,360.0,75.0,130.0
856.0,360.0,75.0,130.0
850.0,362.0,75.0,131.0
842.0,362.0,75.0,131.0
834.0,359.0,74.0,131.0
824.0,358.0,75.0,131.0
823.0,358.0,76.0,131.0
815.0,358.0,76.0,131.0
807.0,362.0,76.0,130.0
802.0,367.0,76.0,130.0
796.0,371.0,75.0,130.0
795.0,371.0,75.0,130.0
786.0,373.0,77.0,133.0
779.0,373.0,77.0,133.0
771.0,369.0,78.0,134.0
763.0,369.0,78.0,134.0
762.0,368.0,78.0,134.0
755.0,372.0,78.0,135.0
748.0,379.0,79.0,135.0
741.0,385.0,79.0,135.0
736.0,385.0,79.0,135.0
735.0,386.0,79.0,136.0
730.0,385.0,78.0,134.0
723.0,381.0,78.0,134.0
717.0,380.0,78.0,133.0
713.0,380.0,77.0,133.0
713.0,381.0,77.0,133.0
710.0,384.0,77.0,133.0
709.0,389.0,77.0,133.0
707.0,392.0,77.0,133.0
706.0,394.0,78.0,135.0
703.0,391.0,80.0,138.0
703.0,391.0,80.0,138.0
700.0,388.0,80.0,138.0
697.0,387.0,80.0,137.0
697.0,389.0,80.0,138.0
696.0,395.0,80.0,138.0
695.0,396.0,80.0,138.0
695.0,400.0,80.0,139.0
694.0,400.0,80.0,139.0
693.0,401.0,81.0,141.0
693.0,397.0,81.0,141.0
692.0,397.0,81.0,141.0
690.0,391.0,81.0,141.0
688.0,389.0,81.0,141.0
688.0,390.0,81.0,142.0
688.0,392.0,81.0,142.0
688.0,396.0,81.0,142.0
688.0,396.0,81.0,142.0
688.0,401.0,81.0,142.0
688.0,403.0,81.0,142.0
686.0,399.0,83.0,145.0
682.0,394.0,83.0,145.0
683.0,394.0,83.0,145.0
681.0,393.0,83.0,145.0
678.0,395.0,83.0,145.0
677.0,401.0,83.0,145.0
676.0,403.0,83.0,145.0
676.0,404.0,82.0,145.0
673.0,404.0,83.0,145.0
669.0,397.0,82.0,142.0
666.0,396.0,82.0,142.0
662.0,394.0,82.0,142.0
661.0,394.0,82.0,142.0
659.0,395.0,83.0,142.0
656.0,398.0,82.0,142.0
654.0,403.0,83.0,145.0
651.0,405.0,85.0,147.0
649.0,402.0,87.0,150.0
647.0,401.0,87.0,150.0
644.0,398.0,88.0,150.0
639.0,397.0,87.0,150.0
636.0,400.0,87.0,151.0
634.0,407.0,87.0,151.0
633.0,407.0,87.0,151.0
630.0,413.0,87.0,150.0
628.0,414.0,87.0,150.0
620.0,408.0,87.0,150.0
615.0,406.0,85.0,148.0
615.0,406.0,85.0,148.0
610.0,405.0,85.0,148.0
605.0,408.0,85.0,148.0
601.0,414.0,85.0,148.0
597.0,416.0,85.0,148.0
596.0,418.0,85.0,148.0
594.0,423.0,87.0,151.0
588.0,421.0,87.0,151.0
581.0,418.0,87.0,151.0
574.0,417.0,87.0,151.0
573.0,419.0,87.0,151.0
567.0,421.0,87.0,151.0
563.0,428.0,87.0,151.0
558.0,433.0,87.0,151.0
551.0,435.0,87.0,151.0
551.0,435.0,87.0,151.0
544.0,435.0,85.0,148.0
535.0,431.0,83.0,145.0
527.0,429.0,83.0,145.0
521.0,430.0,83.0,145.0
520.0,432.0,83.0,145.0
512.0,434.0,83.0,145.0
505.0,437.0,84.0,145.0
498.0,436.0,86.0,148.0
492.0,435.0,88.0,150.0
484.0,428.0,88.0,150.0
483.0,428.0,88.0,150.0
476.0,424.0,88.0,150.0
471.0,424.0,88.0,151.0
467.0,426.0,88.0,151.0
463.0,431.0,87.0,151.0
463.0,431.0,87.0,151.0
459.0,435.0,87.0,151.0
456.0,435.0,87.0,151.0
449.0,427.0,87.0,151.0
445.0,425.0,87.0,151.0
445.0,424.0,87.0,151.0
439.0,420.0,87.0,152.0
436.0,421.0,87.0,152.0
432.0,423.0,87.0,152.0
431.0,426.0,87.0,152.0
430.0,426.0,87.0,151.0
428.0,427.0,87.0,151.0
427.0,427.0,89.0,154.0
424.0,424.0,89.0,154.0
419.0,417.0,89.0,154.0
419.0,417.0,89.0,154.0
416.0,415.0,89.0,154.0
415.0,415.0,89.0,155.0
413.0,417.0,89.0,155.0
412.0,420.0,89.0,154.0
412.0,420.0,89.0,154.0
410.0,419.0,90.0,156.0
410.0,415.0,91.0,155.0
407.0,409.0,89.0,151.0
405.0,406.0,89.0,152.0
405.0,405.0,89.0,153.0
405.0,403.0,89.0,154.0
405.0,405.0,89.0,154.0
406.0,407.0,89.0,154.0
406.0,409.0,89.0,155.0
407.0,410.0,89.0,154.0
408.0,411.0,89.0,153.0
408.0,410.0,90.0,153.0
407.0,404.0,89.0,153.0
406.0,401.0,89.0,154.0
405.0,401.0,89.0,155.0
404.0,400.0,89.0,155.0
402.0,403.0,89.0,155.0
402.0,406.0,89.0,155.0
403.0,407.0,90.0,154.0
403.0,405.0,91.0,153.0
403.0,406.0,92.0,153.0
401.0,399.0,91.0,153.0
398.0,395.0,88.0,151.0
398.0,392.0,87.0,152.0
400.0,392.0,87.0,152.0
399.0,394.0,87.0,152.0
400.0,394.0,87.0,152.0
399.0,397.0,88.0,152.0
401.0,397.0,88.0,152.0
402.0,399.0,89.0,152.0
401.0,399.0,90.0,155.0
400.0,395.0,90.0,155.0
399.0,391.0,90.0,155.0
399.0,391.0,90.0,155.0
399.0,392.0,89.0,155.0
398.0,394.0,89.0,156.0
399.0,395.0,89.0,155.0
399.0,397.0,90.0,155.0
400.0,397.0,90.0,154.0
401.0,397.0,90.0,155.0
400.0,394.0,90.0,155.0
399.0,394.0,90.0,156.0
397.0,392.0,90.0,155.0
395.0,392.0,89.0,155.0
394.0,393.0,89.0,155.0
394.0,396.0,90.0,155.0
395.0,396.0,90.0,155.0
395.0,401.0,90.0,155.0
395.0,405.0,90.0,155.0
395.0,408.0,90.0,155.0
393.0,406.0,91.0,158.0
392.0,407.0,91.0,158.0
391.0,408.0,91.0,158.0
391.0,411.0,91.0,158.0
391.0,415.0,92.0,158.0
393.0,421.0,92.0,157.0
393.0,424.0,93.0,157.0
394.0,424.0,93.0,156.0
391.0,425.0,94.0,158.0
389.0,423.0,93.0,157.0
389.0,422.0,93.0,158.0
388.0,423.0,93.0,159.0
389.0,423.0,94.0,161.0
389.0,427.0,94.0,161.0
391.0,429.0,94.0,161.0
393.0,431.0,94.0,161.0
397.0,430.0,94.0,160.0
398.0,431.0,93.0,159.0
400.0,429.0,93.0,159.0
399.0,426.0,93.0,160.0
399.0,422.0,93.0,160.0
400.0,422.0,93.0,161.0
