1230,607,54,130
1232,607,54,129
1234,606,54,129
1235,608,51,124
1237,608,51,124
1238,608,50,122
1240,610,50,120
1241,609,51,122
1243,612,50,120
1244,611,50,120
1245,613,49,118
1247,612,49,117
1246,611,50,120
1247,611,51,122
1249,612,50,120
1251,613,49,117
1253,612,51,122
1255,614,50,120
1257,615,48,116
1260,612,50,120
1261,614,50,120
1261,616,49,117
1263,616,49,117
1264,616,49,117
1265,615,50,120
1264,616,49,117
1264,618,49,117
1266,620,49,117
1264,619,49,117
1266,621,48,116
1265,620,49,117
1264,621,49,117
1264,622,48,116
1265,622,48,116
1264,622,47,114
1265,622,47,114
1264,622,46,111
1263,621,47,114
1264,622,47,114
1263,622,47,114
1262,622,46,111
1263,623,46,109
1263,623,46,109
1273,630,46,109
1261,624,46,109
1262,624,46,109
1262,624,46,108
1261,626,44,104
1262,625,44,104
1262,625,44,104
1262,626,44,104
1261,625,43,102
1262,625,43,102
1261,625,44,104
1260,624,44,104
1259,624,43,102
1258,625,43,102
1258,625,42,100
1257,625,42,100
1255,624,43,102
1254,625,42,100
1253,625,41,99
1252,625,41,98
1251,624,41,98
1250,624,41,97
1250,625,40,95
1250,624,40,95
1250,624,40,95
1250,625,39,93
1250,624,39,93
1250,623,39,93
1250,625,39,93
1249,625,39,93
1248,622,40,95
1248,622,40,95
1248,624,39,93
1248,623,39,93
1247,623,39,94
1247,623,38,92
1246,623,38,92
1245,622,38,92
1245,624,38,91
1243,624,38,92
1243,623,38,92
1242,623,38,92
1242,623,38,92
1242,621,38,92
1242,622,37,90
1243,622,37,90
1242,621,37,90
1243,620,39,92
1243,620,39,92
1243,620,39,92
1243,620,39,92
1243,620,39,91
1243,620,39,91
1243,619,39,91
1242,618,39,91
1243,619,39,91
1242,618,38,90
1243,618,38,90
1244,618,38,90
1245,617,39,90
1244,616,39,90
1225,616,39,90
1225,616,39,90
1225,616,39,91
1225,616,39,92
1226,616,39,92
1226,618,39,92
1226,618,39,92
1226,619,39,92
1226,620,39,92
1227,620,39,92
1227,621,39,92
1227,621,40,94
1227,621,41,96
1227,623,40,94
1228,623,40,94
1228,623,40,94
1228,624,41,96
1228,624,41,96
1228,623,42,98
1228,624,42,98
1229,624,42,98
1229,625,42,98
1229,624,42,99
1229,623,43,101
1228,623,44,103
1228,623,44,103
1229,624,44,103
1228,625,44,103
1230,624,44,103
1227,624,45,105
1226,624,45,105
1226,626,44,103
1225,626,44,103
1226,626,45,105
1228,627,45,105
1225,624,45,105
1226,625,45,105
1225,625,45,105
1225,625,45,105
1226,627,44,103
1226,626,44,103
1227,626,44,103
1226,626,44,103
1227,627,43,102
1227,627,43,102
1228,627,43,102
1228,628,43,102
1229,628,42,100
1229,628,42,100
1230,629,42,100
1229,630,42,100
1230,630,42,100
1230,631,42,100
1230,631,42,100
1230,630,43,102
1230,631,43,102
1230,631,44,104
1230,631,45,106
1237,644,45,106
1229,632,45,106
1227,631,45,108
1227,631,45,108
1228,631,46,109
1229,632,46,109
1229,632,46,109
1229,632,46,109
1230,633,46,109
1230,633,46,109
1230,634,46,109
1230,635,46,109
1229,634,46,109
1228,634,46,109
1228,634,46,109
1227,633,46,109
1227,633,46,109
1227,633,46,109
1227,633,46,109
1228,633,46,109
1229,633,46,109
1230,633,45,108
1232,633,45,108
1232,632,46,109
1231,630,47,111
1235,632,47,111
1234,630,48,115
1232,629,49,117
1234,629,49,117
1234,629,49,117
1235,628,49,117
1236,628,49,117
1239,628,50,119
1232,623,50,119
1241,627,50,119
1241,626,50,119
1242,626,49,117
1243,626,50,119
1244,625,50,119
1245,625,50,119
1246,625,50,119
1253,628,51,122
1249,623,51,122
1249,623,51,122
1259,629,51,122
1252,623,51,122
1255,623,51,122
1254,622,52,125
1255,622,52,123
1257,622,52,125
1257,622,52,123
1264,628,52,125
1259,622,52,123
1260,622,52,125
1260,622,52,123
1226,633,52,123
1222,630,52,123
1227,634,52,125
1226,634,52,125
1225,632,53,128
1226,633,53,128
1228,634,54,129
1266,652,56,132
1227,632,56,132
1225,629,54,129
1228,635,54,129
1230,635,54,129
1230,634,56,132
1231,635,56,132
1232,634,56,132
1174,609,56,132
1233,636,54,129
1234,638,54,129
1235,638,54,129
1234,638,54,129
1236,639,54,129
1237,642,54,129
1236,640,56,132
1238,642,56,132
1238,642,56,132
1239,643,56,132
1273,656,56,132
1214,623,56,132
1242,645,56,132
1243,646,56,132
1243,644,57,135
1247,649,57,135
1245,647,57,135
1245,646,58,137
1247,648,59,139
1246,646,59,142
1246,647,59,142
1247,646,60,144
1248,651,60,144
1248,650,60,144
1216,627,60,144
1246,645,60,144
1249,646,60,144
1237,638,60,144
1254,655,60,144
1232,636,62,147
1251,650,62,147
1251,651,62,147
1251,650,62,147
1251,651,62,147
1252,651,62,147
1252,651,62,147
1253,652,62,147
1256,658,63,150
1253,652,63,150
1253,653,63,150
1257,655,63,150
1257,653,63,150
1249,654,64,152
1253,652,66,155
1257,655,66,155
1223,641,66,157
1254,656,66,157
1248,655,67,161
1256,657,67,161
1263,659,69,164
1261,664,69,164
1238,647,69,164
1276,669,70,166
1254,658,72,170
1256,659,73,172
1253,658,75,179
1257,665,77,182
1239,646,78,185
1243,652,78,185
1257,663,80,189
1250,656,81,192
1253,659,82,196
1251,659,84,199
1258,661,86,203
1269,666,87,207
1261,661,87,207
1232,649,87,207
1264,664,87,207
1270,665,87,207
1264,661,87,207
1260,653,87,207
1268,661,88,210
1271,661,88,210
1270,661,88,210
1269,661,88,210
1268,663,88,210
1270,658,90,214
1271,661,88,210
1291,670,88,210
1271,661,88,210
1272,661,88,210
1275,662,88,210
1272,661,88,210
1272,660,88,210
1273,661,88,210
1274,662,89,210
1274,661,89,210
1276,662,88,206
1273,660,88,206
1276,663,88,206
1262,642,86,202
1277,666,84,198
1279,668,83,195
1277,665,83,195
1289,672,82,191
1279,668,82,191
1281,671,82,191
1279,669,83,195
1278,670,83,195
1277,668,83,195
1278,671,83,195
1277,667,85,198
1276,668,86,202
1262,661,85,198
1258,658,85,198
1278,670,85,198
1278,670,85,198
1271,667,85,198
1291,674,85,198
1282,671,83,195
1278,669,82,191
1287,672,82,191
1289,671,80,188
1291,673,80,188
1292,670,80,188
1294,671,79,184
1295,673,79,184
1297,673,79,184
1296,672,79,184
1297,669,79,184
1296,670,79,184
1290,668,79,184
1295,669,79,184
1297,670,79,184
1293,668,80,188
1292,670,79,184
1292,670,79,184
1291,670,79,184
