883,375,24,39
884,374,23,38
883,374,23,38
883,374,23,37
880,373,24,39
880,372,25,41
880,374,25,40
877,374,24,39
878,374,23,38
878,376,23,38
877,374,23,39
873,372,24,40
875,373,23,39
873,373,23,39
872,375,22,38
871,374,22,38
871,375,21,36
870,374,21,36
870,374,21,36
868,374,21,35
870,376,21,36
870,374,21,36
868,375,22,36
866,376,22,36
865,373,23,38
865,374,22,36
864,375,22,36
861,375,22,36
862,374,22,36
860,374,22,36
860,374,22,36
858,373,22,37
858,373,22,37
857,374,22,36
857,373,22,36
856,373,22,36
854,374,23,36
853,373,23,37
852,373,23,36
851,373,23,36
851,373,23,36
851,373,23,36
850,374,23,36
849,375,23,36
849,374,23,36
847,374,23,37
846,373,23,37
845,373,23,38
845,374,22,37
844,373,22,36
844,373,22,37
841,373,22,36
843,373,21,36
842,373,22,36
840,373,22,36
839,373,22,36
839,373,22,36
838,373,22,36
837,373,22,36
836,373,22,36
836,373,22,36
835,375,22,36
834,373,22,36
832,374,22,36
832,373,22,36
832,373,21,36
831,372,22,36
829,372,22,36
829,372,22,37
829,370,22,37
828,370,22,37
826,370,22,37
825,370,22,37
825,370,22,37
824,370,22,36
825,371,22,37
823,372,22,37
822,370,22,37
821,370,22,37
821,370,22,37
820,370,22,36
820,370,22,36
820,370,22,36
819,371,22,36
817,370,22,36
817,370,22,37
815,370,22,37
816,370,22,37
815,369,22,37
815,370,22,36
815,370,22,36
814,369,22,36
814,371,22,36
812,369,22,36
811,369,22,35
810,369,22,35
809,370,21,35
808,369,21,36
808,369,21,36
806,368,21,36
806,370,21,35
805,367,21,35
805,368,21,35
815,373,21,35
813,373,21,35
812,373,21,35
812,373,21,34
812,374,21,34
811,373,21,34
810,373,21,34
809,373,22,35
807,372,22,35
807,372,22,35
806,374,22,35
804,372,22,35
804,372,22,35
802,372,22,35
801,372,22,35
799,374,22,35
799,371,22,35
797,373,22,35
789,366,22,35
788,366,22,35
787,366,22,35
786,367,22,35
786,367,22,35
784,366,22,35
784,366,22,35
783,366,22,35
782,365,21,35
781,367,21,35
781,365,21,35
780,366,21,35
779,365,21,35
778,365,21,35
778,366,21,35
777,365,21,35
776,365,21,35
775,366,21,35
776,367,21,35
774,366,21,35
773,366,21,35
773,366,21,35
772,367,21,35
772,367,22,35
769,366,22,35
768,365,21,35
768,366,21,35
766,366,21,35
765,365,21,35
766,366,21,35
765,367,21,35
764,365,21,35
763,366,21,35
763,367,21,35
761,365,21,35
761,366,21,35
759,367,21,35
759,366,21,35
757,367,21,35
758,367,21,35
756,366,21,35
755,365,21,35
754,366,21,35
753,365,21,35
752,365,21,35
753,366,21,35
751,365,21,35
750,365,21,35
750,365,22,35
749,365,22,35
748,365,22,35
748,365,22,35
747,366,22,35
746,366,22,35
744,365,22,35
744,365,22,35
744,365,22,35
742,364,21,35
741,365,21,35
741,365,21,35
740,364,21,35
738,365,20,35
738,366,20,35
738,365,20,35
737,365,20,35
736,364,20,35
736,365,20,35
734,365,20,35
734,365,20,35
733,365,20,35
733,364,20,35
731,364,20,35
730,364,20,35
729,364,20,35
729,365,20,35
728,364,20,35
727,364,20,35
726,363,20,35
725,364,20,35
726,364,21,35
724,365,21,35
723,364,21,35
723,364,21,35
722,364,21,35
720,364,21,35
719,365,21,35
718,363,21,35
718,364,21,35
716,365,21,35
716,365,21,35
715,366,21,35
713,366,21,35
714,367,21,35
713,366,21,34
712,367,21,34
711,367,21,34
709,367,21,34
710,369,21,34
711,370,21,34
708,371,21,34
707,371,21,34
707,372,21,34
706,373,21,34
705,373,21,34
704,375,21,34
703,377,21,34
700,378,21,35
701,382,21,35
695,382,21,35
704,387,21,35
676,378,21,35
683,381,21,35
689,388,21,35
702,399,21,35
681,387,21,35
703,404,21,35
700,407,21,35
700,407,21,35
671,392,21,35
692,404,21,35
691,405,21,35
690,405,21,35
689,405,21,35
688,405,21,35
688,404,21,35
687,404,21,35
686,404,21,35
685,404,21,35
684,405,21,35
684,405,21,35
684,404,21,35
682,404,21,35
682,404,21,35
681,404,21,35
680,405,21,35
680,405,21,35
678,406,21,35
678,407,21,35
677,406,21,35
676,406,21,35
675,406,21,35
675,405,20,35
675,407,20,35
674,406,20,35
672,406,20,35
673,406,21,35
671,405,21,35
670,404,21,35
669,404,21,35
669,405,21,34
669,406,21,34
668,406,21,34
667,406,21,34
666,406,21,34
666,405,21,34
665,406,21,34
663,406,21,34
663,406,21,34
662,407,21,34
661,405,21,34
660,405,21,34
660,406,21,34
659,405,21,34
659,406,21,34
659,405,21,34
657,405,21,34
657,404,21,35
656,406,21,35
656,406,21,35
654,406,21,35
654,406,21,35
653,406,21,35
651,405,21,35
650,406,21,35
651,407,21,35
649,405,21,35
648,405,21,35
648,405,21,35
647,406,21,35
647,406,20,35
647,405,21,35
645,405,21,35
645,405,21,35
643,405,21,35
643,405,21,35
643,406,21,35
641,406,21,35
640,405,21,35
640,406,21,35
640,405,21,35
638,406,21,35
637,405,21,35
636,404,21,35
636,404,21,35
634,403,21,35
634,403,21,35
633,403,21,35
633,404,21,35
631,403,21,35
633,403,21,35
631,402,21,35
629,401,21,35
628,401,22,34
628,401,22,34
626,401,22,34
631,403,22,34
627,400,22,34
625,398,22,34
627,400,21,34
622,397,21,35
620,395,21,35
620,395,21,35
620,395,21,35
620,394,21,35
618,393,21,35
617,392,21,35
614,391,21,35
617,393,21,35
592,373,21,35
609,388,21,35
613,389,21,35
615,389,21,35
596,372,21,35
615,387,21,35
620,389,21,35
627,399,21,35
609,383,21,35
599,376,20,35
611,382,20,35
608,382,20,35
598,376,20,35
606,378,20,35
604,377,20,35
609,380,20,35
603,377,20,35
602,376,20,35
622,390,20,35
607,379,20,35
600,371,20,35
598,372,20,35
612,383,20,35
596,371,20,35
596,370,21,35
590,364,21,35
589,365,21,35
604,377,21,35
591,365,21,35
593,367,21,35
590,362,21,35
593,367,21,35
589,361,20,34
585,362,20,34
584,360,20,34
587,362,20,34
584,359,20,34
581,358,20,34
583,354,20,34
581,356,20,34
585,358,20,34
590,364,20,34
576,355,20,34
578,353,20,34
576,351,20,34
577,352,20,34
573,350,20,34
572,348,20,34
572,349,20,34
572,347,20,34
572,349,20,34
568,345,20,34
566,345,20,34
567,343,21,35
564,342,21,35
564,342,21,35
561,339,21,35
558,338,21,35
560,339,21,35
560,338,21,35
558,338,21,35
557,337,21,35
556,336,21,35
554,334,21,35
552,334,21,35
552,332,21,35
552,332,21,35
550,331,20,35
548,330,20,35
547,330,20,35
546,328,20,35
544,328,20,35
543,327,21,35
542,326,21,35
540,326,21,35
539,324,21,35
537,322,21,35
536,322,21,35
533,322,21,35
532,322,21,35
530,319,21,35
528,319,21,35
526,318,20,34
524,317,20,34
521,317,20,34
521,316,20,34
517,315,20,34
517,315,20,34
515,314,20,34
512,313,20,34
511,311,20,34
508,310,20,34
507,310,20,34
503,309,20,34
503,308,20,34
501,306,20,34
500,305,20,34
498,304,21,34
495,303,21,34
493,303,21,34
491,302,21,34
488,301,21,34
487,301,21,34
484,300,21,34
481,298,21,34
478,298,21,34
475,296,21,34
474,296,21,34
473,295,21,34
472,294,20,34
471,292,20,34
469,292,20,34
467,291,20,34
466,290,20,34
466,291,20,34
464,291,20,34
463,290,20,34
462,291,20,34
460,291,20,34
458,292,20,34
457,292,20,34
455,292,20,34
453,291,20,34
452,292,20,34
450,292,20,34
449,293,20,34
446,291,20,34
445,292,20,34
443,291,20,34
441,292,20,34
438,293,20,34
437,293,20,34
435,293,20,34
432,293,20,34
430,292,20,34
428,292,20,34
426,292,20,34
423,293,20,34
421,293,20,34
418,291,20,34
417,292,20,34
415,292,20,34
412,292,20,34
409,292,20,34
407,293,20,34
404,292,20,34
403,293,20,34
400,292,20,34
398,293,20,34
395,294,20,34
392,293,20,34
391,295,20,34
388,295,20,34
384,295,20,34
383,296,20,34
380,295,20,34
378,295,20,34
375,295,20,34
373,296,20,34
371,296,20,34
368,296,20,34
366,296,20,34
364,296,20,34
361,297,20,34
358,297,20,34
356,297,20,34
353,297,20,34
351,297,20,34
349,297,21,34
346,298,21,34
344,299,21,34
