549.0,144.0,63.0,132.0
548.0,144.0,63.0,132.0
547.0,144.0,63.0,132.0
547.0,144.0,63.0,132.0
546.0,143.0,63.0,132.0
545.0,143.0,64.0,134.0
544.0,142.0,64.0,134.0
543.0,142.0,64.0,134.0
542.0,142.0,64.0,134.0
541.0,142.0,64.0,133.0
540.0,142.0,64.0,133.0
539.0,141.0,65.0,133.0
539.0,141.0,65.0,133.0
538.0,141.0,65.0,134.0
538.0,141.0,65.0,134.0
537.0,140.0,65.0,134.0
536.0,141.0,65.0,134.0
535.0,141.0,65.0,135.0
535.0,141.0,65.0,135.0
534.0,141.0,65.0,135.0
534.0,141.0,65.0,135.0
533.0,142.0,65.0,134.0
534.0,143.0,63.0,132.0
533.0,143.0,63.0,132.0
533.0,144.0,63.0,132.0
531.0,143.0,65.0,134.0
531.0,144.0,65.0,134.0
530.0,143.0,66.0,137.0
529.0,143.0,66.0,137.0
529.0,144.0,66.0,137.0
528.0,143.0,66.0,137.0
528.0,143.0,66.0,137.0
527.0,144.0,66.0,137.0
527.0,144.0,66.0,137.0
526.0,144.0,66.0,136.0
526.0,144.0,65.0,136.0
526.0,144.0,65.0,136.0
526.0,144.0,65.0,136.0
526.0,144.0,66.0,136.0
525.0,144.0,66.0,137.0
525.0,144.0,66.0,137.0
525.0,144.0,66.0,137.0
525.0,145.0,66.0,137.0
525.0,145.0,66.0,137.0
525.0,145.0,66.0,137.0
525.0,146.0,66.0,137.0
525.0,147.0,66.0,137.0
525.0,146.0,66.0,137.0
525.0,147.0,66.0,137.0
525.0,147.0,66.0,137.0
524.0,146.0,65.0,137.0
524.0,146.0,65.0,137.0
523.0,146.0,67.0,140.0
523.0,146.0,67.0,139.0
522.0,146.0,67.0,139.0
523.0,146.0,67.0,139.0
522.0,146.0,67.0,139.0
523.0,145.0,67.0,139.0
523.0,145.0,68.0,139.0
523.0,144.0,68.0,139.0
524.0,144.0,68.0,139.0
525.0,144.0,68.0,139.0
525.0,144.0,68.0,140.0
526.0,144.0,67.0,140.0
526.0,144.0,68.0,140.0
528.0,143.0,68.0,140.0
529.0,144.0,68.0,140.0
530.0,144.0,68.0,140.0
530.0,144.0,68.0,141.0
532.0,143.0,68.0,141.0
533.0,144.0,68.0,140.0
533.0,144.0,68.0,140.0
535.0,144.0,68.0,140.0
535.0,144.0,68.0,140.0
536.0,144.0,68.0,140.0
537.0,144.0,68.0,140.0
538.0,144.0,68.0,140.0
539.0,144.0,68.0,140.0
539.0,142.0,69.0,143.0
540.0,142.0,69.0,143.0
542.0,142.0,69.0,142.0
543.0,142.0,69.0,142.0
543.0,141.0,68.0,142.0
545.0,140.0,68.0,142.0
546.0,139.0,68.0,142.0
547.0,139.0,68.0,142.0
548.0,138.0,68.0,142.0
549.0,138.0,68.0,142.0
550.0,138.0,69.0,142.0
550.0,137.0,69.0,142.0
551.0,137.0,69.0,143.0
553.0,137.0,68.0,140.0
553.0,137.0,68.0,140.0
553.0,137.0,68.0,140.0
554.0,136.0,68.0,140.0
554.0,136.0,67.0,140.0
555.0,135.0,67.0,140.0
555.0,135.0,67.0,140.0
556.0,134.0,67.0,140.0
556.0,134.0,67.0,140.0
556.0,133.0,67.0,140.0
557.0,132.0,67.0,140.0
556.0,131.0,68.0,143.0
557.0,130.0,68.0,142.0
557.0,129.0,68.0,142.0
558.0,129.0,68.0,142.0
558.0,128.0,69.0,142.0
559.0,127.0,69.0,142.0
559.0,126.0,69.0,142.0
559.0,126.0,69.0,142.0
559.0,125.0,69.0,143.0
559.0,124.0,69.0,143.0
559.0,124.0,69.0,143.0
559.0,123.0,69.0,143.0
559.0,123.0,69.0,144.0
558.0,123.0,69.0,143.0
559.0,123.0,69.0,143.0
558.0,123.0,69.0,143.0
558.0,122.0,69.0,143.0
557.0,123.0,69.0,143.0
557.0,122.0,69.0,143.0
556.0,122.0,69.0,143.0
556.0,122.0,69.0,143.0
555.0,121.0,69.0,143.0
555.0,121.0,69.0,143.0
554.0,121.0,69.0,143.0
554.0,120.0,69.0,143.0
552.0,119.0,69.0,143.0
552.0,119.0,69.0,143.0
552.0,118.0,69.0,143.0
552.0,118.0,69.0,143.0
552.0,117.0,69.0,143.0
554.0,117.0,69.0,142.0
555.0,116.0,69.0,142.0
556.0,116.0,69.0,142.0
558.0,115.0,69.0,142.0
560.0,115.0,69.0,142.0
562.0,114.0,69.0,143.0
564.0,114.0,69.0,143.0
569.0,115.0,68.0,140.0
571.0,114.0,68.0,140.0
574.0,113.0,68.0,140.0
579.0,114.0,68.0,140.0
581.0,113.0,68.0,140.0
586.0,113.0,68.0,140.0
591.0,113.0,68.0,140.0
595.0,114.0,68.0,140.0
601.0,113.0,68.0,140.0
606.0,112.0,68.0,140.0
612.0,112.0,67.0,140.0
618.0,112.0,67.0,140.0
624.0,112.0,67.0,140.0
628.0,112.0,68.0,140.0
633.0,111.0,68.0,140.0
635.0,111.0,68.0,140.0
638.0,110.0,68.0,140.0
640.0,110.0,68.0,140.0
641.0,109.0,68.0,140.0
641.0,109.0,68.0,140.0
641.0,109.0,68.0,140.0
641.0,109.0,68.0,140.0
639.0,109.0,68.0,140.0
638.0,109.0,68.0,140.0
636.0,109.0,68.0,141.0
633.0,109.0,68.0,141.0
631.0,109.0,68.0,141.0
630.0,110.0,66.0,138.0
627.0,110.0,66.0,138.0
624.0,109.0,68.0,141.0
621.0,110.0,68.0,140.0
620.0,110.0,68.0,140.0
616.0,110.0,68.0,140.0
614.0,111.0,68.0,140.0
612.0,111.0,68.0,140.0
609.0,111.0,68.0,140.0
607.0,111.0,68.0,140.0
603.0,110.0,68.0,140.0
601.0,111.0,68.0,140.0
598.0,111.0,68.0,140.0
596.0,111.0,68.0,140.0
592.0,110.0,68.0,140.0
590.0,111.0,68.0,140.0
587.0,111.0,68.0,140.0
584.0,111.0,68.0,139.0
581.0,111.0,68.0,139.0
578.0,111.0,68.0,140.0
575.0,111.0,68.0,140.0
572.0,111.0,68.0,140.0
571.0,111.0,68.0,140.0
571.0,111.0,66.0,138.0
570.0,111.0,66.0,138.0
570.0,112.0,66.0,138.0
570.0,112.0,66.0,137.0
572.0,113.0,66.0,138.0
572.0,112.0,66.0,138.0
573.0,112.0,66.0,138.0
575.0,113.0,65.0,138.0
577.0,112.0,65.0,138.0
579.0,112.0,65.0,138.0
581.0,111.0,67.0,140.0
584.0,111.0,67.0,140.0
586.0,111.0,67.0,140.0
588.0,111.0,67.0,140.0
590.0,110.0,68.0,140.0
593.0,110.0,68.0,140.0
595.0,109.0,68.0,140.0
599.0,109.0,67.0,140.0
602.0,108.0,67.0,139.0
606.0,109.0,66.0,137.0
609.0,109.0,66.0,137.0
612.0,109.0,66.0,138.0
616.0,109.0,66.0,138.0
619.0,109.0,65.0,138.0
623.0,109.0,65.0,138.0
626.0,110.0,65.0,138.0
628.0,110.0,65.0,138.0
633.0,110.0,65.0,138.0
636.0,111.0,65.0,138.0
640.0,112.0,65.0,136.0
642.0,112.0,65.0,136.0
646.0,113.0,65.0,135.0
649.0,113.0,65.0,135.0
652.0,114.0,65.0,135.0
655.0,114.0,65.0,135.0
659.0,115.0,65.0,135.0
660.0,115.0,65.0,135.0
664.0,116.0,65.0,135.0
666.0,116.0,65.0,135.0
668.0,116.0,65.0,135.0
672.0,116.0,65.0,134.0
674.0,117.0,65.0,134.0
677.0,117.0,65.0,134.0
678.0,117.0,65.0,134.0
680.0,117.0,65.0,134.0
681.0,117.0,65.0,134.0
683.0,118.0,65.0,134.0
684.0,118.0,66.0,134.0
685.0,119.0,66.0,135.0
686.0,119.0,66.0,135.0
686.0,120.0,66.0,135.0
687.0,120.0,66.0,135.0
687.0,120.0,66.0,135.0
687.0,121.0,66.0,135.0
687.0,121.0,66.0,135.0
687.0,121.0,66.0,135.0
687.0,122.0,66.0,135.0
686.0,122.0,66.0,135.0
685.0,122.0,66.0,135.0
684.0,122.0,66.0,135.0
684.0,122.0,66.0,135.0
683.0,123.0,65.0,135.0
683.0,123.0,65.0,134.0
682.0,123.0,65.0,134.0
680.0,123.0,65.0,134.0
679.0,123.0,65.0,134.0
677.0,122.0,65.0,135.0
675.0,122.0,65.0,135.0
674.0,123.0,65.0,135.0
672.0,123.0,65.0,135.0
669.0,124.0,65.0,135.0
668.0,124.0,65.0,135.0
666.0,124.0,65.0,136.0
664.0,125.0,65.0,136.0
663.0,125.0,64.0,133.0
661.0,126.0,64.0,133.0
660.0,126.0,64.0,133.0
660.0,128.0,63.0,131.0
659.0,129.0,63.0,131.0
658.0,129.0,63.0,131.0
658.0,130.0,63.0,131.0
659.0,130.0,63.0,131.0
659.0,131.0,63.0,131.0
659.0,131.0,62.0,131.0
659.0,132.0,62.0,131.0
659.0,131.0,63.0,132.0
660.0,131.0,63.0,133.0
660.0,132.0,63.0,133.0
662.0,133.0,63.0,132.0
661.0,132.0,65.0,135.0
663.0,132.0,65.0,135.0
664.0,133.0,65.0,134.0
664.0,134.0,65.0,134.0
665.0,134.0,65.0,134.0
665.0,134.0,66.0,134.0
666.0,135.0,66.0,134.0
667.0,135.0,66.0,134.0
667.0,135.0,66.0,134.0
667.0,136.0,66.0,134.0
668.0,137.0,66.0,134.0
669.0,137.0,64.0,132.0
668.0,138.0,64.0,132.0
668.0,138.0,64.0,132.0
668.0,139.0,64.0,132.0
667.0,141.0,64.0,131.0
667.0,141.0,64.0,131.0
668.0,142.0,63.0,130.0
667.0,142.0,62.0,129.0
665.0,142.0,62.0,129.0
664.0,142.0,62.0,130.0
663.0,142.0,63.0,130.0
661.0,143.0,63.0,130.0
661.0,144.0,62.0,128.0
660.0,143.0,62.0,127.0
659.0,144.0,61.0,127.0
658.0,144.0,61.0,127.0
657.0,144.0,61.0,127.0
656.0,144.0,61.0,127.0
654.0,144.0,61.0,128.0
653.0,144.0,61.0,128.0
652.0,144.0,62.0,128.0
650.0,145.0,62.0,129.0
649.0,145.0,62.0,129.0
648.0,146.0,62.0,129.0
648.0,146.0,62.0,129.0
648.0,149.0,61.0,127.0
647.0,149.0,61.0,127.0
646.0,149.0,61.0,127.0
647.0,151.0,59.0,124.0
646.0,152.0,59.0,124.0
646.0,152.0,59.0,124.0
646.0,153.0,59.0,124.0
646.0,153.0,59.0,123.0
648.0,154.0,59.0,123.0
648.0,154.0,58.0,123.0
649.0,154.0,58.0,123.0
650.0,155.0,58.0,123.0
653.0,155.0,58.0,123.0
655.0,156.0,59.0,123.0
656.0,155.0,60.0,126.0
660.0,156.0,60.0,126.0
663.0,156.0,60.0,126.0
666.0,156.0,60.0,125.0
668.0,156.0,61.0,125.0
671.0,157.0,61.0,125.0
674.0,157.0,61.0,125.0
677.0,157.0,61.0,125.0
680.0,157.0,61.0,125.0
683.0,158.0,61.0,125.0
685.0,158.0,62.0,125.0
688.0,159.0,62.0,125.0
690.0,159.0,62.0,125.0
692.0,161.0,60.0,122.0
695.0,161.0,60.0,122.0
696.0,162.0,60.0,122.0
698.0,162.0,60.0,122.0
700.0,163.0,60.0,122.0
701.0,163.0,60.0,122.0
703.0,163.0,60.0,122.0
705.0,163.0,60.0,122.0
707.0,163.0,59.0,122.0
708.0,163.0,59.0,122.0
709.0,164.0,59.0,122.0
709.0,164.0,59.0,122.0
710.0,163.0,59.0,122.0
709.0,163.0,59.0,122.0
708.0,163.0,59.0,122.0
707.0,163.0,59.0,123.0
705.0,163.0,59.0,123.0
703.0,163.0,59.0,123.0
702.0,164.0,58.0,122.0
700.0,164.0,58.0,122.0
697.0,164.0,58.0,122.0
694.0,165.0,58.0,122.0
692.0,165.0,58.0,122.0
690.0,166.0,58.0,121.0
687.0,166.0,58.0,121.0
685.0,167.0,58.0,121.0
684.0,167.0,58.0,121.0
683.0,167.0,58.0,121.0
681.0,168.0,57.0,121.0
680.0,168.0,58.0,121.0
678.0,170.0,57.0,118.0
677.0,170.0,57.0,118.0
676.0,170.0,57.0,118.0
675.0,171.0,57.0,118.0
674.0,171.0,57.0,118.0
674.0,171.0,57.0,118.0
673.0,171.0,57.0,118.0
672.0,171.0,58.0,121.0
672.0,170.0,58.0,121.0
671.0,170.0,57.0,121.0
671.0,170.0,57.0,121.0
672.0,170.0,57.0,121.0
671.0,170.0,57.0,121.0
672.0,170.0,57.0,121.0
673.0,170.0,57.0,121.0
673.0,170.0,57.0,120.0
673.0,169.0,57.0,120.0
673.0,169.0,58.0,120.0
673.0,169.0,58.0,120.0
673.0,169.0,58.0,120.0
673.0,169.0,59.0,120.0
672.0,169.0,59.0,120.0
673.0,168.0,59.0,120.0
672.0,168.0,59.0,120.0
671.0,169.0,59.0,120.0
671.0,168.0,58.0,120.0
671.0,168.0,58.0,120.0
670.0,168.0,58.0,120.0
669.0,167.0,58.0,120.0
668.0,167.0,58.0,120.0
667.0,166.0,58.0,120.0
665.0,166.0,58.0,120.0
664.0,165.0,58.0,120.0
663.0,165.0,58.0,120.0
662.0,164.0,58.0,120.0
660.0,164.0,58.0,120.0
659.0,163.0,58.0,120.0
658.0,162.0,57.0,120.0
656.0,162.0,57.0,121.0
655.0,161.0,57.0,121.0
653.0,161.0,57.0,121.0
652.0,161.0,57.0,121.0
650.0,160.0,57.0,121.0
649.0,161.0,56.0,118.0
647.0,161.0,57.0,118.0
645.0,161.0,57.0,118.0
643.0,161.0,58.0,118.0
642.0,160.0,58.0,118.0
641.0,161.0,58.0,118.0
640.0,161.0,58.0,118.0
638.0,161.0,57.0,118.0
637.0,160.0,57.0,118.0
637.0,161.0,57.0,118.0
635.0,160.0,57.0,118.0
635.0,159.0,57.0,117.0
635.0,160.0,57.0,117.0
634.0,159.0,57.0,118.0
634.0,159.0,57.0,118.0
635.0,158.0,56.0,118.0
635.0,158.0,56.0,118.0
635.0,158.0,56.0,118.0
635.0,157.0,56.0,117.0
636.0,157.0,56.0,117.0
637.0,157.0,55.0,116.0
637.0,157.0,54.0,116.0
638.0,156.0,55.0,116.0
639.0,156.0,55.0,116.0
640.0,155.0,55.0,116.0
641.0,155.0,56.0,116.0
643.0,155.0,55.0,114.0
644.0,155.0,55.0,114.0
645.0,155.0,55.0,114.0
648.0,154.0,56.0,114.0
649.0,154.0,56.0,114.0
650.0,153.0,56.0,114.0
652.0,153.0,56.0,114.0
655.0,153.0,55.0,112.0
658.0,153.0,55.0,112.0
659.0,152.0,55.0,112.0
661.0,151.0,54.0,112.0
664.0,149.0,55.0,114.0
666.0,148.0,55.0,114.0
669.0,148.0,55.0,114.0
672.0,147.0,55.0,114.0
674.0,147.0,55.0,114.0
677.0,146.0,54.0,114.0
680.0,146.0,54.0,114.0
683.0,145.0,54.0,114.0
686.0,144.0,54.0,114.0
687.0,144.0,54.0,114.0
690.0,143.0,54.0,114.0
691.0,143.0,54.0,114.0
693.0,143.0,55.0,114.0
695.0,143.0,55.0,114.0
695.0,142.0,55.0,114.0
696.0,142.0,56.0,113.0
697.0,143.0,55.0,112.0
697.0,143.0,55.0,111.0
698.0,143.0,55.0,112.0
698.0,143.0,55.0,112.0
698.0,143.0,55.0,112.0
698.0,143.0,55.0,112.0
697.0,143.0,55.0,112.0
697.0,142.0,55.0,112.0
695.0,141.0,55.0,112.0
693.0,141.0,55.0,112.0
692.0,141.0,55.0,111.0
690.0,140.0,54.0,111.0
689.0,140.0,54.0,111.0
688.0,140.0,54.0,111.0
687.0,139.0,54.0,112.0
687.0,139.0,53.0,112.0
687.0,138.0,53.0,112.0
687.0,138.0,53.0,112.0
687.0,137.0,53.0,112.0
687.0,137.0,53.0,112.0
687.0,137.0,53.0,112.0
688.0,136.0,54.0,112.0
689.0,137.0,52.0,109.0
689.0,137.0,52.0,109.0
689.0,137.0,52.0,109.0
690.0,136.0,53.0,109.0
692.0,136.0,53.0,109.0
692.0,136.0,53.0,109.0
694.0,137.0,52.0,107.0
695.0,137.0,52.0,107.0
698.0,137.0,52.0,107.0
700.0,136.0,52.0,107.0
701.0,135.0,52.0,107.0
704.0,136.0,52.0,108.0
706.0,135.0,52.0,108.0
709.0,134.0,52.0,108.0
712.0,134.0,52.0,108.0
714.0,134.0,52.0,108.0
717.0,134.0,52.0,108.0
721.0,134.0,51.0,108.0
723.0,134.0,51.0,107.0
726.0,133.0,51.0,107.0
729.0,133.0,51.0,107.0
731.0,134.0,51.0,107.0
733.0,133.0,51.0,107.0
736.0,133.0,51.0,107.0
738.0,133.0,52.0,107.0
741.0,133.0,52.0,107.0
743.0,134.0,52.0,107.0
745.0,134.0,52.0,107.0
747.0,134.0,52.0,107.0
749.0,134.0,52.0,107.0
751.0,135.0,52.0,107.0
754.0,135.0,52.0,107.0
756.0,135.0,52.0,107.0
758.0,135.0,52.0,107.0
759.0,135.0,52.0,107.0
762.0,134.0,52.0,107.0
764.0,134.0,52.0,107.0
766.0,134.0,52.0,107.0
767.0,134.0,52.0,107.0
769.0,134.0,52.0,107.0
770.0,133.0,52.0,107.0
772.0,133.0,51.0,107.0
774.0,133.0,51.0,107.0
775.0,132.0,51.0,107.0
776.0,132.0,51.0,107.0
778.0,132.0,51.0,107.0
779.0,131.0,51.0,107.0
780.0,131.0,51.0,107.0
781.0,131.0,52.0,107.0
782.0,131.0,52.0,107.0
783.0,131.0,52.0,108.0
784.0,130.0,52.0,108.0
785.0,130.0,52.0,108.0
785.0,130.0,52.0,108.0
786.0,129.0,52.0,108.0
787.0,129.0,52.0,108.0
787.0,129.0,52.0,108.0
787.0,128.0,52.0,108.0
788.0,128.0,52.0,108.0
788.0,127.0,52.0,108.0
788.0,126.0,52.0,108.0
788.0,125.0,52.0,108.0
788.0,124.0,52.0,109.0
787.0,124.0,52.0,109.0
787.0,123.0,52.0,109.0
787.0,122.0,52.0,109.0
786.0,121.0,52.0,109.0
786.0,121.0,52.0,109.0
784.0,120.0,52.0,109.0
784.0,119.0,52.0,109.0
782.0,119.0,52.0,109.0
780.0,118.0,52.0,109.0
778.0,117.0,52.0,109.0
777.0,118.0,51.0,107.0
775.0,117.0,52.0,107.0
773.0,117.0,52.0,107.0
771.0,116.0,52.0,107.0
768.0,115.0,52.0,107.0
765.0,115.0,52.0,108.0
763.0,115.0,52.0,107.0
760.0,115.0,51.0,105.0
758.0,114.0,51.0,105.0
754.0,113.0,52.0,107.0
751.0,112.0,52.0,107.0
747.0,112.0,52.0,107.0
745.0,110.0,52.0,107.0
741.0,110.0,51.0,107.0
739.0,109.0,51.0,107.0
736.0,109.0,51.0,107.0
733.0,108.0,51.0,106.0
730.0,107.0,50.0,106.0
728.0,106.0,50.0,106.0
726.0,106.0,50.0,107.0
724.0,105.0,50.0,107.0
723.0,105.0,50.0,107.0
721.0,105.0,51.0,107.0
720.0,104.0,51.0,107.0
718.0,104.0,51.0,107.0
717.0,104.0,51.0,107.0
715.0,103.0,52.0,107.0
714.0,103.0,51.0,107.0
714.0,103.0,51.0,107.0
714.0,103.0,51.0,107.0
714.0,103.0,51.0,108.0
713.0,102.0,52.0,108.0
714.0,102.0,52.0,108.0
715.0,102.0,51.0,107.0
716.0,101.0,51.0,107.0
717.0,101.0,51.0,107.0
719.0,101.0,51.0,107.0
720.0,101.0,51.0,107.0
722.0,101.0,50.0,107.0
723.0,101.0,50.0,107.0
726.0,101.0,50.0,107.0
730.0,101.0,50.0,105.0
732.0,101.0,50.0,105.0
735.0,102.0,50.0,105.0
737.0,102.0,50.0,105.0
741.0,102.0,50.0,105.0
744.0,103.0,50.0,105.0
746.0,104.0,50.0,105.0
748.0,104.0,50.0,105.0
750.0,105.0,51.0,105.0
752.0,107.0,51.0,105.0
753.0,107.0,51.0,105.0
756.0,108.0,51.0,106.0
756.0,109.0,51.0,106.0
758.0,110.0,50.0,106.0
759.0,111.0,50.0,105.0
760.0,112.0,50.0,105.0
760.0,112.0,50.0,105.0
759.0,113.0,50.0,105.0
759.0,114.0,50.0,105.0
758.0,115.0,50.0,105.0
757.0,115.0,50.0,105.0
755.0,116.0,49.0,105.0
753.0,116.0,49.0,105.0
751.0,117.0,50.0,105.0
748.0,118.0,50.0,105.0
745.0,119.0,49.0,105.0
742.0,121.0,49.0,105.0
739.0,122.0,49.0,105.0
736.0,122.0,49.0,105.0
731.0,123.0,50.0,105.0
729.0,125.0,50.0,105.0
724.0,126.0,50.0,105.0
722.0,127.0,50.0,105.0
718.0,129.0,50.0,105.0
714.0,130.0,50.0,105.0
711.0,131.0,50.0,105.0
708.0,132.0,50.0,105.0
705.0,134.0,50.0,105.0
701.0,134.0,50.0,105.0
699.0,135.0,50.0,105.0
697.0,136.0,50.0,105.0
696.0,137.0,50.0,105.0
695.0,137.0,50.0,105.0
695.0,139.0,50.0,105.0
695.0,140.0,50.0,105.0
697.0,142.0,50.0,105.0
698.0,143.0,50.0,105.0
702.0,144.0,49.0,105.0
705.0,146.0,49.0,103.0
708.0,147.0,49.0,103.0
714.0,148.0,49.0,103.0
719.0,150.0,49.0,103.0
725.0,152.0,49.0,103.0
731.0,154.0,49.0,103.0
736.0,157.0,49.0,103.0
741.0,159.0,50.0,103.0
748.0,161.0,50.0,103.0
755.0,164.0,50.0,103.0
762.0,165.0,50.0,103.0
768.0,168.0,50.0,103.0
774.0,170.0,50.0,104.0
780.0,173.0,50.0,104.0
785.0,175.0,50.0,104.0
788.0,177.0,50.0,104.0
792.0,177.0,51.0,105.0
793.0,179.0,50.0,105.0
795.0,181.0,50.0,105.0
796.0,182.0,50.0,105.0
796.0,184.0,50.0,105.0
795.0,185.0,50.0,105.0
794.0,186.0,50.0,105.0
792.0,187.0,50.0,105.0
789.0,189.0,50.0,105.0
785.0,190.0,50.0,105.0
782.0,192.0,50.0,105.0
777.0,192.0,50.0,105.0
775.0,193.0,50.0,105.0
771.0,195.0,50.0,105.0
766.0,196.0,50.0,105.0
764.0,198.0,50.0,105.0
759.0,199.0,50.0,105.0
755.0,201.0,50.0,106.0
752.0,202.0,50.0,106.0
748.0,204.0,50.0,106.0
744.0,204.0,50.0,106.0
740.0,206.0,50.0,106.0
737.0,207.0,50.0,106.0
733.0,208.0,50.0,106.0
729.0,209.0,50.0,106.0
725.0,209.0,51.0,108.0
721.0,210.0,51.0,108.0
718.0,211.0,51.0,108.0
715.0,213.0,50.0,106.0
712.0,214.0,50.0,106.0
710.0,215.0,50.0,105.0
709.0,216.0,50.0,105.0
708.0,218.0,49.0,103.0
709.0,220.0,49.0,103.0
709.0,220.0,49.0,103.0
710.0,222.0,49.0,103.0
711.0,224.0,49.0,103.0
712.0,226.0,50.0,103.0
713.0,227.0,50.0,103.0
714.0,229.0,50.0,103.0
715.0,230.0,50.0,104.0
717.0,232.0,50.0,104.0
718.0,234.0,50.0,104.0
720.0,235.0,50.0,104.0
722.0,237.0,50.0,104.0
723.0,239.0,50.0,104.0
725.0,240.0,50.0,104.0
727.0,242.0,50.0,104.0
729.0,243.0,50.0,104.0
730.0,244.0,50.0,104.0
732.0,246.0,49.0,103.0
734.0,247.0,49.0,103.0
735.0,248.0,49.0,103.0
736.0,249.0,49.0,103.0
737.0,250.0,49.0,103.0
737.0,251.0,49.0,103.0
737.0,251.0,49.0,103.0
737.0,253.0,48.0,101.0
737.0,254.0,48.0,101.0
736.0,254.0,48.0,101.0
734.0,255.0,48.0,101.0
730.0,256.0,48.0,101.0
728.0,257.0,48.0,101.0
725.0,257.0,48.0,102.0
723.0,258.0,48.0,102.0
719.0,258.0,48.0,102.0
717.0,259.0,48.0,102.0
714.0,259.0,48.0,102.0
712.0,259.0,48.0,102.0
709.0,260.0,48.0,102.0
707.0,260.0,48.0,102.0
705.0,259.0,48.0,102.0
704.0,259.0,48.0,102.0
703.0,260.0,48.0,102.0
702.0,260.0,48.0,102.0
700.0,260.0,48.0,102.0
700.0,261.0,48.0,101.0
700.0,261.0,48.0,101.0
699.0,261.0,48.0,101.0
699.0,261.0,48.0,101.0
700.0,262.0,48.0,101.0
700.0,263.0,48.0,101.0
701.0,264.0,48.0,101.0
702.0,264.0,48.0,101.0
702.0,265.0,48.0,101.0
704.0,265.0,49.0,101.0
705.0,266.0,49.0,101.0
708.0,267.0,49.0,101.0
709.0,267.0,49.0,101.0
713.0,268.0,49.0,102.0
715.0,268.0,49.0,102.0
718.0,268.0,49.0,102.0
720.0,269.0,49.0,102.0
725.0,269.0,49.0,102.0
727.0,269.0,49.0,102.0
732.0,269.0,49.0,102.0
735.0,269.0,49.0,102.0
738.0,269.0,49.0,101.0
740.0,270.0,49.0,101.0
744.0,270.0,48.0,101.0
747.0,270.0,48.0,101.0
750.0,270.0,48.0,100.0
753.0,270.0,48.0,101.0
756.0,270.0,49.0,101.0
759.0,271.0,49.0,101.0
761.0,271.0,49.0,101.0
764.0,271.0,49.0,101.0
766.0,272.0,49.0,102.0
768.0,272.0,49.0,102.0
770.0,272.0,49.0,102.0
772.0,272.0,49.0,102.0
773.0,273.0,49.0,102.0
774.0,273.0,49.0,102.0
775.0,273.0,49.0,102.0
775.0,273.0,49.0,102.0
776.0,272.0,49.0,102.0
776.0,271.0,49.0,102.0
777.0,271.0,49.0,102.0
777.0,270.0,49.0,102.0
776.0,270.0,49.0,102.0
777.0,270.0,49.0,102.0
777.0,269.0,48.0,102.0
777.0,268.0,48.0,102.0
777.0,268.0,48.0,101.0
777.0,269.0,48.0,101.0
778.0,268.0,48.0,101.0
778.0,268.0,49.0,101.0
780.0,269.0,49.0,101.0
781.0,268.0,49.0,101.0
781.0,268.0,49.0,101.0
782.0,269.0,49.0,101.0
784.0,269.0,50.0,101.0
787.0,269.0,50.0,101.0
789.0,269.0,50.0,102.0
790.0,269.0,50.0,102.0
793.0,270.0,50.0,102.0
795.0,270.0,50.0,102.0
798.0,270.0,50.0,102.0
800.0,270.0,49.0,102.0
803.0,270.0,49.0,102.0
806.0,270.0,49.0,102.0
808.0,269.0,50.0,104.0
811.0,270.0,50.0,104.0
815.0,271.0,49.0,102.0
816.0,272.0,49.0,101.0
819.0,271.0,49.0,101.0
822.0,272.0,49.0,101.0
823.0,272.0,49.0,101.0
825.0,273.0,49.0,101.0
826.0,273.0,49.0,101.0
827.0,274.0,49.0,101.0
827.0,274.0,49.0,101.0
827.0,274.0,49.0,101.0
827.0,274.0,49.0,101.0
825.0,274.0,49.0,101.0
824.0,273.0,49.0,101.0
822.0,273.0,49.0,102.0
819.0,273.0,49.0,102.0
816.0,272.0,49.0,102.0
813.0,272.0,49.0,102.0
810.0,272.0,49.0,102.0
807.0,271.0,49.0,102.0
803.0,270.0,49.0,102.0
800.0,270.0,49.0,102.0
797.0,270.0,49.0,102.0
793.0,270.0,49.0,102.0
790.0,269.0,49.0,102.0
787.0,269.0,48.0,101.0
783.0,269.0,48.0,101.0
780.0,268.0,49.0,101.0
776.0,268.0,49.0,101.0
772.0,268.0,49.0,101.0
769.0,268.0,49.0,101.0
764.0,268.0,49.0,101.0
761.0,267.0,49.0,101.0
756.0,268.0,49.0,101.0
752.0,268.0,48.0,99.0
748.0,268.0,48.0,99.0
745.0,268.0,48.0,100.0
740.0,268.0,48.0,100.0
736.0,268.0,48.0,100.0
732.0,267.0,48.0,100.0
727.0,266.0,48.0,100.0
724.0,266.0,48.0,99.0
721.0,265.0,48.0,99.0
718.0,265.0,48.0,99.0
716.0,265.0,48.0,99.0
714.0,265.0,48.0,99.0
714.0,265.0,48.0,99.0
715.0,266.0,47.0,98.0
716.0,265.0,47.0,98.0
717.0,266.0,46.0,96.0
719.0,266.0,46.0,96.0
721.0,267.0,46.0,96.0
723.0,268.0,45.0,95.0
725.0,269.0,45.0,95.0
727.0,269.0,46.0,95.0
729.0,270.0,46.0,95.0
732.0,270.0,46.0,95.0
735.0,271.0,46.0,95.0
737.0,271.0,46.0,95.0
738.0,272.0,46.0,95.0
741.0,272.0,46.0,96.0
743.0,272.0,46.0,96.0
744.0,273.0,46.0,96.0
746.0,274.0,46.0,96.0
748.0,275.0,46.0,96.0
749.0,275.0,46.0,96.0
749.0,274.0,46.0,96.0
750.0,274.0,46.0,96.0
751.0,274.0,46.0,96.0
751.0,274.0,46.0,96.0
751.0,275.0,46.0,96.0
751.0,275.0,46.0,96.0
751.0,275.0,46.0,95.0
752.0,276.0,45.0,94.0
752.0,276.0,45.0,93.0
751.0,276.0,45.0,93.0
751.0,277.0,44.0,91.0
750.0,277.0,44.0,91.0
749.0,278.0,44.0,91.0
748.0,278.0,45.0,91.0
747.0,278.0,45.0,91.0
746.0,278.0,45.0,91.0
745.0,278.0,45.0,91.0
743.0,278.0,45.0,91.0
742.0,279.0,45.0,92.0
741.0,279.0,45.0,92.0
740.0,280.0,45.0,92.0
739.0,279.0,44.0,92.0
738.0,279.0,44.0,92.0
736.0,279.0,44.0,92.0
735.0,279.0,44.0,92.0
734.0,279.0,44.0,92.0
732.0,279.0,44.0,92.0
731.0,279.0,44.0,92.0
730.0,279.0,44.0,92.0
729.0,279.0,44.0,92.0
728.0,279.0,43.0,91.0
729.0,279.0,43.0,91.0
728.0,280.0,43.0,91.0
728.0,280.0,44.0,91.0
729.0,280.0,44.0,91.0
730.0,280.0,44.0,91.0
731.0,280.0,44.0,91.0
733.0,281.0,44.0,91.0
734.0,281.0,44.0,91.0
735.0,282.0,44.0,92.0
736.0,282.0,44.0,92.0
736.0,282.0,44.0,92.0
737.0,283.0,44.0,92.0
736.0,282.0,44.0,92.0
736.0,283.0,44.0,92.0
735.0,283.0,44.0,92.0
734.0,283.0,44.0,92.0
734.0,283.0,44.0,92.0
733.0,282.0,44.0,92.0
732.0,282.0,44.0,92.0
731.0,282.0,44.0,92.0
730.0,281.0,44.0,92.0
729.0,281.0,44.0,92.0
729.0,281.0,44.0,92.0
728.0,281.0,44.0,92.0
727.0,281.0,44.0,92.0
726.0,281.0,43.0,91.0
725.0,281.0,43.0,91.0
724.0,281.0,43.0,91.0
723.0,281.0,43.0,91.0
721.0,280.0,43.0,91.0
719.0,280.0,44.0,91.0
717.0,281.0,44.0,90.0
716.0,281.0,44.0,90.0
713.0,281.0,44.0,90.0
712.0,281.0,44.0,91.0
708.0,280.0,44.0,91.0
707.0,280.0,44.0,91.0
702.0,280.0,44.0,91.0
701.0,279.0,44.0,91.0
697.0,279.0,43.0,91.0
693.0,278.0,43.0,91.0
690.0,278.0,44.0,91.0
687.0,277.0,44.0,91.0
683.0,276.0,44.0,91.0
679.0,276.0,44.0,90.0
675.0,275.0,44.0,91.0
672.0,274.0,44.0,91.0
668.0,273.0,43.0,91.0
665.0,272.0,43.0,90.0
662.0,272.0,43.0,90.0
658.0,272.0,43.0,91.0
655.0,271.0,43.0,91.0
651.0,270.0,43.0,91.0
649.0,269.0,43.0,91.0
646.0,270.0,43.0,90.0
644.0,270.0,43.0,90.0
642.0,269.0,43.0,90.0
639.0,269.0,43.0,90.0
639.0,268.0,43.0,91.0
637.0,267.0,43.0,91.0
636.0,267.0,43.0,91.0
636.0,266.0,43.0,91.0
636.0,265.0,43.0,91.0
636.0,264.0,43.0,91.0
637.0,263.0,43.0,91.0
639.0,261.0,43.0,92.0
641.0,260.0,43.0,92.0
643.0,259.0,43.0,92.0
647.0,259.0,43.0,92.0
651.0,258.0,43.0,92.0
655.0,257.0,43.0,92.0
660.0,257.0,43.0,91.0
664.0,256.0,43.0,91.0
668.0,255.0,43.0,91.0
672.0,255.0,43.0,91.0
676.0,255.0,43.0,91.0
680.0,254.0,43.0,91.0
684.0,254.0,43.0,91.0
687.0,254.0,43.0,91.0
691.0,254.0,44.0,91.0
693.0,253.0,44.0,91.0
696.0,253.0,44.0,91.0
699.0,253.0,44.0,91.0
701.0,253.0,44.0,91.0
703.0,253.0,44.0,91.0
705.0,252.0,44.0,91.0
705.0,251.0,44.0,93.0
706.0,250.0,44.0,93.0
707.0,249.0,44.0,93.0
708.0,248.0,44.0,93.0
709.0,248.0,44.0,93.0
708.0,247.0,44.0,93.0
708.0,247.0,43.0,91.0
708.0,246.0,43.0,91.0
706.0,245.0,43.0,91.0
705.0,245.0,43.0,91.0
704.0,244.0,43.0,91.0
701.0,243.0,44.0,93.0
699.0,242.0,44.0,93.0
697.0,241.0,44.0,93.0
695.0,241.0,44.0,93.0
692.0,240.0,44.0,93.0
689.0,240.0,44.0,93.0
687.0,239.0,44.0,93.0
685.0,239.0,44.0,93.0
682.0,238.0,44.0,94.0
680.0,238.0,44.0,93.0
678.0,237.0,44.0,93.0
675.0,237.0,44.0,93.0
673.0,236.0,44.0,94.0
671.0,235.0,44.0,94.0
670.0,235.0,43.0,92.0
668.0,234.0,43.0,92.0
667.0,234.0,43.0,92.0
666.0,233.0,43.0,92.0
665.0,232.0,43.0,92.0
665.0,232.0,43.0,92.0
665.0,232.0,43.0,92.0
665.0,232.0,43.0,91.0
665.0,230.0,44.0,93.0
667.0,230.0,44.0,93.0
669.0,230.0,44.0,93.0
672.0,230.0,43.0,91.0
676.0,230.0,43.0,90.0
679.0,230.0,43.0,91.0
684.0,231.0,43.0,90.0
689.0,231.0,43.0,90.0
693.0,231.0,44.0,91.0
699.0,231.0,44.0,91.0
704.0,231.0,44.0,92.0
710.0,231.0,44.0,92.0
716.0,231.0,44.0,92.0
721.0,232.0,44.0,92.0
727.0,231.0,45.0,93.0
732.0,232.0,44.0,93.0
739.0,232.0,44.0,94.0
745.0,232.0,44.0,93.0
750.0,232.0,44.0,93.0
756.0,232.0,44.0,93.0
762.0,232.0,44.0,93.0
767.0,232.0,44.0,93.0
773.0,232.0,44.0,93.0
777.0,232.0,44.0,93.0
781.0,232.0,45.0,93.0
785.0,233.0,45.0,93.0
789.0,233.0,45.0,93.0
791.0,234.0,45.0,93.0
795.0,234.0,45.0,93.0
797.0,234.0,45.0,93.0
799.0,234.0,46.0,95.0
801.0,234.0,46.0,95.0
803.0,234.0,46.0,95.0
804.0,234.0,46.0,95.0
806.0,234.0,46.0,95.0
807.0,234.0,46.0,95.0
809.0,234.0,45.0,96.0
811.0,234.0,45.0,96.0
812.0,233.0,45.0,96.0
813.0,233.0,45.0,96.0
814.0,233.0,45.0,96.0
816.0,233.0,45.0,96.0
818.0,232.0,46.0,96.0
819.0,231.0,46.0,96.0
820.0,231.0,46.0,96.0
822.0,231.0,45.0,96.0
824.0,231.0,45.0,95.0
825.0,229.0,46.0,97.0
826.0,228.0,47.0,98.0
828.0,228.0,47.0,98.0
830.0,228.0,47.0,98.0
832.0,228.0,48.0,98.0
833.0,228.0,48.0,97.0
835.0,228.0,48.0,98.0
837.0,228.0,48.0,98.0
839.0,228.0,48.0,98.0
841.0,228.0,48.0,99.0
842.0,228.0,48.0,99.0
844.0,228.0,48.0,99.0
846.0,228.0,48.0,99.0
846.0,228.0,48.0,99.0
847.0,228.0,48.0,99.0
848.0,228.0,48.0,99.0
849.0,227.0,48.0,99.0
850.0,227.0,48.0,99.0
850.0,226.0,48.0,99.0
849.0,226.0,48.0,99.0
849.0,224.0,47.0,99.0
849.0,223.0,47.0,99.0
848.0,223.0,47.0,99.0
848.0,223.0,47.0,98.0
847.0,223.0,47.0,98.0
847.0,222.0,47.0,98.0
846.0,221.0,47.0,98.0
844.0,221.0,47.0,98.0
842.0,220.0,48.0,100.0
841.0,219.0,48.0,100.0
837.0,217.0,49.0,102.0
835.0,217.0,49.0,102.0
833.0,217.0,49.0,102.0
830.0,216.0,50.0,104.0
827.0,215.0,50.0,104.0
824.0,214.0,50.0,104.0
822.0,214.0,50.0,104.0
817.0,213.0,51.0,106.0
814.0,212.0,51.0,106.0
811.0,211.0,51.0,106.0
808.0,210.0,51.0,106.0
806.0,209.0,50.0,105.0
801.0,208.0,50.0,105.0
800.0,207.0,49.0,103.0
797.0,206.0,49.0,103.0
793.0,206.0,49.0,102.0
789.0,206.0,49.0,102.0
786.0,205.0,49.0,102.0
783.0,205.0,49.0,102.0
780.0,203.0,48.0,100.0
778.0,203.0,47.0,98.0
775.0,204.0,46.0,96.0
772.0,202.0,46.0,96.0
768.0,201.0,46.0,96.0
765.0,201.0,45.0,94.0
762.0,201.0,46.0,95.0
758.0,201.0,46.0,95.0
754.0,200.0,46.0,95.0
751.0,199.0,45.0,95.0
747.0,198.0,45.0,95.0
743.0,198.0,45.0,95.0
739.0,198.0,45.0,95.0
736.0,197.0,45.0,95.0
734.0,196.0,46.0,97.0
729.0,195.0,46.0,97.0
728.0,194.0,46.0,97.0
725.0,194.0,46.0,97.0
723.0,192.0,46.0,97.0
722.0,192.0,45.0,96.0
720.0,191.0,45.0,95.0
719.0,190.0,45.0,95.0
717.0,190.0,45.0,95.0
715.0,188.0,46.0,97.0
714.0,187.0,46.0,96.0
713.0,186.0,46.0,96.0
712.0,186.0,46.0,96.0
710.0,186.0,46.0,96.0
710.0,185.0,46.0,96.0
709.0,185.0,46.0,96.0
708.0,184.0,46.0,96.0
706.0,183.0,46.0,97.0
705.0,183.0,46.0,97.0
704.0,182.0,46.0,97.0
702.0,182.0,46.0,97.0
702.0,181.0,46.0,97.0
700.0,180.0,46.0,97.0
698.0,179.0,46.0,97.0
697.0,178.0,46.0,97.0
695.0,178.0,46.0,97.0
693.0,176.0,46.0,97.0
692.0,175.0,46.0,97.0
690.0,174.0,46.0,97.0
687.0,173.0,46.0,97.0
685.0,172.0,46.0,97.0
684.0,171.0,46.0,97.0
682.0,170.0,46.0,96.0
679.0,169.0,46.0,96.0
677.0,169.0,46.0,96.0
675.0,168.0,46.0,96.0
672.0,167.0,46.0,96.0
670.0,166.0,46.0,96.0
668.0,166.0,45.0,94.0
665.0,165.0,45.0,95.0
663.0,165.0,45.0,95.0
661.0,164.0,45.0,95.0
659.0,164.0,45.0,95.0
658.0,163.0,45.0,95.0
657.0,163.0,45.0,95.0
656.0,162.0,45.0,95.0
656.0,161.0,45.0,95.0
656.0,161.0,45.0,95.0
656.0,160.0,45.0,95.0
657.0,159.0,45.0,95.0
660.0,159.0,44.0,94.0
661.0,158.0,45.0,95.0
664.0,157.0,45.0,95.0
666.0,156.0,45.0,95.0
670.0,157.0,44.0,93.0
672.0,156.0,45.0,95.0
676.0,156.0,45.0,95.0
678.0,154.0,46.0,96.0
682.0,154.0,46.0,96.0
686.0,154.0,46.0,96.0
690.0,154.0,46.0,96.0
694.0,154.0,46.0,96.0
698.0,153.0,46.0,97.0
702.0,153.0,46.0,97.0
705.0,153.0,46.0,97.0
710.0,153.0,46.0,97.0
712.0,153.0,46.0,97.0
716.0,153.0,46.0,97.0
720.0,153.0,46.0,97.0
723.0,153.0,46.0,97.0
725.0,153.0,46.0,97.0
727.0,152.0,46.0,97.0
729.0,151.0,46.0,97.0
730.0,150.0,46.0,97.0
732.0,150.0,46.0,97.0
734.0,150.0,46.0,97.0
734.0,149.0,46.0,97.0
735.0,149.0,46.0,97.0
736.0,148.0,46.0,97.0
736.0,148.0,46.0,96.0
737.0,147.0,46.0,96.0
739.0,147.0,46.0,96.0
740.0,146.0,46.0,96.0
740.0,146.0,46.0,96.0
742.0,146.0,46.0,96.0
742.0,145.0,46.0,96.0
744.0,145.0,46.0,96.0
745.0,145.0,46.0,97.0
747.0,145.0,46.0,97.0
748.0,145.0,46.0,97.0
