653.0,49.0,68.0,123.0
653.0,49.0,68.0,123.0
653.0,48.0,68.0,122.0
653.0,48.0,68.0,122.0
653.0,48.0,68.0,122.0
655.0,47.0,68.0,122.0
655.0,47.0,68.0,122.0
656.0,47.0,68.0,122.0
656.0,46.0,68.0,122.0
656.0,46.0,68.0,122.0
657.0,46.0,68.0,122.0
658.0,45.0,68.0,122.0
659.0,46.0,68.0,122.0
659.0,45.0,68.0,122.0
660.0,46.0,68.0,122.0
661.0,46.0,68.0,122.0
662.0,45.0,69.0,122.0
662.0,46.0,69.0,122.0
663.0,46.0,69.0,122.0
663.0,45.0,70.0,124.0
664.0,46.0,69.0,124.0
665.0,46.0,69.0,124.0
666.0,47.0,69.0,124.0
667.0,47.0,69.0,124.0
668.0,47.0,69.0,124.0
669.0,47.0,69.0,124.0
669.0,47.0,69.0,124.0
670.0,47.0,69.0,124.0
671.0,47.0,69.0,124.0
672.0,47.0,69.0,124.0
673.0,47.0,69.0,124.0
674.0,48.0,69.0,124.0
674.0,48.0,69.0,124.0
675.0,48.0,69.0,124.0
676.0,49.0,67.0,121.0
676.0,49.0,67.0,121.0
676.0,50.0,67.0,121.0
676.0,50.0,67.0,122.0
676.0,51.0,67.0,122.0
676.0,51.0,67.0,122.0
676.0,52.0,67.0,122.0
676.0,52.0,67.0,122.0
677.0,53.0,67.0,122.0
678.0,54.0,67.0,122.0
679.0,54.0,67.0,122.0
680.0,56.0,68.0,122.0
681.0,56.0,68.0,122.0
682.0,56.0,68.0,122.0
683.0,56.0,70.0,125.0
684.0,57.0,69.0,125.0
685.0,57.0,69.0,125.0
686.0,58.0,69.0,125.0
687.0,58.0,69.0,125.0
687.0,59.0,69.0,125.0
688.0,60.0,69.0,125.0
688.0,60.0,69.0,125.0
688.0,61.0,69.0,124.0
688.0,62.0,69.0,124.0
688.0,63.0,69.0,124.0
687.0,63.0,69.0,125.0
687.0,64.0,69.0,125.0
687.0,65.0,69.0,125.0
686.0,67.0,70.0,125.0
685.0,68.0,70.0,125.0
684.0,69.0,70.0,125.0
683.0,71.0,70.0,125.0
682.0,71.0,70.0,125.0
681.0,74.0,68.0,122.0
680.0,75.0,68.0,122.0
678.0,76.0,68.0,122.0
676.0,77.0,68.0,122.0
674.0,78.0,68.0,122.0
671.0,79.0,68.0,122.0
669.0,80.0,68.0,122.0
667.0,81.0,68.0,122.0
663.0,82.0,68.0,122.0
661.0,84.0,68.0,122.0
658.0,84.0,68.0,121.0
656.0,86.0,68.0,121.0
654.0,87.0,68.0,121.0
652.0,88.0,68.0,121.0
649.0,89.0,68.0,121.0
646.0,90.0,68.0,122.0
645.0,92.0,68.0,122.0
643.0,93.0,68.0,122.0
641.0,95.0,68.0,122.0
640.0,96.0,68.0,122.0
639.0,98.0,68.0,122.0
639.0,100.0,67.0,120.0
638.0,101.0,67.0,120.0
637.0,103.0,67.0,120.0
636.0,105.0,67.0,121.0
636.0,107.0,67.0,121.0
637.0,108.0,67.0,121.0
637.0,108.0,67.0,121.0
638.0,110.0,67.0,121.0
639.0,111.0,67.0,121.0
641.0,113.0,67.0,121.0
644.0,114.0,67.0,121.0
647.0,116.0,67.0,120.0
650.0,117.0,67.0,120.0
654.0,119.0,67.0,120.0
657.0,120.0,67.0,120.0
662.0,122.0,67.0,120.0
667.0,123.0,67.0,120.0
673.0,125.0,67.0,120.0
678.0,127.0,67.0,120.0
683.0,129.0,67.0,120.0
688.0,130.0,67.0,121.0
694.0,133.0,67.0,121.0
699.0,135.0,67.0,120.0
704.0,138.0,68.0,122.0
709.0,139.0,68.0,122.0
715.0,142.0,68.0,123.0
719.0,143.0,68.0,123.0
724.0,146.0,68.0,123.0
729.0,148.0,68.0,123.0
732.0,150.0,68.0,123.0
734.0,151.0,68.0,123.0
736.0,153.0,68.0,123.0
738.0,154.0,68.0,123.0
738.0,156.0,68.0,123.0
739.0,158.0,68.0,122.0
739.0,159.0,68.0,122.0
738.0,161.0,68.0,122.0
736.0,162.0,68.0,122.0
734.0,163.0,68.0,122.0
731.0,165.0,68.0,122.0
727.0,166.0,68.0,122.0
724.0,168.0,68.0,122.0
721.0,169.0,68.0,122.0
717.0,171.0,68.0,122.0
714.0,172.0,68.0,122.0
710.0,173.0,68.0,122.0
706.0,175.0,68.0,123.0
702.0,176.0,68.0,123.0
698.0,177.0,70.0,125.0
695.0,179.0,70.0,126.0
692.0,180.0,70.0,126.0
688.0,181.0,70.0,126.0
685.0,183.0,70.0,126.0
681.0,184.0,70.0,126.0
678.0,185.0,70.0,126.0
676.0,187.0,68.0,123.0
672.0,187.0,68.0,123.0
669.0,188.0,68.0,123.0
666.0,190.0,68.0,123.0
663.0,191.0,68.0,123.0
661.0,193.0,68.0,123.0
660.0,194.0,68.0,122.0
660.0,196.0,68.0,122.0
660.0,198.0,68.0,122.0
660.0,200.0,68.0,122.0
660.0,201.0,68.0,122.0
661.0,203.0,68.0,122.0
662.0,204.0,68.0,122.0
662.0,205.0,70.0,125.0
664.0,207.0,70.0,125.0
665.0,209.0,70.0,126.0
667.0,211.0,70.0,126.0
668.0,212.0,70.0,126.0
670.0,213.0,70.0,126.0
671.0,214.0,70.0,126.0
672.0,216.0,70.0,126.0
673.0,218.0,70.0,126.0
675.0,220.0,70.0,126.0
677.0,221.0,70.0,126.0
678.0,223.0,70.0,126.0
679.0,223.0,70.0,125.0
680.0,224.0,70.0,125.0
682.0,227.0,70.0,125.0
683.0,227.0,70.0,125.0
684.0,229.0,70.0,125.0
685.0,230.0,70.0,125.0
686.0,231.0,70.0,124.0
687.0,233.0,70.0,125.0
688.0,234.0,70.0,125.0
688.0,235.0,70.0,125.0
688.0,237.0,70.0,125.0
688.0,237.0,70.0,125.0
687.0,239.0,70.0,125.0
687.0,239.0,70.0,125.0
686.0,240.0,70.0,125.0
685.0,242.0,70.0,126.0
685.0,242.0,70.0,126.0
683.0,243.0,70.0,126.0
682.0,244.0,70.0,126.0
681.0,244.0,70.0,126.0
680.0,245.0,70.0,126.0
678.0,245.0,70.0,126.0
677.0,246.0,70.0,126.0
676.0,246.0,70.0,126.0
675.0,247.0,70.0,126.0
673.0,247.0,70.0,125.0
672.0,247.0,70.0,125.0
670.0,248.0,70.0,125.0
669.0,248.0,70.0,125.0
668.0,250.0,68.0,122.0
666.0,250.0,68.0,122.0
665.0,250.0,68.0,122.0
663.0,251.0,68.0,122.0
662.0,252.0,68.0,122.0
661.0,252.0,68.0,122.0
660.0,253.0,69.0,122.0
659.0,253.0,69.0,122.0
657.0,254.0,69.0,123.0
655.0,254.0,69.0,123.0
654.0,255.0,69.0,123.0
653.0,255.0,68.0,123.0
652.0,256.0,68.0,123.0
651.0,256.0,68.0,123.0
650.0,256.0,68.0,123.0
649.0,255.0,68.0,123.0
648.0,255.0,69.0,123.0
647.0,255.0,69.0,123.0
646.0,255.0,69.0,123.0
646.0,255.0,69.0,123.0
645.0,255.0,69.0,123.0
644.0,255.0,68.0,122.0
644.0,255.0,68.0,122.0
644.0,255.0,68.0,122.0
644.0,255.0,68.0,122.0
643.0,255.0,70.0,125.0
643.0,255.0,70.0,125.0
643.0,255.0,70.0,125.0
643.0,256.0,70.0,125.0
643.0,256.0,70.0,125.0
643.0,256.0,70.0,125.0
643.0,256.0,70.0,125.0
643.0,256.0,70.0,126.0
643.0,256.0,70.0,126.0
643.0,256.0,71.0,126.0
643.0,256.0,70.0,126.0
642.0,256.0,70.0,126.0
642.0,255.0,70.0,126.0
642.0,255.0,70.0,126.0
641.0,254.0,70.0,126.0
641.0,254.0,70.0,126.0
640.0,254.0,70.0,126.0
640.0,253.0,70.0,125.0
638.0,253.0,70.0,125.0
637.0,253.0,70.0,125.0
636.0,253.0,70.0,125.0
634.0,252.0,70.0,124.0
633.0,252.0,70.0,124.0
631.0,251.0,70.0,124.0
629.0,251.0,70.0,124.0
627.0,251.0,70.0,125.0
626.0,251.0,70.0,125.0
624.0,250.0,70.0,125.0
622.0,250.0,70.0,125.0
620.0,250.0,70.0,125.0
618.0,249.0,70.0,125.0
617.0,250.0,69.0,123.0
615.0,249.0,69.0,123.0
614.0,249.0,68.0,122.0
612.0,248.0,68.0,121.0
610.0,247.0,68.0,121.0
609.0,247.0,67.0,120.0
607.0,246.0,67.0,119.0
604.0,245.0,67.0,119.0
604.0,245.0,65.0,117.0
601.0,244.0,65.0,116.0
600.0,244.0,64.0,114.0
599.0,244.0,63.0,112.0
597.0,243.0,63.0,112.0
595.0,243.0,63.0,112.0
595.0,241.0,63.0,112.0
592.0,241.0,63.0,113.0
592.0,240.0,63.0,113.0
590.0,240.0,63.0,113.0
589.0,239.0,63.0,113.0
588.0,239.0,63.0,113.0
588.0,239.0,63.0,113.0
587.0,239.0,61.0,111.0
586.0,239.0,61.0,111.0
585.0,239.0,62.0,111.0
583.0,238.0,62.0,111.0
582.0,238.0,61.0,111.0
581.0,238.0,61.0,111.0
580.0,237.0,61.0,111.0
579.0,237.0,61.0,111.0
577.0,235.0,63.0,113.0
577.0,236.0,61.0,110.0
575.0,236.0,61.0,110.0
574.0,236.0,61.0,108.0
570.0,235.0,61.0,110.0
569.0,235.0,61.0,110.0
568.0,235.0,60.0,108.0
566.0,235.0,60.0,108.0
562.0,234.0,60.0,108.0
561.0,235.0,60.0,108.0
559.0,235.0,60.0,108.0
557.0,235.0,60.0,108.0
556.0,235.0,60.0,108.0
554.0,235.0,60.0,108.0
552.0,234.0,61.0,110.0
551.0,235.0,61.0,109.0
549.0,234.0,61.0,111.0
548.0,233.0,61.0,111.0
547.0,233.0,61.0,111.0
546.0,233.0,61.0,111.0
546.0,232.0,61.0,111.0
545.0,231.0,61.0,111.0
545.0,231.0,61.0,110.0
544.0,230.0,62.0,110.0
544.0,230.0,62.0,110.0
544.0,229.0,62.0,110.0
545.0,229.0,62.0,110.0
547.0,229.0,61.0,109.0
548.0,230.0,61.0,108.0
550.0,229.0,61.0,108.0
552.0,230.0,60.0,106.0
555.0,229.0,60.0,106.0
558.0,229.0,60.0,106.0
561.0,229.0,60.0,106.0
563.0,228.0,60.0,106.0
567.0,229.0,60.0,106.0
569.0,229.0,60.0,106.0
572.0,229.0,60.0,106.0
575.0,229.0,60.0,106.0
578.0,229.0,60.0,107.0
582.0,229.0,60.0,106.0
584.0,228.0,60.0,106.0
587.0,229.0,60.0,106.0
589.0,228.0,60.0,106.0
592.0,227.0,60.0,106.0
594.0,227.0,60.0,106.0
597.0,228.0,58.0,104.0
599.0,228.0,58.0,104.0
601.0,228.0,58.0,103.0
603.0,228.0,58.0,103.0
604.0,228.0,58.0,104.0
606.0,228.0,58.0,104.0
607.0,228.0,58.0,104.0
608.0,229.0,58.0,104.0
610.0,229.0,58.0,104.0
610.0,229.0,58.0,104.0
611.0,230.0,58.0,104.0
611.0,230.0,58.0,104.0
611.0,230.0,58.0,104.0
611.0,231.0,58.0,104.0
612.0,231.0,58.0,104.0
612.0,231.0,58.0,104.0
611.0,232.0,58.0,104.0
612.0,232.0,58.0,104.0
612.0,232.0,58.0,104.0
613.0,231.0,59.0,106.0
614.0,231.0,59.0,106.0
614.0,231.0,59.0,106.0
614.0,232.0,59.0,106.0
615.0,232.0,59.0,106.0
616.0,232.0,59.0,106.0
617.0,233.0,59.0,106.0
618.0,233.0,59.0,105.0
620.0,233.0,59.0,105.0
621.0,233.0,59.0,105.0
624.0,234.0,57.0,104.0
625.0,235.0,58.0,104.0
626.0,235.0,58.0,104.0
628.0,236.0,58.0,104.0
631.0,237.0,58.0,104.0
634.0,238.0,58.0,104.0
636.0,239.0,58.0,104.0
638.0,240.0,58.0,104.0
640.0,240.0,58.0,104.0
642.0,241.0,59.0,103.0
644.0,241.0,59.0,103.0
646.0,242.0,59.0,103.0
648.0,242.0,59.0,103.0
649.0,242.0,59.0,103.0
651.0,242.0,58.0,103.0
652.0,243.0,58.0,103.0
653.0,244.0,58.0,103.0
654.0,245.0,58.0,103.0
654.0,245.0,58.0,103.0
655.0,245.0,57.0,103.0
655.0,246.0,57.0,103.0
655.0,246.0,57.0,103.0
654.0,246.0,57.0,104.0
652.0,247.0,57.0,104.0
649.0,248.0,57.0,104.0
647.0,248.0,57.0,104.0
643.0,249.0,58.0,104.0
640.0,250.0,58.0,104.0
636.0,251.0,58.0,104.0
631.0,252.0,58.0,104.0
625.0,253.0,58.0,104.0
619.0,253.0,58.0,104.0
614.0,254.0,58.0,104.0
608.0,255.0,58.0,104.0
601.0,256.0,58.0,104.0
595.0,256.0,58.0,104.0
589.0,257.0,58.0,104.0
583.0,257.0,58.0,104.0
577.0,259.0,58.0,104.0
571.0,261.0,58.0,104.0
565.0,262.0,57.0,104.0
559.0,263.0,57.0,104.0
552.0,265.0,57.0,104.0
545.0,266.0,57.0,104.0
539.0,268.0,57.0,104.0
533.0,270.0,57.0,104.0
529.0,271.0,57.0,104.0
526.0,272.0,58.0,104.0
525.0,274.0,58.0,104.0
524.0,275.0,58.0,104.0
525.0,277.0,58.0,104.0
526.0,278.0,59.0,104.0
529.0,279.0,59.0,104.0
533.0,280.0,59.0,104.0
537.0,281.0,59.0,103.0
541.0,283.0,59.0,103.0
544.0,284.0,59.0,103.0
549.0,285.0,59.0,103.0
553.0,286.0,59.0,103.0
558.0,287.0,58.0,103.0
562.0,288.0,58.0,103.0
567.0,290.0,57.0,102.0
572.0,291.0,56.0,102.0
576.0,292.0,56.0,102.0
579.0,294.0,56.0,102.0
582.0,295.0,56.0,102.0
585.0,296.0,56.0,102.0
588.0,298.0,56.0,102.0
589.0,299.0,56.0,102.0
591.0,301.0,56.0,102.0
592.0,302.0,57.0,102.0
594.0,303.0,57.0,102.0
595.0,305.0,57.0,102.0
595.0,306.0,57.0,102.0
596.0,307.0,58.0,102.0
596.0,308.0,58.0,102.0
594.0,309.0,58.0,102.0
594.0,311.0,58.0,102.0
593.0,312.0,58.0,102.0
591.0,313.0,58.0,102.0
590.0,314.0,58.0,102.0
588.0,315.0,58.0,102.0
586.0,316.0,58.0,102.0
582.0,318.0,58.0,102.0
581.0,318.0,57.0,102.0
577.0,320.0,57.0,102.0
576.0,321.0,57.0,102.0
575.0,322.0,57.0,102.0
573.0,323.0,56.0,102.0
572.0,324.0,56.0,103.0
570.0,325.0,56.0,103.0
569.0,326.0,56.0,103.0
569.0,327.0,56.0,103.0
568.0,328.0,57.0,103.0
568.0,329.0,57.0,103.0
568.0,331.0,57.0,103.0
569.0,332.0,57.0,103.0
571.0,333.0,57.0,103.0
573.0,334.0,58.0,103.0
575.0,335.0,58.0,103.0
577.0,336.0,58.0,103.0
580.0,337.0,58.0,103.0
583.0,339.0,58.0,103.0
587.0,339.0,58.0,103.0
590.0,340.0,58.0,103.0
594.0,342.0,57.0,102.0
597.0,343.0,57.0,102.0
601.0,344.0,57.0,103.0
604.0,345.0,57.0,103.0
607.0,346.0,57.0,103.0
610.0,348.0,57.0,103.0
612.0,349.0,57.0,103.0
614.0,350.0,57.0,103.0
616.0,352.0,57.0,103.0
617.0,354.0,57.0,102.0
618.0,355.0,57.0,102.0
619.0,356.0,57.0,102.0
620.0,357.0,57.0,102.0
620.0,359.0,57.0,102.0
621.0,361.0,58.0,102.0
621.0,362.0,58.0,102.0
621.0,363.0,58.0,102.0
620.0,365.0,58.0,102.0
620.0,366.0,58.0,102.0
620.0,367.0,58.0,103.0
621.0,368.0,58.0,103.0
621.0,369.0,58.0,103.0
620.0,370.0,58.0,103.0
620.0,371.0,58.0,103.0
620.0,372.0,58.0,102.0
620.0,372.0,58.0,102.0
619.0,374.0,57.0,102.0
619.0,375.0,57.0,102.0
618.0,376.0,57.0,102.0
617.0,377.0,57.0,102.0
617.0,378.0,57.0,103.0
616.0,379.0,57.0,103.0
616.0,380.0,57.0,103.0
615.0,381.0,57.0,104.0
614.0,382.0,58.0,104.0
613.0,383.0,57.0,102.0
612.0,384.0,57.0,102.0
611.0,385.0,57.0,102.0
609.0,386.0,57.0,102.0
608.0,387.0,56.0,102.0
607.0,389.0,56.0,102.0
607.0,390.0,56.0,102.0
606.0,391.0,56.0,102.0
606.0,392.0,56.0,102.0
605.0,393.0,56.0,102.0
605.0,393.0,56.0,102.0
605.0,394.0,56.0,102.0
604.0,394.0,56.0,102.0
604.0,395.0,57.0,102.0
604.0,396.0,56.0,102.0
605.0,396.0,56.0,101.0
605.0,396.0,56.0,101.0
605.0,396.0,56.0,101.0
606.0,396.0,57.0,101.0
606.0,397.0,57.0,101.0
607.0,397.0,57.0,101.0
607.0,397.0,57.0,101.0
608.0,397.0,57.0,101.0
608.0,397.0,57.0,101.0
609.0,398.0,57.0,102.0
609.0,398.0,57.0,102.0
610.0,398.0,57.0,102.0
612.0,398.0,57.0,102.0
613.0,399.0,57.0,102.0
614.0,399.0,57.0,102.0
615.0,400.0,57.0,102.0
617.0,400.0,57.0,102.0
618.0,401.0,57.0,102.0
619.0,402.0,57.0,102.0
621.0,402.0,57.0,102.0
623.0,403.0,57.0,102.0
624.0,403.0,57.0,102.0
626.0,403.0,57.0,101.0
627.0,404.0,57.0,101.0
628.0,404.0,57.0,101.0
629.0,405.0,57.0,101.0
630.0,405.0,57.0,101.0
631.0,405.0,57.0,101.0
632.0,405.0,57.0,101.0
633.0,405.0,57.0,101.0
633.0,406.0,57.0,101.0
633.0,406.0,57.0,101.0
633.0,406.0,57.0,102.0
634.0,408.0,56.0,100.0
634.0,408.0,56.0,100.0
634.0,409.0,56.0,100.0
634.0,409.0,56.0,100.0
634.0,410.0,55.0,99.0
634.0,411.0,55.0,99.0
634.0,411.0,55.0,99.0
634.0,411.0,55.0,99.0
633.0,411.0,55.0,98.0
633.0,411.0,55.0,98.0
632.0,412.0,55.0,98.0
631.0,411.0,55.0,98.0
630.0,411.0,55.0,98.0
628.0,411.0,55.0,97.0
626.0,411.0,55.0,97.0
625.0,410.0,55.0,97.0
624.0,409.0,54.0,97.0
623.0,409.0,55.0,97.0
623.0,408.0,55.0,97.0
623.0,407.0,55.0,97.0
624.0,407.0,55.0,97.0
624.0,407.0,55.0,97.0
625.0,406.0,55.0,98.0
627.0,406.0,54.0,96.0
628.0,405.0,54.0,97.0
629.0,405.0,54.0,97.0
629.0,405.0,54.0,97.0
631.0,406.0,52.0,95.0
632.0,406.0,52.0,95.0
633.0,405.0,52.0,95.0
634.0,406.0,52.0,95.0
635.0,406.0,52.0,95.0
637.0,405.0,52.0,95.0
638.0,406.0,52.0,94.0
639.0,406.0,52.0,94.0
640.0,406.0,52.0,94.0
642.0,404.0,53.0,96.0
643.0,404.0,53.0,95.0
644.0,404.0,53.0,95.0
645.0,404.0,53.0,95.0
646.0,404.0,54.0,95.0
646.0,404.0,54.0,95.0
647.0,403.0,54.0,95.0
648.0,403.0,54.0,95.0
649.0,403.0,54.0,95.0
649.0,402.0,54.0,95.0
649.0,402.0,54.0,95.0
649.0,402.0,54.0,95.0
650.0,401.0,54.0,95.0
650.0,401.0,54.0,95.0
651.0,401.0,54.0,95.0
651.0,400.0,54.0,95.0
652.0,400.0,54.0,95.0
652.0,400.0,55.0,95.0
652.0,400.0,55.0,95.0
652.0,399.0,55.0,95.0
652.0,399.0,55.0,95.0
652.0,398.0,55.0,95.0
652.0,398.0,55.0,95.0
653.0,398.0,54.0,95.0
653.0,397.0,54.0,95.0
654.0,397.0,54.0,95.0
654.0,397.0,54.0,95.0
654.0,397.0,53.0,95.0
654.0,397.0,53.0,95.0
655.0,396.0,53.0,95.0
655.0,397.0,53.0,95.0
655.0,397.0,53.0,96.0
655.0,397.0,54.0,96.0
657.0,398.0,52.0,94.0
656.0,398.0,52.0,94.0
656.0,398.0,52.0,94.0
656.0,399.0,52.0,93.0
656.0,399.0,52.0,93.0
655.0,400.0,52.0,93.0
655.0,400.0,53.0,93.0
654.0,402.0,53.0,93.0
654.0,401.0,54.0,95.0
652.0,402.0,54.0,95.0
652.0,403.0,54.0,95.0
651.0,403.0,54.0,95.0
650.0,403.0,54.0,95.0
649.0,403.0,54.0,95.0
648.0,404.0,54.0,95.0
647.0,404.0,54.0,95.0
645.0,404.0,53.0,95.0
643.0,404.0,53.0,95.0
640.0,404.0,53.0,95.0
637.0,404.0,53.0,95.0
633.0,404.0,53.0,95.0
630.0,404.0,53.0,95.0
625.0,404.0,53.0,95.0
620.0,404.0,54.0,95.0
615.0,404.0,54.0,95.0
608.0,405.0,54.0,95.0
602.0,405.0,55.0,95.0
595.0,405.0,55.0,95.0
588.0,406.0,55.0,95.0
581.0,406.0,55.0,95.0
571.0,406.0,55.0,94.0
564.0,406.0,55.0,94.0
556.0,407.0,55.0,94.0
547.0,407.0,55.0,94.0
538.0,407.0,55.0,94.0
530.0,408.0,54.0,94.0
522.0,408.0,54.0,94.0
514.0,409.0,54.0,94.0
506.0,410.0,54.0,94.0
498.0,411.0,54.0,95.0
491.0,412.0,54.0,95.0
485.0,413.0,54.0,95.0
478.0,413.0,53.0,95.0
471.0,414.0,53.0,95.0
466.0,415.0,54.0,95.0
461.0,415.0,54.0,95.0
458.0,416.0,54.0,95.0
454.0,416.0,54.0,95.0
451.0,417.0,55.0,95.0
449.0,417.0,55.0,95.0
447.0,417.0,55.0,95.0
446.0,418.0,55.0,95.0
445.0,418.0,55.0,95.0
444.0,417.0,55.0,95.0
444.0,416.0,55.0,95.0
444.0,415.0,56.0,95.0
443.0,415.0,56.0,95.0
443.0,415.0,56.0,95.0
443.0,414.0,56.0,95.0
443.0,414.0,55.0,95.0
443.0,413.0,55.0,95.0
442.0,412.0,55.0,95.0
441.0,411.0,55.0,95.0
440.0,410.0,55.0,95.0
438.0,409.0,54.0,95.0
438.0,408.0,54.0,95.0
436.0,407.0,54.0,95.0
434.0,407.0,54.0,95.0
432.0,406.0,54.0,95.0
430.0,405.0,54.0,95.0
428.0,403.0,55.0,96.0
426.0,402.0,56.0,97.0
424.0,401.0,56.0,97.0
421.0,399.0,57.0,99.0
420.0,397.0,57.0,99.0
418.0,395.0,57.0,99.0
417.0,393.0,56.0,97.0
415.0,390.0,56.0,97.0
413.0,388.0,56.0,97.0
412.0,385.0,55.0,96.0
411.0,382.0,55.0,96.0
408.0,380.0,56.0,97.0
407.0,377.0,56.0,97.0
405.0,374.0,56.0,97.0
405.0,371.0,55.0,95.0
404.0,368.0,54.0,95.0
403.0,365.0,54.0,95.0
402.0,362.0,54.0,95.0
401.0,359.0,55.0,97.0
400.0,357.0,55.0,97.0
399.0,354.0,55.0,97.0
399.0,352.0,54.0,95.0
399.0,349.0,54.0,96.0
398.0,346.0,54.0,96.0
398.0,344.0,55.0,96.0
398.0,341.0,55.0,96.0
398.0,338.0,55.0,96.0
398.0,336.0,55.0,95.0
397.0,333.0,55.0,96.0
398.0,329.0,55.0,96.0
399.0,326.0,55.0,96.0
399.0,323.0,55.0,96.0
400.0,319.0,55.0,96.0
400.0,316.0,55.0,96.0
401.0,311.0,56.0,98.0
403.0,308.0,56.0,97.0
405.0,304.0,55.0,97.0
407.0,301.0,55.0,97.0
410.0,297.0,55.0,97.0
413.0,293.0,55.0,97.0
416.0,290.0,55.0,97.0
418.0,286.0,55.0,97.0
421.0,283.0,54.0,98.0
425.0,279.0,55.0,98.0
427.0,275.0,55.0,100.0
431.0,272.0,56.0,100.0
435.0,269.0,56.0,100.0
438.0,265.0,56.0,100.0
443.0,262.0,55.0,98.0
446.0,259.0,55.0,98.0
450.0,255.0,55.0,98.0
453.0,252.0,54.0,98.0
457.0,248.0,54.0,98.0
461.0,244.0,54.0,98.0
464.0,240.0,54.0,98.0
469.0,237.0,54.0,98.0
472.0,234.0,54.0,98.0
476.0,231.0,54.0,98.0
480.0,228.0,54.0,98.0
482.0,224.0,54.0,97.0
486.0,221.0,54.0,97.0
488.0,217.0,54.0,97.0
493.0,215.0,54.0,97.0
495.0,211.0,54.0,97.0
500.0,208.0,54.0,97.0
504.0,206.0,54.0,97.0
509.0,203.0,54.0,97.0
513.0,200.0,54.0,97.0
517.0,197.0,54.0,98.0
522.0,194.0,54.0,98.0
527.0,192.0,54.0,98.0
532.0,189.0,54.0,98.0
536.0,186.0,54.0,98.0
542.0,184.0,54.0,98.0
545.0,181.0,54.0,98.0
549.0,177.0,54.0,98.0
553.0,174.0,54.0,98.0
558.0,171.0,54.0,98.0
561.0,167.0,54.0,98.0
566.0,165.0,54.0,98.0
567.0,161.0,54.0,97.0
570.0,159.0,54.0,97.0
571.0,156.0,54.0,97.0
572.0,153.0,54.0,97.0
574.0,152.0,53.0,95.0
574.0,149.0,53.0,95.0
573.0,147.0,53.0,95.0
572.0,145.0,52.0,94.0
570.0,142.0,52.0,94.0
566.0,140.0,53.0,96.0
564.0,137.0,53.0,96.0
560.0,135.0,53.0,96.0
559.0,134.0,53.0,96.0
557.0,132.0,53.0,96.0
555.0,130.0,53.0,96.0
553.0,128.0,53.0,96.0
551.0,126.0,53.0,96.0
550.0,124.0,51.0,94.0
548.0,121.0,51.0,94.0
547.0,119.0,50.0,92.0
545.0,117.0,50.0,92.0
544.0,114.0,50.0,92.0
543.0,113.0,50.0,92.0
542.0,110.0,50.0,92.0
540.0,109.0,50.0,91.0
538.0,106.0,50.0,91.0
537.0,104.0,50.0,91.0
536.0,102.0,50.0,91.0
534.0,100.0,50.0,91.0
532.0,98.0,50.0,91.0
531.0,96.0,50.0,92.0
531.0,94.0,49.0,90.0
529.0,92.0,49.0,90.0
528.0,90.0,49.0,90.0
527.0,88.0,49.0,90.0
524.0,87.0,50.0,92.0
523.0,86.0,50.0,92.0
522.0,84.0,51.0,92.0
521.0,82.0,50.0,92.0
519.0,80.0,50.0,92.0
518.0,78.0,50.0,92.0
517.0,76.0,50.0,92.0
516.0,75.0,50.0,92.0
515.0,73.0,50.0,92.0
514.0,72.0,50.0,92.0
513.0,71.0,50.0,92.0
513.0,69.0,49.0,90.0
512.0,68.0,49.0,90.0
511.0,66.0,49.0,90.0
510.0,64.0,49.0,90.0
509.0,63.0,49.0,89.0
508.0,62.0,49.0,89.0
508.0,61.0,49.0,89.0
507.0,60.0,49.0,89.0
507.0,59.0,49.0,90.0
506.0,58.0,49.0,90.0
506.0,56.0,49.0,90.0
505.0,56.0,49.0,90.0
504.0,55.0,49.0,90.0
504.0,54.0,49.0,90.0
504.0,53.0,49.0,90.0
504.0,52.0,49.0,90.0
504.0,51.0,49.0,90.0
504.0,49.0,49.0,90.0
503.0,48.0,49.0,90.0
503.0,46.0,49.0,90.0
503.0,45.0,49.0,90.0
502.0,45.0,49.0,90.0
503.0,44.0,49.0,90.0
502.0,43.0,49.0,90.0
502.0,42.0,49.0,89.0
502.0,41.0,49.0,89.0
502.0,40.0,49.0,89.0
502.0,39.0,49.0,89.0
501.0,38.0,49.0,89.0
501.0,38.0,49.0,89.0
501.0,37.0,49.0,89.0
501.0,36.0,48.0,88.0
501.0,36.0,48.0,88.0
501.0,35.0,48.0,88.0
501.0,34.0,48.0,88.0
501.0,33.0,48.0,88.0
500.0,33.0,48.0,88.0
500.0,33.0,48.0,88.0
500.0,32.0,48.0,88.0
500.0,31.0,48.0,88.0
500.0,30.0,48.0,88.0
500.0,29.0,48.0,88.0
500.0,28.0,48.0,88.0
499.0,27.0,48.0,88.0
499.0,26.0,48.0,88.0
499.0,25.0,48.0,88.0
499.0,25.0,48.0,88.0
499.0,24.0,48.0,87.0
499.0,23.0,48.0,87.0
499.0,23.0,48.0,87.0
499.0,22.0,48.0,87.0
499.0,21.0,48.0,87.0
499.0,21.0,48.0,87.0
499.0,21.0,48.0,87.0
500.0,20.0,48.0,87.0
501.0,20.0,47.0,86.0
501.0,20.0,47.0,86.0
502.0,19.0,48.0,86.0
502.0,18.0,48.0,86.0
503.0,18.0,47.0,86.0
503.0,18.0,47.0,86.0
504.0,17.0,47.0,86.0
505.0,16.0,47.0,86.0
505.0,16.0,47.0,86.0
506.0,14.0,47.0,86.0
506.0,14.0,47.0,86.0
507.0,13.0,47.0,86.0
508.0,12.0,47.0,86.0
508.0,12.0,47.0,86.0
508.0,11.0,47.0,86.0
509.0,10.0,47.0,86.0
509.0,9.0,47.0,86.0
510.0,9.0,47.0,86.0
510.0,8.0,47.0,86.0
510.0,7.0,47.0,86.0
511.0,6.0,47.0,86.0
512.0,6.0,46.0,84.0
512.0,5.0,46.0,84.0
512.0,5.0,46.0,84.0
512.0,4.0,46.0,84.0
512.0,4.0,46.0,84.0
512.0,3.0,46.0,84.0
512.0,3.0,46.0,84.0
512.0,2.0,46.0,84.0
512.0,1.0,46.0,84.0
513.0,-0.0,46.0,84.0
513.0,-0.0,46.0,84.0
513.0,-2.0,46.0,84.0
514.0,-2.0,45.0,82.0
515.0,-3.0,45.0,81.0
515.0,-3.0,45.0,81.0
