538.0, 240.0, 56.0, 88.0
538.0, 240.0, 56.0, 88.0
536.0, 240.0, 56.0, 88.0
534.0, 242.0, 56.0, 88.0
534.0, 242.0, 56.0, 88.0
532.0, 242.0, 56.0, 88.0
532.0, 242.0, 56.0, 88.0
530.0, 244.0, 56.0, 88.0
530.0, 244.0, 56.0, 88.0
528.0, 244.0, 56.0, 88.0
528.0, 244.0, 56.0, 88.0
528.0, 244.0, 56.0, 88.0
526.0, 246.0, 56.0, 88.0
526.0, 246.0, 56.0, 88.0
526.0, 246.0, 56.0, 88.0
524.0, 246.0, 56.0, 88.0
524.0, 246.0, 56.0, 88.0
522.0, 246.0, 56.0, 88.0
522.0, 246.0, 56.0, 88.0
522.0, 246.0, 56.0, 88.0
520.0, 246.0, 56.0, 88.0
520.0, 246.0, 56.0, 88.0
520.0, 248.0, 56.0, 88.0
518.0, 248.0, 56.0, 88.0
518.0, 248.0, 56.0, 88.0
516.0, 248.0, 56.0, 88.0
516.0, 250.0, 56.0, 88.0
514.0, 250.0, 56.0, 88.0
514.0, 250.0, 56.0, 88.0
512.0, 250.0, 56.0, 88.0
512.0, 250.0, 56.0, 88.0
512.0, 250.0, 56.0, 88.0
510.0, 250.0, 56.0, 88.0
510.0, 250.0, 56.0, 88.0
510.0, 250.0, 56.0, 88.0
508.0, 252.0, 56.0, 88.0
508.0, 252.0, 56.0, 88.0
508.0, 252.0, 56.0, 88.0
508.0, 252.0, 56.0, 88.0
506.0, 254.0, 56.0, 88.0
506.0, 254.0, 56.0, 88.0
504.0, 254.0, 56.0, 88.0
504.0, 254.0, 56.0, 88.0
504.0, 256.0, 56.0, 88.0
502.0, 256.0, 56.0, 88.0
502.0, 256.0, 56.0, 88.0
500.0, 256.0, 56.0, 88.0
500.0, 256.0, 56.0, 88.0
500.0, 258.0, 56.0, 88.0
500.0, 258.0, 56.0, 88.0
498.0, 258.0, 56.0, 88.0
498.0, 258.0, 56.0, 88.0
496.0, 258.0, 56.0, 88.0
496.0, 258.0, 56.0, 88.0
496.0, 258.0, 56.0, 88.0
494.0, 260.0, 56.0, 88.0
494.0, 260.0, 56.0, 88.0
492.0, 260.0, 56.0, 88.0
492.0, 260.0, 56.0, 88.0
490.0, 262.0, 56.0, 88.0
490.0, 262.0, 56.0, 88.0
488.0, 262.0, 56.0, 88.0
488.0, 262.0, 56.0, 88.0
488.0, 262.0, 56.0, 88.0
488.0, 262.0, 56.0, 88.0
488.0, 262.0, 56.0, 88.0
490.0, 264.0, 56.0, 88.0
490.0, 264.0, 56.0, 88.0
492.0, 264.0, 56.0, 88.0
492.0, 264.0, 56.0, 88.0
492.0, 264.0, 56.0, 88.0
494.0, 266.0, 56.0, 88.0
494.0, 266.0, 56.0, 88.0
494.0, 266.0, 56.0, 88.0
494.0, 266.0, 56.0, 88.0
496.0, 268.0, 56.0, 88.0
496.0, 268.0, 56.0, 88.0
496.0, 268.0, 56.0, 88.0
496.0, 268.0, 56.0, 88.0
498.0, 268.0, 56.0, 88.0
498.0, 268.0, 56.0, 88.0
500.0, 268.0, 56.0, 88.0
500.0, 268.0, 56.0, 88.0
502.0, 268.0, 56.0, 88.0
502.0, 268.0, 56.0, 88.0
504.0, 268.0, 56.0, 88.0
504.0, 268.0, 56.0, 88.0
504.0, 268.0, 56.0, 88.0
506.0, 268.0, 56.0, 88.0
506.0, 268.0, 56.0, 88.0
508.0, 268.0, 56.0, 88.0
508.0, 268.0, 56.0, 88.0
508.0, 268.0, 56.0, 88.0
510.0, 268.0, 56.0, 88.0
510.0, 268.0, 56.0, 88.0
512.0, 268.0, 56.0, 88.0
512.0, 268.0, 56.0, 88.0
514.0, 268.0, 56.0, 88.0
516.0, 268.0, 56.0, 88.0
516.0, 268.0, 56.0, 88.0
518.0, 268.0, 56.0, 88.0
520.0, 268.0, 56.0, 88.0
520.0, 270.0, 56.0, 88.0
522.0, 270.0, 56.0, 88.0
522.0, 270.0, 56.0, 88.0
524.0, 270.0, 56.0, 88.0
524.0, 270.0, 56.0, 88.0
526.0, 270.0, 56.0, 88.0
526.0, 270.0, 56.0, 88.0
526.0, 272.0, 56.0, 88.0
528.0, 272.0, 56.0, 88.0
530.0, 272.0, 56.0, 88.0
530.0, 272.0, 56.0, 88.0
532.0, 272.0, 56.0, 88.0
532.0, 272.0, 56.0, 88.0
534.0, 272.0, 56.0, 88.0
536.0, 272.0, 56.0, 88.0
536.0, 272.0, 56.0, 88.0
538.0, 272.0, 56.0, 88.0
538.0, 272.0, 56.0, 88.0
540.0, 272.0, 56.0, 88.0
542.0, 272.0, 56.0, 88.0
542.0, 272.0, 56.0, 88.0
544.0, 272.0, 56.0, 88.0
544.0, 272.0, 56.0, 88.0
546.0, 274.0, 56.0, 88.0
546.0, 274.0, 56.0, 88.0
548.0, 274.0, 56.0, 88.0
548.0, 274.0, 56.0, 88.0
550.0, 274.0, 56.0, 88.0
552.0, 274.0, 56.0, 88.0
552.0, 274.0, 56.0, 88.0
554.0, 274.0, 56.0, 88.0
556.0, 274.0, 56.0, 88.0
558.0, 274.0, 56.0, 88.0
560.0, 276.0, 56.0, 88.0
560.0, 276.0, 56.0, 88.0
562.0, 276.0, 56.0, 88.0
564.0, 276.0, 56.0, 88.0
564.0, 276.0, 56.0, 88.0
566.0, 278.0, 56.0, 88.0
566.0, 278.0, 56.0, 88.0
568.0, 278.0, 56.0, 88.0
570.0, 280.0, 56.0, 88.0
570.0, 280.0, 56.0, 88.0
572.0, 280.0, 56.0, 88.0
574.0, 280.0, 56.0, 88.0
574.0, 280.0, 56.0, 88.0
576.0, 280.0, 56.0, 88.0
578.0, 280.0, 56.0, 88.0
580.0, 280.0, 56.0, 88.0
582.0, 280.0, 56.0, 88.0
584.0, 280.0, 56.0, 88.0
584.0, 280.0, 56.0, 88.0
586.0, 280.0, 56.0, 88.0
588.0, 280.0, 56.0, 88.0
590.0, 282.0, 56.0, 88.0
590.0, 282.0, 56.0, 88.0
592.0, 282.0, 56.0, 88.0
592.0, 282.0, 56.0, 88.0
594.0, 284.0, 56.0, 88.0
594.0, 284.0, 56.0, 88.0
596.0, 284.0, 56.0, 88.0
596.0, 284.0, 56.0, 88.0
598.0, 286.0, 56.0, 88.0
600.0, 286.0, 56.0, 88.0
602.0, 286.0, 56.0, 88.0
604.0, 286.0, 56.0, 88.0
604.0, 288.0, 56.0, 88.0
606.0, 288.0, 56.0, 88.0
608.0, 288.0, 56.0, 88.0
608.0, 288.0, 56.0, 88.0
610.0, 288.0, 56.0, 88.0
610.0, 288.0, 56.0, 88.0
610.0, 288.0, 56.0, 88.0
610.0, 288.0, 56.0, 88.0
610.0, 288.0, 56.0, 88.0
610.0, 288.0, 56.0, 88.0
610.0, 290.0, 56.0, 88.0
610.0, 290.0, 56.0, 88.0
610.0, 290.0, 56.0, 88.0
610.0, 290.0, 56.0, 88.0
610.0, 290.0, 56.0, 88.0
610.0, 290.0, 56.0, 88.0
610.0, 290.0, 56.0, 88.0
610.0, 290.0, 56.0, 88.0
610.0, 290.0, 56.0, 88.0
610.0, 290.0, 56.0, 88.0
610.0, 290.0, 56.0, 88.0
610.0, 290.0, 56.0, 88.0
608.0, 292.0, 56.0, 88.0
608.0, 292.0, 56.0, 88.0
608.0, 292.0, 56.0, 88.0
608.0, 292.0, 56.0, 88.0
608.0, 292.0, 56.0, 88.0
606.0, 292.0, 56.0, 88.0
606.0, 292.0, 56.0, 88.0
606.0, 294.0, 56.0, 88.0
606.0, 294.0, 56.0, 88.0
606.0, 294.0, 56.0, 88.0
606.0, 294.0, 56.0, 88.0
608.0, 294.0, 56.0, 88.0
608.0, 294.0, 56.0, 88.0
608.0, 296.0, 56.0, 88.0
608.0, 296.0, 56.0, 88.0
610.0, 296.0, 56.0, 88.0
610.0, 296.0, 56.0, 88.0
610.0, 296.0, 56.0, 88.0
610.0, 296.0, 56.0, 88.0
610.0, 298.0, 56.0, 88.0
610.0, 298.0, 56.0, 88.0
610.0, 298.0, 56.0, 88.0
610.0, 298.0, 56.0, 88.0
610.0, 300.0, 56.0, 88.0
610.0, 300.0, 56.0, 88.0
612.0, 300.0, 56.0, 88.0
612.0, 300.0, 56.0, 88.0
614.0, 300.0, 56.0, 88.0
614.0, 300.0, 56.0, 88.0
614.0, 300.0, 56.0, 88.0
614.0, 300.0, 56.0, 88.0
614.0, 300.0, 56.0, 88.0
616.0, 300.0, 56.0, 88.0
616.0, 300.0, 56.0, 88.0
616.0, 300.0, 56.0, 88.0
616.0, 302.0, 56.0, 88.0
616.0, 302.0, 56.0, 88.0
616.0, 302.0, 56.0, 88.0
616.0, 302.0, 56.0, 88.0
616.0, 302.0, 56.0, 88.0
618.0, 304.0, 56.0, 88.0
618.0, 304.0, 56.0, 88.0
620.0, 304.0, 56.0, 88.0
620.0, 304.0, 56.0, 88.0
622.0, 304.0, 56.0, 88.0
624.0, 304.0, 56.0, 88.0
624.0, 304.0, 56.0, 88.0
626.0, 306.0, 56.0, 88.0
628.0, 306.0, 56.0, 88.0
628.0, 306.0, 56.0, 88.0
630.0, 306.0, 56.0, 88.0
630.0, 306.0, 56.0, 88.0
632.0, 306.0, 56.0, 88.0
632.0, 306.0, 56.0, 88.0
634.0, 308.0, 56.0, 88.0
634.0, 308.0, 56.0, 88.0
636.0, 308.0, 56.0, 88.0
636.0, 308.0, 56.0, 88.0
638.0, 308.0, 56.0, 88.0
638.0, 310.0, 56.0, 88.0
640.0, 310.0, 56.0, 88.0
642.0, 310.0, 56.0, 88.0
642.0, 310.0, 56.0, 88.0
644.0, 310.0, 56.0, 88.0
644.0, 310.0, 56.0, 88.0
644.0, 310.0, 56.0, 88.0
646.0, 310.0, 56.0, 88.0
646.0, 310.0, 56.0, 88.0
646.0, 310.0, 56.0, 88.0
646.0, 310.0, 56.0, 88.0
646.0, 310.0, 56.0, 88.0
646.0, 310.0, 56.0, 88.0
646.0, 310.0, 56.0, 88.0
646.0, 310.0, 56.0, 88.0
646.0, 310.0, 56.0, 88.0
646.0, 310.0, 56.0, 88.0
646.0, 310.0, 56.0, 88.0
644.0, 310.0, 56.0, 88.0
644.0, 310.0, 56.0, 88.0
644.0, 312.0, 56.0, 88.0
642.0, 312.0, 56.0, 88.0
642.0, 312.0, 56.0, 88.0
640.0, 312.0, 56.0, 88.0
640.0, 312.0, 56.0, 88.0
638.0, 312.0, 56.0, 88.0
636.0, 314.0, 56.0, 88.0
634.0, 314.0, 56.0, 88.0
632.0, 314.0, 56.0, 88.0
630.0, 314.0, 56.0, 88.0
628.0, 316.0, 56.0, 88.0
626.0, 316.0, 56.0, 88.0
624.0, 316.0, 56.0, 88.0
624.0, 316.0, 56.0, 88.0
622.0, 316.0, 56.0, 88.0
622.0, 316.0, 56.0, 88.0
620.0, 316.0, 56.0, 88.0
620.0, 316.0, 56.0, 88.0
618.0, 316.0, 56.0, 88.0
618.0, 316.0, 56.0, 88.0
616.0, 316.0, 56.0, 88.0
616.0, 316.0, 56.0, 88.0
616.0, 316.0, 56.0, 88.0
616.0, 316.0, 56.0, 88.0
614.0, 316.0, 56.0, 88.0
614.0, 316.0, 56.0, 88.0
612.0, 316.0, 56.0, 88.0
612.0, 318.0, 56.0, 88.0
612.0, 318.0, 56.0, 88.0
612.0, 318.0, 56.0, 88.0
612.0, 318.0, 56.0, 88.0
612.0, 318.0, 56.0, 88.0
612.0, 318.0, 56.0, 88.0
612.0, 318.0, 56.0, 88.0
612.0, 318.0, 56.0, 88.0
614.0, 318.0, 56.0, 88.0
614.0, 318.0, 56.0, 88.0
614.0, 320.0, 56.0, 88.0
614.0, 320.0, 56.0, 88.0
614.0, 320.0, 56.0, 88.0
614.0, 320.0, 56.0, 88.0
614.0, 320.0, 56.0, 88.0
614.0, 320.0, 56.0, 88.0
612.0, 322.0, 56.0, 88.0
612.0, 322.0, 56.0, 88.0
612.0, 322.0, 56.0, 88.0
610.0, 324.0, 56.0, 88.0
610.0, 324.0, 56.0, 88.0
610.0, 324.0, 56.0, 88.0
610.0, 324.0, 56.0, 88.0
610.0, 324.0, 56.0, 88.0
610.0, 324.0, 56.0, 88.0
610.0, 324.0, 56.0, 88.0
608.0, 324.0, 56.0, 88.0
608.0, 324.0, 56.0, 88.0
608.0, 324.0, 56.0, 88.0
606.0, 324.0, 56.0, 88.0
606.0, 324.0, 56.0, 88.0
606.0, 324.0, 56.0, 88.0
604.0, 324.0, 56.0, 88.0
604.0, 326.0, 56.0, 88.0
604.0, 326.0, 56.0, 88.0
602.0, 326.0, 56.0, 88.0
602.0, 326.0, 56.0, 88.0
602.0, 326.0, 56.0, 88.0
602.0, 326.0, 56.0, 88.0
600.0, 326.0, 56.0, 88.0
600.0, 328.0, 56.0, 88.0
600.0, 328.0, 56.0, 88.0
600.0, 328.0, 56.0, 88.0
600.0, 328.0, 56.0, 88.0
600.0, 330.0, 56.0, 88.0
598.0, 330.0, 56.0, 88.0
598.0, 330.0, 56.0, 88.0
598.0, 330.0, 56.0, 88.0
598.0, 330.0, 56.0, 88.0
596.0, 332.0, 56.0, 88.0
594.0, 332.0, 56.0, 88.0
594.0, 332.0, 56.0, 88.0
592.0, 334.0, 56.0, 88.0
592.0, 334.0, 56.0, 88.0
590.0, 334.0, 56.0, 88.0
590.0, 334.0, 56.0, 88.0
588.0, 334.0, 56.0, 88.0
588.0, 334.0, 56.0, 88.0
588.0, 334.0, 56.0, 88.0
586.0, 334.0, 56.0, 88.0
586.0, 334.0, 56.0, 88.0
584.0, 334.0, 56.0, 88.0
582.0, 334.0, 56.0, 88.0
582.0, 334.0, 56.0, 88.0
580.0, 336.0, 56.0, 88.0
578.0, 336.0, 56.0, 88.0
576.0, 336.0, 56.0, 88.0
574.0, 336.0, 56.0, 88.0
572.0, 336.0, 56.0, 88.0
570.0, 336.0, 56.0, 88.0
568.0, 338.0, 56.0, 88.0
566.0, 338.0, 56.0, 88.0
564.0, 338.0, 56.0, 88.0
562.0, 338.0, 56.0, 88.0
560.0, 340.0, 56.0, 88.0
558.0, 340.0, 56.0, 88.0
558.0, 340.0, 56.0, 88.0
556.0, 340.0, 56.0, 88.0
556.0, 342.0, 56.0, 88.0
554.0, 342.0, 56.0, 88.0
552.0, 342.0, 56.0, 88.0
552.0, 344.0, 56.0, 88.0
552.0, 344.0, 56.0, 88.0
550.0, 344.0, 56.0, 88.0
548.0, 346.0, 56.0, 88.0
548.0, 346.0, 56.0, 88.0
546.0, 348.0, 56.0, 88.0
546.0, 348.0, 56.0, 88.0
546.0, 348.0, 56.0, 88.0
544.0, 350.0, 56.0, 88.0
544.0, 350.0, 56.0, 88.0
544.0, 350.0, 56.0, 88.0
544.0, 350.0, 56.0, 88.0
546.0, 350.0, 56.0, 88.0
546.0, 350.0, 56.0, 88.0
546.0, 350.0, 56.0, 88.0
548.0, 350.0, 56.0, 88.0
548.0, 350.0, 56.0, 88.0
548.0, 352.0, 56.0, 88.0
550.0, 352.0, 56.0, 88.0
552.0, 352.0, 56.0, 88.0
552.0, 352.0, 56.0, 88.0
552.0, 352.0, 56.0, 88.0
552.0, 352.0, 56.0, 88.0
554.0, 354.0, 56.0, 88.0
554.0, 354.0, 56.0, 88.0
556.0, 354.0, 56.0, 88.0
558.0, 354.0, 56.0, 88.0
558.0, 354.0, 56.0, 88.0
562.0, 354.0, 56.0, 88.0
564.0, 354.0, 56.0, 88.0
566.0, 354.0, 56.0, 88.0
568.0, 356.0, 56.0, 88.0
570.0, 356.0, 56.0, 88.0
572.0, 356.0, 56.0, 88.0
574.0, 356.0, 56.0, 88.0
576.0, 356.0, 56.0, 88.0
578.0, 358.0, 56.0, 88.0
578.0, 358.0, 56.0, 88.0
580.0, 358.0, 56.0, 88.0
580.0, 360.0, 56.0, 88.0
582.0, 360.0, 56.0, 88.0
582.0, 360.0, 56.0, 88.0
582.0, 362.0, 56.0, 88.0
584.0, 362.0, 56.0, 88.0
584.0, 362.0, 56.0, 88.0
586.0, 362.0, 56.0, 88.0
586.0, 362.0, 56.0, 88.0
588.0, 362.0, 56.0, 88.0
588.0, 362.0, 56.0, 88.0
590.0, 362.0, 56.0, 88.0
590.0, 362.0, 56.0, 88.0
590.0, 362.0, 56.0, 88.0
590.0, 364.0, 56.0, 88.0
592.0, 364.0, 56.0, 88.0
592.0, 364.0, 56.0, 88.0
592.0, 364.0, 56.0, 88.0
592.0, 364.0, 56.0, 88.0
592.0, 364.0, 56.0, 88.0
592.0, 364.0, 56.0, 88.0
592.0, 364.0, 56.0, 88.0
592.0, 364.0, 56.0, 88.0
592.0, 364.0, 56.0, 88.0
594.0, 364.0, 56.0, 88.0
596.0, 364.0, 56.0, 88.0
596.0, 364.0, 56.0, 88.0
598.0, 364.0, 56.0, 88.0
598.0, 364.0, 56.0, 88.0
600.0, 364.0, 56.0, 88.0
602.0, 364.0, 56.0, 88.0
602.0, 364.0, 56.0, 88.0
602.0, 364.0, 56.0, 88.0
602.0, 364.0, 56.0, 88.0
602.0, 364.0, 56.0, 88.0
602.0, 364.0, 56.0, 88.0
600.0, 366.0, 56.0, 88.0
600.0, 366.0, 56.0, 88.0
600.0, 366.0, 56.0, 88.0
600.0, 366.0, 56.0, 88.0
598.0, 366.0, 56.0, 88.0
598.0, 366.0, 56.0, 88.0
598.0, 366.0, 56.0, 88.0
596.0, 366.0, 56.0, 88.0
596.0, 366.0, 56.0, 88.0
594.0, 366.0, 56.0, 88.0
592.0, 366.0, 56.0, 88.0
592.0, 366.0, 56.0, 88.0
590.0, 366.0, 56.0, 88.0
588.0, 366.0, 56.0, 88.0
586.0, 366.0, 56.0, 88.0
584.0, 366.0, 56.0, 88.0
582.0, 366.0, 56.0, 88.0
580.0, 366.0, 56.0, 88.0
578.0, 366.0, 56.0, 88.0
576.0, 366.0, 56.0, 88.0
574.0, 366.0, 56.0, 88.0
574.0, 366.0, 56.0, 88.0
572.0, 366.0, 56.0, 88.0
570.0, 366.0, 56.0, 88.0
570.0, 366.0, 56.0, 88.0
568.0, 366.0, 56.0, 88.0
568.0, 366.0, 56.0, 88.0
566.0, 366.0, 56.0, 88.0
566.0, 366.0, 56.0, 88.0
564.0, 368.0, 56.0, 88.0
562.0, 368.0, 56.0, 88.0
562.0, 368.0, 56.0, 88.0
560.0, 368.0, 56.0, 88.0
558.0, 370.0, 56.0, 88.0
558.0, 370.0, 56.0, 88.0
556.0, 370.0, 56.0, 88.0
556.0, 370.0, 56.0, 88.0
556.0, 370.0, 56.0, 88.0
556.0, 370.0, 56.0, 88.0
556.0, 370.0, 56.0, 88.0
556.0, 370.0, 56.0, 88.0
558.0, 370.0, 56.0, 88.0
560.0, 370.0, 56.0, 88.0
560.0, 370.0, 56.0, 88.0
562.0, 370.0, 56.0, 88.0
562.0, 370.0, 56.0, 88.0
562.0, 372.0, 56.0, 88.0
562.0, 372.0, 56.0, 88.0
562.0, 374.0, 56.0, 88.0
562.0, 374.0, 56.0, 88.0
562.0, 374.0, 56.0, 88.0
562.0, 374.0, 56.0, 88.0
562.0, 374.0, 56.0, 88.0
562.0, 376.0, 56.0, 88.0
562.0, 376.0, 56.0, 88.0
562.0, 376.0, 56.0, 88.0
564.0, 376.0, 56.0, 88.0
564.0, 378.0, 56.0, 88.0
564.0, 378.0, 56.0, 88.0
566.0, 378.0, 56.0, 88.0
568.0, 378.0, 56.0, 88.0
570.0, 378.0, 56.0, 88.0
572.0, 378.0, 56.0, 88.0
576.0, 376.0, 56.0, 88.0
580.0, 376.0, 56.0, 88.0
582.0, 376.0, 56.0, 88.0
584.0, 374.0, 56.0, 88.0
584.0, 376.0, 56.0, 88.0
586.0, 376.0, 56.0, 88.0
586.0, 378.0, 56.0, 88.0
586.0, 378.0, 56.0, 88.0
586.0, 378.0, 56.0, 88.0
586.0, 380.0, 56.0, 88.0
586.0, 380.0, 56.0, 88.0
588.0, 380.0, 56.0, 88.0
590.0, 380.0, 56.0, 88.0
590.0, 380.0, 56.0, 88.0
592.0, 380.0, 56.0, 88.0
594.0, 380.0, 56.0, 88.0
596.0, 378.0, 56.0, 88.0
596.0, 378.0, 56.0, 88.0
598.0, 378.0, 56.0, 88.0
598.0, 378.0, 56.0, 88.0
598.0, 378.0, 56.0, 88.0
596.0, 378.0, 56.0, 88.0
596.0, 378.0, 56.0, 88.0
596.0, 378.0, 56.0, 88.0
594.0, 380.0, 56.0, 88.0
594.0, 380.0, 56.0, 88.0
594.0, 380.0, 56.0, 88.0
594.0, 380.0, 56.0, 88.0
594.0, 380.0, 56.0, 88.0
594.0, 380.0, 56.0, 88.0
594.0, 382.0, 56.0, 88.0
596.0, 382.0, 56.0, 88.0
596.0, 382.0, 56.0, 88.0
598.0, 382.0, 56.0, 88.0
600.0, 382.0, 56.0, 88.0
602.0, 382.0, 56.0, 88.0
602.0, 382.0, 56.0, 88.0
604.0, 382.0, 56.0, 88.0
602.0, 384.0, 56.0, 88.0
602.0, 384.0, 56.0, 88.0
602.0, 386.0, 56.0, 88.0
602.0, 386.0, 56.0, 88.0
602.0, 388.0, 56.0, 88.0
602.0, 388.0, 56.0, 88.0
602.0, 388.0, 56.0, 88.0
602.0, 390.0, 56.0, 88.0
602.0, 390.0, 56.0, 88.0
604.0, 390.0, 56.0, 88.0
606.0, 390.0, 56.0, 88.0
608.0, 390.0, 56.0, 88.0
608.0, 390.0, 56.0, 88.0
608.0, 390.0, 56.0, 88.0
608.0, 392.0, 56.0, 88.0
608.0, 392.0, 56.0, 88.0
608.0, 394.0, 56.0, 88.0
606.0, 394.0, 56.0, 88.0
604.0, 396.0, 56.0, 88.0
602.0, 396.0, 56.0, 88.0
600.0, 398.0, 56.0, 88.0
598.0, 400.0, 56.0, 88.0
596.0, 400.0, 56.0, 88.0
594.0, 402.0, 56.0, 88.0
592.0, 402.0, 56.0, 88.0
590.0, 404.0, 56.0, 88.0
588.0, 404.0, 56.0, 88.0
586.0, 406.0, 56.0, 88.0
582.0, 406.0, 56.0, 88.0
580.0, 408.0, 56.0, 88.0
578.0, 408.0, 56.0, 88.0
576.0, 410.0, 56.0, 88.0
572.0, 410.0, 56.0, 88.0
570.0, 412.0, 56.0, 88.0
566.0, 414.0, 56.0, 88.0
564.0, 414.0, 56.0, 88.0
560.0, 416.0, 56.0, 88.0
558.0, 416.0, 56.0, 88.0
554.0, 418.0, 56.0, 88.0
550.0, 418.0, 56.0, 88.0
548.0, 420.0, 56.0, 88.0
544.0, 420.0, 56.0, 88.0
542.0, 422.0, 56.0, 88.0
538.0, 422.0, 56.0, 88.0
536.0, 424.0, 56.0, 88.0
534.0, 424.0, 56.0, 88.0
530.0, 426.0, 56.0, 88.0
528.0, 426.0, 56.0, 88.0
524.0, 428.0, 56.0, 88.0
522.0, 430.0, 56.0, 88.0
520.0, 430.0, 56.0, 88.0
516.0, 432.0, 56.0, 88.0
514.0, 432.0, 56.0, 88.0
512.0, 434.0, 56.0, 88.0
508.0, 436.0, 56.0, 88.0
506.0, 436.0, 56.0, 88.0
504.0, 438.0, 56.0, 88.0
502.0, 440.0, 56.0, 88.0
498.0, 442.0, 56.0, 88.0
496.0, 442.0, 56.0, 88.0
494.0, 444.0, 56.0, 88.0
492.0, 446.0, 56.0, 88.0
490.0, 448.0, 56.0, 88.0
0.0, 0.0, 0.0, 0.0
0.0, 0.0, 0.0, 0.0
0.0, 0.0, 0.0, 0.0
484.0, 450.0, 56.0, 88.0
482.0, 450.0, 56.0, 88.0
480.0, 452.0, 56.0, 88.0
478.0, 454.0, 56.0, 88.0
478.0, 454.0, 56.0, 88.0
476.0, 456.0, 56.0, 88.0
474.0, 458.0, 56.0, 88.0
472.0, 460.0, 56.0, 88.0
472.0, 462.0, 56.0, 88.0
470.0, 464.0, 56.0, 88.0
468.0, 466.0, 56.0, 88.0
466.0, 468.0, 56.0, 88.0
464.0, 470.0, 56.0, 88.0
464.0, 472.0, 56.0, 88.0
462.0, 474.0, 56.0, 88.0
460.0, 476.0, 56.0, 88.0
458.0, 478.0, 56.0, 88.0
456.0, 480.0, 56.0, 88.0
454.0, 482.0, 56.0, 88.0
452.0, 484.0, 56.0, 88.0
452.0, 486.0, 56.0, 88.0
450.0, 488.0, 56.0, 88.0
448.0, 490.0, 56.0, 88.0
446.0, 492.0, 56.0, 88.0
444.0, 494.0, 56.0, 88.0
442.0, 496.0, 56.0, 88.0
440.0, 498.0, 56.0, 88.0
438.0, 500.0, 56.0, 88.0
436.0, 502.0, 56.0, 88.0
434.0, 504.0, 56.0, 88.0
432.0, 506.0, 56.0, 88.0
430.0, 508.0, 56.0, 88.0
426.0, 510.0, 56.0, 88.0
424.0, 512.0, 56.0, 88.0
422.0, 516.0, 56.0, 88.0
420.0, 518.0, 56.0, 88.0
416.0, 520.0, 56.0, 88.0
414.0, 522.0, 56.0, 88.0
410.0, 524.0, 56.0, 88.0
408.0, 528.0, 56.0, 88.0
406.0, 530.0, 56.0, 88.0
402.0, 532.0, 56.0, 88.0
398.0, 536.0, 56.0, 88.0
396.0, 538.0, 56.0, 88.0
394.0, 540.0, 56.0, 88.0
390.0, 542.0, 56.0, 88.0
388.0, 546.0, 56.0, 88.0
384.0, 550.0, 56.0, 88.0
382.0, 552.0, 56.0, 88.0
378.0, 554.0, 56.0, 88.0
376.0, 556.0, 56.0, 88.0
374.0, 560.0, 56.0, 88.0
370.0, 562.0, 56.0, 88.0
368.0, 566.0, 56.0, 88.0
366.0, 568.0, 56.0, 88.0
362.0, 570.0, 56.0, 88.0
360.0, 574.0, 56.0, 88.0
356.0, 576.0, 56.0, 88.0
354.0, 580.0, 56.0, 88.0
352.0, 582.0, 56.0, 88.0
350.0, 584.0, 56.0, 88.0
348.0, 588.0, 56.0, 88.0
344.0, 590.0, 56.0, 88.0
342.0, 594.0, 56.0, 88.0
340.0, 596.0, 56.0, 88.0
338.0, 598.0, 56.0, 88.0
336.0, 602.0, 56.0, 88.0
332.0, 604.0, 56.0, 88.0
330.0, 608.0, 56.0, 88.0
328.0, 610.0, 56.0, 88.0
326.0, 612.0, 56.0, 88.0
324.0, 616.0, 56.0, 88.0
320.0, 618.0, 56.0, 88.0
318.0, 622.0, 56.0, 88.0
316.0, 624.0, 56.0, 88.0
314.0, 626.0, 56.0, 88.0
314.0, 630.0, 56.0, 88.0
310.0, 634.0, 56.0, 88.0
308.0, 636.0, 56.0, 88.0
308.0, 638.0, 56.0, 88.0
306.0, 640.0, 56.0, 88.0
304.0, 644.0, 56.0, 88.0
302.0, 646.0, 56.0, 88.0
300.0, 650.0, 56.0, 88.0
300.0, 652.0, 56.0, 88.0
0.0, 0.0, 0.0, 0.0
0.0, 0.0, 0.0, 0.0
294.0, 660.0, 56.0, 88.0
294.0, 662.0, 56.0, 88.0
292.0, 664.0, 56.0, 88.0
290.0, 668.0, 56.0, 88.0
0.0, 0.0, 0.0, 0.0
286.0, 672.0, 56.0, 88.0
284.0, 674.0, 56.0, 88.0
284.0, 676.0, 56.0, 88.0
286.0, 678.0, 56.0, 88.0
284.0, 682.0, 56.0, 88.0
288.0, 660.0, 56.0, 88.0
288.0, 662.0, 56.0, 88.0
286.0, 664.0, 56.0, 88.0
282.0, 668.0, 56.0, 88.0
282.0, 672.0, 56.0, 88.0
282.0, 674.0, 56.0, 88.0
278.0, 678.0, 56.0, 88.0
280.0, 680.0, 56.0, 88.0
276.0, 684.0, 56.0, 88.0
274.0, 686.0, 56.0, 88.0
272.0, 690.0, 56.0, 88.0
270.0, 692.0, 56.0, 88.0
0.0, 0.0, 0.0, 0.0
276.0, 666.0, 56.0, 88.0
274.0, 670.0, 56.0, 88.0
278.0, 674.0, 56.0, 88.0
274.0, 676.0, 56.0, 88.0
272.0, 678.0, 56.0, 88.0
268.0, 682.0, 56.0, 88.0
264.0, 684.0, 56.0, 88.0
260.0, 688.0, 56.0, 88.0
258.0, 690.0, 56.0, 88.0
0.0, 0.0, 0.0, 0.0
0.0, 0.0, 0.0, 0.0
252.0, 692.0, 56.0, 88.0
250.0, 696.0, 56.0, 88.0
248.0, 698.0, 56.0, 88.0
248.0, 700.0, 56.0, 88.0
246.0, 702.0, 56.0, 88.0
242.0, 706.0, 56.0, 88.0
238.0, 710.0, 56.0, 88.0
234.0, 712.0, 56.0, 88.0
234.0, 716.0, 56.0, 88.0
232.0, 718.0, 56.0, 88.0
232.0, 720.0, 56.0, 88.0
228.0, 724.0, 56.0, 88.0
224.0, 728.0, 56.0, 88.0
222.0, 728.0, 56.0, 88.0
218.0, 730.0, 56.0, 88.0
214.0, 732.0, 56.0, 88.0
216.0, 734.0, 56.0, 88.0
214.0, 738.0, 56.0, 88.0
216.0, 740.0, 56.0, 88.0
0.0, 0.0, 0.0, 0.0
0.0, 0.0, 0.0, 0.0
0.0, 0.0, 0.0, 0.0
210.0, 744.0, 56.0, 88.0
210.0, 746.0, 56.0, 88.0
206.0, 748.0, 56.0, 88.0
206.0, 750.0, 56.0, 88.0
206.0, 754.0, 56.0, 88.0
230.0, 754.0, 56.0, 88.0
234.0, 754.0, 56.0, 88.0
236.0, 758.0, 56.0, 88.0
0.0, 0.0, 0.0, 0.0
242.0, 754.0, 56.0, 88.0
0.0, 0.0, 0.0, 0.0
0.0, 0.0, 0.0, 0.0
244.0, 760.0, 56.0, 88.0
246.0, 764.0, 56.0, 88.0
256.0, 768.0, 56.0, 88.0
252.0, 768.0, 56.0, 88.0
256.0, 768.0, 56.0, 88.0
268.0, 768.0, 56.0, 88.0
270.0, 768.0, 56.0, 88.0
256.0, 768.0, 56.0, 88.0
256.0, 768.0, 56.0, 88.0
248.0, 768.0, 56.0, 88.0
236.0, 766.0, 56.0, 88.0
232.0, 766.0, 56.0, 88.0
214.0, 766.0, 56.0, 88.0
218.0, 766.0, 56.0, 88.0
220.0, 766.0, 56.0, 88.0
214.0, 766.0, 56.0, 88.0
224.0, 766.0, 56.0, 88.0
264.0, 766.0, 56.0, 88.0
280.0, 766.0, 56.0, 88.0
280.0, 766.0, 56.0, 88.0
0.0, 0.0, 0.0, 0.0
298.0, 766.0, 56.0, 88.0
302.0, 766.0, 56.0, 88.0
0.0, 0.0, 0.0, 0.0
0.0, 0.0, 0.0, 0.0
316.0, 764.0, 56.0, 88.0
318.0, 764.0, 56.0, 88.0
316.0, 764.0, 56.0, 88.0
318.0, 764.0, 56.0, 88.0
318.0, 764.0, 56.0, 88.0
304.0, 764.0, 56.0, 88.0
342.0, 654.0, 56.0, 88.0
342.0, 656.0, 56.0, 88.0
342.0, 658.0, 56.0, 88.0
342.0, 660.0, 56.0, 88.0
342.0, 662.0, 56.0, 88.0
342.0, 664.0, 56.0, 88.0
342.0, 666.0, 56.0, 88.0
342.0, 668.0, 56.0, 88.0
340.0, 670.0, 56.0, 88.0
338.0, 672.0, 56.0, 88.0
338.0, 674.0, 56.0, 88.0
338.0, 680.0, 56.0, 88.0
340.0, 688.0, 56.0, 88.0
340.0, 688.0, 56.0, 88.0
336.0, 686.0, 56.0, 88.0
332.0, 686.0, 56.0, 88.0
330.0, 688.0, 56.0, 88.0
330.0, 692.0, 56.0, 88.0
330.0, 694.0, 56.0, 88.0
330.0, 696.0, 56.0, 88.0
342.0, 650.0, 56.0, 88.0
346.0, 650.0, 56.0, 88.0
346.0, 652.0, 56.0, 88.0
346.0, 654.0, 56.0, 88.0
344.0, 658.0, 56.0, 88.0
342.0, 660.0, 56.0, 88.0
340.0, 664.0, 56.0, 88.0
338.0, 664.0, 56.0, 88.0
336.0, 666.0, 56.0, 88.0
334.0, 668.0, 56.0, 88.0
332.0, 670.0, 56.0, 88.0
330.0, 674.0, 56.0, 88.0
328.0, 676.0, 56.0, 88.0
328.0, 676.0, 56.0, 88.0
328.0, 678.0, 56.0, 88.0
322.0, 682.0, 56.0, 88.0
320.0, 684.0, 56.0, 88.0
320.0, 686.0, 56.0, 88.0
316.0, 688.0, 56.0, 88.0
316.0, 690.0, 56.0, 88.0
316.0, 692.0, 56.0, 88.0
318.0, 694.0, 56.0, 88.0
314.0, 696.0, 56.0, 88.0
314.0, 696.0, 56.0, 88.0
312.0, 700.0, 56.0, 88.0
308.0, 700.0, 56.0, 88.0
306.0, 704.0, 56.0, 88.0
306.0, 706.0, 56.0, 88.0
304.0, 708.0, 56.0, 88.0
304.0, 710.0, 56.0, 88.0
302.0, 712.0, 56.0, 88.0
298.0, 714.0, 56.0, 88.0
298.0, 718.0, 56.0, 88.0
296.0, 722.0, 56.0, 88.0
298.0, 722.0, 56.0, 88.0
294.0, 724.0, 56.0, 88.0
292.0, 726.0, 56.0, 88.0
294.0, 728.0, 56.0, 88.0
0.0, 0.0, 0.0, 0.0
292.0, 732.0, 56.0, 88.0
0.0, 0.0, 0.0, 0.0
0.0, 0.0, 0.0, 0.0
290.0, 734.0, 56.0, 88.0
308.0, 738.0, 56.0, 88.0
328.0, 728.0, 56.0, 88.0
352.0, 732.0, 56.0, 88.0
348.0, 734.0, 56.0, 88.0
346.0, 736.0, 56.0, 88.0
340.0, 736.0, 56.0, 88.0
336.0, 736.0, 56.0, 88.0
338.0, 738.0, 56.0, 88.0
336.0, 740.0, 56.0, 88.0
334.0, 742.0, 56.0, 88.0
330.0, 744.0, 56.0, 88.0
324.0, 740.0, 56.0, 88.0
0.0, 0.0, 0.0, 0.0
314.0, 746.0, 56.0, 88.0
340.0, 738.0, 56.0, 88.0
342.0, 740.0, 56.0, 88.0
342.0, 742.0, 56.0, 88.0
340.0, 744.0, 56.0, 88.0
358.0, 742.0, 56.0, 88.0
360.0, 742.0, 56.0, 88.0
364.0, 742.0, 56.0, 88.0
362.0, 742.0, 56.0, 88.0
362.0, 744.0, 56.0, 88.0
364.0, 744.0, 56.0, 88.0
358.0, 746.0, 56.0, 88.0
352.0, 746.0, 56.0, 88.0
346.0, 746.0, 56.0, 88.0
344.0, 744.0, 56.0, 88.0
338.0, 744.0, 56.0, 88.0
334.0, 746.0, 56.0, 88.0
348.0, 746.0, 56.0, 88.0
346.0, 748.0, 56.0, 88.0
346.0, 750.0, 56.0, 88.0
342.0, 752.0, 56.0, 88.0
340.0, 754.0, 56.0, 88.0
340.0, 756.0, 56.0, 88.0
340.0, 756.0, 56.0, 88.0
338.0, 756.0, 56.0, 88.0
334.0, 756.0, 56.0, 88.0
332.0, 758.0, 56.0, 88.0
332.0, 760.0, 56.0, 88.0
336.0, 760.0, 56.0, 88.0
336.0, 760.0, 56.0, 88.0
334.0, 760.0, 56.0, 88.0
330.0, 760.0, 56.0, 88.0
326.0, 760.0, 56.0, 88.0
0.0, 0.0, 0.0, 0.0
0.0, 0.0, 0.0, 0.0
324.0, 762.0, 56.0, 88.0
326.0, 762.0, 56.0, 88.0
326.0, 762.0, 56.0, 88.0
326.0, 762.0, 56.0, 88.0
324.0, 762.0, 56.0, 88.0
326.0, 762.0, 56.0, 88.0
328.0, 762.0, 56.0, 88.0
324.0, 762.0, 56.0, 88.0
324.0, 762.0, 56.0, 88.0
320.0, 762.0, 56.0, 88.0
314.0, 762.0, 56.0, 88.0
304.0, 762.0, 56.0, 88.0
302.0, 764.0, 56.0, 88.0
316.0, 764.0, 56.0, 88.0
314.0, 764.0, 56.0, 88.0
302.0, 764.0, 56.0, 88.0
276.0, 764.0, 56.0, 88.0
268.0, 764.0, 56.0, 88.0
266.0, 764.0, 56.0, 88.0
264.0, 764.0, 56.0, 88.0
264.0, 764.0, 56.0, 88.0
260.0, 764.0, 56.0, 88.0
246.0, 762.0, 56.0, 88.0
224.0, 760.0, 56.0, 88.0
222.0, 760.0, 56.0, 88.0
212.0, 760.0, 56.0, 88.0
212.0, 760.0, 56.0, 88.0
0.0, 0.0, 0.0, 0.0
246.0, 654.0, 56.0, 88.0
244.0, 658.0, 56.0, 88.0
240.0, 662.0, 56.0, 88.0
238.0, 664.0, 56.0, 88.0
236.0, 668.0, 56.0, 88.0
232.0, 672.0, 56.0, 88.0
230.0, 674.0, 56.0, 88.0
226.0, 678.0, 56.0, 88.0
224.0, 682.0, 56.0, 88.0
220.0, 686.0, 56.0, 88.0
218.0, 692.0, 56.0, 88.0
216.0, 696.0, 56.0, 88.0
208.0, 698.0, 56.0, 88.0
208.0, 702.0, 56.0, 88.0
204.0, 706.0, 56.0, 88.0
200.0, 710.0, 56.0, 88.0
200.0, 712.0, 56.0, 88.0
194.0, 718.0, 56.0, 88.0
194.0, 722.0, 56.0, 88.0
196.0, 726.0, 56.0, 88.0
212.0, 730.0, 56.0, 88.0
244.0, 722.0, 56.0, 88.0
268.0, 696.0, 56.0, 88.0
298.0, 724.0, 56.0, 88.0
296.0, 728.0, 56.0, 88.0
302.0, 734.0, 56.0, 88.0
300.0, 738.0, 56.0, 88.0
314.0, 702.0, 56.0, 88.0
292.0, 698.0, 56.0, 88.0
282.0, 698.0, 56.0, 88.0
274.0, 698.0, 56.0, 88.0
266.0, 700.0, 56.0, 88.0
250.0, 700.0, 56.0, 88.0
236.0, 702.0, 56.0, 88.0
220.0, 700.0, 56.0, 88.0
210.0, 708.0, 56.0, 88.0
222.0, 704.0, 56.0, 88.0
238.0, 706.0, 56.0, 88.0
258.0, 686.0, 56.0, 88.0
256.0, 688.0, 56.0, 88.0
254.0, 692.0, 56.0, 88.0
252.0, 696.0, 56.0, 88.0
252.0, 698.0, 56.0, 88.0
246.0, 702.0, 56.0, 88.0
244.0, 706.0, 56.0, 88.0
242.0, 710.0, 56.0, 88.0
240.0, 712.0, 56.0, 88.0
238.0, 714.0, 56.0, 88.0
238.0, 716.0, 56.0, 88.0
238.0, 718.0, 56.0, 88.0
236.0, 722.0, 56.0, 88.0
236.0, 724.0, 56.0, 88.0
250.0, 726.0, 56.0, 88.0
0.0, 0.0, 0.0, 0.0
0.0, 0.0, 0.0, 0.0
234.0, 730.0, 56.0, 88.0
236.0, 734.0, 56.0, 88.0
232.0, 738.0, 56.0, 88.0
232.0, 742.0, 56.0, 88.0
234.0, 742.0, 56.0, 88.0
264.0, 738.0, 56.0, 88.0
260.0, 726.0, 56.0, 88.0
302.0, 728.0, 56.0, 88.0
300.0, 732.0, 56.0, 88.0
292.0, 734.0, 56.0, 88.0
278.0, 734.0, 56.0, 88.0
294.0, 740.0, 56.0, 88.0
294.0, 742.0, 56.0, 88.0
294.0, 744.0, 56.0, 88.0
294.0, 746.0, 56.0, 88.0
292.0, 748.0, 56.0, 88.0
288.0, 750.0, 56.0, 88.0
288.0, 752.0, 56.0, 88.0
282.0, 754.0, 56.0, 88.0
282.0, 758.0, 56.0, 88.0
276.0, 762.0, 56.0, 88.0
0.0, 0.0, 0.0, 0.0
0.0, 0.0, 0.0, 0.0
278.0, 732.0, 56.0, 88.0
258.0, 732.0, 56.0, 88.0
0.0, 0.0, 0.0, 0.0
294.0, 744.0, 56.0, 88.0
290.0, 744.0, 56.0, 88.0
294.0, 746.0, 56.0, 88.0
286.0, 748.0, 56.0, 88.0
280.0, 748.0, 56.0, 88.0
276.0, 748.0, 56.0, 88.0
268.0, 750.0, 56.0, 88.0
248.0, 750.0, 56.0, 88.0
226.0, 752.0, 56.0, 88.0
232.0, 644.0, 56.0, 88.0
246.0, 628.0, 56.0, 88.0
244.0, 630.0, 56.0, 88.0
242.0, 632.0, 56.0, 88.0
240.0, 634.0, 56.0, 88.0
238.0, 636.0, 56.0, 88.0
236.0, 638.0, 56.0, 88.0
232.0, 642.0, 56.0, 88.0
232.0, 644.0, 56.0, 88.0
230.0, 648.0, 56.0, 88.0
226.0, 650.0, 56.0, 88.0
226.0, 652.0, 56.0, 88.0
222.0, 654.0, 56.0, 88.0
220.0, 656.0, 56.0, 88.0
218.0, 660.0, 56.0, 88.0
216.0, 662.0, 56.0, 88.0
216.0, 664.0, 56.0, 88.0
212.0, 666.0, 56.0, 88.0
210.0, 668.0, 56.0, 88.0
210.0, 672.0, 56.0, 88.0
208.0, 674.0, 56.0, 88.0
206.0, 676.0, 56.0, 88.0
204.0, 680.0, 56.0, 88.0
202.0, 682.0, 56.0, 88.0
200.0, 684.0, 56.0, 88.0
198.0, 688.0, 56.0, 88.0
194.0, 618.0, 56.0, 88.0
190.0, 618.0, 56.0, 88.0
188.0, 620.0, 56.0, 88.0
186.0, 622.0, 56.0, 88.0
184.0, 624.0, 56.0, 88.0
182.0, 626.0, 56.0, 88.0
180.0, 628.0, 56.0, 88.0
178.0, 630.0, 56.0, 88.0
176.0, 632.0, 56.0, 88.0
174.0, 634.0, 56.0, 88.0
172.0, 636.0, 56.0, 88.0
168.0, 640.0, 56.0, 88.0
166.0, 642.0, 56.0, 88.0
164.0, 644.0, 56.0, 88.0
162.0, 646.0, 56.0, 88.0
162.0, 648.0, 56.0, 88.0
160.0, 650.0, 56.0, 88.0
158.0, 652.0, 56.0, 88.0
158.0, 654.0, 56.0, 88.0
156.0, 656.0, 56.0, 88.0
156.0, 656.0, 56.0, 88.0
156.0, 658.0, 56.0, 88.0
154.0, 660.0, 56.0, 88.0
154.0, 662.0, 56.0, 88.0
152.0, 664.0, 56.0, 88.0
152.0, 666.0, 56.0, 88.0
152.0, 668.0, 56.0, 88.0
152.0, 668.0, 56.0, 88.0
152.0, 670.0, 56.0, 88.0
150.0, 672.0, 56.0, 88.0
150.0, 674.0, 56.0, 88.0
150.0, 674.0, 56.0, 88.0
150.0, 676.0, 56.0, 88.0
148.0, 678.0, 56.0, 88.0
148.0, 680.0, 56.0, 88.0
148.0, 680.0, 56.0, 88.0
146.0, 684.0, 56.0, 88.0
146.0, 684.0, 56.0, 88.0
146.0, 686.0, 56.0, 88.0
146.0, 688.0, 56.0, 88.0
146.0, 688.0, 56.0, 88.0
144.0, 690.0, 56.0, 88.0
144.0, 692.0, 56.0, 88.0
144.0, 694.0, 56.0, 88.0
142.0, 696.0, 56.0, 88.0
142.0, 698.0, 56.0, 88.0
142.0, 700.0, 56.0, 88.0
140.0, 702.0, 56.0, 88.0
140.0, 702.0, 56.0, 88.0
138.0, 706.0, 56.0, 88.0
138.0, 708.0, 56.0, 88.0
134.0, 710.0, 56.0, 88.0
134.0, 712.0, 56.0, 88.0
0.0, 0.0, 0.0, 0.0
130.0, 718.0, 56.0, 88.0
0.0, 0.0, 0.0, 0.0
124.0, 726.0, 56.0, 88.0
0.0, 0.0, 0.0, 0.0
122.0, 728.0, 56.0, 88.0
122.0, 730.0, 56.0, 88.0
124.0, 726.0, 56.0, 88.0
124.0, 724.0, 56.0, 88.0
124.0, 726.0, 56.0, 88.0
124.0, 726.0, 56.0, 88.0
122.0, 730.0, 56.0, 88.0
124.0, 726.0, 56.0, 88.0
124.0, 728.0, 56.0, 88.0
124.0, 726.0, 56.0, 88.0
124.0, 724.0, 56.0, 88.0
124.0, 722.0, 56.0, 88.0
124.0, 722.0, 56.0, 88.0
124.0, 724.0, 56.0, 88.0
124.0, 726.0, 56.0, 88.0
122.0, 726.0, 56.0, 88.0
124.0, 726.0, 56.0, 88.0
122.0, 728.0, 56.0, 88.0
122.0, 728.0, 56.0, 88.0
124.0, 722.0, 56.0, 88.0
124.0, 722.0, 56.0, 88.0
122.0, 724.0, 56.0, 88.0
120.0, 728.0, 56.0, 88.0
120.0, 728.0, 56.0, 88.0
120.0, 730.0, 56.0, 88.0
124.0, 724.0, 56.0, 88.0
124.0, 724.0, 56.0, 88.0
122.0, 726.0, 56.0, 88.0
120.0, 730.0, 56.0, 88.0
122.0, 730.0, 56.0, 88.0
0.0, 0.0, 0.0, 0.0
0.0, 0.0, 0.0, 0.0
122.0, 722.0, 56.0, 88.0
0.0, 0.0, 0.0, 0.0
118.0, 728.0, 56.0, 88.0
118.0, 730.0, 56.0, 88.0
120.0, 728.0, 56.0, 88.0
122.0, 720.0, 56.0, 88.0
118.0, 726.0, 56.0, 88.0
118.0, 728.0, 56.0, 88.0
118.0, 728.0, 56.0, 88.0
118.0, 726.0, 56.0, 88.0
118.0, 726.0, 56.0, 88.0
118.0, 726.0, 56.0, 88.0
118.0, 726.0, 56.0, 88.0
118.0, 726.0, 56.0, 88.0
116.0, 730.0, 56.0, 88.0
118.0, 728.0, 56.0, 88.0
118.0, 726.0, 56.0, 88.0
118.0, 728.0, 56.0, 88.0
118.0, 730.0, 56.0, 88.0
118.0, 728.0, 56.0, 88.0
116.0, 732.0, 56.0, 88.0
118.0, 730.0, 56.0, 88.0
120.0, 728.0, 56.0, 88.0
120.0, 726.0, 56.0, 88.0
118.0, 728.0, 56.0, 88.0
118.0, 728.0, 56.0, 88.0
122.0, 724.0, 56.0, 88.0
122.0, 724.0, 56.0, 88.0
120.0, 726.0, 56.0, 88.0
118.0, 728.0, 56.0, 88.0
118.0, 730.0, 56.0, 88.0
118.0, 730.0, 56.0, 88.0
120.0, 728.0, 56.0, 88.0
122.0, 724.0, 56.0, 88.0
118.0, 728.0, 56.0, 88.0
120.0, 728.0, 56.0, 88.0
118.0, 730.0, 56.0, 88.0
120.0, 730.0, 56.0, 88.0
0.0, 0.0, 0.0, 0.0
122.0, 726.0, 56.0, 88.0
122.0, 726.0, 56.0, 88.0
126.0, 720.0, 56.0, 88.0
0.0, 0.0, 0.0, 0.0
122.0, 726.0, 56.0, 88.0
122.0, 726.0, 56.0, 88.0
0.0, 0.0, 0.0, 0.0
124.0, 724.0, 56.0, 88.0
124.0, 724.0, 56.0, 88.0
124.0, 724.0, 56.0, 88.0
124.0, 724.0, 56.0, 88.0
126.0, 722.0, 56.0, 88.0
124.0, 724.0, 56.0, 88.0
126.0, 724.0, 56.0, 88.0
126.0, 724.0, 56.0, 88.0
126.0, 724.0, 56.0, 88.0
126.0, 724.0, 56.0, 88.0
128.0, 720.0, 56.0, 88.0
126.0, 722.0, 56.0, 88.0
126.0, 724.0, 56.0, 88.0
126.0, 724.0, 56.0, 88.0
128.0, 722.0, 56.0, 88.0
126.0, 724.0, 56.0, 88.0
126.0, 724.0, 56.0, 88.0
124.0, 726.0, 56.0, 88.0
126.0, 726.0, 56.0, 88.0
130.0, 720.0, 56.0, 88.0
126.0, 722.0, 56.0, 88.0
126.0, 724.0, 56.0, 88.0
126.0, 724.0, 56.0, 88.0
124.0, 726.0, 56.0, 88.0
126.0, 726.0, 56.0, 88.0
126.0, 724.0, 56.0, 88.0
126.0, 724.0, 56.0, 88.0
126.0, 724.0, 56.0, 88.0
126.0, 726.0, 56.0, 88.0
126.0, 726.0, 56.0, 88.0
0.0, 0.0, 0.0, 0.0
0.0, 0.0, 0.0, 0.0
0.0, 0.0, 0.0, 0.0
124.0, 726.0, 56.0, 88.0
120.0, 730.0, 56.0, 88.0
126.0, 722.0, 56.0, 88.0
126.0, 722.0, 56.0, 88.0
122.0, 726.0, 56.0, 88.0
120.0, 728.0, 56.0, 88.0
120.0, 730.0, 56.0, 88.0
124.0, 722.0, 56.0, 88.0
122.0, 722.0, 56.0, 88.0
118.0, 726.0, 56.0, 88.0
116.0, 728.0, 56.0, 88.0
118.0, 728.0, 56.0, 88.0
120.0, 724.0, 56.0, 88.0
118.0, 724.0, 56.0, 88.0
118.0, 726.0, 56.0, 88.0
116.0, 728.0, 56.0, 88.0
118.0, 724.0, 56.0, 88.0
116.0, 724.0, 56.0, 88.0
114.0, 726.0, 56.0, 88.0
114.0, 726.0, 56.0, 88.0
114.0, 726.0, 56.0, 88.0
110.0, 728.0, 56.0, 88.0
112.0, 726.0, 56.0, 88.0
110.0, 724.0, 56.0, 88.0
110.0, 724.0, 56.0, 88.0
106.0, 726.0, 56.0, 88.0
106.0, 728.0, 56.0, 88.0
106.0, 726.0, 56.0, 88.0
104.0, 722.0, 56.0, 88.0
102.0, 724.0, 56.0, 88.0
100.0, 726.0, 56.0, 88.0
100.0, 726.0, 56.0, 88.0
98.0, 726.0, 56.0, 88.0
96.0, 728.0, 56.0, 88.0
0.0, 0.0, 0.0, 0.0
0.0, 0.0, 0.0, 0.0
0.0, 0.0, 0.0, 0.0
90.0, 730.0, 56.0, 88.0
88.0, 734.0, 56.0, 88.0
90.0, 734.0, 56.0, 88.0
92.0, 722.0, 56.0, 88.0
90.0, 722.0, 56.0, 88.0
88.0, 724.0, 56.0, 88.0
84.0, 728.0, 56.0, 88.0
82.0, 730.0, 56.0, 88.0
82.0, 726.0, 56.0, 88.0
82.0, 724.0, 56.0, 88.0
80.0, 724.0, 56.0, 88.0
78.0, 726.0, 56.0, 88.0
76.0, 728.0, 56.0, 88.0
76.0, 728.0, 56.0, 88.0
76.0, 726.0, 56.0, 88.0
76.0, 726.0, 56.0, 88.0
74.0, 726.0, 56.0, 88.0
74.0, 726.0, 56.0, 88.0
72.0, 726.0, 56.0, 88.0
70.0, 730.0, 56.0, 88.0
70.0, 732.0, 56.0, 88.0
70.0, 736.0, 56.0, 88.0
66.0, 740.0, 56.0, 88.0
66.0, 744.0, 56.0, 88.0
58.0, 746.0, 56.0, 88.0
56.0, 748.0, 56.0, 88.0
54.0, 750.0, 56.0, 88.0
54.0, 750.0, 56.0, 88.0
52.0, 752.0, 56.0, 88.0
52.0, 752.0, 56.0, 88.0
52.0, 752.0, 56.0, 88.0
52.0, 752.0, 56.0, 88.0
52.0, 752.0, 56.0, 88.0
52.0, 754.0, 56.0, 88.0
52.0, 754.0, 56.0, 88.0
52.0, 750.0, 56.0, 88.0
52.0, 750.0, 56.0, 88.0
50.0, 754.0, 56.0, 88.0
50.0, 756.0, 56.0, 88.0
52.0, 756.0, 56.0, 88.0
52.0, 750.0, 56.0, 88.0
52.0, 752.0, 56.0, 88.0
50.0, 754.0, 56.0, 88.0
52.0, 754.0, 56.0, 88.0
52.0, 754.0, 56.0, 88.0
52.0, 754.0, 56.0, 88.0
52.0, 754.0, 56.0, 88.0
52.0, 754.0, 56.0, 88.0
52.0, 754.0, 56.0, 88.0
52.0, 754.0, 56.0, 88.0
52.0, 756.0, 56.0, 88.0
54.0, 756.0, 56.0, 88.0
54.0, 754.0, 56.0, 88.0
54.0, 754.0, 56.0, 88.0
54.0, 754.0, 56.0, 88.0
54.0, 754.0, 56.0, 88.0
54.0, 754.0, 56.0, 88.0
54.0, 754.0, 56.0, 88.0
54.0, 754.0, 56.0, 88.0
54.0, 754.0, 56.0, 88.0
54.0, 754.0, 56.0, 88.0
54.0, 754.0, 56.0, 88.0
54.0, 756.0, 56.0, 88.0
0.0, 0.0, 0.0, 0.0
0.0, 0.0, 0.0, 0.0
0.0, 0.0, 0.0, 0.0
52.0, 756.0, 56.0, 88.0
54.0, 756.0, 56.0, 88.0
54.0, 756.0, 56.0, 88.0
54.0, 758.0, 56.0, 88.0
60.0, 756.0, 56.0, 88.0
60.0, 756.0, 56.0, 88.0
60.0, 756.0, 56.0, 88.0
62.0, 756.0, 56.0, 88.0
64.0, 756.0, 56.0, 88.0
64.0, 756.0, 56.0, 88.0
64.0, 756.0, 56.0, 88.0
64.0, 756.0, 56.0, 88.0
64.0, 756.0, 56.0, 88.0
66.0, 756.0, 56.0, 88.0
66.0, 756.0, 56.0, 88.0
66.0, 756.0, 56.0, 88.0
68.0, 756.0, 56.0, 88.0
68.0, 756.0, 56.0, 88.0
66.0, 756.0, 56.0, 88.0
66.0, 756.0, 56.0, 88.0
66.0, 756.0, 56.0, 88.0
64.0, 756.0, 56.0, 88.0
64.0, 756.0, 56.0, 88.0
64.0, 756.0, 56.0, 88.0
64.0, 756.0, 56.0, 88.0
62.0, 756.0, 56.0, 88.0
64.0, 756.0, 56.0, 88.0
62.0, 758.0, 56.0, 88.0
64.0, 758.0, 56.0, 88.0
64.0, 756.0, 56.0, 88.0
64.0, 756.0, 56.0, 88.0
66.0, 756.0, 56.0, 88.0
66.0, 756.0, 56.0, 88.0
66.0, 758.0, 56.0, 88.0
68.0, 758.0, 56.0, 88.0
72.0, 758.0, 56.0, 88.0
72.0, 758.0, 56.0, 88.0
0.0, 0.0, 0.0, 0.0
0.0, 0.0, 0.0, 0.0
0.0, 0.0, 0.0, 0.0
72.0, 758.0, 56.0, 88.0
76.0, 756.0, 56.0, 88.0
74.0, 758.0, 56.0, 88.0
38.0, 648.0, 56.0, 88.0
36.0, 650.0, 56.0, 88.0
34.0, 652.0, 56.0, 88.0
34.0, 654.0, 56.0, 88.0
32.0, 656.0, 56.0, 88.0
30.0, 658.0, 56.0, 88.0
28.0, 662.0, 56.0, 88.0
26.0, 664.0, 56.0, 88.0
24.0, 668.0, 56.0, 88.0
34.0, 654.0, 56.0, 88.0
32.0, 656.0, 56.0, 88.0
30.0, 660.0, 56.0, 88.0
28.0, 662.0, 56.0, 88.0
26.0, 664.0, 56.0, 88.0
24.0, 668.0, 56.0, 88.0
22.0, 672.0, 56.0, 88.0
30.0, 666.0, 56.0, 88.0
32.0, 664.0, 56.0, 88.0
38.0, 654.0, 56.0, 88.0
38.0, 656.0, 56.0, 88.0
36.0, 658.0, 56.0, 88.0
34.0, 662.0, 56.0, 88.0
34.0, 664.0, 56.0, 88.0
32.0, 666.0, 56.0, 88.0
30.0, 668.0, 56.0, 88.0
28.0, 672.0, 56.0, 88.0
26.0, 676.0, 56.0, 88.0
22.0, 680.0, 56.0, 88.0
20.0, 684.0, 56.0, 88.0
18.0, 686.0, 56.0, 88.0
16.0, 690.0, 56.0, 88.0
10.0, 694.0, 56.0, 88.0
8.0, 698.0, 56.0, 88.0
6.0, 702.0, 56.0, 88.0
4.0, 706.0, 56.0, 88.0
0.0, 708.0, 56.0, 88.0
-2.0, 712.0, 56.0, 88.0
-8.0, 714.0, 56.0, 88.0
-14.0, 714.0, 56.0, 88.0
-14.0, 718.0, 56.0, 88.0
-20.0, 720.0, 56.0, 88.0
-40.0, 702.0, 56.0, 88.0
-44.0, 706.0, 56.0, 88.0
-46.0, 710.0, 56.0, 88.0
-66.0, 678.0, 56.0, 88.0
-68.0, 680.0, 56.0, 88.0
-80.0, 686.0, 56.0, 88.0
-88.0, 690.0, 56.0, 88.0
-88.0, 708.0, 56.0, 88.0
-90.0, 708.0, 56.0, 88.0
-92.0, 706.0, 56.0, 88.0
-96.0, 706.0, 56.0, 88.0
-96.0, 698.0, 56.0, 88.0
-96.0, 700.0, 56.0, 88.0
-96.0, 706.0, 56.0, 88.0
-94.0, 704.0, 56.0, 88.0
-96.0, 710.0, 56.0, 88.0
-98.0, 712.0, 56.0, 88.0
-98.0, 738.0, 56.0, 88.0
-98.0, 718.0, 56.0, 88.0
-98.0, 724.0, 56.0, 88.0
-98.0, 728.0, 56.0, 88.0
-98.0, 706.0, 56.0, 88.0
-98.0, 708.0, 56.0, 88.0
-98.0, 704.0, 56.0, 88.0
-100.0, 722.0, 56.0, 88.0
-100.0, 704.0, 56.0, 88.0
-100.0, 708.0, 56.0, 88.0
-100.0, 712.0, 56.0, 88.0
-100.0, 738.0, 56.0, 88.0
0.0, 0.0, 0.0, 0.0
-100.0, 736.0, 56.0, 88.0
0.0, 0.0, 0.0, 0.0
-100.0, 712.0, 56.0, 88.0
-100.0, 738.0, 56.0, 88.0
-100.0, 740.0, 56.0, 88.0
0.0, 0.0, 0.0, 0.0
-100.0, 644.0, 56.0, 88.0
-100.0, 724.0, 56.0, 88.0
-100.0, 662.0, 56.0, 88.0
-100.0, 722.0, 56.0, 88.0
-100.0, 730.0, 56.0, 88.0
-100.0, 736.0, 56.0, 88.0
-170.0, 744.0, 56.0, 88.0
-170.0, 648.0, 56.0, 88.0
-170.0, 714.0, 56.0, 88.0
-170.0, 628.0, 56.0, 88.0
-170.0, 604.0, 56.0, 88.0
-170.0, 496.0, 56.0, 88.0
-170.0, 462.0, 56.0, 88.0
-170.0, 360.0, 56.0, 88.0
-170.0, 276.0, 56.0, 88.0
-170.0, 310.0, 56.0, 88.0
-170.0, 316.0, 56.0, 88.0
-170.0, 322.0, 56.0, 88.0
-170.0, 316.0, 56.0, 88.0
-170.0, 318.0, 56.0, 88.0
-170.0, 322.0, 56.0, 88.0
-170.0, 316.0, 56.0, 88.0
-170.0, 316.0, 56.0, 88.0
-170.0, 320.0, 56.0, 88.0
-170.0, 322.0, 56.0, 88.0
-170.0, 324.0, 56.0, 88.0
-170.0, 324.0, 56.0, 88.0
-170.0, 332.0, 56.0, 88.0
-170.0, 330.0, 56.0, 88.0
-170.0, 330.0, 56.0, 88.0
-170.0, 334.0, 56.0, 88.0
-170.0, 340.0, 56.0, 88.0
-170.0, 342.0, 56.0, 88.0
-170.0, 346.0, 56.0, 88.0
-170.0, 346.0, 56.0, 88.0
-170.0, 346.0, 56.0, 88.0
-170.0, 352.0, 56.0, 88.0
-170.0, 358.0, 56.0, 88.0
-170.0, 368.0, 56.0, 88.0
-170.0, 358.0, 56.0, 88.0
-170.0, 360.0, 56.0, 88.0
-170.0, 362.0, 56.0, 88.0
-170.0, 364.0, 56.0, 88.0
-170.0, 368.0, 56.0, 88.0
-170.0, 370.0, 56.0, 88.0
-170.0, 372.0, 56.0, 88.0
-170.0, 372.0, 56.0, 88.0
-170.0, 376.0, 56.0, 88.0
-170.0, 380.0, 56.0, 88.0
-170.0, 384.0, 56.0, 88.0
