879.0,563.0,32.0,89.0
880.0,563.0,32.0,89.0
880.0,563.0,32.0,89.0
881.0,563.0,32.0,89.0
881.0,563.0,33.0,90.0
882.0,563.0,33.0,92.0
882.0,564.0,33.0,90.0
882.0,564.0,33.0,92.0
882.0,564.0,34.0,93.0
883.0,565.0,33.0,92.0
883.0,566.0,33.0,90.0
883.0,567.0,32.0,89.0
883.0,568.0,31.0,85.0
884.0,569.0,30.0,84.0
884.0,571.0,29.0,81.0
884.0,573.0,29.0,78.0
883.0,573.0,29.0,81.0
883.0,574.0,29.0,80.0
883.0,575.0,29.0,78.0
883.0,578.0,28.0,76.0
880.0,576.0,29.0,81.0
878.0,575.0,29.0,81.0
878.0,576.0,29.0,78.0
877.0,577.0,29.0,78.0
876.0,577.0,28.0,76.0
875.0,580.0,27.0,74.0
874.0,581.0,26.0,71.0
873.0,582.0,26.0,71.0
872.0,582.0,26.0,71.0
871.0,582.0,26.0,71.0
870.0,583.0,26.0,72.0
869.0,584.0,26.0,73.0
868.0,584.0,26.0,73.0
868.0,585.0,26.0,73.0
868.0,586.0,26.0,72.0
868.0,587.0,26.0,71.0
869.0,587.0,25.0,68.0
869.0,588.0,25.0,68.0
869.0,586.0,26.0,71.0
869.0,588.0,26.0,71.0
869.0,589.0,26.0,71.0
869.0,590.0,26.0,71.0
869.0,592.0,26.0,70.0
869.0,593.0,26.0,70.0
869.0,594.0,26.0,70.0
870.0,594.0,26.0,70.0
870.0,594.0,26.0,70.0
871.0,595.0,26.0,70.0
871.0,596.0,26.0,70.0
872.0,597.0,26.0,70.0
873.0,597.0,26.0,71.0
874.0,598.0,26.0,71.0
876.0,599.0,26.0,71.0
878.0,599.0,26.0,71.0
878.0,600.0,27.0,73.0
881.0,602.0,27.0,74.0
882.0,603.0,28.0,74.0
883.0,603.0,28.0,74.0
885.0,604.0,28.0,74.0
885.0,604.0,28.0,74.0
887.0,606.0,27.0,74.0
888.0,606.0,27.0,73.0
888.0,606.0,26.0,73.0
889.0,607.0,26.0,71.0
889.0,607.0,26.0,70.0
889.0,608.0,26.0,70.0
889.0,610.0,26.0,70.0
889.0,611.0,26.0,70.0
890.0,612.0,25.0,68.0
890.0,613.0,25.0,67.0
891.0,615.0,24.0,67.0
892.0,615.0,24.0,67.0
893.0,616.0,24.0,67.0
894.0,616.0,25.0,67.0
896.0,617.0,25.0,67.0
897.0,618.0,24.0,67.0
897.0,619.0,24.0,67.0
897.0,620.0,24.0,67.0
897.0,621.0,24.0,66.0
896.0,621.0,24.0,66.0
895.0,622.0,24.0,67.0
897.0,625.0,24.0,67.0
897.0,626.0,24.0,67.0
896.0,629.0,25.0,66.0
896.0,631.0,25.0,67.0
896.0,633.0,26.0,66.0
896.0,635.0,26.0,66.0
896.0,637.0,26.0,66.0
896.0,640.0,26.0,66.0
896.0,642.0,26.0,66.0
895.0,644.0,26.0,66.0
894.0,646.0,26.0,66.0
894.0,648.0,26.0,66.0
894.0,651.0,26.0,66.0
893.0,653.0,26.0,66.0
893.0,654.0,26.0,66.0
892.0,656.0,26.0,66.0
892.0,658.0,26.0,66.0
891.0,660.0,26.0,66.0
224.0,165.0,9.0,18.0
894.0,657.0,43.0,86.0
894.0,658.0,44.0,87.0
894.0,659.0,44.0,87.0
894.0,659.0,45.0,90.0
894.0,659.0,45.0,90.0
892.0,659.0,47.0,93.0
893.0,660.0,46.0,91.0
891.0,659.0,47.0,94.0
891.0,658.0,49.0,97.0
891.0,657.0,50.0,101.0
891.0,657.0,50.0,101.0
891.0,658.0,50.0,101.0
890.0,656.0,52.0,104.0
890.0,657.0,51.0,103.0
889.0,657.0,51.0,103.0
889.0,658.0,50.0,102.0
888.0,658.0,50.0,102.0
888.0,657.0,50.0,102.0
889.0,656.0,49.0,100.0
887.0,658.0,49.0,100.0
886.0,657.0,51.0,103.0
