758.0, 240.0, 28.0, 32.0
758.0, 240.0, 28.0, 32.0
758.0, 242.0, 28.0, 32.0
756.0, 242.0, 28.0, 32.0
756.0, 242.0, 28.0, 32.0
756.0, 242.0, 28.0, 32.0
756.0, 242.0, 28.0, 32.0
756.0, 242.0, 28.0, 32.0
756.0, 244.0, 28.0, 32.0
756.0, 244.0, 28.0, 32.0
754.0, 244.0, 28.0, 32.0
754.0, 244.0, 28.0, 32.0
754.0, 244.0, 28.0, 32.0
754.0, 246.0, 28.0, 32.0
754.0, 246.0, 28.0, 32.0
754.0, 246.0, 28.0, 32.0
0.0, 0.0, 0.0, 0.0
0.0, 0.0, 0.0, 0.0
0.0, 0.0, 0.0, 0.0
0.0, 0.0, 0.0, 0.0
0.0, 0.0, 0.0, 0.0
752.0, 246.0, 28.0, 32.0
752.0, 246.0, 28.0, 32.0
752.0, 246.0, 28.0, 32.0
752.0, 246.0, 28.0, 32.0
750.0, 248.0, 28.0, 32.0
750.0, 248.0, 28.0, 32.0
750.0, 248.0, 28.0, 32.0
750.0, 248.0, 28.0, 32.0
750.0, 248.0, 28.0, 32.0
750.0, 248.0, 28.0, 32.0
750.0, 248.0, 28.0, 32.0
750.0, 248.0, 28.0, 32.0
748.0, 250.0, 28.0, 32.0
748.0, 250.0, 28.0, 32.0
748.0, 250.0, 28.0, 32.0
748.0, 250.0, 28.0, 32.0
748.0, 250.0, 28.0, 32.0
0.0, 0.0, 0.0, 0.0
0.0, 0.0, 0.0, 0.0
0.0, 0.0, 0.0, 0.0
0.0, 0.0, 0.0, 0.0
0.0, 0.0, 0.0, 0.0
746.0, 250.0, 28.0, 32.0
746.0, 250.0, 28.0, 32.0
746.0, 252.0, 28.0, 32.0
746.0, 252.0, 28.0, 32.0
744.0, 252.0, 28.0, 32.0
744.0, 252.0, 28.0, 32.0
744.0, 252.0, 28.0, 32.0
744.0, 252.0, 28.0, 32.0
744.0, 252.0, 28.0, 32.0
744.0, 254.0, 28.0, 32.0
744.0, 254.0, 28.0, 32.0
744.0, 254.0, 28.0, 32.0
744.0, 254.0, 28.0, 32.0
744.0, 254.0, 28.0, 32.0
744.0, 254.0, 28.0, 32.0
744.0, 256.0, 28.0, 32.0
744.0, 256.0, 28.0, 32.0
744.0, 256.0, 28.0, 32.0
744.0, 256.0, 28.0, 32.0
742.0, 256.0, 28.0, 32.0
0.0, 0.0, 0.0, 0.0
0.0, 0.0, 0.0, 0.0
0.0, 0.0, 0.0, 0.0
0.0, 0.0, 0.0, 0.0
0.0, 0.0, 0.0, 0.0
742.0, 256.0, 28.0, 32.0
742.0, 256.0, 28.0, 32.0
742.0, 258.0, 28.0, 32.0
742.0, 258.0, 28.0, 32.0
742.0, 258.0, 28.0, 32.0
742.0, 258.0, 28.0, 32.0
740.0, 258.0, 28.0, 32.0
740.0, 258.0, 28.0, 32.0
740.0, 258.0, 28.0, 32.0
740.0, 260.0, 28.0, 32.0
740.0, 260.0, 28.0, 32.0
740.0, 260.0, 28.0, 32.0
740.0, 260.0, 28.0, 32.0
740.0, 260.0, 28.0, 32.0
740.0, 260.0, 28.0, 32.0
740.0, 260.0, 28.0, 32.0
740.0, 262.0, 28.0, 32.0
740.0, 262.0, 28.0, 32.0
740.0, 262.0, 28.0, 32.0
740.0, 262.0, 28.0, 32.0
740.0, 262.0, 28.0, 32.0
738.0, 262.0, 28.0, 32.0
0.0, 0.0, 0.0, 0.0
0.0, 0.0, 0.0, 0.0
0.0, 0.0, 0.0, 0.0
0.0, 0.0, 0.0, 0.0
0.0, 0.0, 0.0, 0.0
738.0, 262.0, 28.0, 32.0
738.0, 262.0, 28.0, 32.0
738.0, 262.0, 28.0, 32.0
738.0, 264.0, 28.0, 32.0
738.0, 264.0, 28.0, 32.0
738.0, 264.0, 28.0, 32.0
738.0, 264.0, 28.0, 32.0
738.0, 264.0, 28.0, 32.0
738.0, 264.0, 28.0, 32.0
736.0, 264.0, 28.0, 32.0
736.0, 266.0, 28.0, 32.0
736.0, 266.0, 28.0, 32.0
736.0, 266.0, 28.0, 32.0
736.0, 266.0, 28.0, 32.0
736.0, 266.0, 28.0, 32.0
736.0, 266.0, 28.0, 32.0
736.0, 266.0, 28.0, 32.0
736.0, 268.0, 28.0, 32.0
736.0, 268.0, 28.0, 32.0
736.0, 268.0, 28.0, 32.0
736.0, 268.0, 28.0, 32.0
736.0, 268.0, 28.0, 32.0
736.0, 268.0, 28.0, 32.0
736.0, 270.0, 28.0, 32.0
736.0, 270.0, 28.0, 32.0
736.0, 270.0, 28.0, 32.0
736.0, 270.0, 28.0, 32.0
736.0, 270.0, 28.0, 32.0
736.0, 270.0, 28.0, 32.0
0.0, 0.0, 0.0, 0.0
736.0, 272.0, 28.0, 32.0
736.0, 272.0, 28.0, 32.0
0.0, 0.0, 0.0, 0.0
0.0, 0.0, 0.0, 0.0
0.0, 0.0, 0.0, 0.0
0.0, 0.0, 0.0, 0.0
736.0, 272.0, 28.0, 32.0
736.0, 272.0, 28.0, 32.0
736.0, 272.0, 28.0, 32.0
736.0, 274.0, 28.0, 32.0
736.0, 274.0, 28.0, 32.0
736.0, 274.0, 28.0, 32.0
738.0, 274.0, 28.0, 32.0
738.0, 274.0, 28.0, 32.0
738.0, 274.0, 28.0, 32.0
738.0, 276.0, 28.0, 32.0
738.0, 276.0, 28.0, 32.0
738.0, 276.0, 28.0, 32.0
738.0, 276.0, 28.0, 32.0
738.0, 276.0, 28.0, 32.0
740.0, 276.0, 28.0, 32.0
740.0, 276.0, 28.0, 32.0
740.0, 276.0, 28.0, 32.0
740.0, 278.0, 28.0, 32.0
740.0, 278.0, 28.0, 32.0
742.0, 278.0, 28.0, 32.0
742.0, 278.0, 28.0, 32.0
742.0, 278.0, 28.0, 32.0
744.0, 278.0, 28.0, 32.0
744.0, 280.0, 28.0, 32.0
744.0, 280.0, 28.0, 32.0
744.0, 280.0, 28.0, 32.0
746.0, 280.0, 28.0, 32.0
746.0, 280.0, 28.0, 32.0
748.0, 280.0, 28.0, 32.0
748.0, 282.0, 28.0, 32.0
748.0, 282.0, 28.0, 32.0
750.0, 282.0, 28.0, 32.0
752.0, 282.0, 28.0, 32.0
752.0, 282.0, 28.0, 32.0
754.0, 282.0, 28.0, 32.0
754.0, 282.0, 28.0, 32.0
0.0, 0.0, 0.0, 0.0
0.0, 0.0, 0.0, 0.0
758.0, 284.0, 28.0, 32.0
760.0, 284.0, 28.0, 32.0
760.0, 284.0, 28.0, 32.0
762.0, 284.0, 28.0, 32.0
0.0, 0.0, 0.0, 0.0
0.0, 0.0, 0.0, 0.0
768.0, 286.0, 28.0, 32.0
768.0, 286.0, 28.0, 32.0
770.0, 286.0, 28.0, 32.0
0.0, 0.0, 0.0, 0.0
774.0, 286.0, 28.0, 32.0
776.0, 286.0, 28.0, 32.0
776.0, 286.0, 28.0, 32.0
778.0, 288.0, 28.0, 32.0
782.0, 288.0, 28.0, 32.0
784.0, 288.0, 28.0, 32.0
786.0, 288.0, 28.0, 32.0
786.0, 288.0, 28.0, 32.0
788.0, 290.0, 28.0, 32.0
792.0, 290.0, 28.0, 32.0
794.0, 290.0, 28.0, 32.0
796.0, 290.0, 28.0, 32.0
798.0, 290.0, 28.0, 32.0
800.0, 292.0, 28.0, 32.0
802.0, 292.0, 28.0, 32.0
806.0, 292.0, 28.0, 32.0
808.0, 292.0, 28.0, 32.0
808.0, 292.0, 28.0, 32.0
810.0, 294.0, 28.0, 32.0
814.0, 294.0, 28.0, 32.0
816.0, 294.0, 28.0, 32.0
818.0, 296.0, 28.0, 32.0
820.0, 296.0, 28.0, 32.0
822.0, 296.0, 28.0, 32.0
824.0, 296.0, 28.0, 32.0
826.0, 296.0, 28.0, 32.0
830.0, 298.0, 28.0, 32.0
830.0, 298.0, 28.0, 32.0
832.0, 298.0, 28.0, 32.0
836.0, 298.0, 28.0, 32.0
838.0, 298.0, 28.0, 32.0
840.0, 300.0, 28.0, 32.0
840.0, 300.0, 28.0, 32.0
844.0, 300.0, 28.0, 32.0
846.0, 300.0, 28.0, 32.0
850.0, 302.0, 28.0, 32.0
852.0, 302.0, 28.0, 32.0
852.0, 302.0, 28.0, 32.0
856.0, 302.0, 28.0, 32.0
858.0, 304.0, 28.0, 32.0
862.0, 304.0, 28.0, 32.0
866.0, 304.0, 28.0, 32.0
866.0, 304.0, 28.0, 32.0
868.0, 306.0, 28.0, 32.0
872.0, 306.0, 28.0, 32.0
874.0, 306.0, 28.0, 32.0
0.0, 0.0, 0.0, 0.0
878.0, 308.0, 28.0, 32.0
882.0, 308.0, 28.0, 32.0
0.0, 0.0, 0.0, 0.0
0.0, 0.0, 0.0, 0.0
890.0, 310.0, 28.0, 32.0
890.0, 310.0, 28.0, 32.0
0.0, 0.0, 0.0, 0.0
0.0, 0.0, 0.0, 0.0
896.0, 310.0, 28.0, 32.0
898.0, 312.0, 28.0, 32.0
898.0, 312.0, 28.0, 32.0
902.0, 312.0, 28.0, 32.0
904.0, 312.0, 28.0, 32.0
908.0, 314.0, 28.0, 32.0
912.0, 314.0, 28.0, 32.0
912.0, 314.0, 28.0, 32.0
914.0, 314.0, 28.0, 32.0
918.0, 316.0, 28.0, 32.0
922.0, 316.0, 28.0, 32.0
924.0, 316.0, 28.0, 32.0
926.0, 316.0, 28.0, 32.0
928.0, 318.0, 28.0, 32.0
932.0, 318.0, 28.0, 32.0
934.0, 318.0, 28.0, 32.0
936.0, 318.0, 28.0, 32.0
938.0, 320.0, 28.0, 32.0
942.0, 320.0, 28.0, 32.0
946.0, 320.0, 28.0, 32.0
950.0, 322.0, 28.0, 32.0
950.0, 322.0, 28.0, 32.0
954.0, 322.0, 28.0, 32.0
956.0, 322.0, 28.0, 32.0
960.0, 324.0, 28.0, 32.0
964.0, 324.0, 28.0, 32.0
964.0, 324.0, 28.0, 32.0
968.0, 326.0, 28.0, 32.0
972.0, 326.0, 28.0, 32.0
976.0, 326.0, 28.0, 32.0
980.0, 328.0, 28.0, 32.0
980.0, 328.0, 28.0, 32.0
984.0, 328.0, 28.0, 32.0
988.0, 330.0, 28.0, 32.0
992.0, 330.0, 28.0, 32.0
996.0, 330.0, 28.0, 32.0
996.0, 330.0, 28.0, 32.0
1000.0, 332.0, 28.0, 32.0
1004.0, 332.0, 28.0, 32.0
1008.0, 334.0, 28.0, 32.0
1012.0, 334.0, 28.0, 32.0
1012.0, 334.0, 28.0, 32.0
1016.0, 336.0, 28.0, 32.0
1020.0, 336.0, 28.0, 32.0
0.0, 0.0, 0.0, 0.0
1028.0, 338.0, 28.0, 32.0
1028.0, 338.0, 28.0, 32.0
0.0, 0.0, 0.0, 0.0
1036.0, 340.0, 28.0, 32.0
0.0, 0.0, 0.0, 0.0
0.0, 0.0, 0.0, 0.0
1044.0, 342.0, 28.0, 32.0
0.0, 0.0, 0.0, 0.0
1048.0, 344.0, 28.0, 32.0
1052.0, 344.0, 28.0, 32.0
1056.0, 346.0, 28.0, 32.0
1056.0, 346.0, 28.0, 32.0
1060.0, 346.0, 28.0, 32.0
1064.0, 348.0, 28.0, 32.0
1068.0, 348.0, 28.0, 32.0
1072.0, 350.0, 28.0, 32.0
1074.0, 350.0, 28.0, 32.0
1076.0, 350.0, 28.0, 32.0
1080.0, 352.0, 28.0, 32.0
1084.0, 352.0, 28.0, 32.0
1088.0, 354.0, 28.0, 32.0
1090.0, 354.0, 28.0, 32.0
1094.0, 354.0, 28.0, 32.0
1098.0, 356.0, 28.0, 32.0
1102.0, 358.0, 28.0, 32.0
1106.0, 358.0, 28.0, 32.0
1106.0, 358.0, 28.0, 32.0
1110.0, 360.0, 28.0, 32.0
1114.0, 360.0, 28.0, 32.0
1118.0, 362.0, 28.0, 32.0
1122.0, 364.0, 28.0, 32.0
1122.0, 364.0, 28.0, 32.0
0.0, 0.0, 0.0, 0.0
0.0, 0.0, 0.0, 0.0
0.0, 0.0, 0.0, 0.0
0.0, 0.0, 0.0, 0.0
1140.0, 368.0, 28.0, 32.0
0.0, 0.0, 0.0, 0.0
1140.0, 368.0, 28.0, 32.0
1144.0, 368.0, 28.0, 32.0
1148.0, 370.0, 28.0, 32.0
1148.0, 370.0, 28.0, 32.0
1152.0, 372.0, 28.0, 32.0
1156.0, 372.0, 28.0, 32.0
1160.0, 374.0, 28.0, 32.0
1164.0, 376.0, 28.0, 32.0
1166.0, 376.0, 28.0, 32.0
1170.0, 376.0, 28.0, 32.0
1174.0, 378.0, 28.0, 32.0
1178.0, 380.0, 28.0, 32.0
1182.0, 380.0, 28.0, 32.0
1182.0, 380.0, 28.0, 32.0
1186.0, 382.0, 28.0, 32.0
1190.0, 384.0, 28.0, 32.0
1194.0, 384.0, 28.0, 32.0
1198.0, 386.0, 28.0, 32.0
1200.0, 386.0, 28.0, 32.0
1204.0, 388.0, 28.0, 32.0
1206.0, 388.0, 28.0, 32.0
1210.0, 390.0, 28.0, 32.0
1216.0, 392.0, 28.0, 32.0
1216.0, 392.0, 28.0, 32.0
1220.0, 394.0, 28.0, 32.0
1224.0, 394.0, 28.0, 32.0
1228.0, 396.0, 28.0, 32.0
1232.0, 398.0, 28.0, 32.0
1234.0, 398.0, 28.0, 32.0
1236.0, 400.0, 28.0, 32.0
0.0, 0.0, 0.0, 0.0
0.0, 0.0, 0.0, 0.0
0.0, 0.0, 0.0, 0.0
0.0, 0.0, 0.0, 0.0
0.0, 0.0, 0.0, 0.0
1244.0, 402.0, 28.0, 32.0
1248.0, 404.0, 28.0, 32.0
1252.0, 404.0, 28.0, 32.0
1252.0, 404.0, 28.0, 32.0
1256.0, 406.0, 28.0, 32.0
1260.0, 408.0, 28.0, 32.0
1264.0, 410.0, 28.0, 32.0
1268.0, 410.0, 28.0, 32.0
1268.0, 410.0, 28.0, 32.0
1272.0, 412.0, 28.0, 32.0
1276.0, 414.0, 28.0, 32.0
0.0, 0.0, 0.0, 0.0
0.0, 0.0, 0.0, 0.0
0.0, 0.0, 0.0, 0.0
0.0, 0.0, 0.0, 0.0
0.0, 0.0, 0.0, 0.0
1280.0, 416.0, 28.0, 32.0
1278.0, 416.0, 28.0, 32.0
1278.0, 416.0, 28.0, 32.0
1278.0, 418.0, 28.0, 32.0
1278.0, 420.0, 28.0, 32.0
1280.0, 422.0, 28.0, 32.0
1278.0, 422.0, 28.0, 32.0
1276.0, 422.0, 28.0, 32.0
1276.0, 424.0, 28.0, 32.0
1278.0, 426.0, 28.0, 32.0
1278.0, 426.0, 28.0, 32.0
1278.0, 428.0, 28.0, 32.0
1278.0, 428.0, 28.0, 32.0
1280.0, 430.0, 28.0, 32.0
0.0, 0.0, 0.0, 0.0
0.0, 0.0, 0.0, 0.0
0.0, 0.0, 0.0, 0.0
1280.0, 434.0, 28.0, 32.0
0.0, 0.0, 0.0, 0.0
0.0, 0.0, 0.0, 0.0
1280.0, 434.0, 28.0, 32.0
1284.0, 434.0, 28.0, 32.0
1286.0, 434.0, 28.0, 32.0
0.0, 0.0, 0.0, 0.0
0.0, 0.0, 0.0, 0.0
1282.0, 438.0, 28.0, 32.0
1280.0, 442.0, 28.0, 32.0
1280.0, 442.0, 28.0, 32.0
1284.0, 444.0, 28.0, 32.0
1276.0, 444.0, 28.0, 32.0
1278.0, 444.0, 28.0, 32.0
1280.0, 446.0, 28.0, 32.0
1280.0, 446.0, 28.0, 32.0
1272.0, 448.0, 28.0, 32.0
1274.0, 450.0, 28.0, 32.0
1278.0, 452.0, 28.0, 32.0
1280.0, 452.0, 28.0, 32.0
1280.0, 452.0, 28.0, 32.0
1282.0, 454.0, 28.0, 32.0
0.0, 0.0, 0.0, 0.0
1274.0, 452.0, 28.0, 32.0
1276.0, 454.0, 28.0, 32.0
1276.0, 454.0, 28.0, 32.0
1278.0, 454.0, 28.0, 32.0
1278.0, 454.0, 28.0, 32.0
1278.0, 454.0, 28.0, 32.0
1278.0, 454.0, 28.0, 32.0
1278.0, 454.0, 28.0, 32.0
1278.0, 454.0, 28.0, 32.0
1278.0, 456.0, 28.0, 32.0
1278.0, 456.0, 28.0, 32.0
1280.0, 458.0, 28.0, 32.0
1280.0, 458.0, 28.0, 32.0
1280.0, 458.0, 28.0, 32.0
1280.0, 460.0, 28.0, 32.0
1280.0, 460.0, 28.0, 32.0
1280.0, 462.0, 28.0, 32.0
