697, 107, 22, 54
697, 111, 21, 52
697, 113, 22, 55
697, 117, 22, 54
697, 123, 22, 54
697, 133, 22, 53
697, 146, 22, 54
697, 162, 22, 54
696, 184, 22, 54
696, 204, 22, 54
696, 211, 22, 54
696, 214, 22, 53
696, 213, 22, 54
697, 214, 22, 53
697, 213, 22, 54
697, 213, 22, 54
698, 214, 22, 54
698, 214, 22, 54
699, 214, 22, 54
699, 214, 22, 54
699, 214, 22, 54
699, 214, 22, 54
699, 214, 22, 55
699, 214, 22, 54
699, 214, 22, 55
700, 214, 22, 55
700, 214, 22, 54
700, 214, 22, 54
701, 214, 22, 55
701, 215, 22, 54
701, 215, 22, 54
701, 215, 22, 55
701, 214, 23, 56
702, 214, 23, 57
702, 214, 23, 57
701, 213, 24, 60
701, 213, 24, 60
701, 213, 24, 60
701, 214, 24, 58
702, 215, 23, 57
702, 215, 24, 58
704, 216, 23, 57
704, 217, 23, 56
704, 217, 23, 57
705, 218, 23, 56
704, 217, 24, 58
705, 217, 24, 58
706, 218, 24, 58
705, 217, 25, 61
705, 216, 25, 62
705, 217, 25, 61
706, 217, 24, 60
706, 218, 24, 60
707, 218, 24, 58
707, 218, 24, 60
707, 219, 24, 60
707, 220, 24, 58
707, 221, 24, 58
707, 221, 24, 60
706, 221, 24, 60
706, 221, 24, 60
706, 222, 24, 58
706, 222, 24, 60
706, 222, 24, 60
706, 222, 24, 60
706, 222, 25, 61
706, 222, 25, 61
706, 222, 25, 62
706, 223, 25, 61
707, 224, 24, 60
706, 224, 25, 61
707, 225, 24, 60
707, 226, 24, 58
708, 228, 23, 56
708, 229, 22, 55
708, 229, 22, 54
709, 229, 22, 54
708, 228, 23, 56
709, 229, 23, 56
709, 230, 22, 55
708, 228, 23, 57
709, 228, 24, 58
709, 228, 24, 60
708, 228, 24, 60
708, 229, 24, 58
708, 231, 24, 60
708, 230, 25, 61
707, 230, 25, 61
708, 231, 24, 60
707, 231, 25, 61
706, 231, 25, 62
705, 231, 25, 62
705, 231, 26, 63
704, 232, 25, 62
704, 231, 26, 63
703, 232, 26, 63
703, 232, 25, 62
702, 233, 25, 61
703, 236, 25, 61
0.0, 0.0, 0.0, 0.0
700, 232, 24, 66
702, 235, 22, 62
702, 236, 22, 61
701, 236, 21, 59
700, 237, 21, 59
699, 236, 22, 62
699, 236, 22, 62
699, 237, 22, 61
697, 236, 22, 61
701, 238, 21, 58
700, 238, 22, 61
700, 238, 22, 61
700, 240, 21, 58
700, 240, 21, 59
701, 240, 21, 59
700, 241, 21, 59
700, 241, 22, 61
698, 241, 22, 61
697, 238, 24, 66
695, 241, 24, 66
697, 241, 23, 63
696, 242, 22, 62
696, 242, 23, 63
696, 242, 23, 63
695, 242, 23, 64
695, 243, 23, 63
696, 243, 22, 62
696, 244, 23, 63
695, 245, 23, 63
695, 246, 22, 62
695, 248, 22, 61
694, 246, 23, 63
695, 246, 23, 63
694, 245, 24, 66
694, 246, 24, 66
694, 246, 24, 67
693, 246, 24, 67
694, 248, 23, 64
693, 247, 24, 66
694, 248, 24, 67
694, 248, 24, 66
694, 250, 24, 66
693, 251, 24, 66
692, 251, 24, 67
691, 252, 24, 67
690, 252, 24, 66
690, 254, 24, 66
690, 257, 23, 63
688, 255, 24, 66
688, 258, 23, 64
687, 256, 24, 67
687, 257, 25, 70
686, 257, 26, 73
683, 258, 26, 73
684, 260, 25, 70
683, 261, 26, 73
682, 262, 26, 73
681, 264, 26, 73
681, 264, 26, 74
681, 266, 26, 74
679, 266, 28, 77
679, 267, 27, 75
678, 268, 28, 77
678, 269, 28, 77
677, 270, 28, 79
676, 273, 26, 74
676, 275, 26, 74
676, 275, 27, 75
676, 277, 26, 74
675, 280, 26, 73
671, 281, 26, 74
672, 283, 26, 74
671, 284, 26, 74
671, 286, 26, 74
670, 288, 26, 74
669, 289, 27, 75
669, 290, 28, 77
669, 292, 27, 75
666, 294, 28, 79
666, 295, 28, 79
666, 297, 28, 79
666, 300, 27, 75
665, 302, 29, 80
664, 304, 28, 79
663, 307, 28, 77
664, 313, 27, 75
662, 312, 28, 79
662, 314, 28, 79
661, 319, 27, 75
660, 319, 28, 79
658, 324, 28, 77
656, 323, 29, 82
655, 324, 30, 85
654, 326, 30, 85
652, 329, 30, 85
651, 331, 31, 87
650, 333, 32, 88
650, 335, 32, 88
646, 339, 32, 88
0.0, 0.0, 0.0, 0.0
642, 328, 37, 123
641, 330, 38, 125
640, 332, 37, 123
639, 334, 37, 123
637, 336, 37, 123
635, 336, 39, 131
635, 340, 37, 123
634, 342, 38, 125
633, 344, 38, 125
631, 345, 38, 128
630, 348, 38, 128
630, 350, 38, 128
630, 353, 38, 125
628, 355, 39, 131
628, 357, 38, 125
628, 360, 38, 125
628, 362, 38, 125
627, 364, 37, 123
626, 365, 38, 125
625, 365, 38, 128
624, 366, 38, 128
623, 368, 38, 128
623, 371, 38, 125
621, 371, 39, 131
621, 373, 38, 128
621, 376, 38, 125
619, 377, 39, 131
619, 379, 38, 125
617, 380, 38, 128
617, 382, 37, 123
612, 383, 38, 128
612, 383, 38, 128
612, 384, 38, 128
611, 383, 39, 131
611, 385, 38, 128
609, 385, 39, 131
609, 386, 38, 128
607, 388, 38, 128
607, 388, 38, 128
605, 390, 38, 125
604, 390, 38, 128
604, 392, 38, 125
603, 391, 39, 131
602, 392, 38, 128
602, 393, 38, 128
601, 392, 39, 131
599, 393, 38, 128
598, 392, 39, 131
598, 392, 39, 131
597, 393, 38, 128
595, 392, 39, 131
595, 393, 39, 131
594, 394, 38, 128
593, 393, 39, 131
592, 395, 38, 128
591, 394, 39, 131
590, 395, 38, 128
589, 394, 39, 131
589, 395, 38, 128
588, 393, 39, 131
589, 393, 39, 131
589, 391, 40, 133
590, 390, 40, 133
591, 389, 41, 136
593, 388, 41, 136
595, 389, 40, 133
596, 389, 40, 133
596, 389, 40, 133
596, 390, 39, 131
595, 390, 39, 131
594, 389, 39, 131
593, 389, 39, 131
592, 387, 40, 133
591, 385, 41, 136
592, 385, 41, 136
592, 383, 42, 139
596, 383, 41, 136
598, 382, 41, 136
603, 381, 41, 136
609, 381, 41, 136
614, 380, 41, 136
618, 378, 42, 139
624, 378, 41, 136
631, 380, 39, 131
637, 380, 39, 131
644, 378, 40, 133
650, 377, 40, 133
656, 376, 40, 133
662, 374, 41, 136
665, 373, 41, 136
668, 371, 42, 139
670, 370, 42, 139
674, 369, 42, 139
675, 369, 42, 139
677, 368, 42, 139
679, 368, 42, 139
680, 366, 43, 141
681, 365, 43, 141
682, 364, 43, 141
0.0, 0.0, 0.0, 0.0
681, 361, 42, 136
686, 359, 43, 139
690, 358, 43, 139
694, 357, 43, 139
697, 355, 43, 139
699, 354, 43, 139
701, 354, 43, 139
702, 353, 43, 139
703, 350, 44, 141
702, 349, 44, 141
702, 348, 44, 141
704, 349, 43, 139
703, 347, 44, 141
702, 346, 44, 141
702, 344, 45, 144
703, 343, 45, 144
703, 339, 46, 150
703, 337, 46, 150
705, 337, 45, 147
705, 335, 46, 150
705, 333, 46, 150
705, 332, 46, 150
706, 331, 45, 147
705, 329, 46, 150
706, 329, 45, 147
705, 326, 47, 153
706, 326, 46, 150
706, 324, 46, 150
705, 322, 46, 150
706, 321, 46, 150
706, 320, 46, 150
706, 318, 46, 150
705, 315, 47, 153
705, 314, 47, 153
706, 313, 47, 153
706, 313, 46, 150
705, 312, 46, 150
704, 310, 46, 150
705, 312, 45, 144
704, 310, 45, 147
703, 309, 45, 147
703, 307, 45, 147
703, 307, 45, 144
703, 307, 44, 141
702, 305, 44, 141
701, 302, 45, 144
702, 302, 44, 141
701, 300, 45, 144
701, 299, 45, 144
700, 298, 45, 144
700, 297, 45, 144
700, 297, 45, 144
700, 297, 45, 144
700, 294, 45, 147
700, 296, 44, 141
700, 295, 44, 141
700, 294, 44, 141
699, 292, 45, 144
700, 291, 45, 144
700, 289, 45, 147
700, 286, 46, 150
700, 287, 45, 144
700, 285, 45, 147
700, 285, 45, 147
699, 283, 46, 150
699, 283, 45, 147
699, 281, 46, 150
699, 283, 45, 144
698, 282, 45, 147
698, 283, 45, 144
698, 281, 45, 147
703, 282, 44, 141
704, 281, 44, 141
710, 280, 44, 141
716, 278, 45, 144
723, 277, 45, 147
731, 278, 45, 144
743, 278, 45, 144
756, 276, 45, 147
775, 278, 45, 144
797, 279, 45, 144
821, 281, 45, 144
849, 284, 44, 141
877, 287, 44, 141
906, 290, 44, 141
938, 293, 44, 141
969, 296, 44, 141
1001, 302, 43, 139
1032, 304, 45, 144
1064, 309, 45, 144
1096, 316, 44, 141
1126, 322, 44, 141
1157, 329, 44, 141
1187, 336, 44, 141
1218, 344, 43, 139
