746, 788, 85, 118
708, 729, 120, 170
678, 702, 121, 167
647, 669, 137, 183
617, 626, 161, 213
608, 593, 168, 220
597, 569, 179, 237
588, 549, 199, 266
569, 509, 244, 329
508, 367, 356, 489
406, 174, 450, 608
373, 169, 494, 567
355, 144, 533, 563
329, 134, 576, 567
274, 112, 636, 579
164, 84, 757, 625
0, 99, 932, 643
0, 140, 978, 638
0, 167, 1023, 677
0, 282, 1048, 617
0, 299, 1060, 595
0, 278, 1092, 610
58, 299, 1037, 575
11, 271, 1072, 595
26, 280, 1048, 582
0, 214, 1109, 678
94, 315, 1047, 580
72, 296, 1046, 580
13, 262, 1080, 601
4, 271, 1086, 604
14, 282, 1080, 600
24, 283, 1074, 597
22, 291, 1072, 596
10, 281, 1083, 601
16, 286, 1086, 604
45, 286, 1081, 600
79, 313, 1046, 583
50, 293, 1063, 590
37, 283, 1071, 596
16, 271, 1093, 609
56, 294, 1043, 579
0, 248, 1069, 627
34, 310, 1048, 583
50, 302, 1042, 579
5, 284, 1062, 591
0, 288, 1071, 595
44, 303, 1034, 575
0, 271, 1076, 609
26, 305, 1045, 580
4, 292, 1072, 594
19, 307, 1038, 577
0, 259, 1074, 625
25, 311, 1039, 577
0, 291, 1052, 593
0, 287, 1053, 602
0, 317, 1038, 583
0, 306, 1052, 604
0, 331, 1041, 586
0, 309, 1050, 601
0, 325, 1034, 590
0, 312, 1043, 602
0, 310, 1049, 594
0, 311, 1041, 581
0, 283, 1029, 596
0, 280, 1014, 599
0, 291, 1033, 589
0, 266, 997, 610
0, 286, 984, 617
0, 292, 978, 612
0, 299, 976, 591
0, 291, 976, 588
0, 265, 973, 612
0, 269, 977, 606
0, 266, 976, 618
0, 302, 980, 591
0, 288, 993, 600
0, 281, 1007, 637
0, 349, 1035, 590
0, 347, 1028, 582
0, 327, 1033, 584
0, 322, 1015, 593
0, 346, 990, 579
0, 340, 993, 591
0, 358, 986, 582
0, 363, 976, 581
0, 354, 984, 574
0, 334, 973, 602
0, 353, 989, 578
0, 345, 981, 586
0, 351, 979, 577
0, 334, 981, 603
0, 347, 998, 599
0, 383, 1004, 589
0, 379, 1004, 588
0, 372, 992, 587
0, 392, 982, 578
0, 381, 945, 580
0, 378, 962, 592
0, 379, 958, 579
0, 366, 961, 595
0, 366, 931, 584
0, 370, 943, 597
0, 379, 958, 597
0, 371, 962, 593
0, 358, 942, 589
0, 368, 954, 585
0, 362, 959, 595
0, 347, 950, 607
0, 340, 950, 619
0, 370, 939, 625
0, 414, 960, 610
0, 411, 974, 629
0, 434, 967, 593
0, 427, 946, 602
0, 408, 958, 629
0, 454, 959, 605
0, 460, 949, 596
0, 428, 957, 604
0, 420, 958, 615
0, 444, 949, 602
0, 441, 956, 610
0, 449, 938, 608
0, 446, 938, 604
0, 440, 924, 612
0, 411, 943, 615
0, 390, 952, 643
0, 423, 946, 587
0, 392, 940, 594
0, 372, 950, 618
0, 368, 957, 613
0, 358, 949, 597
0, 341, 946, 576
0, 288, 990, 590
0, 294, 961, 578
0, 286, 953, 590
0, 304, 941, 576
0, 298, 937, 568
0, 266, 923, 574
0, 268, 916, 582
0, 275, 918, 593
0, 296, 895, 583
0, 294, 874, 585
0, 291, 850, 600
0, 294, 818, 572
0, 288, 824, 584
0, 309, 834, 578
0, 304, 810, 582
0, 321, 817, 577
0, 321, 822, 580
0, 303, 809, 569
0, 290, 811, 587
0, 300, 802, 583
0, 296, 797, 589
0, 290, 784, 599
0, 308, 793, 593
0, 309, 766, 576
0, 298, 754, 599
0, 295, 771, 590
0, 285, 794, 584
0, 323, 808, 594
0, 262, 821, 666
0, 333, 817, 607
0, 333, 787, 602
0, 308, 749, 627
0, 311, 724, 617
0, 288, 694, 614
0, 305, 636, 588
0, 258, 655, 633
0, 279, 692, 651
0, 285, 712, 656
0, 297, 726, 691
0, 373, 717, 613
0, 320, 735, 672
0, 375, 744, 637
0, 369, 756, 653
0, 365, 767, 645
0, 357, 772, 631
0, 317, 788, 669
0, 321, 785, 668
0, 329, 783, 678
0, 352, 781, 656
0, 352, 796, 652
0, 348, 771, 637
0, 320, 781, 655
0, 313, 788, 673
0, 342, 774, 658
0, 367, 773, 624
0, 298, 795, 679
0, 331, 777, 648
0, 302, 800, 684
0, 355, 770, 622
0, 303, 783, 650
0, 301, 774, 641
