604.0, 167.0, 81.0, 122.0
603.0, 167.0, 81.0, 122.0
602.0, 167.0, 81.0, 122.0
601.0, 169.0, 81.0, 122.0
600.0, 169.0, 81.0, 122.0
597.0, 171.0, 81.0, 122.0
596.0, 171.0, 81.0, 122.0
595.0, 173.0, 81.0, 122.0
594.0, 173.0, 81.0, 122.0
591.0, 175.0, 81.0, 122.0
588.0, 175.0, 81.0, 122.0
585.0, 175.0, 81.0, 122.0
584.0, 175.0, 81.0, 122.0
581.0, 175.0, 81.0, 122.0
580.0, 177.0, 81.0, 122.0
577.0, 177.0, 81.0, 122.0
574.0, 177.0, 81.0, 122.0
571.0, 179.0, 81.0, 122.0
570.0, 179.0, 81.0, 122.0
567.0, 181.0, 81.0, 122.0
566.0, 181.0, 81.0, 122.0
563.0, 183.0, 81.0, 122.0
562.0, 183.0, 81.0, 122.0
559.0, 185.0, 81.0, 122.0
558.0, 185.0, 81.0, 122.0
555.0, 187.0, 81.0, 122.0
554.0, 189.0, 81.0, 122.0
551.0, 189.0, 81.0, 122.0
550.0, 189.0, 81.0, 122.0
547.0, 191.0, 81.0, 122.0
546.0, 191.0, 81.0, 122.0
543.0, 191.0, 81.0, 122.0
542.0, 193.0, 81.0, 122.0
539.0, 193.0, 81.0, 122.0
538.0, 193.0, 81.0, 122.0
537.0, 193.0, 81.0, 122.0
536.0, 195.0, 81.0, 122.0
533.0, 195.0, 81.0, 122.0
532.0, 195.0, 81.0, 122.0
529.0, 195.0, 81.0, 122.0
528.0, 197.0, 81.0, 122.0
525.0, 197.0, 81.0, 122.0
524.0, 197.0, 81.0, 122.0
523.0, 199.0, 81.0, 122.0
524.0, 199.0, 81.0, 122.0
523.0, 199.0, 81.0, 122.0
526.0, 201.0, 81.0, 122.0
527.0, 201.0, 81.0, 122.0
530.0, 201.0, 81.0, 122.0
533.0, 201.0, 81.0, 122.0
538.0, 201.0, 81.0, 122.0
543.0, 201.0, 81.0, 122.0
548.0, 199.0, 81.0, 122.0
553.0, 199.0, 81.0, 122.0
562.0, 199.0, 81.0, 122.0
567.0, 199.0, 81.0, 122.0
576.0, 199.0, 81.0, 122.0
583.0, 199.0, 81.0, 122.0
592.0, 201.0, 81.0, 122.0
599.0, 201.0, 81.0, 122.0
608.0, 201.0, 81.0, 122.0
617.0, 203.0, 81.0, 122.0
628.0, 205.0, 81.0, 122.0
637.0, 205.0, 81.0, 122.0
646.0, 207.0, 81.0, 122.0
653.0, 207.0, 81.0, 122.0
662.0, 207.0, 81.0, 122.0
667.0, 209.0, 81.0, 122.0
674.0, 211.0, 81.0, 122.0
677.0, 211.0, 81.0, 122.0
682.0, 213.0, 81.0, 122.0
685.0, 213.0, 81.0, 122.0
688.0, 215.0, 81.0, 122.0
689.0, 215.0, 81.0, 122.0
692.0, 215.0, 81.0, 122.0
693.0, 217.0, 81.0, 122.0
694.0, 217.0, 81.0, 122.0
693.0, 219.0, 81.0, 122.0
692.0, 219.0, 81.0, 122.0
691.0, 221.0, 81.0, 122.0
690.0, 223.0, 81.0, 122.0
687.0, 223.0, 81.0, 122.0
686.0, 225.0, 81.0, 122.0
683.0, 225.0, 81.0, 122.0
682.0, 225.0, 81.0, 122.0
679.0, 227.0, 81.0, 122.0
676.0, 227.0, 81.0, 122.0
673.0, 227.0, 81.0, 122.0
672.0, 227.0, 81.0, 122.0
669.0, 227.0, 81.0, 122.0
668.0, 229.0, 81.0, 122.0
665.0, 229.0, 81.0, 122.0
662.0, 229.0, 81.0, 122.0
659.0, 231.0, 81.0, 122.0
658.0, 231.0, 81.0, 122.0
655.0, 233.0, 81.0, 122.0
654.0, 233.0, 81.0, 122.0
653.0, 235.0, 81.0, 122.0
652.0, 237.0, 81.0, 122.0
649.0, 237.0, 81.0, 122.0
648.0, 239.0, 81.0, 122.0
645.0, 239.0, 81.0, 122.0
644.0, 239.0, 81.0, 122.0
643.0, 239.0, 81.0, 122.0
642.0, 239.0, 81.0, 122.0
639.0, 239.0, 81.0, 122.0
638.0, 239.0, 81.0, 122.0
635.0, 241.0, 81.0, 122.0
634.0, 241.0, 81.0, 122.0
633.0, 241.0, 81.0, 122.0
632.0, 241.0, 81.0, 122.0
631.0, 241.0, 81.0, 122.0
630.0, 241.0, 81.0, 122.0
627.0, 241.0, 81.0, 122.0
626.0, 243.0, 81.0, 122.0
625.0, 243.0, 81.0, 122.0
624.0, 245.0, 81.0, 122.0
621.0, 245.0, 81.0, 122.0
620.0, 245.0, 81.0, 122.0
619.0, 247.0, 81.0, 122.0
618.0, 247.0, 81.0, 122.0
615.0, 247.0, 81.0, 122.0
614.0, 247.0, 81.0, 122.0
611.0, 247.0, 81.0, 122.0
610.0, 247.0, 81.0, 122.0
607.0, 245.0, 81.0, 122.0
604.0, 245.0, 81.0, 122.0
601.0, 245.0, 81.0, 122.0
600.0, 245.0, 81.0, 122.0
597.0, 245.0, 81.0, 122.0
596.0, 245.0, 81.0, 122.0
593.0, 245.0, 81.0, 122.0
592.0, 247.0, 81.0, 122.0
589.0, 247.0, 81.0, 122.0
588.0, 247.0, 81.0, 122.0
585.0, 249.0, 81.0, 122.0
584.0, 249.0, 81.0, 122.0
581.0, 249.0, 81.0, 122.0
580.0, 249.0, 81.0, 122.0
577.0, 249.0, 81.0, 122.0
576.0, 249.0, 81.0, 122.0
573.0, 249.0, 81.0, 122.0
570.0, 249.0, 81.0, 122.0
567.0, 249.0, 81.0, 122.0
566.0, 249.0, 81.0, 122.0
563.0, 247.0, 81.0, 122.0
562.0, 247.0, 81.0, 122.0
559.0, 247.0, 81.0, 122.0
558.0, 247.0, 81.0, 122.0
555.0, 247.0, 81.0, 122.0
554.0, 247.0, 81.0, 122.0
551.0, 247.0, 81.0, 122.0
550.0, 247.0, 81.0, 122.0
547.0, 249.0, 81.0, 122.0
546.0, 249.0, 81.0, 122.0
543.0, 249.0, 81.0, 122.0
542.0, 249.0, 81.0, 122.0
539.0, 249.0, 81.0, 122.0
538.0, 249.0, 81.0, 122.0
535.0, 247.0, 81.0, 122.0
532.0, 247.0, 81.0, 122.0
529.0, 247.0, 81.0, 122.0
528.0, 247.0, 81.0, 122.0
525.0, 247.0, 81.0, 122.0
524.0, 247.0, 81.0, 122.0
523.0, 247.0, 81.0, 122.0
522.0, 247.0, 81.0, 122.0
519.0, 247.0, 81.0, 122.0
518.0, 247.0, 81.0, 122.0
517.0, 249.0, 81.0, 122.0
516.0, 249.0, 81.0, 122.0
513.0, 249.0, 81.0, 122.0
512.0, 249.0, 81.0, 122.0
511.0, 249.0, 81.0, 122.0
510.0, 249.0, 81.0, 122.0
507.0, 249.0, 81.0, 122.0
508.0, 249.0, 81.0, 122.0
507.0, 249.0, 81.0, 122.0
508.0, 249.0, 81.0, 122.0
509.0, 249.0, 81.0, 122.0
510.0, 247.0, 81.0, 122.0
511.0, 247.0, 81.0, 122.0
514.0, 247.0, 81.0, 122.0
515.0, 247.0, 81.0, 122.0
518.0, 247.0, 81.0, 122.0
521.0, 247.0, 81.0, 122.0
524.0, 247.0, 81.0, 122.0
527.0, 247.0, 81.0, 122.0
530.0, 247.0, 81.0, 122.0
533.0, 247.0, 81.0, 122.0
538.0, 247.0, 81.0, 122.0
543.0, 247.0, 81.0, 122.0
548.0, 247.0, 81.0, 122.0
553.0, 247.0, 81.0, 122.0
558.0, 245.0, 81.0, 122.0
563.0, 245.0, 81.0, 122.0
568.0, 245.0, 81.0, 122.0
573.0, 245.0, 81.0, 122.0
578.0, 245.0, 81.0, 122.0
581.0, 245.0, 81.0, 122.0
586.0, 245.0, 81.0, 122.0
589.0, 245.0, 81.0, 122.0
592.0, 245.0, 81.0, 122.0
593.0, 247.0, 81.0, 122.0
596.0, 247.0, 81.0, 122.0
597.0, 247.0, 81.0, 122.0
598.0, 247.0, 81.0, 122.0
599.0, 247.0, 81.0, 122.0
600.0, 247.0, 81.0, 122.0
599.0, 247.0, 81.0, 122.0
600.0, 247.0, 81.0, 122.0
599.0, 247.0, 81.0, 122.0
600.0, 247.0, 81.0, 122.0
599.0, 247.0, 81.0, 122.0
600.0, 247.0, 81.0, 122.0
599.0, 247.0, 81.0, 122.0
600.0, 247.0, 81.0, 122.0
599.0, 247.0, 81.0, 122.0
598.0, 245.0, 81.0, 122.0
597.0, 245.0, 81.0, 122.0
598.0, 245.0, 81.0, 122.0
595.0, 245.0, 81.0, 122.0
596.0, 245.0, 81.0, 122.0
593.0, 247.0, 81.0, 122.0
592.0, 247.0, 81.0, 122.0
591.0, 247.0, 81.0, 122.0
590.0, 247.0, 81.0, 122.0
587.0, 247.0, 81.0, 122.0
588.0, 247.0, 81.0, 122.0
585.0, 247.0, 81.0, 122.0
584.0, 247.0, 81.0, 122.0
583.0, 247.0, 81.0, 122.0
582.0, 247.0, 81.0, 122.0
581.0, 249.0, 81.0, 122.0
580.0, 249.0, 81.0, 122.0
577.0, 249.0, 81.0, 122.0
576.0, 249.0, 81.0, 122.0
575.0, 251.0, 81.0, 122.0
574.0, 251.0, 81.0, 122.0
571.0, 253.0, 81.0, 122.0
572.0, 253.0, 81.0, 122.0
569.0, 253.0, 81.0, 122.0
570.0, 255.0, 81.0, 122.0
569.0, 255.0, 81.0, 122.0
568.0, 255.0, 81.0, 122.0
565.0, 255.0, 81.0, 122.0
566.0, 257.0, 81.0, 122.0
563.0, 257.0, 81.0, 122.0
564.0, 257.0, 81.0, 122.0
563.0, 257.0, 81.0, 122.0
562.0, 257.0, 81.0, 122.0
561.0, 259.0, 81.0, 122.0
560.0, 259.0, 81.0, 122.0
559.0, 259.0, 81.0, 122.0
560.0, 261.0, 81.0, 122.0
559.0, 261.0, 81.0, 122.0
558.0, 263.0, 81.0, 122.0
557.0, 263.0, 81.0, 122.0
556.0, 265.0, 81.0, 122.0
555.0, 267.0, 81.0, 122.0
556.0, 267.0, 81.0, 122.0
553.0, 267.0, 81.0, 122.0
554.0, 269.0, 81.0, 122.0
553.0, 269.0, 81.0, 122.0
552.0, 271.0, 81.0, 122.0
551.0, 271.0, 81.0, 122.0
550.0, 271.0, 81.0, 122.0
549.0, 271.0, 81.0, 122.0
548.0, 273.0, 81.0, 122.0
547.0, 273.0, 81.0, 122.0
548.0, 275.0, 81.0, 122.0
545.0, 275.0, 81.0, 122.0
546.0, 277.0, 81.0, 122.0
545.0, 277.0, 81.0, 122.0
544.0, 279.0, 81.0, 122.0
543.0, 279.0, 81.0, 122.0
542.0, 281.0, 81.0, 122.0
541.0, 281.0, 81.0, 122.0
542.0, 283.0, 81.0, 122.0
541.0, 283.0, 81.0, 122.0
540.0, 285.0, 81.0, 122.0
539.0, 285.0, 81.0, 122.0
540.0, 285.0, 81.0, 122.0
537.0, 285.0, 81.0, 122.0
538.0, 285.0, 81.0, 122.0
535.0, 287.0, 81.0, 122.0
534.0, 287.0, 81.0, 122.0
533.0, 287.0, 81.0, 122.0
532.0, 289.0, 81.0, 122.0
531.0, 289.0, 81.0, 122.0
530.0, 289.0, 81.0, 122.0
529.0, 291.0, 81.0, 122.0
530.0, 291.0, 81.0, 122.0
527.0, 293.0, 81.0, 122.0
528.0, 293.0, 81.0, 122.0
527.0, 295.0, 81.0, 122.0
528.0, 295.0, 81.0, 122.0
525.0, 297.0, 81.0, 122.0
526.0, 297.0, 81.0, 122.0
525.0, 299.0, 81.0, 122.0
524.0, 299.0, 81.0, 122.0
523.0, 301.0, 81.0, 122.0
522.0, 301.0, 81.0, 122.0
521.0, 303.0, 81.0, 122.0
520.0, 303.0, 81.0, 122.0
517.0, 305.0, 81.0, 122.0
516.0, 305.0, 81.0, 122.0
515.0, 307.0, 81.0, 122.0
514.0, 307.0, 81.0, 122.0
513.0, 309.0, 81.0, 122.0
512.0, 309.0, 81.0, 122.0
511.0, 311.0, 81.0, 122.0
510.0, 311.0, 81.0, 122.0
509.0, 313.0, 81.0, 122.0
508.0, 313.0, 81.0, 122.0
507.0, 315.0, 81.0, 122.0
508.0, 315.0, 81.0, 122.0
507.0, 315.0, 81.0, 122.0
508.0, 315.0, 81.0, 122.0
509.0, 315.0, 81.0, 122.0
514.0, 315.0, 81.0, 122.0
517.0, 315.0, 81.0, 122.0
522.0, 313.0, 81.0, 122.0
527.0, 313.0, 81.0, 122.0
534.0, 313.0, 81.0, 122.0
541.0, 313.0, 81.0, 122.0
550.0, 313.0, 81.0, 122.0
559.0, 315.0, 81.0, 122.0
570.0, 315.0, 81.0, 122.0
581.0, 315.0, 81.0, 122.0
592.0, 317.0, 81.0, 122.0
603.0, 317.0, 81.0, 122.0
616.0, 317.0, 81.0, 122.0
627.0, 319.0, 81.0, 122.0
640.0, 321.0, 81.0, 122.0
651.0, 323.0, 81.0, 122.0
662.0, 325.0, 81.0, 122.0
671.0, 327.0, 81.0, 122.0
680.0, 327.0, 81.0, 122.0
685.0, 329.0, 81.0, 122.0
692.0, 331.0, 81.0, 122.0
695.0, 333.0, 81.0, 122.0
698.0, 333.0, 81.0, 122.0
699.0, 335.0, 81.0, 122.0
702.0, 337.0, 81.0, 122.0
701.0, 337.0, 81.0, 122.0
702.0, 339.0, 81.0, 122.0
699.0, 341.0, 81.0, 122.0
698.0, 341.0, 81.0, 122.0
697.0, 343.0, 81.0, 122.0
696.0, 343.0, 81.0, 122.0
693.0, 343.0, 81.0, 122.0
692.0, 343.0, 81.0, 122.0
691.0, 345.0, 81.0, 122.0
690.0, 345.0, 81.0, 122.0
687.0, 345.0, 81.0, 122.0
686.0, 345.0, 81.0, 122.0
685.0, 345.0, 81.0, 122.0
684.0, 345.0, 81.0, 122.0
681.0, 347.0, 81.0, 122.0
682.0, 347.0, 81.0, 122.0
679.0, 347.0, 81.0, 122.0
678.0, 347.0, 81.0, 122.0
677.0, 349.0, 81.0, 122.0
676.0, 349.0, 81.0, 122.0
675.0, 351.0, 81.0, 122.0
674.0, 351.0, 81.0, 122.0
673.0, 353.0, 81.0, 122.0
672.0, 353.0, 81.0, 122.0
671.0, 355.0, 81.0, 122.0
670.0, 355.0, 81.0, 122.0
667.0, 355.0, 81.0, 122.0
666.0, 355.0, 81.0, 122.0
665.0, 355.0, 81.0, 122.0
664.0, 355.0, 81.0, 122.0
661.0, 355.0, 81.0, 122.0
660.0, 355.0, 81.0, 122.0
659.0, 355.0, 81.0, 122.0
658.0, 355.0, 81.0, 122.0
655.0, 355.0, 81.0, 122.0
656.0, 355.0, 81.0, 122.0
653.0, 357.0, 81.0, 122.0
654.0, 357.0, 81.0, 122.0
653.0, 357.0, 81.0, 122.0
652.0, 357.0, 81.0, 122.0
651.0, 357.0, 81.0, 122.0
650.0, 359.0, 81.0, 122.0
649.0, 359.0, 81.0, 122.0
648.0, 359.0, 81.0, 122.0
647.0, 359.0, 81.0, 122.0
646.0, 359.0, 81.0, 122.0
645.0, 359.0, 81.0, 122.0
644.0, 359.0, 81.0, 122.0
643.0, 359.0, 81.0, 122.0
642.0, 359.0, 81.0, 122.0
639.0, 359.0, 81.0, 122.0
640.0, 359.0, 81.0, 122.0
637.0, 359.0, 81.0, 122.0
636.0, 359.0, 81.0, 122.0
635.0, 359.0, 81.0, 122.0
634.0, 359.0, 81.0, 122.0
633.0, 359.0, 81.0, 122.0
632.0, 359.0, 81.0, 122.0
631.0, 359.0, 81.0, 122.0
630.0, 359.0, 81.0, 122.0
629.0, 359.0, 81.0, 122.0
628.0, 359.0, 81.0, 122.0
625.0, 359.0, 81.0, 122.0
624.0, 357.0, 81.0, 122.0
623.0, 357.0, 81.0, 122.0
622.0, 357.0, 81.0, 122.0
619.0, 357.0, 81.0, 122.0
618.0, 355.0, 81.0, 122.0
617.0, 355.0, 81.0, 122.0
616.0, 355.0, 81.0, 122.0
615.0, 355.0, 81.0, 122.0
614.0, 355.0, 81.0, 122.0
611.0, 355.0, 81.0, 122.0
610.0, 355.0, 81.0, 122.0
609.0, 355.0, 81.0, 122.0
608.0, 355.0, 81.0, 122.0
607.0, 355.0, 81.0, 122.0
606.0, 355.0, 81.0, 122.0
605.0, 355.0, 81.0, 122.0
604.0, 355.0, 81.0, 122.0
603.0, 355.0, 81.0, 122.0
602.0, 355.0, 81.0, 122.0
601.0, 355.0, 81.0, 122.0
600.0, 355.0, 81.0, 122.0
599.0, 355.0, 81.0, 122.0
598.0, 355.0, 81.0, 122.0
597.0, 355.0, 81.0, 122.0
596.0, 355.0, 81.0, 122.0
595.0, 355.0, 81.0, 122.0
596.0, 355.0, 81.0, 122.0
593.0, 355.0, 81.0, 122.0
594.0, 355.0, 81.0, 122.0
593.0, 355.0, 81.0, 122.0
592.0, 355.0, 81.0, 122.0
591.0, 355.0, 81.0, 122.0
592.0, 357.0, 81.0, 122.0
589.0, 355.0, 81.0, 122.0
590.0, 355.0, 81.0, 122.0
587.0, 355.0, 81.0, 122.0
588.0, 355.0, 81.0, 122.0
585.0, 355.0, 81.0, 122.0
584.0, 355.0, 81.0, 122.0
583.0, 355.0, 81.0, 122.0
582.0, 355.0, 81.0, 122.0
581.0, 355.0, 81.0, 122.0
580.0, 355.0, 81.0, 122.0
579.0, 355.0, 81.0, 122.0
578.0, 355.0, 81.0, 122.0
577.0, 357.0, 81.0, 122.0
576.0, 357.0, 81.0, 122.0
575.0, 355.0, 81.0, 122.0
574.0, 357.0, 81.0, 122.0
573.0, 357.0, 81.0, 122.0
574.0, 357.0, 81.0, 122.0
571.0, 357.0, 81.0, 122.0
572.0, 357.0, 81.0, 122.0
571.0, 359.0, 81.0, 122.0
570.0, 357.0, 81.0, 122.0
569.0, 357.0, 81.0, 122.0
568.0, 357.0, 81.0, 122.0
567.0, 359.0, 81.0, 122.0
568.0, 359.0, 81.0, 122.0
565.0, 359.0, 81.0, 122.0
566.0, 359.0, 81.0, 122.0
565.0, 361.0, 81.0, 122.0
564.0, 361.0, 81.0, 122.0
563.0, 361.0, 81.0, 122.0
562.0, 363.0, 81.0, 122.0
561.0, 363.0, 81.0, 122.0
560.0, 363.0, 81.0, 122.0
559.0, 363.0, 81.0, 122.0
558.0, 363.0, 81.0, 122.0
557.0, 363.0, 81.0, 122.0
556.0, 363.0, 81.0, 122.0
555.0, 365.0, 81.0, 122.0
554.0, 365.0, 81.0, 122.0
553.0, 365.0, 81.0, 122.0
552.0, 365.0, 81.0, 122.0
549.0, 367.0, 81.0, 122.0
550.0, 367.0, 81.0, 122.0
549.0, 369.0, 81.0, 122.0
548.0, 369.0, 81.0, 122.0
547.0, 369.0, 81.0, 122.0
548.0, 369.0, 81.0, 122.0
549.0, 371.0, 81.0, 122.0
552.0, 369.0, 81.0, 122.0
553.0, 369.0, 81.0, 122.0
556.0, 369.0, 81.0, 122.0
559.0, 369.0, 81.0, 122.0
564.0, 369.0, 81.0, 122.0
569.0, 371.0, 81.0, 122.0
574.0, 371.0, 81.0, 122.0
579.0, 371.0, 81.0, 122.0
586.0, 373.0, 81.0, 122.0
591.0, 373.0, 81.0, 122.0
598.0, 373.0, 81.0, 122.0
605.0, 373.0, 81.0, 122.0
612.0, 375.0, 81.0, 122.0
621.0, 377.0, 81.0, 122.0
630.0, 377.0, 81.0, 122.0
637.0, 379.0, 81.0, 122.0
646.0, 379.0, 81.0, 122.0
653.0, 383.0, 81.0, 122.0
660.0, 383.0, 81.0, 122.0
665.0, 385.0, 81.0, 122.0
672.0, 387.0, 81.0, 122.0
675.0, 389.0, 81.0, 122.0
680.0, 389.0, 81.0, 122.0
683.0, 391.0, 81.0, 122.0
686.0, 393.0, 81.0, 122.0
687.0, 395.0, 81.0, 122.0
688.0, 397.0, 81.0, 122.0
689.0, 397.0, 81.0, 122.0
688.0, 399.0, 81.0, 122.0
687.0, 401.0, 81.0, 122.0
688.0, 403.0, 81.0, 122.0
687.0, 403.0, 81.0, 122.0
686.0, 405.0, 81.0, 122.0
685.0, 407.0, 81.0, 122.0
684.0, 407.0, 81.0, 122.0
683.0, 409.0, 81.0, 122.0
682.0, 411.0, 81.0, 122.0
681.0, 413.0, 81.0, 122.0
680.0, 413.0, 81.0, 122.0
677.0, 415.0, 81.0, 122.0
678.0, 417.0, 81.0, 122.0
675.0, 419.0, 81.0, 122.0
674.0, 419.0, 81.0, 122.0
673.0, 421.0, 81.0, 122.0
672.0, 423.0, 81.0, 122.0
671.0, 425.0, 81.0, 122.0
672.0, 425.0, 81.0, 122.0
671.0, 427.0, 81.0, 122.0
670.0, 429.0, 81.0, 122.0
669.0, 431.0, 81.0, 122.0
668.0, 433.0, 81.0, 122.0
667.0, 433.0, 81.0, 122.0
666.0, 435.0, 81.0, 122.0
665.0, 437.0, 81.0, 122.0
664.0, 437.0, 81.0, 122.0
663.0, 439.0, 81.0, 122.0
662.0, 441.0, 81.0, 122.0
661.0, 443.0, 81.0, 122.0
662.0, 445.0, 81.0, 122.0
661.0, 445.0, 81.0, 122.0
660.0, 447.0, 81.0, 122.0
659.0, 451.0, 81.0, 122.0
658.0, 451.0, 81.0, 122.0
657.0, 453.0, 81.0, 122.0
658.0, 455.0, 81.0, 122.0
657.0, 455.0, 81.0, 122.0
656.0, 457.0, 81.0, 122.0
655.0, 459.0, 81.0, 122.0
654.0, 461.0, 81.0, 122.0
653.0, 463.0, 81.0, 122.0
654.0, 465.0, 81.0, 122.0
653.0, 467.0, 81.0, 122.0
652.0, 467.0, 81.0, 122.0
651.0, 469.0, 81.0, 122.0
650.0, 469.0, 81.0, 122.0
649.0, 473.0, 81.0, 122.0
650.0, 475.0, 81.0, 122.0
651.0, 475.0, 81.0, 122.0
650.0, 477.0, 81.0, 122.0
649.0, 479.0, 81.0, 122.0
650.0, 481.0, 81.0, 122.0
649.0, 483.0, 81.0, 122.0
648.0, 485.0, 81.0, 122.0
647.0, 485.0, 81.0, 122.0
646.0, 487.0, 81.0, 122.0
645.0, 489.0, 81.0, 122.0
644.0, 491.0, 81.0, 122.0
643.0, 491.0, 81.0, 122.0
644.0, 493.0, 81.0, 122.0
643.0, 495.0, 81.0, 122.0
642.0, 495.0, 81.0, 122.0
641.0, 499.0, 81.0, 122.0
640.0, 499.0, 81.0, 122.0
639.0, 501.0, 81.0, 122.0
640.0, 503.0, 81.0, 122.0
639.0, 505.0, 81.0, 122.0
638.0, 507.0, 81.0, 122.0
637.0, 509.0, 81.0, 122.0
638.0, 509.0, 81.0, 122.0
637.0, 511.0, 81.0, 122.0
636.0, 513.0, 81.0, 122.0
635.0, 513.0, 81.0, 122.0
636.0, 515.0, 81.0, 122.0
633.0, 517.0, 81.0, 122.0
634.0, 519.0, 81.0, 122.0
635.0, 521.0, 81.0, 122.0
634.0, 523.0, 81.0, 122.0
633.0, 525.0, 81.0, 122.0
634.0, 525.0, 81.0, 122.0
633.0, 527.0, 81.0, 122.0
632.0, 529.0, 81.0, 122.0
631.0, 531.0, 81.0, 122.0
632.0, 533.0, 81.0, 122.0
631.0, 535.0, 81.0, 122.0
630.0, 535.0, 81.0, 122.0
629.0, 537.0, 81.0, 122.0
630.0, 537.0, 81.0, 122.0
629.0, 539.0, 81.0, 122.0
630.0, 543.0, 81.0, 122.0
629.0, 545.0, 81.0, 122.0
630.0, 547.0, 81.0, 122.0
629.0, 549.0, 81.0, 122.0
628.0, 549.0, 81.0, 122.0
627.0, 551.0, 81.0, 122.0
628.0, 553.0, 81.0, 122.0
627.0, 555.0, 81.0, 122.0
628.0, 557.0, 81.0, 122.0
627.0, 559.0, 81.0, 122.0
628.0, 561.0, 81.0, 122.0
627.0, 565.0, 81.0, 122.0
626.0, 565.0, 81.0, 122.0
627.0, 567.0, 81.0, 122.0
628.0, 569.0, 81.0, 122.0
627.0, 571.0, 81.0, 122.0
626.0, 575.0, 81.0, 122.0
627.0, 577.0, 81.0, 122.0
628.0, 579.0, 81.0, 122.0
625.0, 581.0, 81.0, 122.0
626.0, 583.0, 81.0, 122.0
625.0, 585.0, 81.0, 122.0
626.0, 587.0, 81.0, 122.0
625.0, 589.0, 81.0, 122.0
626.0, 591.0, 81.0, 122.0
625.0, 593.0, 81.0, 122.0
626.0, 595.0, 81.0, 122.0
625.0, 597.0, 81.0, 122.0
626.0, 599.0, 81.0, 122.0
625.0, 601.0, 81.0, 122.0
624.0, 603.0, 81.0, 122.0
623.0, 605.0, 81.0, 122.0
624.0, 607.0, 81.0, 122.0
623.0, 609.0, 81.0, 122.0
622.0, 611.0, 81.0, 122.0
