800.0,230.0,55.0,112.0
800.0,230.0,55.0,112.0
800.0,230.0,55.0,112.0
801.0,232.0,55.0,112.0
801.0,232.0,55.0,112.0
801.0,232.0,55.0,112.0
801.0,232.0,55.0,112.0
803.0,232.0,55.0,112.0
803.0,232.0,55.0,112.0
803.0,232.0,56.0,112.0
803.0,232.0,56.0,112.0
805.0,232.0,56.0,112.0
805.0,232.0,56.0,112.0
805.0,230.0,56.0,112.0
805.0,230.0,56.0,112.0
805.0,230.0,56.0,112.0
807.0,230.0,56.0,112.0
807.0,229.0,56.0,112.0
807.0,229.0,56.0,112.0
807.0,228.0,56.0,112.0
807.0,227.0,56.0,112.0
807.0,226.0,56.0,112.0
807.0,224.0,56.0,112.0
809.0,224.0,56.0,113.0
809.0,222.0,56.0,113.0
809.0,222.0,56.0,113.0
809.0,221.0,55.0,113.0
809.0,221.0,55.0,113.0
809.0,221.0,55.0,113.0
809.0,219.0,55.0,113.0
809.0,219.0,55.0,113.0
807.0,217.0,55.0,113.0
807.0,216.0,55.0,113.0
807.0,216.0,55.0,113.0
807.0,216.0,55.0,113.0
805.0,214.0,55.0,113.0
805.0,214.0,55.0,113.0
805.0,214.0,55.0,113.0
805.0,214.0,55.0,113.0
804.0,212.0,55.0,113.0
803.0,212.0,55.0,113.0
803.0,211.0,55.0,113.0
803.0,211.0,55.0,113.0
803.0,211.0,55.0,113.0
803.0,212.0,55.0,112.0
803.0,212.0,55.0,112.0
803.0,212.0,55.0,112.0
803.0,212.0,55.0,112.0
801.0,210.0,55.0,112.0
801.0,210.0,55.0,112.0
801.0,210.0,55.0,112.0
801.0,210.0,55.0,112.0
801.0,210.0,55.0,112.0
803.0,210.0,55.0,112.0
804.0,208.0,55.0,113.0
804.0,208.0,55.0,113.0
804.0,208.0,55.0,113.0
804.0,206.0,55.0,114.0
805.0,206.0,56.0,114.0
805.0,206.0,56.0,114.0
805.0,204.0,56.0,114.0
805.0,204.0,57.0,114.0
806.0,202.0,57.0,113.0
806.0,202.0,57.0,113.0
806.0,200.0,57.0,113.0
807.0,200.0,57.0,113.0
808.0,198.0,57.0,114.0
808.0,198.0,57.0,114.0
808.0,196.0,57.0,114.0
808.0,196.0,57.0,114.0
810.0,196.0,57.0,114.0
810.0,194.0,57.0,114.0
810.0,194.0,57.0,114.0
810.0,194.0,57.0,114.0
810.0,192.0,57.0,114.0
811.0,192.0,57.0,114.0
811.0,192.0,57.0,114.0
811.0,190.0,57.0,114.0
811.0,190.0,57.0,114.0
811.0,190.0,57.0,114.0
811.0,188.0,57.0,114.0
811.0,188.0,56.0,114.0
809.0,188.0,56.0,114.0
809.0,186.0,56.0,114.0
809.0,186.0,56.0,114.0
809.0,186.0,56.0,114.0
807.0,184.0,56.0,114.0
807.0,182.0,56.0,114.0
807.0,180.0,56.0,114.0
805.0,178.0,56.0,114.0
805.0,178.0,56.0,114.0
805.0,176.0,56.0,114.0
805.0,174.0,56.0,114.0
805.0,174.0,56.0,114.0
803.0,172.0,56.0,113.0
803.0,170.0,56.0,112.0
803.0,170.0,56.0,112.0
803.0,168.0,56.0,112.0
803.0,168.0,56.0,112.0
803.0,168.0,56.0,112.0
803.0,166.0,56.0,112.0
803.0,166.0,56.0,112.0
803.0,166.0,56.0,112.0
803.0,164.0,56.0,112.0
803.0,164.0,56.0,112.0
803.0,164.0,56.0,112.0
803.0,162.0,56.0,112.0
803.0,162.0,56.0,113.0
803.0,160.0,56.0,113.0
805.0,158.0,56.0,113.0
805.0,156.0,56.0,113.0
805.0,154.0,56.0,113.0
805.0,152.0,56.0,113.0
807.0,150.0,56.0,113.0
807.0,148.0,56.0,113.0
805.0,146.0,56.0,113.0
803.0,144.0,56.0,112.0
801.0,142.0,56.0,112.0
799.0,140.0,56.0,112.0
795.0,140.0,56.0,112.0
791.0,138.0,56.0,112.0
785.0,136.0,56.0,112.0
779.0,134.0,56.0,112.0
773.0,132.0,56.0,112.0
765.0,130.0,56.0,112.0
757.0,128.0,56.0,112.0
749.0,126.0,56.0,112.0
739.0,126.0,56.0,112.0
729.0,124.0,56.0,113.0
719.0,122.0,56.0,113.0
707.0,120.0,56.0,113.0
697.0,118.0,56.0,113.0
687.0,116.0,56.0,113.0
675.0,114.0,56.0,113.0
665.0,112.0,56.0,113.0
655.0,110.0,56.0,113.0
645.0,108.0,56.0,113.0
635.0,106.0,56.0,113.0
627.0,104.0,56.0,113.0
619.0,102.0,56.0,112.0
611.0,100.0,56.0,112.0
603.0,100.0,56.0,112.0
597.0,98.0,56.0,112.0
593.0,98.0,56.0,112.0
587.0,96.0,56.0,112.0
583.0,96.0,56.0,112.0
579.0,94.0,56.0,112.0
575.0,94.0,56.0,113.0
573.0,94.0,56.0,113.0
571.0,92.0,56.0,113.0
569.0,92.0,56.0,113.0
567.0,92.0,56.0,113.0
565.0,92.0,56.0,113.0
563.0,90.0,56.0,113.0
563.0,90.0,56.0,113.0
561.0,88.0,56.0,113.0
561.0,86.0,56.0,113.0
559.0,84.0,56.0,113.0
559.0,82.0,56.0,113.0
557.0,82.0,56.0,113.0
557.0,80.0,56.0,113.0
555.0,78.0,56.0,113.0
555.0,78.0,56.0,113.0
555.0,76.0,56.0,112.0
553.0,76.0,56.0,112.0
553.0,74.0,56.0,112.0
553.0,74.0,56.0,112.0
553.0,74.0,56.0,111.0
551.0,72.0,56.0,111.0
551.0,72.0,56.0,111.0
551.0,72.0,56.0,112.0
549.0,72.0,56.0,112.0
549.0,70.0,56.0,112.0
549.0,70.0,56.0,112.0
547.0,70.0,55.0,112.0
547.0,70.0,55.0,112.0
545.0,70.0,55.0,112.0
545.0,68.0,55.0,112.0
543.0,68.0,55.0,112.0
543.0,66.0,55.0,112.0
541.0,66.0,55.0,112.0
541.0,64.0,55.0,112.0
539.0,64.0,55.0,112.0
539.0,62.0,55.0,112.0
538.0,62.0,55.0,112.0
537.0,62.0,55.0,111.0
536.0,62.0,55.0,111.0
535.0,62.0,55.0,111.0
534.0,62.0,55.0,111.0
534.0,60.0,55.0,111.0
534.0,60.0,55.0,112.0
532.0,60.0,55.0,112.0
532.0,62.0,55.0,112.0
532.0,62.0,55.0,112.0
530.0,62.0,55.0,112.0
529.0,62.0,55.0,112.0
530.0,62.0,55.0,112.0
530.0,62.0,55.0,112.0
528.0,64.0,55.0,112.0
528.0,64.0,55.0,112.0
528.0,62.0,55.0,112.0
528.0,62.0,55.0,112.0
526.0,62.0,55.0,112.0
526.0,62.0,55.0,112.0
526.0,62.0,55.0,112.0
525.0,62.0,55.0,112.0
525.0,62.0,55.0,112.0
525.0,64.0,55.0,112.0
525.0,64.0,55.0,112.0
523.0,64.0,55.0,112.0
523.0,66.0,55.0,112.0
523.0,66.0,55.0,112.0
524.0,68.0,55.0,112.0
524.0,68.0,55.0,112.0
523.0,70.0,55.0,112.0
522.0,70.0,55.0,112.0
521.0,72.0,55.0,112.0
521.0,74.0,55.0,112.0
521.0,74.0,55.0,112.0
521.0,76.0,55.0,112.0
519.0,78.0,55.0,112.0
519.0,78.0,55.0,112.0
519.0,80.0,55.0,112.0
519.0,80.0,55.0,112.0
517.0,82.0,55.0,112.0
517.0,82.0,55.0,112.0
517.0,82.0,55.0,112.0
517.0,84.0,55.0,112.0
516.0,84.0,55.0,112.0
515.0,86.0,55.0,112.0
515.0,88.0,55.0,112.0
515.0,90.0,55.0,111.0
514.0,90.0,55.0,111.0
514.0,92.0,55.0,111.0
514.0,94.0,55.0,111.0
514.0,96.0,55.0,111.0
514.0,98.0,55.0,111.0
514.0,100.0,55.0,111.0
513.0,102.0,55.0,111.0
513.0,104.0,55.0,112.0
513.0,106.0,56.0,112.0
513.0,108.0,56.0,112.0
513.0,110.0,56.0,112.0
513.0,114.0,56.0,112.0
513.0,116.0,56.0,112.0
513.0,118.0,56.0,112.0
513.0,121.0,56.0,112.0
513.0,122.0,56.0,112.0
513.0,122.0,56.0,112.0
511.0,124.0,56.0,112.0
511.0,126.0,56.0,113.0
511.0,126.0,56.0,113.0
512.0,128.0,56.0,113.0
512.0,130.0,56.0,113.0
511.0,132.0,56.0,113.0
511.0,134.0,56.0,113.0
511.0,136.0,56.0,112.0
511.0,138.0,56.0,112.0
511.0,140.0,56.0,112.0
511.0,142.0,56.0,112.0
511.0,144.0,56.0,112.0
511.0,146.0,56.0,112.0
511.0,148.0,56.0,112.0
511.0,150.0,56.0,112.0
511.0,154.0,56.0,112.0
511.0,156.0,56.0,112.0
511.0,158.0,56.0,112.0
511.0,160.0,56.0,112.0
509.0,162.0,56.0,112.0
509.0,164.0,56.0,112.0
509.0,166.0,56.0,113.0
509.0,166.0,56.0,113.0
509.0,168.0,56.0,113.0
509.0,168.0,56.0,113.0
509.0,170.0,56.0,112.0
509.0,170.0,56.0,112.0
509.0,172.0,56.0,112.0
509.0,174.0,56.0,112.0
509.0,176.0,56.0,112.0
509.0,178.0,56.0,112.0
509.0,180.0,56.0,112.0
509.0,182.0,56.0,112.0
509.0,184.0,56.0,112.0
509.0,186.0,56.0,112.0
509.0,188.0,56.0,113.0
509.0,190.0,56.0,113.0
511.0,192.0,56.0,113.0
511.0,194.0,56.0,113.0
511.0,196.0,56.0,113.0
513.0,198.0,56.0,113.0
513.0,200.0,56.0,113.0
513.0,200.0,56.0,114.0
515.0,200.0,56.0,114.0
515.0,202.0,56.0,113.0
517.0,202.0,56.0,113.0
517.0,204.0,56.0,113.0
519.0,206.0,56.0,113.0
519.0,206.0,56.0,113.0
519.0,208.0,56.0,113.0
521.0,210.0,56.0,113.0
521.0,211.0,56.0,112.0
521.0,214.0,56.0,112.0
523.0,216.0,56.0,112.0
523.0,218.0,56.0,112.0
525.0,220.0,56.0,112.0
525.0,222.0,56.0,113.0
527.0,224.0,56.0,113.0
527.0,226.0,56.0,113.0
527.0,228.0,56.0,113.0
529.0,230.0,56.0,113.0
529.0,232.0,56.0,113.0
529.0,232.0,56.0,113.0
529.0,233.0,56.0,113.0
531.0,234.0,56.0,113.0
531.0,234.0,56.0,113.0
531.0,236.0,56.0,114.0
533.0,236.0,56.0,113.0
533.0,238.0,56.0,113.0
535.0,238.0,56.0,113.0
535.0,240.0,56.0,113.0
537.0,241.0,56.0,113.0
537.0,241.0,56.0,113.0
539.0,243.0,56.0,113.0
541.0,245.0,56.0,113.0
541.0,246.0,56.0,113.0
543.0,248.0,56.0,113.0
545.0,249.0,56.0,113.0
547.0,251.0,56.0,113.0
547.0,253.0,56.0,113.0
549.0,253.0,56.0,114.0
551.0,255.0,56.0,114.0
553.0,255.0,56.0,114.0
555.0,255.0,56.0,114.0
557.0,256.0,56.0,114.0
559.0,256.0,56.0,114.0
561.0,255.0,56.0,114.0
561.0,255.0,56.0,114.0
563.0,256.0,56.0,114.0
565.0,257.0,56.0,114.0
567.0,257.0,56.0,114.0
569.0,259.0,56.0,113.0
571.0,259.0,56.0,113.0
573.0,260.0,56.0,113.0
575.0,261.0,56.0,113.0
577.0,261.0,56.0,113.0
577.0,263.0,56.0,114.0
579.0,265.0,56.0,114.0
581.0,265.0,56.0,114.0
583.0,267.0,56.0,114.0
585.0,267.0,56.0,114.0
587.0,269.0,56.0,114.0
589.0,269.0,56.0,114.0
589.0,271.0,56.0,114.0
591.0,271.0,56.0,114.0
593.0,271.0,56.0,114.0
595.0,271.0,56.0,114.0
597.0,271.0,56.0,114.0
599.0,271.0,56.0,114.0
601.0,271.0,56.0,114.0
603.0,271.0,56.0,113.0
605.0,271.0,56.0,113.0
609.0,271.0,56.0,113.0
611.0,273.0,56.0,113.0
613.0,274.0,56.0,113.0
615.0,275.0,56.0,113.0
617.0,275.0,56.0,113.0
620.0,277.0,56.0,113.0
623.0,277.0,56.0,113.0
625.0,279.0,56.0,113.0
629.0,281.0,56.0,113.0
631.0,282.0,56.0,113.0
635.0,283.0,55.0,114.0
638.0,284.0,55.0,114.0
641.0,284.0,55.0,114.0
644.0,284.0,55.0,114.0
647.0,283.0,55.0,114.0
651.0,283.0,55.0,114.0
655.0,284.0,55.0,114.0
657.0,284.0,55.0,113.0
661.0,282.0,56.0,113.0
665.0,282.0,56.0,113.0
667.0,282.0,56.0,113.0
671.0,282.0,56.0,113.0
675.0,283.0,56.0,112.0
677.0,283.0,56.0,112.0
681.0,283.0,56.0,112.0
683.0,284.0,56.0,113.0
687.0,284.0,56.0,113.0
691.0,286.0,56.0,113.0
693.0,285.0,56.0,113.0
697.0,285.0,56.0,114.0
699.0,286.0,56.0,114.0
703.0,286.0,56.0,114.0
705.0,286.0,56.0,114.0
707.0,285.0,56.0,114.0
711.0,285.0,56.0,115.0
713.0,283.0,55.0,115.0
717.0,283.0,55.0,114.0
719.0,281.0,56.0,114.0
721.0,281.0,56.0,113.0
725.0,281.0,56.0,113.0
727.0,281.0,56.0,113.0
729.0,280.0,56.0,113.0
731.0,279.0,56.0,113.0
733.0,279.0,56.0,113.0
735.0,279.0,56.0,113.0
737.0,279.0,56.0,113.0
739.0,279.0,56.0,113.0
741.0,279.0,56.0,113.0
743.0,280.0,56.0,113.0
745.0,281.0,56.0,113.0
745.0,281.0,56.0,113.0
747.0,282.0,57.0,113.0
749.0,282.0,57.0,113.0
750.0,282.0,57.0,114.0
752.0,280.0,57.0,113.0
754.0,280.0,57.0,113.0
754.0,278.0,57.0,113.0
756.0,276.0,57.0,113.0
756.0,276.0,57.0,113.0
756.0,274.0,57.0,113.0
755.0,273.0,57.0,113.0
752.0,272.0,57.0,113.0
748.0,271.0,57.0,113.0
740.0,269.0,57.0,113.0
731.0,269.0,57.0,113.0
722.0,268.0,57.0,113.0
710.0,267.0,57.0,113.0
698.0,266.0,57.0,113.0
686.0,265.0,57.0,113.0
672.0,265.0,57.0,113.0
658.0,264.0,57.0,113.0
646.0,264.0,57.0,113.0
632.0,263.0,57.0,113.0
618.0,261.0,57.0,114.0
604.0,261.0,57.0,114.0
588.0,260.0,57.0,114.0
574.0,259.0,57.0,114.0
560.0,259.0,57.0,114.0
548.0,259.0,57.0,114.0
536.0,259.0,57.0,114.0
524.0,259.0,57.0,114.0
514.0,259.0,57.0,113.0
504.0,259.0,56.0,113.0
495.0,259.0,56.0,113.0
487.0,261.0,56.0,113.0
479.0,261.0,56.0,113.0
472.0,261.0,56.0,113.0
465.0,263.0,56.0,113.0
459.0,263.0,56.0,113.0
455.0,263.0,57.0,114.0
451.0,265.0,57.0,114.0
448.0,265.0,56.0,114.0
446.0,265.0,56.0,114.0
444.0,265.0,56.0,114.0
442.0,264.0,56.0,114.0
440.0,264.0,56.0,114.0
440.0,262.0,56.0,114.0
440.0,260.0,56.0,114.0
438.0,258.0,56.0,114.0
438.0,257.0,56.0,114.0
436.0,255.0,56.0,113.0
436.0,253.0,56.0,113.0
434.0,253.0,56.0,113.0
434.0,251.0,55.0,113.0
434.0,251.0,55.0,113.0
432.0,249.0,55.0,113.0
432.0,249.0,56.0,113.0
432.0,247.0,56.0,113.0
430.0,247.0,56.0,113.0
429.0,246.0,56.0,113.0
429.0,244.0,57.0,113.0
429.0,244.0,57.0,113.0
427.0,242.0,57.0,113.0
427.0,240.0,57.0,114.0
427.0,239.0,57.0,114.0
427.0,237.0,57.0,114.0
427.0,235.0,57.0,114.0
427.0,232.0,57.0,114.0
427.0,230.0,57.0,114.0
425.0,227.0,57.0,114.0
425.0,225.0,57.0,114.0
425.0,223.0,57.0,114.0
425.0,221.0,57.0,114.0
423.0,219.0,57.0,113.0
423.0,217.0,57.0,113.0
423.0,216.0,57.0,113.0
423.0,215.0,57.0,113.0
423.0,213.0,57.0,113.0
423.0,211.0,57.0,113.0
423.0,209.0,57.0,113.0
423.0,209.0,57.0,113.0
422.0,207.0,57.0,113.0
423.0,206.0,57.0,113.0
423.0,206.0,57.0,113.0
423.0,204.0,57.0,113.0
423.0,202.0,57.0,113.0
423.0,201.0,57.0,113.0
423.0,199.0,57.0,114.0
423.0,197.0,57.0,114.0
423.0,195.0,56.0,114.0
425.0,193.0,56.0,114.0
425.0,191.0,56.0,114.0
425.0,189.0,57.0,114.0
425.0,186.0,57.0,114.0
425.0,184.0,57.0,114.0
425.0,182.0,56.0,113.0
425.0,181.0,56.0,113.0
425.0,180.0,56.0,113.0
425.0,178.0,56.0,113.0
425.0,176.0,56.0,113.0
426.0,176.0,55.0,113.0
426.0,174.0,55.0,113.0
426.0,172.0,55.0,113.0
426.0,172.0,55.0,113.0
426.0,170.0,55.0,113.0
426.0,170.0,55.0,113.0
426.0,168.0,55.0,113.0
426.0,167.0,55.0,113.0
426.0,166.0,56.0,114.0
426.0,164.0,56.0,114.0
426.0,164.0,55.0,114.0
426.0,162.0,55.0,114.0
425.0,160.0,55.0,114.0
425.0,158.0,55.0,114.0
425.0,156.0,55.0,114.0
425.0,154.0,55.0,114.0
425.0,152.0,56.0,113.0
425.0,150.0,56.0,113.0
425.0,150.0,56.0,113.0
425.0,148.0,56.0,113.0
425.0,147.0,56.0,113.0
425.0,146.0,56.0,113.0
425.0,145.0,56.0,113.0
427.0,144.0,56.0,113.0
427.0,144.0,56.0,113.0
427.0,143.0,55.0,113.0
427.0,142.0,55.0,113.0
429.0,142.0,55.0,114.0
430.0,142.0,55.0,114.0
430.0,141.0,55.0,114.0
432.0,141.0,55.0,114.0
432.0,140.0,55.0,114.0
433.0,140.0,55.0,114.0
433.0,138.0,55.0,114.0
435.0,136.0,55.0,114.0
435.0,136.0,55.0,114.0
435.0,134.0,55.0,114.0
436.0,132.0,55.0,114.0
436.0,131.0,55.0,113.0
436.0,130.0,55.0,113.0
436.0,130.0,55.0,113.0
434.0,129.0,55.0,113.0
434.0,130.0,55.0,113.0
432.0,130.0,55.0,113.0
431.0,130.0,55.0,113.0
429.0,130.0,55.0,113.0
427.0,130.0,55.0,113.0
425.0,130.0,55.0,113.0
423.0,131.0,55.0,113.0
419.0,132.0,55.0,114.0
417.0,132.0,55.0,114.0
414.0,132.0,55.0,114.0
412.0,134.0,55.0,114.0
410.0,134.0,55.0,114.0
408.0,134.0,55.0,114.0
405.0,134.0,55.0,114.0
403.0,132.0,55.0,114.0
401.0,132.0,55.0,114.0
401.0,132.0,55.0,114.0
399.0,130.0,55.0,114.0
397.0,130.0,55.0,114.0
397.0,129.0,55.0,113.0
396.0,129.0,55.0,113.0
396.0,129.0,55.0,113.0
394.0,129.0,56.0,113.0
394.0,130.0,56.0,113.0
394.0,130.0,56.0,113.0
393.0,130.0,56.0,113.0
391.0,130.0,56.0,113.0
391.0,132.0,56.0,113.0
391.0,131.0,56.0,113.0
389.0,131.0,56.0,113.0
389.0,131.0,56.0,113.0
389.0,132.0,56.0,114.0
387.0,132.0,56.0,114.0
387.0,132.0,56.0,114.0
387.0,132.0,56.0,114.0
385.0,132.0,56.0,114.0
385.0,130.0,56.0,114.0
384.0,130.0,56.0,114.0
383.0,129.0,56.0,114.0
382.0,128.0,56.0,114.0
381.0,128.0,56.0,114.0
379.0,128.0,56.0,114.0
379.0,128.0,56.0,113.0
377.0,128.0,56.0,113.0
377.0,128.0,56.0,113.0
375.0,128.0,56.0,113.0
374.0,130.0,56.0,113.0
373.0,130.0,56.0,113.0
371.0,130.0,56.0,113.0
369.0,132.0,56.0,113.0
367.0,132.0,57.0,113.0
367.0,134.0,57.0,113.0
365.0,134.0,57.0,113.0
363.0,136.0,57.0,113.0
361.0,136.0,57.0,113.0
359.0,136.0,57.0,113.0
355.0,136.0,57.0,113.0
353.0,136.0,57.0,113.0
351.0,136.0,58.0,113.0
349.0,136.0,58.0,113.0
347.0,136.0,58.0,113.0
343.0,138.0,58.0,113.0
341.0,138.0,58.0,113.0
339.0,138.0,58.0,113.0
337.0,138.0,58.0,113.0
335.0,140.0,57.0,113.0
333.0,140.0,57.0,113.0
331.0,142.0,57.0,113.0
329.0,142.0,57.0,113.0
327.0,144.0,57.0,113.0
327.0,144.0,57.0,113.0
325.0,146.0,57.0,113.0
323.0,148.0,57.0,113.0
323.0,148.0,57.0,113.0
321.0,150.0,57.0,113.0
319.0,152.0,57.0,113.0
319.0,152.0,57.0,113.0
319.0,152.0,57.0,113.0
321.0,152.0,57.0,113.0
323.0,152.0,57.0,113.0
327.0,152.0,57.0,113.0
331.0,150.0,57.0,113.0
337.0,150.0,57.0,113.0
343.0,150.0,57.0,113.0
349.0,148.0,56.0,113.0
357.0,148.0,56.0,113.0
365.0,148.0,56.0,113.0
373.0,148.0,56.0,113.0
381.0,146.0,56.0,113.0
389.0,146.0,56.0,113.0
395.0,146.0,56.0,113.0
403.0,146.0,56.0,113.0
411.0,148.0,56.0,113.0
417.0,148.0,56.0,113.0
424.0,149.0,56.0,113.0
430.0,150.0,56.0,113.0
435.0,152.0,56.0,112.0
439.0,152.0,56.0,112.0
445.0,154.0,56.0,112.0
447.0,154.0,56.0,112.0
451.0,156.0,56.0,112.0
453.0,156.0,56.0,112.0
455.0,156.0,56.0,112.0
455.0,158.0,56.0,112.0
455.0,158.0,56.0,112.0
455.0,158.0,56.0,112.0
455.0,160.0,56.0,112.0
455.0,162.0,56.0,112.0
453.0,164.0,56.0,112.0
451.0,166.0,56.0,112.0
449.0,167.0,56.0,113.0
447.0,170.0,56.0,113.0
445.0,172.0,56.0,113.0
445.0,174.0,56.0,113.0
443.0,176.0,56.0,113.0
441.0,178.0,56.0,113.0
441.0,180.0,56.0,113.0
439.0,182.0,56.0,113.0
439.0,184.0,56.0,113.0
437.0,186.0,56.0,113.0
435.0,188.0,56.0,113.0
433.0,189.0,56.0,113.0
431.0,191.0,56.0,113.0
429.0,192.0,56.0,113.0
427.0,193.0,56.0,113.0
425.0,194.0,56.0,113.0
425.0,196.0,56.0,113.0
423.0,198.0,56.0,113.0
421.0,200.0,56.0,113.0
419.0,200.0,56.0,113.0
419.0,202.0,56.0,113.0
417.0,204.0,56.0,113.0
415.0,206.0,56.0,113.0
415.0,208.0,56.0,113.0
413.0,210.0,56.0,113.0
411.0,213.0,56.0,113.0
409.0,215.0,56.0,113.0
407.0,217.0,56.0,114.0
407.0,219.0,56.0,113.0
405.0,223.0,56.0,113.0
403.0,225.0,56.0,112.0
401.0,227.0,56.0,112.0
399.0,229.0,56.0,112.0
397.0,231.0,56.0,113.0
393.0,233.0,56.0,113.0
391.0,233.0,56.0,113.0
389.0,235.0,56.0,113.0
387.0,237.0,56.0,113.0
385.0,239.0,56.0,113.0
383.0,241.0,56.0,113.0
381.0,243.0,56.0,113.0
379.0,245.0,56.0,113.0
377.0,247.0,56.0,113.0
375.0,249.0,56.0,113.0
375.0,251.0,56.0,113.0
373.0,253.0,56.0,113.0
371.0,255.0,56.0,113.0
369.0,259.0,56.0,113.0
369.0,261.0,57.0,113.0
367.0,263.0,57.0,113.0
365.0,265.0,57.0,113.0
365.0,269.0,57.0,113.0
363.0,271.0,57.0,113.0
361.0,273.0,57.0,114.0
361.0,275.0,57.0,114.0
359.0,277.0,57.0,114.0
357.0,277.0,57.0,114.0
355.0,279.0,57.0,114.0
353.0,279.0,57.0,114.0
351.0,281.0,57.0,114.0
351.0,283.0,57.0,114.0
349.0,283.0,57.0,114.0
347.0,285.0,57.0,114.0
347.0,287.0,57.0,114.0
345.0,289.0,57.0,114.0
345.0,291.0,57.0,114.0
343.0,291.0,57.0,114.0
343.0,293.0,57.0,114.0
341.0,295.0,57.0,114.0
339.0,297.0,57.0,114.0
339.0,299.0,57.0,114.0
339.0,301.0,57.0,114.0
337.0,303.0,57.0,114.0
337.0,305.0,57.0,114.0
337.0,305.0,58.0,114.0
335.0,308.0,58.0,114.0
335.0,307.0,58.0,114.0
335.0,307.0,58.0,114.0
334.0,307.0,58.0,114.0
335.0,307.0,58.0,113.0
335.0,307.0,58.0,113.0
336.0,308.0,58.0,113.0
338.0,308.0,58.0,113.0
340.0,307.0,58.0,113.0
342.0,307.0,58.0,113.0
344.0,307.0,58.0,113.0
347.0,306.0,58.0,113.0
349.0,305.0,57.0,113.0
351.0,305.0,57.0,113.0
355.0,305.0,57.0,113.0
357.0,305.0,57.0,113.0
361.0,303.0,58.0,113.0
363.0,303.0,58.0,113.0
365.0,303.0,58.0,114.0
369.0,301.0,58.0,114.0
371.0,301.0,58.0,114.0
373.0,299.0,58.0,114.0
375.0,297.0,58.0,114.0
377.0,295.0,57.0,114.0
377.0,293.0,57.0,114.0
379.0,291.0,57.0,114.0
379.0,289.0,57.0,114.0
381.0,287.0,56.0,114.0
381.0,285.0,56.0,114.0
383.0,285.0,56.0,114.0
383.0,283.0,56.0,114.0
383.0,283.0,56.0,114.0
383.0,281.0,56.0,114.0
383.0,281.0,56.0,114.0
383.0,281.0,56.0,114.0
383.0,279.0,56.0,113.0
383.0,279.0,56.0,113.0
383.0,279.0,56.0,113.0
385.0,277.0,56.0,114.0
385.0,277.0,56.0,114.0
385.0,275.0,56.0,114.0
385.0,275.0,56.0,114.0
387.0,273.0,56.0,114.0
387.0,271.0,57.0,113.0
389.0,269.0,57.0,113.0
391.0,266.0,57.0,113.0
393.0,264.0,57.0,113.0
397.0,262.0,57.0,113.0
399.0,260.0,57.0,113.0
403.0,257.0,57.0,113.0
407.0,255.0,57.0,113.0
412.0,253.0,56.0,113.0
416.0,251.0,56.0,113.0
420.0,251.0,56.0,113.0
426.0,249.0,56.0,113.0
430.0,247.0,56.0,113.0
434.0,247.0,56.0,113.0
439.0,246.0,56.0,113.0
444.0,245.0,56.0,113.0
449.0,243.0,56.0,113.0
453.0,243.0,56.0,114.0
