653, 556, 45, 73
654, 554, 46, 74
657, 552, 45, 73
660, 548, 46, 74
662, 546, 45, 73
663, 540, 48, 77
663, 534, 51, 82
664, 530, 52, 84
670, 530, 48, 77
672, 526, 46, 74
673, 518, 49, 79
674, 514, 48, 77
679, 512, 45, 73
679, 505, 46, 74
682, 500, 46, 74
683, 495, 45, 73
686, 488, 45, 73
688, 483, 45, 73
689, 477, 44, 72
693, 472, 43, 70
695, 467, 42, 67
699, 461, 41, 66
701, 457, 41, 66
702, 455, 39, 64
704, 455, 40, 65
705, 455, 40, 65
705, 454, 42, 67
705, 455, 42, 67
707, 454, 42, 69
702, 453, 42, 69
702, 454, 42, 67
702, 454, 41, 66
702, 454, 42, 67
702, 454, 42, 69
702, 455, 42, 69
702, 455, 42, 69
701, 455, 43, 70
700, 454, 44, 72
700, 454, 45, 73
700, 454, 45, 73
700, 454, 46, 74
701, 455, 46, 74
702, 455, 46, 74
702, 456, 46, 74
702, 456, 46, 74
702, 457, 46, 74
702, 457, 46, 74
703, 458, 46, 74
703, 458, 46, 74
703, 458, 46, 74
703, 459, 46, 74
704, 460, 46, 74
704, 460, 46, 74
704, 461, 46, 74
704, 461, 46, 74
704, 461, 47, 76
704, 461, 47, 76
703, 462, 47, 76
703, 463, 47, 76
704, 464, 47, 76
704, 464, 47, 76
704, 464, 47, 76
704, 464, 47, 76
703, 464, 48, 77
704, 466, 47, 76
703, 466, 47, 76
703, 466, 47, 76
703, 467, 47, 76
703, 467, 47, 76
702, 467, 48, 77
703, 468, 47, 76
703, 468, 47, 76
704, 469, 47, 76
703, 468, 48, 77
706, 470, 47, 76
706, 470, 47, 76
707, 470, 47, 76
709, 469, 48, 77
712, 472, 47, 76
712, 472, 47, 76
715, 472, 47, 76
717, 473, 47, 76
717, 472, 48, 77
721, 473, 48, 77
722, 474, 48, 77
723, 474, 48, 77
724, 473, 49, 79
727, 475, 48, 77
727, 476, 48, 77
728, 476, 48, 77
729, 477, 48, 77
729, 477, 48, 77
730, 477, 48, 77
730, 477, 48, 77
730, 478, 48, 77
730, 479, 48, 77
731, 479, 48, 77
731, 480, 48, 77
732, 481, 48, 77
0.0, 0.0, 0.0, 0.0
852, 525, 40, 80
854, 527, 39, 78
855, 529, 41, 82
856, 530, 40, 80
858, 532, 40, 80
860, 534, 40, 80
861, 537, 39, 78
863, 540, 38, 77
864, 541, 38, 77
866, 543, 38, 75
866, 543, 38, 77
868, 548, 38, 75
869, 547, 38, 77
871, 546, 39, 78
872, 548, 41, 82
874, 548, 41, 82
876, 550, 41, 82
879, 552, 40, 80
882, 553, 40, 80
886, 555, 38, 77
887, 555, 40, 80
890, 557, 39, 78
892, 557, 39, 78
895, 559, 39, 78
898, 561, 38, 77
900, 561, 38, 77
903, 567, 37, 74
904, 566, 38, 75
907, 567, 38, 75
909, 571, 37, 74
910, 572, 38, 75
912, 574, 37, 74
915, 575, 38, 75
916, 576, 38, 75
919, 577, 37, 74
922, 578, 37, 74
924, 578, 38, 75
927, 580, 37, 74
928, 581, 37, 74
931, 582, 37, 74
933, 584, 37, 74
936, 585, 37, 74
936, 586, 38, 75
939, 587, 38, 75
939, 590, 38, 75
942, 589, 38, 77
943, 590, 39, 78
946, 591, 39, 78
946, 593, 39, 78
949, 595, 38, 77
950, 595, 39, 78
952, 595, 40, 80
953, 596, 40, 80
955, 599, 39, 78
957, 600, 41, 82
958, 601, 40, 80
960, 603, 41, 82
962, 604, 41, 82
963, 605, 41, 82
965, 606, 41, 82
967, 607, 42, 83
970, 608, 42, 83
971, 610, 41, 82
972, 611, 40, 80
974, 612, 40, 80
975, 614, 40, 80
978, 615, 40, 80
978, 616, 41, 82
980, 617, 41, 82
980, 618, 41, 82
982, 619, 41, 82
984, 620, 42, 83
986, 621, 42, 83
988, 621, 42, 83
989, 622, 42, 85
990, 622, 42, 85
992, 622, 42, 85
993, 624, 42, 85
995, 624, 42, 85
996, 626, 42, 85
998, 626, 42, 85
1000, 628, 42, 83
1002, 629, 42, 83
1003, 631, 42, 83
1005, 631, 42, 83
1006, 631, 42, 83
1008, 632, 42, 83
1010, 634, 42, 83
1014, 635, 41, 82
1016, 635, 41, 82
1017, 635, 41, 82
1021, 636, 41, 82
1021, 637, 41, 82
1024, 638, 42, 83
1026, 640, 42, 83
1028, 642, 42, 83
1030, 642, 42, 83
1033, 643, 42, 83
1036, 645, 42, 83
0.0, 0.0, 0.0, 0.0
1031, 645, 46, 81
1033, 647, 45, 79
1037, 646, 46, 81
1040, 649, 44, 77
1042, 648, 44, 77
1044, 649, 44, 77
1045, 650, 45, 79
1048, 651, 45, 79
1050, 653, 44, 77
1051, 655, 44, 77
1054, 654, 45, 79
1059, 659, 42, 74
1061, 658, 43, 76
1062, 661, 42, 74
1065, 660, 42, 73
1067, 659, 42, 74
1068, 662, 42, 74
1070, 662, 44, 77
1071, 661, 45, 79
1072, 663, 44, 77
1074, 663, 45, 79
1074, 665, 45, 79
1078, 666, 43, 76
1078, 667, 45, 79
1081, 668, 43, 76
1083, 668, 44, 77
1084, 669, 43, 76
1085, 671, 43, 76
1087, 672, 43, 76
1087, 670, 46, 81
1088, 670, 47, 82
1089, 671, 47, 82
1091, 672, 46, 81
1092, 674, 45, 79
1090, 674, 46, 81
1091, 676, 45, 79
1092, 675, 46, 81
1094, 676, 46, 81
1096, 678, 45, 79
1097, 680, 44, 77
1098, 681, 45, 79
1100, 682, 45, 79
1100, 683, 46, 81
1102, 684, 46, 81
1104, 686, 46, 81
1106, 687, 45, 79
1107, 688, 45, 79
1110, 689, 44, 77
1113, 690, 43, 76
1116, 690, 44, 77
1118, 691, 44, 77
1120, 691, 44, 77
1122, 693, 44, 77
1123, 693, 44, 77
1125, 694, 44, 77
1128, 696, 44, 77
1130, 698, 44, 77
1131, 700, 44, 77
1134, 701, 45, 79
1136, 703, 45, 79
1139, 704, 46, 81
1141, 707, 46, 81
1144, 708, 45, 79
1148, 710, 44, 77
1152, 710, 44, 77
1155, 711, 45, 79
1159, 712, 45, 79
1160, 713, 45, 79
1162, 714, 45, 79
1165, 715, 45, 79
1167, 716, 45, 79
1170, 717, 45, 79
1172, 718, 45, 79
1174, 718, 45, 79
1176, 718, 45, 79
1179, 717, 46, 81
1182, 720, 45, 79
1181, 719, 45, 79
1185, 721, 44, 77
1187, 722, 43, 76
1190, 722, 43, 76
1193, 724, 42, 74
1195, 725, 42, 73
1197, 726, 42, 73
1199, 727, 42, 73
1201, 729, 42, 73
1203, 729, 42, 73
1204, 729, 42, 74
1206, 730, 43, 76
