448.0,448.0,235.0,250.0
455.0,440.0,229.0,243.0
460.0,445.0,221.0,235.0
474.0,440.0,210.0,225.0
488.0,439.0,196.0,209.0
503.0,425.0,194.0,205.0
504.0,429.0,189.0,200.0
510.0,422.0,189.0,200.0
526.0,412.0,185.0,194.0
527.0,414.0,183.0,192.0
541.0,409.0,181.0,193.0
553.0,407.0,177.0,188.0
554.0,406.0,176.0,187.0
567.0,402.0,172.0,183.0
581.0,400.0,166.0,177.0
578.0,403.0,170.0,176.0
590.0,396.0,168.0,174.0
609.0,391.0,162.0,177.0
619.0,390.0,162.0,181.0
620.0,394.0,161.0,179.0
630.0,396.0,157.0,174.0
640.0,398.0,153.0,171.0
639.0,394.0,155.0,173.0
648.0,392.0,152.0,169.0
656.0,386.0,151.0,168.0
653.0,388.0,154.0,171.0
665.0,388.0,145.0,161.0
673.0,388.0,139.0,154.0
675.0,390.0,136.0,151.0
680.0,391.0,132.0,146.0
683.0,392.0,137.0,146.0
682.0,392.0,137.0,146.0
682.0,390.0,139.0,148.0
685.0,391.0,135.0,144.0
688.0,391.0,131.0,140.0
693.0,394.0,126.0,135.0
693.0,393.0,123.0,132.0
692.0,391.0,123.0,132.0
692.0,391.0,123.0,132.0
690.0,390.0,122.0,130.0
691.0,391.0,116.0,124.0
692.0,392.0,114.0,122.0
690.0,389.0,113.0,120.0
685.0,386.0,113.0,121.0
684.0,386.0,115.0,123.0
682.0,385.0,114.0,126.0
676.0,381.0,114.0,127.0
672.0,380.0,113.0,125.0
672.0,378.0,114.0,126.0
665.0,374.0,114.0,126.0
665.0,375.0,108.0,123.0
664.0,372.0,108.0,123.0
656.0,370.0,108.0,123.0
654.0,368.0,105.0,119.0
653.0,368.0,105.0,119.0
651.0,366.0,102.0,120.0
646.0,364.0,102.0,120.0
646.0,365.0,101.0,117.0
642.0,365.0,98.0,115.0
637.0,361.0,100.0,116.0
638.0,362.0,100.0,115.0
631.0,362.0,99.0,114.0
627.0,355.0,99.0,114.0
618.0,357.0,99.0,114.0
619.0,358.0,101.0,115.0
619.0,353.0,99.0,110.0
613.0,349.0,99.0,111.0
613.0,349.0,99.0,111.0
610.0,348.0,98.0,109.0
608.0,345.0,98.0,108.0
608.0,348.0,98.0,103.0
605.0,347.0,97.0,101.0
603.0,345.0,96.0,100.0
604.0,346.0,96.0,100.0
600.0,344.0,97.0,101.0
600.0,344.0,97.0,101.0
599.0,344.0,95.0,99.0
599.0,344.0,95.0,99.0
596.0,343.0,95.0,99.0
595.0,343.0,95.0,99.0
595.0,344.0,93.0,96.0
595.0,344.0,91.0,94.0
596.0,346.0,89.0,91.0
596.0,345.0,90.0,92.0
595.0,346.0,90.0,92.0
597.0,344.0,89.0,97.0
597.0,344.0,89.0,97.0
596.0,346.0,89.0,97.0
595.0,345.0,92.0,100.0
594.0,346.0,92.0,100.0
595.0,346.0,90.0,103.0
593.0,345.0,91.0,104.0
591.0,346.0,93.0,106.0
591.0,346.0,93.0,106.0
591.0,346.0,93.0,106.0
592.0,347.0,91.0,107.0
591.0,347.0,93.0,108.0
588.0,346.0,95.0,110.0
587.0,346.0,95.0,110.0
324.0,185.0,9.0,19.0
647.0,368.0,19.0,40.0
645.0,368.0,20.0,41.0
645.0,367.0,20.0,42.0
645.0,368.0,20.0,41.0
643.0,368.0,20.0,41.0
644.0,368.0,20.0,41.0
644.0,368.0,20.0,41.0
643.0,368.0,20.0,41.0
642.0,367.0,20.0,40.0
