244.0,437.0,19.0,66.0
245.0,437.0,19.0,67.0
247.0,437.0,21.0,72.0
248.0,436.0,21.0,73.0
250.0,435.0,22.0,76.0
252.0,440.0,22.0,76.0
253.0,441.0,21.0,75.0
255.0,442.0,21.0,77.0
255.0,444.0,21.0,78.0
257.0,443.0,22.0,82.0
258.0,449.0,23.0,81.0
259.0,448.0,23.0,83.0
262.0,449.0,23.0,84.0
265.0,445.0,23.0,84.0
265.0,444.0,24.0,87.0
270.0,448.0,25.0,80.0
274.0,444.0,23.0,79.0
278.0,438.0,23.0,77.0
283.0,431.0,23.0,76.0
291.0,422.0,24.0,80.0
294.0,416.0,25.0,76.0
301.0,405.0,25.0,78.0
307.0,395.0,26.0,81.0
312.0,387.0,26.0,80.0
318.0,378.0,26.0,79.0
322.0,365.0,29.0,86.0
327.0,356.0,29.0,87.0
333.0,349.0,29.0,85.0
340.0,340.0,28.0,84.0
345.0,325.0,30.0,89.0
353.0,319.0,28.0,88.0
358.0,310.0,28.0,88.0
364.0,304.0,28.0,87.0
370.0,294.0,29.0,90.0
375.0,286.0,29.0,91.0
380.0,281.0,29.0,89.0
393.0,270.0,31.0,89.0
399.0,262.0,31.0,90.0
394.0,252.0,31.0,89.0
400.0,245.0,31.0,90.0
407.0,238.0,32.0,91.0
413.0,233.0,30.0,87.0
418.0,230.0,29.0,85.0
423.0,223.0,29.0,87.0
428.0,218.0,30.0,88.0
430.0,214.0,32.0,89.0
435.0,205.0,32.0,92.0
439.0,200.0,33.0,94.0
443.0,197.0,32.0,95.0
447.0,194.0,33.0,95.0
450.0,192.0,33.0,94.0
454.0,189.0,33.0,94.0
459.0,186.0,31.0,95.0
463.0,184.0,31.0,95.0
464.0,182.0,33.0,96.0
468.0,181.0,32.0,93.0
470.0,179.0,34.0,95.0
475.0,178.0,33.0,93.0
480.0,176.0,36.0,94.0
493.0,178.0,34.0,94.0
496.0,179.0,35.0,94.0
499.0,180.0,37.0,95.0
498.0,179.0,37.0,95.0
506.0,182.0,36.0,98.0
506.0,183.0,36.0,97.0
514.0,189.0,36.0,95.0
519.0,189.0,34.0,98.0
522.0,192.0,35.0,99.0
526.0,193.0,35.0,99.0
530.0,196.0,34.0,98.0
533.0,199.0,35.0,97.0
538.0,202.0,35.0,97.0
540.0,202.0,36.0,100.0
542.0,205.0,36.0,100.0
545.0,207.0,39.0,101.0
547.0,211.0,39.0,101.0
552.0,215.0,38.0,99.0
553.0,218.0,38.0,100.0
555.0,221.0,38.0,101.0
556.0,226.0,39.0,102.0
559.0,230.0,39.0,103.0
563.0,234.0,38.0,101.0
565.0,238.0,38.0,101.0
567.0,242.0,38.0,101.0
570.0,247.0,38.0,102.0
574.0,249.0,36.0,103.0
576.0,253.0,36.0,103.0
578.0,257.0,36.0,103.0
581.0,260.0,36.0,103.0
582.0,265.0,36.0,103.0
585.0,270.0,36.0,103.0
588.0,274.0,35.0,102.0
591.0,277.0,36.0,103.0
595.0,279.0,36.0,104.0
598.0,282.0,36.0,104.0
605.0,288.0,34.0,102.0
607.0,291.0,34.0,102.0
611.0,294.0,34.0,102.0
614.0,296.0,34.0,103.0
263.0,275.0,22.0,40.0
513.0,547.0,53.0,88.0
501.0,545.0,54.0,92.0
484.0,541.0,62.0,92.0
469.0,539.0,65.0,87.0
453.0,536.0,65.0,83.0
438.0,523.0,73.0,84.0
425.0,511.0,75.0,87.0
408.0,499.0,82.0,83.0
396.0,487.0,82.0,77.0
385.0,471.0,74.0,75.0
375.0,453.0,80.0,74.0
366.0,434.0,80.0,74.0
368.0,406.0,82.0,72.0
367.0,404.0,86.0,76.0
362.0,392.0,83.0,77.0
359.0,374.0,81.0,79.0
367.0,366.0,79.0,75.0
364.0,353.0,80.0,78.0
372.0,345.0,80.0,78.0
370.0,332.0,81.0,79.0
373.0,321.0,82.0,83.0
373.0,314.0,82.0,83.0
372.0,307.0,83.0,84.0
372.0,299.0,82.0,83.0
375.0,291.0,74.0,81.0
375.0,281.0,75.0,83.0
352.0,270.0,75.0,83.0
353.0,258.0,75.0,84.0
353.0,250.0,75.0,84.0
353.0,244.0,74.0,81.0
358.0,236.0,65.0,80.0
359.0,228.0,65.0,80.0
359.0,221.0,65.0,80.0
361.0,252.0,65.0,81.0
354.0,248.0,64.0,80.0
