9,493,89,140
27,485,89,140
45,476,89,139
35,239,36,61
45,237,36,60
55,234,36,60
65,231,36,59
75,228,36,59
85,226,36,58
95,223,35,58
126,455,88,134
131,458,88,133
125,215,35,55
153,448,88,131
145,209,35,54
175,445,87,130
165,204,35,53
192,439,87,129
185,198,34,52
195,196,34,51
205,193,34,50
215,190,34,49
225,188,34,49
230,186,33,49
234,184,33,49
239,182,33,48
243,180,33,48
248,179,32,48
252,177,32,48
257,175,32,47
261,173,32,47
266,172,31,47
270,170,31,47
275,168,31,46
279,166,31,46
284,165,30,46
288,163,30,46
293,161,30,45
297,159,30,45
302,158,30,45
306,156,30,45
311,155,31,45
315,154,32,45
320,153,32,45
325,152,33,45
329,151,34,45
334,150,35,45
339,149,35,45
362,386,88,122
348,147,37,45
372,386,90,122
370,382,89,122
356,144,35,45
376,379,86,122
360,143,32,45
362,142,31,45
364,141,30,45
366,140,28,45
368,139,27,45
370,138,26,45
372,137,24,45
385,375,76,122
382,374,76,122
369,136,24,45
366,135,25,44
364,135,25,44
374,372,78,121
368,373,78,121
357,133,26,44
367,371,79,120
353,375,80,120
350,132,27,43
360,370,80,119
348,372,81,119
352,373,81,119
340,130,29,42
354,371,82,118
337,130,30,41
355,371,82,118
351,370,81,118
348,374,81,118
335,129,28,41
351,372,80,118
348,372,80,118
345,374,79,118
343,374,79,118
342,373,78,118
343,374,78,118
340,371,77,118
344,372,77,118
339,372,78,118
337,373,79,117
337,373,80,117
341,370,81,117
335,368,82,117
333,371,83,117
330,371,84,117
330,372,85,116
321,371,86,116
326,372,86,116
318,372,85,117
315,376,84,117
309,376,84,118
307,378,82,119
305,377,82,119
304,376,81,120
298,378,80,121
296,378,79,121
293,378,78,122
292,377,79,122
285,378,80,122
284,376,81,121
282,378,81,121
271,380,82,121
276,379,83,120
271,382,84,120
267,380,85,120
265,383,86,119
260,382,87,119
255,385,87,118
254,382,87,118
246,384,87,118
249,387,86,118
243,386,86,118
241,387,85,118
237,387,85,118
230,391,84,118
225,396,84,118
226,398,84,118
219,397,83,118
214,402,83,118
206,406,83,118
204,404,82,118
203,407,82,118
197,408,82,118
195,411,81,118
192,414,81,118
190,416,80,118
194,413,80,118
201,412,80,118
188,421,79,119
203,419,79,119
210,420,78,119
222,411,78,119
216,420,78,119
225,421,78,119
230,423,77,119
241,417,77,119
237,423,76,120
241,422,76,120
251,425,76,119
255,425,76,120
268,421,75,120
271,423,75,120
273,424,74,120
275,427,74,120
304,408,74,120
295,426,74,120
305,422,75,120
320,411,75,120
314,426,76,120
322,422,76,120
332,423,76,120
333,429,76,120
340,426,77,120
344,427,77,120
351,427,78,120
365,425,78,120
368,429,79,120
376,431,79,120
380,428,79,120
386,432,80,120
374,441,80,120
381,436,81,120
377,443,81,120
367,448,82,120
375,442,82,120
372,443,83,120
366,454,83,120
357,458,83,120
357,463,84,120
368,448,83,120
370,447,83,120
365,450,82,119
350,464,82,119
337,479,82,119
359,456,81,119
345,471,81,119
337,478,81,119
330,482,80,118
332,478,80,118
330,480,79,118
322,491,79,118
335,481,78,117
328,488,78,117
323,502,77,116
309,515,77,116
327,490,77,116
329,500,76,115
327,498,76,115
332,504,75,114
336,506,75,114
332,508,75,114
338,510,75,114
340,512,75,114
343,512,75,114
344,515,75,114
348,513,75,114
348,517,75,114
350,521,75,114
352,524,75,114
355,522,75,114
359,523,75,114
360,525,75,114
364,523,75,114
362,531,75,114
364,530,75,114
367,533,75,114
364,536,75,114
368,538,75,114
373,536,75,114
376,531,75,114
370,541,75,114
378,535,75,114
378,544,74,114
379,541,74,114
380,547,74,114
379,554,74,114
382,554,74,114
385,556,74,114
385,559,74,114
390,551,74,114
388,561,73,114
394,551,74,114
391,565,73,114
392,567,73,114
398,558,73,114
392,574,73,114
409,554,73,114
393,574,73,114
396,574,73,114
403,561,73,114
406,567,72,114
399,585,72,114
408,574,72,114
418,567,72,114
415,578,72,114
419,576,72,114
416,593,72,114
416,585,71,114
417,595,71,114
415,601,71,114
421,605,71,114
421,75,18,37
424,75,18,37
427,75,18,37
440,593,70,114
443,585,70,114
447,589,70,114
440,596,69,114
442,74,17,37
444,74,17,37
447,74,17,37
450,74,16,37
453,74,16,37
456,73,16,37
463,593,68,114
461,595,68,114
471,581,68,114
475,581,68,114
464,595,68,114
471,585,68,114
460,591,68,114
463,591,68,114
465,596,68,114
463,593,68,114
462,595,68,114
472,583,68,114
460,595,68,114
465,594,68,114
468,585,68,114
471,583,68,114
472,582,68,114
467,592,68,114
462,595,68,114
464,593,68,114
466,592,68,114
472,578,68,114
470,581,68,114
468,590,68,114
490,571,67,113
470,589,68,114
479,584,67,113
471,593,68,113
472,591,67,113
478,591,67,113
480,582,67,113
470,591,67,113
477,594,67,113
473,602,67,112
487,586,67,112
485,592,67,112
496,579,67,112
502,570,68,112
497,587,67,112
495,595,68,111
493,602,68,111
497,600,68,111
501,600,68,111
507,597,68,111
508,601,68,111
508,613,68,111
521,593,68,111
531,577,68,111
522,602,68,111
519,609,68,111
543,577,68,111
523,612,68,111
537,594,68,111
540,590,68,111
539,604,68,111
543,603,68,111
544,603,68,111
548,603,68,111
549,608,68,111
545,618,68,110
559,598,68,110
561,603,68,111
546,611,68,110
557,611,68,110
564,592,68,110
563,602,68,110
