1757,909,97,140
1755,911,97,140
1747,909,97,140
1743,907,97,140
1736,910,97,140
1732,908,97,140
1727,910,97,140
1718,910,97,140
1717,912,97,140
1710,912,97,140
1705,915,97,140
1699,913,97,140
1693,914,97,140
1690,914,97,140
1684,915,97,140
1680,916,97,140
1674,916,97,140
1670,918,97,140
1664,917,97,140
1657,917,97,140
1652,917,97,140
1646,917,97,140
1642,918,97,140
1636,918,97,140
1631,919,97,140
1620,915,97,140
1615,916,97,140
1610,916,97,140
1605,915,97,140
1597,915,97,140
1594,917,97,140
1586,917,97,140
1581,917,97,140
1574,917,97,140
1569,919,97,140
1564,920,97,140
1557,918,97,140
1552,918,97,140
1546,919,97,140
1540,918,97,140
1535,919,97,140
1528,918,97,140
1522,917,97,140
1516,919,97,140
1512,919,97,140
1505,919,97,140
1499,919,97,140
1493,920,97,140
1487,919,97,140
1480,920,97,140
1474,920,97,140
1467,920,97,140
1461,920,97,140
1456,921,97,140
1447,921,97,140
1443,921,97,140
1437,922,97,140
1432,925,97,140
1426,924,97,140
1420,924,97,140
1414,924,97,140
1409,925,97,140
1402,924,97,140
1397,925,97,140
1393,926,97,140
1387,926,97,140
1382,926,97,140
1376,927,97,140
1372,928,97,140
1367,929,97,140
1363,930,97,140
1357,928,97,140
1352,929,97,140
1349,933,97,140
1341,927,97,140
1339,930,97,140
1331,930,97,140
1325,929,97,140
1326,933,97,140
1315,931,97,140
1309,932,97,140
1304,932,97,140
1298,931,97,140
1292,931,97,140
1286,931,97,140
1280,931,97,140
1271,928,97,140
1267,929,97,140
1258,929,97,140
1251,929,97,140
1244,928,97,140
1236,928,97,140
1228,927,97,140
1223,927,97,140
1213,924,97,140
1207,928,97,140
1201,926,97,140
1192,924,97,140
1184,923,97,140
1177,923,97,140
1169,924,97,140
1161,923,97,140
1153,922,97,140
1151,928,97,140
1138,921,97,140
1132,921,97,140
1125,922,97,140
1116,920,97,140
1111,921,97,140
1104,919,97,140
1098,920,97,140
1091,920,97,140
1084,916,97,140
1080,919,97,140
1074,917,97,140
1069,916,97,140
1062,915,97,140
1057,916,97,140
1047,911,97,140
1046,913,97,140
1039,913,97,140
1033,912,97,140
1029,913,97,140
1022,911,97,140
1016,913,97,140
1010,909,97,140
1004,908,97,140
998,906,97,140
993,906,97,140
988,904,97,140
982,903,97,140
976,902,97,140
969,902,97,140
963,901,97,140
957,900,97,140
951,899,97,140
944,897,97,140
937,896,97,140
930,895,97,140
925,895,97,140
919,893,97,140
912,890,97,140
905,889,97,140
898,889,97,140
892,887,97,140
885,887,97,140
878,886,97,140
872,884,97,140
866,883,97,140
859,883,97,140
854,880,96,140
849,879,96,140
845,879,96,140
840,877,96,140
836,876,95,140
830,875,95,140
824,874,95,140
820,873,95,140
815,872,95,140
808,870,94,140
802,868,94,140
797,868,94,140
791,866,94,140
786,865,94,140
782,863,93,140
776,862,93,140
772,861,93,140
766,861,92,140
763,859,92,140
757,858,92,140
750,855,93,140
745,856,93,140
739,853,93,140
733,852,94,140
729,850,93,140
724,848,94,140
719,848,94,140
714,846,94,140
710,844,95,140
705,843,95,140
699,842,95,140
693,839,95,140
688,839,96,140
682,838,96,140
677,836,96,140
670,834,96,140
665,833,96,140
660,832,97,140
655,830,97,140
651,829,97,140
647,827,96,140
642,825,96,140
638,824,96,140
634,823,96,140
629,821,96,140
623,820,96,140
619,817,96,140
615,815,96,140
611,814,95,140
606,812,96,140
602,811,95,140
598,809,95,140
594,807,95,140
589,804,95,140
584,803,95,140
579,802,95,140
574,799,95,140
570,797,95,140
565,797,96,140
559,795,96,140
554,792,97,140
551,790,95,140
548,789,94,140
544,788,93,140
541,784,92,140
537,783,91,139
532,781,92,139
528,779,92,140
523,779,93,139
519,777,93,140
514,774,93,140
510,772,94,140
505,772,94,140
499,771,95,140
495,769,95,140
489,766,95,140
484,764,96,140
479,764,96,140
475,762,97,140
469,759,96,140
464,758,95,140
460,756,94,140
456,756,94,140
451,753,93,140
447,751,92,140
442,749,91,140
438,748,91,140
434,747,90,140
430,745,89,140
426,743,89,140
421,741,90,140
418,740,90,140
413,739,91,140
410,737,91,140
406,734,92,140
401,732,93,140
398,731,93,140
394,729,94,140
389,727,95,140
387,725,95,140
383,724,96,140
380,722,97,140
377,719,94,140
375,717,91,140
372,717,88,140
370,715,84,139
367,713,85,139
365,711,85,139
362,709,85,139
358,708,86,139
356,706,86,139
351,704,87,139
349,701,87,139
345,699,87,139
341,698,87,139
339,697,88,139
337,695,88,139
335,694,89,139
331,693,89,139
328,691,89,139
326,690,90,139
322,688,90,139
320,687,90,139
317,686,90,140
314,684,90,139
311,681,90,140
309,680,90,140
305,679,91,140
303,678,90,139
300,678,90,139
298,677,89,139
298,675,89,138
296,675,88,138
292,675,88,137
290,673,88,137
288,671,87,137
285,670,87,136
282,668,86,136
280,667,86,136
277,666,86,136
275,665,86,136
272,663,86,136
269,663,87,136
267,662,87,136
264,662,86,136
262,660,86,136
260,659,87,136
256,658,87,136
254,658,87,136
250,656,87,136
248,655,87,137
246,654,86,137
243,654,86,136
239,654,86,136
236,654,86,136
235,654,86,136
233,653,86,135
229,653,86,135
225,653,85,135
223,652,85,135
221,653,85,134
216,652,85,134
214,652,85,134
209,651,85,134
206,652,85,133
202,652,85,133
199,652,85,133
196,653,85,133
192,652,85,133
188,655,85,133
186,655,85,133
182,656,85,133
178,656,85,133
174,656,85,133
170,657,85,133
166,657,85,133
162,657,85,133
159,658,85,133
156,658,85,133
153,658,85,133
150,657,85,133
147,657,85,133
145,657,85,133
144,658,85,133
140,658,85,133
137,657,85,133
134,656,85,133
131,654,85,133
129,652,85,133
127,652,85,133
124,651,85,133
121,650,85,133
118,650,85,133
116,648,85,133
115,645,85,133
114,645,85,133
111,644,85,133
111,642,85,133
108,642,85,133
106,641,85,133
104,639,85,133
102,636,85,133
100,635,85,133
100,633,85,133
100,631,85,133
100,628,85,133
98,626,85,133
98,625,85,133
97,623,85,133
98,622,85,133
97,620,85,133
95,618,85,133
96,615,85,133
95,613,85,133
94,612,85,133
94,609,85,133
94,607,85,133
94,604,85,133
94,603,85,133
94,601,85,133
93,600,85,133
92,598,85,133
93,595,85,133
94,593,85,133
94,591,85,133
94,589,85,133
94,587,85,133
94,586,85,133
95,583,85,133
96,580,85,133
95,578,85,133
96,577,85,133
95,577,85,133
96,575,85,133
96,572,85,133
96,571,85,133
97,570,85,133
98,566,85,133
97,566,85,133
99,562,85,133
98,561,85,133
98,560,85,133
98,558,85,133
98,556,85,133
98,555,85,133
98,553,85,133
99,550,85,133
101,549,85,133
100,547,85,133
101,546,85,133
101,545,85,133
101,542,85,133
101,539,85,133
102,539,85,133
102,537,85,133
101,535,85,133
103,533,85,133
103,531,85,133
102,530,85,133
103,529,85,133
103,527,85,133
103,525,85,133
103,525,84,133
103,523,84,132
103,521,84,132
103,519,84,132
104,518,84,132
104,517,84,132
106,516,84,131
105,514,83,131
106,512,83,131
105,511,83,131
107,510,82,130
107,508,82,131
106,508,82,130
107,506,82,130
108,505,81,130
109,504,81,130
109,501,81,129
109,499,81,129
109,500,81,129
109,498,81,129
109,497,81,129
111,497,80,128
112,495,80,128
111,493,80,128
112,493,80,128
111,491,79,127
112,489,79,127
111,490,79,127
112,487,79,127
112,486,78,127
113,485,78,126
113,484,78,126
113,483,78,126
113,482,78,126
113,480,78,125
114,479,78,126
114,479,77,125
114,478,77,125
114,476,77,125
114,474,77,125
115,472,76,124
116,471,76,124
115,471,76,124
117,470,76,124
116,469,76,124
116,468,76,124
117,466,76,124
117,466,76,124
117,465,76,124
117,465,76,124
118,463,76,124
117,462,76,123
117,461,76,123
118,460,76,124
118,460,76,124
118,458,77,124
118,457,76,124
119,456,77,124
119,456,77,124
118,455,77,123
120,454,77,123
120,453,77,123
119,452,77,123
121,451,77,124
122,449,77,124
121,448,77,124
123,446,77,124
122,446,77,123
122,444,77,123
122,444,77,123
123,443,77,123
123,441,78,123
123,440,78,123
123,439,78,124
124,439,78,124
124,437,78,123
125,436,78,123
126,435,78,123
126,435,78,123
126,434,78,123
126,433,78,123
127,431,78,123
127,431,78,123
127,430,78,123
127,428,78,123
128,426,78,124
129,426,78,123
130,424,78,124
129,423,78,124
131,420,78,124
132,418,78,124
132,417,78,124
133,417,78,124
