509.0,568.0,43.0,70.0
509.0,568.0,43.0,70.0
509.0,568.0,43.0,70.0
508.0,568.0,43.0,70.0
508.0,568.0,43.0,70.0
509.0,570.0,42.0,67.0
509.0,570.0,42.0,69.0
508.0,569.0,43.0,70.0
507.0,570.0,42.0,69.0
506.0,569.0,44.0,71.0
506.0,570.0,44.0,71.0
505.0,570.0,45.0,72.0
505.0,570.0,45.0,72.0
504.0,570.0,46.0,73.0
503.0,571.0,44.0,71.0
503.0,571.0,45.0,72.0
502.0,570.0,46.0,73.0
502.0,570.0,46.0,73.0
501.0,570.0,46.0,73.0
500.0,570.0,46.0,73.0
500.0,570.0,45.0,72.0
500.0,570.0,46.0,73.0
499.0,570.0,46.0,73.0
499.0,571.0,44.0,71.0
499.0,571.0,45.0,72.0
498.0,571.0,45.0,72.0
497.0,571.0,45.0,72.0
497.0,571.0,46.0,73.0
496.0,571.0,46.0,73.0
495.0,571.0,46.0,73.0
494.0,571.0,47.0,75.0
494.0,572.0,46.0,73.0
494.0,573.0,46.0,73.0
493.0,572.0,47.0,75.0
493.0,572.0,48.0,76.0
492.0,572.0,47.0,75.0
492.0,571.0,48.0,76.0
492.0,573.0,46.0,73.0
491.0,573.0,46.0,73.0
491.0,573.0,46.0,73.0
490.0,572.0,47.0,75.0
490.0,572.0,47.0,75.0
489.0,572.0,47.0,75.0
489.0,573.0,46.0,73.0
488.0,573.0,46.0,73.0
487.0,575.0,44.0,71.0
487.0,574.0,46.0,73.0
486.0,574.0,46.0,73.0
486.0,575.0,45.0,72.0
485.0,575.0,46.0,73.0
484.0,576.0,45.0,72.0
484.0,576.0,45.0,72.0
483.0,575.0,47.0,75.0
482.0,575.0,47.0,75.0
481.0,575.0,47.0,75.0
481.0,576.0,47.0,75.0
480.0,576.0,47.0,75.0
479.0,575.0,48.0,76.0
479.0,576.0,47.0,75.0
478.0,575.0,48.0,76.0
477.0,575.0,48.0,76.0
477.0,576.0,47.0,75.0
477.0,577.0,47.0,75.0
476.0,578.0,47.0,75.0
475.0,577.0,48.0,76.0
474.0,579.0,46.0,73.0
473.0,579.0,47.0,75.0
473.0,578.0,48.0,76.0
473.0,580.0,46.0,73.0
472.0,579.0,47.0,75.0
472.0,579.0,48.0,76.0
471.0,579.0,48.0,76.0
471.0,579.0,47.0,75.0
471.0,579.0,48.0,76.0
470.0,579.0,48.0,76.0
470.0,579.0,48.0,76.0
469.0,579.0,49.0,78.0
469.0,578.0,49.0,78.0
469.0,579.0,49.0,78.0
467.0,579.0,49.0,78.0
468.0,580.0,48.0,76.0
466.0,580.0,49.0,78.0
466.0,580.0,49.0,78.0
465.0,581.0,48.0,76.0
465.0,581.0,48.0,76.0
463.0,581.0,49.0,78.0
463.0,581.0,49.0,78.0
462.0,581.0,49.0,78.0
461.0,581.0,50.0,80.0
461.0,581.0,49.0,78.0
460.0,581.0,49.0,78.0
460.0,581.0,49.0,78.0
459.0,581.0,49.0,78.0
458.0,581.0,49.0,78.0
458.0,581.0,49.0,78.0
457.0,581.0,49.0,78.0
456.0,581.0,49.0,78.0
455.0,581.0,50.0,80.0
455.0,582.0,49.0,78.0
455.0,582.0,49.0,78.0
453.0,582.0,50.0,80.0
453.0,582.0,50.0,80.0
452.0,582.0,50.0,80.0
452.0,582.0,50.0,80.0
451.0,583.0,49.0,78.0
451.0,583.0,50.0,80.0
451.0,583.0,50.0,80.0
449.0,582.0,50.0,80.0
449.0,582.0,50.0,80.0
448.0,582.0,50.0,80.0
448.0,583.0,50.0,80.0
448.0,583.0,49.0,78.0
448.0,583.0,50.0,80.0
447.0,583.0,50.0,80.0
447.0,584.0,50.0,80.0
446.0,583.0,50.0,80.0
445.0,584.0,50.0,80.0
444.0,584.0,50.0,80.0
444.0,584.0,50.0,80.0
443.0,585.0,50.0,80.0
443.0,585.0,50.0,80.0
442.0,585.0,50.0,80.0
440.0,585.0,50.0,80.0
440.0,586.0,49.0,78.0
439.0,585.0,50.0,81.0
437.0,585.0,50.0,81.0
437.0,585.0,50.0,81.0
436.0,585.0,50.0,80.0
435.0,585.0,50.0,81.0
434.0,585.0,50.0,81.0
433.0,585.0,50.0,81.0
433.0,586.0,50.0,80.0
432.0,587.0,50.0,80.0
430.0,585.0,51.0,82.0
431.0,587.0,50.0,80.0
430.0,587.0,50.0,81.0
429.0,588.0,50.0,80.0
428.0,587.0,50.0,81.0
428.0,587.0,50.0,81.0
428.0,588.0,50.0,80.0
427.0,588.0,50.0,81.0
427.0,588.0,50.0,81.0
426.0,589.0,50.0,80.0
426.0,589.0,50.0,80.0
425.0,589.0,50.0,80.0
425.0,589.0,50.0,81.0
425.0,589.0,50.0,81.0
425.0,589.0,50.0,81.0
424.0,589.0,50.0,81.0
424.0,590.0,50.0,80.0
425.0,591.0,48.0,76.0
424.0,591.0,49.0,78.0
424.0,591.0,49.0,78.0
424.0,592.0,48.0,76.0
424.0,592.0,48.0,76.0
424.0,593.0,47.0,75.0
424.0,592.0,48.0,76.0
424.0,594.0,47.0,75.0
424.0,594.0,47.0,75.0
424.0,594.0,47.0,75.0
423.0,593.0,48.0,76.0
423.0,593.0,48.0,76.0
423.0,594.0,47.0,75.0
423.0,594.0,48.0,76.0
422.0,594.0,48.0,76.0
422.0,594.0,48.0,76.0
423.0,595.0,47.0,75.0
422.0,594.0,48.0,76.0
422.0,594.0,48.0,76.0
422.0,595.0,48.0,76.0
422.0,596.0,47.0,75.0
422.0,596.0,48.0,76.0
421.0,596.0,49.0,78.0
422.0,597.0,48.0,76.0
421.0,597.0,48.0,76.0
421.0,597.0,48.0,76.0
422.0,599.0,46.0,74.0
422.0,599.0,46.0,74.0
422.0,599.0,45.0,73.0
423.0,599.0,46.0,74.0
422.0,599.0,46.0,74.0
423.0,600.0,44.0,71.0
423.0,600.0,45.0,73.0
424.0,600.0,45.0,73.0
424.0,601.0,44.0,71.0
424.0,601.0,44.0,71.0
424.0,601.0,45.0,73.0
423.0,601.0,45.0,73.0
423.0,601.0,46.0,74.0
422.0,602.0,46.0,74.0
422.0,602.0,46.0,74.0
422.0,602.0,47.0,76.0
422.0,603.0,47.0,76.0
422.0,603.0,48.0,76.0
421.0,603.0,48.0,76.0
421.0,604.0,48.0,76.0
421.0,604.0,49.0,78.0
421.0,605.0,48.0,77.0
421.0,604.0,50.0,80.0
421.0,605.0,49.0,78.0
421.0,605.0,50.0,80.0
421.0,605.0,50.0,80.0
420.0,605.0,50.0,81.0
421.0,606.0,50.0,80.0
421.0,606.0,50.0,80.0
421.0,606.0,50.0,81.0
421.0,607.0,50.0,80.0
421.0,607.0,50.0,81.0
421.0,608.0,50.0,80.0
421.0,608.0,50.0,81.0
421.0,608.0,50.0,81.0
421.0,609.0,50.0,80.0
422.0,610.0,49.0,78.0
422.0,611.0,49.0,78.0
422.0,612.0,48.0,77.0
423.0,612.0,47.0,76.0
423.0,613.0,46.0,74.0
423.0,614.0,45.0,73.0
424.0,614.0,45.0,73.0
425.0,615.0,44.0,71.0
425.0,615.0,45.0,73.0
425.0,615.0,45.0,73.0
426.0,616.0,44.0,71.0
426.0,616.0,45.0,73.0
425.0,616.0,46.0,74.0
425.0,616.0,47.0,76.0
425.0,617.0,48.0,77.0
425.0,617.0,48.0,77.0
425.0,618.0,48.0,77.0
425.0,619.0,48.0,77.0
426.0,620.0,48.0,77.0
425.0,621.0,48.0,77.0
425.0,621.0,49.0,78.0
426.0,622.0,48.0,77.0
426.0,622.0,49.0,79.0
427.0,622.0,49.0,79.0
426.0,622.0,50.0,80.0
426.0,623.0,50.0,80.0
426.0,622.0,50.0,81.0
426.0,622.0,50.0,80.0
428.0,623.0,49.0,79.0
428.0,623.0,49.0,79.0
429.0,624.0,48.0,77.0
429.0,625.0,48.0,77.0
429.0,625.0,47.0,76.0
430.0,627.0,46.0,74.0
430.0,627.0,46.0,74.0
431.0,627.0,46.0,74.0
431.0,628.0,45.0,73.0
432.0,629.0,45.0,73.0
432.0,630.0,44.0,71.0
432.0,631.0,44.0,72.0
433.0,632.0,43.0,71.0
434.0,633.0,43.0,70.0
435.0,633.0,43.0,70.0
436.0,633.0,43.0,70.0
436.0,634.0,42.0,68.0
436.0,635.0,42.0,68.0
437.0,635.0,42.0,68.0
438.0,636.0,41.0,67.0
439.0,637.0,41.0,67.0
439.0,637.0,42.0,68.0
439.0,637.0,43.0,70.0
439.0,638.0,42.0,70.0
440.0,639.0,42.0,70.0
440.0,638.0,43.0,71.0
440.0,639.0,43.0,71.0
440.0,640.0,42.0,70.0
441.0,639.0,43.0,71.0
441.0,639.0,43.0,71.0
442.0,636.0,42.0,70.0
443.0,632.0,42.0,67.0
444.0,627.0,42.0,68.0
444.0,622.0,43.0,68.0
445.0,617.0,42.0,67.0
446.0,610.0,43.0,68.0
447.0,604.0,43.0,68.0
448.0,599.0,43.0,68.0
448.0,595.0,42.0,67.0
449.0,591.0,42.0,67.0
450.0,584.0,43.0,69.0
450.0,580.0,42.0,68.0
452.0,573.0,41.0,67.0
452.0,568.0,42.0,68.0
452.0,562.0,43.0,69.0
453.0,554.0,42.0,68.0
454.0,548.0,42.0,69.0
455.0,541.0,42.0,67.0
456.0,534.0,42.0,67.0
457.0,527.0,42.0,67.0
458.0,520.0,42.0,67.0
459.0,512.0,41.0,66.0
459.0,508.0,41.0,66.0
459.0,502.0,42.0,67.0
459.0,497.0,42.0,67.0
460.0,496.0,42.0,66.0
461.0,497.0,42.0,65.0
460.0,496.0,42.0,64.0
461.0,497.0,41.0,64.0
458.0,498.0,42.0,65.0
458.0,498.0,42.0,65.0
451.0,506.0,42.0,65.0
451.0,507.0,42.0,65.0
450.0,505.0,43.0,66.0
nan,nan,nan,nan
nan,nan,nan,nan
nan,nan,nan,nan
nan,nan,nan,nan
nan,nan,nan,nan
nan,nan,nan,nan
nan,nan,nan,nan
nan,nan,nan,nan
nan,nan,nan,nan
nan,nan,nan,nan
nan,nan,nan,nan
nan,nan,nan,nan
nan,nan,nan,nan
nan,nan,nan,nan
nan,nan,nan,nan
nan,nan,nan,nan
nan,nan,nan,nan
nan,nan,nan,nan
nan,nan,nan,nan
nan,nan,nan,nan
nan,nan,nan,nan
nan,nan,nan,nan
nan,nan,nan,nan
nan,nan,nan,nan
nan,nan,nan,nan
nan,nan,nan,nan
nan,nan,nan,nan
nan,nan,nan,nan
nan,nan,nan,nan
nan,nan,nan,nan
nan,nan,nan,nan
nan,nan,nan,nan
nan,nan,nan,nan
nan,nan,nan,nan
nan,nan,nan,nan
nan,nan,nan,nan
nan,nan,nan,nan
nan,nan,nan,nan
nan,nan,nan,nan
nan,nan,nan,nan
nan,nan,nan,nan
nan,nan,nan,nan
nan,nan,nan,nan
nan,nan,nan,nan
nan,nan,nan,nan
nan,nan,nan,nan
nan,nan,nan,nan
nan,nan,nan,nan
nan,nan,nan,nan
nan,nan,nan,nan
nan,nan,nan,nan
nan,nan,nan,nan
nan,nan,nan,nan
nan,nan,nan,nan
nan,nan,nan,nan
nan,nan,nan,nan
nan,nan,nan,nan
nan,nan,nan,nan
nan,nan,nan,nan
nan,nan,nan,nan
nan,nan,nan,nan
nan,nan,nan,nan
nan,nan,nan,nan
nan,nan,nan,nan
nan,nan,nan,nan
nan,nan,nan,nan
nan,nan,nan,nan
nan,nan,nan,nan
nan,nan,nan,nan
nan,nan,nan,nan
nan,nan,nan,nan
nan,nan,nan,nan
nan,nan,nan,nan
nan,nan,nan,nan
nan,nan,nan,nan
nan,nan,nan,nan
nan,nan,nan,nan
nan,nan,nan,nan
nan,nan,nan,nan
nan,nan,nan,nan
nan,nan,nan,nan
nan,nan,nan,nan
nan,nan,nan,nan
nan,nan,nan,nan
nan,nan,nan,nan
nan,nan,nan,nan
nan,nan,nan,nan
nan,nan,nan,nan
nan,nan,nan,nan
nan,nan,nan,nan
nan,nan,nan,nan
nan,nan,nan,nan
nan,nan,nan,nan
nan,nan,nan,nan
nan,nan,nan,nan
nan,nan,nan,nan
nan,nan,nan,nan
nan,nan,nan,nan
nan,nan,nan,nan
nan,nan,nan,nan
nan,nan,nan,nan
nan,nan,nan,nan
nan,nan,nan,nan
nan,nan,nan,nan
nan,nan,nan,nan
nan,nan,nan,nan
nan,nan,nan,nan
nan,nan,nan,nan
nan,nan,nan,nan
nan,nan,nan,nan
nan,nan,nan,nan
nan,nan,nan,nan
nan,nan,nan,nan
nan,nan,nan,nan
nan,nan,nan,nan
nan,nan,nan,nan
189.0,641.0,46.0,72.0
186.0,642.0,45.0,72.0
184.0,643.0,46.0,73.0
180.0,644.0,45.0,73.0
174.0,646.0,46.0,74.0
172.0,647.0,45.0,73.0
171.0,649.0,44.0,71.0
168.0,649.0,44.0,71.0
167.0,650.0,44.0,70.0
164.0,652.0,42.0,68.0
157.0,656.0,42.0,68.0
156.0,656.0,41.0,67.0
153.0,656.0,42.0,70.0
150.0,657.0,42.0,70.0
147.0,657.0,43.0,71.0
144.0,659.0,41.0,68.0
136.0,661.0,43.0,71.0
136.0,661.0,42.0,70.0
130.0,662.0,43.0,71.0
131.0,663.0,42.0,69.0
124.0,662.0,44.0,71.0
123.0,663.0,42.0,69.0
123.0,665.0,40.0,67.0
120.0,663.0,42.0,69.0
124.0,664.0,41.0,68.0
111.0,663.0,42.0,70.0
109.0,663.0,42.0,69.0
102.0,663.0,43.0,70.0
97.0,663.0,43.0,70.0
98.0,663.0,42.0,70.0
93.0,663.0,42.0,70.0
90.0,662.0,43.0,71.0
75.0,662.0,43.0,71.0
77.0,661.0,44.0,72.0
89.0,661.0,44.0,72.0
81.0,662.0,43.0,71.0
80.0,662.0,43.0,71.0
77.0,662.0,43.0,71.0
62.0,661.0,43.0,71.0
58.0,661.0,43.0,71.0
59.0,661.0,43.0,70.0
60.0,659.0,44.0,70.0
60.0,659.0,44.0,70.0
56.0,658.0,44.0,70.0
54.0,655.0,46.0,72.0
51.0,651.0,47.0,74.0
50.0,647.0,47.0,75.0
48.0,643.0,47.0,75.0
45.0,639.0,49.0,78.0
42.0,638.0,48.0,76.0
40.0,632.0,47.0,74.0
39.0,625.0,47.0,75.0
39.0,619.0,47.0,75.0
39.0,614.0,48.0,77.0
39.0,608.0,48.0,77.0
39.0,601.0,48.0,77.0
39.0,592.0,48.0,77.0
39.0,586.0,48.0,77.0
38.0,579.0,49.0,79.0
38.0,575.0,49.0,79.0
60.0,572.0,49.0,80.0
59.0,572.0,49.0,80.0
56.0,573.0,49.0,80.0
54.0,574.0,49.0,80.0
51.0,573.0,50.0,81.0
47.0,576.0,49.0,80.0
45.0,576.0,49.0,80.0
41.0,580.0,49.0,80.0
40.0,579.0,49.0,80.0
39.0,577.0,49.0,80.0
39.0,578.0,49.0,79.0
40.0,580.0,48.0,75.0
40.0,581.0,48.0,74.0
40.0,580.0,48.0,74.0
40.0,581.0,49.0,75.0
40.0,594.0,48.0,74.0
nan,nan,nan,nan
nan,nan,nan,nan
nan,nan,nan,nan
nan,nan,nan,nan
nan,nan,nan,nan
nan,nan,nan,nan
nan,nan,nan,nan
nan,nan,nan,nan
nan,nan,nan,nan
nan,nan,nan,nan
nan,nan,nan,nan
nan,nan,nan,nan
nan,nan,nan,nan
nan,nan,nan,nan
41.0,614.0,48.0,75.0
41.0,616.0,48.0,75.0
41.0,617.0,48.0,75.0
41.0,620.0,48.0,75.0
41.0,618.0,48.0,75.0
41.0,617.0,48.0,75.0
41.0,617.0,48.0,75.0
42.0,636.0,47.0,74.0
43.0,636.0,47.0,73.0
43.0,633.0,47.0,73.0
43.0,633.0,47.0,73.0
43.0,630.0,47.0,73.0
43.0,633.0,47.0,73.0
43.0,632.0,46.0,71.0
43.0,632.0,46.0,71.0
43.0,632.0,46.0,71.0
43.0,634.0,46.0,71.0
43.0,644.0,46.0,71.0
44.0,644.0,46.0,71.0
44.0,645.0,46.0,73.0
65.0,52.0,2.0,7.0
65.0,52.0,2.0,9.0
65.0,52.0,2.0,9.0
65.0,52.0,3.0,9.0
65.0,52.0,3.0,9.0
65.0,52.0,3.0,9.0
65.0,52.0,3.0,9.0
65.0,52.0,3.0,9.0
65.0,52.0,3.0,9.0
66.0,52.0,3.0,9.0
66.0,52.0,3.0,9.0
66.0,52.0,3.0,8.0
66.0,52.0,3.0,7.0
44.0,60.0,46.0,72.0
44.0,65.0,46.0,72.0
45.0,65.0,46.0,73.0
44.0,66.0,46.0,73.0
45.0,65.0,46.0,74.0
45.0,65.0,46.0,74.0
44.0,65.0,46.0,75.0
44.0,66.0,47.0,75.0
45.0,67.0,46.0,74.0
45.0,67.0,46.0,74.0
45.0,67.0,46.0,74.0
45.0,67.0,46.0,74.0
45.0,68.0,46.0,74.0
45.0,67.0,46.0,74.0
45.0,67.0,46.0,74.0
44.0,67.0,47.0,75.0
44.0,66.0,47.0,75.0
44.0,66.0,47.0,75.0
44.0,67.0,47.0,75.0
44.0,67.0,47.0,75.0
45.0,67.0,46.0,74.0
45.0,67.0,46.0,74.0
45.0,67.0,46.0,73.0
45.0,68.0,46.0,73.0
46.0,68.0,46.0,72.0
46.0,67.0,46.0,72.0
46.0,68.0,46.0,72.0
46.0,67.0,46.0,72.0
46.0,67.0,46.0,72.0
46.0,67.0,46.0,72.0
46.0,66.0,46.0,71.0
46.0,66.0,46.0,71.0
46.0,65.0,46.0,71.0
46.0,65.0,46.0,71.0
46.0,65.0,46.0,71.0
46.0,65.0,46.0,71.0
46.0,64.0,46.0,71.0
46.0,63.0,46.0,71.0
46.0,63.0,46.0,71.0
46.0,63.0,46.0,71.0
46.0,64.0,45.0,69.0
46.0,64.0,45.0,69.0
47.0,64.0,44.0,68.0
47.0,64.0,44.0,68.0
47.0,63.0,44.0,68.0
47.0,64.0,44.0,68.0
47.0,64.0,44.0,68.0
47.0,64.0,44.0,68.0
47.0,63.0,44.0,68.0
47.0,63.0,44.0,67.0
47.0,62.0,44.0,67.0
47.0,63.0,44.0,67.0
47.0,62.0,44.0,67.0
47.0,62.0,44.0,67.0
47.0,62.0,44.0,67.0
47.0,61.0,44.0,67.0
47.0,61.0,44.0,67.0
47.0,61.0,44.0,67.0
46.0,61.0,45.0,68.0
46.0,60.0,45.0,68.0
46.0,60.0,45.0,68.0
46.0,60.0,45.0,68.0
46.0,60.0,45.0,68.0
46.0,59.0,45.0,69.0
46.0,60.0,45.0,69.0
46.0,60.0,45.0,69.0
46.0,60.0,45.0,69.0
46.0,81.0,45.0,69.0
47.0,84.0,45.0,69.0
47.0,84.0,45.0,69.0
47.0,85.0,45.0,69.0
46.0,83.0,45.0,69.0
46.0,84.0,45.0,69.0
46.0,85.0,45.0,69.0
46.0,83.0,45.0,69.0
46.0,83.0,45.0,69.0
46.0,83.0,45.0,70.0
46.0,83.0,45.0,70.0
46.0,84.0,45.0,71.0
46.0,84.0,45.0,71.0
46.0,84.0,45.0,71.0
46.0,84.0,45.0,71.0
46.0,84.0,45.0,71.0
46.0,84.0,45.0,71.0
45.0,85.0,45.0,71.0
45.0,84.0,45.0,71.0
45.0,85.0,45.0,71.0
45.0,96.0,45.0,71.0
46.0,97.0,45.0,71.0
46.0,97.0,45.0,71.0
45.0,95.0,45.0,71.0
46.0,96.0,44.0,70.0
46.0,95.0,44.0,70.0
46.0,95.0,44.0,70.0
46.0,95.0,44.0,70.0
46.0,95.0,44.0,70.0
46.0,95.0,44.0,70.0
46.0,95.0,44.0,70.0
46.0,95.0,44.0,70.0
46.0,95.0,44.0,70.0
46.0,95.0,44.0,70.0
46.0,95.0,44.0,71.0
46.0,96.0,44.0,71.0
46.0,94.0,44.0,71.0
45.0,94.0,44.0,71.0
45.0,95.0,44.0,71.0
45.0,95.0,44.0,71.0
45.0,95.0,44.0,71.0
45.0,95.0,44.0,71.0
45.0,95.0,44.0,72.0
45.0,95.0,44.0,72.0
45.0,95.0,44.0,72.0
45.0,96.0,44.0,72.0
45.0,96.0,44.0,73.0
45.0,97.0,44.0,73.0
45.0,98.0,44.0,73.0
45.0,98.0,44.0,73.0
45.0,97.0,44.0,73.0
45.0,99.0,44.0,73.0
45.0,99.0,44.0,73.0
45.0,98.0,44.0,73.0
45.0,99.0,44.0,73.0
44.0,96.0,44.0,73.0
43.0,95.0,45.0,74.0
43.0,96.0,45.0,73.0
43.0,94.0,45.0,73.0
43.0,95.0,45.0,73.0
43.0,95.0,45.0,73.0
43.0,97.0,45.0,73.0
43.0,98.0,45.0,73.0
43.0,98.0,45.0,73.0
43.0,99.0,45.0,73.0
43.0,93.0,45.0,74.0
43.0,98.0,45.0,74.0
43.0,100.0,45.0,74.0
43.0,101.0,45.0,74.0
43.0,102.0,45.0,74.0
44.0,108.0,45.0,74.0
43.0,110.0,45.0,74.0
42.0,107.0,45.0,74.0
42.0,106.0,45.0,74.0
42.0,106.0,45.0,74.0
42.0,106.0,45.0,74.0
42.0,104.0,45.0,74.0
42.0,105.0,45.0,74.0
42.0,104.0,45.0,74.0
42.0,101.0,45.0,73.0
42.0,101.0,46.0,73.0
42.0,102.0,46.0,73.0
42.0,102.0,46.0,73.0
42.0,102.0,46.0,73.0
42.0,103.0,46.0,74.0
41.0,105.0,46.0,74.0
41.0,104.0,46.0,74.0
41.0,101.0,46.0,74.0
41.0,102.0,46.0,74.0
41.0,103.0,46.0,74.0
42.0,104.0,46.0,74.0
62.0,66.0,4.0,10.0
486.0,521.0,53.0,109.0
483.0,521.0,55.0,113.0
483.0,522.0,55.0,113.0
482.0,526.0,55.0,113.0
482.0,528.0,53.0,109.0
482.0,530.0,52.0,107.0
481.0,531.0,54.0,111.0
481.0,533.0,53.0,109.0
479.0,535.0,54.0,111.0
478.0,535.0,55.0,113.0
479.0,538.0,53.0,109.0
479.0,540.0,52.0,107.0
478.0,541.0,54.0,111.0
476.0,541.0,57.0,118.0
475.0,542.0,58.0,120.0
473.0,543.0,60.0,124.0
473.0,544.0,59.0,122.0
473.0,548.0,57.0,118.0
472.0,551.0,56.0,115.0
472.0,554.0,54.0,112.0
472.0,557.0,52.0,108.0
472.0,557.0,53.0,109.0
472.0,560.0,52.0,106.0
471.0,561.0,52.0,106.0
469.0,561.0,55.0,113.0
469.0,563.0,55.0,111.0
468.0,562.0,57.0,118.0
468.0,564.0,57.0,118.0
465.0,564.0,61.0,124.0
464.0,565.0,61.0,127.0
462.0,565.0,66.0,134.0
461.0,567.0,66.0,137.0
463.0,576.0,60.0,125.0
463.0,575.0,60.0,125.0
461.0,576.0,63.0,130.0
459.0,577.0,63.0,129.0
459.0,580.0,60.0,124.0
460.0,584.0,57.0,118.0
459.0,588.0,56.0,115.0
459.0,592.0,53.0,109.0
459.0,595.0,52.0,107.0
458.0,595.0,54.0,111.0
457.0,598.0,53.0,109.0
457.0,599.0,54.0,111.0
457.0,601.0,53.0,109.0
456.0,603.0,54.0,112.0
456.0,605.0,54.0,112.0
454.0,605.0,56.0,115.0
454.0,607.0,57.0,118.0
453.0,607.0,60.0,123.0
452.0,607.0,63.0,130.0
453.0,616.0,60.0,123.0
453.0,614.0,56.0,116.0
453.0,618.0,54.0,109.0
452.0,621.0,53.0,108.0
452.0,624.0,50.0,104.0
452.0,627.0,49.0,102.0
451.0,628.0,50.0,103.0
452.0,632.0,49.0,100.0
450.0,632.0,50.0,103.0
452.0,638.0,49.0,99.0
451.0,635.0,50.0,102.0
452.0,640.0,49.0,99.0
449.0,640.0,47.0,95.0
447.0,641.0,48.0,97.0
447.0,642.0,49.0,100.0
447.0,645.0,49.0,100.0
445.0,645.0,52.0,103.0
444.0,647.0,53.0,104.0
443.0,648.0,54.0,108.0
442.0,650.0,54.0,108.0
440.0,652.0,55.0,110.0
440.0,654.0,55.0,109.0
439.0,657.0,55.0,109.0
438.0,659.0,56.0,111.0
438.0,661.0,56.0,110.0
439.0,663.0,53.0,104.0
441.0,668.0,49.0,97.0
439.0,665.0,52.0,102.0
440.0,668.0,50.0,98.0
441.0,670.0,47.0,93.0
441.0,673.0,44.0,85.0
438.0,671.0,47.0,92.0
439.0,674.0,44.0,86.0
437.0,672.0,47.0,91.0
438.0,673.0,46.0,90.0
435.0,674.0,44.0,86.0
435.0,674.0,45.0,87.0
433.0,675.0,44.0,85.0
432.0,674.0,45.0,87.0
431.0,675.0,45.0,87.0
nan,nan,nan,nan
nan,nan,nan,nan
nan,nan,nan,nan
nan,nan,nan,nan
nan,nan,nan,nan
nan,nan,nan,nan
nan,nan,nan,nan
nan,nan,nan,nan
nan,nan,nan,nan
nan,nan,nan,nan
nan,nan,nan,nan
nan,nan,nan,nan
nan,nan,nan,nan
nan,nan,nan,nan
nan,nan,nan,nan
nan,nan,nan,nan
nan,nan,nan,nan
nan,nan,nan,nan
nan,nan,nan,nan
nan,nan,nan,nan
nan,nan,nan,nan
nan,nan,nan,nan
nan,nan,nan,nan
nan,nan,nan,nan
nan,nan,nan,nan
nan,nan,nan,nan
nan,nan,nan,nan
nan,nan,nan,nan
nan,nan,nan,nan
122.0,108.0,44.0,85.0
99.0,107.0,44.0,88.0
89.0,88.0,45.0,90.0
79.0,61.0,45.0,91.0
80.0,55.0,45.0,91.0
77.0,35.0,45.0,91.0
49.0,57.0,46.0,93.0
59.0,59.0,46.0,91.0
54.0,101.0,45.0,89.0
45.0,57.0,46.0,91.0
54.0,50.0,46.0,91.0
63.0,47.0,46.0,91.0
60.0,25.0,47.0,91.0
74.0,21.0,47.0,93.0
55.0,32.0,5.0,10.0
55.0,28.0,5.0,10.0
55.0,25.0,5.0,10.0
55.0,22.0,5.0,10.0
55.0,19.0,4.0,10.0
55.0,16.0,4.0,10.0
55.0,14.0,5.0,10.0
55.0,12.0,5.0,10.0
55.0,11.0,5.0,10.0
55.0,10.0,5.0,10.0
55.0,9.0,5.0,10.0
55.0,9.0,5.0,10.0
55.0,9.0,5.0,10.0
55.0,9.0,5.0,10.0
55.0,9.0,5.0,9.0
55.0,9.0,5.0,9.0
55.0,9.0,5.0,9.0
55.0,10.0,5.0,9.0
54.0,10.0,6.0,9.0
54.0,10.0,6.0,9.0
55.0,12.0,6.0,9.0
55.0,13.0,6.0,9.0
55.0,14.0,6.0,9.0
55.0,16.0,5.0,9.0
55.0,18.0,5.0,9.0
55.0,20.0,5.0,9.0
55.0,22.0,5.0,9.0
55.0,24.0,5.0,9.0
55.0,27.0,5.0,9.0
55.0,29.0,5.0,9.0
55.0,30.0,5.0,9.0
55.0,32.0,5.0,9.0
55.0,34.0,5.0,9.0
55.0,36.0,5.0,9.0
34.0,14.0,46.0,92.0
39.0,32.0,46.0,93.0
42.0,49.0,46.0,93.0
61.0,65.0,46.0,93.0
69.0,88.0,46.0,93.0
73.0,60.0,46.0,93.0
75.0,84.0,45.0,93.0
77.0,108.0,45.0,93.0
79.0,133.0,46.0,93.0
80.0,157.0,46.0,93.0
81.0,190.0,46.0,93.0
82.0,214.0,46.0,91.0
82.0,237.0,46.0,92.0
83.0,258.0,46.0,91.0
82.0,278.0,46.0,90.0
81.0,299.0,46.0,90.0
80.0,315.0,46.0,88.0
78.0,328.0,46.0,85.0
77.0,344.0,46.0,83.0
nan,nan,nan,nan
nan,nan,nan,nan
nan,nan,nan,nan
nan,nan,nan,nan
nan,nan,nan,nan
nan,nan,nan,nan
nan,nan,nan,nan
nan,nan,nan,nan
nan,nan,nan,nan
nan,nan,nan,nan
nan,nan,nan,nan
nan,nan,nan,nan
nan,nan,nan,nan
nan,nan,nan,nan
nan,nan,nan,nan
nan,nan,nan,nan
nan,nan,nan,nan
53.0,355.0,43.0,81.0
51.0,338.0,44.0,84.0
51.0,316.0,44.0,87.0
49.0,294.0,45.0,90.0
45.0,259.0,45.0,90.0
42.0,232.0,45.0,90.0
37.0,204.0,46.0,91.0
37.0,181.0,45.0,90.0
37.0,156.0,46.0,91.0
37.0,132.0,46.0,91.0
38.0,121.0,46.0,91.0
62.0,101.0,46.0,91.0
59.0,94.0,46.0,91.0
55.0,89.0,46.0,91.0
56.0,80.0,45.0,89.0
52.0,73.0,45.0,88.0
49.0,68.0,45.0,88.0
49.0,63.0,46.0,90.0
48.0,62.0,46.0,90.0
45.0,61.0,46.0,90.0
47.0,60.0,46.0,92.0
46.0,60.0,46.0,92.0
46.0,59.0,46.0,92.0
45.0,59.0,46.0,92.0
43.0,61.0,46.0,92.0
43.0,60.0,46.0,92.0
43.0,60.0,46.0,92.0
44.0,62.0,45.0,92.0
45.0,65.0,46.0,92.0
42.0,69.0,46.0,92.0
43.0,73.0,46.0,92.0
44.0,79.0,46.0,92.0
44.0,86.0,46.0,92.0
44.0,92.0,46.0,92.0
42.0,97.0,46.0,92.0
41.0,100.0,46.0,92.0
41.0,99.0,48.0,96.0
41.0,98.0,49.0,97.0
41.0,98.0,49.0,97.0
41.0,98.0,49.0,97.0
41.0,98.0,49.0,98.0
41.0,98.0,48.0,98.0
42.0,98.0,48.0,98.0
43.0,98.0,48.0,98.0
43.0,98.0,48.0,98.0
42.0,97.0,49.0,100.0
41.0,97.0,49.0,100.0
42.0,97.0,49.0,100.0
42.0,96.0,49.0,100.0
42.0,96.0,49.0,100.0
43.0,96.0,49.0,99.0
45.0,97.0,48.0,98.0
43.0,95.0,50.0,101.0
46.0,96.0,49.0,99.0
42.0,95.0,50.0,101.0
45.0,96.0,49.0,99.0
45.0,96.0,49.0,99.0
44.0,96.0,49.0,99.0
44.0,96.0,49.0,99.0
45.0,96.0,49.0,99.0
45.0,96.0,49.0,99.0
45.0,97.0,48.0,97.0
45.0,97.0,48.0,97.0
44.0,96.0,49.0,99.0
45.0,97.0,48.0,97.0
44.0,97.0,48.0,97.0
44.0,96.0,49.0,99.0
44.0,95.0,50.0,101.0
44.0,95.0,49.0,99.0
44.0,95.0,49.0,99.0
44.0,95.0,49.0,99.0
42.0,93.0,50.0,101.0
43.0,93.0,50.0,101.0
43.0,93.0,50.0,101.0
43.0,94.0,49.0,99.0
42.0,93.0,50.0,101.0
43.0,91.0,50.0,101.0
43.0,91.0,50.0,101.0
43.0,92.0,49.0,100.0
42.0,92.0,49.0,100.0
43.0,90.0,50.0,102.0
43.0,90.0,50.0,102.0
44.0,90.0,49.0,100.0
45.0,90.0,49.0,100.0
45.0,90.0,49.0,100.0
45.0,89.0,49.0,100.0
46.0,90.0,48.0,98.0
47.0,90.0,48.0,98.0
46.0,90.0,48.0,98.0
49.0,91.0,47.0,96.0
46.0,89.0,48.0,97.0
48.0,90.0,47.0,96.0
47.0,91.0,46.0,94.0
48.0,91.0,46.0,94.0
47.0,90.0,46.0,94.0
48.0,90.0,46.0,92.0
49.0,90.0,46.0,92.0
49.0,90.0,46.0,92.0
50.0,91.0,46.0,90.0
50.0,92.0,45.0,88.0
51.0,95.0,41.0,82.0
51.0,95.0,40.0,81.0
52.0,96.0,39.0,80.0
54.0,97.0,39.0,78.0
53.0,96.0,40.0,78.0
51.0,97.0,39.0,77.0
50.0,96.0,40.0,78.0
51.0,96.0,39.0,77.0
51.0,95.0,40.0,78.0
51.0,95.0,39.0,78.0
52.0,95.0,39.0,78.0
52.0,95.0,38.0,76.0
54.0,96.0,37.0,75.0
54.0,96.0,37.0,73.0
53.0,96.0,37.0,73.0
54.0,96.0,36.0,72.0
54.0,95.0,36.0,73.0
54.0,95.0,36.0,73.0
55.0,95.0,35.0,72.0
55.0,95.0,35.0,72.0
55.0,94.0,35.0,71.0
56.0,94.0,35.0,70.0
57.0,94.0,35.0,70.0
58.0,94.0,34.0,69.0
57.0,93.0,34.0,69.0
57.0,93.0,33.0,67.0
57.0,93.0,33.0,66.0
57.0,93.0,33.0,67.0
58.0,93.0,33.0,67.0
59.0,93.0,33.0,66.0
58.0,93.0,32.0,65.0
57.0,93.0,31.0,64.0
58.0,93.0,31.0,62.0
59.0,93.0,31.0,62.0
59.0,91.0,31.0,64.0
59.0,91.0,31.0,64.0
58.0,91.0,31.0,64.0
58.0,90.0,31.0,64.0
59.0,90.0,31.0,64.0
58.0,89.0,31.0,64.0
59.0,89.0,31.0,64.0
58.0,89.0,31.0,62.0
59.0,89.0,30.0,61.0
60.0,90.0,30.0,61.0
60.0,90.0,29.0,60.0
60.0,90.0,30.0,60.0
60.0,90.0,29.0,59.0
62.0,90.0,29.0,59.0
61.0,90.0,29.0,59.0
61.0,90.0,29.0,59.0
61.0,90.0,29.0,59.0
61.0,89.0,29.0,59.0
61.0,89.0,29.0,59.0
61.0,89.0,29.0,59.0
60.0,89.0,29.0,59.0
61.0,86.0,29.0,59.0
63.0,88.0,29.0,59.0
63.0,88.0,29.0,59.0
61.0,88.0,28.0,58.0
61.0,88.0,28.0,56.0
61.0,88.0,27.0,55.0
62.0,89.0,27.0,54.0
61.0,88.0,27.0,54.0
61.0,89.0,26.0,53.0
61.0,89.0,26.0,53.0
62.0,89.0,26.0,53.0
61.0,88.0,26.0,53.0
61.0,87.0,27.0,54.0
61.0,87.0,27.0,54.0
63.0,85.0,27.0,54.0
61.0,87.0,27.0,54.0
61.0,86.0,27.0,53.0
61.0,85.0,27.0,53.0
62.0,85.0,27.0,53.0
62.0,84.0,27.0,54.0
63.0,84.0,27.0,54.0
63.0,84.0,27.0,54.0
62.0,85.0,27.0,55.0
63.0,84.0,27.0,55.0
61.0,84.0,27.0,55.0
61.0,84.0,27.0,55.0
62.0,84.0,27.0,54.0
61.0,84.0,27.0,54.0
61.0,83.0,27.0,54.0
62.0,84.0,27.0,54.0
61.0,83.0,27.0,54.0
61.0,83.0,27.0,54.0
62.0,82.0,27.0,54.0
62.0,82.0,27.0,55.0
62.0,82.0,27.0,55.0
61.0,81.0,27.0,55.0
62.0,81.0,27.0,55.0
62.0,81.0,27.0,55.0
62.0,80.0,28.0,56.0
62.0,78.0,28.0,56.0
61.0,78.0,28.0,56.0
61.0,78.0,27.0,55.0
62.0,78.0,27.0,55.0
62.0,78.0,26.0,55.0
62.0,78.0,26.0,55.0
62.0,78.0,26.0,55.0
61.0,78.0,26.0,55.0
61.0,77.0,26.0,55.0
61.0,77.0,26.0,55.0
62.0,76.0,26.0,55.0
62.0,76.0,26.0,55.0
62.0,75.0,26.0,55.0
62.0,75.0,26.0,55.0
63.0,75.0,26.0,54.0
62.0,75.0,26.0,54.0
62.0,75.0,26.0,54.0
62.0,75.0,26.0,54.0
61.0,74.0,26.0,54.0
61.0,74.0,26.0,54.0
61.0,74.0,26.0,54.0
62.0,73.0,26.0,54.0
62.0,73.0,26.0,54.0
62.0,72.0,26.0,54.0
62.0,72.0,26.0,54.0
63.0,72.0,26.0,54.0
62.0,71.0,26.0,54.0
62.0,70.0,26.0,55.0
63.0,70.0,26.0,55.0
63.0,70.0,27.0,54.0
63.0,69.0,27.0,54.0
62.0,68.0,27.0,55.0
63.0,69.0,27.0,55.0
62.0,68.0,27.0,55.0
63.0,68.0,27.0,55.0
64.0,67.0,28.0,56.0
63.0,67.0,28.0,56.0
62.0,65.0,28.0,56.0
62.0,65.0,27.0,56.0
65.0,66.0,27.0,55.0
62.0,65.0,27.0,56.0
62.0,65.0,27.0,56.0
65.0,65.0,27.0,56.0
63.0,65.0,27.0,56.0
64.0,65.0,27.0,56.0
64.0,64.0,27.0,56.0
64.0,64.0,27.0,56.0
63.0,64.0,27.0,56.0
63.0,63.0,27.0,55.0
64.0,62.0,27.0,55.0
63.0,62.0,27.0,55.0
62.0,62.0,27.0,55.0
62.0,62.0,27.0,55.0
63.0,61.0,27.0,55.0
63.0,61.0,27.0,55.0
62.0,60.0,27.0,55.0
62.0,60.0,27.0,55.0
62.0,60.0,27.0,55.0
65.0,60.0,27.0,55.0
64.0,59.0,27.0,55.0
65.0,59.0,27.0,55.0
66.0,58.0,27.0,55.0
64.0,58.0,27.0,55.0
64.0,57.0,27.0,55.0
64.0,58.0,27.0,55.0
64.0,58.0,27.0,55.0
64.0,58.0,27.0,54.0
64.0,57.0,26.0,54.0
64.0,56.0,26.0,54.0
65.0,55.0,26.0,55.0
65.0,53.0,26.0,55.0
66.0,51.0,26.0,55.0
64.0,49.0,26.0,55.0
67.0,46.0,27.0,56.0
65.0,43.0,27.0,58.0
64.0,40.0,28.0,59.0
64.0,38.0,28.0,59.0
65.0,36.0,28.0,59.0
63.0,35.0,28.0,59.0
66.0,33.0,28.0,60.0
64.0,31.0,28.0,60.0
65.0,30.0,28.0,60.0
63.0,28.0,28.0,60.0
66.0,25.0,28.0,60.0
65.0,23.0,29.0,61.0
66.0,20.0,29.0,61.0
67.0,18.0,29.0,61.0
67.0,15.0,29.0,61.0
67.0,13.0,29.0,61.0
65.0,13.0,28.0,60.0
65.0,13.0,28.0,59.0
67.0,11.0,29.0,60.0
65.0,11.0,29.0,60.0
63.0,12.0,28.0,59.0
64.0,11.0,28.0,58.0
64.0,11.0,28.0,58.0
64.0,11.0,27.0,57.0
64.0,10.0,28.0,58.0
65.0,8.0,28.0,59.0
66.0,8.0,29.0,60.0
67.0,6.0,30.0,61.0
64.0,6.0,30.0,62.0
63.0,6.0,30.0,62.0
66.0,6.0,30.0,62.0
66.0,6.0,30.0,61.0
66.0,6.0,30.0,61.0
64.0,6.0,30.0,61.0
64.0,6.0,30.0,61.0
64.0,6.0,29.0,61.0
64.0,6.0,29.0,61.0
64.0,6.0,29.0,61.0
64.0,6.0,29.0,61.0
64.0,6.0,29.0,61.0
64.0,6.0,29.0,61.0
65.0,6.0,29.0,61.0
66.0,20.0,29.0,60.0
66.0,18.0,29.0,60.0
64.0,17.0,30.0,61.0
64.0,17.0,30.0,61.0
67.0,17.0,30.0,62.0
68.0,17.0,29.0,61.0
68.0,15.0,29.0,61.0
66.0,15.0,29.0,61.0
65.0,14.0,29.0,61.0
66.0,13.0,29.0,61.0
66.0,14.0,29.0,61.0
65.0,12.0,29.0,61.0
66.0,10.0,29.0,61.0
64.0,11.0,29.0,61.0
65.0,11.0,29.0,61.0
64.0,9.0,29.0,61.0
64.0,8.0,29.0,61.0
64.0,7.0,29.0,61.0
64.0,6.0,29.0,61.0
64.0,5.0,29.0,61.0
64.0,4.0,29.0,61.0
65.0,4.0,29.0,61.0
65.0,4.0,29.0,61.0
64.0,3.0,29.0,61.0
64.0,2.0,29.0,61.0
77.0,28.0,4.0,10.0
77.0,28.0,4.0,10.0
77.0,27.0,4.0,10.0
77.0,27.0,4.0,10.0
77.0,27.0,4.0,10.0
66.0,18.0,29.0,61.0
67.0,18.0,29.0,61.0
69.0,19.0,29.0,61.0
68.0,15.0,29.0,62.0
66.0,15.0,29.0,62.0
68.0,13.0,29.0,62.0
66.0,13.0,29.0,62.0
66.0,13.0,29.0,61.0
65.0,11.0,29.0,61.0
65.0,10.0,29.0,61.0
65.0,9.0,29.0,61.0
68.0,8.0,29.0,61.0
68.0,6.0,29.0,61.0
68.0,5.0,29.0,61.0
66.0,5.0,29.0,61.0
65.0,4.0,29.0,61.0
66.0,1.0,29.0,61.0
67.0,-0.0,29.0,61.0
66.0,-1.0,29.0,61.0
67.0,-1.0,29.0,61.0
66.0,-2.0,29.0,61.0
68.0,-3.0,29.0,61.0
68.0,-3.0,29.0,61.0
70.0,-3.0,29.0,61.0
70.0,-2.0,29.0,61.0
67.0,-3.0,29.0,61.0
67.0,-2.0,29.0,61.0
67.0,-1.0,29.0,61.0
67.0,0.0,29.0,62.0
70.0,-1.0,29.0,62.0
67.0,-3.0,29.0,62.0
66.0,-2.0,29.0,62.0
65.0,-3.0,29.0,62.0
65.0,-4.0,29.0,62.0
66.0,7.0,29.0,62.0
67.0,11.0,29.0,62.0
71.0,8.0,29.0,62.0
71.0,8.0,29.0,62.0
68.0,8.0,29.0,62.0
69.0,5.0,29.0,62.0
69.0,5.0,29.0,62.0
68.0,4.0,29.0,62.0
70.0,3.0,29.0,62.0
71.0,2.0,29.0,62.0
71.0,-0.0,29.0,62.0
69.0,-2.0,29.0,61.0
68.0,-3.0,29.0,61.0
69.0,-4.0,29.0,61.0
67.0,-4.0,29.0,61.0
70.0,-4.0,29.0,62.0
66.0,-5.0,29.0,62.0
67.0,-5.0,29.0,62.0
67.0,-5.0,29.0,62.0
67.0,-5.0,29.0,62.0
68.0,-7.0,29.0,62.0
69.0,-8.0,29.0,62.0
69.0,-9.0,29.0,62.0
69.0,-10.0,29.0,62.0
67.0,-10.0,29.0,62.0
78.0,-5.0,29.0,62.0
82.0,2.0,29.0,62.0
73.0,-1.0,29.0,62.0
73.0,2.0,29.0,62.0
74.0,9.0,29.0,62.0
75.0,3.0,29.0,62.0
75.0,-2.0,29.0,62.0
73.0,-2.0,29.0,62.0
72.0,-2.0,29.0,62.0
71.0,-4.0,29.0,62.0
70.0,-4.0,29.0,62.0
78.0,-5.0,29.0,62.0
71.0,-5.0,29.0,62.0
69.0,-6.0,29.0,62.0
73.0,-8.0,29.0,63.0
74.0,-6.0,28.0,62.0
71.0,-7.0,28.0,62.0
72.0,-9.0,28.0,62.0
69.0,-9.0,28.0,62.0
75.0,-3.0,28.0,62.0
71.0,-4.0,28.0,62.0
73.0,-5.0,28.0,61.0
71.0,-7.0,28.0,61.0
72.0,-7.0,28.0,61.0
71.0,-8.0,28.0,61.0
74.0,-10.0,28.0,61.0
72.0,-10.0,28.0,61.0
70.0,-9.0,28.0,62.0
70.0,-12.0,28.0,62.0
75.0,-11.0,29.0,63.0
72.0,-11.0,29.0,63.0
71.0,-12.0,29.0,63.0
71.0,-12.0,29.0,63.0
70.0,-13.0,29.0,63.0
70.0,-13.0,29.0,62.0
70.0,-15.0,29.0,62.0
71.0,-8.0,29.0,62.0
72.0,-9.0,29.0,62.0
74.0,-12.0,29.0,63.0
73.0,-12.0,29.0,63.0
75.0,-6.0,29.0,63.0
79.0,-9.0,29.0,63.0
91.0,-15.0,30.0,64.0
92.0,-16.0,30.0,64.0
82.0,-9.0,30.0,64.0
74.0,-10.0,30.0,64.0
74.0,-11.0,30.0,64.0
73.0,-11.0,29.0,63.0
72.0,-12.0,29.0,63.0
72.0,-12.0,29.0,63.0
72.0,-10.0,29.0,63.0
71.0,-10.0,29.0,64.0
73.0,-8.0,29.0,64.0
74.0,-8.0,29.0,64.0
71.0,-9.0,29.0,64.0
74.0,-6.0,29.0,64.0
73.0,-5.0,29.0,64.0
75.0,-10.0,29.0,63.0
71.0,-8.0,29.0,63.0
72.0,-13.0,29.0,63.0
71.0,-13.0,29.0,63.0
73.0,-12.0,29.0,63.0
90.0,-10.0,29.0,63.0
84.0,-11.0,29.0,64.0
75.0,-9.0,29.0,64.0
74.0,-11.0,29.0,64.0
74.0,-15.0,29.0,64.0
74.0,-16.0,30.0,65.0
72.0,-15.0,30.0,64.0
76.0,-11.0,30.0,64.0
71.0,-10.0,30.0,64.0
71.0,-16.0,30.0,64.0
72.0,1.0,30.0,64.0
73.0,-0.0,30.0,64.0
74.0,15.0,30.0,64.0
74.0,11.0,30.0,64.0
72.0,-13.0,30.0,64.0
95.0,-15.0,29.0,64.0
95.0,-15.0,29.0,64.0
94.0,-13.0,29.0,65.0
89.0,-14.0,29.0,65.0
91.0,-16.0,29.0,65.0
83.0,-17.0,29.0,65.0
81.0,-18.0,29.0,65.0
79.0,-17.0,29.0,65.0
76.0,-18.0,29.0,65.0
75.0,-18.0,30.0,64.0
73.0,-18.0,30.0,64.0
73.0,-20.0,30.0,64.0
71.0,-19.0,30.0,64.0
71.0,-15.0,30.0,64.0
72.0,-15.0,30.0,64.0
74.0,-13.0,30.0,63.0
76.0,-14.0,30.0,62.0
75.0,-13.0,30.0,62.0
74.0,-13.0,30.0,62.0
75.0,-12.0,30.0,61.0
73.0,-15.0,30.0,61.0
72.0,-17.0,30.0,61.0
75.0,-11.0,30.0,61.0
75.0,-15.0,29.0,60.0
78.0,-10.0,29.0,60.0
73.0,-15.0,29.0,60.0
73.0,-14.0,29.0,60.0
73.0,-13.0,29.0,60.0
76.0,-13.0,29.0,59.0
75.0,-16.0,29.0,59.0
76.0,-6.0,29.0,58.0
87.0,-11.0,29.0,58.0
83.0,-13.0,29.0,58.0
80.0,-13.0,29.0,59.0
79.0,-16.0,29.0,59.0
76.0,-17.0,29.0,59.0
74.0,-16.0,29.0,59.0
75.0,-5.0,29.0,58.0
78.0,10.0,29.0,58.0
80.0,-2.0,29.0,58.0
75.0,-3.0,29.0,58.0
75.0,-4.0,29.0,58.0
76.0,-7.0,30.0,58.0
74.0,-6.0,30.0,58.0
85.0,-9.0,30.0,58.0
81.0,-10.0,30.0,58.0
80.0,-11.0,30.0,57.0
79.0,-11.0,30.0,57.0
76.0,-13.0,30.0,57.0
75.0,-12.0,30.0,57.0
87.0,-13.0,31.0,57.0
84.0,-14.0,30.0,57.0
81.0,-14.0,30.0,56.0
79.0,-14.0,30.0,56.0
77.0,-14.0,30.0,56.0
75.0,-14.0,30.0,56.0
82.0,-19.0,30.0,56.0
83.0,-18.0,30.0,56.0
79.0,-19.0,30.0,56.0
77.0,-18.0,29.0,56.0
77.0,-19.0,30.0,56.0
76.0,-19.0,30.0,56.0
76.0,-18.0,30.0,56.0
76.0,-18.0,30.0,56.0
76.0,-19.0,31.0,56.0
75.0,-18.0,31.0,56.0
76.0,-9.0,31.0,56.0
76.0,-13.0,31.0,56.0
77.0,-15.0,31.0,56.0
86.0,-16.0,32.0,57.0
85.0,-17.0,32.0,57.0
84.0,-17.0,32.0,57.0
82.0,-17.0,32.0,57.0
80.0,-17.0,31.0,57.0
78.0,-16.0,31.0,57.0
78.0,-16.0,31.0,57.0
78.0,-16.0,30.0,57.0
77.0,-16.0,30.0,57.0
77.0,-16.0,30.0,57.0
77.0,-16.0,30.0,57.0
80.0,-16.0,31.0,57.0
78.0,-2.0,31.0,57.0
78.0,-2.0,31.0,57.0
80.0,8.0,31.0,58.0
80.0,9.0,31.0,58.0
79.0,9.0,30.0,57.0
78.0,10.0,30.0,57.0
78.0,11.0,30.0,56.0
77.0,9.0,30.0,56.0
77.0,10.0,30.0,56.0
78.0,27.0,30.0,56.0
78.0,29.0,30.0,56.0
79.0,42.0,30.0,56.0
79.0,42.0,30.0,56.0
78.0,43.0,31.0,57.0
81.0,45.0,31.0,57.0
79.0,46.0,31.0,57.0
79.0,45.0,31.0,57.0
78.0,46.0,32.0,57.0
80.0,57.0,32.0,57.0
79.0,58.0,32.0,57.0
81.0,57.0,32.0,56.0
80.0,58.0,32.0,56.0
80.0,57.0,32.0,56.0
79.0,57.0,32.0,56.0
79.0,59.0,32.0,56.0
78.0,59.0,32.0,56.0
82.0,61.0,32.0,56.0
81.0,60.0,32.0,57.0
79.0,61.0,32.0,57.0
79.0,59.0,32.0,57.0
79.0,60.0,31.0,57.0
82.0,77.0,30.0,57.0
82.0,78.0,29.0,57.0
80.0,78.0,30.0,57.0
80.0,78.0,30.0,57.0
83.0,73.0,31.0,57.0
83.0,72.0,31.0,57.0
82.0,72.0,31.0,57.0
84.0,73.0,32.0,57.0
81.0,73.0,32.0,57.0
80.0,72.0,32.0,57.0
80.0,73.0,32.0,57.0
79.0,73.0,32.0,57.0
81.0,72.0,32.0,57.0
86.0,80.0,32.0,57.0
86.0,81.0,32.0,57.0
84.0,81.0,32.0,57.0
82.0,83.0,31.0,57.0
84.0,82.0,31.0,57.0
84.0,82.0,31.0,57.0
84.0,78.0,31.0,57.0
84.0,76.0,31.0,57.0
82.0,78.0,30.0,56.0
82.0,78.0,30.0,56.0
82.0,76.0,31.0,57.0
83.0,73.0,31.0,57.0
91.0,82.0,31.0,57.0
91.0,84.0,32.0,58.0
86.0,73.0,32.0,58.0
84.0,78.0,32.0,58.0
84.0,81.0,32.0,59.0
84.0,84.0,31.0,60.0
86.0,100.0,31.0,60.0
86.0,92.0,31.0,61.0
84.0,97.0,31.0,62.0
84.0,92.0,31.0,63.0
89.0,79.0,31.0,65.0
86.0,91.0,31.0,66.0
85.0,75.0,31.0,67.0
85.0,54.0,31.0,67.0
85.0,35.0,31.0,67.0
87.0,50.0,31.0,67.0
86.0,66.0,31.0,67.0
87.0,88.0,31.0,66.0
86.0,105.0,31.0,66.0
86.0,124.0,31.0,66.0
86.0,141.0,31.0,66.0
87.0,157.0,31.0,66.0
87.0,179.0,31.0,66.0
87.0,193.0,31.0,66.0
86.0,210.0,31.0,66.0
85.0,225.0,31.0,66.0
85.0,238.0,31.0,66.0
85.0,252.0,31.0,66.0
85.0,261.0,30.0,65.0
88.0,270.0,30.0,65.0
86.0,277.0,30.0,65.0
86.0,282.0,30.0,65.0
95.0,283.0,30.0,65.0
93.0,286.0,30.0,65.0
108.0,287.0,30.0,65.0
108.0,287.0,30.0,65.0
104.0,287.0,30.0,65.0
101.0,287.0,30.0,65.0
97.0,291.0,30.0,65.0
95.0,290.0,31.0,66.0
94.0,290.0,31.0,66.0
92.0,291.0,31.0,66.0
89.0,291.0,31.0,66.0
88.0,293.0,31.0,66.0
87.0,293.0,31.0,66.0
86.0,294.0,31.0,66.0
88.0,294.0,31.0,66.0
86.0,297.0,31.0,66.0
88.0,283.0,31.0,66.0
