1701, 377, 42, 70
1697, 376, 42, 70
1692, 376, 42, 70
1688, 375, 42, 70
1683, 375, 42, 70
1679, 375, 42, 70
1674, 375, 42, 70
1670, 375, 42, 70
1666, 374, 42, 70
1662, 374, 42, 70
1658, 373, 42, 70
1654, 373, 42, 70
1650, 372, 42, 70
1646, 371, 42, 70
1641, 370, 42, 70
1637, 369, 42, 70
1632, 368, 42, 70
1628, 368, 42, 70
1623, 367, 42, 70
1619, 367, 42, 70
1614, 366, 42, 70
1610, 366, 42, 70
1608, 366, 42, 70
1609, 366, 42, 70
1612, 367, 42, 70
1616, 368, 42, 70
1621, 369, 42, 70
1627, 371, 42, 70
1633, 373, 42, 70
1639, 374, 42, 70
1646, 376, 42, 70
1652, 378, 42, 70
1658, 379, 42, 70
1664, 381, 42, 70
1671, 383, 42, 70
1677, 385, 42, 70
1683, 387, 42, 70
1688, 389, 42, 70
1693, 391, 42, 70
1694, 392, 42, 70
1693, 392, 42, 70
1689, 391, 42, 70
1686, 391, 42, 70
1681, 391, 42, 70
1676, 391, 42, 70
1671, 391, 42, 70
1665, 391, 42, 70
1659, 392, 42, 70
1653, 392, 42, 70
1646, 391, 42, 70
1639, 390, 42, 70
1631, 389, 42, 70
1624, 388, 42, 70
1616, 387, 42, 70
1608, 386, 42, 70
1600, 385, 42, 70
1593, 383, 42, 70
1585, 382, 42, 70
1577, 381, 42, 70
1569, 380, 42, 70
1561, 379, 42, 70
1554, 378, 42, 70
1546, 377, 42, 70
1538, 376, 42, 70
1530, 375, 42, 70
1522, 374, 42, 70
1514, 374, 42, 70
1507, 373, 42, 70
1499, 372, 42, 70
1491, 372, 42, 70
1484, 371, 42, 70
1476, 371, 42, 70
1469, 371, 42, 70
1461, 371, 42, 70
1454, 371, 42, 70
1447, 371, 42, 70
1440, 371, 42, 70
1433, 372, 42, 70
1427, 371, 42, 70
1420, 371, 42, 70
1414, 371, 42, 70
1407, 370, 42, 70
1401, 370, 42, 70
1395, 369, 42, 70
1388, 369, 42, 70
1382, 368, 42, 70
1375, 368, 42, 70
1369, 368, 42, 70
1363, 368, 42, 70
1356, 368, 42, 70
1350, 368, 42, 70
1344, 369, 42, 70
1337, 369, 42, 70
1331, 369, 42, 70
1324, 369, 42, 70
1318, 369, 42, 70
1311, 369, 42, 70
1304, 369, 42, 70
1298, 370, 42, 70
1291, 371, 42, 70
1285, 372, 42, 70
1279, 372, 42, 70
1273, 372, 42, 70
1267, 372, 42, 70
1261, 373, 42, 70
1254, 372, 42, 70
1248, 372, 42, 70
1243, 372, 42, 70
1239, 373, 42, 70
1239, 374, 42, 70
1239, 375, 42, 70
1240, 376, 42, 70
1241, 377, 42, 70
1242, 378, 42, 70
1243, 379, 42, 70
1244, 380, 42, 70
1245, 381, 42, 70
1246, 382, 42, 70
1247, 384, 42, 70
1248, 385, 42, 70
1250, 387, 42, 70
1252, 388, 42, 70
1254, 390, 42, 70
1255, 392, 42, 70
1255, 393, 42, 70
1254, 393, 42, 70
1252, 393, 42, 70
1249, 393, 42, 70
1246, 394, 42, 70
1243, 394, 42, 70
1239, 394, 42, 70
1235, 394, 42, 70
1230, 394, 42, 70
1225, 395, 42, 70
1220, 395, 42, 70
1215, 395, 42, 70
1210, 396, 42, 70
1205, 397, 42, 70
1200, 397, 42, 70
1195, 398, 42, 70
1190, 399, 42, 70
1185, 399, 42, 70
1180, 400, 42, 70
1175, 401, 42, 70
1170, 401, 42, 70
1165, 402, 42, 70
1160, 403, 42, 70
1155, 404, 42, 70
1149, 405, 42, 70
1144, 406, 42, 70
1139, 408, 42, 70
1134, 410, 42, 70
1129, 411, 42, 70
1125, 412, 42, 70
1122, 412, 42, 70
1120, 413, 42, 70
1118, 413, 42, 70
1116, 414, 42, 70
1115, 414, 42, 70
1115, 415, 42, 70
1117, 416, 42, 70
1120, 417, 42, 70
1122, 418, 42, 70
1126, 419, 42, 70
1129, 421, 42, 70
1133, 422, 42, 70
1137, 424, 42, 70
1141, 425, 42, 70
1145, 427, 42, 70
1149, 429, 42, 70
1154, 431, 42, 70
1158, 432, 42, 70
1162, 434, 42, 70
1166, 436, 42, 70
1170, 439, 42, 70
1174, 441, 42, 70
1178, 443, 42, 70
1183, 445, 42, 70
1188, 446, 42, 70
1193, 448, 42, 70
1198, 449, 42, 70
1203, 450, 42, 70
1208, 451, 42, 70
1212, 453, 42, 70
1216, 454, 42, 70
1219, 455, 42, 70
1222, 456, 42, 70
1223, 457, 42, 70
1222, 458, 42, 70
1220, 459, 42, 70
1217, 460, 42, 70
1213, 460, 42, 70
1206, 460, 42, 70
1196, 461, 42, 70
1184, 461, 42, 70
1171, 461, 42, 70
1157, 461, 42, 70
1143, 462, 42, 70
1129, 462, 42, 70
1115, 463, 42, 70
1101, 464, 42, 70
1087, 464, 42, 70
1073, 465, 42, 70
1059, 466, 42, 70
1046, 467, 42, 70
1032, 468, 42, 70
1018, 469, 42, 70
1005, 471, 42, 70
993, 473, 42, 70
982, 476, 42, 70
976, 479, 42, 70
973, 482, 42, 70
971, 484, 42, 70
971, 486, 42, 70
971, 488, 42, 70
970, 490, 42, 70
970, 492, 42, 70
969, 495, 42, 70
969, 497, 42, 70
968, 499, 42, 70
968, 501, 42, 70
967, 503, 42, 70
967, 506, 42, 70
966, 509, 42, 70
966, 511, 42, 70
965, 514, 42, 70
964, 517, 42, 70
963, 520, 42, 70
963, 523, 42, 70
962, 526, 42, 70
961, 529, 42, 70
960, 532, 42, 70
958, 535, 42, 70
957, 539, 42, 70
956, 543, 42, 70
955, 548, 42, 70
954, 551, 42, 70
954, 554, 42, 70
954, 557, 42, 70
954, 560, 42, 70
954, 563, 42, 70
953, 566, 42, 70
952, 569, 42, 70
951, 572, 42, 70
950, 576, 42, 70
948, 580, 42, 70
946, 584, 42, 70
944, 588, 42, 70
942, 592, 42, 70
940, 596, 42, 70
938, 601, 42, 70
935, 605, 42, 70
933, 609, 42, 70
930, 613, 42, 70
928, 617, 42, 70
925, 622, 42, 70
922, 626, 42, 70
919, 631, 42, 70
916, 636, 42, 70
912, 642, 42, 70
909, 648, 42, 70
906, 653, 42, 70
903, 658, 42, 70
900, 662, 42, 70
896, 666, 42, 70
893, 671, 42, 70
889, 675, 42, 70
885, 680, 42, 70
882, 684, 42, 70
878, 689, 42, 70
875, 695, 42, 70
871, 700, 42, 70
867, 705, 42, 70
863, 711, 42, 70
860, 717, 42, 70
856, 723, 42, 70
852, 729, 42, 70
849, 734, 42, 70
845, 740, 42, 70
842, 746, 42, 70
838, 752, 42, 70
835, 759, 42, 70
832, 765, 42, 70
829, 773, 42, 70
825, 781, 42, 70
822, 789, 42, 70
820, 795, 42, 70
818, 801, 42, 70
816, 807, 42, 70
