740.0, 224.0, 92.1568603515625, 177.4509735107422
742.0, 220.0, 92.1568603515625, 177.4509735107422
742.0, 220.0, 92.1568603515625, 177.4509735107422
743.0, 219.0, 92.1568603515625, 177.4509735107422
743.0, 217.0, 92.1568603515625, 177.4509735107422
745.0, 217.0, 92.1568603515625, 177.4509735107422
746.0, 215.0, 92.1568603515625, 177.4509735107422
747.0, 213.0, 92.1568603515625, 177.4509735107422
747.0, 211.0, 92.1568603515625, 177.4509735107422
747.0, 210.0, 92.1568603515625, 177.4509735107422
748.0, 207.0, 92.1568603515625, 177.4509735107422
748.0, 206.0, 92.1568603515625, 177.4509735107422
750.0, 204.0, 90.34986114501953, 173.97154235839844
750.0, 201.0, 90.34986114501953, 173.97154235839844
750.0, 200.0, 90.34986114501953, 173.97154235839844
751.0, 198.0, 88.57830047607422, 170.56033325195312
751.0, 196.0, 90.34986114501953, 173.97154235839844
752.0, 195.0, 88.57830047607422, 170.56033325195312
753.0, 194.0, 90.34986114501953, 173.97154235839844
753.0, 193.0, 88.57830047607422, 170.56033325195312
754.0, 190.0, 88.57830047607422, 170.56033325195312
755.0, 189.0, 90.34986114501953, 173.97154235839844
755.0, 188.0, 88.57830047607422, 170.56033325195312
757.0, 187.0, 88.57830047607422, 170.56033325195312
756.0, 186.0, 88.57830047607422, 170.56033325195312
758.0, 184.0, 88.57830047607422, 170.56033325195312
758.0, 183.0, 88.57830047607422, 170.56033325195312
758.0, 182.0, 88.57830047607422, 170.56033325195312
759.0, 181.0, 88.57830047607422, 170.56033325195312
760.0, 180.0, 88.57830047607422, 170.56033325195312
761.0, 177.0, 88.57830047607422, 170.56033325195312
763.0, 177.0, 86.84146881103516, 167.2160186767578
765.0, 177.0, 85.1386947631836, 163.93727111816406
765.0, 174.0, 86.84146881103516, 167.2160186767578
766.0, 172.0, 86.84146881103516, 167.2160186767578
767.0, 170.0, 86.84146881103516, 167.2160186767578
767.0, 166.0, 88.57830047607422, 170.56033325195312
769.0, 165.0, 88.57830047607422, 170.56033325195312
769.0, 163.0, 88.57830047607422, 170.56033325195312
770.0, 161.0, 88.57830047607422, 170.56033325195312
771.0, 160.0, 88.57830047607422, 170.56033325195312
774.0, 158.0, 88.57830047607422, 170.56033325195312
775.0, 159.0, 86.84146881103516, 167.2160186767578
777.0, 158.0, 85.1386947631836, 163.93727111816406
777.0, 157.0, 85.1386947631836, 163.93727111816406
777.0, 154.0, 86.84146881103516, 167.2160186767578
779.0, 153.0, 86.84146881103516, 167.2160186767578
780.0, 152.0, 86.84146881103516, 167.2160186767578
781.0, 152.0, 86.84146881103516, 167.2160186767578
782.0, 151.0, 85.1386947631836, 163.93727111816406
782.0, 151.0, 85.1386947631836, 163.93727111816406
781.0, 149.0, 85.1386947631836, 163.93727111816406
780.0, 149.0, 85.1386947631836, 163.93727111816406
780.0, 148.0, 83.46930694580078, 160.72280883789062
779.0, 148.0, 81.83265686035156, 157.57139587402344
778.0, 146.0, 83.46930694580078, 160.72280883789062
775.0, 144.0, 81.83265686035156, 157.57139587402344
776.0, 142.0, 81.83265686035156, 157.57139587402344
773.0, 142.0, 80.22809600830078, 154.48175048828125
772.0, 140.0, 80.22809600830078, 154.48175048828125
770.0, 139.0, 78.65499877929688, 151.45269775390625
768.0, 138.0, 80.22809600830078, 154.48175048828125
766.0, 136.0, 80.22809600830078, 154.48175048828125
764.0, 134.0, 80.22809600830078, 154.48175048828125
763.0, 133.0, 80.22809600830078, 154.48175048828125
761.0, 133.0, 80.22809600830078, 154.48175048828125
760.0, 132.0, 80.22809600830078, 154.48175048828125
759.0, 131.0, 80.22809600830078, 154.48175048828125
757.0, 130.0, 80.22809600830078, 154.48175048828125
756.0, 128.0, 80.22809600830078, 154.48175048828125
756.0, 128.0, 80.22809600830078, 154.48175048828125
755.0, 129.0, 80.22809600830078, 154.48175048828125
753.0, 128.0, 80.22809600830078, 154.48175048828125
753.0, 128.0, 80.22809600830078, 154.48175048828125
752.0, 127.0, 80.22809600830078, 154.48175048828125
753.0, 127.0, 80.22809600830078, 154.48175048828125
752.0, 126.0, 80.22809600830078, 154.48175048828125
753.0, 127.0, 80.22809600830078, 154.48175048828125
753.0, 127.0, 80.22809600830078, 154.48175048828125
753.0, 127.0, 80.22809600830078, 154.48175048828125
753.0, 126.0, 80.22809600830078, 154.48175048828125
754.0, 127.0, 78.65499877929688, 151.45269775390625
754.0, 125.0, 80.22809600830078, 154.48175048828125
754.0, 124.0, 80.22809600830078, 154.48175048828125
755.0, 124.0, 80.22809600830078, 154.48175048828125
755.0, 122.0, 80.22809600830078, 154.48175048828125
755.0, 121.0, 81.83265686035156, 157.57139587402344
757.0, 122.0, 81.83265686035156, 157.57139587402344
758.0, 120.0, 81.83265686035156, 157.57139587402344
759.0, 121.0, 81.83265686035156, 157.57139587402344
760.0, 120.0, 81.83265686035156, 157.57139587402344
762.0, 121.0, 81.83265686035156, 157.57139587402344
764.0, 122.0, 80.22809600830078, 154.48175048828125
764.0, 121.0, 80.22809600830078, 154.48175048828125
766.0, 123.0, 78.65499877929688, 151.45269775390625
769.0, 123.0, 80.22809600830078, 154.48175048828125
768.0, 122.0, 80.22809600830078, 154.48175048828125
769.0, 122.0, 80.22809600830078, 154.48175048828125
769.0, 122.0, 80.22809600830078, 154.48175048828125
770.0, 123.0, 80.22809600830078, 154.48175048828125
771.0, 124.0, 80.22809600830078, 154.48175048828125
770.0, 123.0, 81.83265686035156, 157.57139587402344
772.0, 123.0, 81.83265686035156, 157.57139587402344
772.0, 124.0, 81.83265686035156, 157.57139587402344
772.0, 124.0, 81.83265686035156, 157.57139587402344
772.0, 124.0, 81.83265686035156, 157.57139587402344
773.0, 124.0, 81.83265686035156, 157.57139587402344
773.0, 124.0, 81.83265686035156, 157.57139587402344
771.0, 124.0, 81.83265686035156, 157.57139587402344
771.0, 122.0, 81.83265686035156, 157.57139587402344
770.0, 125.0, 80.22809600830078, 154.48175048828125
770.0, 123.0, 78.65499877929688, 151.45269775390625
770.0, 125.0, 78.65499877929688, 151.45269775390625
767.0, 124.0, 78.65499877929688, 151.45269775390625
766.0, 126.0, 77.11273956298828, 148.48304748535156
765.0, 125.0, 77.11273956298828, 148.48304748535156
764.0, 126.0, 75.6007308959961, 145.5716094970703
761.0, 125.0, 75.6007308959961, 145.5716094970703
757.0, 126.0, 75.6007308959961, 145.5716094970703
757.0, 126.0, 75.6007308959961, 145.5716094970703
753.0, 126.0, 75.6007308959961, 145.5716094970703
751.0, 126.0, 75.6007308959961, 145.5716094970703
748.0, 128.0, 74.11836242675781, 142.71726989746094
747.0, 127.0, 74.11836242675781, 142.71726989746094
745.0, 127.0, 74.11836242675781, 142.71726989746094
742.0, 127.0, 74.11836242675781, 142.71726989746094
740.0, 127.0, 75.6007308959961, 145.5716094970703
737.0, 127.0, 75.6007308959961, 145.5716094970703
737.0, 130.0, 72.6650619506836, 139.9188995361328
734.0, 130.0, 72.6650619506836, 139.9188995361328
733.0, 129.0, 72.6650619506836, 139.9188995361328
731.0, 128.0, 74.11836242675781, 142.71726989746094
730.0, 128.0, 74.11836242675781, 142.71726989746094
728.0, 126.0, 75.6007308959961, 145.5716094970703
726.0, 125.0, 75.6007308959961, 145.5716094970703
726.0, 125.0, 75.6007308959961, 145.5716094970703
726.0, 126.0, 75.6007308959961, 145.5716094970703
725.0, 125.0, 77.11273956298828, 148.48304748535156
725.0, 125.0, 77.11273956298828, 148.48304748535156
726.0, 126.0, 75.6007308959961, 145.5716094970703
726.0, 127.0, 75.6007308959961, 145.5716094970703
727.0, 127.0, 75.6007308959961, 145.5716094970703
727.0, 127.0, 75.6007308959961, 145.5716094970703
729.0, 129.0, 75.6007308959961, 145.5716094970703
728.0, 128.0, 75.6007308959961, 145.5716094970703
730.0, 131.0, 74.11836242675781, 142.71726989746094
730.0, 129.0, 77.11273956298828, 148.4830322265625
731.0, 131.0, 75.60072326660156, 145.5716094970703
731.0, 132.0, 75.60072326660156, 145.5716094970703
731.0, 132.0, 75.60072326660156, 145.5716094970703
731.0, 134.0, 75.60072326660156, 145.5716094970703
731.0, 134.0, 74.11835479736328, 142.71725463867188
732.0, 135.0, 74.11835479736328, 142.71725463867188
731.0, 134.0, 75.60072326660156, 145.5716094970703
731.0, 135.0, 74.11835479736328, 142.71725463867188
731.0, 134.0, 75.60072326660156, 145.5716094970703
730.0, 134.0, 75.60072326660156, 145.5716094970703
731.0, 137.0, 72.6650619506836, 139.91888427734375
732.0, 137.0, 72.6650619506836, 139.91888427734375
732.0, 138.0, 72.6650619506836, 139.91888427734375
731.0, 138.0, 72.6650619506836, 139.91888427734375
731.0, 139.0, 72.6650619506836, 139.91888427734375
731.0, 139.0, 72.6650619506836, 139.91888427734375
732.0, 140.0, 72.6650619506836, 139.91888427734375
733.0, 141.0, 72.6650619506836, 139.91888427734375
734.0, 142.0, 72.6650619506836, 139.91888427734375
733.0, 142.0, 72.6650619506836, 139.91888427734375
734.0, 144.0, 71.24024963378906, 137.17538452148438
734.0, 143.0, 72.66505432128906, 139.91888427734375
735.0, 144.0, 72.66505432128906, 139.91888427734375
735.0, 145.0, 72.66505432128906, 139.91888427734375
735.0, 145.0, 72.66505432128906, 139.91888427734375
735.0, 146.0, 72.66505432128906, 139.91888427734375
736.0, 148.0, 72.66505432128906, 139.91888427734375
736.0, 147.0, 72.66505432128906, 139.91888427734375
736.0, 148.0, 72.66505432128906, 139.91888427734375
735.0, 147.0, 72.66505432128906, 139.91888427734375
735.0, 147.0, 72.66505432128906, 139.91888427734375
734.0, 146.0, 74.11835479736328, 142.71725463867188
733.0, 145.0, 74.11835479736328, 142.71725463867188
732.0, 145.0, 74.11835479736328, 142.71725463867188
733.0, 148.0, 72.66504669189453, 139.9188690185547
732.0, 147.0, 72.66504669189453, 139.9188690185547
730.0, 147.0, 72.66504669189453, 139.9188690185547
729.0, 148.0, 72.66504669189453, 139.9188690185547
727.0, 149.0, 71.24024200439453, 137.17535400390625
727.0, 149.0, 71.24024200439453, 137.17535400390625
723.0, 148.0, 72.6650390625, 139.91885375976562
722.0, 150.0, 69.84337615966797, 134.4856414794922
720.0, 151.0, 69.84337615966797, 134.4856414794922
718.0, 150.0, 71.24024200439453, 137.17535400390625
714.0, 150.0, 72.6650390625, 139.91885375976562
710.0, 150.0, 71.240234375, 137.17535400390625
709.0, 151.0, 71.240234375, 137.17535400390625
706.0, 151.0, 71.240234375, 137.17535400390625
702.0, 153.0, 69.84336853027344, 134.4856414794922
697.0, 153.0, 69.84336853027344, 134.4856414794922
695.0, 152.0, 71.240234375, 137.17535400390625
692.0, 153.0, 69.84336853027344, 134.4856414794922
685.0, 153.0, 69.84336853027344, 134.4856414794922
685.0, 151.0, 69.84336853027344, 134.4856414794922
681.0, 151.0, 68.47389221191406, 131.84866333007812
677.0, 150.0, 69.84336853027344, 134.4856414794922
676.0, 150.0, 68.47389221191406, 131.84866333007812
673.0, 150.0, 68.47389221191406, 131.84866333007812
672.0, 151.0, 67.13126373291016, 129.26339721679688
671.0, 150.0, 67.13126373291016, 129.26339721679688
670.0, 151.0, 65.81497192382812, 126.72882080078125
669.0, 150.0, 68.47389221191406, 131.84866333007812
668.0, 150.0, 67.13126373291016, 129.26339721679688
667.0, 149.0, 67.13126373291016, 129.26339721679688
668.0, 151.0, 65.81497192382812, 126.72882080078125
667.0, 148.0, 68.47389221191406, 131.84866333007812
667.0, 149.0, 68.47389221191406, 131.84866333007812
668.0, 150.0, 67.13126373291016, 129.26339721679688
668.0, 148.0, 67.13126373291016, 129.26339721679688
667.0, 149.0, 65.81497192382812, 126.72882080078125
669.0, 147.0, 67.13126373291016, 129.26339721679688
669.0, 148.0, 65.81497192382812, 126.72882080078125
669.0, 148.0, 65.81497192382812, 126.72882080078125
670.0, 147.0, 65.81497192382812, 126.72882080078125
669.0, 145.0, 67.13126373291016, 129.26339721679688
670.0, 145.0, 65.81497192382812, 126.72882080078125
670.0, 143.0, 67.13126373291016, 129.26339721679688
670.0, 142.0, 67.13126373291016, 129.26339721679688
670.0, 142.0, 65.81497192382812, 126.72882080078125
672.0, 141.0, 67.13126373291016, 129.26339721679688
673.0, 140.0, 65.81497192382812, 126.72882080078125
673.0, 140.0, 67.13126373291016, 129.26339721679688
673.0, 138.0, 67.13126373291016, 129.26339721679688
672.0, 138.0, 67.13126373291016, 129.26339721679688
675.0, 138.0, 65.81497192382812, 126.72882080078125
674.0, 136.0, 68.47389221191406, 131.84866333007812
673.0, 135.0, 68.47389221191406, 131.84866333007812
672.0, 133.0, 68.47389221191406, 131.84866333007812
670.0, 132.0, 69.84336853027344, 134.4856414794922
671.0, 132.0, 69.84336853027344, 134.4856414794922
669.0, 130.0, 71.240234375, 137.17535400390625
667.0, 130.0, 69.84336853027344, 134.4856414794922
665.0, 130.0, 69.84336853027344, 134.4856414794922
665.0, 131.0, 68.47389221191406, 131.84866333007812
661.0, 128.0, 69.84336853027344, 134.4856414794922
658.0, 129.0, 68.47389221191406, 131.84866333007812
657.0, 128.0, 68.47389221191406, 131.84866333007812
654.0, 127.0, 68.47389221191406, 131.84866333007812
651.0, 126.0, 68.47389221191406, 131.84866333007812
651.0, 125.0, 67.13126373291016, 129.26339721679688
649.0, 123.0, 67.13126373291016, 129.26339721679688
647.0, 122.0, 67.13126373291016, 129.26339721679688
645.0, 121.0, 67.13126373291016, 129.26339721679688
644.0, 120.0, 67.13126373291016, 129.26339721679688
643.0, 118.0, 68.47389221191406, 131.84866333007812
642.0, 118.0, 68.47389221191406, 131.84866333007812
641.0, 116.0, 69.84336853027344, 134.4856414794922
640.0, 114.0, 69.84336853027344, 134.4856414794922
639.0, 115.0, 69.84336853027344, 134.4856414794922
640.0, 114.0, 68.47389221191406, 131.84866333007812
641.0, 113.0, 69.84336853027344, 134.4856414794922
640.0, 113.0, 69.84336853027344, 134.4856414794922
640.0, 112.0, 69.84336853027344, 134.4856414794922
640.0, 110.0, 71.240234375, 137.17535400390625
641.0, 111.0, 69.84336853027344, 134.4856414794922
641.0, 110.0, 69.84336853027344, 134.4856414794922
642.0, 110.0, 69.84336853027344, 134.4856414794922
643.0, 109.0, 69.84336853027344, 134.4856414794922
643.0, 109.0, 69.84336853027344, 134.4856414794922
645.0, 107.0, 71.240234375, 137.17535400390625
646.0, 106.0, 71.240234375, 137.17535400390625
647.0, 105.0, 71.240234375, 137.17535400390625
648.0, 105.0, 71.240234375, 137.17535400390625
650.0, 102.0, 72.6650390625, 139.91885375976562
650.0, 100.0, 74.11833190917969, 142.71722412109375
651.0, 100.0, 74.11833190917969, 142.71722412109375
655.0, 99.0, 72.66503143310547, 139.91883850097656
656.0, 97.0, 74.11833190917969, 142.7172088623047
657.0, 97.0, 74.11833190917969, 142.7172088623047
659.0, 97.0, 74.11833190917969, 142.7172088623047
663.0, 97.0, 74.11833190917969, 142.7172088623047
663.0, 95.0, 74.11833190917969, 142.7172088623047
664.0, 95.0, 74.11833190917969, 142.7172088623047
667.0, 95.0, 74.11833190917969, 142.7172088623047
666.0, 93.0, 74.11833190917969, 142.7172088623047
670.0, 95.0, 74.11833190917969, 142.7172088623047
670.0, 92.0, 74.11833190917969, 142.7172088623047
673.0, 94.0, 74.11833190917969, 142.7172088623047
674.0, 93.0, 74.11833190917969, 142.7172088623047
675.0, 92.0, 74.11833190917969, 142.7172088623047
677.0, 93.0, 72.66502380371094, 139.9188232421875
678.0, 92.0, 74.11832427978516, 142.71719360351562
679.0, 93.0, 72.66502380371094, 139.91880798339844
680.0, 93.0, 72.66502380371094, 139.91880798339844
679.0, 91.0, 72.66502380371094, 139.91880798339844
679.0, 91.0, 72.66502380371094, 139.91880798339844
679.0, 90.0, 72.66502380371094, 139.91880798339844
680.0, 89.0, 72.66502380371094, 139.91880798339844
680.0, 88.0, 72.66502380371094, 139.91880798339844
681.0, 89.0, 71.2402114868164, 137.17530822753906
681.0, 88.0, 71.2402114868164, 137.17530822753906
683.0, 89.0, 69.84334564208984, 134.485595703125
682.0, 87.0, 71.2402114868164, 137.17530822753906
682.0, 87.0, 71.2402114868164, 137.17530822753906
683.0, 86.0, 71.2402114868164, 137.17530822753906
682.0, 86.0, 71.2402114868164, 137.17530822753906
683.0, 86.0, 71.2402114868164, 137.17530822753906
683.0, 86.0, 72.6650161743164, 139.91880798339844
683.0, 84.0, 72.6650161743164, 139.91880798339844
684.0, 86.0, 72.6650161743164, 139.91880798339844
684.0, 86.0, 71.2402114868164, 137.17530822753906
684.0, 85.0, 71.2402114868164, 137.17530822753906
683.0, 85.0, 71.2402114868164, 137.17530822753906
685.0, 86.0, 69.84334564208984, 134.485595703125
684.0, 86.0, 71.2402114868164, 137.17530822753906
684.0, 86.0, 71.2402114868164, 137.17530822753906
684.0, 86.0, 71.2402114868164, 137.17530822753906
685.0, 87.0, 69.84334564208984, 134.485595703125
684.0, 86.0, 71.2402114868164, 137.17530822753906
685.0, 87.0, 69.84334564208984, 134.485595703125
685.0, 86.0, 69.84334564208984, 134.485595703125
685.0, 85.0, 69.84334564208984, 134.485595703125
684.0, 85.0, 69.84334564208984, 134.485595703125
685.0, 85.0, 69.84334564208984, 134.485595703125
684.0, 85.0, 69.84334564208984, 134.485595703125
684.0, 84.0, 71.2402114868164, 137.17530822753906
685.0, 85.0, 69.84334564208984, 134.485595703125
688.0, 87.0, 69.84334564208984, 134.485595703125
686.0, 86.0, 69.84334564208984, 134.485595703125
686.0, 87.0, 69.84334564208984, 134.485595703125
686.0, 86.0, 69.84334564208984, 134.485595703125
687.0, 86.0, 69.84334564208984, 134.485595703125
689.0, 89.0, 68.47386932373047, 131.84861755371094
688.0, 90.0, 68.47386932373047, 131.84861755371094
688.0, 90.0, 68.47386932373047, 131.84861755371094
688.0, 91.0, 68.47386932373047, 131.84861755371094
689.0, 92.0, 68.47386932373047, 131.84861755371094
687.0, 92.0, 68.47386932373047, 131.84861755371094
688.0, 93.0, 68.47386932373047, 131.84861755371094
686.0, 93.0, 68.47386932373047, 131.84861755371094
686.0, 94.0, 68.47386932373047, 131.84861755371094
685.0, 94.0, 68.47386932373047, 131.84861755371094
685.0, 95.0, 68.47386932373047, 131.84861755371094
684.0, 96.0, 67.13124084472656, 129.2633514404297
683.0, 96.0, 67.13124084472656, 129.2633514404297
683.0, 97.0, 65.81494903564453, 126.7287826538086
682.0, 95.0, 67.13124084472656, 129.2633514404297
682.0, 98.0, 65.81494903564453, 126.7287826538086
681.0, 99.0, 65.81494903564453, 126.7287826538086
682.0, 100.0, 67.13124084472656, 129.2633514404297
681.0, 99.0, 65.81494903564453, 126.7287826538086
680.0, 101.0, 65.81494903564453, 126.7287826538086
680.0, 101.0, 67.13124084472656, 129.2633514404297
678.0, 100.0, 68.47386932373047, 131.84861755371094
678.0, 101.0, 68.47386932373047, 131.84861755371094
680.0, 104.0, 67.13124084472656, 129.2633514404297
679.0, 103.0, 68.47386932373047, 131.84861755371094
679.0, 103.0, 68.47386932373047, 131.84861755371094
679.0, 104.0, 69.84334564208984, 134.48558044433594
678.0, 104.0, 69.84334564208984, 134.48558044433594
679.0, 106.0, 69.84334564208984, 134.48558044433594
677.0, 106.0, 69.84334564208984, 134.48558044433594
678.0, 107.0, 68.47386169433594, 131.84860229492188
677.0, 108.0, 68.47386169433594, 131.84860229492188
675.0, 107.0, 69.84333801269531, 134.48558044433594
675.0, 109.0, 68.4738540649414, 131.84860229492188
674.0, 109.0, 68.4738540649414, 131.84860229492188
673.0, 109.0, 68.4738540649414, 131.84860229492188
670.0, 109.0, 68.4738540649414, 131.84860229492188
669.0, 109.0, 68.4738540649414, 131.84860229492188
667.0, 109.0, 68.4738540649414, 131.84860229492188
666.0, 108.0, 68.4738540649414, 131.84860229492188
663.0, 110.0, 67.13123321533203, 129.26333618164062
661.0, 110.0, 67.13123321533203, 129.26333618164062
658.0, 112.0, 65.81493377685547, 126.728759765625
655.0, 112.0, 65.81493377685547, 126.728759765625
653.0, 113.0, 65.81493377685547, 126.728759765625
650.0, 112.0, 65.81493377685547, 126.728759765625
644.0, 115.0, 65.81493377685547, 126.728759765625
643.0, 115.0, 65.81493377685547, 126.728759765625
639.0, 117.0, 65.81493377685547, 126.728759765625
635.0, 117.0, 65.81493377685547, 126.728759765625
633.0, 119.0, 65.81493377685547, 126.728759765625
628.0, 118.0, 65.81493377685547, 126.728759765625
627.0, 120.0, 64.52444458007812, 124.24388122558594
620.0, 120.0, 65.81493377685547, 126.728759765625
620.0, 123.0, 64.52444458007812, 124.24388122558594
612.0, 121.0, 65.81493377685547, 126.728759765625
610.0, 123.0, 64.52444458007812, 124.24388122558594
607.0, 124.0, 63.25925827026367, 121.80772399902344
603.0, 126.0, 62.01887893676758, 119.4193344116211
601.0, 125.0, 63.25925827026367, 121.80772399902344
595.0, 124.0, 63.25925827026367, 121.80772399902344
594.0, 125.0, 63.25925827026367, 121.80772399902344
590.0, 126.0, 63.25925827026367, 121.80772399902344
588.0, 127.0, 63.25925827026367, 121.80772399902344
587.0, 128.0, 62.01887893676758, 119.4193344116211
587.0, 130.0, 60.80282211303711, 117.07777404785156
583.0, 130.0, 60.80282211303711, 117.07777404785156
583.0, 132.0, 59.61061096191406, 114.78213500976562
583.0, 133.0, 59.61061096191406, 114.78213500976562
582.0, 133.0, 59.61061096191406, 114.78213500976562
581.0, 134.0, 59.61061096191406, 114.78213500976562
581.0, 134.0, 59.61061096191406, 114.78213500976562
582.0, 136.0, 58.441776275634766, 112.53150939941406
582.0, 137.0, 58.441776275634766, 112.53150939941406
582.0, 137.0, 59.61061096191406, 114.78213500976562
582.0, 138.0, 59.61061096191406, 114.78213500976562
582.0, 139.0, 58.441776275634766, 112.53150939941406
582.0, 139.0, 59.61061096191406, 114.78213500976562
582.0, 141.0, 59.61061096191406, 114.78213500976562
582.0, 140.0, 59.61061096191406, 114.78213500976562
590.0, 143.0, 58.441776275634766, 112.53150939941406
584.0, 142.0, 58.441776275634766, 112.53150939941406
584.0, 140.0, 60.802818298339844, 117.07776641845703
584.0, 139.0, 60.802818298339844, 117.07776641845703
584.0, 139.0, 62.01887512207031, 119.41931915283203
585.0, 139.0, 62.01887512207031, 119.41931915283203
586.0, 140.0, 62.01887512207031, 119.41931915283203
586.0, 140.0, 63.259254455566406, 121.80770874023438
587.0, 140.0, 63.259254455566406, 121.80770874023438
589.0, 142.0, 62.01887512207031, 119.41931915283203
590.0, 143.0, 62.01887512207031, 119.41931915283203
593.0, 145.0, 62.01887512207031, 119.41931915283203
591.0, 143.0, 63.259254455566406, 121.80770874023438
594.0, 144.0, 62.01887512207031, 119.41931915283203
594.0, 146.0, 62.01887512207031, 119.41931915283203
596.0, 147.0, 62.01887512207031, 119.41931915283203
596.0, 150.0, 60.802818298339844, 117.07776641845703
597.0, 149.0, 60.802818298339844, 117.07776641845703
598.0, 152.0, 59.6106071472168, 114.7821273803711
599.0, 154.0, 58.4417724609375, 112.531494140625
599.0, 154.0, 59.6106071472168, 114.7821273803711
600.0, 154.0, 58.4417724609375, 112.531494140625
600.0, 155.0, 58.4417724609375, 112.531494140625
600.0, 154.0, 59.6106071472168, 114.7821273803711
600.0, 154.0, 59.6106071472168, 114.7821273803711
600.0, 156.0, 57.29585647583008, 110.32499694824219
601.0, 156.0, 59.610599517822266, 114.78211212158203
601.0, 155.0, 58.44176483154297, 112.53148651123047
602.0, 157.0, 58.44176483154297, 112.53148651123047
603.0, 158.0, 58.44176483154297, 112.53148651123047
603.0, 158.0, 58.44176483154297, 112.53148651123047
605.0, 158.0, 59.610599517822266, 114.78211212158203
605.0, 159.0, 58.44176483154297, 112.53148651123047
608.0, 158.0, 59.610599517822266, 114.78211212158203
610.0, 161.0, 58.44176483154297, 112.53148651123047
610.0, 159.0, 59.610599517822266, 114.78211212158203
611.0, 160.0, 58.44176483154297, 112.53148651123047
614.0, 162.0, 57.29585266113281, 110.32498931884766
616.0, 162.0, 58.44176483154297, 112.53148651123047
616.0, 162.0, 59.610599517822266, 114.78211212158203
617.0, 162.0, 59.610599517822266, 114.78211212158203
619.0, 162.0, 58.44176483154297, 112.53148651123047
621.0, 163.0, 59.610599517822266, 114.78211212158203
622.0, 163.0, 59.610599517822266, 114.78211212158203
623.0, 163.0, 59.610599517822266, 114.78211212158203
626.0, 162.0, 60.80281066894531, 117.0777587890625
626.0, 160.0, 60.80281066894531, 117.0777587890625
629.0, 160.0, 60.80281066894531, 117.0777587890625
629.0, 160.0, 62.01886749267578, 119.4193115234375
631.0, 161.0, 62.01886749267578, 119.4193115234375
633.0, 159.0, 63.259246826171875, 121.80770111083984
634.0, 160.0, 62.01886749267578, 119.4193115234375
640.0, 162.0, 60.80281066894531, 117.0777587890625
639.0, 161.0, 60.80281066894531, 117.0777587890625
641.0, 161.0, 62.01886749267578, 119.4193115234375
644.0, 161.0, 62.01886749267578, 119.4193115234375
647.0, 163.0, 62.01886749267578, 119.4193115234375
647.0, 162.0, 62.01886749267578, 119.4193115234375
648.0, 164.0, 60.80281066894531, 117.0777587890625
650.0, 165.0, 59.610599517822266, 114.78211212158203
653.0, 164.0, 60.80281066894531, 117.0777587890625
654.0, 167.0, 59.610599517822266, 114.78211212158203
655.0, 166.0, 58.44176483154297, 112.53148651123047
656.0, 166.0, 58.44176483154297, 112.53148651123047
657.0, 168.0, 58.44176483154297, 112.53148651123047
657.0, 168.0, 57.29585266113281, 110.32498931884766
657.0, 168.0, 57.29585266113281, 110.32498931884766
657.0, 169.0, 56.17240524291992, 108.16175842285156
656.0, 168.0, 55.070987701416016, 106.04093933105469
657.0, 170.0, 55.070987701416016, 106.04093933105469
656.0, 171.0, 52.93251419067383, 101.9232406616211
655.0, 170.0, 53.99116516113281, 103.96170806884766
654.0, 170.0, 52.93251419067383, 101.9232406616211
653.0, 171.0, 52.93251419067383, 101.9232406616211
652.0, 171.0, 52.93251419067383, 101.9232406616211
650.0, 171.0, 52.93251419067383, 101.9232406616211
649.0, 171.0, 52.93251419067383, 101.9232406616211
648.0, 172.0, 52.93251419067383, 101.9232406616211
645.0, 170.0, 53.99116516113281, 103.96170806884766
644.0, 171.0, 52.93251419067383, 101.9232406616211
640.0, 169.0, 52.93251419067383, 101.9232406616211
639.0, 171.0, 52.93251419067383, 101.9232406616211
637.0, 170.0, 51.894622802734375, 99.92475128173828
635.0, 171.0, 52.93251419067383, 101.9232406616211
630.0, 170.0, 53.99116516113281, 103.96170806884766
628.0, 169.0, 53.99116516113281, 103.96170806884766
625.0, 170.0, 53.99116516113281, 103.96170806884766
624.0, 169.0, 53.99116516113281, 103.96170806884766
622.0, 169.0, 55.070987701416016, 106.04093933105469
619.0, 166.0, 53.99116516113281, 103.96170806884766
616.0, 168.0, 53.99116516113281, 103.96170806884766
616.0, 167.0, 53.99116516113281, 103.96170806884766
614.0, 165.0, 53.99116516113281, 103.96170806884766
612.0, 166.0, 55.070987701416016, 106.04093933105469
611.0, 165.0, 53.99116516113281, 103.96170806884766
612.0, 165.0, 53.99116516113281, 103.96170806884766
611.0, 165.0, 55.070987701416016, 106.04093933105469
612.0, 164.0, 55.070987701416016, 106.04093933105469
611.0, 165.0, 55.070987701416016, 106.04093933105469
614.0, 163.0, 53.99116516113281, 103.96170806884766
615.0, 165.0, 53.99116516113281, 103.96170806884766
618.0, 165.0, 52.93251419067383, 101.9232406616211
621.0, 164.0, 52.93251419067383, 101.9232406616211
622.0, 164.0, 52.93251419067383, 101.9232406616211
623.0, 164.0, 52.93251419067383, 101.9232406616211
626.0, 165.0, 52.93251419067383, 101.9232406616211
628.0, 167.0, 52.93251419067383, 101.9232406616211
630.0, 164.0, 51.894622802734375, 99.92475128173828
635.0, 167.0, 50.877079010009766, 97.96543884277344
634.0, 167.0, 51.894622802734375, 99.92475128173828
637.0, 167.0, 51.894622802734375, 99.92475128173828
639.0, 166.0, 51.894622802734375, 99.92475128173828
641.0, 166.0, 50.877079010009766, 97.96543884277344
644.0, 166.0, 50.877079010009766, 97.96543884277344
645.0, 166.0, 52.9325065612793, 101.92323303222656
644.0, 164.0, 51.894615173339844, 99.92473602294922
648.0, 165.0, 51.894615173339844, 99.92473602294922
650.0, 164.0, 52.9325065612793, 101.92323303222656
651.0, 164.0, 52.9325065612793, 101.92323303222656
652.0, 164.0, 52.9325065612793, 101.92323303222656
653.0, 164.0, 52.9325065612793, 101.92323303222656
655.0, 165.0, 52.9325065612793, 101.92323303222656
655.0, 165.0, 52.9325065612793, 101.92323303222656
655.0, 164.0, 53.99115753173828, 103.96170043945312
657.0, 164.0, 51.894615173339844, 99.92473602294922
658.0, 165.0, 51.894615173339844, 99.92473602294922
658.0, 164.0, 51.894615173339844, 99.92473602294922
658.0, 165.0, 51.894615173339844, 99.92473602294922
658.0, 165.0, 51.894615173339844, 99.92473602294922
660.0, 165.0, 50.8770751953125, 97.9654312133789
658.0, 165.0, 50.8770751953125, 97.9654312133789
657.0, 165.0, 51.894615173339844, 99.92473602294922
656.0, 164.0, 50.8770751953125, 97.9654312133789
656.0, 165.0, 50.8770751953125, 97.9654312133789
655.0, 164.0, 51.894615173339844, 99.92473602294922
654.0, 163.0, 51.894615173339844, 99.92473602294922
653.0, 163.0, 50.8770751953125, 97.9654312133789
653.0, 163.0, 50.8770751953125, 97.9654312133789
652.0, 162.0, 51.894615173339844, 99.92473602294922
651.0, 160.0, 51.894615173339844, 99.92473602294922
651.0, 160.0, 51.894615173339844, 99.92473602294922
651.0, 160.0, 50.8770751953125, 97.9654312133789
651.0, 160.0, 50.8770751953125, 97.9654312133789
650.0, 160.0, 50.8770751953125, 97.9654312133789
649.0, 159.0, 51.894615173339844, 99.92473602294922
651.0, 159.0, 50.8770751953125, 97.9654312133789
648.0, 159.0, 50.8770751953125, 97.9654312133789
649.0, 158.0, 51.894615173339844, 99.92473602294922
648.0, 158.0, 50.8770751953125, 97.9654312133789
648.0, 159.0, 51.894615173339844, 99.92473602294922
648.0, 158.0, 50.8770751953125, 97.9654312133789
648.0, 159.0, 50.8770751953125, 97.9654312133789
648.0, 159.0, 48.901458740234375, 94.16131591796875
647.0, 160.0, 49.87948226928711, 96.0445327758789
646.0, 159.0, 48.901451110839844, 94.16130828857422
643.0, 160.0, 49.879478454589844, 96.04452514648438
643.0, 159.0, 48.90144729614258, 94.16129302978516
642.0, 160.0, 49.87947082519531, 96.04451751708984
640.0, 159.0, 48.90143966674805, 94.16128540039062
640.0, 159.0, 48.90143966674805, 94.16128540039062
637.0, 158.0, 47.942588806152344, 92.31497955322266
636.0, 158.0, 47.942588806152344, 92.31497955322266
636.0, 158.0, 46.0809211730957, 88.73028564453125
635.0, 159.0, 46.0809211730957, 88.73028564453125
634.0, 159.0, 45.17737579345703, 86.990478515625
633.0, 159.0, 46.0809211730957, 88.73028564453125
632.0, 155.0, 47.00253677368164, 90.50489044189453
634.0, 157.0, 46.08091735839844, 88.73027801513672
632.0, 157.0, 45.177371978759766, 86.99047088623047
631.0, 157.0, 47.002532958984375, 90.50487518310547
631.0, 153.0, 48.90142822265625, 94.16126251220703
630.0, 155.0, 47.94257736206055, 92.3149642944336
630.0, 153.0, 48.90142822265625, 94.16126251220703
630.0, 152.0, 49.87945556640625, 96.04447937011719
630.0, 151.0, 50.877044677734375, 97.96537780761719
628.0, 151.0, 49.87945556640625, 96.04447937011719
630.0, 150.0, 50.877044677734375, 97.96537780761719
630.0, 150.0, 50.877044677734375, 97.96537780761719
630.0, 149.0, 51.894588470458984, 99.9246826171875
629.0, 149.0, 50.877044677734375, 97.96537780761719
630.0, 149.0, 49.87945556640625, 96.04447937011719
630.0, 149.0, 49.87945556640625, 96.04447937011719
630.0, 148.0, 50.877044677734375, 97.96537780761719
629.0, 147.0, 50.877044677734375, 97.96537780761719
629.0, 146.0, 50.877044677734375, 97.96537780761719
628.0, 144.0, 52.932472229003906, 101.92316436767578
628.0, 143.0, 50.877044677734375, 97.96537780761719
628.0, 142.0, 49.87945556640625, 96.04447937011719
629.0, 142.0, 50.877044677734375, 97.96537780761719
629.0, 141.0, 49.87945556640625, 96.04447937011719
629.0, 142.0, 49.87945556640625, 96.04447937011719
627.0, 139.0, 49.87945556640625, 96.04447937011719
628.0, 139.0, 49.87945556640625, 96.04447937011719
625.0, 137.0, 51.89458084106445, 99.92467498779297
624.0, 135.0, 50.87704086303711, 97.96536254882812
625.0, 136.0, 50.87704086303711, 97.96536254882812
626.0, 137.0, 49.87944793701172, 96.04447174072266
622.0, 135.0, 50.87704086303711, 97.96536254882812
623.0, 133.0, 50.87704086303711, 97.96536254882812
623.0, 135.0, 49.87944793701172, 96.04447174072266
620.0, 133.0, 49.87944793701172, 96.04447174072266
620.0, 134.0, 49.87944793701172, 96.04447174072266
620.0, 133.0, 49.87944793701172, 96.04447174072266
619.0, 133.0, 49.87944793701172, 96.04447174072266
616.0, 133.0, 49.87944793701172, 96.04447174072266
617.0, 133.0, 48.901424407958984, 94.1612548828125
613.0, 132.0, 49.87944793701172, 96.04447174072266
614.0, 132.0, 48.901424407958984, 94.1612548828125
611.0, 130.0, 48.901424407958984, 94.1612548828125
611.0, 131.0, 48.901424407958984, 94.1612548828125
609.0, 131.0, 47.942569732666016, 92.31494903564453
609.0, 130.0, 47.00252151489258, 90.50485229492188
608.0, 131.0, 47.942569732666016, 92.31494903564453
606.0, 128.0, 48.901424407958984, 94.1612548828125
606.0, 129.0, 48.901424407958984, 94.1612548828125
605.0, 128.0, 48.901424407958984, 94.1612548828125
603.0, 127.0, 48.901424407958984, 94.1612548828125
602.0, 127.0, 49.87944793701172, 96.04447174072266
600.0, 125.0, 49.87944793701172, 96.04447174072266
600.0, 125.0, 49.87944793701172, 96.04447174072266
599.0, 125.0, 49.87944793701172, 96.04447174072266
598.0, 123.0, 49.87944793701172, 96.04447174072266
597.0, 124.0, 49.87944793701172, 96.04447174072266
596.0, 124.0, 49.87944793701172, 96.04447174072266
594.0, 123.0, 49.87944793701172, 96.04447174072266
592.0, 123.0, 49.87944793701172, 96.04447174072266
593.0, 123.0, 49.87944793701172, 96.04447174072266
592.0, 123.0, 48.901424407958984, 94.1612548828125
590.0, 122.0, 49.87944793701172, 96.04447174072266
590.0, 122.0, 49.87944793701172, 96.04447174072266
589.0, 122.0, 49.87944793701172, 96.04447174072266
588.0, 121.0, 49.87944793701172, 96.04447174072266
587.0, 120.0, 50.87704086303711, 97.96536254882812
586.0, 119.0, 50.87704086303711, 97.96536254882812
585.0, 118.0, 50.87704086303711, 97.96536254882812
584.0, 117.0, 51.89458084106445, 99.92467498779297
583.0, 117.0, 50.87704086303711, 97.96536254882812
582.0, 117.0, 50.87704086303711, 97.96536254882812
582.0, 116.0, 50.87704086303711, 97.96536254882812
581.0, 116.0, 51.89458084106445, 99.92467498779297
580.0, 115.0, 49.87945556640625, 96.04447937011719
581.0, 115.0, 49.87945556640625, 96.04447937011719
579.0, 114.0, 50.877044677734375, 97.96537780761719
579.0, 115.0, 49.87945556640625, 96.04447937011719
578.0, 114.0, 49.87945556640625, 96.04447937011719
577.0, 114.0, 48.901424407958984, 94.1612548828125
576.0, 113.0, 49.87944793701172, 96.04447174072266
574.0, 113.0, 49.87944793701172, 96.04447174072266
575.0, 113.0, 49.87944793701172, 96.04447174072266
572.0, 114.0, 48.901424407958984, 94.1612548828125
572.0, 114.0, 48.901424407958984, 94.1612548828125
572.0, 115.0, 48.901424407958984, 94.1612548828125
569.0, 115.0, 48.901424407958984, 94.1612548828125
568.0, 116.0, 47.942569732666016, 92.31494903564453
567.0, 118.0, 46.08090591430664, 88.73025512695312
567.0, 118.0, 46.08090591430664, 88.73025512695312
563.0, 119.0, 45.1773567199707, 86.99044799804688
564.0, 119.0, 46.08090591430664, 88.73025512695312
561.0, 117.0, 45.1773567199707, 86.99044799804688
560.0, 119.0, 46.08090591430664, 88.73025512695312
557.0, 119.0, 46.08090591430664, 88.73025512695312
555.0, 119.0, 46.08090591430664, 88.73025512695312
552.0, 119.0, 46.08090591430664, 88.73025512695312
551.0, 120.0, 45.1773567199707, 86.99044799804688
550.0, 121.0, 45.1773567199707, 86.99044799804688
546.0, 121.0, 46.08090591430664, 88.73025512695312
544.0, 121.0, 46.08090591430664, 88.73025512695312
543.0, 120.0, 47.00252151489258, 90.50485229492188
541.0, 122.0, 46.080902099609375, 88.7302474975586
539.0, 121.0, 47.00252151489258, 90.50485229492188
538.0, 123.0, 46.080902099609375, 88.7302474975586
535.0, 122.0, 47.00252151489258, 90.50485229492188
534.0, 123.0, 47.00252151489258, 90.50485229492188
532.0, 124.0, 47.00252151489258, 90.50485229492188
531.0, 126.0, 47.00252151489258, 90.50485229492188
530.0, 125.0, 47.00252151489258, 90.50485229492188
527.0, 126.0, 47.00252151489258, 90.50485229492188
527.0, 126.0, 47.942569732666016, 92.31494903564453
525.0, 127.0, 47.00252151489258, 90.50485229492188
524.0, 127.0, 47.942569732666016, 92.31494903564453
523.0, 127.0, 47.942569732666016, 92.31494903564453
520.0, 127.0, 48.901424407958984, 94.1612548828125
520.0, 128.0, 49.87944793701172, 96.04447174072266
517.0, 126.0, 49.87944793701172, 96.04447174072266
517.0, 127.0, 50.87704086303711, 97.96536254882812
515.0, 128.0, 50.87704086303711, 97.96536254882812
513.0, 128.0, 51.89458084106445, 99.92467498779297
513.0, 129.0, 50.87704086303711, 97.96536254882812
512.0, 129.0, 50.87704086303711, 97.96536254882812
510.0, 131.0, 50.87704086303711, 97.96536254882812
511.0, 130.0, 51.89458084106445, 99.92467498779297
508.0, 130.0, 50.87704086303711, 97.96536254882812
508.0, 132.0, 50.87704086303711, 97.96536254882812
505.0, 132.0, 51.89458084106445, 99.92467498779297
505.0, 133.0, 51.89458084106445, 99.92467498779297
506.0, 133.0, 50.87704086303711, 97.96536254882812
502.0, 136.0, 51.89458084106445, 99.92467498779297
502.0, 137.0, 51.89458084106445, 99.92467498779297
501.0, 137.0, 50.87704086303711, 97.96536254882812
500.0, 139.0, 51.89458084106445, 99.92467498779297
500.0, 141.0, 49.87945556640625, 96.04447937011719
499.0, 141.0, 50.877044677734375, 97.96537780761719
498.0, 142.0, 49.87945556640625, 96.04447937011719
497.0, 143.0, 50.877044677734375, 97.96537780761719
496.0, 143.0, 50.877044677734375, 97.96537780761719
496.0, 146.0, 49.87945556640625, 96.04447937011719
494.0, 145.0, 49.87945556640625, 96.04447937011719
493.0, 145.0, 50.877044677734375, 97.96537780761719
493.0, 146.0, 49.87945556640625, 96.04447937011719
492.0, 146.0, 50.877044677734375, 97.96537780761719
493.0, 148.0, 50.877044677734375, 97.96537780761719
493.0, 147.0, 50.877044677734375, 97.96537780761719
492.0, 149.0, 49.87945556640625, 96.04447937011719
493.0, 149.0, 48.901424407958984, 94.1612548828125
493.0, 150.0, 48.901424407958984, 94.1612548828125
491.0, 150.0, 49.87944793701172, 96.04447174072266
492.0, 150.0, 49.87944793701172, 96.04447174072266
492.0, 150.0, 48.901424407958984, 94.1612548828125
490.0, 151.0, 49.87944793701172, 96.04447174072266
490.0, 152.0, 48.901424407958984, 94.1612548828125
490.0, 153.0, 48.901424407958984, 94.1612548828125
489.0, 152.0, 48.901424407958984, 94.1612548828125
486.0, 155.0, 49.87944793701172, 96.04447174072266
487.0, 154.0, 49.87944793701172, 96.04447174072266
486.0, 155.0, 48.901424407958984, 94.1612548828125
485.0, 157.0, 48.901424407958984, 94.1612548828125
484.0, 157.0, 49.87944793701172, 96.04447174072266
483.0, 156.0, 49.87944793701172, 96.04447174072266
481.0, 157.0, 49.87944793701172, 96.04447174072266
480.0, 157.0, 49.87944793701172, 96.04447174072266
478.0, 157.0, 50.87704086303711, 97.96536254882812
477.0, 157.0, 51.89458084106445, 99.92467498779297
477.0, 158.0, 49.87945556640625, 96.04447937011719
478.0, 160.0, 49.87945556640625, 96.04447937011719
478.0, 159.0, 49.87945556640625, 96.04447937011719
478.0, 159.0, 50.877044677734375, 97.96537780761719
479.0, 159.0, 50.877044677734375, 97.96537780761719
479.0, 160.0, 49.87945556640625, 96.04447937011719
480.0, 161.0, 49.87945556640625, 96.04447937011719
481.0, 160.0, 50.877044677734375, 97.96537780761719
483.0, 162.0, 49.87945556640625, 96.04447937011719
484.0, 163.0, 49.87945556640625, 96.04447937011719
488.0, 164.0, 49.87945556640625, 96.04447937011719
490.0, 163.0, 49.87945556640625, 96.04447937011719
490.0, 166.0, 49.87945556640625, 96.04447937011719
494.0, 166.0, 48.901424407958984, 94.1612548828125
496.0, 168.0, 48.901424407958984, 94.1612548828125
498.0, 170.0, 49.87944793701172, 96.04447174072266
500.0, 170.0, 49.87944793701172, 96.04447174072266
504.0, 171.0, 49.87944793701172, 96.04447174072266
507.0, 171.0, 50.87704086303711, 97.96536254882812
511.0, 172.0, 49.87944793701172, 96.04447174072266
513.0, 172.0, 50.87704086303711, 97.96536254882812
517.0, 173.0, 49.87944793701172, 96.04447174072266
521.0, 173.0, 50.87704086303711, 97.96536254882812
527.0, 174.0, 49.87944793701172, 96.04447174072266
530.0, 174.0, 50.87704086303711, 97.96536254882812
535.0, 174.0, 50.87704086303711, 97.96536254882812
541.0, 175.0, 50.87704086303711, 97.96536254882812
545.0, 175.0, 50.87704086303711, 97.96536254882812
552.0, 176.0, 49.87944793701172, 96.04447174072266
559.0, 175.0, 50.87704086303711, 97.96536254882812
564.0, 177.0, 49.87944793701172, 96.04447174072266
569.0, 178.0, 48.901424407958984, 94.1612548828125
574.0, 179.0, 47.942569732666016, 92.31494903564453
582.0, 177.0, 48.901424407958984, 94.1612548828125
587.0, 179.0, 48.901424407958984, 94.1612548828125
591.0, 180.0, 47.942569732666016, 92.31494903564453
598.0, 180.0, 47.00252151489258, 90.50485229492188
603.0, 181.0, 47.942569732666016, 92.31494903564453
608.0, 180.0, 47.942569732666016, 92.31494903564453
613.0, 182.0, 47.942569732666016, 92.31494903564453
617.0, 181.0, 47.942569732666016, 92.31494903564453
621.0, 181.0, 47.942569732666016, 92.31494903564453
626.0, 182.0, 47.00252151489258, 90.50485229492188
630.0, 183.0, 47.942569732666016, 92.31494903564453
632.0, 181.0, 47.942569732666016, 92.31494903564453
635.0, 182.0, 48.901424407958984, 94.1612548828125
639.0, 181.0, 49.87944793701172, 96.04447174072266
641.0, 180.0, 49.87944793701172, 96.04447174072266
646.0, 179.0, 49.87944793701172, 96.04447174072266
646.0, 181.0, 48.901424407958984, 94.1612548828125
650.0, 180.0, 47.942569732666016, 92.31494903564453
651.0, 181.0, 47.942569732666016, 92.31494903564453
653.0, 180.0, 47.00252151489258, 90.50485229492188
654.0, 180.0, 47.00252151489258, 90.50485229492188
656.0, 180.0, 46.080902099609375, 88.7302474975586
654.0, 179.0, 47.00252151489258, 90.50485229492188
654.0, 179.0, 48.90141677856445, 94.16123962402344
652.0, 178.0, 47.94256591796875, 92.31494140625
651.0, 178.0, 47.94256591796875, 92.31494140625
650.0, 178.0, 47.00251388549805, 90.50484466552734
647.0, 179.0, 47.94256591796875, 92.31494140625
645.0, 178.0, 47.00251388549805, 90.50484466552734
642.0, 179.0, 47.94256591796875, 92.31494140625
638.0, 178.0, 47.00251388549805, 90.50484466552734
636.0, 178.0, 47.00251388549805, 90.50484466552734
633.0, 177.0, 47.94256591796875, 92.31494140625
630.0, 177.0, 47.00251388549805, 90.50484466552734
628.0, 177.0, 47.00251388549805, 90.50484466552734
625.0, 177.0, 46.08089828491211, 88.73023986816406
621.0, 176.0, 47.00251388549805, 90.50484466552734
619.0, 175.0, 47.94256591796875, 92.31494140625
617.0, 175.0, 47.00251388549805, 90.50484466552734
615.0, 175.0, 47.00251388549805, 90.50484466552734
614.0, 172.0, 47.94256591796875, 92.31494140625
612.0, 173.0, 47.00251388549805, 90.50484466552734
611.0, 173.0, 47.00251388549805, 90.50484466552734
610.0, 173.0, 47.00251388549805, 90.50484466552734
610.0, 172.0, 47.94256591796875, 92.31494140625
608.0, 171.0, 47.94256591796875, 92.31494140625
609.0, 170.0, 47.94256591796875, 92.31494140625
610.0, 169.0, 47.00251388549805, 90.50484466552734
610.0, 170.0, 47.00251388549805, 90.50484466552734
611.0, 171.0, 46.08089828491211, 88.73023986816406
613.0, 171.0, 46.08089828491211, 88.73023986816406
612.0, 170.0, 46.08089828491211, 88.73023986816406
616.0, 171.0, 44.29152297973633, 85.28473663330078
617.0, 171.0, 44.29152297973633, 85.28473663330078
618.0, 171.0, 44.29152297973633, 85.28473663330078
617.0, 171.0, 44.29152297973633, 85.28473663330078
621.0, 171.0, 43.423057556152344, 83.61248779296875
619.0, 170.0, 45.177345275878906, 86.99042510986328
622.0, 169.0, 45.177345275878906, 86.99042510986328
623.0, 169.0, 45.177345275878906, 86.99042510986328
621.0, 167.0, 47.00251007080078, 90.50483703613281
622.0, 166.0, 47.94255828857422, 92.31492614746094
622.0, 165.0, 47.94255828857422, 92.31492614746094
624.0, 165.0, 47.00251007080078, 90.50483703613281
625.0, 165.0, 46.08089065551758, 88.730224609375
625.0, 164.0, 46.08089065551758, 88.730224609375
626.0, 164.0, 46.08089065551758, 88.730224609375
624.0, 163.0, 47.00251007080078, 90.50483703613281
624.0, 162.0, 47.00251007080078, 90.50483703613281
623.0, 159.0, 47.94255828857422, 92.31492614746094
623.0, 160.0, 46.080894470214844, 88.73023223876953
621.0, 159.0, 46.080894470214844, 88.73023223876953
618.0, 159.0, 46.080894470214844, 88.73023223876953
616.0, 158.0, 46.080894470214844, 88.73023223876953
613.0, 157.0, 46.080894470214844, 88.73023223876953
611.0, 159.0, 44.29151916503906, 85.28473663330078
607.0, 159.0, 44.29151916503906, 85.28473663330078
603.0, 157.0, 45.17734909057617, 86.99042510986328
599.0, 157.0, 45.17734909057617, 86.99042510986328
595.0, 157.0, 46.08089828491211, 88.73023986816406
593.0, 158.0, 44.29152297973633, 85.28473663330078
589.0, 158.0, 44.29152297973633, 85.28473663330078
585.0, 157.0, 45.17735290527344, 86.99043273925781
583.0, 156.0, 46.08089828491211, 88.73023986816406
579.0, 154.0, 47.00251388549805, 90.50484466552734
579.0, 153.0, 47.94256591796875, 92.31494140625
576.0, 155.0, 47.00251388549805, 90.50484466552734
575.0, 153.0, 47.94256591796875, 92.31494140625
575.0, 152.0, 48.90141677856445, 94.16123962402344
573.0, 152.0, 47.94256591796875, 92.31494140625
571.0, 153.0, 47.94256591796875, 92.31494140625
572.0, 152.0, 47.00251388549805, 90.50484466552734
569.0, 150.0, 48.90141296386719, 94.1612319946289
568.0, 152.0, 47.94255828857422, 92.31492614746094
567.0, 151.0, 47.94255828857422, 92.31492614746094
568.0, 152.0, 46.080894470214844, 88.73023223876953
565.0, 151.0, 47.94255828857422, 92.31492614746094
567.0, 153.0, 46.080894470214844, 88.73023223876953
567.0, 153.0, 46.080894470214844, 88.73023223876953
566.0, 153.0, 46.080894470214844, 88.73023223876953
565.0, 151.0, 47.00251007080078, 90.50483703613281
565.0, 153.0, 47.00251007080078, 90.50483703613281
564.0, 152.0, 47.00251007080078, 90.50483703613281
