347.0, 276.0, 115.0, 159.0
557.0, 283.0, 115.0, 159.0
460.0, 273.0, 122.03890991210938, 168.7320556640625
468.0, 271.0, 117.29999542236328, 162.17999267578125
464.0, 278.0, 115.0, 159.0
480.0, 283.0, 112.74510192871094, 155.88235473632812
489.0, 283.0, 112.74510192871094, 155.88235473632812
515.0, 263.0, 115.0, 159.0
514.0, 273.0, 108.36707305908203, 149.82925415039062
512.0, 272.0, 112.7450942993164, 155.88233947753906
512.0, 272.0, 122.03889465332031, 168.73204040527344
518.0, 277.0, 119.6459732055664, 165.42356872558594
521.0, 278.0, 117.29997253417969, 162.17996215820312
522.0, 276.0, 117.29997253417969, 162.17996215820312
526.0, 271.0, 117.29997253417969, 162.17996215820312
531.0, 261.0, 124.47966003417969, 172.10665893554688
531.0, 274.0, 122.03887939453125, 168.7320098876953
542.0, 282.0, 119.64596557617188, 165.42355346679688
550.0, 285.0, 112.74506378173828, 155.88230895996094
550.0, 274.0, 119.64595031738281, 165.42352294921875
556.0, 269.0, 117.29994201660156, 162.17991638183594
559.0, 267.0, 117.29994201660156, 162.17991638183594
546.0, 267.0, 119.64593505859375, 165.4235076904297
558.0, 265.0, 122.03884887695312, 168.7319793701172
565.0, 275.0, 117.29994201660156, 162.17991638183594
571.0, 277.0, 117.29994201660156, 162.17991638183594
577.0, 279.0, 114.99994659423828, 158.9999237060547
580.0, 278.0, 110.53436279296875, 152.8257598876953
568.0, 275.0, 112.74504089355469, 155.8822784423828
591.0, 274.0, 117.2999267578125, 162.17990112304688
590.0, 270.0, 117.2999267578125, 162.17990112304688
594.0, 275.0, 114.99993133544922, 158.99990844726562
606.0, 285.0, 112.74503326416016, 155.88226318359375
598.0, 284.0, 112.74503326416016, 155.88226318359375
588.0, 282.0, 112.74503326416016, 155.88226318359375
603.0, 278.0, 114.99993133544922, 158.99990844726562
606.0, 272.0, 112.74503326416016, 155.88226318359375
613.0, 272.0, 112.74503326416016, 155.88226318359375
616.0, 271.0, 110.53433990478516, 152.82574462890625
604.0, 270.0, 110.53433990478516, 152.82574462890625
606.0, 272.0, 110.53433990478516, 152.82574462890625
605.0, 271.0, 112.74502563476562, 155.8822479248047
622.0, 277.0, 114.99991607666016, 158.99989318847656
611.0, 266.0, 114.99991607666016, 158.99989318847656
615.0, 274.0, 117.29991912841797, 162.1798858642578
629.0, 273.0, 117.29991912841797, 162.1798858642578
636.0, 270.0, 117.29991912841797, 162.1798858642578
632.0, 266.0, 119.64590454101562, 165.42347717285156
640.0, 272.0, 117.29991912841797, 162.1798858642578
628.0, 269.0, 117.29991912841797, 162.1798858642578
644.0, 276.0, 119.64590454101562, 165.42347717285156
641.0, 274.0, 119.64590454101562, 165.42347717285156
646.0, 271.0, 122.03882598876953, 168.73193359375
645.0, 264.0, 122.03882598876953, 168.73193359375
648.0, 261.0, 124.47959899902344, 172.10658264160156
638.0, 258.0, 126.96919250488281, 175.54872131347656
652.0, 259.0, 129.50857543945312, 179.0596923828125
662.0, 264.0, 126.96919250488281, 175.54872131347656
663.0, 267.0, 124.47959899902344, 172.10658264160156
666.0, 268.0, 124.47959899902344, 172.10658264160156
656.0, 268.0, 124.47959899902344, 172.10658264160156
678.0, 272.0, 124.47959899902344, 172.10658264160156
680.0, 265.0, 124.47959899902344, 172.10658264160156
678.0, 262.0, 126.96919250488281, 175.54872131347656
682.0, 264.0, 124.47959899902344, 172.10658264160156
673.0, 265.0, 122.03882598876953, 168.73193359375
693.0, 270.0, 124.47959899902344, 172.10658264160156
690.0, 272.0, 124.47959899902344, 172.10658264160156
696.0, 272.0, 126.96919250488281, 175.54872131347656
702.0, 272.0, 124.47959899902344, 172.10658264160156
689.0, 272.0, 124.47959899902344, 172.10658264160156
701.0, 266.0, 124.47959899902344, 172.10658264160156
708.0, 268.0, 122.03882598876953, 168.73193359375
710.0, 265.0, 122.03882598876953, 168.73193359375
711.0, 267.0, 126.96918487548828, 175.54869079589844
701.0, 265.0, 132.09872436523438, 182.64085388183594
707.0, 260.0, 134.74070739746094, 186.29367065429688
717.0, 266.0, 137.4355010986328, 190.01953125
722.0, 265.0, 134.74069213867188, 186.29364013671875
726.0, 256.0, 140.1842041015625, 193.8199005126953
716.0, 260.0, 134.74069213867188, 186.29364013671875
723.0, 255.0, 134.74069213867188, 186.29364013671875
736.0, 258.0, 132.09872436523438, 182.64083862304688
749.0, 268.0, 124.47957611083984, 172.10653686523438
746.0, 268.0, 129.508544921875, 179.05963134765625
750.0, 275.0, 124.47957611083984, 172.10653686523438
745.0, 277.0, 122.0387954711914, 168.73190307617188
764.0, 279.0, 119.64588165283203, 165.42343139648438
762.0, 270.0, 124.47956085205078, 172.1065216064453
761.0, 260.0, 132.09869384765625, 182.6407928466797
766.0, 260.0, 134.74066162109375, 186.29360961914062
754.0, 258.0, 134.74066162109375, 186.29360961914062
764.0, 260.0, 137.4354705810547, 190.01947021484375
768.0, 257.0, 142.9878387451172, 197.6962432861328
780.0, 265.0, 137.43545532226562, 190.0194549560547
779.0, 268.0, 137.43545532226562, 190.0194549560547
774.0, 268.0, 134.74063110351562, 186.29356384277344
788.0, 269.0, 134.74063110351562, 186.29356384277344
791.0, 261.0, 140.18414306640625, 193.81982421875
788.0, 258.0, 140.18414306640625, 193.81982421875
794.0, 262.0, 137.43544006347656, 190.01943969726562
790.0, 260.0, 137.43544006347656, 190.01943969726562
800.0, 261.0, 142.98782348632812, 197.69619750976562
807.0, 269.0, 137.43544006347656, 190.01943969726562
812.0, 271.0, 140.18414306640625, 193.81982421875
814.0, 270.0, 142.98782348632812, 197.6962127685547
802.0, 268.0, 142.98782348632812, 197.6962127685547
823.0, 272.0, 132.09866333007812, 182.64076232910156
812.0, 272.0, 132.09866333007812, 182.64076232910156
823.0, 273.0, 124.47952270507812, 172.10646057128906
796.0, 257.0, 117.29983520507812, 162.1797637939453
840.0, 283.0, 112.74494171142578, 155.88214111328125
836.0, 287.0, 110.53425598144531, 152.82562255859375
850.0, 296.0, 108.3669204711914, 149.8290557861328
856.0, 297.0, 110.53425598144531, 152.82562255859375
863.0, 297.0, 110.53425598144531, 152.82562255859375
856.0, 286.0, 112.74494171142578, 155.88214111328125
848.0, 288.0, 114.99983215332031, 158.99977111816406
860.0, 281.0, 117.29983520507812, 162.1797637939453
865.0, 282.0, 119.64582824707031, 165.42335510253906
868.0, 281.0, 122.03874206542969, 168.73182678222656
870.0, 289.0, 119.64582824707031, 165.42335510253906
862.0, 290.0, 119.64582824707031, 165.42335510253906
874.0, 293.0, 119.64582824707031, 165.42335510253906
877.0, 293.0, 119.64582824707031, 165.42335510253906
879.0, 292.0, 119.64582824707031, 165.42335510253906
887.0, 286.0, 119.64582824707031, 165.42335510253906
884.0, 284.0, 119.64582824707031, 165.42335510253906
873.0, 283.0, 119.64582824707031, 165.42335510253906
888.0, 285.0, 119.64582824707031, 165.42335510253906
892.0, 289.0, 122.03874206542969, 168.73182678222656
891.0, 293.0, 122.03874206542969, 168.73182678222656
897.0, 296.0, 119.64582824707031, 165.42335510253906
888.0, 296.0, 119.64582824707031, 165.42335510253906
901.0, 294.0, 119.64582824707031, 165.42335510253906
898.0, 284.0, 122.03874206542969, 168.73182678222656
897.0, 280.0, 122.03874206542969, 168.73182678222656
907.0, 285.0, 122.03874206542969, 168.73182678222656
899.0, 286.0, 122.03874206542969, 168.73182678222656
910.0, 291.0, 124.47952270507812, 172.10646057128906
921.0, 295.0, 124.47952270507812, 172.10646057128906
893.0, 292.0, 124.47952270507812, 172.10646057128906
921.0, 303.0, 122.03874206542969, 168.73182678222656
911.0, 302.0, 119.64582824707031, 165.42335510253906
923.0, 299.0, 122.03874206542969, 168.73182678222656
926.0, 296.0, 119.64582824707031, 165.42335510253906
928.0, 298.0, 122.03874206542969, 168.73182678222656
925.0, 300.0, 119.64582824707031, 165.42335510253906
917.0, 302.0, 119.64582824707031, 165.42335510253906
926.0, 307.0, 119.64582824707031, 165.42335510253906
925.0, 310.0, 119.64582824707031, 165.42335510253906
1090.0, 376.0, 124.47950744628906, 172.1064453125
915.0, 299.0, 124.47950744628906, 172.1064453125
920.0, 305.0, 124.47950744628906, 172.1064453125
919.0, 297.0, 124.47950744628906, 172.1064453125
961.0, 315.0, 124.47950744628906, 172.1064453125
917.0, 300.0, 124.47950744628906, 172.1064453125
918.0, 315.0, 122.03872680664062, 168.7318115234375
918.0, 311.0, 124.47950744628906, 172.1064453125
918.0, 313.0, 124.47950744628906, 172.1064453125
929.0, 313.0, 126.96910095214844, 175.548583984375
933.0, 310.0, 126.96910095214844, 175.548583984375
921.0, 300.0, 129.50848388671875, 179.05955505371094
900.0, 290.0, 129.50848388671875, 179.05955505371094
909.0, 299.0, 129.50848388671875, 179.05955505371094
929.0, 306.0, 132.09864807128906, 182.6407470703125
894.0, 299.0, 134.74061584472656, 186.29354858398438
892.0, 297.0, 137.4354248046875, 190.0194091796875
915.0, 314.0, 137.4354248046875, 190.0194091796875
901.0, 308.0, 137.4354248046875, 190.0194091796875
911.0, 310.0, 137.4354248046875, 190.0194091796875
903.0, 302.0, 134.74061584472656, 186.29354858398438
892.0, 301.0, 134.74061584472656, 186.29354858398438
892.0, 304.0, 134.74061584472656, 186.29354858398438
893.0, 303.0, 134.74061584472656, 186.29354858398438
900.0, 308.0, 134.74061584472656, 186.29354858398438
867.0, 300.0, 134.74061584472656, 186.29354858398438
861.0, 302.0, 134.74061584472656, 186.29354858398438
884.0, 317.0, 134.74061584472656, 186.29354858398438
886.0, 316.0, 134.74061584472656, 186.29354858398438
904.0, 320.0, 134.74061584472656, 186.29354858398438
884.0, 307.0, 134.74061584472656, 186.29354858398438
878.0, 310.0, 132.09864807128906, 182.6407470703125
899.0, 325.0, 132.09864807128906, 182.6407470703125
876.0, 314.0, 132.09864807128906, 182.6407470703125
874.0, 318.0, 134.74061584472656, 186.29354858398438
877.0, 323.0, 134.74061584472656, 186.29354858398438
864.0, 321.0, 134.74061584472656, 186.29354858398438
853.0, 323.0, 137.4354248046875, 190.0194091796875
848.0, 316.0, 137.4354248046875, 190.0194091796875
850.0, 318.0, 137.4354248046875, 190.0194091796875
841.0, 316.0, 137.4354248046875, 190.0194091796875
833.0, 319.0, 137.4354248046875, 190.0194091796875
824.0, 323.0, 140.1841278076172, 193.81980895996094
821.0, 329.0, 140.1841278076172, 193.81980895996094
822.0, 328.0, 140.1841278076172, 193.81980895996094
818.0, 331.0, 140.1841278076172, 193.81980895996094
810.0, 334.0, 140.1841278076172, 193.81980895996094
801.0, 323.0, 142.98782348632812, 197.69619750976562
765.0, 310.0, 140.1841278076172, 193.81980895996094
792.0, 322.0, 140.1841278076172, 193.81980895996094
776.0, 323.0, 137.4354248046875, 190.0194091796875
777.0, 331.0, 137.4354248046875, 190.0194091796875
762.0, 338.0, 137.4354248046875, 190.0194091796875
768.0, 341.0, 137.4354248046875, 190.0194091796875
763.0, 339.0, 140.1841278076172, 193.81980895996094
747.0, 340.0, 140.1841278076172, 193.81980895996094
751.0, 340.0, 142.98782348632812, 197.69619750976562
742.0, 335.0, 142.98782348632812, 197.69619750976562
731.0, 330.0, 145.84756469726562, 201.65011596679688
726.0, 331.0, 148.76451110839844, 205.68312072753906
722.0, 335.0, 148.76451110839844, 205.68312072753906
716.0, 340.0, 148.76451110839844, 205.68312072753906
711.0, 347.0, 148.76451110839844, 205.68312072753906
691.0, 355.0, 148.76451110839844, 205.68312072753906
700.0, 350.0, 148.76451110839844, 205.68312072753906
678.0, 341.0, 151.73980712890625, 209.79678344726562
695.0, 341.0, 151.73980712890625, 209.79678344726562
679.0, 336.0, 151.73980712890625, 209.79678344726562
676.0, 337.0, 151.73980712890625, 209.79678344726562
676.0, 336.0, 151.73980712890625, 209.79678344726562
676.0, 341.0, 151.73980712890625, 209.79678344726562
677.0, 350.0, 151.73980712890625, 209.79678344726562
681.0, 353.0, 148.76451110839844, 205.68312072753906
679.0, 358.0, 148.76451110839844, 205.68312072753906
677.0, 357.0, 148.76451110839844, 205.68312072753906
666.0, 356.0, 148.76451110839844, 205.68312072753906
664.0, 345.0, 151.73980712890625, 209.79678344726562
659.0, 348.0, 151.73980712890625, 209.79678344726562
669.0, 352.0, 151.73980712890625, 209.79678344726562
669.0, 355.0, 151.73980712890625, 209.79678344726562
659.0, 359.0, 148.76451110839844, 205.68312072753906
658.0, 367.0, 148.76451110839844, 205.68312072753906
659.0, 366.0, 148.76451110839844, 205.68312072753906
663.0, 364.0, 148.76451110839844, 205.68312072753906
667.0, 364.0, 148.76451110839844, 205.68312072753906
658.0, 364.0, 148.76451110839844, 205.68312072753906
669.0, 361.0, 148.76451110839844, 205.68312072753906
655.0, 351.0, 148.76451110839844, 205.68312072753906
666.0, 352.0, 148.76451110839844, 205.68312072753906
661.0, 357.0, 148.76451110839844, 205.68312072753906
665.0, 360.0, 148.76451110839844, 205.68312072753906
654.0, 361.0, 148.76451110839844, 205.68312072753906
666.0, 364.0, 151.73980712890625, 209.79678344726562
654.0, 365.0, 154.77459716796875, 213.99270629882812
650.0, 359.0, 154.77459716796875, 213.99270629882812
659.0, 354.0, 154.77459716796875, 213.99270629882812
646.0, 356.0, 154.77459716796875, 213.99270629882812
656.0, 353.0, 154.77459716796875, 213.99270629882812
640.0, 358.0, 154.77459716796875, 213.99270629882812
651.0, 360.0, 154.77459716796875, 213.99270629882812
640.0, 367.0, 154.77459716796875, 213.99270629882812
639.0, 365.0, 154.77459716796875, 213.99270629882812
649.0, 363.0, 154.77459716796875, 213.99270629882812
646.0, 362.0, 151.73980712890625, 209.79678344726562
643.0, 354.0, 154.77459716796875, 213.99270629882812
636.0, 350.0, 154.77459716796875, 213.99270629882812
625.0, 351.0, 154.77459716796875, 213.99270629882812
631.0, 352.0, 154.77459716796875, 213.99270629882812
627.0, 355.0, 154.77459716796875, 213.99270629882812
621.0, 363.0, 157.87008666992188, 218.27256774902344
613.0, 366.0, 157.87008666992188, 218.27256774902344
622.0, 365.0, 157.87008666992188, 218.27256774902344
611.0, 366.0, 157.87008666992188, 218.27256774902344
616.0, 354.0, 161.02749633789062, 222.6380157470703
603.0, 360.0, 154.7746124267578, 213.9927215576172
600.0, 366.0, 154.7746124267578, 213.9927215576172
597.0, 373.0, 154.7746124267578, 213.9927215576172
599.0, 368.0, 154.7746124267578, 213.9927215576172
609.0, 375.0, 154.7746124267578, 213.9927215576172
601.0, 377.0, 154.7746124267578, 213.9927215576172
582.0, 373.0, 157.87010192871094, 218.2725830078125
590.0, 370.0, 157.87010192871094, 218.2725830078125
579.0, 365.0, 157.87010192871094, 218.2725830078125
578.0, 363.0, 157.87010192871094, 218.2725830078125
578.0, 367.0, 154.7746124267578, 213.9927215576172
569.0, 382.0, 154.7746124267578, 213.9927215576172
568.0, 378.0, 154.7746124267578, 213.9927215576172
562.0, 381.0, 154.7746124267578, 213.9927215576172
554.0, 390.0, 154.7746124267578, 213.9927215576172
561.0, 386.0, 157.87010192871094, 218.2725830078125
555.0, 382.0, 157.87010192871094, 218.2725830078125
547.0, 378.0, 154.7746124267578, 213.9927215576172
541.0, 381.0, 154.7746124267578, 213.9927215576172
530.0, 385.0, 154.7746124267578, 213.9927215576172
523.0, 393.0, 154.7746124267578, 213.9927215576172
531.0, 408.0, 154.7746124267578, 213.9927215576172
516.0, 403.0, 154.7746124267578, 213.9927215576172
514.0, 396.0, 157.87010192871094, 218.2725830078125
500.0, 403.0, 157.87010192871094, 218.2725830078125
488.0, 385.0, 157.87010192871094, 218.2725830078125
500.0, 389.0, 157.87010192871094, 218.2725830078125
493.0, 392.0, 157.87010192871094, 218.2725830078125
485.0, 391.0, 154.7746124267578, 213.9927215576172
485.0, 390.0, 154.7746124267578, 213.9927215576172
476.0, 399.0, 157.87010192871094, 218.2725830078125
472.0, 392.0, 157.87010192871094, 218.2725830078125
453.0, 392.0, 157.87010192871094, 218.2725830078125
428.0, 350.0, 157.87010192871094, 218.2725830078125
448.0, 386.0, 161.0275115966797, 222.63803100585938
433.0, 380.0, 161.0275115966797, 222.63803100585938
430.0, 380.0, 161.0275115966797, 222.63803100585938
428.0, 386.0, 161.0275115966797, 222.63803100585938
423.0, 392.0, 161.0275115966797, 222.63803100585938
425.0, 387.0, 161.0275115966797, 222.63803100585938
416.0, 392.0, 164.24806213378906, 227.09078979492188
411.0, 390.0, 164.24806213378906, 227.09078979492188
406.0, 383.0, 167.53302001953125, 231.63259887695312
401.0, 370.0, 167.53302001953125, 231.63259887695312
401.0, 375.0, 167.53302001953125, 231.63259887695312
393.0, 370.0, 167.53302001953125, 231.63259887695312
394.0, 372.0, 167.53302001953125, 231.63259887695312
388.0, 374.0, 170.8836669921875, 236.2652587890625
386.0, 381.0, 170.8836669921875, 236.2652587890625
388.0, 377.0, 170.8836669921875, 236.2652587890625
386.0, 381.0, 170.8836669921875, 236.2652587890625
383.0, 375.0, 174.3013458251953, 240.9905548095703
380.0, 369.0, 174.3013458251953, 240.9905548095703
373.0, 363.0, 174.3013458251953, 240.9905548095703
376.0, 366.0, 174.3013458251953, 240.9905548095703
371.0, 362.0, 174.3013458251953, 240.9905548095703
371.0, 367.0, 170.8836669921875, 236.2652587890625
370.0, 371.0, 170.8836669921875, 236.2652587890625
369.0, 371.0, 174.3013458251953, 240.9905548095703
371.0, 367.0, 174.3013458251953, 240.9905548095703
367.0, 371.0, 174.3013458251953, 240.9905548095703
364.0, 367.0, 174.3013458251953, 240.9905548095703
361.0, 356.0, 170.8836669921875, 236.2652587890625
361.0, 354.0, 170.8836669921875, 236.2652587890625
362.0, 357.0, 170.8836669921875, 236.2652587890625
363.0, 353.0, 170.8836669921875, 236.2652587890625
365.0, 356.0, 170.8836669921875, 236.2652587890625
365.0, 360.0, 170.8836669921875, 236.2652587890625
365.0, 366.0, 174.3013458251953, 240.9905548095703
365.0, 362.0, 174.3013458251953, 240.9905548095703
365.0, 362.0, 174.3013458251953, 240.9905548095703
365.0, 358.0, 174.3013458251953, 240.9905548095703
358.0, 347.0, 177.78736877441406, 245.81036376953125
358.0, 344.0, 177.78736877441406, 245.81036376953125
357.0, 344.0, 177.78736877441406, 245.81036376953125
359.0, 344.0, 177.78736877441406, 245.81036376953125
357.0, 350.0, 177.78736877441406, 245.81036376953125
357.0, 353.0, 177.78736877441406, 245.81036376953125
358.0, 353.0, 177.78736877441406, 245.81036376953125
355.0, 352.0, 177.78736877441406, 245.81036376953125
358.0, 352.0, 177.78736877441406, 245.81036376953125
358.0, 345.0, 174.3013458251953, 240.9905548095703
356.0, 341.0, 170.8836669921875, 236.2652587890625
355.0, 336.0, 174.3013458251953, 240.9905548095703
356.0, 337.0, 174.3013458251953, 240.9905548095703
356.0, 339.0, 174.3013458251953, 240.9905548095703
356.0, 341.0, 177.78736877441406, 245.81036376953125
357.0, 349.0, 174.3013458251953, 240.9905548095703
361.0, 349.0, 174.3013458251953, 240.9905548095703
358.0, 346.0, 174.3013458251953, 240.9905548095703
359.0, 347.0, 174.3013458251953, 240.9905548095703
356.0, 341.0, 174.3013458251953, 240.9905548095703
356.0, 339.0, 174.3013458251953, 240.9905548095703
357.0, 338.0, 174.3013458251953, 240.9905548095703
356.0, 340.0, 174.3013458251953, 240.9905548095703
357.0, 347.0, 170.8836669921875, 236.2652587890625
357.0, 346.0, 170.8836669921875, 236.2652587890625
359.0, 353.0, 170.8836669921875, 236.2652587890625
359.0, 352.0, 170.8836669921875, 236.2652587890625
358.0, 348.0, 167.53302001953125, 231.63259887695312
382.0, 338.0, 170.8836669921875, 236.2652587890625
357.0, 343.0, 170.8836669921875, 236.2652587890625
348.0, 338.0, 170.8836669921875, 236.2652587890625
353.0, 341.0, 167.53302001953125, 231.63259887695312
354.0, 347.0, 167.53302001953125, 231.63259887695312
355.0, 354.0, 167.53302001953125, 231.63259887695312
356.0, 351.0, 167.53302001953125, 231.63259887695312
353.0, 360.0, 170.8836669921875, 236.2652587890625
354.0, 360.0, 170.8836669921875, 236.2652587890625
353.0, 361.0, 170.8836669921875, 236.2652587890625
350.0, 356.0, 170.8836669921875, 236.2652587890625
350.0, 359.0, 167.53302001953125, 231.63259887695312
351.0, 359.0, 167.53302001953125, 231.63259887695312
353.0, 369.0, 164.248046875, 227.0907745361328
350.0, 376.0, 167.5330047607422, 231.63258361816406
350.0, 383.0, 170.8836669921875, 236.26522827148438
358.0, 377.0, 170.8836669921875, 236.26522827148438
353.0, 377.0, 170.8836669921875, 236.26522827148438
366.0, 379.0, 170.8836669921875, 236.26522827148438
364.0, 373.0, 170.8836669921875, 236.26522827148438
363.0, 364.0, 174.30133056640625, 240.99053955078125
346.0, 371.0, 174.30133056640625, 240.99053955078125
346.0, 371.0, 174.30133056640625, 240.99053955078125
354.0, 378.0, 174.30133056640625, 240.99053955078125
364.0, 372.0, 174.30133056640625, 240.99053955078125
358.0, 386.0, 174.30133056640625, 240.99053955078125
362.0, 380.0, 177.787353515625, 245.8103485107422
357.0, 381.0, 177.787353515625, 245.8103485107422
377.0, 404.0, 177.787353515625, 245.8103485107422
357.0, 371.0, 177.787353515625, 245.8103485107422
359.0, 374.0, 174.30133056640625, 240.99053955078125
361.0, 372.0, 177.787353515625, 245.8103485107422
