457.0, 420.0, 75.0, 120.0
526.0, 396.0, 73.52941131591797, 117.64705657958984
558.0, 386.0, 75.0, 120.0
587.0, 378.0, 75.0, 120.0
617.0, 373.0, 75.0, 120.0
646.0, 364.0, 76.5, 122.39999389648438
670.0, 366.0, 73.52941131591797, 117.64705657958984
693.0, 364.0, 70.67417907714844, 113.07868194580078
714.0, 367.0, 67.92981719970703, 108.68770599365234
735.0, 367.0, 66.59786224365234, 106.55657196044922
750.0, 364.0, 67.9298095703125, 108.68769836425781
763.0, 358.0, 66.59785461425781, 106.55656433105469
782.0, 358.0, 66.59785461425781, 106.55656433105469
798.0, 354.0, 65.2920150756836, 104.46722412109375
811.0, 351.0, 65.2920150756836, 104.46722412109375
822.0, 348.0, 64.01177978515625, 102.41883850097656
831.0, 345.0, 62.75664520263672, 100.41062927246094
836.0, 344.0, 61.526123046875, 98.4417953491211
841.0, 341.0, 62.75664520263672, 100.41062927246094
842.0, 340.0, 61.526123046875, 98.4417953491211
840.0, 336.0, 62.75664520263672, 100.41062927246094
846.0, 332.0, 62.75664520263672, 100.41062927246094
845.0, 331.0, 62.75664520263672, 100.41062927246094
854.0, 320.0, 64.01177978515625, 102.41883850097656
853.0, 316.0, 65.2920150756836, 104.46722412109375
847.0, 309.0, 66.59784698486328, 106.55656433105469
839.0, 300.0, 67.92980194091797, 108.68768310546875
830.0, 294.0, 67.92980194091797, 108.68768310546875
820.0, 288.0, 67.92980194091797, 108.68768310546875
811.0, 279.0, 69.28839874267578, 110.86144256591797
796.0, 277.0, 69.28839874267578, 110.86144256591797
785.0, 270.0, 70.6741714477539, 113.07867431640625
767.0, 265.0, 69.28839874267578, 110.86144256591797
759.0, 258.0, 69.28839874267578, 110.86144256591797
744.0, 249.0, 70.6741714477539, 113.07867431640625
730.0, 240.0, 70.6741714477539, 113.07867431640625
717.0, 233.0, 70.6741714477539, 113.07867431640625
704.0, 227.0, 70.6741714477539, 113.07867431640625
693.0, 220.0, 70.6741714477539, 113.07867431640625
682.0, 216.0, 69.28839874267578, 110.86144256591797
669.0, 213.0, 69.28839874267578, 110.86144256591797
656.0, 210.0, 70.6741714477539, 113.07867431640625
646.0, 208.0, 70.6741714477539, 113.07867431640625
636.0, 204.0, 70.6741714477539, 113.07867431640625
627.0, 200.0, 70.6741714477539, 113.07867431640625
620.0, 196.0, 70.6741714477539, 113.07867431640625
615.0, 188.0, 70.6741714477539, 113.07867431640625
610.0, 184.0, 69.28839874267578, 110.86144256591797
611.0, 180.0, 67.92980194091797, 108.68768310546875
607.0, 174.0, 67.92980194091797, 108.68768310546875
606.0, 170.0, 66.59784698486328, 106.55655670166016
605.0, 170.0, 65.29200744628906, 104.46721649169922
605.0, 167.0, 65.29200744628906, 104.46721649169922
604.0, 165.0, 66.59784698486328, 106.55655670166016
604.0, 165.0, 66.59784698486328, 106.55655670166016
606.0, 166.0, 65.29200744628906, 104.46721649169922
609.0, 157.0, 65.29200744628906, 104.46721649169922
611.0, 155.0, 65.29200744628906, 104.46721649169922
612.0, 149.0, 65.29200744628906, 104.46721649169922
613.0, 143.0, 66.59784698486328, 106.55655670166016
617.0, 137.0, 66.59784698486328, 106.55655670166016
622.0, 132.0, 66.59784698486328, 106.55655670166016
623.0, 128.0, 66.59784698486328, 106.55655670166016
625.0, 125.0, 67.92980194091797, 108.68768310546875
629.0, 123.0, 67.92980194091797, 108.68768310546875
630.0, 124.0, 67.92980194091797, 108.68768310546875
631.0, 122.0, 67.92980194091797, 108.68768310546875
634.0, 119.0, 69.28839111328125, 110.8614273071289
636.0, 115.0, 70.67416381835938, 113.07865905761719
639.0, 111.0, 69.28839111328125, 110.8614273071289
643.0, 107.0, 69.28839111328125, 110.8614273071289
648.0, 103.0, 67.92979431152344, 108.68767547607422
650.0, 102.0, 65.29200744628906, 104.46720886230469
656.0, 101.0, 64.01176452636719, 102.41883087158203
661.0, 100.0, 62.75663757324219, 100.4106216430664
664.0, 98.0, 61.52611541748047, 98.44178771972656
668.0, 101.0, 61.52611541748047, 98.44178771972656
672.0, 102.0, 60.31972122192383, 96.51155090332031
673.0, 103.0, 59.13698196411133, 94.61917114257812
677.0, 104.0, 57.97743225097656, 92.7638931274414
682.0, 104.0, 57.97743225097656, 92.7638931274414
681.0, 105.0, 60.31971740722656, 96.51154327392578
686.0, 104.0, 60.31971740722656, 96.51154327392578
690.0, 103.0, 60.31971740722656, 96.51154327392578
694.0, 104.0, 59.13697814941406, 94.6191635131836
697.0, 106.0, 57.9774284362793, 92.76388549804688
701.0, 107.0, 57.9774284362793, 92.76388549804688
701.0, 113.0, 57.9774284362793, 92.76388549804688
701.0, 113.0, 57.9774284362793, 92.76388549804688
699.0, 116.0, 59.1369743347168, 94.61915588378906
697.0, 118.0, 59.1369743347168, 94.61915588378906
692.0, 120.0, 59.1369743347168, 94.61915588378906
687.0, 122.0, 59.1369743347168, 94.61915588378906
681.0, 124.0, 57.97742462158203, 92.76387786865234
681.0, 126.0, 59.13697052001953, 94.61914825439453
673.0, 132.0, 57.9774169921875, 92.76387023925781
671.0, 139.0, 57.9774169921875, 92.76387023925781
664.0, 145.0, 56.84060287475586, 90.9449691772461
659.0, 148.0, 56.84060287475586, 90.9449691772461
649.0, 158.0, 56.84060287475586, 90.9449691772461
643.0, 162.0, 55.7260856628418, 89.16173553466797
635.0, 167.0, 55.7260856628418, 89.16173553466797
627.0, 176.0, 56.84060287475586, 90.9449691772461
618.0, 180.0, 56.84060287475586, 90.9449691772461
608.0, 189.0, 56.84060287475586, 90.9449691772461
600.0, 197.0, 56.84060287475586, 90.9449691772461
590.0, 204.0, 56.84060287475586, 90.9449691772461
583.0, 215.0, 56.84060287475586, 90.9449691772461
574.0, 226.0, 56.84060287475586, 90.9449691772461
567.0, 236.0, 56.84060287475586, 90.9449691772461
561.0, 248.0, 56.84060287475586, 90.9449691772461
549.0, 259.0, 56.84060287475586, 90.9449691772461
538.0, 269.0, 56.84060287475586, 90.9449691772461
529.0, 278.0, 56.84060287475586, 90.9449691772461
517.0, 292.0, 56.84060287475586, 90.9449691772461
507.0, 300.0, 57.977413177490234, 92.76386260986328
495.0, 316.0, 57.977413177490234, 92.76386260986328
485.0, 327.0, 57.977413177490234, 92.76386260986328
476.0, 340.0, 59.136959075927734, 94.61913299560547
474.0, 358.0, 57.97740936279297, 92.76385498046875
463.0, 367.0, 57.97740936279297, 92.76385498046875
457.0, 379.0, 57.97740936279297, 92.76385498046875
453.0, 391.0, 57.97740936279297, 92.76385498046875
448.0, 403.0, 59.13695526123047, 94.61912536621094
443.0, 415.0, 59.13695526123047, 94.61912536621094
438.0, 426.0, 59.13695526123047, 94.61912536621094
432.0, 438.0, 59.13695526123047, 94.61912536621094
430.0, 452.0, 59.13695526123047, 94.61912536621094
425.0, 468.0, 60.31969451904297, 96.51151275634766
420.0, 480.0, 59.13695526123047, 94.61912536621094
425.0, 495.0, 59.13695526123047, 94.61912536621094
414.0, 505.0, 60.31969451904297, 96.51151275634766
421.0, 518.0, 61.526084899902344, 98.44173431396484
409.0, 531.0, 61.526084899902344, 98.44173431396484
409.0, 537.0, 61.526084899902344, 98.44173431396484
412.0, 550.0, 60.3196907043457, 96.51150512695312
410.0, 562.0, 60.3196907043457, 96.51150512695312
410.0, 572.0, 60.3196907043457, 96.51150512695312
408.0, 582.0, 60.3196907043457, 96.51150512695312
408.0, 592.0, 61.52608108520508, 98.44172668457031
412.0, 605.0, 62.75659942626953, 100.41056060791016
412.0, 614.0, 62.75659942626953, 100.41056060791016
413.0, 626.0, 62.75659942626953, 100.41056060791016
414.0, 635.0, 61.52608108520508, 98.44172668457031
421.0, 645.0, 60.31968307495117, 96.5114974975586
428.0, 649.0, 60.31968307495117, 96.5114974975586
433.0, 656.0, 59.13694763183594, 94.6191177368164
441.0, 662.0, 59.13694763183594, 94.6191177368164
446.0, 666.0, 59.13694763183594, 94.6191177368164
455.0, 676.0, 59.13694763183594, 94.6191177368164
462.0, 678.0, 59.13694763183594, 94.6191177368164
466.0, 665.0, 57.97740173339844, 92.76383972167969
475.0, 665.0, 57.97740173339844, 92.76383972167969
482.0, 664.0, 57.97740173339844, 92.76383972167969
491.0, 664.0, 57.97740173339844, 92.76383972167969
500.0, 664.0, 56.84059143066406, 90.9449462890625
509.0, 665.0, 55.726070404052734, 89.16171264648438
519.0, 664.0, 55.726070404052734, 89.16171264648438
516.0, 674.0, 55.726070404052734, 89.16171264648438
529.0, 664.0, 55.726070404052734, 89.16171264648438
539.0, 663.0, 55.726070404052734, 89.16171264648438
550.0, 663.0, 55.726070404052734, 89.16171264648438
561.0, 662.0, 55.726070404052734, 89.16171264648438
572.0, 662.0, 55.726070404052734, 89.16171264648438
582.0, 662.0, 55.726070404052734, 89.16171264648438
594.0, 662.0, 54.633399963378906, 87.41344451904297
605.0, 660.0, 54.633399963378906, 87.41344451904297
620.0, 659.0, 54.633399963378906, 87.41344451904297
628.0, 650.0, 54.633399963378906, 87.41344451904297
641.0, 643.0, 54.633399963378906, 87.41344451904297
664.0, 644.0, 54.633399963378906, 87.41344451904297
679.0, 636.0, 54.633399963378906, 87.41344451904297
690.0, 630.0, 54.633399963378906, 87.41344451904297
700.0, 625.0, 54.633399963378906, 87.41344451904297
711.0, 619.0, 54.633399963378906, 87.41344451904297
720.0, 614.0, 54.633399963378906, 87.41344451904297
729.0, 607.0, 54.633399963378906, 87.41344451904297
739.0, 600.0, 54.633399963378906, 87.41344451904297
749.0, 594.0, 53.562156677246094, 85.69945526123047
757.0, 586.0, 53.562156677246094, 85.69945526123047
768.0, 578.0, 53.562156677246094, 85.69945526123047
779.0, 569.0, 53.562156677246094, 85.69945526123047
788.0, 564.0, 53.562156677246094, 85.69945526123047
798.0, 555.0, 53.562156677246094, 85.69945526123047
805.0, 553.0, 53.562156677246094, 85.69945526123047
817.0, 547.0, 54.633399963378906, 87.41344451904297
820.0, 542.0, 54.633399963378906, 87.41344451904297
830.0, 540.0, 53.562156677246094, 85.69945526123047
837.0, 537.0, 53.562156677246094, 85.69945526123047
845.0, 534.0, 53.562156677246094, 85.69945526123047
853.0, 529.0, 53.562156677246094, 85.69945526123047
865.0, 522.0, 54.633399963378906, 87.41344451904297
871.0, 518.0, 54.633399963378906, 87.41344451904297
880.0, 512.0, 54.633399963378906, 87.41344451904297
892.0, 509.0, 54.633399963378906, 87.41344451904297
900.0, 506.0, 55.72606658935547, 89.16170501708984
910.0, 502.0, 54.63339614868164, 87.41343688964844
917.0, 504.0, 54.63339614868164, 87.41343688964844
921.0, 497.0, 54.63339614868164, 87.41343688964844
930.0, 500.0, 54.63339614868164, 87.41343688964844
934.0, 497.0, 55.7260627746582, 89.16169738769531
938.0, 495.0, 55.7260627746582, 89.16169738769531
944.0, 491.0, 54.633392333984375, 87.4134292602539
948.0, 486.0, 53.56214904785156, 85.6994400024414
953.0, 484.0, 53.56214904785156, 85.6994400024414
952.0, 478.0, 53.56214904785156, 85.6994400024414
954.0, 473.0, 53.56214904785156, 85.6994400024414
954.0, 468.0, 53.56214904785156, 85.6994400024414
957.0, 465.0, 53.56214904785156, 85.6994400024414
957.0, 464.0, 54.633392333984375, 87.4134292602539
954.0, 460.0, 53.56214904785156, 85.6994400024414
953.0, 459.0, 53.56214904785156, 85.6994400024414
951.0, 457.0, 54.633392333984375, 87.4134292602539
949.0, 452.0, 53.56214904785156, 85.6994400024414
948.0, 448.0, 53.56214904785156, 85.6994400024414
949.0, 440.0, 53.56214904785156, 85.6994400024414
946.0, 434.0, 53.56214904785156, 85.6994400024414
947.0, 428.0, 53.56214904785156, 85.6994400024414
942.0, 421.0, 54.633392333984375, 87.4134292602539
940.0, 414.0, 54.633392333984375, 87.4134292602539
938.0, 411.0, 54.633392333984375, 87.4134292602539
934.0, 409.0, 53.56214904785156, 85.6994400024414
932.0, 407.0, 54.633392333984375, 87.4134292602539
928.0, 402.0, 54.633392333984375, 87.4134292602539
925.0, 400.0, 53.56214904785156, 85.6994400024414
925.0, 396.0, 54.633392333984375, 87.4134292602539
921.0, 390.0, 54.633392333984375, 87.4134292602539
923.0, 386.0, 53.56214904785156, 85.6994400024414
924.0, 380.0, 54.633392333984375, 87.4134292602539
921.0, 377.0, 54.633392333984375, 87.4134292602539
921.0, 373.0, 53.56214904785156, 85.6994400024414
922.0, 368.0, 54.633392333984375, 87.4134292602539
920.0, 367.0, 51.48226547241211, 82.37162780761719
919.0, 365.0, 51.48226547241211, 82.37162780761719
914.0, 362.0, 51.48226547241211, 82.37162780761719
912.0, 360.0, 53.5621452331543, 85.69943237304688
910.0, 358.0, 53.5621452331543, 85.69943237304688
909.0, 352.0, 53.5621452331543, 85.69943237304688
903.0, 346.0, 53.5621452331543, 85.69943237304688
905.0, 339.0, 53.5621452331543, 85.69943237304688
900.0, 332.0, 53.5621452331543, 85.69943237304688
897.0, 325.0, 54.63338851928711, 87.41342163085938
892.0, 318.0, 54.63338851928711, 87.41342163085938
889.0, 315.0, 54.63338851928711, 87.41342163085938
883.0, 311.0, 54.63338851928711, 87.41342163085938
877.0, 306.0, 54.63338851928711, 87.41342163085938
870.0, 304.0, 53.5621452331543, 85.69943237304688
859.0, 302.0, 54.63338851928711, 87.41342163085938
852.0, 296.0, 54.63338851928711, 87.41342163085938
840.0, 289.0, 54.63338851928711, 87.41342163085938
832.0, 282.0, 53.5621452331543, 85.69943237304688
823.0, 275.0, 54.63338851928711, 87.41342163085938
811.0, 268.0, 53.5621452331543, 85.69943237304688
802.0, 262.0, 53.5621452331543, 85.69943237304688
788.0, 257.0, 53.5621452331543, 85.69943237304688
776.0, 251.0, 53.5621452331543, 85.69943237304688
761.0, 246.0, 54.63338851928711, 87.41342163085938
747.0, 242.0, 53.5621452331543, 85.69943237304688
732.0, 240.0, 53.5621452331543, 85.69943237304688
719.0, 236.0, 53.5621452331543, 85.69943237304688
706.0, 232.0, 53.5621452331543, 85.69943237304688
690.0, 227.0, 53.5621452331543, 85.69943237304688
678.0, 221.0, 53.5621452331543, 85.69943237304688
661.0, 214.0, 53.5621452331543, 85.69943237304688
648.0, 207.0, 54.63338851928711, 87.41342163085938
635.0, 199.0, 54.63338851928711, 87.41342163085938
624.0, 195.0, 54.63338851928711, 87.41342163085938
612.0, 191.0, 54.63338851928711, 87.41342163085938
604.0, 187.0, 53.5621452331543, 85.69943237304688
596.0, 187.0, 53.5621452331543, 85.69943237304688
587.0, 185.0, 53.5621452331543, 85.69943237304688
581.0, 185.0, 54.63338851928711, 87.41342163085938
574.0, 180.0, 55.726051330566406, 89.16168212890625
571.0, 176.0, 54.633384704589844, 87.41341400146484
568.0, 173.0, 52.51190185546875, 84.01904296875
565.0, 167.0, 51.48225784301758, 82.37161254882812
564.0, 162.0, 51.48225784301758, 82.37161254882812
562.0, 157.0, 51.48225784301758, 82.37161254882812
562.0, 152.0, 51.48225784301758, 82.37161254882812
562.0, 147.0, 50.47280502319336, 80.75648498535156
561.0, 147.0, 49.48313903808594, 79.17302703857422
564.0, 145.0, 48.512882232666016, 77.62061309814453
566.0, 145.0, 49.48313903808594, 79.17302703857422
565.0, 143.0, 49.48313903808594, 79.17302703857422
568.0, 144.0, 49.48313903808594, 79.17302703857422
568.0, 143.0, 49.48313903808594, 79.17302703857422
572.0, 140.0, 49.48313903808594, 79.17302703857422
575.0, 135.0, 50.47280502319336, 80.75648498535156
581.0, 130.0, 50.47280502319336, 80.75648498535156
585.0, 124.0, 51.48225784301758, 82.37161254882812
588.0, 122.0, 49.48313903808594, 79.17302703857422
594.0, 121.0, 49.48313903808594, 79.17302703857422
600.0, 117.0, 50.47280502319336, 80.75648498535156
601.0, 118.0, 51.48225784301758, 82.37161254882812
606.0, 118.0, 50.47280502319336, 80.75648498535156
609.0, 118.0, 51.48225784301758, 82.37161254882812
612.0, 118.0, 52.51190185546875, 84.01904296875
617.0, 118.0, 52.51190185546875, 84.01904296875
618.0, 116.0, 52.51190185546875, 84.01904296875
624.0, 113.0, 52.51190185546875, 84.01904296875
628.0, 108.0, 53.56214141845703, 85.69942474365234
633.0, 108.0, 52.51190185546875, 84.01904296875
637.0, 107.0, 51.48225784301758, 82.37161254882812
644.0, 105.0, 49.48313903808594, 79.17302703857422
646.0, 106.0, 49.48313903808594, 79.17302703857422
654.0, 106.0, 48.512882232666016, 77.62061309814453
656.0, 109.0, 48.512882232666016, 77.62061309814453
659.0, 112.0, 48.512882232666016, 77.62061309814453
665.0, 113.0, 48.512882232666016, 77.62061309814453
668.0, 116.0, 48.512882232666016, 77.62061309814453
671.0, 115.0, 47.561649322509766, 76.09864044189453
677.0, 114.0, 47.561649322509766, 76.09864044189453
679.0, 114.0, 47.561649322509766, 76.09864044189453
685.0, 110.0, 47.561649322509766, 76.09864044189453
690.0, 112.0, 47.561649322509766, 76.09864044189453
695.0, 109.0, 46.629066467285156, 74.60650634765625
700.0, 111.0, 45.71477508544922, 73.14363861083984
705.0, 112.0, 45.71477508544922, 73.14363861083984
708.0, 116.0, 45.71477508544922, 73.14363861083984
713.0, 119.0, 46.629066467285156, 74.60650634765625
716.0, 121.0, 45.71477508544922, 73.14363861083984
722.0, 127.0, 44.81840896606445, 71.7094497680664
725.0, 126.0, 44.81840896606445, 71.7094497680664
731.0, 126.0, 44.81840896606445, 71.7094497680664
734.0, 126.0, 45.71477508544922, 73.14363861083984
742.0, 126.0, 45.71477508544922, 73.14363861083984
748.0, 127.0, 45.71477508544922, 73.14363861083984
752.0, 128.0, 44.81840896606445, 71.7094497680664
759.0, 130.0, 43.93961715698242, 70.30339050292969
765.0, 131.0, 42.2333869934082, 67.57341766357422
771.0, 137.0, 43.07805633544922, 68.92488861083984
772.0, 138.0, 43.93961715698242, 70.30339050292969
776.0, 141.0, 44.81840896606445, 71.7094497680664
781.0, 143.0, 45.71477508544922, 73.14363861083984
784.0, 143.0, 46.629066467285156, 74.60650634765625
786.0, 139.0, 46.629066467285156, 74.60650634765625
787.0, 135.0, 46.629066467285156, 74.60650634765625
786.0, 133.0, 45.71477508544922, 73.14363861083984
787.0, 131.0, 45.71477508544922, 73.14363861083984
785.0, 130.0, 46.629066467285156, 74.60650634765625
785.0, 127.0, 45.71477508544922, 73.14363861083984
781.0, 128.0, 45.71477508544922, 73.14363861083984
778.0, 127.0, 45.71477508544922, 73.14363861083984
776.0, 127.0, 45.71477508544922, 73.14363861083984
771.0, 126.0, 46.629066467285156, 74.60650634765625
762.0, 124.0, 47.561649322509766, 76.09864044189453
760.0, 119.0, 46.629066467285156, 74.60650634765625
754.0, 114.0, 46.629066467285156, 74.60650634765625
747.0, 110.0, 46.629066467285156, 74.60650634765625
737.0, 105.0, 45.71477508544922, 73.14363861083984
732.0, 102.0, 46.629066467285156, 74.60650634765625
720.0, 98.0, 45.71477508544922, 73.14363861083984
713.0, 97.0, 46.629066467285156, 74.60650634765625
704.0, 93.0, 45.71477508544922, 73.14363861083984
697.0, 93.0, 45.71477508544922, 73.14363861083984
689.0, 89.0, 45.71477508544922, 73.14363861083984
682.0, 83.0, 45.71477508544922, 73.14363861083984
673.0, 77.0, 44.81840896606445, 71.7094497680664
674.0, 71.0, 44.81840896606445, 71.7094497680664
663.0, 66.0, 44.81840896606445, 71.7094497680664
659.0, 61.0, 44.81840896606445, 71.7094497680664
659.0, 55.0, 45.71477508544922, 73.14363861083984
663.0, 51.0, 45.71477508544922, 73.14363861083984
657.0, 48.0, 45.71477508544922, 73.14363861083984
656.0, 44.0, 45.71477508544922, 73.14363861083984
649.0, 36.0, 45.71477508544922, 73.14363861083984
642.0, 32.0, 45.71477508544922, 73.14363861083984
642.0, 27.0, 45.71477508544922, 73.14363861083984
649.0, 20.0, 45.71477508544922, 73.14363861083984
641.0, 16.0, 45.71477508544922, 73.14363861083984
642.0, 10.0, 45.71477508544922, 73.14363861083984
641.0, 9.0, 45.71477508544922, 73.14363861083984
639.0, 7.0, 45.71477508544922, 73.14363861083984
639.0, 3.0, 44.81840896606445, 71.7094497680664
635.0, 1.0, 44.81840896606445, 71.7094497680664
630.0, -4.0, 44.81840896606445, 71.7094497680664
631.0, -15.0, 44.81840896606445, 71.7094497680664
629.0, -15.0, 44.81840896606445, 71.7094497680664
626.0, -21.0, 44.81840896606445, 71.7094497680664
620.0, -22.0, 44.81840896606445, 71.7094497680664
621.0, -23.0, 44.81840896606445, 71.7094497680664
621.0, -27.0, 44.81840896606445, 71.7094497680664
616.0, -33.0, 45.71477508544922, 73.14363861083984
612.0, -35.0, 45.71477508544922, 73.14363861083984
608.0, -35.0, 45.71477508544922, 73.14363861083984
602.0, -35.0, 45.71477508544922, 73.14363861083984
612.0, -38.0, 45.71477508544922, 73.14363861083984
598.0, -34.0, 45.71477508544922, 73.14363861083984
606.0, -40.0, 45.71477508544922, 73.14363861083984
590.0, -35.0, 45.71477508544922, 73.14363861083984
595.0, -37.0, 45.71477508544922, 73.14363861083984
585.0, -36.0, 45.71477508544922, 73.14363861083984
0.0, 0.0, 0.0, 0.0
0.0, 0.0, 0.0, 0.0
0.0, 0.0, 0.0, 0.0
0.0, 0.0, 0.0, 0.0
0.0, 0.0, 0.0, 0.0
0.0, 0.0, 0.0, 0.0
0.0, 0.0, 0.0, 0.0
0.0, 0.0, 0.0, 0.0
0.0, 0.0, 0.0, 0.0
0.0, 0.0, 0.0, 0.0
0.0, 0.0, 0.0, 0.0
0.0, 0.0, 0.0, 0.0
0.0, 0.0, 0.0, 0.0
0.0, 0.0, 0.0, 0.0
0.0, 0.0, 0.0, 0.0
0.0, 0.0, 0.0, 0.0
0.0, 0.0, 0.0, 0.0
0.0, 0.0, 0.0, 0.0
0.0, 0.0, 0.0, 0.0
0.0, 0.0, 0.0, 0.0
0.0, 0.0, 0.0, 0.0
0.0, 0.0, 0.0, 0.0
0.0, 0.0, 0.0, 0.0
0.0, 0.0, 0.0, 0.0
0.0, 0.0, 0.0, 0.0
0.0, 0.0, 0.0, 0.0
0.0, 0.0, 0.0, 0.0
0.0, 0.0, 0.0, 0.0
0.0, 0.0, 0.0, 0.0
0.0, 0.0, 0.0, 0.0
0.0, 0.0, 0.0, 0.0
0.0, 0.0, 0.0, 0.0
0.0, 0.0, 0.0, 0.0
0.0, 0.0, 0.0, 0.0
0.0, 0.0, 0.0, 0.0
0.0, 0.0, 0.0, 0.0
0.0, 0.0, 0.0, 0.0
0.0, 0.0, 0.0, 0.0
0.0, 0.0, 0.0, 0.0
0.0, 0.0, 0.0, 0.0
0.0, 0.0, 0.0, 0.0
0.0, 0.0, 0.0, 0.0
0.0, 0.0, 0.0, 0.0
0.0, 0.0, 0.0, 0.0
0.0, 0.0, 0.0, 0.0
0.0, 0.0, 0.0, 0.0
0.0, 0.0, 0.0, 0.0
0.0, 0.0, 0.0, 0.0
0.0, 0.0, 0.0, 0.0
0.0, 0.0, 0.0, 0.0
0.0, 0.0, 0.0, 0.0
0.0, 0.0, 0.0, 0.0
0.0, 0.0, 0.0, 0.0
0.0, 0.0, 0.0, 0.0
0.0, 0.0, 0.0, 0.0
0.0, 0.0, 0.0, 0.0
0.0, 0.0, 0.0, 0.0
0.0, 0.0, 0.0, 0.0
0.0, 0.0, 0.0, 0.0
0.0, 0.0, 0.0, 0.0
0.0, 0.0, 0.0, 0.0
0.0, 0.0, 0.0, 0.0
0.0, 0.0, 0.0, 0.0
0.0, 0.0, 0.0, 0.0
0.0, 0.0, 0.0, 0.0
0.0, 0.0, 0.0, 0.0
0.0, 0.0, 0.0, 0.0
0.0, 0.0, 0.0, 0.0
0.0, 0.0, 0.0, 0.0
0.0, 0.0, 0.0, 0.0
0.0, 0.0, 0.0, 0.0
0.0, 0.0, 0.0, 0.0
0.0, 0.0, 0.0, 0.0
0.0, 0.0, 0.0, 0.0
0.0, 0.0, 0.0, 0.0
0.0, 0.0, 0.0, 0.0
0.0, 0.0, 0.0, 0.0
0.0, 0.0, 0.0, 0.0
0.0, 0.0, 0.0, 0.0
0.0, 0.0, 0.0, 0.0
0.0, 0.0, 0.0, 0.0
0.0, 0.0, 0.0, 0.0
0.0, 0.0, 0.0, 0.0
0.0, 0.0, 0.0, 0.0
0.0, 0.0, 0.0, 0.0
0.0, 0.0, 0.0, 0.0
0.0, 0.0, 0.0, 0.0
0.0, 0.0, 0.0, 0.0
0.0, 0.0, 0.0, 0.0
0.0, 0.0, 0.0, 0.0
0.0, 0.0, 0.0, 0.0
0.0, 0.0, 0.0, 0.0
0.0, 0.0, 0.0, 0.0
0.0, 0.0, 0.0, 0.0
0.0, 0.0, 0.0, 0.0
0.0, 0.0, 0.0, 0.0
0.0, 0.0, 0.0, 0.0
0.0, 0.0, 0.0, 0.0
0.0, 0.0, 0.0, 0.0
0.0, 0.0, 0.0, 0.0
0.0, 0.0, 0.0, 0.0
0.0, 0.0, 0.0, 0.0
0.0, 0.0, 0.0, 0.0
0.0, 0.0, 0.0, 0.0
0.0, 0.0, 0.0, 0.0
0.0, 0.0, 0.0, 0.0
0.0, 0.0, 0.0, 0.0
0.0, 0.0, 0.0, 0.0
0.0, 0.0, 0.0, 0.0
0.0, 0.0, 0.0, 0.0
0.0, 0.0, 0.0, 0.0
0.0, 0.0, 0.0, 0.0
0.0, 0.0, 0.0, 0.0
0.0, 0.0, 0.0, 0.0
0.0, 0.0, 0.0, 0.0
0.0, 0.0, 0.0, 0.0
0.0, 0.0, 0.0, 0.0
0.0, 0.0, 0.0, 0.0
0.0, 0.0, 0.0, 0.0
0.0, 0.0, 0.0, 0.0
0.0, 0.0, 0.0, 0.0
0.0, 0.0, 0.0, 0.0
0.0, 0.0, 0.0, 0.0
0.0, 0.0, 0.0, 0.0
0.0, 0.0, 0.0, 0.0
0.0, 0.0, 0.0, 0.0
0.0, 0.0, 0.0, 0.0
0.0, 0.0, 0.0, 0.0
0.0, 0.0, 0.0, 0.0
0.0, 0.0, 0.0, 0.0
0.0, 0.0, 0.0, 0.0
0.0, 0.0, 0.0, 0.0
0.0, 0.0, 0.0, 0.0
0.0, 0.0, 0.0, 0.0
0.0, 0.0, 0.0, 0.0
0.0, 0.0, 0.0, 0.0
0.0, 0.0, 0.0, 0.0
0.0, 0.0, 0.0, 0.0
0.0, 0.0, 0.0, 0.0
0.0, 0.0, 0.0, 0.0
0.0, 0.0, 0.0, 0.0
0.0, 0.0, 0.0, 0.0
0.0, 0.0, 0.0, 0.0
0.0, 0.0, 0.0, 0.0
0.0, 0.0, 0.0, 0.0
0.0, 0.0, 0.0, 0.0
0.0, 0.0, 0.0, 0.0
0.0, 0.0, 0.0, 0.0
0.0, 0.0, 0.0, 0.0
0.0, 0.0, 0.0, 0.0
0.0, 0.0, 0.0, 0.0
0.0, 0.0, 0.0, 0.0
0.0, 0.0, 0.0, 0.0
0.0, 0.0, 0.0, 0.0
0.0, 0.0, 0.0, 0.0
0.0, 0.0, 0.0, 0.0
0.0, 0.0, 0.0, 0.0
0.0, 0.0, 0.0, 0.0
0.0, 0.0, 0.0, 0.0
0.0, 0.0, 0.0, 0.0
0.0, 0.0, 0.0, 0.0
0.0, 0.0, 0.0, 0.0
0.0, 0.0, 0.0, 0.0
0.0, 0.0, 0.0, 0.0
0.0, 0.0, 0.0, 0.0
0.0, 0.0, 0.0, 0.0
0.0, 0.0, 0.0, 0.0
0.0, 0.0, 0.0, 0.0
0.0, 0.0, 0.0, 0.0
0.0, 0.0, 0.0, 0.0
0.0, 0.0, 0.0, 0.0
0.0, 0.0, 0.0, 0.0
0.0, 0.0, 0.0, 0.0
0.0, 0.0, 0.0, 0.0
0.0, 0.0, 0.0, 0.0
0.0, 0.0, 0.0, 0.0
0.0, 0.0, 0.0, 0.0
0.0, 0.0, 0.0, 0.0
0.0, 0.0, 0.0, 0.0
0.0, 0.0, 0.0, 0.0
0.0, 0.0, 0.0, 0.0
0.0, 0.0, 0.0, 0.0
0.0, 0.0, 0.0, 0.0
0.0, 0.0, 0.0, 0.0
0.0, 0.0, 0.0, 0.0
0.0, 0.0, 0.0, 0.0
0.0, 0.0, 0.0, 0.0
0.0, 0.0, 0.0, 0.0
0.0, 0.0, 0.0, 0.0
0.0, 0.0, 0.0, 0.0
0.0, 0.0, 0.0, 0.0
0.0, 0.0, 0.0, 0.0
0.0, 0.0, 0.0, 0.0
0.0, 0.0, 0.0, 0.0
0.0, 0.0, 0.0, 0.0
0.0, 0.0, 0.0, 0.0
0.0, 0.0, 0.0, 0.0
0.0, 0.0, 0.0, 0.0
0.0, 0.0, 0.0, 0.0
0.0, 0.0, 0.0, 0.0
0.0, 0.0, 0.0, 0.0
0.0, 0.0, 0.0, 0.0
0.0, 0.0, 0.0, 0.0
0.0, 0.0, 0.0, 0.0
0.0, 0.0, 0.0, 0.0
0.0, 0.0, 0.0, 0.0
0.0, 0.0, 0.0, 0.0
0.0, 0.0, 0.0, 0.0
0.0, 0.0, 0.0, 0.0
0.0, 0.0, 0.0, 0.0
0.0, 0.0, 0.0, 0.0
0.0, 0.0, 0.0, 0.0
0.0, 0.0, 0.0, 0.0
0.0, 0.0, 0.0, 0.0
0.0, 0.0, 0.0, 0.0
0.0, 0.0, 0.0, 0.0
0.0, 0.0, 0.0, 0.0
0.0, 0.0, 0.0, 0.0
0.0, 0.0, 0.0, 0.0
0.0, 0.0, 0.0, 0.0
0.0, 0.0, 0.0, 0.0
0.0, 0.0, 0.0, 0.0
0.0, 0.0, 0.0, 0.0
0.0, 0.0, 0.0, 0.0
0.0, 0.0, 0.0, 0.0
0.0, 0.0, 0.0, 0.0
0.0, 0.0, 0.0, 0.0
0.0, 0.0, 0.0, 0.0
0.0, 0.0, 0.0, 0.0
0.0, 0.0, 0.0, 0.0
0.0, 0.0, 0.0, 0.0
0.0, 0.0, 0.0, 0.0
0.0, 0.0, 0.0, 0.0
0.0, 0.0, 0.0, 0.0
0.0, 0.0, 0.0, 0.0
0.0, 0.0, 0.0, 0.0
0.0, 0.0, 0.0, 0.0
0.0, 0.0, 0.0, 0.0
0.0, 0.0, 0.0, 0.0
0.0, 0.0, 0.0, 0.0
0.0, 0.0, 0.0, 0.0
0.0, 0.0, 0.0, 0.0
0.0, 0.0, 0.0, 0.0
0.0, 0.0, 0.0, 0.0
0.0, 0.0, 0.0, 0.0
0.0, 0.0, 0.0, 0.0
0.0, 0.0, 0.0, 0.0
0.0, 0.0, 0.0, 0.0
0.0, 0.0, 0.0, 0.0
0.0, 0.0, 0.0, 0.0
0.0, 0.0, 0.0, 0.0
0.0, 0.0, 0.0, 0.0
0.0, 0.0, 0.0, 0.0
0.0, 0.0, 0.0, 0.0
0.0, 0.0, 0.0, 0.0
0.0, 0.0, 0.0, 0.0
0.0, 0.0, 0.0, 0.0
0.0, 0.0, 0.0, 0.0
0.0, 0.0, 0.0, 0.0
0.0, 0.0, 0.0, 0.0
0.0, 0.0, 0.0, 0.0
0.0, 0.0, 0.0, 0.0
0.0, 0.0, 0.0, 0.0
0.0, 0.0, 0.0, 0.0
0.0, 0.0, 0.0, 0.0
0.0, 0.0, 0.0, 0.0
0.0, 0.0, 0.0, 0.0
0.0, 0.0, 0.0, 0.0
0.0, 0.0, 0.0, 0.0
0.0, 0.0, 0.0, 0.0
0.0, 0.0, 0.0, 0.0
0.0, 0.0, 0.0, 0.0
0.0, 0.0, 0.0, 0.0
0.0, 0.0, 0.0, 0.0
0.0, 0.0, 0.0, 0.0
0.0, 0.0, 0.0, 0.0
0.0, 0.0, 0.0, 0.0
0.0, 0.0, 0.0, 0.0
0.0, 0.0, 0.0, 0.0
0.0, 0.0, 0.0, 0.0
0.0, 0.0, 0.0, 0.0
0.0, 0.0, 0.0, 0.0
0.0, 0.0, 0.0, 0.0
0.0, 0.0, 0.0, 0.0
0.0, 0.0, 0.0, 0.0
0.0, 0.0, 0.0, 0.0
0.0, 0.0, 0.0, 0.0
0.0, 0.0, 0.0, 0.0
0.0, 0.0, 0.0, 0.0
0.0, 0.0, 0.0, 0.0
0.0, 0.0, 0.0, 0.0
0.0, 0.0, 0.0, 0.0
0.0, 0.0, 0.0, 0.0
0.0, 0.0, 0.0, 0.0
0.0, 0.0, 0.0, 0.0
0.0, 0.0, 0.0, 0.0
0.0, 0.0, 0.0, 0.0
0.0, 0.0, 0.0, 0.0
0.0, 0.0, 0.0, 0.0
0.0, 0.0, 0.0, 0.0
0.0, 0.0, 0.0, 0.0
0.0, 0.0, 0.0, 0.0
0.0, 0.0, 0.0, 0.0
0.0, 0.0, 0.0, 0.0
0.0, 0.0, 0.0, 0.0
0.0, 0.0, 0.0, 0.0
0.0, 0.0, 0.0, 0.0
0.0, 0.0, 0.0, 0.0
0.0, 0.0, 0.0, 0.0
0.0, 0.0, 0.0, 0.0
0.0, 0.0, 0.0, 0.0
0.0, 0.0, 0.0, 0.0
0.0, 0.0, 0.0, 0.0
0.0, 0.0, 0.0, 0.0
0.0, 0.0, 0.0, 0.0
0.0, 0.0, 0.0, 0.0
0.0, 0.0, 0.0, 0.0
0.0, 0.0, 0.0, 0.0
3406900.0, 1800079.0, 45.71477508544922, 73.14363861083984
0.0, 0.0, 0.0, 0.0
3408925.0, 1801091.0, 45.71477508544922, 73.14363861083984
-3407462.0, -1800376.0, 45.71477508544922, 73.14363861083984
3410202.0, 1801788.0, 45.71477508544922, 73.14363861083984
-3409074.0, -1801207.0, 45.71477508544922, 73.14363861083984
3408758.0, 1801026.0, 44.81840896606445, 71.7094497680664
-3407836.0, -1800540.0, 44.81840896606445, 71.7094497680664
3442311.0, 1819394.0, 44.81840896606445, 71.7094497680664
-3448943.0, -1822976.0, 44.81840896606445, 71.7094497680664
3452603.0, 1824963.0, 44.81840896606445, 71.7094497680664
-3450774.0, -1824035.0, 44.81840896606445, 71.7094497680664
3452074.0, 1824670.0, 44.81840896606445, 71.7094497680664
-3448313.0, -1822677.0, 43.93961715698242, 70.30339050292969
3445126.0, 1820933.0, 43.93961715698242, 70.30339050292969
-3443567.0, -1820155.0, 43.93961715698242, 70.30339050292969
3370053.0, 1784131.0, 43.93961715698242, 70.30339050292969
-3380770.0, -1789428.0, 43.93961715698242, 70.30339050292969
3370009.0, 1783466.0, 43.93961715698242, 70.30339050292969
-3332964.0, -1763602.0, 43.93961715698242, 70.30339050292969
3329831.0, 1761908.0, 43.93961715698242, 70.30339050292969
-3327908.0, -1761001.0, 43.93961715698242, 70.30339050292969
3327819.0, 1760854.0, 43.93961715698242, 70.30339050292969
-3325345.0, -1759664.0, 43.93961715698242, 70.30339050292969
3314695.0, 1754364.0, 43.93961715698242, 70.30339050292969
-3311983.0, -1753064.0, 43.93961715698242, 70.30339050292969
3316047.0, 1755088.0, 43.93961715698242, 70.30339050292969
-3305452.0, -1749606.0, 43.93961715698242, 70.30339050292969
3355538.0, 1774418.0, 43.93961715698242, 70.30339050292969
-3353657.0, -1773539.0, 43.93961715698242, 70.30339050292969
3358497.0, 1775890.0, 43.93961715698242, 70.30339050292969
-3357366.0, -1775367.0, 43.93961715698242, 70.30339050292969
3360575.0, 1776914.0, 43.93961715698242, 70.30339050292969
-3359569.0, -1776470.0, 43.93961715698242, 70.30339050292969
3360479.0, 1776831.0, 43.93961715698242, 70.30339050292969
-3359315.0, -1776340.0, 43.93961715698242, 70.30339050292969
3361234.0, 1777251.0, 43.93961715698242, 70.30339050292969
-3346820.0, -1769558.0, 43.93961715698242, 70.30339050292969
3335651.0, 1763440.0, 43.93961715698242, 70.30339050292969
-3326192.0, -1758478.0, 43.07805633544922, 68.92488861083984
3327585.0, 1759080.0, 43.07805633544922, 68.92488861083984
-3325264.0, -1757994.0, 43.07805633544922, 68.92488861083984
3378306.0, 1786490.0, 43.07805633544922, 68.92488861083984
-3371900.0, -1783346.0, 43.07805633544922, 68.92488861083984
3387693.0, 1791587.0, 42.2333869934082, 67.57341766357422
-3384815.0, -1790248.0, 41.40528106689453, 66.24845123291016
3382442.0, 1788866.0, 40.593414306640625, 64.949462890625
-3373089.0, -1784117.0, 40.593414306640625, 64.949462890625
3372909.0, 1783835.0, 39.797462463378906, 63.675941467285156
-3434935.0, -1817698.0, 39.797462463378906, 63.675941467285156
3434503.0, 1817297.0, 39.017120361328125, 62.427391052246094
-3446315.0, -1823841.0, 39.017120361328125, 62.427391052246094
3446349.0, 1823691.0, 39.017120361328125, 62.427391052246094
-2946785.0, -1547836.0, 39.017120361328125, 62.427391052246094
2946508.0, 1547517.0, 39.017120361328125, 62.427391052246094
-2962424.0, -1556165.0, 39.017120361328125, 62.427391052246094
2964392.0, 1556990.0, 39.017120361328125, 62.427391052246094
-2962950.0, -1556409.0, 38.252079010009766, 61.20332336425781
2965705.0, 1557671.0, 38.252079010009766, 61.20332336425781
-2965446.0, -1557687.0, 38.252079010009766, 61.20332336425781
2975421.0, 1562655.0, 38.252079010009766, 61.20332336425781
-2973882.0, -1561995.0, 38.252079010009766, 61.20332336425781
2975247.0, 1562544.0, 38.252079010009766, 61.20332336425781
-2973651.0, -1561900.0, 39.017120361328125, 62.427391052246094
2974943.0, 1562392.0, 39.017120361328125, 62.427391052246094
-2976397.0, -1563269.0, 39.79745864868164, 63.675933837890625
2977745.0, 1563800.0, 39.79745864868164, 63.675933837890625
-2976529.0, -1563328.0, 39.79745864868164, 63.675933837890625
2977665.0, 1563751.0, 39.79745864868164, 63.675933837890625
-2975970.0, -1563010.0, 39.79745864868164, 63.675933837890625
2977047.0, 1563412.0, 39.79745864868164, 63.675933837890625
-2974613.0, -1562327.0, 39.79745864868164, 63.675933837890625
2977187.0, 1563545.0, 39.01711654663086, 62.42738342285156
-2975477.0, -1562811.0, 39.01711654663086, 62.42738342285156
2976827.0, 1563366.0, 39.01711654663086, 62.42738342285156
-2982867.0, -1566784.0, 38.2520751953125, 61.20331573486328
3442158.0, 1807451.0, 38.2520751953125, 61.20331573486328
-3443447.0, -1808273.0, 38.2520751953125, 61.20331573486328
3449810.0, 1811500.0, 39.01711654663086, 62.42738342285156
-3450769.0, -1812164.0, 39.01711654663086, 62.42738342285156
3455217.0, 1814324.0, 38.2520751953125, 61.20331573486328
-3496865.0, -1836688.0, 37.50203323364258, 60.00325393676758
3466790.0, 1820451.0, 37.50203323364258, 60.00325393676758
-3463086.0, -1818705.0, 37.50203323364258, 60.00325393676758
3471174.0, 1822907.0, 38.2520751953125, 61.20331573486328
-3485957.0, -1830665.0, 37.50203323364258, 60.00325393676758
3486204.0, 1830621.0, 37.50203323364258, 60.00325393676758
-3500290.0, -1838323.0, 37.50203323364258, 60.00325393676758
3634043.0, 1909513.0, 37.50203323364258, 60.00325393676758
-3652981.0, -1920138.0, 38.2520751953125, 61.20331573486328
3652825.0, 1919895.0, 38.2520751953125, 61.20331573486328
-3657639.0, -1922625.0, 37.50203323364258, 60.00325393676758
3431544.0, 1802238.0, 38.2520751953125, 61.20331573486328
-2849551.0, -1493341.0, 38.2520751953125, 61.20331573486328
2932277.0, 1537052.0, 37.50203323364258, 60.00325393676758
-2706242.0, -1417280.0, 36.766700744628906, 58.82672119140625
2542345.0, 1330275.0, 37.50203323364258, 60.00325393676758
-2904676.0, -1522575.0, 37.50203323364258, 60.00325393676758
2856742.0, 1496763.0, 36.766700744628906, 58.82672119140625
-2826784.0, -1481020.0, 36.766700744628906, 58.82672119140625
2841538.0, 1488522.0, 37.50203323364258, 60.00325393676758
-2866708.0, -1502141.0, 36.766700744628906, 58.82672119140625
3001116.0, 1573316.0, 36.766700744628906, 58.82672119140625
-2953621.0, -1548148.0, 36.766700744628906, 58.82672119140625
