541.0, 18.0, 127.0, 213.0
548.0, 27.0, 124.50980377197266, 208.8235321044922
554.0, 27.0, 127.0, 213.0
559.0, 30.0, 127.0, 213.0
566.0, 38.0, 122.06844329833984, 204.7289581298828
571.0, 38.0, 119.67494201660156, 200.71466064453125
575.0, 39.0, 122.06844329833984, 204.7289581298828
578.0, 43.0, 119.67494201660156, 200.71466064453125
582.0, 47.0, 119.67494201660156, 200.71466064453125
594.0, 59.0, 115.02782440185547, 192.92068481445312
599.0, 63.0, 112.77237701416016, 189.13792419433594
600.0, 63.0, 115.02781677246094, 192.92066955566406
608.0, 71.0, 108.39328002929688, 181.79345703125
611.0, 70.0, 108.39328002929688, 181.79345703125
613.0, 76.0, 108.39328002929688, 181.79345703125
618.0, 77.0, 108.39328002929688, 181.79345703125
621.0, 80.0, 108.39328002929688, 181.79345703125
625.0, 84.0, 106.26792907714844, 178.2288818359375
633.0, 92.0, 104.18424224853516, 174.7342071533203
639.0, 94.0, 104.18424224853516, 174.7342071533203
641.0, 91.0, 106.26792907714844, 178.2288818359375
647.0, 97.0, 104.18424224853516, 174.7342071533203
645.0, 93.0, 110.56114196777344, 185.4293212890625
647.0, 97.0, 112.7723617553711, 189.1378936767578
655.0, 106.0, 108.39327239990234, 181.79344177246094
657.0, 111.0, 108.39327239990234, 181.79344177246094
662.0, 117.0, 108.39327239990234, 181.79344177246094
668.0, 124.0, 106.2679214477539, 178.22886657714844
670.0, 129.0, 110.5611343383789, 185.42930603027344
678.0, 130.0, 108.39326477050781, 181.79342651367188
680.0, 138.0, 110.5611343383789, 185.42930603027344
688.0, 139.0, 108.39326477050781, 181.79342651367188
696.0, 136.0, 110.5611343383789, 185.42930603027344
704.0, 133.0, 108.39326477050781, 181.79342651367188
710.0, 144.0, 106.26791381835938, 178.22886657714844
718.0, 142.0, 104.1842269897461, 174.7341766357422
724.0, 143.0, 106.26791381835938, 178.22886657714844
726.0, 147.0, 108.39326477050781, 181.79342651367188
729.0, 150.0, 110.5611343383789, 185.42930603027344
732.0, 153.0, 108.39326477050781, 181.79342651367188
740.0, 157.0, 106.26791381835938, 178.22886657714844
747.0, 165.0, 104.1842269897461, 174.7341766357422
751.0, 166.0, 104.1842269897461, 174.7341766357422
756.0, 168.0, 104.1842269897461, 174.7341766357422
759.0, 170.0, 106.26791381835938, 178.22886657714844
766.0, 179.0, 106.26791381835938, 178.22886657714844
769.0, 177.0, 106.26791381835938, 178.22886657714844
777.0, 182.0, 104.1842269897461, 174.7341766357422
781.0, 186.0, 102.14140319824219, 171.30801391601562
785.0, 187.0, 102.14140319824219, 171.30801391601562
790.0, 188.0, 102.14140319824219, 171.30801391601562
794.0, 189.0, 102.14140319824219, 171.30801391601562
797.0, 190.0, 104.1842269897461, 174.7341766357422
799.0, 193.0, 104.1842269897461, 174.7341766357422
806.0, 197.0, 106.26791381835938, 178.22886657714844
809.0, 201.0, 106.26791381835938, 178.22886657714844
811.0, 204.0, 106.26791381835938, 178.22886657714844
815.0, 204.0, 106.26791381835938, 178.22886657714844
818.0, 208.0, 108.39326477050781, 181.79342651367188
823.0, 208.0, 108.39326477050781, 181.79342651367188
826.0, 212.0, 106.26791381835938, 178.22886657714844
831.0, 216.0, 104.1842269897461, 174.7341766357422
835.0, 216.0, 104.1842269897461, 174.7341766357422
844.0, 223.0, 102.14140319824219, 171.30801391601562
848.0, 223.0, 102.14140319824219, 171.30801391601562
854.0, 223.0, 102.14140319824219, 171.30801391601562
859.0, 223.0, 104.1842269897461, 174.7341766357422
863.0, 223.0, 104.1842269897461, 174.7341766357422
871.0, 224.0, 102.14140319824219, 171.30801391601562
873.0, 228.0, 102.14140319824219, 171.30801391601562
881.0, 232.0, 104.1842269897461, 174.7341766357422
884.0, 236.0, 102.14140319824219, 171.30801391601562
892.0, 241.0, 104.1842269897461, 174.7341766357422
895.0, 243.0, 104.1842269897461, 174.7341766357422
904.0, 247.0, 104.1842269897461, 174.7341766357422
907.0, 250.0, 106.26791381835938, 178.22886657714844
917.0, 254.0, 104.1842269897461, 174.7341766357422
926.0, 254.0, 104.1842269897461, 174.7341766357422
936.0, 256.0, 102.14140319824219, 171.30801391601562
946.0, 258.0, 102.14140319824219, 171.30801391601562
955.0, 258.0, 102.14140319824219, 171.30801391601562
962.0, 259.0, 102.14140319824219, 171.30801391601562
972.0, 256.0, 102.14140319824219, 171.30801391601562
979.0, 252.0, 102.14140319824219, 171.30801391601562
985.0, 253.0, 102.14140319824219, 171.30801391601562
993.0, 253.0, 102.14140319824219, 171.30801391601562
998.0, 257.0, 102.14140319824219, 171.30801391601562
977.0, 263.0, 102.14140319824219, 171.30801391601562
974.0, 265.0, 102.14140319824219, 171.30801391601562
976.0, 266.0, 102.14140319824219, 171.30801391601562
984.0, 269.0, 102.14140319824219, 171.30801391601562
987.0, 270.0, 102.14140319824219, 171.30801391601562
993.0, 270.0, 102.14140319824219, 171.30801391601562
999.0, 271.0, 100.13863372802734, 167.94903564453125
1003.0, 275.0, 100.13863372802734, 167.94903564453125
1005.0, 273.0, 102.14140319824219, 171.30801391601562
1012.0, 273.0, 102.14140319824219, 171.30801391601562
1013.0, 272.0, 102.14140319824219, 171.30801391601562
1014.0, 270.0, 102.14140319824219, 171.30801391601562
1014.0, 263.0, 102.14140319824219, 171.30801391601562
1013.0, 252.0, 102.14140319824219, 171.30801391601562
1018.0, 249.0, 102.14140319824219, 171.30801391601562
1017.0, 247.0, 100.13863372802734, 167.94903564453125
1014.0, 246.0, 100.13863372802734, 167.94903564453125
1013.0, 244.0, 100.13863372802734, 167.94903564453125
1014.0, 245.0, 100.13863372802734, 167.94903564453125
1013.0, 244.0, 100.13863372802734, 167.94903564453125
1012.0, 243.0, 100.13863372802734, 167.94903564453125
1012.0, 239.0, 100.13863372802734, 167.94903564453125
1012.0, 238.0, 100.13863372802734, 167.94903564453125
1011.0, 229.0, 102.14140319824219, 171.30801391601562
1011.0, 226.0, 102.14140319824219, 171.30801391601562
1011.0, 223.0, 102.14140319824219, 171.30801391601562
1012.0, 215.0, 102.14140319824219, 171.30801391601562
1012.0, 214.0, 102.14140319824219, 171.30801391601562
1015.0, 208.0, 102.14140319824219, 171.30801391601562
1013.0, 206.0, 102.14140319824219, 171.30801391601562
1013.0, 203.0, 102.14140319824219, 171.30801391601562
1017.0, 192.0, 102.14140319824219, 171.30801391601562
1021.0, 180.0, 102.14140319824219, 171.30801391601562
1024.0, 175.0, 102.14140319824219, 171.30801391601562
1029.0, 164.0, 102.14140319824219, 171.30801391601562
1033.0, 153.0, 102.14140319824219, 171.30801391601562
1037.0, 149.0, 102.14140319824219, 171.30801391601562
1039.0, 146.0, 102.14140319824219, 171.30801391601562
1037.0, 149.0, 102.14140319824219, 171.30801391601562
1040.0, 139.0, 102.14140319824219, 171.30801391601562
1038.0, 141.0, 102.14140319824219, 171.30801391601562
1040.0, 132.0, 102.14140319824219, 171.30801391601562
1043.0, 127.0, 102.14140319824219, 171.30801391601562
1048.0, 118.0, 102.14140319824219, 171.30801391601562
1055.0, 114.0, 102.14140319824219, 171.30801391601562
1054.0, 105.0, 102.14140319824219, 171.30801391601562
1056.0, 100.0, 102.14140319824219, 171.30801391601562
1059.0, 93.0, 102.14140319824219, 171.30801391601562
1054.0, 93.0, 100.13863372802734, 167.94903564453125
1056.0, 92.0, 100.13863372802734, 167.94903564453125
1054.0, 95.0, 100.13863372802734, 167.94903564453125
1051.0, 96.0, 100.13863372802734, 167.94903564453125
1051.0, 95.0, 100.13863372802734, 167.94903564453125
1049.0, 89.0, 100.13863372802734, 167.94903564453125
1053.0, 81.0, 100.13863372802734, 167.94903564453125
1056.0, 75.0, 100.13863372802734, 167.94903564453125
1060.0, 68.0, 100.13863372802734, 167.94903564453125
1061.0, 58.0, 100.13863372802734, 167.94903564453125
1065.0, 49.0, 100.13863372802734, 167.94903564453125
1065.0, 47.0, 100.13863372802734, 167.94903564453125
1064.0, 45.0, 100.13863372802734, 167.94903564453125
1063.0, 44.0, 100.13863372802734, 167.94903564453125
1059.0, 45.0, 100.13863372802734, 167.94903564453125
1056.0, 46.0, 98.17512512207031, 164.65591430664062
1051.0, 47.0, 98.17512512207031, 164.65591430664062
1051.0, 41.0, 98.17512512207031, 164.65591430664062
1045.0, 41.0, 98.17512512207031, 164.65591430664062
1045.0, 32.0, 98.17512512207031, 164.65591430664062
1044.0, 28.0, 98.17512512207031, 164.65591430664062
1043.0, 22.0, 98.17512512207031, 164.65591430664062
1040.0, 15.0, 98.17512512207031, 164.65591430664062
1038.0, 10.0, 98.17512512207031, 164.65591430664062
1031.0, 8.0, 98.17512512207031, 164.65591430664062
1026.0, 8.0, 98.17512512207031, 164.65591430664062
1022.0, 7.0, 98.17512512207031, 164.65591430664062
1014.0, 15.0, 98.17512512207031, 164.65591430664062
1010.0, 10.0, 98.17512512207031, 164.65591430664062
1005.0, 9.0, 98.17512512207031, 164.65591430664062
1003.0, 0.0, 98.17512512207031, 164.65591430664062
1001.0, -5.0, 98.17512512207031, 164.65591430664062
1002.0, -11.0, 96.2501220703125, 161.4273681640625
1000.0, -20.0, 98.17511749267578, 164.65591430664062
998.0, -25.0, 98.17511749267578, 164.65591430664062
995.0, -31.0, 98.17511749267578, 164.65591430664062
995.0, -27.0, 96.25011444091797, 161.42735290527344
994.0, -32.0, 96.25011444091797, 161.42735290527344
991.0, -27.0, 96.25011444091797, 161.42735290527344
990.0, -18.0, 94.36286163330078, 158.26211547851562
988.0, -16.0, 94.36286163330078, 158.26211547851562
987.0, -17.0, 94.36286163330078, 158.26211547851562
988.0, -19.0, 94.36286163330078, 158.26211547851562
987.0, -23.0, 94.36286163330078, 158.26211547851562
989.0, -26.0, 94.36286163330078, 158.26211547851562
990.0, -29.0, 94.36286163330078, 158.26211547851562
990.0, -39.0, 94.36286163330078, 158.26211547851562
992.0, -41.0, 94.36286163330078, 158.26211547851562
994.0, -46.0, 94.36286163330078, 158.26211547851562
993.0, -45.0, 94.36286163330078, 158.26211547851562
993.0, -47.0, 94.36286163330078, 158.26211547851562
990.0, -45.0, 94.36286163330078, 158.26211547851562
986.0, -43.0, 94.36286163330078, 158.26211547851562
985.0, -42.0, 94.36286163330078, 158.26211547851562
981.0, -43.0, 94.36286163330078, 158.26211547851562
978.0, -45.0, 94.36286163330078, 158.26211547851562
979.0, -52.0, 94.36286163330078, 158.26211547851562
979.0, -63.0, 96.25011444091797, 161.42735290527344
979.0, -69.0, 96.25011444091797, 161.42735290527344
976.0, -74.0, 96.25011444091797, 161.42735290527344
973.0, -77.0, 96.25011444091797, 161.42735290527344
970.0, -80.0, 96.25011444091797, 161.42735290527344
965.0, -77.0, 96.25011444091797, 161.42735290527344
960.0, -76.0, 96.25011444091797, 161.42735290527344
952.0, -71.0, 96.25011444091797, 161.42735290527344
949.0, -70.0, 94.36286163330078, 158.26211547851562
946.0, -75.0, 94.36286163330078, 158.26211547851562
944.0, -77.0, 94.36286163330078, 158.26211547851562
941.0, -77.0, 94.36286163330078, 158.26211547851562
935.0, -81.0, 94.36286163330078, 158.26211547851562
934.0, -82.0, 94.36286163330078, 158.26211547851562
930.0, -85.0, 94.36286163330078, 158.26211547851562
927.0, -82.0, 94.36286163330078, 158.26211547851562
921.0, -82.0, 94.36286163330078, 158.26211547851562
917.0, -82.0, 94.36286163330078, 158.26211547851562
911.0, -69.0, 94.36286163330078, 158.26211547851562
908.0, -72.0, 94.36286163330078, 158.26211547851562
905.0, -75.0, 94.36286163330078, 158.26211547851562
901.0, -76.0, 94.36286163330078, 158.26211547851562
899.0, -77.0, 94.36286163330078, 158.26211547851562
897.0, -76.0, 92.51260375976562, 155.158935546875
893.0, -77.0, 92.51260375976562, 155.158935546875
892.0, -78.0, 92.51260375976562, 155.158935546875
889.0, -78.0, 92.51260375976562, 155.158935546875
885.0, -78.0, 90.6986312866211, 152.11660766601562
882.0, -77.0, 90.6986312866211, 152.11660766601562
876.0, -70.0, 90.6986312866211, 152.11660766601562
876.0, -73.0, 88.92023468017578, 149.13392639160156
874.0, -71.0, 88.92023468017578, 149.13392639160156
870.0, -67.0, 88.92023468017578, 149.13392639160156
869.0, -67.0, 88.92023468017578, 149.13392639160156
866.0, -62.0, 88.92023468017578, 149.13392639160156
862.0, -65.0, 88.92023468017578, 149.13392639160156
861.0, -67.0, 88.92023468017578, 149.13392639160156
858.0, -65.0, 88.92023468017578, 149.13392639160156
854.0, -65.0, 88.92023468017578, 149.13392639160156
851.0, -64.0, 88.92023468017578, 149.13392639160156
847.0, -59.0, 88.92023468017578, 149.13392639160156
843.0, -48.0, 88.92023468017578, 149.13392639160156
841.0, -51.0, 88.92023468017578, 149.13392639160156
838.0, -46.0, 88.92023468017578, 149.13392639160156
832.0, -38.0, 87.17669677734375, 146.20973205566406
834.0, -50.0, 87.17669677734375, 146.20973205566406
829.0, -41.0, 87.17669677734375, 146.20973205566406
825.0, -43.0, 87.17669677734375, 146.20973205566406
822.0, -47.0, 87.17669677734375, 146.20973205566406
819.0, -47.0, 87.17669677734375, 146.20973205566406
817.0, -44.0, 85.46734619140625, 143.34288024902344
814.0, -43.0, 85.46734619140625, 143.34288024902344
808.0, -39.0, 87.17668914794922, 146.20973205566406
808.0, -36.0, 87.17668914794922, 146.20973205566406
803.0, -39.0, 87.17668914794922, 146.20973205566406
797.0, -29.0, 87.17668914794922, 146.20973205566406
799.0, -21.0, 87.17668914794922, 146.20973205566406
796.0, -22.0, 87.17668914794922, 146.20973205566406
796.0, -22.0, 87.17668914794922, 146.20973205566406
791.0, -23.0, 87.17668914794922, 146.20973205566406
790.0, -25.0, 88.92022705078125, 149.13392639160156
787.0, -26.0, 88.92022705078125, 149.13392639160156
785.0, -25.0, 88.92022705078125, 149.13392639160156
786.0, -22.0, 87.17668914794922, 146.20973205566406
782.0, -19.0, 87.17668914794922, 146.20973205566406
780.0, -15.0, 87.17668914794922, 146.20973205566406
779.0, -9.0, 87.17668914794922, 146.20973205566406
778.0, -5.0, 87.17668914794922, 146.20973205566406
769.0, 1.0, 88.92022705078125, 149.13392639160156
774.0, 5.0, 88.92022705078125, 149.13392639160156
770.0, 5.0, 90.69862365722656, 152.11659240722656
767.0, 4.0, 90.69862365722656, 152.11659240722656
765.0, 2.0, 92.5125961303711, 155.15892028808594
763.0, -2.0, 92.5125961303711, 155.15892028808594
761.0, -2.0, 90.69862365722656, 152.11659240722656
761.0, -2.0, 90.69862365722656, 152.11659240722656
759.0, 2.0, 88.92022705078125, 149.13392639160156
758.0, 7.0, 87.17668914794922, 146.20973205566406
756.0, 11.0, 87.17668914794922, 146.20973205566406
754.0, 14.0, 87.17668914794922, 146.20973205566406
750.0, 18.0, 87.17668914794922, 146.20973205566406
747.0, 16.0, 88.92022705078125, 149.13392639160156
743.0, 16.0, 88.92022705078125, 149.13392639160156
741.0, 14.0, 88.92022705078125, 149.13392639160156
737.0, 11.0, 88.92022705078125, 149.13392639160156
734.0, 8.0, 87.17668914794922, 146.20973205566406
731.0, 8.0, 85.46733856201172, 143.34286499023438
728.0, 11.0, 85.46733856201172, 143.34286499023438
724.0, 13.0, 85.46733856201172, 143.34286499023438
722.0, 16.0, 85.46733856201172, 143.34286499023438
719.0, 20.0, 85.46733856201172, 143.34286499023438
715.0, 25.0, 85.46733856201172, 143.34286499023438
710.0, 31.0, 85.46733856201172, 143.34286499023438
707.0, 33.0, 87.17668151855469, 146.209716796875
705.0, 31.0, 88.92021942138672, 149.1339111328125
703.0, 31.0, 88.92021942138672, 149.1339111328125
699.0, 27.0, 88.92021942138672, 149.1339111328125
698.0, 25.0, 88.92021942138672, 149.1339111328125
696.0, 22.0, 87.17668151855469, 146.209716796875
695.0, 23.0, 83.79151153564453, 140.53221130371094
694.0, 24.0, 83.79151153564453, 140.53221130371094
691.0, 26.0, 83.79151153564453, 140.53221130371094
691.0, 29.0, 83.79151153564453, 140.53221130371094
689.0, 34.0, 82.14854431152344, 137.7766876220703
688.0, 38.0, 82.14854431152344, 137.7766876220703
681.0, 42.0, 85.46733093261719, 143.3428497314453
681.0, 42.0, 87.17667388916016, 146.20970153808594
678.0, 41.0, 85.46732330322266, 143.34283447265625
675.0, 40.0, 85.46732330322266, 143.34283447265625
672.0, 39.0, 85.46732330322266, 143.34283447265625
671.0, 38.0, 83.79149627685547, 140.53219604492188
669.0, 35.0, 82.14852905273438, 137.7766571044922
667.0, 38.0, 82.14852905273438, 137.7766571044922
663.0, 39.0, 82.14852905273438, 137.7766571044922
661.0, 42.0, 82.14852905273438, 137.7766571044922
659.0, 46.0, 82.14852905273438, 137.7766571044922
653.0, 52.0, 85.46731567382812, 143.3428192138672
650.0, 56.0, 85.46731567382812, 143.3428192138672
646.0, 56.0, 87.1766586303711, 146.2096710205078
644.0, 56.0, 87.1766586303711, 146.2096710205078
640.0, 54.0, 87.1766586303711, 146.2096710205078
638.0, 52.0, 87.1766586303711, 146.2096710205078
638.0, 50.0, 87.1766586303711, 146.2096710205078
635.0, 48.0, 85.4673080444336, 143.3428192138672
635.0, 52.0, 85.4673080444336, 143.3428192138672
633.0, 54.0, 85.4673080444336, 143.3428192138672
631.0, 57.0, 85.4673080444336, 143.3428192138672
630.0, 62.0, 85.4673080444336, 143.3428192138672
629.0, 68.0, 85.4673080444336, 143.3428192138672
626.0, 72.0, 85.4673080444336, 143.3428192138672
626.0, 75.0, 85.4673080444336, 143.3428192138672
624.0, 77.0, 85.4673080444336, 143.3428192138672
623.0, 74.0, 85.4673080444336, 143.3428192138672
623.0, 73.0, 85.4673080444336, 143.3428192138672
620.0, 72.0, 85.4673080444336, 143.3428192138672
617.0, 73.0, 85.4673080444336, 143.3428192138672
615.0, 76.0, 85.4673080444336, 143.3428192138672
613.0, 78.0, 87.17665100097656, 146.20965576171875
611.0, 82.0, 87.17665100097656, 146.20965576171875
611.0, 89.0, 85.46730041503906, 143.34280395507812
610.0, 97.0, 83.79147338867188, 140.5321502685547
609.0, 103.0, 82.14850616455078, 137.77662658691406
609.0, 103.0, 83.79147338867188, 140.5321502685547
608.0, 105.0, 83.79147338867188, 140.5321502685547
606.0, 101.0, 83.79147338867188, 140.5321502685547
606.0, 102.0, 83.79147338867188, 140.5321502685547
606.0, 101.0, 83.79147338867188, 140.5321502685547
607.0, 102.0, 83.79147338867188, 140.5321502685547
609.0, 104.0, 83.79147338867188, 140.5321502685547
611.0, 107.0, 83.79147338867188, 140.5321502685547
613.0, 113.0, 82.14850616455078, 137.77662658691406
617.0, 119.0, 82.14850616455078, 137.77662658691406
618.0, 123.0, 82.14850616455078, 137.77662658691406
621.0, 133.0, 80.53775024414062, 135.0751190185547
624.0, 134.0, 80.53775024414062, 135.0751190185547
629.0, 135.0, 82.14850616455078, 137.77662658691406
631.0, 136.0, 82.14850616455078, 137.77662658691406
634.0, 133.0, 82.14850616455078, 137.77662658691406
637.0, 135.0, 80.53775024414062, 135.0751190185547
640.0, 138.0, 78.95858001708984, 132.4265899658203
644.0, 140.0, 77.4103775024414, 129.8300018310547
649.0, 146.0, 75.89252471923828, 127.28431701660156
647.0, 149.0, 77.4103775024414, 129.8300018310547
649.0, 156.0, 78.95858001708984, 132.4265899658203
651.0, 161.0, 78.95858001708984, 132.4265899658203
653.0, 168.0, 80.53775024414062, 135.0751190185547
655.0, 174.0, 80.53775024414062, 135.0751190185547
657.0, 173.0, 83.79146575927734, 140.53213500976562
659.0, 176.0, 83.79146575927734, 140.53213500976562
659.0, 173.0, 83.79146575927734, 140.53213500976562
665.0, 173.0, 82.14849853515625, 137.776611328125
667.0, 177.0, 80.5377426147461, 135.07510375976562
670.0, 179.0, 80.5377426147461, 135.07510375976562
674.0, 183.0, 77.41036987304688, 129.82998657226562
677.0, 189.0, 77.41036987304688, 129.82998657226562
679.0, 198.0, 75.89251708984375, 127.2843017578125
680.0, 207.0, 77.41036987304688, 129.82998657226562
682.0, 211.0, 78.95857238769531, 132.42657470703125
683.0, 214.0, 78.95857238769531, 132.42657470703125
689.0, 215.0, 77.41036987304688, 129.82998657226562
695.0, 217.0, 75.89251708984375, 127.2843017578125
698.0, 220.0, 74.40442657470703, 124.78852844238281
703.0, 220.0, 74.40442657470703, 124.78852844238281
706.0, 223.0, 74.40442657470703, 124.78852844238281
710.0, 226.0, 72.94551849365234, 122.34169006347656
714.0, 229.0, 72.94551849365234, 122.34169006347656
714.0, 234.0, 74.40442657470703, 124.78852844238281
715.0, 241.0, 74.40442657470703, 124.78852844238281
715.0, 247.0, 75.89250946044922, 127.28428649902344
718.0, 253.0, 77.41036224365234, 129.82997131347656
717.0, 258.0, 78.95856475830078, 132.4265594482422
720.0, 261.0, 80.53773498535156, 135.07510375976562
724.0, 262.0, 80.53773498535156, 135.07510375976562
728.0, 264.0, 80.53773498535156, 135.07510375976562
732.0, 262.0, 80.53773498535156, 135.07510375976562
735.0, 264.0, 80.53773498535156, 135.07510375976562
738.0, 265.0, 80.53773498535156, 135.07510375976562
742.0, 268.0, 78.95856475830078, 132.4265594482422
745.0, 270.0, 77.41036224365234, 129.82997131347656
747.0, 276.0, 75.89250946044922, 127.28428649902344
750.0, 283.0, 74.4044189453125, 124.78851318359375
751.0, 288.0, 74.4044189453125, 124.78851318359375
751.0, 294.0, 74.4044189453125, 124.78851318359375
754.0, 302.0, 72.94551086425781, 122.34168243408203
757.0, 304.0, 71.51520538330078, 119.94282531738281
760.0, 303.0, 71.51520538330078, 119.94282531738281
765.0, 304.0, 70.11294555664062, 117.59100341796875
768.0, 301.0, 71.51520538330078, 119.94282531738281
770.0, 300.0, 71.51520538330078, 119.94282531738281
773.0, 301.0, 71.51520538330078, 119.94282531738281
775.0, 303.0, 71.51520538330078, 119.94282531738281
773.0, 307.0, 70.11294555664062, 117.59100341796875
775.0, 313.0, 70.11294555664062, 117.59100341796875
774.0, 317.0, 70.11294555664062, 117.59100341796875
773.0, 323.0, 70.11294555664062, 117.59100341796875
773.0, 326.0, 71.51520538330078, 119.94282531738281
775.0, 326.0, 71.51520538330078, 119.94282531738281
778.0, 325.0, 70.11294555664062, 117.59100341796875
782.0, 325.0, 70.11294555664062, 117.59100341796875
782.0, 323.0, 70.11294555664062, 117.59100341796875
784.0, 321.0, 71.51520538330078, 119.94282531738281
785.0, 321.0, 71.51520538330078, 119.94282531738281
787.0, 322.0, 71.51520538330078, 119.94282531738281
787.0, 323.0, 71.51520538330078, 119.94282531738281
787.0, 329.0, 71.51520538330078, 119.94282531738281
789.0, 332.0, 71.51520538330078, 119.94282531738281
789.0, 332.0, 71.51520538330078, 119.94282531738281
792.0, 334.0, 71.51520538330078, 119.94282531738281
794.0, 334.0, 71.51520538330078, 119.94282531738281
796.0, 335.0, 71.51520538330078, 119.94282531738281
797.0, 334.0, 71.51520538330078, 119.94282531738281
798.0, 332.0, 70.11294555664062, 117.59100341796875
799.0, 332.0, 70.11294555664062, 117.59100341796875
799.0, 333.0, 70.11294555664062, 117.59100341796875
801.0, 335.0, 70.11294555664062, 117.59100341796875
802.0, 339.0, 70.11294555664062, 117.59100341796875
804.0, 345.0, 70.11294555664062, 117.59100341796875
805.0, 349.0, 70.11294555664062, 117.59100341796875
808.0, 356.0, 70.11294555664062, 117.59100341796875
808.0, 362.0, 70.11294555664062, 117.59100341796875
812.0, 367.0, 68.7381820678711, 115.28529357910156
814.0, 369.0, 68.7381820678711, 115.28529357910156
817.0, 372.0, 68.7381820678711, 115.28529357910156
822.0, 371.0, 68.7381820678711, 115.28529357910156
824.0, 371.0, 68.7381820678711, 115.28529357910156
828.0, 376.0, 68.7381820678711, 115.28529357910156
830.0, 381.0, 68.7381820678711, 115.28529357910156
833.0, 381.0, 68.7381820678711, 115.28529357910156
838.0, 388.0, 68.7381820678711, 115.28529357910156
841.0, 394.0, 68.7381820678711, 115.28529357910156
842.0, 400.0, 68.7381820678711, 115.28529357910156
844.0, 407.0, 68.7381820678711, 115.28529357910156
847.0, 411.0, 68.7381820678711, 115.28529357910156
850.0, 416.0, 68.7381820678711, 115.28529357910156
852.0, 424.0, 68.7381820678711, 115.28529357910156
859.0, 429.0, 68.7381820678711, 115.28529357910156
862.0, 436.0, 68.7381820678711, 115.28529357910156
866.0, 442.0, 68.7381820678711, 115.28529357910156
869.0, 447.0, 70.11294555664062, 117.59100341796875
