697.0,108.0,20.0,51.0
697.0,112.0,20.0,49.0
697.0,114.0,20.0,51.0
697.0,118.0,20.0,50.0
697.0,124.0,20.0,50.0
697.0,134.0,20.0,50.0
696.0,147.0,20.0,51.0
696.0,163.0,20.0,51.0
695.0,185.0,20.0,51.0
695.0,205.0,20.0,51.0
696.0,212.0,20.0,51.0
696.0,214.0,20.0,50.0
696.0,214.0,20.0,51.0
697.0,214.0,20.0,50.0
697.0,214.0,20.0,51.0
697.0,215.0,21.0,51.0
698.0,215.0,21.0,50.0
698.0,215.0,21.0,50.0
699.0,215.0,21.0,50.0
699.0,215.0,21.0,50.0
699.0,215.0,21.0,52.0
699.0,214.0,21.0,51.0
699.0,214.0,21.0,52.0
699.0,214.0,21.0,51.0
699.0,214.0,21.0,52.0
700.0,214.0,20.0,53.0
700.0,214.0,20.0,52.0
700.0,214.0,20.0,52.0
701.0,214.0,20.0,53.0
701.0,215.0,20.0,52.0
701.0,216.0,21.0,52.0
701.0,215.0,21.0,52.0
701.0,215.0,21.0,53.0
702.0,215.0,21.0,54.0
702.0,215.0,21.0,53.0
701.0,215.0,22.0,55.0
701.0,215.0,22.0,55.0
701.0,215.0,22.0,55.0
701.0,216.0,22.0,54.0
702.0,216.0,21.0,53.0
703.0,216.0,22.0,55.0
704.0,217.0,21.0,54.0
704.0,218.0,21.0,53.0
704.0,218.0,21.0,54.0
705.0,219.0,21.0,53.0
704.0,218.0,22.0,55.0
705.0,218.0,22.0,55.0
706.0,219.0,22.0,55.0
705.0,218.0,23.0,57.0
705.0,218.0,23.0,58.0
705.0,218.0,23.0,57.0
705.0,218.0,22.0,56.0
705.0,219.0,22.0,56.0
706.0,219.0,22.0,54.0
706.0,219.0,22.0,56.0
707.0,220.0,23.0,57.0
706.0,220.0,23.0,55.0
706.0,221.0,23.0,55.0
706.0,221.0,23.0,57.0
706.0,222.0,23.0,57.0
706.0,222.0,22.0,56.0
706.0,223.0,22.0,55.0
706.0,223.0,22.0,56.0
706.0,223.0,22.0,56.0
706.0,223.0,22.0,56.0
706.0,224.0,23.0,57.0
706.0,224.0,23.0,57.0
706.0,224.0,23.0,58.0
706.0,225.0,23.0,57.0
707.0,226.0,22.0,56.0
706.0,225.0,23.0,57.0
707.0,226.0,22.0,56.0
707.0,227.0,22.0,55.0
708.0,228.0,21.0,53.0
708.0,229.0,21.0,53.0
708.0,229.0,20.0,53.0
709.0,228.0,20.0,52.0
708.0,228.0,21.0,54.0
709.0,229.0,21.0,54.0
709.0,229.0,20.0,53.0
708.0,229.0,21.0,55.0
709.0,228.0,22.0,55.0
709.0,229.0,22.0,57.0
708.0,229.0,22.0,57.0
708.0,230.0,22.0,55.0
708.0,231.0,23.0,57.0
708.0,230.0,24.0,58.0
707.0,231.0,24.0,58.0
708.0,231.0,23.0,57.0
707.0,231.0,24.0,58.0
706.0,232.0,23.0,59.0
705.0,231.0,23.0,59.0
705.0,231.0,24.0,60.0
704.0,232.0,23.0,59.0
704.0,232.0,24.0,60.0
703.0,233.0,24.0,60.0
703.0,233.0,23.0,59.0
702.0,234.0,23.0,58.0
703.0,236.0,23.0,58.0
702.0,235.0,24.0,60.0
702.0,235.0,24.0,62.0
702.0,235.0,24.0,61.0
702.0,235.0,24.0,62.0
702.0,237.0,24.0,59.0
700.0,236.0,24.0,61.0
701.0,236.0,24.0,62.0
700.0,235.0,25.0,62.0
701.0,236.0,25.0,62.0
700.0,236.0,25.0,62.0
700.0,236.0,25.0,62.0
701.0,237.0,24.0,62.0
701.0,238.0,25.0,62.0
700.0,238.0,25.0,62.0
699.0,238.0,25.0,62.0
700.0,239.0,24.0,62.0
699.0,240.0,25.0,63.0
698.0,240.0,25.0,63.0
698.0,240.0,25.0,63.0
698.0,240.0,25.0,63.0
697.0,240.0,25.0,63.0
698.0,240.0,25.0,65.0
697.0,241.0,25.0,64.0
696.0,240.0,25.0,66.0
696.0,241.0,25.0,66.0
696.0,241.0,25.0,66.0
696.0,241.0,26.0,67.0
696.0,242.0,26.0,65.0
696.0,244.0,26.0,65.0
695.0,244.0,26.0,66.0
694.0,243.0,27.0,67.0
695.0,244.0,26.0,67.0
695.0,244.0,26.0,67.0
695.0,244.0,27.0,68.0
695.0,245.0,27.0,68.0
694.0,245.0,27.0,68.0
694.0,245.0,26.0,68.0
693.0,244.0,27.0,70.0
693.0,245.0,27.0,69.0
693.0,246.0,27.0,69.0
693.0,246.0,27.0,69.0
693.0,249.0,26.0,67.0
691.0,249.0,27.0,69.0
691.0,250.0,27.0,69.0
690.0,251.0,27.0,69.0
690.0,251.0,27.0,69.0
689.0,251.0,28.0,71.0
689.0,253.0,28.0,70.0
688.0,252.0,28.0,71.0
687.0,254.0,28.0,70.0
172.0,64.0,5.0,16.0
686.0,252.0,26.0,78.0
685.0,253.0,26.0,78.0
684.0,253.0,26.0,80.0
684.0,255.0,26.0,78.0
683.0,256.0,26.0,79.0
682.0,257.0,26.0,80.0
681.0,258.0,26.0,80.0
680.0,259.0,26.0,81.0
680.0,261.0,26.0,79.0
680.0,262.0,26.0,79.0
678.0,262.0,28.0,82.0
677.0,262.0,28.0,83.0
677.0,263.0,28.0,82.0
676.0,265.0,28.0,82.0
675.0,266.0,28.0,82.0
674.0,267.0,28.0,84.0
675.0,270.0,28.0,81.0
675.0,271.0,27.0,80.0
674.0,272.0,27.0,80.0
671.0,275.0,28.0,81.0
671.0,276.0,28.0,82.0
670.0,277.0,28.0,81.0
668.0,280.0,28.0,82.0
668.0,281.0,28.0,82.0
668.0,283.0,29.0,82.0
668.0,285.0,28.0,80.0
665.0,285.0,29.0,85.0
665.0,287.0,29.0,86.0
666.0,289.0,29.0,84.0
664.0,291.0,30.0,87.0
664.0,291.0,31.0,90.0
664.0,294.0,30.0,88.0
662.0,297.0,31.0,91.0
663.0,299.0,30.0,88.0
661.0,302.0,31.0,91.0
661.0,304.0,30.0,92.0
660.0,306.0,30.0,90.0
661.0,312.0,29.0,86.0
659.0,312.0,29.0,88.0
658.0,313.0,30.0,90.0
656.0,314.0,31.0,96.0
654.0,315.0,33.0,98.0
654.0,317.0,33.0,99.0
653.0,320.0,32.0,97.0
650.0,323.0,32.0,96.0
650.0,324.0,34.0,101.0
649.0,323.0,35.0,106.0
648.0,329.0,34.0,101.0
645.0,332.0,33.0,100.0
645.0,334.0,32.0,99.0
641.0,336.0,35.0,102.0
641.0,338.0,34.0,99.0
637.0,341.0,35.0,100.0
638.0,342.0,34.0,99.0
635.0,344.0,35.0,102.0
635.0,345.0,34.0,103.0
634.0,346.0,34.0,103.0
630.0,348.0,35.0,107.0
632.0,351.0,35.0,103.0
629.0,354.0,35.0,107.0
630.0,356.0,35.0,103.0
628.0,358.0,35.0,107.0
628.0,360.0,35.0,104.0
626.0,363.0,35.0,107.0
626.0,365.0,35.0,107.0
626.0,367.0,35.0,105.0
625.0,369.0,36.0,107.0
625.0,370.0,36.0,108.0
624.0,372.0,35.0,106.0
624.0,373.0,36.0,108.0
624.0,375.0,35.0,107.0
623.0,377.0,35.0,107.0
624.0,379.0,34.0,104.0
623.0,381.0,34.0,104.0
621.0,382.0,35.0,107.0
621.0,383.0,34.0,106.0
617.0,384.0,36.0,109.0
618.0,384.0,36.0,111.0
615.0,383.0,38.0,116.0
613.0,387.0,37.0,115.0
613.0,388.0,37.0,111.0
612.0,390.0,36.0,108.0
611.0,391.0,36.0,108.0
608.0,391.0,37.0,109.0
609.0,392.0,37.0,111.0
607.0,393.0,36.0,108.0
605.0,394.0,36.0,108.0
605.0,395.0,36.0,108.0
603.0,395.0,37.0,111.0
603.0,396.0,37.0,110.0
603.0,398.0,36.0,112.0
602.0,398.0,36.0,110.0
602.0,399.0,36.0,112.0
601.0,399.0,36.0,110.0
600.0,400.0,36.0,111.0
599.0,400.0,36.0,111.0
597.0,400.0,36.0,111.0
596.0,399.0,36.0,111.0
597.0,400.0,36.0,110.0
596.0,401.0,36.0,110.0
594.0,399.0,37.0,111.0
593.0,401.0,36.0,108.0
592.0,401.0,36.0,108.0
591.0,401.0,36.0,108.0
590.0,402.0,36.0,108.0
589.0,402.0,37.0,109.0
587.0,401.0,37.0,110.0
587.0,401.0,37.0,110.0
587.0,401.0,37.0,111.0
586.0,401.0,37.0,110.0
587.0,400.0,38.0,111.0
588.0,399.0,38.0,110.0
589.0,398.0,39.0,113.0
591.0,397.0,39.0,113.0
592.0,397.0,38.0,111.0
592.0,397.0,38.0,115.0
593.0,397.0,38.0,115.0
593.0,398.0,38.0,113.0
592.0,397.0,38.0,113.0
592.0,397.0,38.0,113.0
592.0,397.0,37.0,112.0
591.0,398.0,37.0,110.0
591.0,396.0,37.0,112.0
590.0,395.0,37.0,111.0
590.0,393.0,37.0,114.0
591.0,391.0,38.0,115.0
593.0,390.0,37.0,113.0
596.0,390.0,36.0,111.0
601.0,390.0,36.0,109.0
606.0,389.0,36.0,111.0
611.0,389.0,37.0,111.0
616.0,388.0,37.0,110.0
622.0,388.0,37.0,109.0
629.0,388.0,37.0,107.0
635.0,388.0,37.0,107.0
642.0,387.0,37.0,108.0
649.0,386.0,36.0,106.0
656.0,384.0,38.0,110.0
660.0,382.0,38.0,110.0
665.0,382.0,37.0,108.0
667.0,381.0,36.0,108.0
671.0,380.0,36.0,108.0
673.0,379.0,36.0,108.0
675.0,378.0,37.0,110.0
677.0,377.0,37.0,111.0
679.0,377.0,36.0,110.0
680.0,376.0,36.0,110.0
681.0,375.0,36.0,111.0
682.0,375.0,36.0,108.0
171.0,94.0,8.0,26.0
682.0,366.0,40.0,127.0
687.0,364.0,41.0,129.0
690.0,363.0,41.0,129.0
695.0,362.0,41.0,129.0
698.0,360.0,41.0,129.0
700.0,358.0,40.0,129.0
702.0,358.0,40.0,129.0
703.0,357.0,40.0,129.0
703.0,355.0,41.0,130.0
703.0,354.0,41.0,130.0
703.0,353.0,41.0,131.0
705.0,353.0,40.0,129.0
704.0,351.0,41.0,131.0
703.0,350.0,40.0,130.0
704.0,348.0,41.0,132.0
704.0,348.0,42.0,132.0
704.0,344.0,43.0,136.0
704.0,343.0,43.0,136.0
706.0,342.0,42.0,134.0
706.0,340.0,43.0,136.0
707.0,339.0,42.0,136.0
706.0,338.0,42.0,136.0
707.0,336.0,41.0,134.0
706.0,335.0,42.0,136.0
707.0,334.0,41.0,134.0
706.0,332.0,43.0,139.0
707.0,331.0,42.0,137.0
707.0,329.0,42.0,137.0
706.0,328.0,42.0,137.0
707.0,327.0,42.0,136.0
708.0,325.0,42.0,136.0
708.0,323.0,42.0,136.0
707.0,321.0,43.0,138.0
707.0,320.0,43.0,138.0
708.0,318.0,43.0,138.0
708.0,318.0,42.0,136.0
707.0,317.0,42.0,136.0
706.0,315.0,42.0,136.0
706.0,317.0,42.0,131.0
705.0,315.0,42.0,134.0
705.0,315.0,42.0,133.0
704.0,313.0,42.0,133.0
704.0,312.0,42.0,131.0
704.0,312.0,41.0,129.0
703.0,310.0,41.0,129.0
702.0,307.0,42.0,131.0
703.0,307.0,41.0,129.0
702.0,305.0,42.0,131.0
702.0,304.0,42.0,131.0
701.0,303.0,42.0,131.0
701.0,302.0,42.0,131.0
701.0,302.0,42.0,131.0
701.0,302.0,42.0,131.0
701.0,300.0,42.0,133.0
701.0,301.0,41.0,129.0
701.0,300.0,41.0,130.0
701.0,298.0,41.0,130.0
700.0,297.0,42.0,131.0
701.0,296.0,42.0,131.0
701.0,294.0,42.0,134.0
702.0,292.0,42.0,135.0
702.0,293.0,41.0,130.0
702.0,291.0,41.0,133.0
702.0,291.0,41.0,133.0
701.0,289.0,42.0,135.0
701.0,288.0,41.0,134.0
701.0,287.0,42.0,136.0
700.0,288.0,41.0,131.0
700.0,287.0,41.0,133.0
700.0,288.0,41.0,131.0
700.0,286.0,41.0,133.0
704.0,287.0,41.0,128.0
706.0,286.0,40.0,128.0
711.0,285.0,40.0,128.0
717.0,283.0,41.0,130.0
725.0,283.0,41.0,133.0
733.0,283.0,41.0,131.0
745.0,283.0,41.0,131.0
758.0,282.0,41.0,133.0
776.0,284.0,41.0,131.0
798.0,285.0,41.0,130.0
822.0,287.0,41.0,130.0
850.0,290.0,40.0,127.0
879.0,292.0,41.0,128.0
909.0,295.0,40.0,128.0
941.0,299.0,40.0,128.0
971.0,303.0,40.0,127.0
1003.0,308.0,39.0,126.0
1034.0,310.0,41.0,129.0
1066.0,316.0,41.0,130.0
1097.0,322.0,41.0,127.0
1127.0,328.0,41.0,127.0
1158.0,336.0,41.0,127.0
1189.0,343.0,41.0,126.0
1219.0,351.0,40.0,126.0
