650.0,559.0,42.0,70.0
652.0,557.0,42.0,70.0
654.0,555.0,42.0,70.0
656.0,553.0,42.0,70.0
659.0,549.0,42.0,70.0
660.0,545.0,42.0,70.0
663.0,542.0,42.0,70.0
664.0,538.0,42.0,70.0
667.0,535.0,42.0,70.0
668.0,530.0,42.0,70.0
670.0,525.0,42.0,70.0
672.0,520.0,42.0,70.0
674.0,515.0,42.0,70.0
676.0,510.0,42.0,70.0
678.0,504.0,42.0,70.0
680.0,498.0,42.0,70.0
683.0,492.0,42.0,70.0
685.0,487.0,42.0,69.0
687.0,481.0,41.0,69.0
87.0,60.0,4.0,6.0
87.0,59.0,4.0,6.0
87.0,58.0,4.0,6.0
87.0,58.0,4.0,6.0
87.0,58.0,4.0,6.0
88.0,58.0,4.0,6.0
88.0,58.0,4.0,6.0
88.0,58.0,4.0,6.0
88.0,58.0,4.0,6.0
89.0,58.0,4.0,6.0
89.0,58.0,4.0,6.0
89.0,58.0,4.0,6.0
90.0,58.0,4.0,6.0
90.0,58.0,4.0,6.0
90.0,58.0,4.0,6.0
90.0,58.0,4.0,6.0
91.0,58.0,4.0,6.0
91.0,58.0,4.0,6.0
91.0,58.0,4.0,6.0
91.0,58.0,4.0,6.0
92.0,58.0,4.0,6.0
92.0,58.0,4.0,6.0
92.0,59.0,4.0,6.0
93.0,59.0,4.0,6.0
93.0,59.0,4.0,6.0
93.0,59.0,4.0,6.0
93.0,59.0,4.0,7.0
94.0,59.0,4.0,7.0
94.0,59.0,4.0,7.0
94.0,59.0,4.0,7.0
94.0,59.0,4.0,7.0
95.0,60.0,4.0,7.0
95.0,60.0,4.0,7.0
95.0,60.0,4.0,7.0
95.0,60.0,4.0,7.0
95.0,60.0,4.0,7.0
96.0,60.0,4.0,7.0
96.0,60.0,4.0,7.0
96.0,60.0,4.0,7.0
96.0,60.0,4.0,7.0
96.0,60.0,4.0,7.0
97.0,60.0,4.0,7.0
97.0,61.0,4.0,7.0
97.0,61.0,4.0,7.0
97.0,61.0,4.0,7.0
98.0,61.0,4.0,7.0
98.0,61.0,4.0,7.0
98.0,61.0,4.0,7.0
98.0,61.0,4.0,7.0
98.0,61.0,4.0,7.0
98.0,61.0,4.0,8.0
98.0,62.0,4.0,8.0
98.0,62.0,4.0,8.0
98.0,62.0,4.0,8.0
99.0,62.0,4.0,8.0
99.0,62.0,4.0,8.0
99.0,62.0,4.0,8.0
100.0,62.0,4.0,8.0
100.0,62.0,4.0,8.0
100.0,63.0,4.0,8.0
101.0,63.0,4.0,8.0
101.0,63.0,4.0,8.0
101.0,63.0,4.0,8.0
102.0,63.0,4.0,8.0
102.0,64.0,4.0,8.0
102.0,64.0,4.0,8.0
103.0,64.0,4.0,8.0
103.0,64.0,4.0,8.0
103.0,64.0,4.0,8.0
104.0,64.0,4.0,8.0
104.0,64.0,4.0,8.0
104.0,65.0,4.0,8.0
105.0,65.0,4.0,8.0
105.0,65.0,4.0,8.0
105.0,65.0,4.0,8.0
106.0,65.0,4.0,8.0
106.0,65.0,4.0,8.0
106.0,65.0,4.0,8.0
106.0,66.0,4.0,8.0
106.0,66.0,4.0,8.0
106.0,66.0,4.0,8.0
107.0,66.0,4.0,8.0
107.0,66.0,4.0,8.0
107.0,66.0,4.0,8.0
107.0,67.0,4.0,8.0
107.0,67.0,4.0,8.0
108.0,67.0,4.0,8.0
108.0,67.0,4.0,8.0
108.0,67.0,4.0,8.0
108.0,67.0,4.0,8.0
108.0,68.0,4.0,8.0
108.0,68.0,4.0,8.0
109.0,68.0,4.0,8.0
109.0,68.0,4.0,8.0
109.0,68.0,4.0,8.0
109.0,69.0,4.0,8.0
109.0,69.0,4.0,8.0
110.0,69.0,4.0,8.0
110.0,69.0,4.0,8.0
110.0,69.0,4.0,8.0
110.0,69.0,4.0,8.0
111.0,70.0,4.0,8.0
111.0,70.0,4.0,8.0
111.0,70.0,4.0,8.0
111.0,70.0,4.0,8.0
112.0,70.0,4.0,8.0
112.0,70.0,4.0,8.0
112.0,70.0,4.0,8.0
113.0,71.0,4.0,8.0
113.0,71.0,4.0,8.0
113.0,71.0,4.0,8.0
113.0,71.0,4.0,8.0
114.0,71.0,4.0,8.0
114.0,72.0,4.0,8.0
114.0,72.0,4.0,8.0
114.0,72.0,4.0,8.0
115.0,72.0,4.0,8.0
115.0,72.0,4.0,8.0
115.0,72.0,4.0,8.0
115.0,73.0,4.0,8.0
116.0,73.0,4.0,8.0
116.0,73.0,4.0,8.0
116.0,73.0,4.0,8.0
116.0,73.0,4.0,8.0
117.0,73.0,4.0,8.0
117.0,74.0,4.0,8.0
117.0,74.0,4.0,8.0
118.0,74.0,4.0,8.0
118.0,74.0,4.0,8.0
118.0,74.0,4.0,8.0
118.0,74.0,4.0,8.0
119.0,74.0,4.0,8.0
119.0,74.0,4.0,8.0
119.0,75.0,4.0,8.0
120.0,75.0,4.0,8.0
120.0,75.0,4.0,8.0
120.0,75.0,4.0,8.0
120.0,75.0,4.0,8.0
120.0,75.0,4.0,8.0
120.0,76.0,4.0,8.0
121.0,76.0,4.0,8.0
121.0,76.0,4.0,8.0
121.0,76.0,4.0,8.0
121.0,76.0,4.0,8.0
121.0,76.0,4.0,8.0
121.0,76.0,4.0,8.0
122.0,77.0,4.0,8.0
122.0,77.0,4.0,8.0
122.0,77.0,4.0,8.0
122.0,77.0,4.0,8.0
122.0,77.0,4.0,8.0
123.0,77.0,4.0,8.0
123.0,77.0,4.0,8.0
123.0,78.0,4.0,8.0
123.0,78.0,4.0,8.0
123.0,78.0,4.0,8.0
123.0,78.0,4.0,8.0
124.0,78.0,4.0,8.0
124.0,78.0,4.0,8.0
124.0,78.0,4.0,8.0
124.0,78.0,4.0,8.0
124.0,79.0,4.0,8.0
124.0,79.0,4.0,8.0
125.0,79.0,4.0,8.0
125.0,79.0,4.0,8.0
125.0,79.0,4.0,8.0
125.0,79.0,4.0,8.0
125.0,79.0,4.0,8.0
126.0,79.0,4.0,8.0
126.0,80.0,4.0,8.0
126.0,80.0,4.0,8.0
126.0,80.0,4.0,8.0
127.0,80.0,4.0,8.0
127.0,80.0,4.0,8.0
127.0,80.0,4.0,8.0
127.0,80.0,4.0,8.0
128.0,80.0,4.0,8.0
128.0,81.0,4.0,8.0
128.0,81.0,4.0,8.0
128.0,81.0,4.0,8.0
129.0,81.0,4.0,8.0
129.0,81.0,4.0,8.0
129.0,81.0,4.0,8.0
130.0,81.0,4.0,8.0
130.0,82.0,4.0,8.0
130.0,82.0,4.0,8.0
131.0,82.0,4.0,8.0
131.0,82.0,4.0,8.0
131.0,82.0,4.0,8.0
132.0,82.0,4.0,8.0
132.0,82.0,4.0,8.0
132.0,82.0,4.0,8.0
132.0,83.0,4.0,8.0
133.0,83.0,4.0,8.0
133.0,83.0,4.0,8.0
133.0,83.0,4.0,8.0
133.0,83.0,4.0,8.0
134.0,83.0,4.0,8.0
134.0,83.0,4.0,8.0
134.0,83.0,4.0,8.0
134.0,83.0,4.0,8.0
135.0,83.0,4.0,8.0
135.0,83.0,4.0,8.0
135.0,83.0,4.0,8.0
135.0,83.0,4.0,8.0
135.0,83.0,4.0,8.0
136.0,84.0,4.0,8.0
136.0,84.0,4.0,8.0
136.0,84.0,4.0,8.0
136.0,84.0,4.0,8.0
137.0,84.0,4.0,8.0
137.0,84.0,4.0,8.0
137.0,84.0,4.0,8.0
137.0,84.0,4.0,8.0
137.0,84.0,4.0,8.0
137.0,85.0,4.0,8.0
137.0,85.0,4.0,8.0
138.0,85.0,4.0,8.0
138.0,85.0,4.0,8.0
138.0,85.0,4.0,8.0
138.0,85.0,4.0,8.0
138.0,85.0,4.0,8.0
138.0,85.0,4.0,8.0
138.0,86.0,4.0,8.0
139.0,86.0,4.0,8.0
139.0,86.0,4.0,8.0
139.0,86.0,4.0,8.0
139.0,86.0,4.0,8.0
140.0,86.0,4.0,8.0
140.0,86.0,4.0,8.0
140.0,87.0,4.0,8.0
141.0,87.0,4.0,8.0
141.0,87.0,4.0,8.0
141.0,87.0,4.0,8.0
141.0,87.0,4.0,8.0
142.0,87.0,4.0,8.0
142.0,87.0,4.0,8.0
142.0,87.0,4.0,8.0
143.0,88.0,4.0,8.0
143.0,88.0,4.0,8.0
143.0,88.0,4.0,8.0
144.0,88.0,4.0,8.0
144.0,88.0,4.0,8.0
144.0,88.0,4.0,8.0
144.0,88.0,4.0,8.0
145.0,89.0,4.0,8.0
145.0,89.0,4.0,8.0
145.0,89.0,4.0,8.0
146.0,89.0,4.0,8.0
146.0,89.0,4.0,8.0
146.0,89.0,4.0,8.0
147.0,89.0,4.0,8.0
147.0,90.0,4.0,8.0
147.0,90.0,4.0,8.0
147.0,90.0,4.0,8.0
148.0,90.0,4.0,8.0
148.0,90.0,4.0,8.0
148.0,90.0,4.0,8.0
148.0,90.0,4.0,8.0
149.0,90.0,4.0,8.0
149.0,90.0,4.0,8.0
149.0,91.0,4.0,8.0
149.0,91.0,4.0,8.0
150.0,91.0,4.0,8.0
150.0,91.0,4.0,8.0
150.0,91.0,4.0,8.0
150.0,91.0,4.0,8.0
151.0,91.0,4.0,8.0
151.0,91.0,4.0,8.0
151.0,91.0,4.0,8.0
