747, 219, 93, 166
751, 221, 89, 159
753, 224, 85, 152
756, 228, 82, 147
757, 231, 79, 143
758, 231, 77, 139
761, 233, 76, 136
762, 234, 74, 132
763, 231, 72, 127
764, 232, 70, 123
766, 231, 68, 118
767, 231, 66, 114
767, 229, 65, 111
769, 226, 64, 109
769, 226, 63, 108
769, 223, 62, 106
772, 218, 61, 104
773, 223, 60, 103
775, 219, 60, 103
776, 213, 60, 103
778, 214, 61, 104
778, 210, 61, 104
779, 208, 60, 103
781, 206, 60, 103
782, 204, 60, 103
782, 202, 60, 103
784, 201, 60, 103
784, 199, 60, 103
785, 198, 60, 103
786, 199, 60, 103
786, 200, 60, 104
788, 197, 60, 103
788, 199, 60, 104
789, 193, 60, 103
790, 192, 60, 103
790, 192, 60, 103
791, 191, 60, 103
792, 183, 60, 102
792, 181, 60, 101
793, 179, 60, 101
794, 180, 61, 102
794, 179, 62, 102
795, 178, 63, 103
795, 177, 64, 104
796, 177, 64, 105
796, 176, 64, 106
797, 172, 64, 107
798, 169, 64, 107
798, 167, 64, 107
799, 167, 64, 107
798, 165, 64, 107
798, 165, 63, 106
798, 164, 63, 105
797, 161, 63, 104
796, 163, 63, 105
795, 159, 63, 105
793, 161, 63, 105
791, 158, 63, 105
789, 155, 63, 105
788, 154, 63, 107
787, 150, 63, 109
785, 148, 63, 111
783, 145, 63, 114
782, 141, 63, 116
781, 142, 63, 118
779, 139, 63, 120
778, 140, 61, 119
778, 136, 60, 118
777, 137, 59, 117
776, 136, 57, 116
776, 133, 57, 116
775, 135, 55, 114
774, 135, 55, 115
774, 134, 56, 118
773, 134, 56, 120
772, 133, 57, 123
771, 131, 57, 126
772, 133, 56, 127
772, 131, 55, 129
774, 131, 55, 130
774, 131, 55, 132
774, 130, 54, 133
775, 128, 54, 134
775, 126, 54, 135
776, 124, 54, 137
776, 123, 54, 138
778, 121, 54, 137
779, 123, 54, 138
779, 120, 54, 138
781, 118, 53, 136
783, 120, 52, 135
784, 118, 52, 135
785, 118, 51, 134
786, 120, 51, 134
787, 118, 51, 134
788, 121, 51, 134
789, 119, 51, 135
789, 122, 52, 138
789, 119, 53, 140
789, 122, 53, 140
790, 122, 53, 140
789, 125, 54, 143
790, 125, 53, 142
789, 127, 53, 143
789, 128, 52, 141
789, 131, 51, 141
788, 133, 50, 140
789, 130, 50, 140
789, 132, 49, 140
789, 132, 48, 139
788, 134, 48, 138
788, 131, 47, 136
788, 132, 47, 137
788, 128, 47, 136
787, 129, 46, 134
786, 129, 46, 133
784, 131, 46, 134
783, 130, 46, 134
781, 130, 46, 134
779, 128, 47, 135
775, 128, 49, 138
773, 128, 50, 140
770, 124, 51, 142
768, 120, 52, 146
765, 124, 53, 150
763, 120, 54, 153
761, 120, 54, 153
759, 121, 54, 153
757, 123, 54, 152
754, 123, 54, 154
751, 122, 54, 156
749, 125, 54, 156
748, 123, 54, 155
746, 121, 54, 155
745, 117, 53, 152
746, 122, 52, 151
744, 117, 51, 149
745, 119, 51, 149
744, 118, 50, 146
744, 116, 49, 142
745, 116, 48, 138
747, 119, 47, 137
747, 121, 47, 137
748, 124, 47, 138
748, 124, 47, 139
748, 127, 47, 141
748, 123, 47, 142
748, 127, 48, 145
748, 126, 48, 144
747, 130, 48, 146
747, 128, 48, 145
747, 127, 48, 146
747, 129, 49, 149
747, 129, 49, 148
747, 129, 49, 149
747, 131, 49, 150
747, 128, 49, 150
747, 127, 49, 151
748, 126, 49, 152
748, 126, 49, 153
748, 126, 48, 151
749, 125, 48, 152
749, 125, 48, 151
749, 125, 48, 151
750, 127, 47, 150
751, 126, 46, 148
751, 126, 46, 146
752, 132, 47, 149
753, 129, 47, 150
752, 133, 46, 147
754, 132, 46, 147
755, 135, 46, 148
754, 137, 47, 152
755, 137, 47, 154
755, 138, 47, 153
755, 139, 47, 152
755, 140, 47, 152
754, 138, 47, 152
754, 143, 47, 154
753, 140, 47, 153
752, 142, 46, 151
751, 142, 46, 150
750, 140, 46, 149
749, 142, 46, 148
748, 138, 45, 144
747, 138, 44, 141
746, 137, 43, 137
746, 138, 42, 134
745, 140, 41, 131
743, 143, 41, 131
740, 144, 41, 131
736, 148, 42, 133
732, 146, 43, 136
729, 147, 43, 137
725, 148, 43, 139
722, 148, 43, 140
719, 149, 43, 139
715, 150, 43, 139
711, 151, 43, 139
708, 151, 43, 139
705, 151, 43, 139
702, 150, 43, 140
699, 149, 44, 142
696, 146, 44, 141
693, 145, 44, 142
691, 145, 44, 140
689, 146, 44, 137
687, 146, 44, 134
685, 146, 45, 135
684, 145, 45, 134
683, 142, 45, 132
684, 142, 45, 132
684, 142, 45, 130
684, 142, 45, 129
684, 142, 45, 129
684, 141, 45, 128
684, 143, 45, 129
684, 142, 46, 132
683, 140, 46, 133
683, 139, 46, 135
683, 138, 46, 136
684, 138, 46, 137
684, 135, 46, 138
685, 137, 46, 140
685, 133, 46, 139
686, 133, 46, 139
687, 132, 46, 140
688, 133, 45, 139
688, 131, 44, 138
689, 132, 44, 139
690, 129, 43, 137
691, 129, 42, 133
691, 129, 41, 132
692, 126, 40, 129
692, 127, 40, 129
691, 131, 40, 129
689, 130, 41, 131
687, 131, 41, 132
685, 131, 41, 132
683, 132, 41, 132
682, 134, 41, 132
679, 131, 41, 130
678, 134, 41, 130
676, 131, 41, 129
673, 133, 41, 128
671, 131, 41, 127
669, 131, 41, 126
668, 130, 41, 126
666, 126, 42, 127
664, 128, 42, 127
662, 124, 43, 128
661, 121, 44, 129
660, 125, 43, 126
659, 122, 43, 124
658, 122, 43, 123
658, 118, 43, 123
657, 119, 43, 124
655, 114, 43, 123
656, 113, 43, 125
657, 111, 43, 127
656, 110, 43, 127
658, 108, 43, 128
659, 107, 43, 130
659, 106, 43, 131
660, 106, 43, 132
661, 104, 43, 132
662, 105, 43, 132
663, 103, 43, 131
664, 102, 43, 132
666, 100, 43, 131
667, 104, 43, 132
668, 101, 43, 131
670, 100, 43, 132
672, 99, 43, 132
673, 100, 42, 131
674, 100, 41, 130
676, 100, 40, 129
679, 97, 39, 128
681, 96, 39, 130
683, 96, 39, 132
685, 94, 38, 131
686, 95, 39, 134
688, 96, 39, 133
690, 98, 39, 133
691, 101, 39, 133
692, 100, 40, 134
693, 100, 40, 134
694, 99, 40, 134
696, 100, 40, 133
697, 101, 40, 131
698, 101, 40, 130
699, 103, 40, 129
700, 104, 40, 129
701, 105, 40, 128
701, 101, 40, 127
701, 102, 41, 129
702, 99, 41, 128
702, 98, 41, 129
702, 95, 41, 130
702, 94, 41, 129
702, 94, 40, 127
703, 91, 40, 126
703, 92, 39, 125
703, 88, 39, 125
702, 85, 40, 127
704, 83, 40, 128
705, 82, 40, 129
706, 80, 40, 131
706, 85, 40, 133
705, 82, 40, 134
705, 82, 40, 134
706, 82, 40, 135
706, 85, 39, 135
707, 80, 38, 133
708, 84, 38, 133
707, 81, 38, 135
708, 80, 38, 135
708, 82, 38, 135
708, 79, 38, 134
708, 85, 37, 133
708, 84, 37, 133
709, 82, 37, 134
710, 81, 36, 130
710, 83, 35, 125
711, 83, 34, 121
712, 83, 33, 117
712, 87, 33, 116
712, 87, 33, 116
712, 87, 33, 117
712, 88, 33, 119
711, 91, 33, 121
713, 91, 34, 125
711, 92, 35, 128
709, 92, 36, 130
709, 94, 36, 131
709, 97, 37, 133
709, 97, 37, 134
709, 97, 37, 135
708, 100, 37, 134
706, 100, 37, 135
705, 102, 38, 138
704, 98, 39, 141
703, 100, 39, 142
702, 97, 40, 145
702, 104, 39, 143
702, 98, 41, 149
701, 101, 42, 152
700, 99, 42, 153
701, 100, 43, 155
700, 100, 44, 157
700, 96, 45, 160
699, 99, 45, 161
702, 100, 46, 163
700, 103, 46, 162
699, 103, 48, 167
700, 105, 49, 169
697, 107, 50, 171
699, 109, 49, 168
699, 109, 49, 167
699, 110, 49, 167
698, 111, 49, 166
696, 110, 49, 167
697, 113, 49, 167
697, 105, 49, 168
695, 105, 49, 166
694, 105, 48, 162
692, 110, 46, 156
692, 113, 45, 152
689, 107, 44, 150
688, 109, 42, 145
686, 114, 41, 142
681, 109, 41, 142
680, 110, 40, 137
678, 118, 39, 133
675, 117, 38, 132
672, 117, 38, 133
668, 117, 38, 134
665, 119, 38, 133
661, 117, 38, 133
658, 123, 37, 129
654, 124, 37, 127
650, 126, 36, 124
648, 127, 35, 119
646, 133, 34, 116
642, 133, 34, 115
639, 134, 34, 115
635, 135, 35, 116
630, 133, 36, 117
627, 139, 37, 118
623, 140, 37, 118
619, 143, 38, 119
616, 145, 39, 119
614, 145, 40, 119
610, 140, 41, 120
605, 137, 41, 120
603, 136, 40, 117
601, 136, 40, 116
600, 139, 39, 115
600, 137, 39, 115
600, 138, 39, 113
600, 139, 39, 112
599, 142, 38, 109
599, 141, 38, 109
599, 148, 37, 107
600, 146, 37, 105
599, 147, 37, 104
600, 149, 37, 102
600, 151, 37, 101
600, 152, 37, 100
601, 149, 37, 99
603, 149, 37, 97
604, 149, 36, 94
605, 150, 35, 92
606, 151, 35, 90
608, 153, 35, 89
608, 155, 35, 87
609, 159, 34, 85
609, 164, 33, 82
612, 166, 32, 80
613, 171, 32, 80
614, 171, 32, 79
615, 173, 32, 78
616, 176, 32, 77
617, 177, 32, 75
618, 178, 32, 75
618, 180, 32, 75
619, 178, 31, 73
619, 177, 31, 72
620, 176, 31, 71
621, 176, 31, 70
621, 177, 31, 69
621, 179, 31, 69
621, 180, 31, 69
621, 180, 31, 68
622, 179, 30, 66
623, 177, 30, 65
624, 180, 29, 64
624, 180, 28, 63
625, 184, 27, 61
625, 185, 27, 59
626, 184, 27, 58
628, 185, 27, 58
629, 187, 27, 58
629, 188, 27, 59
630, 189, 27, 59
632, 189, 26, 58
633, 191, 26, 57
633, 194, 25, 56
635, 195, 23, 53
635, 197, 21, 50
636, 197, 20, 48
637, 195, 19, 45
638, 193, 17, 42
638, 191, 16, 39
640, 186, 16, 38
642, 187, 16, 37
643, 187, 16, 36
645, 187, 16, 36
647, 187, 16, 36
649, 187, 16, 36
651, 187, 16, 36
654, 187, 16, 35
656, 187, 16, 34
657, 189, 16, 33
660, 190, 16, 32
661, 190, 16, 31
663, 190, 16, 30
665, 192, 16, 29
665, 192, 16, 28
667, 192, 15, 27
668, 194, 15, 26
669, 195, 15, 26
669, 196, 15, 26
670, 196, 15, 25
671, 196, 15, 25
670, 197, 15, 25
671, 198, 15, 25
670, 197, 15, 25
670, 198, 15, 25
670, 197, 15, 25
669, 198, 15, 25
667, 197, 15, 25
667, 197, 15, 24
666, 198, 15, 24
666, 197, 15, 24
664, 198, 15, 24
663, 198, 15, 24
660, 198, 15, 24
659, 198, 15, 23
656, 199, 15, 23
654, 198, 15, 23
652, 199, 15, 23
650, 199, 15, 23
648, 199, 15, 23
646, 199, 15, 23
643, 199, 15, 23
640, 199, 14, 23
638, 198, 14, 23
636, 198, 14, 23
634, 198, 14, 23
632, 197, 14, 23
630, 196, 14, 24
628, 195, 14, 24
627, 193, 14, 23
627, 192, 14, 23
627, 193, 14, 23
627, 193, 14, 23
627, 192, 14, 23
628, 193, 14, 23
629, 192, 14, 23
630, 193, 14, 23
631, 193, 14, 23
633, 193, 14, 23
636, 193, 14, 23
637, 192, 14, 23
640, 193, 14, 23
641, 193, 14, 23
644, 193, 14, 23
645, 193, 14, 23
648, 194, 14, 23
649, 194, 14, 23
651, 194, 14, 23
653, 194, 14, 23
655, 194, 14, 23
657, 193, 14, 23
659, 192, 14, 22
661, 192, 14, 21
663, 192, 14, 21
665, 192, 14, 21
667, 192, 14, 21
668, 192, 14, 21
669, 192, 14, 21
670, 192, 14, 21
671, 192, 14, 21
672, 192, 14, 21
672, 192, 14, 21
672, 192, 14, 21
672, 191, 14, 21
672, 192, 14, 21
671, 191, 14, 21
671, 192, 14, 21
671, 191, 14, 21
670, 191, 14, 21
670, 191, 14, 21
669, 191, 14, 21
669, 191, 14, 21
668, 190, 14, 21
668, 189, 14, 21
667, 189, 14, 21
667, 188, 14, 21
666, 187, 14, 21
666, 187, 14, 22
666, 186, 14, 22
666, 186, 14, 22
666, 186, 14, 22
665, 185, 14, 22
665, 185, 14, 22
664, 185, 14, 22
664, 185, 14, 22
664, 185, 14, 22
663, 185, 14, 22
662, 184, 14, 22
661, 185, 14, 23
660, 184, 14, 23
658, 185, 14, 23
657, 184, 14, 24
656, 184, 14, 24
655, 184, 14, 24
654, 184, 14, 24
652, 183, 14, 24
651, 183, 14, 24
649, 183, 14, 24
648, 182, 14, 24
648, 181, 14, 24
647, 181, 14, 24
646, 181, 14, 24
646, 180, 14, 24
645, 179, 14, 24
645, 179, 14, 24
645, 178, 14, 24
645, 178, 14, 24
645, 177, 14, 24
645, 177, 14, 24
645, 177, 14, 24
645, 176, 14, 24
645, 176, 14, 24
645, 175, 14, 24
645, 175, 14, 24
645, 175, 14, 24
645, 174, 14, 24
645, 174, 14, 24
645, 173, 14, 24
645, 173, 14, 25
645, 171, 14, 25
645, 171, 14, 26
645, 168, 14, 27
645, 167, 14, 28
645, 166, 15, 29
644, 164, 15, 30
644, 164, 15, 31
644, 163, 15, 32
644, 162, 16, 33
643, 161, 16, 34
643, 160, 16, 34
643, 159, 16, 35
642, 159, 16, 36
641, 158, 17, 37
640, 157, 17, 38
638, 158, 17, 38
637, 156, 17, 39
637, 156, 17, 39
636, 157, 17, 39
633, 155, 17, 39
633, 154, 17, 39
632, 156, 17, 39
629, 155, 17, 39
629, 152, 17, 39
629, 154, 17, 38
626, 153, 17, 38
624, 153, 18, 39
623, 150, 18, 39
623, 152, 18, 38
621, 151, 18, 38
621, 150, 18, 38
620, 149, 18, 38
619, 149, 18, 38
618, 147, 18, 37
617, 148, 17, 36
617, 147, 16, 35
616, 146, 15, 33
616, 146, 15, 32
615, 147, 15, 31
613, 146, 15, 30
611, 147, 14, 29
611, 147, 14, 29
610, 147, 14, 29
609, 147, 14, 29
608, 146, 14, 29
607, 145, 14, 29
607, 145, 14, 29
606, 145, 14, 29
605, 145, 14, 29
604, 142, 14, 30
603, 141, 15, 31
601, 141, 15, 32
600, 141, 16, 34
600, 140, 17, 36
598, 138, 18, 37
598, 138, 19, 38
597, 138, 20, 39
595, 138, 21, 41
594, 137, 22, 43
592, 136, 23, 44
591, 136, 24, 44
589, 136, 25, 45
588, 137, 25, 46
586, 137, 26, 47
584, 138, 26, 48
583, 139, 26, 49
582, 140, 26, 50
581, 139, 27, 52
578, 139, 27, 53
577, 140, 28, 54
575, 139, 28, 53
574, 140, 28, 54
573, 139, 28, 53
572, 140, 28, 52
570, 140, 28, 51
568, 141, 28, 50
567, 140, 27, 49
565, 139, 27, 48
563, 139, 26, 46
562, 141, 26, 46
560, 141, 26, 46
558, 142, 26, 46
556, 143, 27, 47
553, 143, 27, 47
551, 144, 27, 47
549, 145, 28, 48
547, 145, 28, 48
545, 146, 29, 49
543, 145, 30, 50
541, 146, 31, 51
538, 146, 32, 53
537, 145, 33, 54
536, 145, 33, 54
533, 145, 34, 56
531, 145, 34, 55
530, 147, 34, 55
529, 150, 33, 54
528, 151, 32, 52
527, 152, 31, 51
526, 154, 30, 50
526, 154, 30, 49
525, 155, 30, 49
524, 157, 30, 49
522, 156, 30, 49
521, 157, 30, 49
520, 160, 30, 50
518, 162, 30, 51
517, 163, 30, 52
516, 164, 30, 53
515, 164, 30, 54
514, 166, 30, 55
512, 168, 30, 56
511, 167, 30, 56
510, 168, 30, 57
508, 167, 30, 57
508, 168, 30, 57
507, 167, 30, 57
506, 167, 30, 57
505, 169, 30, 56
504, 168, 30, 56
504, 171, 30, 56
503, 169, 30, 56
503, 170, 30, 56
502, 170, 30, 56
502, 169, 30, 55
502, 168, 30, 54
501, 168, 30, 54
500, 170, 30, 54
500, 172, 30, 54
500, 172, 30, 55
499, 172, 30, 56
499, 174, 30, 56
499, 175, 30, 56
498, 176, 30, 56
497, 177, 30, 56
497, 177, 31, 57
495, 178, 31, 57
495, 176, 31, 57
494, 176, 31, 57
494, 178, 32, 57
492, 177, 32, 57
491, 179, 32, 57
491, 182, 32, 56
489, 182, 32, 56
489, 182, 31, 55
487, 183, 31, 54
486, 184, 31, 55
486, 186, 31, 56
485, 184, 31, 56
485, 185, 31, 57
486, 184, 31, 57
487, 185, 31, 57
485, 186, 31, 57
486, 189, 31, 57
487, 189, 31, 57
488, 190, 31, 58
489, 190, 31, 58
490, 191, 32, 59
491, 190, 32, 59
493, 191, 32, 59
494, 190, 32, 59
496, 188, 32, 59
498, 185, 32, 59
499, 177, 33, 60
499, 168, 35, 62
501, 165, 35, 62
504, 164, 35, 62
507, 164, 34, 61
511, 165, 34, 61
515, 166, 34, 60
519, 166, 34, 60
523, 167, 34, 60
528, 167, 34, 60
533, 167, 34, 60
538, 168, 34, 61
542, 168, 34, 61
548, 168, 34, 62
554, 169, 34, 63
559, 169, 35, 65
563, 170, 36, 67
568, 174, 37, 69
573, 177, 38, 73
579, 182, 40, 77
581, 188, 43, 82
585, 194, 47, 89
587, 193, 53, 99
593, 188, 57, 108
596, 183, 60, 115
601, 179, 61, 118
605, 180, 63, 121
609, 181, 63, 120
614, 180, 63, 121
619, 180, 63, 121
622, 179, 62, 119
626, 180, 61, 117
629, 179, 61, 116
633, 182, 61, 115
635, 182, 61, 115
637, 182, 61, 115
638, 179, 61, 116
639, 180, 61, 116
640, 178, 61, 116
640, 178, 61, 115
641, 180, 61, 114
641, 178, 63, 117
639, 175, 64, 120
638, 176, 64, 121
637, 176, 65, 122
636, 174, 65, 123
632, 173, 66, 124
630, 172, 66, 124
629, 172, 65, 123
627, 173, 65, 123
623, 173, 66, 126
620, 170, 67, 129
618, 169, 67, 130
615, 171, 67, 130
611, 167, 68, 132
608, 167, 67, 131
606, 167, 67, 130
604, 168, 66, 127
602, 168, 65, 124
600, 168, 63, 120
600, 170, 62, 118
599, 169, 62, 118
598, 169, 62, 117
597, 171, 62, 116
597, 173, 61, 115
598, 170, 60, 114
599, 173, 59, 113
599, 174, 58, 112
600, 174, 58, 113
601, 173, 58, 113
603, 175, 58, 113
604, 174, 57, 111
605, 175, 57, 110
607, 174, 57, 109
609, 174, 57, 108
610, 174, 57, 108
610, 172, 57, 107
611, 173, 57, 106
613, 171, 56, 104
614, 170, 55, 101
615, 170, 54, 97
616, 170, 53, 94
616, 169, 52, 92
617, 170, 51, 89
617, 168, 51, 87
617, 170, 50, 85
617, 167, 50, 83
616, 168, 50, 82
616, 166, 50, 80
615, 168, 50, 79
613, 167, 50, 79
611, 166, 50, 79
608, 168, 50, 79
606, 165, 50, 79
602, 162, 51, 80
600, 162, 51, 80
596, 162, 52, 80
592, 162, 53, 81
588, 162, 54, 82
584, 162, 55, 83
581, 162, 56, 84
577, 161, 56, 83
574, 161, 56, 82
572, 163, 55, 81
571, 162, 54, 80
569, 159, 54, 79
567, 159, 54, 79
565, 159, 54, 79
564, 157, 54, 79
563, 157, 54, 79
561, 158, 54, 79
560, 156, 54, 79
559, 155, 53, 78
559, 155, 52, 77
559, 155, 52, 77
558, 155, 52, 77
558, 155, 51, 76
558, 156, 51, 76
558, 155, 51, 76
557, 154, 51, 76
556, 154, 51, 77
