374, 463, 55, 61
373, 466, 51, 58
371, 458, 47, 56
375, 457, 47, 55
376, 455, 49, 56
376, 453, 47, 54
375, 455, 47, 54
373, 456, 45, 52
374, 457, 42, 50
374, 458, 39, 47
376, 461, 36, 45
375, 465, 34, 44
375, 466, 32, 44
373, 467, 32, 44
371, 466, 30, 42
373, 463, 27, 39
373, 464, 26, 39
374, 464, 25, 39
373, 465, 24, 39
373, 465, 23, 39
372, 466, 22, 38
372, 467, 21, 38
372, 467, 21, 38
371, 465, 22, 39
371, 466, 22, 39
371, 466, 22, 39
371, 467, 22, 39
371, 465, 22, 38
371, 465, 22, 38
371, 466, 22, 38
371, 466, 22, 37
371, 466, 21, 36
372, 468, 20, 35
372, 468, 20, 34
372, 466, 20, 34
372, 465, 20, 35
372, 464, 20, 35
372, 463, 20, 36
372, 462, 20, 37
373, 462, 20, 37
373, 462, 20, 37
373, 462, 20, 37
373, 462, 20, 37
374, 462, 20, 37
375, 461, 20, 37
376, 463, 20, 36
376, 463, 20, 35
376, 465, 19, 34
377, 465, 18, 33
377, 466, 18, 32
377, 466, 17, 31
377, 466, 17, 31
377, 466, 16, 30
377, 465, 16, 30
378, 466, 16, 31
378, 465, 17, 32
377, 464, 17, 32
378, 463, 18, 33
378, 464, 18, 33
379, 463, 18, 33
380, 463, 18, 33
381, 463, 19, 33
381, 462, 20, 34
382, 460, 20, 35
383, 459, 20, 36
384, 459, 20, 35
385, 459, 20, 35
386, 460, 19, 34
388, 459, 18, 34
389, 457, 18, 35
391, 454, 18, 36
391, 454, 19, 38
392, 453, 19, 39
393, 452, 19, 39
394, 453, 20, 40
395, 452, 20, 39
395, 452, 21, 41
397, 451, 21, 40
398, 450, 22, 41
399, 449, 21, 40
401, 451, 20, 39
401, 451, 19, 37
402, 453, 19, 37
403, 453, 19, 36
404, 453, 18, 35
405, 452, 17, 33
406, 453, 17, 33
407, 454, 17, 32
408, 453, 17, 32
409, 452, 17, 33
411, 450, 18, 34
410, 450, 19, 36
412, 448, 20, 37
413, 446, 21, 38
415, 445, 22, 40
416, 443, 23, 41
417, 444, 23, 42
418, 443, 23, 42
420, 442, 24, 43
422, 442, 24, 42
424, 441, 23, 40
425, 442, 22, 39
427, 442, 21, 39
430, 441, 21, 40
431, 439, 21, 40
434, 440, 21, 41
433, 439, 20, 39
435, 441, 20, 39
437, 440, 20, 39
439, 442, 20, 39
441, 441, 20, 38
442, 441, 19, 37
444, 441, 20, 38
446, 440, 20, 38
448, 440, 20, 37
450, 439, 19, 36
452, 441, 18, 35
454, 440, 18, 34
455, 440, 18, 34
457, 439, 18, 34
459, 439, 18, 33
460, 441, 18, 32
461, 440, 18, 32
462, 437, 19, 34
464, 435, 21, 37
465, 434, 22, 39
466, 435, 23, 40
468, 433, 23, 41
471, 434, 24, 43
474, 433, 23, 42
478, 431, 23, 42
479, 430, 23, 42
480, 428, 23, 44
486, 430, 22, 44
489, 429, 20, 43
493, 428, 18, 42
493, 431, 17, 42
496, 426, 16, 43
500, 426, 15, 43
503, 427, 14, 43
505, 426, 13, 43
506, 427, 12, 43
509, 427, 11, 42
511, 430, 11, 40
514, 429, 11, 40
518, 429, 11, 40
519, 427, 11, 41
521, 429, 11, 40
523, 428, 11, 39
528, 430, 10, 38
530, 428, 10, 38
531, 428, 10, 38
534, 427, 10, 37
536, 426, 10, 37
539, 425, 10, 37
542, 425, 10, 38
543, 426, 10, 38
544, 425, 10, 39
546, 422, 10, 41
549, 421, 10, 42
551, 422, 10, 42
553, 422, 10, 41
555, 423, 10, 39
558, 425, 10, 38
561, 424, 10, 38
565, 425, 10, 38
565, 425, 10, 37
569, 427, 10, 35
572, 426, 10, 35
577, 427, 10, 34
580, 425, 10, 34
580, 427, 10, 34
582, 425, 10, 34
586, 426, 10, 33
589, 425, 10, 33
591, 426, 10, 34
592, 424, 11, 35
593, 424, 12, 36
594, 424, 13, 36
597, 426, 13, 34
602, 426, 12, 33
602, 424, 13, 34
605, 422, 14, 35
609, 423, 14, 35
612, 422, 14, 34
615, 423, 14, 33
615, 423, 13, 32
618, 423, 13, 32
619, 423, 13, 31
622, 422, 13, 30
624, 423, 13, 29
624, 425, 13, 28
627, 425, 13, 28
630, 424, 14, 29
632, 422, 15, 30
636, 423, 16, 31
636, 423, 16, 30
639, 423, 16, 30
642, 424, 16, 30
