417.0,335.0,138.0,203.0
417.0,335.0,138.0,203.0
415.0,335.0,138.0,203.0
415.0,335.0,137.0,203.0
413.0,337.0,137.0,203.0
411.0,339.0,137.0,203.0
411.0,339.0,137.0,203.0
409.0,339.0,137.0,203.0
405.0,339.0,137.0,203.0
403.0,339.0,137.0,203.0
401.0,339.0,137.0,203.0
399.0,339.0,137.0,202.0
397.0,339.0,137.0,202.0
396.0,341.0,137.0,202.0
394.0,341.0,137.0,202.0
390.0,343.0,137.0,202.0
388.0,343.0,137.0,202.0
386.0,345.0,137.0,203.0
382.0,345.0,137.0,203.0
380.0,347.0,137.0,203.0
376.0,349.0,137.0,204.0
374.0,349.0,137.0,204.0
372.0,349.0,137.0,204.0
368.0,349.0,137.0,204.0
366.0,349.0,137.0,204.0
364.0,349.0,137.0,204.0
362.0,349.0,137.0,204.0
360.0,349.0,137.0,204.0
358.0,349.0,137.0,204.0
357.0,349.0,137.0,203.0
355.0,349.0,137.0,203.0
352.0,349.0,138.0,203.0
350.0,351.0,138.0,203.0
348.0,351.0,139.0,203.0
346.0,351.0,139.0,203.0
344.0,352.0,139.0,203.0
342.0,353.0,139.0,203.0
340.0,353.0,139.0,203.0
338.0,353.0,139.0,203.0
336.0,353.0,139.0,203.0
336.0,355.0,139.0,203.0
334.0,355.0,139.0,203.0
334.0,355.0,139.0,203.0
332.0,355.0,139.0,203.0
332.0,355.0,139.0,203.0
330.0,353.0,139.0,203.0
330.0,353.0,139.0,203.0
330.0,353.0,139.0,202.0
330.0,353.0,139.0,202.0
329.0,353.0,139.0,202.0
329.0,353.0,139.0,203.0
327.0,353.0,139.0,203.0
327.0,353.0,139.0,203.0
325.0,353.0,139.0,203.0
325.0,353.0,139.0,204.0
323.0,355.0,139.0,204.0
321.0,355.0,139.0,204.0
321.0,355.0,139.0,204.0
319.0,355.0,139.0,204.0
319.0,353.0,139.0,204.0
317.0,353.0,139.0,204.0
317.0,351.0,139.0,204.0
315.0,351.0,139.0,204.0
315.0,349.0,139.0,204.0
315.0,349.0,139.0,203.0
315.0,349.0,139.0,203.0
315.0,347.0,139.0,203.0
316.0,347.0,139.0,203.0
316.0,347.0,139.0,203.0
316.0,347.0,139.0,203.0
314.0,347.0,139.0,203.0
314.0,347.0,139.0,203.0
314.0,347.0,139.0,203.0
314.0,345.0,139.0,203.0
314.0,345.0,139.0,203.0
314.0,345.0,139.0,203.0
314.0,345.0,139.0,203.0
316.0,343.0,139.0,203.0
316.0,341.0,139.0,203.0
316.0,341.0,139.0,203.0
318.0,339.0,139.0,203.0
318.0,337.0,139.0,203.0
320.0,337.0,139.0,203.0
320.0,337.0,139.0,202.0
320.0,335.0,139.0,202.0
322.0,335.0,139.0,202.0
322.0,335.0,139.0,202.0
322.0,333.0,139.0,202.0
322.0,333.0,139.0,202.0
322.0,333.0,138.0,202.0
322.0,333.0,138.0,202.0
321.0,333.0,138.0,203.0
321.0,331.0,138.0,203.0
321.0,331.0,138.0,204.0
320.0,329.0,138.0,204.0
320.0,327.0,138.0,204.0
320.0,327.0,138.0,204.0
319.0,325.0,138.0,204.0
319.0,323.0,138.0,204.0
319.0,323.0,138.0,204.0
319.0,321.0,138.0,203.0
319.0,321.0,138.0,203.0
319.0,319.0,138.0,202.0
319.0,319.0,138.0,202.0
318.0,317.0,139.0,202.0
318.0,317.0,139.0,202.0
318.0,317.0,139.0,202.0
316.0,317.0,139.0,202.0
316.0,315.0,139.0,202.0
316.0,315.0,139.0,203.0
316.0,315.0,139.0,203.0
317.0,315.0,139.0,203.0
318.0,313.0,139.0,203.0
318.0,313.0,139.0,203.0
319.0,311.0,139.0,203.0
320.0,311.0,139.0,202.0
320.0,311.0,139.0,202.0
322.0,311.0,139.0,202.0
322.0,311.0,139.0,202.0
324.0,311.0,139.0,202.0
324.0,311.0,139.0,202.0
326.0,313.0,138.0,202.0
326.0,315.0,138.0,202.0
326.0,317.0,138.0,202.0
326.0,319.0,138.0,203.0
326.0,323.0,138.0,203.0
326.0,327.0,138.0,204.0
326.0,331.0,138.0,204.0
325.0,333.0,138.0,204.0
325.0,337.0,138.0,204.0
324.0,341.0,138.0,204.0
324.0,343.0,138.0,204.0
323.0,345.0,138.0,204.0
324.0,347.0,138.0,204.0
324.0,351.0,138.0,204.0
324.0,355.0,138.0,204.0
324.0,359.0,138.0,204.0
324.0,363.0,138.0,203.0
322.0,367.0,139.0,203.0
322.0,371.0,139.0,203.0
322.0,375.0,139.0,204.0
320.0,379.0,139.0,204.0
321.0,381.0,139.0,204.0
321.0,383.0,139.0,204.0
322.0,385.0,139.0,204.0
328.0,387.0,139.0,204.0
332.0,387.0,139.0,204.0
336.0,387.0,139.0,204.0
340.0,389.0,139.0,204.0
344.0,389.0,139.0,204.0
348.0,389.0,139.0,204.0
352.0,389.0,139.0,204.0
356.0,389.0,139.0,203.0
358.0,389.0,139.0,203.0
362.0,391.0,139.0,203.0
365.0,391.0,139.0,203.0
369.0,393.0,139.0,203.0
371.0,393.0,139.0,203.0
375.0,395.0,139.0,203.0
378.0,395.0,139.0,203.0
381.0,397.0,139.0,203.0
383.0,399.0,139.0,204.0
383.0,399.0,139.0,204.0
385.0,401.0,139.0,204.0
387.0,401.0,139.0,205.0
389.0,401.0,139.0,205.0
391.0,401.0,139.0,205.0
391.0,401.0,139.0,205.0
393.0,401.0,139.0,205.0
393.0,399.0,139.0,205.0
393.0,397.0,139.0,204.0
393.0,396.0,139.0,204.0
393.0,396.0,139.0,204.0
391.0,396.0,139.0,203.0
391.0,396.0,139.0,203.0
390.0,397.0,139.0,203.0
390.0,399.0,139.0,203.0
388.0,401.0,139.0,203.0
386.0,401.0,139.0,203.0
386.0,403.0,139.0,204.0
385.0,405.0,139.0,204.0
384.0,405.0,139.0,204.0
384.0,407.0,139.0,204.0
384.0,407.0,139.0,204.0
384.0,409.0,139.0,204.0
384.0,409.0,139.0,204.0
384.0,409.0,139.0,204.0
384.0,409.0,139.0,204.0
384.0,409.0,139.0,204.0
386.0,410.0,139.0,204.0
386.0,411.0,139.0,204.0
386.0,413.0,139.0,204.0
386.0,413.0,139.0,204.0
385.0,415.0,139.0,204.0
385.0,415.0,139.0,204.0
383.0,417.0,139.0,204.0
383.0,417.0,139.0,204.0
381.0,419.0,139.0,205.0
379.0,419.0,139.0,205.0
379.0,421.0,139.0,205.0
377.0,421.0,139.0,205.0
375.0,421.0,139.0,205.0
373.0,421.0,139.0,205.0
373.0,419.0,139.0,205.0
371.0,419.0,139.0,205.0
369.0,419.0,139.0,205.0
369.0,419.0,139.0,204.0
367.0,419.0,139.0,203.0
365.0,419.0,139.0,203.0
364.0,419.0,139.0,203.0
362.0,420.0,139.0,203.0
360.0,420.0,139.0,204.0
358.0,420.0,139.0,204.0
356.0,420.0,139.0,204.0
356.0,422.0,139.0,204.0
354.0,422.0,139.0,204.0
353.0,423.0,139.0,204.0
352.0,423.0,139.0,204.0
350.0,423.0,139.0,204.0
350.0,423.0,139.0,204.0
350.0,423.0,139.0,204.0
349.0,421.0,139.0,205.0
349.0,421.0,139.0,205.0
348.0,420.0,139.0,204.0
348.0,418.0,139.0,204.0
348.0,418.0,139.0,203.0
348.0,418.0,139.0,203.0
348.0,418.0,139.0,203.0
348.0,418.0,139.0,203.0
347.0,418.0,139.0,203.0
345.0,419.0,139.0,203.0
345.0,419.0,139.0,204.0
343.0,419.0,139.0,204.0
341.0,419.0,139.0,204.0
341.0,419.0,139.0,204.0
339.0,418.0,139.0,205.0
337.0,417.0,139.0,205.0
335.0,416.0,139.0,206.0
335.0,416.0,139.0,206.0
333.0,414.0,139.0,206.0
331.0,412.0,139.0,206.0
329.0,412.0,139.0,205.0
327.0,410.0,139.0,204.0
327.0,410.0,139.0,204.0
325.0,408.0,139.0,204.0
324.0,408.0,139.0,204.0
322.0,408.0,139.0,204.0
320.0,406.0,139.0,204.0
316.0,406.0,139.0,204.0
314.0,406.0,139.0,204.0
312.0,405.0,139.0,204.0
310.0,405.0,139.0,204.0
310.0,405.0,139.0,204.0
308.0,403.0,139.0,204.0
308.0,403.0,139.0,204.0
306.0,403.0,139.0,204.0
306.0,401.0,139.0,204.0
306.0,401.0,139.0,204.0
304.0,399.0,139.0,204.0
304.0,397.0,139.0,204.0
304.0,395.0,139.0,204.0
304.0,395.0,139.0,204.0
304.0,393.0,139.0,204.0
304.0,393.0,139.0,204.0
304.0,391.0,139.0,204.0
303.0,391.0,139.0,204.0
301.0,389.0,139.0,204.0
301.0,389.0,139.0,204.0
299.0,387.0,139.0,205.0
297.0,387.0,139.0,205.0
295.0,385.0,139.0,205.0
295.0,384.0,139.0,205.0
293.0,382.0,139.0,206.0
291.0,380.0,139.0,206.0
289.0,378.0,139.0,206.0
289.0,374.0,139.0,206.0
287.0,372.0,139.0,206.0
285.0,370.0,139.0,206.0
285.0,368.0,139.0,205.0
283.0,366.0,139.0,205.0
281.0,364.0,139.0,205.0
279.0,362.0,139.0,205.0
279.0,360.0,139.0,205.0
277.0,359.0,139.0,205.0
275.0,357.0,139.0,205.0
274.0,355.0,139.0,205.0
272.0,354.0,139.0,205.0
271.0,352.0,139.0,205.0
269.0,350.0,139.0,205.0
269.0,348.0,139.0,205.0
269.0,347.0,139.0,205.0
268.0,345.0,139.0,205.0
267.0,343.0,139.0,205.0
267.0,340.0,139.0,205.0
267.0,338.0,139.0,205.0
267.0,335.0,139.0,205.0
267.0,332.0,139.0,204.0
267.0,330.0,139.0,204.0
267.0,329.0,140.0,204.0
267.0,328.0,140.0,204.0
267.0,326.0,140.0,204.0
267.0,324.0,140.0,205.0
266.0,322.0,140.0,205.0
264.0,322.0,140.0,206.0
264.0,320.0,140.0,206.0
262.0,318.0,140.0,206.0
260.0,316.0,140.0,206.0
260.0,314.0,140.0,207.0
258.0,312.0,140.0,207.0
256.0,310.0,140.0,207.0
254.0,306.0,140.0,207.0
254.0,304.0,140.0,207.0
253.0,300.0,140.0,207.0
252.0,298.0,140.0,207.0
251.0,296.0,140.0,206.0
251.0,292.0,140.0,206.0
249.0,290.0,140.0,206.0
247.0,288.0,141.0,206.0
246.0,288.0,141.0,206.0
245.0,286.0,141.0,206.0
241.0,284.0,141.0,206.0
239.0,282.0,141.0,206.0
239.0,280.0,141.0,206.0
237.0,278.0,141.0,207.0
237.0,278.0,141.0,207.0
235.0,276.0,141.0,207.0
235.0,274.0,141.0,207.0
235.0,272.0,141.0,207.0
235.0,270.0,141.0,207.0
235.0,268.0,141.0,207.0
235.0,266.0,141.0,207.0
235.0,264.0,141.0,207.0
235.0,262.0,141.0,206.0
235.0,260.0,141.0,206.0
235.0,260.0,141.0,206.0
235.0,258.0,141.0,206.0
234.0,256.0,141.0,207.0
234.0,256.0,141.0,207.0
233.0,254.0,141.0,207.0
232.0,254.0,141.0,207.0
230.0,252.0,141.0,208.0
230.0,252.0,141.0,208.0
228.0,250.0,141.0,208.0
226.0,248.0,141.0,208.0
226.0,248.0,141.0,209.0
224.0,244.0,141.0,209.0
222.0,242.0,141.0,209.0
220.0,240.0,141.0,209.0
218.0,238.0,141.0,209.0
216.0,236.0,141.0,208.0
214.0,234.0,141.0,208.0
213.0,232.0,141.0,207.0
211.0,230.0,141.0,207.0
209.0,230.0,141.0,207.0
207.0,228.0,141.0,208.0
205.0,226.0,141.0,208.0
203.0,226.0,141.0,208.0
201.0,224.0,141.0,208.0
199.0,224.0,141.0,208.0
197.0,222.0,141.0,208.0
197.0,220.0,141.0,208.0
195.0,220.0,141.0,208.0
195.0,218.0,141.0,208.0
195.0,216.0,141.0,209.0
195.0,214.0,141.0,209.0
193.0,212.0,141.0,209.0
193.0,210.0,141.0,209.0
193.0,208.0,141.0,208.0
193.0,206.0,141.0,208.0
193.0,206.0,141.0,208.0
193.0,206.0,141.0,208.0
192.0,204.0,141.0,208.0
191.0,204.0,141.0,209.0
190.0,204.0,141.0,209.0
188.0,204.0,141.0,209.0
188.0,204.0,141.0,209.0
186.0,204.0,141.0,209.0
184.0,204.0,141.0,209.0
183.0,204.0,141.0,209.0
182.0,204.0,141.0,210.0
180.0,204.0,141.0,210.0
178.0,202.0,141.0,210.0
176.0,202.0,141.0,211.0
174.0,200.0,141.0,211.0
172.0,200.0,141.0,211.0
170.0,198.0,142.0,210.0
168.0,197.0,142.0,210.0
166.0,196.0,142.0,209.0
164.0,196.0,142.0,209.0
162.0,196.0,143.0,209.0
160.0,196.0,143.0,209.0
158.0,196.0,143.0,209.0
155.0,196.0,143.0,209.0
153.0,196.0,143.0,209.0
153.0,196.0,143.0,210.0
151.0,196.0,143.0,210.0
151.0,196.0,143.0,210.0
151.0,196.0,143.0,210.0
151.0,196.0,143.0,210.0
151.0,196.0,143.0,211.0
151.0,196.0,143.0,211.0
151.0,194.0,143.0,211.0
152.0,194.0,143.0,211.0
152.0,192.0,143.0,210.0
152.0,190.0,143.0,210.0
154.0,188.0,143.0,210.0
156.0,188.0,143.0,210.0
156.0,187.0,143.0,210.0
156.0,187.0,144.0,210.0
156.0,188.0,144.0,211.0
156.0,188.0,144.0,211.0
156.0,188.0,144.0,211.0
156.0,188.0,144.0,212.0
156.0,188.0,144.0,212.0
156.0,188.0,144.0,213.0
155.0,187.0,144.0,213.0
155.0,187.0,144.0,213.0
155.0,187.0,144.0,214.0
155.0,185.0,144.0,214.0
155.0,185.0,144.0,214.0
155.0,183.0,144.0,214.0
155.0,181.0,144.0,213.0
153.0,179.0,144.0,213.0
153.0,179.0,144.0,212.0
154.0,177.0,144.0,212.0
154.0,177.0,144.0,212.0
152.0,177.0,144.0,212.0
152.0,177.0,144.0,212.0
152.0,177.0,144.0,212.0
150.0,177.0,144.0,212.0
150.0,177.0,144.0,212.0
151.0,177.0,145.0,212.0
151.0,177.0,145.0,213.0
151.0,177.0,145.0,213.0
152.0,177.0,145.0,213.0
152.0,177.0,145.0,213.0
154.0,175.0,145.0,214.0
154.0,173.0,145.0,214.0
156.0,171.0,145.0,214.0
156.0,171.0,145.0,214.0
157.0,169.0,145.0,213.0
157.0,169.0,145.0,213.0
159.0,167.0,145.0,213.0
159.0,167.0,145.0,213.0
159.0,167.0,145.0,213.0
159.0,167.0,145.0,214.0
159.0,167.0,145.0,214.0
159.0,167.0,144.0,215.0
159.0,167.0,144.0,215.0
159.0,167.0,144.0,215.0
159.0,165.0,144.0,215.0
157.0,165.0,144.0,216.0
157.0,165.0,144.0,216.0
155.0,163.0,144.0,216.0
155.0,161.0,144.0,216.0
153.0,157.0,144.0,216.0
152.0,155.0,144.0,216.0
151.0,153.0,144.0,216.0
149.0,151.0,144.0,216.0
147.0,149.0,144.0,215.0
145.0,147.0,145.0,215.0
144.0,145.0,145.0,215.0
143.0,144.0,146.0,215.0
142.0,143.0,146.0,215.0
140.0,143.0,146.0,215.0
138.0,143.0,146.0,215.0
136.0,143.0,146.0,216.0
136.0,143.0,146.0,216.0
135.0,143.0,145.0,216.0
134.0,141.0,145.0,216.0
134.0,140.0,145.0,216.0
134.0,140.0,145.0,217.0
134.0,138.0,145.0,217.0
134.0,136.0,145.0,217.0
134.0,135.0,145.0,217.0
134.0,131.0,145.0,217.0
134.0,128.0,145.0,217.0
134.0,126.0,145.0,217.0
134.0,124.0,145.0,217.0
134.0,122.0,146.0,217.0
134.0,120.0,146.0,217.0
133.0,118.0,146.0,217.0
132.0,116.0,146.0,217.0
131.0,116.0,146.0,217.0
131.0,116.0,146.0,218.0
129.0,116.0,146.0,218.0
129.0,116.0,146.0,218.0
126.0,116.0,146.0,218.0
126.0,115.0,146.0,219.0
124.0,115.0,146.0,219.0
122.0,115.0,146.0,219.0
120.0,113.0,146.0,219.0
118.0,113.0,146.0,219.0
118.0,111.0,146.0,219.0
116.0,110.0,146.0,219.0
114.0,108.0,146.0,219.0
114.0,106.0,146.0,218.0
115.0,104.0,146.0,218.0
117.0,102.0,146.0,217.0
123.0,101.0,147.0,217.0
131.0,99.0,147.0,217.0
139.0,99.0,147.0,217.0
145.0,99.0,147.0,217.0
152.0,101.0,147.0,217.0
160.0,101.0,147.0,218.0
172.0,101.0,147.0,218.0
182.0,101.0,147.0,218.0
192.0,101.0,147.0,218.0
204.0,99.0,146.0,218.0
221.0,97.0,145.0,218.0
242.0,93.0,145.0,218.0
258.0,91.0,144.0,217.0
275.0,89.0,144.0,217.0
291.0,89.0,144.0,216.0
307.0,89.0,144.0,216.0
325.0,93.0,144.0,216.0
339.0,95.0,144.0,216.0
350.0,97.0,144.0,216.0
360.0,101.0,143.0,216.0
370.0,103.0,143.0,216.0
382.0,105.0,143.0,216.0
392.0,107.0,143.0,216.0
400.0,109.0,143.0,216.0
410.0,112.0,143.0,217.0
420.0,115.0,143.0,217.0
432.0,119.0,143.0,217.0
438.0,121.0,143.0,217.0
446.0,123.0,143.0,217.0
452.0,125.0,143.0,217.0
456.0,128.0,143.0,217.0
462.0,132.0,143.0,217.0
466.0,138.0,143.0,217.0
468.0,143.0,143.0,217.0
470.0,149.0,143.0,217.0
470.0,155.0,143.0,217.0
470.0,165.0,142.0,217.0
472.0,173.0,142.0,217.0
472.0,182.0,142.0,216.0
472.0,190.0,142.0,216.0
472.0,198.0,142.0,216.0
472.0,210.0,142.0,216.0
472.0,222.0,142.0,216.0
474.0,232.0,142.0,216.0
474.0,242.0,142.0,216.0
476.0,252.0,142.0,216.0
476.0,264.0,142.0,216.0
478.0,274.0,141.0,217.0
478.0,282.0,141.0,217.0
480.0,292.0,141.0,217.0
480.0,298.0,141.0,217.0
480.0,304.0,141.0,217.0
480.0,308.0,141.0,217.0
481.0,312.0,141.0,217.0
480.0,312.0,141.0,217.0
480.0,313.0,141.0,217.0
480.0,313.0,141.0,217.0
480.0,315.0,141.0,217.0
480.0,316.0,141.0,218.0
480.0,317.0,141.0,219.0
480.0,319.0,141.0,219.0
478.0,321.0,141.0,219.0
478.0,321.0,141.0,220.0
478.0,321.0,141.0,220.0
476.0,321.0,141.0,220.0
476.0,320.0,141.0,220.0
476.0,318.0,141.0,220.0
474.0,315.0,141.0,220.0
474.0,312.0,141.0,220.0
472.0,309.0,141.0,220.0
472.0,307.0,141.0,219.0
470.0,305.0,141.0,219.0
468.0,305.0,141.0,219.0
466.0,303.0,141.0,219.0
464.0,302.0,141.0,219.0
462.0,302.0,142.0,219.0
460.0,301.0,142.0,219.0
458.0,300.0,142.0,219.0
456.0,300.0,142.0,219.0
454.0,301.0,142.0,219.0
452.0,301.0,142.0,219.0
452.0,302.0,142.0,219.0
450.0,304.0,142.0,219.0
448.0,305.0,142.0,219.0
448.0,305.0,142.0,219.0
446.0,306.0,142.0,219.0
446.0,306.0,142.0,219.0
444.0,306.0,142.0,219.0
442.0,307.0,142.0,219.0
442.0,308.0,142.0,219.0
440.0,309.0,142.0,220.0
438.0,310.0,142.0,220.0
436.0,310.0,142.0,220.0
436.0,310.0,143.0,221.0
434.0,310.0,143.0,221.0
432.0,310.0,143.0,222.0
430.0,312.0,143.0,222.0
428.0,312.0,143.0,222.0
426.0,314.0,143.0,222.0
425.0,314.0,143.0,223.0
423.0,316.0,143.0,223.0
421.0,316.0,143.0,224.0
419.0,316.0,143.0,224.0
417.0,315.0,143.0,224.0
416.0,314.0,143.0,224.0
414.0,314.0,143.0,224.0
412.0,312.0,143.0,224.0
410.0,312.0,143.0,224.0
408.0,312.0,143.0,224.0
406.0,311.0,143.0,224.0
404.0,311.0,143.0,224.0
402.0,310.0,143.0,224.0
400.0,310.0,143.0,224.0
398.0,310.0,143.0,224.0
398.0,310.0,143.0,224.0
396.0,311.0,143.0,224.0
396.0,311.0,142.0,224.0
394.0,313.0,142.0,224.0
394.0,313.0,142.0,224.0
394.0,314.0,142.0,224.0
394.0,314.0,142.0,224.0
394.0,315.0,142.0,224.0
392.0,315.0,142.0,224.0
392.0,317.0,143.0,224.0
392.0,317.0,143.0,224.0
390.0,317.0,143.0,224.0
388.0,319.0,143.0,224.0
388.0,320.0,143.0,225.0
386.0,322.0,143.0,225.0
383.0,321.0,143.0,225.0
381.0,321.0,143.0,225.0
379.0,321.0,143.0,226.0
377.0,320.0,143.0,226.0
375.0,320.0,143.0,226.0
375.0,320.0,143.0,226.0
373.0,320.0,143.0,227.0
371.0,318.0,143.0,227.0
369.0,316.0,143.0,227.0
367.0,315.0,143.0,228.0
365.0,311.0,143.0,228.0
363.0,309.0,143.0,228.0
359.0,306.0,143.0,227.0
357.0,304.0,144.0,227.0
355.0,302.0,144.0,226.0
353.0,300.0,144.0,226.0
351.0,298.0,144.0,226.0
348.0,296.0,144.0,226.0
346.0,294.0,144.0,226.0
342.0,292.0,144.0,226.0
340.0,291.0,145.0,226.0
338.0,291.0,145.0,226.0
336.0,289.0,145.0,226.0
334.0,289.0,145.0,227.0
332.0,289.0,145.0,227.0
330.0,287.0,145.0,227.0
330.0,287.0,144.0,228.0
327.0,285.0,144.0,228.0
327.0,281.0,144.0,228.0
325.0,279.0,144.0,228.0
323.0,277.0,144.0,228.0
323.0,275.0,144.0,228.0
319.0,271.0,144.0,228.0
317.0,270.0,144.0,228.0
315.0,269.0,145.0,228.0
313.0,267.0,145.0,228.0
311.0,267.0,145.0,228.0
307.0,268.0,145.0,228.0
305.0,266.0,145.0,228.0
303.0,266.0,145.0,229.0
301.0,266.0,145.0,229.0
299.0,266.0,145.0,230.0
295.0,264.0,145.0,230.0
293.0,263.0,145.0,231.0
291.0,262.0,145.0,231.0
289.0,259.0,145.0,231.0
286.0,257.0,145.0,232.0
283.0,255.0,145.0,232.0
281.0,251.0,145.0,232.0
277.0,249.0,145.0,232.0
275.0,247.0,145.0,232.0
271.0,245.0,145.0,231.0
267.0,243.0,146.0,231.0
265.0,241.0,146.0,231.0
261.0,239.0,146.0,231.0
258.0,239.0,146.0,231.0
256.0,237.0,146.0,232.0
252.0,237.0,146.0,232.0
249.0,235.0,146.0,232.0
245.0,235.0,146.0,233.0
243.0,235.0,146.0,233.0
241.0,235.0,146.0,234.0
237.0,234.0,146.0,234.0
235.0,232.0,147.0,234.0
233.0,230.0,147.0,234.0
230.0,228.0,147.0,235.0
228.0,226.0,147.0,235.0
224.0,224.0,147.0,235.0
220.0,222.0,147.0,235.0
216.0,220.0,147.0,235.0
212.0,219.0,147.0,235.0
208.0,217.0,147.0,235.0
202.0,215.0,147.0,236.0
198.0,214.0,147.0,236.0
193.0,212.0,147.0,237.0
189.0,212.0,147.0,238.0
185.0,211.0,147.0,238.0
179.0,211.0,147.0,238.0
175.0,211.0,147.0,239.0
169.0,212.0,147.0,240.0
165.0,213.0,147.0,240.0
159.0,210.0,147.0,241.0
153.0,210.0,148.0,242.0
147.0,208.0,148.0,243.0
143.0,204.0,148.0,243.0
137.0,202.0,148.0,243.0
132.0,200.0,148.0,243.0
124.0,200.0,148.0,242.0
118.0,198.0,148.0,241.0
113.0,198.0,149.0,241.0
107.0,198.0,149.0,241.0
101.0,198.0,149.0,241.0
93.0,198.0,150.0,241.0
89.0,198.0,150.0,241.0
85.0,198.0,150.0,242.0
81.0,200.0,150.0,243.0
81.0,200.0,150.0,243.0
79.0,202.0,149.0,244.0
81.0,202.0,149.0,244.0
80.0,204.0,149.0,244.0
82.0,204.0,150.0,244.0
84.0,204.0,150.0,244.0
88.0,204.0,150.0,244.0
92.0,202.0,149.0,243.0
98.0,202.0,149.0,242.0
106.0,200.0,149.0,242.0
114.0,200.0,149.0,242.0
124.0,198.0,150.0,242.0
132.0,198.0,149.0,242.0
141.0,196.0,149.0,242.0
149.0,196.0,149.0,243.0
159.0,196.0,149.0,243.0
171.0,196.0,149.0,244.0
185.0,196.0,149.0,244.0
201.0,198.0,149.0,244.0
217.0,198.0,149.0,244.0
235.0,200.0,149.0,244.0
254.0,202.0,149.0,244.0
270.0,202.0,149.0,244.0
287.0,202.0,149.0,244.0
301.0,202.0,149.0,244.0
315.0,200.0,149.0,244.0
329.0,198.0,149.0,244.0
339.0,198.0,148.0,244.0
349.0,196.0,148.0,244.0
359.0,195.0,148.0,244.0
370.0,194.0,148.0,244.0
383.0,194.0,148.0,243.0
394.0,194.0,148.0,242.0
406.0,194.0,148.0,242.0
416.0,194.0,148.0,242.0
424.0,194.0,148.0,242.0
436.0,194.0,148.0,242.0
448.0,194.0,148.0,242.0
460.0,194.0,148.0,242.0
472.0,193.0,148.0,242.0
484.0,193.0,148.0,242.0
499.0,193.0,148.0,242.0
512.0,191.0,147.0,241.0
524.0,189.0,146.0,240.0
536.0,185.0,146.0,240.0
545.0,183.0,146.0,240.0
555.0,179.0,146.0,240.0
563.0,177.0,146.0,240.0
569.0,175.0,146.0,241.0
573.0,174.0,146.0,241.0
577.0,174.0,146.0,241.0
579.0,172.0,145.0,241.0
580.0,170.0,145.0,241.0
582.0,170.0,145.0,241.0
582.0,170.0,145.0,242.0
584.0,170.0,146.0,242.0
586.0,170.0,147.0,242.0
588.0,170.0,147.0,242.0
590.0,170.0,147.0,242.0
592.0,170.0,147.0,242.0
592.0,169.0,147.0,242.0
594.0,168.0,147.0,242.0
596.0,166.0,147.0,242.0
598.0,164.0,147.0,242.0
598.0,162.0,147.0,242.0
600.0,160.0,147.0,242.0
600.0,159.0,147.0,242.0
601.0,157.0,146.0,241.0
601.0,157.0,146.0,241.0
601.0,155.0,146.0,240.0
601.0,155.0,146.0,240.0
603.0,156.0,146.0,239.0
603.0,156.0,146.0,239.0
604.0,156.0,146.0,239.0
606.0,156.0,146.0,239.0
607.0,157.0,146.0,239.0
609.0,157.0,146.0,239.0
610.0,157.0,146.0,239.0
612.0,157.0,146.0,239.0
614.0,157.0,146.0,238.0
616.0,155.0,146.0,238.0
620.0,153.0,146.0,238.0
622.0,151.0,146.0,238.0
624.0,149.0,146.0,238.0
626.0,149.0,146.0,238.0
627.0,148.0,146.0,238.0
629.0,148.0,146.0,239.0
629.0,148.0,146.0,239.0
628.0,149.0,146.0,239.0
630.0,149.0,146.0,239.0
630.0,150.0,146.0,240.0
630.0,152.0,146.0,240.0
630.0,152.0,146.0,240.0
630.0,154.0,146.0,240.0
630.0,156.0,146.0,240.0
630.0,158.0,146.0,240.0
630.0,160.0,146.0,240.0
630.0,162.0,146.0,241.0
630.0,162.0,146.0,241.0
630.0,162.0,146.0,241.0
628.0,162.0,146.0,241.0
628.0,162.0,146.0,241.0
626.0,162.0,146.0,241.0
625.0,162.0,146.0,241.0
623.0,163.0,146.0,241.0
621.0,164.0,146.0,241.0
617.0,166.0,146.0,241.0
615.0,168.0,146.0,241.0
613.0,172.0,146.0,240.0
611.0,174.0,146.0,240.0
609.0,177.0,146.0,240.0
607.0,181.0,146.0,240.0
603.0,185.0,146.0,240.0
601.0,189.0,146.0,240.0
598.0,191.0,146.0,240.0
594.0,193.0,146.0,240.0
590.0,196.0,146.0,240.0
588.0,195.0,146.0,240.0
584.0,195.0,146.0,240.0
580.0,193.0,146.0,240.0
576.0,194.0,146.0,240.0
570.0,194.0,146.0,240.0
566.0,194.0,146.0,240.0
560.0,194.0,146.0,240.0
556.0,194.0,146.0,241.0
552.0,194.0,146.0,241.0
546.0,196.0,146.0,241.0
540.0,196.0,146.0,241.0
538.0,196.0,146.0,241.0
534.0,196.0,146.0,242.0
532.0,198.0,146.0,242.0
530.0,200.0,147.0,242.0
528.0,202.0,147.0,243.0
528.0,202.0,147.0,243.0
526.0,202.0,147.0,243.0
526.0,202.0,147.0,243.0
524.0,200.0,147.0,242.0
523.0,200.0,147.0,242.0
522.0,198.0,147.0,242.0
520.0,198.0,147.0,242.0
519.0,198.0,147.0,242.0
517.0,198.0,147.0,242.0
515.0,198.0,147.0,242.0
513.0,198.0,147.0,242.0
511.0,198.0,147.0,242.0
509.0,198.0,147.0,242.0
507.0,200.0,147.0,242.0
507.0,200.0,147.0,242.0
505.0,202.0,147.0,242.0
505.0,204.0,147.0,242.0
504.0,204.0,147.0,242.0
504.0,206.0,147.0,242.0
503.0,206.0,147.0,242.0
504.0,206.0,147.0,242.0
504.0,206.0,147.0,241.0
504.0,206.0,147.0,241.0
504.0,204.0,147.0,241.0
504.0,202.0,147.0,241.0
504.0,202.0,147.0,242.0
504.0,202.0,147.0,242.0
504.0,202.0,147.0,242.0
502.0,202.0,147.0,243.0
502.0,202.0,147.0,243.0
500.0,202.0,147.0,244.0
500.0,204.0,147.0,244.0
500.0,204.0,147.0,244.0
498.0,206.0,147.0,245.0
498.0,208.0,147.0,245.0
498.0,210.0,147.0,245.0
498.0,210.0,147.0,245.0
498.0,212.0,147.0,245.0
498.0,212.0,147.0,245.0
498.0,212.0,147.0,245.0
498.0,210.0,147.0,245.0
498.0,210.0,147.0,245.0
497.0,208.0,147.0,244.0
495.0,208.0,147.0,244.0
493.0,208.0,147.0,244.0
491.0,208.0,147.0,244.0
489.0,208.0,147.0,244.0
488.0,210.0,147.0,244.0
486.0,212.0,147.0,244.0
484.0,214.0,147.0,244.0
483.0,216.0,147.0,244.0
481.0,220.0,147.0,244.0
479.0,222.0,147.0,244.0
479.0,224.0,147.0,244.0
479.0,226.0,147.0,244.0
479.0,228.0,147.0,244.0
479.0,230.0,147.0,244.0
481.0,230.0,147.0,244.0
481.0,228.0,147.0,244.0
483.0,228.0,147.0,244.0
483.0,226.0,147.0,244.0
483.0,226.0,148.0,244.0
483.0,226.0,148.0,244.0
482.0,226.0,148.0,244.0
480.0,227.0,148.0,244.0
478.0,229.0,148.0,244.0
478.0,229.0,148.0,244.0
478.0,231.0,148.0,244.0
476.0,233.0,149.0,244.0
476.0,233.0,150.0,244.0
476.0,235.0,151.0,244.0
476.0,237.0,151.0,243.0
476.0,239.0,152.0,243.0
475.0,239.0,152.0,243.0
475.0,239.0,152.0,243.0
475.0,239.0,152.0,243.0
472.0,238.0,152.0,243.0
472.0,236.0,152.0,243.0
471.0,234.0,152.0,243.0
469.0,232.0,152.0,243.0
469.0,232.0,151.0,243.0
468.0,232.0,150.0,243.0
467.0,232.0,149.0,243.0
465.0,232.0,149.0,243.0
463.0,232.0,149.0,243.0
461.0,232.0,149.0,243.0
459.0,234.0,150.0,243.0
457.0,235.0,150.0,243.0
455.0,237.0,150.0,243.0
455.0,237.0,150.0,243.0
452.0,239.0,150.0,243.0
452.0,241.0,150.0,243.0
452.0,241.0,150.0,243.0
450.0,241.0,150.0,243.0
449.0,241.0,150.0,242.0
448.0,240.0,150.0,242.0
446.0,240.0,150.0,242.0
446.0,238.0,150.0,242.0
443.0,238.0,150.0,243.0
441.0,236.0,150.0,243.0
439.0,236.0,150.0,243.0
435.0,236.0,150.0,243.0
432.0,238.0,150.0,243.0
427.0,239.0,150.0,243.0
422.0,241.0,150.0,242.0
418.0,243.0,150.0,242.0
414.0,245.0,150.0,242.0
412.0,247.0,151.0,242.0
406.0,251.0,152.0,241.0
403.0,254.0,152.0,241.0
400.0,255.0,152.0,241.0
396.0,257.0,152.0,241.0
393.0,257.0,151.0,241.0
388.0,257.0,151.0,241.0
384.0,257.0,151.0,241.0
378.0,255.0,151.0,241.0
372.0,257.0,151.0,241.0
366.0,257.0,151.0,241.0
356.0,259.0,151.0,241.0
350.0,259.0,151.0,241.0
344.0,261.0,151.0,241.0
336.0,262.0,151.0,241.0
330.0,263.0,151.0,240.0
322.0,265.0,151.0,240.0
316.0,267.0,151.0,240.0
310.0,269.0,151.0,240.0
306.0,270.0,151.0,240.0
299.0,274.0,151.0,240.0
293.0,276.0,151.0,239.0
289.0,279.0,152.0,238.0
285.0,281.0,152.0,238.0
281.0,281.0,152.0,238.0
277.0,281.0,151.0,238.0
271.0,281.0,151.0,238.0
267.0,281.0,151.0,238.0
263.0,281.0,151.0,238.0
259.0,281.0,152.0,238.0
255.0,281.0,152.0,238.0
249.0,282.0,153.0,238.0
244.0,282.0,153.0,238.0
240.0,284.0,153.0,238.0
234.0,285.0,153.0,238.0
230.0,287.0,153.0,237.0
224.0,291.0,153.0,237.0
218.0,293.0,153.0,236.0
213.0,297.0,153.0,236.0
209.0,301.0,153.0,235.0
206.0,303.0,153.0,235.0
200.0,307.0,153.0,234.0
194.0,307.0,153.0,234.0
190.0,307.0,153.0,234.0
186.0,307.0,153.0,234.0
182.0,305.0,153.0,234.0
176.0,305.0,153.0,234.0
171.0,304.0,152.0,234.0
165.0,304.0,152.0,234.0
161.0,304.0,152.0,234.0
155.0,304.0,152.0,234.0
149.0,304.0,152.0,234.0
143.0,305.0,152.0,234.0
139.0,305.0,152.0,234.0
133.0,307.0,152.0,234.0
130.0,309.0,152.0,234.0
126.0,311.0,152.0,234.0
123.0,313.0,152.0,234.0
120.0,315.0,152.0,234.0
118.0,315.0,151.0,234.0
118.0,317.0,151.0,234.0
116.0,317.0,151.0,234.0
114.0,315.0,151.0,234.0
112.0,313.0,151.0,234.0
110.0,311.0,151.0,234.0
108.0,309.0,151.0,234.0
106.0,307.0,151.0,234.0
104.0,305.0,151.0,234.0
102.0,305.0,151.0,234.0
100.0,304.0,151.0,234.0
97.0,304.0,151.0,234.0
95.0,304.0,152.0,234.0
92.0,304.0,152.0,234.0
90.0,304.0,152.0,234.0
87.0,305.0,152.0,234.0
85.0,305.0,151.0,234.0
82.0,307.0,151.0,234.0
80.0,309.0,151.0,234.0
79.0,309.0,151.0,234.0
77.0,307.0,151.0,234.0
76.0,307.0,151.0,234.0
73.0,303.0,151.0,235.0
71.0,299.0,151.0,235.0
69.0,297.0,151.0,236.0
65.0,295.0,151.0,236.0
61.0,294.0,151.0,236.0
58.0,292.0,151.0,236.0
54.0,292.0,151.0,236.0
49.0,292.0,152.0,236.0
45.0,291.0,152.0,236.0
41.0,291.0,153.0,236.0
37.0,291.0,153.0,236.0
35.0,293.0,153.0,236.0
31.0,293.0,153.0,236.0
29.0,295.0,152.0,236.0
27.0,295.0,152.0,236.0
23.0,297.0,152.0,236.0
21.0,297.0,152.0,236.0
18.0,297.0,152.0,236.0
17.0,295.0,151.0,236.0
15.0,293.0,151.0,236.0
13.0,291.0,151.0,236.0
11.0,290.0,151.0,236.0
12.0,288.0,151.0,236.0
14.0,287.0,151.0,237.0
15.0,287.0,152.0,237.0
19.0,287.0,153.0,237.0
22.0,287.0,154.0,237.0
24.0,288.0,154.0,236.0
28.0,290.0,154.0,236.0
32.0,292.0,154.0,236.0
42.0,294.0,153.0,236.0
50.0,295.0,153.0,236.0
57.0,297.0,153.0,235.0
61.0,299.0,152.0,235.0
65.0,301.0,152.0,235.0
69.0,299.0,152.0,235.0
71.0,297.0,151.0,235.0
71.0,296.0,151.0,235.0
69.0,296.0,151.0,235.0
69.0,294.0,151.0,235.0
67.0,292.0,151.0,235.0
67.0,292.0,151.0,235.0
63.0,292.0,152.0,235.0
61.0,292.0,152.0,235.0
57.0,292.0,153.0,235.0
51.0,294.0,153.0,235.0
46.0,294.0,153.0,235.0
42.0,296.0,153.0,235.0
38.0,298.0,153.0,235.0
34.0,299.0,152.0,235.0
30.0,301.0,152.0,235.0
26.0,303.0,152.0,235.0
24.0,303.0,152.0,235.0
19.0,303.0,152.0,235.0
18.0,301.0,151.0,235.0
12.0,300.0,150.0,235.0
8.0,298.0,150.0,235.0
5.0,296.0,149.0,235.0
1.0,296.0,149.0,235.0
-2.0,294.0,148.0,236.0
-7.0,294.0,148.0,236.0
-11.0,294.0,148.0,236.0
-14.0,294.0,148.0,236.0
-20.0,294.0,148.0,236.0
-23.0,295.0,148.0,236.0
-30.0,295.0,148.0,236.0
-35.0,297.0,148.0,235.0
-41.0,299.0,147.0,235.0
-44.0,301.0,147.0,235.0
-48.0,301.0,146.0,235.0
-51.0,301.0,145.0,235.0
-55.0,301.0,145.0,235.0
-55.0,300.0,144.0,235.0
-56.0,298.0,143.0,235.0
-58.0,296.0,141.0,235.0
-62.0,296.0,141.0,235.0
-65.0,294.0,141.0,235.0
-69.0,294.0,141.0,235.0
-72.0,294.0,141.0,235.0
-74.0,294.0,141.0,235.0
-77.0,296.0,141.0,235.0
-79.0,298.0,141.0,235.0
-81.0,300.0,141.0,235.0
-83.0,301.0,141.0,235.0
-84.0,304.0,141.0,235.0
-84.0,308.0,141.0,234.0
-84.0,310.0,140.0,233.0
-84.0,312.0,140.0,233.0
-84.0,313.0,140.0,233.0
-84.0,313.0,140.0,233.0
-83.0,312.0,140.0,233.0
-81.0,310.0,139.0,233.0
-79.0,306.0,139.0,233.0
-77.0,304.0,139.0,234.0
-76.0,302.0,140.0,234.0
-72.0,302.0,140.0,234.0
-70.0,301.0,142.0,234.0
-67.0,303.0,143.0,234.0
-63.0,303.0,144.0,233.0
-60.0,305.0,145.0,233.0
-55.0,307.0,145.0,233.0
-49.0,310.0,145.0,233.0
-44.0,312.0,146.0,233.0
-39.0,316.0,146.0,233.0
-34.0,318.0,146.0,232.0
-23.0,320.0,147.0,232.0
-16.0,320.0,147.0,232.0
-9.0,318.0,148.0,232.0
-2.0,316.0,149.0,232.0
4.0,314.0,149.0,232.0
11.0,313.0,149.0,232.0
13.0,312.0,150.0,233.0
17.0,312.0,150.0,233.0
21.0,312.0,150.0,233.0
23.0,312.0,150.0,233.0
30.0,312.0,150.0,233.0
34.0,314.0,150.0,233.0
38.0,314.0,150.0,233.0
42.0,316.0,150.0,233.0
47.0,318.0,150.0,232.0
53.0,320.0,150.0,232.0
60.0,322.0,150.0,232.0
66.0,324.0,149.0,231.0
72.0,326.0,149.0,231.0
78.0,326.0,149.0,231.0
86.0,324.0,149.0,231.0
90.0,322.0,149.0,232.0
94.0,320.0,149.0,232.0
96.0,320.0,148.0,232.0
100.0,318.0,149.0,232.0
103.0,318.0,149.0,232.0
104.0,318.0,149.0,232.0
104.0,318.0,150.0,232.0
102.0,318.0,150.0,232.0
102.0,318.0,151.0,232.0
100.0,320.0,151.0,232.0
97.0,322.0,151.0,232.0
95.0,322.0,151.0,232.0
93.0,324.0,151.0,231.0
91.0,326.0,151.0,231.0
91.0,328.0,151.0,231.0
89.0,328.0,150.0,231.0
87.0,328.0,149.0,231.0
87.0,325.0,149.0,231.0
85.0,322.0,149.0,231.0
81.0,320.0,149.0,232.0
79.0,318.0,149.0,232.0
75.0,318.0,149.0,232.0
71.0,318.0,149.0,232.0
67.0,318.0,149.0,232.0
61.0,318.0,150.0,232.0
57.0,318.0,150.0,232.0
53.0,318.0,151.0,232.0
51.0,318.0,151.0,232.0
47.0,320.0,151.0,232.0
45.0,322.0,151.0,232.0
43.0,324.0,150.0,232.0
43.0,324.0,150.0,232.0
41.0,326.0,149.0,232.0
41.0,326.0,149.0,232.0
41.0,328.0,149.0,231.0
41.0,326.0,149.0,231.0
41.0,326.0,149.0,231.0
39.0,324.0,149.0,231.0
39.0,322.0,149.0,231.0
35.0,322.0,149.0,231.0
33.0,322.0,149.0,231.0
31.0,322.0,150.0,231.0
27.0,322.0,150.0,231.0
25.0,322.0,150.0,232.0
19.0,322.0,151.0,232.0
15.0,324.0,151.0,231.0
11.0,324.0,151.0,231.0
8.0,326.0,151.0,231.0
7.0,328.0,150.0,231.0
3.0,331.0,150.0,231.0
1.0,333.0,150.0,231.0
-0.0,333.0,150.0,231.0
-0.0,335.0,149.0,231.0
-2.0,334.0,149.0,230.0
-4.0,332.0,149.0,230.0
-6.0,330.0,148.0,230.0
-7.0,329.0,148.0,230.0
-9.0,327.0,148.0,231.0
-11.0,326.0,148.0,231.0
-14.0,326.0,147.0,231.0
-16.0,326.0,147.0,231.0
-18.0,326.0,147.0,231.0
-18.0,326.0,147.0,231.0
-18.0,326.0,147.0,231.0
-16.0,328.0,147.0,231.0
-14.0,329.0,147.0,231.0
-7.0,330.0,147.0,231.0
-0.0,332.0,148.0,231.0
7.0,334.0,148.0,230.0
19.0,336.0,148.0,230.0
29.0,336.0,148.0,230.0
39.0,336.0,148.0,230.0
45.0,334.0,148.0,230.0
47.0,332.0,148.0,230.0
51.0,330.0,148.0,231.0
55.0,328.0,149.0,231.0
57.0,328.0,149.0,231.0
61.0,326.0,149.0,231.0
63.0,326.0,149.0,231.0
69.0,326.0,149.0,231.0
73.0,326.0,149.0,231.0
75.0,326.0,149.0,231.0
79.0,326.0,149.0,231.0
83.0,328.0,149.0,231.0
87.0,330.0,149.0,231.0
89.0,330.0,149.0,231.0
91.0,332.0,149.0,230.0
93.0,332.0,149.0,230.0
97.0,334.0,149.0,230.0
100.0,332.0,149.0,230.0
103.0,330.0,149.0,231.0
105.0,328.0,149.0,231.0
107.0,326.0,149.0,231.0
107.0,324.0,149.0,231.0
109.0,323.0,148.0,231.0
112.0,323.0,148.0,231.0
115.0,321.0,148.0,231.0
118.0,321.0,148.0,232.0
120.0,320.0,149.0,232.0
128.0,320.0,149.0,232.0
134.0,320.0,149.0,232.0
142.0,322.0,149.0,232.0
147.0,322.0,149.0,232.0
153.0,324.0,149.0,231.0
165.0,326.0,149.0,231.0
175.0,326.0,149.0,231.0
185.0,328.0,149.0,231.0
196.0,328.0,149.0,231.0
206.0,328.0,148.0,231.0
220.0,327.0,148.0,231.0
230.0,327.0,148.0,231.0
238.0,325.0,148.0,231.0
246.0,325.0,148.0,231.0
254.0,323.0,148.0,231.0
264.0,323.0,148.0,231.0
272.0,323.0,149.0,231.0
280.0,323.0,150.0,231.0
288.0,323.0,150.0,231.0
296.0,324.0,150.0,231.0
306.0,324.0,150.0,231.0
312.0,326.0,149.0,231.0
320.0,326.0,149.0,231.0
328.0,328.0,149.0,231.0
337.0,330.0,148.0,230.0
349.0,331.0,148.0,230.0
359.0,331.0,148.0,230.0
370.0,331.0,147.0,230.0
380.0,331.0,147.0,230.0
389.0,329.0,147.0,230.0
400.0,327.0,147.0,230.0
408.0,325.0,147.0,230.0
416.0,325.0,147.0,231.0
423.0,325.0,147.0,231.0
431.0,325.0,147.0,231.0
439.0,325.0,147.0,231.0
447.0,325.0,147.0,231.0
455.0,325.0,147.0,231.0
463.0,325.0,147.0,231.0
471.0,325.0,147.0,231.0
479.0,327.0,147.0,231.0
486.0,328.0,147.0,231.0
492.0,329.0,147.0,230.0
498.0,331.0,146.0,230.0
504.0,331.0,146.0,230.0
510.0,332.0,146.0,230.0
512.0,332.0,146.0,230.0
515.0,331.0,146.0,230.0
519.0,329.0,146.0,230.0
523.0,329.0,146.0,230.0
525.0,327.0,146.0,230.0
525.0,327.0,147.0,230.0
525.0,327.0,148.0,230.0
527.0,327.0,148.0,230.0
527.0,325.0,148.0,230.0
531.0,325.0,148.0,230.0
533.0,327.0,148.0,230.0
537.0,329.0,148.0,230.0
541.0,331.0,148.0,230.0
545.0,332.0,148.0,230.0
553.0,335.0,148.0,230.0
562.0,337.0,147.0,229.0
571.0,337.0,146.0,229.0
579.0,337.0,146.0,229.0
589.0,337.0,146.0,229.0
601.0,336.0,146.0,229.0
609.0,336.0,146.0,229.0
616.0,334.0,146.0,229.0
623.0,334.0,146.0,229.0
627.0,334.0,146.0,229.0
635.0,334.0,146.0,229.0
639.0,334.0,146.0,229.0
643.0,334.0,146.0,229.0
647.0,336.0,146.0,229.0
649.0,336.0,146.0,229.0
649.0,337.0,146.0,229.0
648.0,337.0,146.0,229.0
646.0,339.0,146.0,229.0
644.0,341.0,146.0,228.0
642.0,343.0,146.0,228.0
638.0,346.0,146.0,227.0
636.0,347.0,146.0,227.0
633.0,347.0,146.0,227.0
630.0,347.0,146.0,227.0
628.0,347.0,147.0,227.0
626.0,346.0,147.0,227.0
622.0,346.0,147.0,227.0
620.0,346.0,147.0,227.0
618.0,346.0,147.0,227.0
617.0,346.0,147.0,227.0
613.0,346.0,147.0,227.0
610.0,346.0,147.0,227.0
608.0,346.0,147.0,227.0
606.0,347.0,147.0,227.0
604.0,347.0,147.0,227.0
602.0,349.0,147.0,227.0
600.0,351.0,147.0,227.0
598.0,354.0,147.0,227.0
596.0,354.0,146.0,226.0
596.0,356.0,146.0,226.0
594.0,356.0,146.0,226.0
594.0,354.0,146.0,226.0
593.0,354.0,146.0,226.0
591.0,352.0,146.0,227.0
589.0,350.0,146.0,227.0
586.0,348.0,146.0,227.0
582.0,348.0,146.0,227.0
576.0,346.0,146.0,227.0
569.0,346.0,146.0,227.0
563.0,344.0,146.0,227.0
553.0,344.0,146.0,228.0
545.0,344.0,146.0,228.0
538.0,344.0,146.0,228.0
530.0,344.0,146.0,228.0
522.0,346.0,146.0,228.0
512.0,346.0,146.0,228.0
506.0,346.0,146.0,228.0
502.0,347.0,146.0,228.0
498.0,346.0,146.0,228.0
496.0,346.0,146.0,228.0
494.0,344.0,146.0,228.0
492.0,342.0,146.0,228.0
490.0,340.0,146.0,228.0
488.0,338.0,146.0,228.0
486.0,336.0,147.0,229.0
484.0,334.0,147.0,229.0
482.0,332.0,147.0,229.0
477.0,330.0,147.0,230.0
475.0,329.0,147.0,230.0
473.0,327.0,147.0,230.0
469.0,326.0,147.0,230.0
467.0,326.0,147.0,230.0
463.0,326.0,147.0,230.0
461.0,326.0,147.0,230.0
459.0,326.0,147.0,230.0
457.0,326.0,147.0,230.0
455.0,326.0,147.0,230.0
453.0,326.0,147.0,230.0
451.0,324.0,147.0,230.0
450.0,320.0,147.0,231.0
448.0,318.0,147.0,231.0
446.0,314.0,147.0,231.0
443.0,312.0,147.0,232.0
441.0,311.0,147.0,232.0
439.0,309.0,147.0,232.0
434.0,307.0,147.0,233.0
432.0,307.0,147.0,233.0
428.0,305.0,147.0,233.0
426.0,305.0,147.0,233.0
421.0,305.0,147.0,233.0
417.0,305.0,147.0,233.0
413.0,305.0,147.0,233.0
409.0,305.0,147.0,233.0
405.0,307.0,147.0,233.0
401.0,307.0,147.0,233.0
398.0,307.0,147.0,233.0
394.0,307.0,147.0,233.0
390.0,305.0,147.0,233.0
386.0,305.0,147.0,234.0
382.0,303.0,147.0,234.0
378.0,300.0,147.0,234.0
374.0,300.0,148.0,234.0
370.0,300.0,148.0,235.0
368.0,298.0,148.0,235.0
364.0,298.0,149.0,235.0
360.0,298.0,149.0,235.0
358.0,298.0,149.0,235.0
356.0,298.0,149.0,235.0
354.0,298.0,149.0,235.0
352.0,298.0,149.0,235.0
350.0,298.0,149.0,235.0
350.0,298.0,149.0,235.0
350.0,298.0,149.0,235.0
350.0,298.0,149.0,235.0
352.0,298.0,149.0,235.0
356.0,298.0,149.0,235.0
360.0,296.0,149.0,235.0
364.0,295.0,149.0,236.0
367.0,293.0,149.0,236.0
371.0,293.0,149.0,236.0
375.0,293.0,148.0,236.0
377.0,291.0,148.0,236.0
381.0,291.0,148.0,236.0
385.0,291.0,148.0,236.0
389.0,291.0,148.0,236.0
393.0,289.0,148.0,236.0
397.0,289.0,148.0,236.0
399.0,289.0,148.0,236.0
403.0,289.0,148.0,236.0
407.0,289.0,148.0,236.0
414.0,289.0,148.0,236.0
420.0,289.0,148.0,236.0
424.0,289.0,148.0,237.0
427.0,289.0,148.0,237.0
431.0,287.0,148.0,237.0
438.0,285.0,148.0,237.0
442.0,285.0,148.0,237.0
446.0,283.0,148.0,238.0
450.0,283.0,149.0,238.0
454.0,282.0,149.0,238.0
462.0,280.0,149.0,238.0
466.0,280.0,149.0,238.0
471.0,280.0,149.0,238.0
477.0,279.0,150.0,238.0
481.0,279.0,150.0,238.0
491.0,279.0,150.0,238.0
497.0,279.0,150.0,238.0
503.0,279.0,149.0,238.0
509.0,279.0,149.0,238.0
515.0,279.0,148.0,238.0
523.0,277.0,148.0,239.0
531.0,277.0,148.0,239.0
537.0,275.0,148.0,239.0
542.0,273.0,148.0,239.0
548.0,273.0,149.0,239.0
553.0,271.0,149.0,239.0
558.0,270.0,149.0,240.0
562.0,268.0,148.0,240.0
566.0,268.0,148.0,240.0
571.0,266.0,148.0,240.0
575.0,266.0,148.0,240.0
579.0,266.0,148.0,240.0
583.0,266.0,148.0,240.0
587.0,265.0,148.0,240.0
589.0,265.0,148.0,240.0
593.0,265.0,148.0,240.0
597.0,265.0,148.0,240.0
599.0,265.0,148.0,240.0
601.0,265.0,148.0,240.0
605.0,264.0,148.0,240.0
607.0,264.0,148.0,240.0
611.0,262.0,148.0,241.0
613.0,262.0,148.0,241.0
615.0,261.0,148.0,242.0
618.0,260.0,148.0,242.0
620.0,260.0,148.0,242.0
621.0,260.0,148.0,242.0
621.0,260.0,148.0,242.0
621.0,260.0,148.0,242.0
621.0,260.0,148.0,242.0
623.0,260.0,148.0,242.0
626.0,260.0,148.0,242.0
628.0,261.0,148.0,242.0
632.0,263.0,148.0,241.0
632.0,266.0,148.0,241.0
634.0,268.0,148.0,240.0
636.0,268.0,148.0,240.0
638.0,268.0,148.0,240.0
641.0,268.0,148.0,240.0
642.0,268.0,148.0,240.0
643.0,268.0,147.0,240.0
643.0,268.0,147.0,240.0
645.0,268.0,147.0,240.0
648.0,268.0,147.0,240.0
650.0,268.0,147.0,240.0
650.0,268.0,147.0,240.0
652.0,268.0,147.0,240.0
652.0,268.0,147.0,240.0
652.0,270.0,147.0,240.0
652.0,270.0,147.0,240.0
652.0,271.0,147.0,240.0
653.0,273.0,147.0,240.0
653.0,274.0,147.0,240.0
653.0,276.0,147.0,239.0
655.0,278.0,147.0,239.0
655.0,278.0,147.0,239.0
657.0,278.0,147.0,239.0
657.0,278.0,147.0,239.0
657.0,279.0,147.0,239.0
659.0,279.0,147.0,239.0
659.0,281.0,147.0,239.0
659.0,283.0,147.0,239.0
660.0,285.0,147.0,239.0
660.0,287.0,147.0,238.0
660.0,291.0,148.0,238.0
660.0,295.0,148.0,238.0
660.0,298.0,148.0,237.0
662.0,302.0,148.0,236.0
662.0,306.0,147.0,236.0
664.0,308.0,147.0,236.0
665.0,310.0,147.0,235.0
667.0,310.0,147.0,235.0
669.0,311.0,147.0,235.0
672.0,310.0,147.0,235.0
674.0,310.0,147.0,235.0
678.0,308.0,146.0,236.0
680.0,306.0,146.0,236.0
682.0,306.0,145.0,236.0
682.0,304.0,145.0,236.0
683.0,304.0,145.0,236.0
685.0,302.0,145.0,236.0
685.0,302.0,145.0,236.0
685.0,302.0,145.0,236.0
685.0,302.0,145.0,236.0
685.0,302.0,146.0,236.0
685.0,302.0,146.0,236.0
683.0,302.0,147.0,236.0
683.0,302.0,147.0,236.0
684.0,302.0,147.0,236.0
684.0,302.0,147.0,236.0
683.0,302.0,147.0,236.0
683.0,302.0,147.0,236.0
683.0,300.0,147.0,236.0
683.0,300.0,147.0,237.0
683.0,298.0,147.0,237.0
682.0,295.0,147.0,237.0
682.0,295.0,147.0,238.0
682.0,295.0,147.0,238.0
682.0,295.0,147.0,238.0
680.0,295.0,147.0,238.0
680.0,295.0,148.0,238.0
680.0,295.0,148.0,238.0
680.0,295.0,147.0,238.0
680.0,295.0,147.0,238.0
680.0,297.0,147.0,238.0
680.0,297.0,147.0,238.0
681.0,298.0,147.0,238.0
681.0,298.0,147.0,238.0
684.0,298.0,147.0,238.0
686.0,298.0,147.0,238.0
690.0,298.0,147.0,238.0
692.0,298.0,146.0,238.0
694.0,298.0,146.0,238.0
694.0,297.0,146.0,238.0
695.0,296.0,146.0,238.0
695.0,296.0,146.0,238.0
695.0,296.0,146.0,238.0
693.0,296.0,146.0,238.0
692.0,296.0,146.0,238.0
691.0,296.0,146.0,238.0
690.0,296.0,146.0,238.0
688.0,296.0,146.0,238.0
686.0,296.0,146.0,238.0
682.0,296.0,146.0,238.0
680.0,298.0,146.0,238.0
680.0,298.0,146.0,238.0
678.0,298.0,146.0,238.0
678.0,296.0,146.0,238.0
677.0,296.0,146.0,238.0
676.0,294.0,146.0,239.0
674.0,292.0,146.0,239.0
674.0,290.0,146.0,239.0
672.0,290.0,146.0,239.0
669.0,288.0,146.0,239.0
667.0,288.0,146.0,239.0
663.0,286.0,147.0,239.0
661.0,286.0,147.0,240.0
657.0,286.0,148.0,240.0
655.0,286.0,148.0,240.0
653.0,286.0,148.0,240.0
651.0,286.0,148.0,240.0
649.0,288.0,148.0,240.0
647.0,288.0,148.0,239.0
645.0,288.0,148.0,239.0
645.0,288.0,148.0,239.0
643.0,288.0,148.0,239.0
643.0,286.0,148.0,239.0
642.0,286.0,147.0,240.0
641.0,284.0,146.0,240.0
639.0,282.0,145.0,240.0
637.0,282.0,145.0,240.0
635.0,282.0,145.0,240.0
631.0,280.0,145.0,240.0
627.0,280.0,145.0,240.0
623.0,280.0,145.0,240.0
619.0,280.0,145.0,240.0
615.0,280.0,146.0,240.0
611.0,280.0,146.0,240.0
607.0,280.0,146.0,240.0
603.0,280.0,146.0,240.0
599.0,282.0,146.0,240.0
597.0,282.0,146.0,240.0
595.0,282.0,146.0,240.0
593.0,282.0,146.0,240.0
591.0,282.0,146.0,240.0
589.0,280.0,146.0,240.0
587.0,278.0,146.0,240.0
585.0,278.0,146.0,240.0
583.0,276.0,146.0,241.0
581.0,276.0,146.0,241.0
578.0,276.0,146.0,241.0
575.0,274.0,146.0,241.0
573.0,274.0,146.0,241.0
570.0,274.0,147.0,241.0
567.0,274.0,147.0,241.0
562.0,276.0,147.0,241.0
559.0,278.0,147.0,241.0
556.0,280.0,147.0,241.0
553.0,280.0,147.0,240.0
551.0,282.0,147.0,240.0
550.0,282.0,147.0,240.0
548.0,282.0,147.0,240.0
548.0,282.0,146.0,240.0
546.0,280.0,146.0,240.0
544.0,280.0,146.0,240.0
540.0,278.0,146.0,240.0
537.0,277.0,146.0,240.0
533.0,277.0,146.0,240.0
528.0,277.0,146.0,240.0
522.0,275.0,146.0,241.0
516.0,274.0,146.0,241.0
510.0,274.0,146.0,241.0
508.0,274.0,146.0,241.0
506.0,274.0,146.0,241.0
504.0,276.0,146.0,241.0
500.0,276.0,146.0,241.0
495.0,276.0,146.0,241.0
491.0,276.0,146.0,241.0
487.0,276.0,146.0,241.0
483.0,276.0,146.0,241.0
479.0,274.0,146.0,241.0
476.0,274.0,146.0,241.0
474.0,272.0,146.0,241.0
471.0,270.0,146.0,242.0
468.0,270.0,146.0,242.0
466.0,268.0,146.0,242.0
464.0,266.0,146.0,243.0
462.0,264.0,146.0,243.0
460.0,264.0,146.0,243.0
456.0,262.0,146.0,243.0
452.0,262.0,147.0,243.0
450.0,262.0,147.0,243.0
448.0,264.0,147.0,243.0
446.0,264.0,147.0,243.0
444.0,266.0,147.0,242.0
442.0,266.0,147.0,242.0
442.0,268.0,147.0,242.0
440.0,268.0,147.0,242.0
439.0,268.0,147.0,242.0
437.0,266.0,147.0,242.0
435.0,264.0,146.0,243.0
433.0,264.0,145.0,243.0
431.0,264.0,145.0,243.0
428.0,262.0,145.0,243.0
426.0,262.0,145.0,243.0
421.0,262.0,145.0,243.0
419.0,262.0,145.0,243.0
417.0,260.0,145.0,243.0
413.0,260.0,146.0,243.0
411.0,260.0,146.0,243.0
409.0,262.0,146.0,243.0
407.0,262.0,146.0,243.0
405.0,262.0,146.0,243.0
403.0,262.0,146.0,243.0
401.0,262.0,146.0,243.0
399.0,262.0,146.0,243.0
397.0,262.0,146.0,243.0
395.0,261.0,146.0,243.0
394.0,259.0,146.0,244.0
392.0,257.0,146.0,244.0
391.0,255.0,146.0,244.0
389.0,254.0,146.0,244.0
388.0,252.0,147.0,244.0
387.0,252.0,147.0,244.0
387.0,250.0,147.0,244.0
385.0,250.0,148.0,244.0
383.0,248.0,148.0,245.0
382.0,248.0,149.0,245.0
380.0,247.0,149.0,245.0
380.0,247.0,149.0,245.0
380.0,249.0,149.0,245.0
380.0,249.0,149.0,245.0
380.0,249.0,149.0,245.0
380.0,249.0,149.0,245.0
380.0,249.0,149.0,245.0
380.0,247.0,149.0,246.0
380.0,245.0,149.0,246.0
379.0,243.0,149.0,246.0
379.0,241.0,149.0,246.0
379.0,239.0,149.0,247.0
377.0,237.0,149.0,247.0
377.0,235.0,148.0,247.0
376.0,235.0,148.0,247.0
374.0,233.0,147.0,248.0
374.0,233.0,147.0,248.0
372.0,231.0,147.0,248.0
369.0,231.0,147.0,248.0
369.0,231.0,148.0,248.0
368.0,231.0,148.0,248.0
366.0,231.0,148.0,248.0
366.0,231.0,148.0,248.0
364.0,231.0,148.0,248.0
362.0,229.0,148.0,248.0
360.0,227.0,148.0,248.0
360.0,224.0,148.0,249.0
358.0,220.0,148.0,249.0
356.0,218.0,148.0,250.0
354.0,216.0,149.0,250.0
352.0,214.0,149.0,250.0
350.0,212.0,150.0,251.0
348.0,210.0,150.0,251.0
346.0,208.0,151.0,251.0
344.0,207.0,151.0,251.0
342.0,207.0,151.0,251.0
340.0,207.0,152.0,251.0
338.0,207.0,152.0,251.0
338.0,207.0,152.0,251.0
336.0,207.0,152.0,251.0
336.0,207.0,152.0,251.0
336.0,207.0,152.0,251.0
336.0,207.0,152.0,251.0
336.0,204.0,151.0,252.0
335.0,200.0,151.0,252.0
335.0,198.0,150.0,253.0
335.0,196.0,150.0,253.0
333.0,194.0,150.0,253.0
331.0,192.0,150.0,253.0
329.0,190.0,150.0,253.0
329.0,190.0,150.0,253.0
327.0,190.0,150.0,253.0
323.0,190.0,150.0,253.0
321.0,192.0,150.0,253.0
319.0,192.0,150.0,253.0
