794.0,218.0,62.0,139.0
795.0,220.0,61.0,137.0
795.0,219.0,62.0,139.0
796.0,219.0,62.0,139.0
796.0,220.0,61.0,137.0
797.0,221.0,61.0,137.0
798.0,222.0,59.0,134.0
798.0,222.0,60.0,134.0
799.0,222.0,60.0,134.0
799.0,222.0,60.0,134.0
799.0,224.0,60.0,132.0
799.0,223.0,60.0,132.0
800.0,223.0,59.0,130.0
801.0,223.0,58.0,129.0
802.0,222.0,58.0,129.0
802.0,222.0,59.0,130.0
801.0,221.0,59.0,130.0
801.0,219.0,61.0,135.0
801.0,219.0,61.0,135.0
801.0,218.0,62.0,138.0
800.0,215.0,64.0,142.0
800.0,213.0,65.0,145.0
798.0,211.0,67.0,150.0
798.0,208.0,70.0,155.0
798.0,206.0,71.0,159.0
799.0,208.0,69.0,156.0
798.0,206.0,69.0,159.0
797.0,204.0,70.0,161.0
797.0,205.0,69.0,159.0
797.0,204.0,69.0,159.0
797.0,204.0,69.0,159.0
796.0,203.0,69.0,159.0
796.0,200.0,70.0,161.0
796.0,200.0,69.0,159.0
796.0,198.0,71.0,161.0
795.0,198.0,70.0,159.0
796.0,197.0,70.0,159.0
795.0,196.0,70.0,159.0
796.0,196.0,70.0,159.0
796.0,196.0,70.0,159.0
795.0,195.0,70.0,159.0
795.0,195.0,69.0,156.0
794.0,195.0,69.0,156.0
793.0,194.0,69.0,155.0
793.0,194.0,70.0,157.0
793.0,195.0,70.0,157.0
793.0,194.0,70.0,157.0
793.0,194.0,70.0,157.0
792.0,194.0,70.0,157.0
792.0,194.0,70.0,157.0
792.0,193.0,70.0,157.0
792.0,193.0,70.0,157.0
793.0,193.0,70.0,157.0
792.0,190.0,71.0,160.0
793.0,190.0,71.0,161.0
793.0,190.0,70.0,159.0
795.0,190.0,70.0,160.0
795.0,189.0,70.0,160.0
795.0,188.0,71.0,160.0
796.0,189.0,70.0,157.0
796.0,186.0,72.0,161.0
796.0,186.0,72.0,160.0
796.0,185.0,73.0,160.0
796.0,185.0,73.0,159.0
796.0,183.0,73.0,160.0
797.0,182.0,73.0,160.0
798.0,181.0,72.0,157.0
799.0,181.0,72.0,157.0
799.0,181.0,70.0,155.0
799.0,182.0,69.0,153.0
800.0,181.0,69.0,153.0
801.0,180.0,69.0,153.0
802.0,181.0,68.0,150.0
802.0,180.0,68.0,150.0
802.0,178.0,68.0,150.0
802.0,178.0,67.0,147.0
802.0,177.0,68.0,150.0
802.0,177.0,67.0,147.0
802.0,176.0,68.0,150.0
802.0,176.0,67.0,147.0
802.0,176.0,67.0,147.0
802.0,175.0,67.0,150.0
802.0,174.0,67.0,150.0
801.0,173.0,66.0,150.0
801.0,172.0,66.0,150.0
801.0,171.0,66.0,150.0
800.0,169.0,67.0,153.0
799.0,166.0,68.0,155.0
799.0,165.0,68.0,155.0
798.0,164.0,68.0,155.0
797.0,160.0,70.0,157.0
798.0,160.0,68.0,155.0
202.0,46.0,10.0,28.0
797.0,165.0,66.0,139.0
796.0,164.0,66.0,138.0
796.0,164.0,66.0,137.0
795.0,163.0,67.0,136.0
795.0,162.0,67.0,136.0
796.0,162.0,66.0,134.0
795.0,160.0,66.0,136.0
795.0,159.0,66.0,136.0
794.0,159.0,67.0,138.0
794.0,158.0,67.0,138.0
795.0,158.0,66.0,136.0
794.0,157.0,67.0,139.0
793.0,156.0,67.0,139.0
793.0,155.0,69.0,141.0
793.0,152.0,70.0,144.0
794.0,152.0,69.0,142.0
794.0,149.0,70.0,144.0
793.0,146.0,71.0,146.0
794.0,144.0,72.0,149.0
795.0,142.0,71.0,147.0
796.0,141.0,70.0,144.0
796.0,140.0,67.0,140.0
797.0,139.0,66.0,137.0
796.0,138.0,66.0,134.0
793.0,136.0,66.0,134.0
790.0,135.0,66.0,134.0
787.0,134.0,64.0,129.0
781.0,132.0,65.0,131.0
776.0,130.0,64.0,131.0
771.0,128.0,64.0,131.0
764.0,127.0,64.0,131.0
757.0,125.0,64.0,131.0
748.0,123.0,65.0,131.0
740.0,122.0,65.0,131.0
731.0,120.0,65.0,132.0
720.0,117.0,66.0,135.0
710.0,115.0,66.0,138.0
699.0,113.0,67.0,140.0
688.0,110.0,69.0,142.0
676.0,107.0,70.0,144.0
666.0,105.0,69.0,142.0
655.0,102.0,70.0,144.0
644.0,100.0,69.0,142.0
636.0,99.0,67.0,139.0
626.0,96.0,68.0,142.0
616.0,94.0,68.0,142.0
609.0,95.0,66.0,137.0
601.0,93.0,66.0,136.0
594.0,92.0,66.0,136.0
588.0,91.0,66.0,136.0
583.0,90.0,66.0,134.0
578.0,90.0,66.0,134.0
575.0,88.0,66.0,134.0
571.0,88.0,66.0,135.0
567.0,87.0,66.0,135.0
565.0,86.0,66.0,135.0
562.0,86.0,66.0,135.0
560.0,85.0,66.0,135.0
559.0,85.0,64.0,133.0
557.0,85.0,64.0,133.0
556.0,85.0,64.0,133.0
554.0,83.0,65.0,135.0
552.0,81.0,65.0,135.0
552.0,79.0,65.0,135.0
550.0,77.0,66.0,137.0
549.0,75.0,67.0,139.0
548.0,73.0,67.0,139.0
548.0,72.0,66.0,137.0
549.0,72.0,64.0,133.0
548.0,72.0,63.0,130.0
547.0,71.0,63.0,130.0
546.0,70.0,63.0,129.0
546.0,69.0,63.0,129.0
545.0,69.0,62.0,127.0
545.0,69.0,61.0,124.0
544.0,68.0,61.0,126.0
545.0,68.0,60.0,122.0
544.0,68.0,61.0,125.0
543.0,67.0,61.0,125.0
542.0,66.0,62.0,128.0
541.0,66.0,61.0,128.0
541.0,65.0,61.0,128.0
138.0,20.0,10.0,25.0
542.0,69.0,58.0,118.0
541.0,69.0,59.0,119.0
539.0,67.0,60.0,122.0
539.0,66.0,60.0,122.0
537.0,64.0,61.0,123.0
536.0,63.0,61.0,123.0
536.0,63.0,60.0,121.0
535.0,62.0,60.0,121.0
534.0,62.0,60.0,121.0
533.0,61.0,60.0,120.0
532.0,61.0,60.0,120.0
532.0,62.0,59.0,118.0
531.0,61.0,59.0,118.0
531.0,62.0,58.0,117.0
530.0,61.0,57.0,115.0
530.0,62.0,57.0,115.0
529.0,61.0,58.0,118.0
529.0,62.0,57.0,116.0
528.0,61.0,58.0,118.0
527.0,64.0,56.0,114.0
527.0,63.0,57.0,116.0
526.0,63.0,58.0,118.0
526.0,63.0,58.0,118.0
525.0,63.0,56.0,116.0
524.0,62.0,59.0,120.0
523.0,61.0,60.0,123.0
522.0,61.0,60.0,122.0
522.0,62.0,60.0,122.0
521.0,62.0,60.0,122.0
520.0,61.0,61.0,123.0
520.0,61.0,60.0,122.0
521.0,62.0,59.0,119.0
521.0,64.0,58.0,118.0
521.0,64.0,58.0,118.0
521.0,66.0,57.0,116.0
521.0,67.0,57.0,116.0
521.0,68.0,57.0,116.0
521.0,69.0,57.0,116.0
519.0,70.0,58.0,118.0
519.0,70.0,58.0,118.0
519.0,72.0,57.0,116.0
518.0,74.0,57.0,116.0
518.0,74.0,58.0,118.0
517.0,76.0,57.0,116.0
517.0,78.0,57.0,116.0
516.0,79.0,58.0,118.0
516.0,80.0,57.0,116.0
516.0,80.0,58.0,118.0
515.0,81.0,58.0,118.0
514.0,82.0,58.0,118.0
515.0,83.0,57.0,116.0
514.0,86.0,56.0,114.0
514.0,86.0,56.0,114.0
513.0,87.0,56.0,114.0
513.0,90.0,55.0,111.0
513.0,92.0,55.0,111.0
512.0,92.0,56.0,113.0
513.0,94.0,55.0,111.0
513.0,97.0,55.0,111.0
513.0,98.0,55.0,111.0
512.0,99.0,56.0,113.0
512.0,101.0,56.0,113.0
511.0,104.0,56.0,111.0
512.0,107.0,56.0,111.0
510.0,108.0,57.0,114.0
512.0,112.0,55.0,110.0
511.0,113.0,56.0,111.0
512.0,116.0,56.0,111.0
510.0,117.0,57.0,114.0
511.0,120.0,56.0,111.0
511.0,121.0,57.0,115.0
510.0,123.0,57.0,116.0
509.0,123.0,59.0,118.0
508.0,123.0,59.0,119.0
508.0,125.0,59.0,119.0
509.0,127.0,57.0,117.0
509.0,129.0,57.0,118.0
510.0,132.0,57.0,116.0
509.0,133.0,57.0,116.0
509.0,134.0,56.0,113.0
509.0,136.0,56.0,113.0
509.0,139.0,55.0,111.0
509.0,141.0,56.0,112.0
509.0,143.0,56.0,112.0
508.0,145.0,56.0,112.0
509.0,148.0,55.0,110.0
508.0,150.0,56.0,111.0
508.0,153.0,56.0,111.0
508.0,154.0,57.0,114.0
508.0,157.0,56.0,112.0
507.0,159.0,57.0,114.0
506.0,161.0,57.0,115.0
506.0,162.0,57.0,117.0
505.0,162.0,60.0,120.0
128.0,43.0,10.0,26.0
501.0,158.0,62.0,138.0
501.0,159.0,62.0,138.0
501.0,161.0,61.0,136.0
501.0,161.0,62.0,137.0
501.0,164.0,61.0,135.0
502.0,166.0,60.0,132.0
502.0,167.0,60.0,132.0
503.0,171.0,58.0,128.0
503.0,172.0,58.0,128.0
504.0,175.0,56.0,124.0
505.0,177.0,56.0,124.0
505.0,179.0,56.0,125.0
505.0,181.0,56.0,125.0
505.0,183.0,55.0,124.0
507.0,188.0,54.0,120.0
508.0,191.0,53.0,118.0
508.0,193.0,53.0,118.0
508.0,195.0,53.0,118.0
510.0,195.0,54.0,121.0
510.0,196.0,54.0,122.0
511.0,197.0,54.0,122.0
511.0,197.0,54.0,123.0
513.0,198.0,54.0,123.0
513.0,198.0,55.0,125.0
514.0,200.0,54.0,123.0
514.0,202.0,55.0,124.0
515.0,204.0,54.0,122.0
516.0,205.0,54.0,122.0
517.0,206.0,54.0,121.0
518.0,208.0,54.0,121.0
519.0,210.0,54.0,120.0
519.0,213.0,53.0,117.0
521.0,216.0,52.0,116.0
522.0,218.0,52.0,116.0
523.0,219.0,52.0,116.0
523.0,221.0,52.0,116.0
524.0,223.0,52.0,116.0
525.0,226.0,51.0,114.0
526.0,228.0,51.0,114.0
527.0,230.0,50.0,113.0
527.0,230.0,51.0,115.0
527.0,231.0,51.0,115.0
528.0,232.0,51.0,115.0
529.0,233.0,50.0,114.0
529.0,234.0,50.0,114.0
530.0,235.0,50.0,114.0
531.0,236.0,50.0,113.0
532.0,236.0,51.0,114.0
533.0,238.0,50.0,113.0
535.0,239.0,50.0,111.0
536.0,240.0,50.0,111.0
538.0,242.0,50.0,111.0
540.0,243.0,50.0,111.0
541.0,245.0,50.0,111.0
542.0,247.0,49.0,110.0
545.0,249.0,48.0,109.0
546.0,250.0,49.0,111.0
547.0,251.0,50.0,112.0
549.0,252.0,50.0,113.0
550.0,253.0,50.0,113.0
552.0,254.0,50.0,113.0
553.0,254.0,50.0,113.0
555.0,254.0,50.0,115.0
556.0,252.0,52.0,118.0
557.0,252.0,53.0,120.0
559.0,253.0,53.0,120.0
561.0,252.0,54.0,122.0
562.0,252.0,55.0,124.0
564.0,253.0,55.0,124.0
565.0,253.0,56.0,125.0
567.0,254.0,56.0,124.0
568.0,255.0,56.0,124.0
570.0,256.0,56.0,124.0
572.0,257.0,56.0,125.0
574.0,258.0,56.0,126.0
576.0,258.0,56.0,126.0
578.0,259.0,56.0,126.0
579.0,261.0,56.0,126.0
581.0,262.0,56.0,126.0
583.0,263.0,56.0,126.0
584.0,264.0,56.0,126.0
586.0,264.0,56.0,126.0
587.0,265.0,56.0,126.0
588.0,265.0,56.0,126.0
590.0,264.0,56.0,128.0
594.0,264.0,57.0,130.0
595.0,264.0,57.0,130.0
596.0,264.0,59.0,132.0
598.0,264.0,57.0,129.0
602.0,263.0,59.0,131.0
603.0,265.0,57.0,128.0
153.0,69.0,11.0,27.0
601.0,272.0,72.0,124.0
604.0,274.0,71.0,122.0
606.0,275.0,71.0,122.0
611.0,277.0,69.0,120.0
614.0,278.0,68.0,120.0
616.0,279.0,68.0,120.0
618.0,280.0,69.0,121.0
622.0,282.0,69.0,122.0
626.0,282.0,68.0,122.0
629.0,284.0,68.0,122.0
632.0,282.0,70.0,126.0
634.0,282.0,72.0,129.0
637.0,281.0,72.0,129.0
639.0,280.0,74.0,132.0
642.0,280.0,74.0,132.0
647.0,279.0,74.0,131.0
648.0,279.0,76.0,133.0
653.0,279.0,75.0,130.0
655.0,279.0,75.0,130.0
661.0,280.0,73.0,126.0
663.0,280.0,74.0,127.0
665.0,280.0,74.0,127.0
670.0,281.0,73.0,126.0
673.0,282.0,73.0,126.0
676.0,283.0,73.0,126.0
680.0,282.0,74.0,128.0
682.0,283.0,74.0,129.0
686.0,284.0,73.0,128.0
688.0,284.0,74.0,130.0
690.0,284.0,74.0,130.0
693.0,283.0,75.0,132.0
696.0,282.0,75.0,133.0
698.0,280.0,76.0,136.0
701.0,279.0,76.0,137.0
703.0,279.0,77.0,138.0
706.0,278.0,76.0,134.0
708.0,277.0,77.0,136.0
710.0,276.0,77.0,135.0
713.0,276.0,78.0,135.0
715.0,276.0,79.0,135.0
717.0,276.0,79.0,135.0
719.0,275.0,79.0,135.0
721.0,276.0,78.0,132.0
723.0,275.0,79.0,135.0
724.0,275.0,79.0,135.0
726.0,277.0,78.0,132.0
728.0,277.0,78.0,132.0
731.0,278.0,76.0,130.0
733.0,279.0,76.0,130.0
733.0,278.0,78.0,133.0
735.0,278.0,78.0,133.0
737.0,278.0,78.0,134.0
737.0,277.0,79.0,134.0
739.0,277.0,77.0,131.0
740.0,276.0,76.0,129.0
741.0,273.0,78.0,131.0
743.0,273.0,76.0,128.0
743.0,271.0,78.0,130.0
742.0,272.0,76.0,126.0
738.0,270.0,76.0,128.0
733.0,268.0,77.0,128.0
726.0,268.0,76.0,126.0
718.0,267.0,75.0,126.0
709.0,267.0,73.0,124.0
698.0,268.0,71.0,120.0
686.0,266.0,71.0,120.0
674.0,266.0,70.0,119.0
660.0,264.0,71.0,120.0
646.0,263.0,72.0,122.0
633.0,263.0,72.0,122.0
619.0,263.0,72.0,123.0
605.0,262.0,72.0,124.0
592.0,261.0,72.0,124.0
577.0,260.0,72.0,125.0
563.0,258.0,73.0,127.0
549.0,258.0,73.0,127.0
537.0,257.0,75.0,129.0
524.0,257.0,76.0,130.0
511.0,256.0,77.0,132.0
501.0,256.0,77.0,131.0
492.0,258.0,74.0,127.0
483.0,258.0,73.0,126.0
475.0,257.0,74.0,128.0
468.0,259.0,73.0,127.0
463.0,260.0,71.0,125.0
456.0,261.0,72.0,125.0
449.0,261.0,74.0,128.0
444.0,261.0,75.0,128.0
440.0,261.0,75.0,130.0
436.0,261.0,76.0,133.0
433.0,262.0,76.0,133.0
431.0,262.0,76.0,133.0
431.0,262.0,76.0,132.0
430.0,259.0,77.0,134.0
428.0,258.0,77.0,135.0
112.0,67.0,11.0,29.0
422.0,248.0,73.0,151.0
420.0,246.0,73.0,152.0
420.0,244.0,74.0,151.0
419.0,243.0,74.0,150.0
417.0,240.0,75.0,153.0
416.0,238.0,76.0,156.0
415.0,238.0,74.0,153.0
415.0,237.0,74.0,153.0
415.0,236.0,75.0,153.0
414.0,236.0,75.0,153.0
414.0,235.0,76.0,153.0
413.0,235.0,75.0,150.0
412.0,233.0,77.0,153.0
411.0,231.0,77.0,154.0
410.0,230.0,77.0,154.0
410.0,227.0,79.0,157.0
410.0,225.0,79.0,157.0
410.0,225.0,77.0,156.0
410.0,224.0,76.0,153.0
410.0,221.0,76.0,153.0
409.0,219.0,76.0,153.0
408.0,216.0,76.0,153.0
408.0,213.0,76.0,152.0
408.0,211.0,76.0,152.0
408.0,210.0,75.0,150.0
407.0,209.0,75.0,149.0
407.0,207.0,75.0,149.0
406.0,205.0,75.0,148.0
406.0,203.0,75.0,148.0
406.0,201.0,75.0,148.0
406.0,200.0,75.0,148.0
405.0,199.0,75.0,148.0
406.0,197.0,75.0,148.0
406.0,196.0,75.0,148.0
405.0,195.0,75.0,148.0
406.0,194.0,75.0,148.0
406.0,193.0,75.0,148.0
407.0,191.0,75.0,149.0
407.0,190.0,75.0,149.0
406.0,187.0,76.0,152.0
406.0,185.0,75.0,152.0
407.0,183.0,76.0,155.0
406.0,180.0,77.0,157.0
407.0,178.0,76.0,155.0
407.0,177.0,75.0,152.0
408.0,175.0,76.0,153.0
408.0,173.0,75.0,152.0
408.0,172.0,74.0,151.0
409.0,170.0,74.0,150.0
409.0,169.0,74.0,150.0
409.0,167.0,74.0,150.0
409.0,165.0,73.0,150.0
410.0,164.0,73.0,150.0
410.0,163.0,72.0,150.0
411.0,162.0,72.0,150.0
411.0,160.0,72.0,150.0
412.0,160.0,71.0,148.0
412.0,159.0,71.0,148.0
412.0,158.0,72.0,149.0
412.0,157.0,71.0,147.0
411.0,155.0,73.0,150.0
412.0,154.0,72.0,150.0
412.0,154.0,72.0,150.0
411.0,151.0,73.0,152.0
411.0,149.0,73.0,152.0
411.0,146.0,74.0,156.0
410.0,143.0,76.0,158.0
410.0,142.0,74.0,155.0
409.0,139.0,76.0,157.0
409.0,140.0,75.0,154.0
409.0,136.0,76.0,156.0
410.0,137.0,75.0,153.0
410.0,135.0,75.0,153.0
107.0,38.0,11.0,27.0
420.0,140.0,67.0,132.0
421.0,138.0,69.0,135.0
421.0,138.0,69.0,135.0
422.0,137.0,68.0,135.0
422.0,136.0,69.0,137.0
422.0,134.0,70.0,140.0
423.0,134.0,71.0,142.0
423.0,132.0,73.0,145.0
424.0,132.0,73.0,145.0
424.0,130.0,74.0,147.0
425.0,132.0,71.0,143.0
425.0,129.0,73.0,145.0
426.0,127.0,74.0,147.0
427.0,126.0,73.0,145.0
428.0,125.0,73.0,145.0
429.0,124.0,73.0,144.0
430.0,123.0,73.0,144.0
429.0,122.0,72.0,144.0
428.0,121.0,72.0,143.0
428.0,121.0,72.0,143.0
426.0,121.0,72.0,143.0
425.0,121.0,72.0,143.0
424.0,122.0,71.0,141.0
422.0,121.0,71.0,141.0
420.0,122.0,71.0,139.0
418.0,122.0,71.0,139.0
416.0,123.0,71.0,140.0
413.0,124.0,70.0,140.0
411.0,125.0,70.0,141.0
407.0,125.0,71.0,143.0
405.0,126.0,70.0,140.0
403.0,125.0,71.0,143.0
400.0,127.0,70.0,140.0
398.0,125.0,71.0,143.0
395.0,124.0,73.0,145.0
394.0,123.0,73.0,145.0
393.0,123.0,71.0,143.0
391.0,121.0,73.0,145.0
391.0,122.0,71.0,142.0
390.0,121.0,71.0,142.0
390.0,121.0,70.0,139.0
390.0,121.0,71.0,139.0
389.0,122.0,71.0,138.0
388.0,121.0,72.0,140.0
389.0,123.0,70.0,136.0
386.0,123.0,71.0,138.0
386.0,125.0,70.0,136.0
386.0,124.0,70.0,136.0
385.0,125.0,69.0,134.0
383.0,123.0,71.0,139.0
383.0,123.0,71.0,140.0
382.0,124.0,71.0,140.0
382.0,123.0,72.0,142.0
381.0,123.0,72.0,142.0
380.0,123.0,72.0,142.0
378.0,122.0,74.0,145.0
378.0,121.0,74.0,145.0
376.0,120.0,75.0,147.0
376.0,120.0,74.0,145.0
374.0,119.0,75.0,147.0
373.0,120.0,74.0,145.0
373.0,120.0,74.0,145.0
372.0,119.0,74.0,144.0
371.0,119.0,74.0,144.0
370.0,120.0,72.0,141.0
369.0,122.0,71.0,139.0
368.0,120.0,72.0,141.0
368.0,122.0,70.0,136.0
366.0,123.0,70.0,136.0
365.0,124.0,70.0,134.0
363.0,125.0,71.0,134.0
361.0,126.0,71.0,134.0
359.0,128.0,71.0,134.0
357.0,129.0,71.0,134.0
355.0,130.0,71.0,134.0
353.0,131.0,70.0,132.0
90.0,36.0,13.0,27.0
344.0,135.0,80.0,135.0
341.0,134.0,83.0,139.0
337.0,132.0,86.0,144.0
335.0,134.0,83.0,139.0
333.0,134.0,85.0,142.0
330.0,135.0,85.0,142.0
328.0,135.0,84.0,141.0
325.0,135.0,86.0,143.0
325.0,136.0,84.0,141.0
322.0,139.0,82.0,139.0
321.0,140.0,82.0,139.0
316.0,138.0,85.0,143.0
316.0,141.0,83.0,141.0
315.0,144.0,81.0,139.0
314.0,144.0,81.0,139.0
313.0,149.0,77.0,132.0
310.0,147.0,80.0,136.0
310.0,149.0,80.0,136.0
308.0,149.0,81.0,139.0
309.0,151.0,82.0,139.0
308.0,151.0,83.0,141.0
309.0,149.0,84.0,143.0
312.0,150.0,82.0,141.0
315.0,148.0,83.0,144.0
320.0,147.0,83.0,144.0
325.0,145.0,85.0,146.0
331.0,144.0,86.0,148.0
337.0,142.0,87.0,150.0
346.0,143.0,87.0,150.0
352.0,142.0,86.0,150.0
360.0,142.0,86.0,150.0
367.0,140.0,88.0,153.0
376.0,141.0,88.0,153.0
382.0,141.0,88.0,153.0
390.0,141.0,88.0,153.0
397.0,142.0,88.0,153.0
404.0,142.0,88.0,153.0
409.0,142.0,88.0,153.0
417.0,144.0,88.0,153.0
421.0,145.0,86.0,150.0
427.0,148.0,83.0,144.0
431.0,150.0,82.0,141.0
434.0,152.0,80.0,139.0
440.0,153.0,79.0,137.0
441.0,154.0,80.0,139.0
444.0,155.0,79.0,137.0
443.0,154.0,80.0,139.0
443.0,154.0,82.0,141.0
445.0,156.0,80.0,139.0
444.0,157.0,80.0,139.0
444.0,158.0,80.0,139.0
443.0,160.0,80.0,140.0
440.0,163.0,80.0,141.0
438.0,163.0,82.0,144.0
436.0,165.0,82.0,144.0
433.0,167.0,83.0,146.0
432.0,169.0,83.0,146.0
432.0,172.0,82.0,144.0
430.0,173.0,83.0,146.0
428.0,175.0,83.0,146.0
428.0,178.0,82.0,144.0
425.0,180.0,83.0,146.0
425.0,182.0,82.0,144.0
423.0,184.0,82.0,144.0
421.0,185.0,83.0,146.0
418.0,186.0,83.0,146.0
418.0,187.0,83.0,146.0
415.0,189.0,83.0,146.0
414.0,190.0,83.0,146.0
412.0,192.0,83.0,146.0
410.0,193.0,83.0,146.0
408.0,194.0,85.0,148.0
406.0,194.0,86.0,150.0
405.0,196.0,86.0,150.0
404.0,200.0,85.0,148.0
402.0,201.0,86.0,150.0
400.0,203.0,86.0,150.0
398.0,204.0,88.0,153.0
397.0,206.0,88.0,154.0
396.0,209.0,88.0,154.0
394.0,210.0,89.0,157.0
392.0,214.0,88.0,154.0
390.0,215.0,90.0,155.0
388.0,218.0,90.0,154.0
101.0,58.0,11.0,26.0
389.0,220.0,73.0,138.0
389.0,223.0,71.0,136.0
385.0,224.0,73.0,138.0
382.0,225.0,74.0,140.0
379.0,226.0,74.0,140.0
377.0,228.0,74.0,140.0
375.0,229.0,74.0,140.0
373.0,231.0,75.0,143.0
371.0,232.0,75.0,143.0
370.0,235.0,75.0,143.0
368.0,237.0,76.0,143.0
366.0,238.0,77.0,145.0
365.0,242.0,76.0,143.0
363.0,244.0,76.0,143.0
361.0,246.0,76.0,143.0
360.0,249.0,76.0,141.0
359.0,251.0,76.0,141.0
359.0,254.0,75.0,139.0
357.0,256.0,76.0,141.0
355.0,259.0,76.0,141.0
353.0,260.0,77.0,144.0
353.0,263.0,76.0,142.0
351.0,265.0,77.0,142.0
348.0,265.0,77.0,145.0
347.0,266.0,77.0,145.0
345.0,267.0,77.0,145.0
343.0,269.0,77.0,145.0
341.0,270.0,77.0,145.0
339.0,272.0,77.0,145.0
338.0,272.0,79.0,147.0
337.0,274.0,78.0,147.0
336.0,276.0,78.0,147.0
335.0,277.0,78.0,147.0
334.0,279.0,79.0,147.0
332.0,282.0,77.0,145.0
332.0,284.0,77.0,145.0
331.0,286.0,77.0,142.0
331.0,289.0,75.0,140.0
330.0,290.0,75.0,140.0
330.0,292.0,75.0,140.0
328.0,294.0,75.0,140.0
328.0,295.0,76.0,140.0
326.0,296.0,78.0,142.0
324.0,297.0,79.0,142.0
323.0,298.0,79.0,142.0
323.0,297.0,79.0,142.0
322.0,297.0,80.0,142.0
323.0,298.0,80.0,142.0
323.0,299.0,78.0,139.0
325.0,299.0,80.0,141.0
326.0,298.0,80.0,143.0
327.0,298.0,80.0,143.0
329.0,297.0,80.0,143.0
332.0,297.0,80.0,143.0
335.0,296.0,80.0,145.0
338.0,295.0,81.0,147.0
340.0,294.0,81.0,147.0
342.0,294.0,81.0,147.0
346.0,294.0,81.0,147.0
348.0,293.0,82.0,148.0
349.0,292.0,83.0,152.0
351.0,291.0,84.0,152.0
355.0,289.0,84.0,152.0
357.0,289.0,84.0,152.0
359.0,286.0,85.0,154.0
361.0,284.0,84.0,154.0
362.0,282.0,83.0,154.0
363.0,279.0,84.0,157.0
364.0,276.0,85.0,160.0
365.0,273.0,86.0,162.0
366.0,272.0,86.0,162.0
367.0,272.0,85.0,160.0
368.0,270.0,86.0,162.0
368.0,269.0,86.0,162.0
368.0,268.0,86.0,162.0
369.0,268.0,85.0,160.0
370.0,267.0,85.0,160.0
371.0,267.0,83.0,156.0
370.0,266.0,83.0,156.0
371.0,266.0,82.0,154.0
371.0,266.0,81.0,152.0
371.0,266.0,79.0,149.0
372.0,264.0,81.0,152.0
97.0,70.0,12.0,28.0
377.0,264.0,71.0,148.0
377.0,262.0,73.0,150.0
379.0,261.0,73.0,149.0
380.0,257.0,74.0,151.0
382.0,255.0,73.0,148.0
385.0,253.0,73.0,148.0
387.0,251.0,73.0,148.0
390.0,248.0,76.0,153.0
394.0,246.0,74.0,150.0
398.0,245.0,73.0,148.0
404.0,243.0,73.0,150.0
408.0,242.0,72.0,148.0
414.0,241.0,72.0,148.0
418.0,240.0,72.0,148.0
422.0,239.0,72.0,148.0
427.0,237.0,72.0,148.0
431.0,235.0,73.0,150.0
436.0,233.0,73.0,151.0
442.0,234.0,72.0,149.0
447.0,232.0,73.0,152.0
