539.0,133.0,74.0,170.0
540.0,134.0,73.0,167.0
539.0,133.0,75.0,169.0
538.0,134.0,73.0,166.0
538.0,132.0,75.0,169.0
537.0,132.0,74.0,169.0
536.0,131.0,74.0,170.0
535.0,131.0,74.0,169.0
535.0,132.0,73.0,166.0
535.0,132.0,73.0,166.0
533.0,131.0,75.0,169.0
533.0,132.0,74.0,166.0
531.0,130.0,75.0,169.0
530.0,130.0,75.0,169.0
530.0,131.0,74.0,167.0
530.0,131.0,74.0,167.0
529.0,131.0,74.0,168.0
527.0,130.0,76.0,171.0
526.0,130.0,76.0,172.0
527.0,133.0,73.0,166.0
526.0,131.0,74.0,168.0
525.0,132.0,74.0,168.0
525.0,133.0,74.0,168.0
525.0,133.0,74.0,168.0
525.0,133.0,74.0,168.0
524.0,134.0,74.0,168.0
524.0,133.0,74.0,168.0
523.0,133.0,74.0,168.0
522.0,134.0,74.0,168.0
521.0,133.0,76.0,170.0
520.0,133.0,76.0,170.0
520.0,135.0,74.0,167.0
519.0,134.0,76.0,170.0
518.0,134.0,76.0,170.0
518.0,134.0,75.0,170.0
518.0,133.0,75.0,169.0
518.0,133.0,75.0,169.0
518.0,134.0,75.0,169.0
518.0,133.0,75.0,170.0
518.0,135.0,74.0,167.0
518.0,134.0,76.0,170.0
517.0,134.0,76.0,170.0
517.0,135.0,76.0,170.0
517.0,135.0,76.0,170.0
518.0,136.0,74.0,168.0
518.0,136.0,74.0,168.0
518.0,137.0,74.0,168.0
518.0,137.0,74.0,168.0
518.0,138.0,74.0,168.0
518.0,137.0,76.0,171.0
517.0,136.0,75.0,171.0
517.0,137.0,73.0,168.0
516.0,136.0,75.0,171.0
517.0,138.0,74.0,167.0
517.0,136.0,76.0,170.0
516.0,136.0,76.0,170.0
515.0,135.0,77.0,173.0
516.0,136.0,76.0,170.0
516.0,136.0,76.0,170.0
517.0,136.0,76.0,170.0
516.0,135.0,78.0,173.0
517.0,135.0,77.0,173.0
517.0,134.0,77.0,174.0
518.0,134.0,77.0,174.0
519.0,135.0,76.0,172.0
520.0,135.0,76.0,172.0
520.0,134.0,78.0,175.0
521.0,134.0,78.0,175.0
522.0,135.0,76.0,173.0
523.0,135.0,76.0,173.0
524.0,134.0,78.0,175.0
526.0,134.0,78.0,175.0
527.0,135.0,76.0,172.0
528.0,135.0,76.0,172.0
530.0,135.0,76.0,172.0
531.0,135.0,76.0,172.0
531.0,134.0,78.0,175.0
531.0,132.0,78.0,178.0
532.0,133.0,78.0,175.0
532.0,132.0,78.0,177.0
533.0,131.0,78.0,177.0
533.0,130.0,80.0,179.0
535.0,130.0,80.0,179.0
139.0,37.0,11.0,31.0
542.0,137.0,70.0,151.0
543.0,136.0,70.0,151.0
544.0,136.0,71.0,152.0
545.0,135.0,71.0,152.0
546.0,135.0,71.0,152.0
546.0,134.0,71.0,152.0
547.0,134.0,71.0,153.0
548.0,134.0,69.0,151.0
550.0,134.0,69.0,148.0
551.0,135.0,67.0,146.0
552.0,135.0,66.0,144.0
552.0,134.0,66.0,144.0
554.0,136.0,64.0,140.0
554.0,136.0,64.0,140.0
555.0,135.0,63.0,140.0
556.0,135.0,63.0,137.0
556.0,134.0,63.0,137.0
557.0,133.0,63.0,137.0
556.0,132.0,64.0,139.0
557.0,131.0,64.0,139.0
558.0,131.0,64.0,139.0
558.0,130.0,64.0,139.0
558.0,129.0,64.0,138.0
558.0,127.0,66.0,141.0
558.0,126.0,66.0,140.0
559.0,127.0,64.0,139.0
559.0,125.0,66.0,142.0
559.0,126.0,64.0,140.0
559.0,124.0,66.0,143.0
558.0,124.0,66.0,143.0
558.0,124.0,66.0,143.0
558.0,124.0,66.0,143.0
558.0,124.0,66.0,143.0
558.0,124.0,66.0,142.0
558.0,124.0,66.0,142.0
557.0,124.0,66.0,142.0
557.0,124.0,66.0,142.0
556.0,124.0,66.0,142.0
555.0,123.0,66.0,142.0
554.0,123.0,66.0,142.0
553.0,121.0,67.0,144.0
553.0,121.0,66.0,142.0
552.0,119.0,66.0,144.0
551.0,118.0,67.0,147.0
549.0,117.0,69.0,149.0
549.0,115.0,69.0,151.0
549.0,115.0,69.0,151.0
549.0,115.0,70.0,150.0
550.0,114.0,70.0,150.0
551.0,114.0,70.0,150.0
553.0,113.0,70.0,150.0
554.0,112.0,70.0,150.0
556.0,111.0,70.0,150.0
559.0,112.0,69.0,148.0
563.0,112.0,69.0,149.0
564.0,110.0,70.0,151.0
567.0,112.0,69.0,149.0
571.0,111.0,69.0,148.0
575.0,111.0,69.0,149.0
578.0,111.0,69.0,149.0
584.0,111.0,67.0,147.0
588.0,111.0,67.0,146.0
593.0,112.0,66.0,144.0
599.0,112.0,66.0,143.0
603.0,110.0,67.0,146.0
610.0,111.0,66.0,143.0
616.0,110.0,67.0,146.0
620.0,111.0,66.0,143.0
627.0,111.0,65.0,141.0
629.0,109.0,67.0,145.0
632.0,109.0,66.0,143.0
635.0,109.0,66.0,143.0
638.0,108.0,67.0,143.0
638.0,108.0,67.0,143.0
639.0,108.0,67.0,143.0
639.0,109.0,66.0,141.0
637.0,107.0,68.0,146.0
636.0,108.0,67.0,144.0
635.0,108.0,67.0,145.0
632.0,108.0,67.0,145.0
630.0,107.0,67.0,145.0
629.0,108.0,66.0,143.0
627.0,109.0,66.0,143.0
624.0,109.0,66.0,143.0
622.0,110.0,66.0,143.0
619.0,109.0,67.0,145.0
615.0,109.0,67.0,145.0
615.0,111.0,65.0,140.0
611.0,111.0,66.0,142.0
608.0,110.0,67.0,144.0
606.0,111.0,66.0,142.0
604.0,110.0,67.0,144.0
153.0,29.0,12.0,32.0
602.0,103.0,71.0,158.0
598.0,103.0,71.0,158.0
595.0,102.0,72.0,160.0
593.0,102.0,71.0,158.0
590.0,103.0,71.0,158.0
589.0,103.0,69.0,156.0
585.0,104.0,69.0,155.0
582.0,103.0,71.0,158.0
579.0,104.0,69.0,156.0
575.0,104.0,70.0,156.0
573.0,103.0,70.0,156.0
571.0,103.0,70.0,157.0
571.0,105.0,69.0,154.0
570.0,104.0,69.0,154.0
571.0,105.0,69.0,154.0
570.0,104.0,69.0,157.0
571.0,104.0,69.0,157.0
573.0,106.0,68.0,154.0
574.0,105.0,68.0,154.0
576.0,105.0,68.0,154.0
578.0,105.0,67.0,154.0
579.0,104.0,68.0,158.0
582.0,104.0,68.0,157.0
585.0,105.0,68.0,154.0
586.0,105.0,68.0,154.0
589.0,103.0,69.0,157.0
592.0,104.0,68.0,153.0
595.0,103.0,69.0,153.0
597.0,102.0,68.0,153.0
601.0,102.0,68.0,153.0
604.0,103.0,66.0,150.0
608.0,103.0,68.0,153.0
610.0,103.0,67.0,151.0
613.0,103.0,67.0,152.0
617.0,103.0,66.0,152.0
620.0,102.0,68.0,155.0
624.0,103.0,66.0,153.0
627.0,103.0,66.0,153.0
631.0,104.0,66.0,153.0
634.0,104.0,66.0,153.0
638.0,105.0,65.0,151.0
641.0,106.0,66.0,151.0
643.0,105.0,67.0,153.0
647.0,105.0,68.0,155.0
649.0,106.0,67.0,152.0
652.0,107.0,67.0,152.0
654.0,106.0,68.0,154.0
656.0,107.0,69.0,154.0
660.0,107.0,69.0,154.0
663.0,108.0,69.0,154.0
664.0,108.0,69.0,153.0
666.0,108.0,70.0,156.0
669.0,107.0,71.0,158.0
671.0,107.0,71.0,158.0
674.0,107.0,71.0,158.0
676.0,108.0,71.0,157.0
678.0,109.0,69.0,155.0
680.0,109.0,69.0,155.0
680.0,109.0,70.0,155.0
681.0,110.0,71.0,156.0
682.0,110.0,72.0,156.0
683.0,110.0,72.0,156.0
684.0,112.0,71.0,153.0
684.0,112.0,71.0,153.0
685.0,112.0,71.0,154.0
686.0,114.0,69.0,152.0
686.0,115.0,69.0,152.0
686.0,115.0,69.0,152.0
685.0,114.0,70.0,154.0
685.0,116.0,68.0,151.0
685.0,115.0,70.0,153.0
684.0,114.0,70.0,154.0
684.0,115.0,70.0,154.0
682.0,115.0,70.0,156.0
681.0,114.0,71.0,158.0
681.0,115.0,70.0,155.0
679.0,114.0,71.0,158.0
676.0,114.0,71.0,158.0
676.0,114.0,70.0,156.0
673.0,114.0,71.0,159.0
672.0,114.0,71.0,159.0
670.0,114.0,71.0,159.0
668.0,116.0,70.0,157.0
666.0,116.0,70.0,158.0
664.0,115.0,71.0,160.0
662.0,115.0,71.0,160.0
661.0,116.0,70.0,158.0
659.0,117.0,70.0,158.0
166.0,33.0,12.0,33.0
650.0,119.0,78.0,164.0
650.0,121.0,77.0,162.0
651.0,123.0,76.0,159.0
650.0,121.0,77.0,162.0
651.0,124.0,76.0,159.0
651.0,122.0,76.0,162.0
652.0,124.0,75.0,159.0
652.0,125.0,75.0,159.0
653.0,126.0,75.0,159.0
653.0,124.0,76.0,162.0
654.0,125.0,76.0,162.0
654.0,126.0,76.0,161.0
654.0,124.0,78.0,163.0
654.0,125.0,78.0,163.0
655.0,125.0,78.0,163.0
656.0,126.0,78.0,162.0
657.0,127.0,78.0,162.0
657.0,127.0,79.0,162.0
657.0,127.0,79.0,162.0
657.0,127.0,80.0,162.0
657.0,128.0,80.0,162.0
657.0,128.0,80.0,162.0
658.0,130.0,79.0,160.0
658.0,129.0,80.0,162.0
659.0,131.0,78.0,160.0
660.0,131.0,78.0,160.0
660.0,131.0,77.0,160.0
660.0,134.0,76.0,157.0
660.0,134.0,76.0,156.0
660.0,134.0,76.0,156.0
659.0,134.0,75.0,156.0
659.0,136.0,73.0,154.0
658.0,135.0,75.0,157.0
656.0,136.0,74.0,155.0
655.0,136.0,75.0,156.0
654.0,136.0,74.0,155.0
653.0,136.0,74.0,155.0
652.0,136.0,75.0,157.0
651.0,136.0,73.0,155.0
650.0,136.0,74.0,157.0
649.0,136.0,74.0,157.0
648.0,137.0,73.0,156.0
646.0,137.0,75.0,159.0
644.0,138.0,74.0,157.0
643.0,137.0,75.0,160.0
642.0,138.0,76.0,160.0
641.0,138.0,76.0,160.0
640.0,139.0,76.0,160.0
639.0,141.0,74.0,157.0
638.0,142.0,75.0,157.0
639.0,143.0,74.0,157.0
639.0,143.0,74.0,157.0
639.0,144.0,74.0,157.0
639.0,145.0,74.0,157.0
638.0,145.0,74.0,156.0
639.0,146.0,74.0,156.0
640.0,146.0,73.0,156.0
641.0,146.0,73.0,156.0
642.0,146.0,72.0,156.0
643.0,147.0,73.0,155.0
645.0,147.0,73.0,155.0
647.0,148.0,73.0,155.0
649.0,147.0,74.0,157.0
652.0,148.0,74.0,157.0
653.0,146.0,75.0,160.0
656.0,146.0,75.0,160.0
660.0,148.0,75.0,157.0
662.0,149.0,76.0,157.0
665.0,149.0,76.0,157.0
669.0,149.0,74.0,155.0
671.0,150.0,75.0,155.0
675.0,151.0,75.0,154.0
677.0,152.0,74.0,152.0
678.0,153.0,75.0,151.0
682.0,154.0,74.0,149.0
684.0,155.0,74.0,149.0
686.0,156.0,74.0,149.0
688.0,155.0,74.0,152.0
690.0,155.0,74.0,152.0
692.0,155.0,74.0,152.0
694.0,156.0,73.0,149.0
696.0,156.0,73.0,149.0
697.0,156.0,73.0,149.0
699.0,155.0,73.0,151.0
699.0,156.0,73.0,151.0
701.0,157.0,72.0,151.0
701.0,156.0,72.0,151.0
701.0,156.0,72.0,151.0
701.0,156.0,72.0,151.0
700.0,156.0,72.0,151.0
699.0,156.0,72.0,152.0
698.0,158.0,71.0,150.0
696.0,156.0,72.0,153.0
693.0,158.0,72.0,152.0
691.0,157.0,72.0,152.0
689.0,158.0,72.0,152.0
687.0,159.0,71.0,148.0
684.0,160.0,70.0,146.0
683.0,161.0,70.0,146.0
682.0,161.0,69.0,145.0
680.0,161.0,69.0,145.0
678.0,163.0,67.0,143.0
678.0,164.0,66.0,141.0
677.0,165.0,64.0,139.0
675.0,166.0,65.0,139.0
673.0,166.0,65.0,139.0
672.0,166.0,66.0,139.0
671.0,166.0,67.0,140.0
170.0,43.0,11.0,30.0
669.0,160.0,70.0,152.0
670.0,162.0,68.0,149.0
669.0,162.0,70.0,152.0
668.0,162.0,70.0,152.0
668.0,161.0,69.0,152.0
667.0,161.0,69.0,152.0
667.0,159.0,70.0,154.0
668.0,161.0,68.0,152.0
669.0,160.0,68.0,152.0
669.0,160.0,68.0,152.0
669.0,161.0,67.0,149.0
670.0,161.0,67.0,149.0
668.0,161.0,69.0,151.0
668.0,160.0,70.0,151.0
668.0,161.0,69.0,148.0
668.0,161.0,69.0,148.0
668.0,161.0,70.0,148.0
668.0,161.0,70.0,148.0
668.0,161.0,70.0,148.0
668.0,161.0,70.0,148.0
668.0,161.0,70.0,148.0
667.0,161.0,69.0,148.0
667.0,160.0,69.0,148.0
667.0,160.0,69.0,148.0
666.0,159.0,69.0,149.0
665.0,159.0,69.0,148.0
664.0,157.0,71.0,150.0
663.0,157.0,69.0,148.0
660.0,156.0,71.0,150.0
659.0,155.0,71.0,150.0
658.0,156.0,69.0,148.0
657.0,154.0,70.0,150.0
655.0,154.0,69.0,151.0
655.0,154.0,67.0,149.0
653.0,154.0,67.0,149.0
650.0,152.0,68.0,152.0
649.0,153.0,67.0,150.0
648.0,152.0,67.0,150.0
646.0,152.0,67.0,150.0
645.0,152.0,67.0,150.0
642.0,151.0,68.0,150.0
641.0,153.0,68.0,147.0
639.0,153.0,68.0,145.0
639.0,153.0,68.0,145.0
638.0,153.0,68.0,144.0
636.0,153.0,69.0,146.0
635.0,153.0,68.0,144.0
634.0,153.0,68.0,146.0
634.0,152.0,67.0,144.0
633.0,152.0,68.0,146.0
633.0,152.0,67.0,144.0
632.0,152.0,68.0,146.0
632.0,151.0,67.0,146.0
632.0,149.0,67.0,147.0
633.0,150.0,65.0,145.0
633.0,149.0,66.0,147.0
632.0,149.0,66.0,146.0
632.0,149.0,65.0,144.0
633.0,149.0,65.0,146.0
634.0,149.0,64.0,143.0
635.0,149.0,63.0,143.0
636.0,148.0,64.0,143.0
636.0,148.0,64.0,144.0
636.0,147.0,65.0,144.0
638.0,147.0,64.0,141.0
640.0,149.0,64.0,139.0
641.0,147.0,64.0,138.0
642.0,147.0,65.0,139.0
644.0,148.0,64.0,136.0
645.0,147.0,64.0,137.0
647.0,147.0,64.0,136.0
649.0,147.0,64.0,136.0
651.0,146.0,64.0,136.0
653.0,144.0,65.0,139.0
655.0,143.0,65.0,139.0
658.0,141.0,65.0,141.0
660.0,141.0,65.0,141.0
662.0,140.0,66.0,143.0
665.0,139.0,66.0,143.0
668.0,139.0,65.0,143.0
670.0,137.0,66.0,145.0
674.0,138.0,64.0,141.0
676.0,137.0,65.0,143.0
679.0,136.0,65.0,144.0
681.0,135.0,65.0,144.0
683.0,135.0,65.0,144.0
685.0,134.0,65.0,143.0
686.0,134.0,65.0,143.0
688.0,134.0,66.0,143.0
689.0,133.0,66.0,143.0
690.0,133.0,67.0,143.0
691.0,134.0,66.0,140.0
692.0,134.0,66.0,140.0
692.0,133.0,66.0,140.0
693.0,133.0,66.0,140.0
693.0,133.0,67.0,140.0
693.0,135.0,66.0,138.0
693.0,133.0,66.0,140.0
692.0,133.0,66.0,140.0
693.0,134.0,66.0,140.0
692.0,133.0,66.0,140.0
690.0,133.0,66.0,140.0
689.0,133.0,66.0,140.0
687.0,132.0,67.0,142.0
686.0,132.0,65.0,140.0
685.0,131.0,66.0,142.0
685.0,131.0,65.0,142.0
684.0,130.0,65.0,142.0
684.0,130.0,64.0,143.0
684.0,130.0,63.0,141.0
684.0,129.0,65.0,143.0
174.0,35.0,9.0,28.0
682.0,132.0,60.0,134.0
682.0,131.0,61.0,136.0
682.0,131.0,62.0,136.0
684.0,131.0,62.0,136.0
684.0,131.0,62.0,134.0
685.0,131.0,62.0,134.0
687.0,131.0,62.0,134.0
687.0,130.0,63.0,136.0
689.0,131.0,63.0,134.0
690.0,130.0,64.0,136.0
692.0,131.0,63.0,134.0
695.0,129.0,64.0,136.0
696.0,131.0,61.0,132.0
699.0,131.0,60.0,130.0
702.0,129.0,62.0,134.0
703.0,129.0,62.0,134.0
706.0,129.0,62.0,134.0
709.0,129.0,62.0,134.0
710.0,127.0,63.0,136.0
715.0,128.0,61.0,134.0
716.0,127.0,62.0,136.0
719.0,127.0,61.0,136.0
723.0,126.0,62.0,138.0
724.0,126.0,62.0,138.0
727.0,127.0,62.0,136.0
730.0,127.0,62.0,133.0
732.0,127.0,62.0,133.0
735.0,127.0,63.0,133.0
737.0,127.0,63.0,133.0
738.0,127.0,64.0,136.0
741.0,128.0,63.0,134.0
743.0,129.0,63.0,133.0
745.0,129.0,63.0,133.0
749.0,129.0,63.0,133.0
750.0,129.0,63.0,133.0
752.0,128.0,64.0,136.0
756.0,128.0,63.0,134.0
757.0,128.0,63.0,134.0
759.0,129.0,61.0,131.0
761.0,128.0,61.0,131.0
763.0,128.0,61.0,131.0
764.0,127.0,63.0,133.0
764.0,126.0,63.0,135.0
766.0,126.0,62.0,135.0
768.0,126.0,62.0,135.0
770.0,126.0,62.0,135.0
771.0,126.0,61.0,135.0
772.0,125.0,62.0,137.0
773.0,124.0,62.0,138.0
774.0,124.0,63.0,138.0
775.0,125.0,63.0,136.0
775.0,125.0,63.0,136.0
777.0,125.0,63.0,136.0
778.0,124.0,63.0,136.0
778.0,124.0,63.0,136.0
778.0,124.0,64.0,136.0
779.0,123.0,64.0,136.0
780.0,123.0,63.0,137.0
781.0,123.0,63.0,137.0
782.0,121.0,63.0,139.0
782.0,122.0,63.0,137.0
782.0,120.0,63.0,137.0
782.0,119.0,63.0,136.0
783.0,118.0,63.0,136.0
782.0,118.0,62.0,137.0
781.0,117.0,63.0,139.0
782.0,117.0,62.0,136.0
781.0,115.0,63.0,139.0
781.0,115.0,62.0,136.0
780.0,114.0,61.0,136.0
779.0,113.0,61.0,135.0
779.0,114.0,60.0,133.0
777.0,112.0,61.0,135.0
775.0,113.0,61.0,133.0
773.0,111.0,62.0,135.0
771.0,110.0,62.0,135.0
770.0,112.0,62.0,133.0
768.0,111.0,63.0,133.0
766.0,111.0,61.0,131.0
763.0,111.0,61.0,131.0
761.0,110.0,60.0,130.0
758.0,108.0,63.0,134.0
755.0,109.0,61.0,131.0
753.0,107.0,62.0,133.0
749.0,107.0,62.0,133.0
747.0,106.0,63.0,133.0
744.0,106.0,63.0,133.0
741.0,105.0,62.0,133.0
738.0,104.0,61.0,133.0
736.0,105.0,59.0,130.0
734.0,103.0,59.0,130.0
730.0,103.0,58.0,130.0
729.0,102.0,58.0,129.0
727.0,102.0,58.0,130.0
723.0,99.0,60.0,134.0
722.0,100.0,60.0,132.0
719.0,98.0,60.0,135.0
717.0,99.0,60.0,133.0
715.0,98.0,61.0,135.0
715.0,98.0,61.0,135.0
712.0,97.0,62.0,135.0
711.0,97.0,63.0,135.0
711.0,96.0,62.0,135.0
710.0,96.0,62.0,136.0
709.0,95.0,62.0,136.0
709.0,95.0,62.0,136.0
710.0,96.0,62.0,134.0
180.0,26.0,11.0,29.0
711.0,90.0,69.0,144.0
713.0,91.0,67.0,142.0
714.0,91.0,67.0,141.0
716.0,91.0,66.0,141.0
717.0,90.0,68.0,144.0
719.0,91.0,66.0,142.0
721.0,91.0,66.0,142.0
723.0,92.0,66.0,141.0
725.0,92.0,66.0,141.0
728.0,91.0,67.0,143.0
730.0,91.0,67.0,143.0
733.0,92.0,66.0,141.0
735.0,92.0,67.0,143.0
738.0,93.0,68.0,143.0
740.0,92.0,69.0,145.0
743.0,95.0,66.0,139.0
744.0,95.0,68.0,141.0
745.0,95.0,70.0,143.0
748.0,97.0,68.0,141.0
751.0,98.0,67.0,140.0
753.0,100.0,66.0,138.0
754.0,100.0,67.0,140.0
754.0,101.0,66.0,139.0
757.0,103.0,64.0,137.0
757.0,105.0,63.0,134.0
757.0,104.0,64.0,136.0
757.0,105.0,64.0,136.0
757.0,106.0,63.0,134.0
756.0,107.0,63.0,134.0
755.0,108.0,62.0,133.0
753.0,109.0,61.0,131.0
751.0,110.0,60.0,129.0
748.0,111.0,60.0,129.0
746.0,112.0,59.0,127.0
743.0,114.0,58.0,127.0
740.0,115.0,57.0,125.0
737.0,116.0,58.0,125.0
733.0,117.0,57.0,124.0
730.0,118.0,58.0,125.0
724.0,119.0,60.0,128.0
722.0,120.0,60.0,128.0
716.0,120.0,62.0,131.0
714.0,122.0,62.0,131.0
710.0,123.0,62.0,130.0
706.0,123.0,63.0,132.0
704.0,126.0,62.0,131.0
702.0,127.0,62.0,131.0
699.0,129.0,60.0,129.0
698.0,130.0,60.0,129.0
696.0,130.0,60.0,128.0
695.0,130.0,61.0,131.0
695.0,132.0,61.0,131.0
696.0,133.0,61.0,131.0
696.0,133.0,61.0,132.0
698.0,135.0,61.0,132.0
701.0,136.0,61.0,132.0
703.0,137.0,61.0,132.0
709.0,139.0,59.0,128.0
713.0,142.0,58.0,125.0
720.0,144.0,58.0,123.0
725.0,146.0,58.0,123.0
730.0,147.0,59.0,125.0
737.0,150.0,59.0,124.0
742.0,152.0,59.0,124.0
748.0,153.0,60.0,125.0
754.0,155.0,61.0,126.0
761.0,158.0,60.0,124.0
767.0,161.0,61.0,126.0
774.0,163.0,60.0,125.0
780.0,165.0,61.0,126.0
785.0,168.0,59.0,123.0
787.0,170.0,61.0,126.0
791.0,170.0,60.0,126.0
793.0,173.0,59.0,125.0
795.0,174.0,60.0,126.0
796.0,175.0,59.0,124.0
796.0,178.0,59.0,124.0
797.0,178.0,58.0,123.0
795.0,179.0,59.0,123.0
792.0,181.0,59.0,124.0
790.0,182.0,59.0,124.0
786.0,183.0,59.0,125.0
782.0,184.0,59.0,125.0
778.0,185.0,59.0,125.0
776.0,188.0,57.0,122.0
771.0,188.0,59.0,126.0
766.0,189.0,59.0,126.0
763.0,190.0,58.0,125.0
760.0,192.0,59.0,125.0
755.0,193.0,59.0,127.0
751.0,196.0,59.0,125.0
750.0,197.0,59.0,125.0
744.0,198.0,60.0,127.0
741.0,198.0,59.0,127.0
739.0,200.0,59.0,126.0
734.0,202.0,58.0,126.0
731.0,202.0,58.0,126.0
728.0,204.0,57.0,124.0
723.0,203.0,59.0,128.0
720.0,205.0,58.0,126.0
717.0,206.0,58.0,126.0
713.0,207.0,57.0,125.0
712.0,208.0,57.0,125.0
711.0,209.0,57.0,125.0
710.0,212.0,57.0,122.0
711.0,214.0,55.0,120.0
711.0,215.0,55.0,120.0
712.0,217.0,55.0,117.0
711.0,217.0,58.0,121.0
179.0,57.0,10.0,26.0
708.0,218.0,62.0,127.0
709.0,219.0,63.0,130.0
710.0,222.0,62.0,128.0
712.0,223.0,63.0,131.0
714.0,225.0,62.0,128.0
716.0,227.0,62.0,129.0
719.0,230.0,59.0,125.0
720.0,230.0,60.0,127.0
722.0,233.0,60.0,125.0
723.0,235.0,59.0,124.0
725.0,235.0,60.0,125.0
727.0,238.0,57.0,120.0
729.0,239.0,58.0,122.0
731.0,240.0,58.0,122.0
733.0,242.0,56.0,119.0
734.0,243.0,57.0,121.0
736.0,244.0,56.0,119.0
736.0,245.0,57.0,121.0
736.0,246.0,56.0,119.0
736.0,247.0,56.0,119.0
735.0,248.0,56.0,119.0
733.0,248.0,57.0,121.0
730.0,249.0,56.0,119.0
729.0,249.0,56.0,119.0
726.0,249.0,56.0,120.0
723.0,250.0,56.0,120.0
720.0,252.0,56.0,120.0
717.0,251.0,58.0,123.0
715.0,253.0,56.0,121.0
712.0,252.0,58.0,123.0
709.0,253.0,56.0,120.0
708.0,252.0,56.0,121.0
706.0,253.0,56.0,121.0
703.0,253.0,56.0,121.0
702.0,253.0,56.0,121.0
701.0,253.0,56.0,121.0
699.0,253.0,56.0,121.0
699.0,253.0,55.0,120.0
699.0,254.0,55.0,120.0
699.0,255.0,54.0,118.0
697.0,255.0,55.0,119.0
698.0,255.0,55.0,119.0
698.0,256.0,55.0,119.0
698.0,256.0,57.0,121.0
697.0,256.0,58.0,121.0
698.0,258.0,56.0,119.0
699.0,257.0,59.0,123.0
701.0,258.0,58.0,122.0
703.0,259.0,57.0,119.0
705.0,260.0,57.0,120.0
707.0,260.0,58.0,122.0
709.0,261.0,57.0,120.0
712.0,261.0,58.0,122.0
715.0,261.0,57.0,121.0
719.0,261.0,58.0,121.0
721.0,262.0,58.0,121.0
725.0,261.0,59.0,123.0
727.0,262.0,59.0,123.0
731.0,262.0,59.0,122.0
736.0,263.0,57.0,119.0
739.0,263.0,57.0,119.0
741.0,264.0,56.0,118.0
745.0,265.0,56.0,118.0
748.0,264.0,57.0,120.0
750.0,265.0,56.0,118.0
755.0,265.0,57.0,119.0
756.0,265.0,57.0,119.0
758.0,265.0,58.0,119.0
760.0,265.0,59.0,122.0
762.0,265.0,59.0,122.0
764.0,265.0,59.0,122.0
766.0,265.0,59.0,122.0
768.0,266.0,59.0,123.0
770.0,266.0,57.0,121.0
770.0,266.0,58.0,123.0
772.0,266.0,58.0,124.0
772.0,266.0,58.0,124.0
773.0,265.0,59.0,124.0
773.0,266.0,58.0,122.0
774.0,264.0,59.0,123.0
774.0,264.0,58.0,123.0
774.0,263.0,58.0,123.0
775.0,264.0,57.0,120.0
775.0,263.0,56.0,120.0
774.0,262.0,58.0,122.0
774.0,262.0,56.0,120.0
775.0,262.0,56.0,119.0
776.0,262.0,56.0,119.0
775.0,261.0,59.0,122.0
776.0,261.0,59.0,121.0
776.0,261.0,60.0,123.0
777.0,261.0,60.0,123.0
778.0,261.0,60.0,123.0
779.0,260.0,62.0,125.0
781.0,260.0,62.0,125.0
782.0,260.0,64.0,127.0
783.0,261.0,63.0,126.0
786.0,261.0,64.0,128.0
789.0,261.0,64.0,128.0
792.0,262.0,63.0,128.0
794.0,261.0,64.0,130.0
798.0,262.0,63.0,128.0
803.0,263.0,61.0,127.0
804.0,263.0,61.0,127.0
806.0,262.0,62.0,128.0
205.0,68.0,11.0,27.0
814.0,262.0,66.0,134.0
816.0,262.0,65.0,133.0
820.0,262.0,65.0,132.0
821.0,263.0,65.0,132.0
822.0,263.0,66.0,133.0
823.0,264.0,66.0,133.0
823.0,263.0,67.0,135.0
824.0,262.0,68.0,138.0
824.0,264.0,67.0,136.0
824.0,264.0,66.0,134.0
823.0,264.0,65.0,134.0
823.0,265.0,63.0,129.0
821.0,265.0,62.0,128.0
819.0,266.0,60.0,127.0
817.0,265.0,60.0,127.0
814.0,265.0,60.0,126.0
811.0,264.0,61.0,127.0
807.0,262.0,62.0,129.0
802.0,261.0,63.0,131.0
799.0,261.0,63.0,131.0
796.0,261.0,62.0,129.0
793.0,260.0,63.0,130.0
788.0,259.0,64.0,132.0
786.0,261.0,62.0,127.0
783.0,260.0,62.0,127.0
779.0,259.0,63.0,128.0
775.0,259.0,63.0,128.0
770.0,258.0,63.0,128.0
767.0,258.0,63.0,128.0
763.0,258.0,63.0,128.0
758.0,258.0,63.0,128.0
754.0,258.0,64.0,128.0
751.0,259.0,63.0,127.0
746.0,258.0,64.0,129.0
742.0,258.0,64.0,129.0
737.0,256.0,65.0,132.0
735.0,257.0,64.0,129.0
730.0,258.0,63.0,128.0
727.0,257.0,63.0,128.0
722.0,258.0,63.0,127.0
719.0,256.0,64.0,129.0
715.0,256.0,63.0,127.0
715.0,255.0,63.0,128.0
715.0,256.0,62.0,126.0
714.0,255.0,62.0,127.0
715.0,257.0,60.0,123.0
715.0,258.0,60.0,123.0
716.0,257.0,61.0,124.0
718.0,257.0,61.0,125.0
719.0,258.0,61.0,125.0
721.0,258.0,60.0,125.0
724.0,260.0,59.0,123.0
726.0,261.0,60.0,123.0
729.0,261.0,60.0,124.0
731.0,262.0,59.0,122.0
734.0,262.0,60.0,124.0
735.0,262.0,61.0,126.0
738.0,263.0,60.0,124.0
739.0,263.0,61.0,127.0
741.0,264.0,60.0,125.0
743.0,265.0,60.0,125.0
744.0,264.0,62.0,127.0
744.0,264.0,63.0,129.0
745.0,264.0,62.0,127.0
746.0,264.0,63.0,129.0
747.0,264.0,62.0,128.0
747.0,264.0,63.0,129.0
748.0,266.0,62.0,127.0
749.0,265.0,63.0,129.0
750.0,266.0,62.0,127.0
749.0,266.0,62.0,126.0
749.0,266.0,61.0,126.0
749.0,267.0,61.0,126.0
748.0,267.0,60.0,123.0
747.0,268.0,60.0,122.0
747.0,268.0,60.0,122.0
746.0,268.0,61.0,122.0
745.0,267.0,63.0,125.0
743.0,268.0,63.0,125.0
742.0,269.0,62.0,123.0
741.0,269.0,62.0,123.0
740.0,269.0,62.0,123.0
739.0,270.0,61.0,122.0
738.0,270.0,61.0,122.0
737.0,270.0,60.0,123.0
736.0,269.0,61.0,124.0
736.0,270.0,59.0,121.0
733.0,271.0,59.0,121.0
733.0,271.0,58.0,121.0
732.0,271.0,58.0,119.0
730.0,271.0,58.0,121.0
730.0,271.0,57.0,118.0
729.0,271.0,57.0,118.0
729.0,271.0,57.0,118.0
728.0,270.0,57.0,117.0
728.0,271.0,56.0,117.0
727.0,271.0,57.0,119.0
728.0,271.0,57.0,117.0
727.0,271.0,58.0,119.0
728.0,272.0,57.0,117.0
729.0,272.0,58.0,119.0
731.0,274.0,56.0,115.0
185.0,71.0,9.0,24.0
732.0,274.0,59.0,117.0
733.0,275.0,60.0,117.0
734.0,276.0,59.0,115.0
735.0,276.0,59.0,115.0
734.0,276.0,59.0,117.0
734.0,276.0,59.0,117.0
733.0,275.0,60.0,119.0
732.0,275.0,60.0,118.0
731.0,276.0,60.0,120.0
730.0,274.0,61.0,122.0
729.0,275.0,59.0,119.0
729.0,274.0,59.0,119.0
728.0,274.0,59.0,120.0
727.0,274.0,59.0,120.0
727.0,274.0,59.0,119.0
725.0,272.0,61.0,121.0
724.0,272.0,61.0,120.0
724.0,273.0,59.0,118.0
723.0,273.0,58.0,117.0
722.0,272.0,60.0,119.0
720.0,273.0,58.0,117.0
719.0,273.0,59.0,117.0
717.0,273.0,59.0,117.0
715.0,272.0,61.0,119.0
712.0,272.0,61.0,120.0
710.0,272.0,61.0,120.0
708.0,271.0,62.0,122.0
706.0,272.0,61.0,120.0
704.0,271.0,61.0,120.0
701.0,272.0,59.0,118.0
698.0,271.0,61.0,120.0
695.0,271.0,59.0,118.0
691.0,270.0,60.0,120.0
688.0,269.0,61.0,120.0
684.0,268.0,61.0,120.0
680.0,267.0,61.0,120.0
678.0,266.0,61.0,120.0
674.0,267.0,60.0,117.0
671.0,267.0,59.0,115.0
667.0,266.0,59.0,116.0
664.0,265.0,59.0,116.0
660.0,264.0,60.0,118.0
657.0,263.0,58.0,116.0
654.0,264.0,57.0,115.0
651.0,263.0,58.0,117.0
648.0,263.0,58.0,115.0
645.0,262.0,59.0,117.0
643.0,261.0,59.0,117.0
640.0,260.0,59.0,117.0
639.0,261.0,58.0,116.0
638.0,261.0,58.0,116.0
637.0,260.0,58.0,117.0
635.0,259.0,59.0,118.0
635.0,258.0,59.0,118.0
635.0,257.0,59.0,119.0
635.0,255.0,60.0,121.0
635.0,254.0,60.0,121.0
636.0,254.0,60.0,121.0
639.0,253.0,60.0,121.0
642.0,252.0,60.0,121.0
646.0,251.0,60.0,121.0
650.0,251.0,59.0,118.0
654.0,249.0,60.0,120.0
658.0,249.0,60.0,120.0
662.0,248.0,59.0,120.0
667.0,247.0,60.0,119.0
671.0,247.0,60.0,119.0
675.0,247.0,60.0,119.0
678.0,245.0,61.0,121.0
682.0,245.0,61.0,122.0
684.0,245.0,61.0,122.0
688.0,245.0,61.0,122.0
690.0,244.0,62.0,123.0
693.0,245.0,62.0,122.0
695.0,244.0,62.0,123.0
697.0,243.0,64.0,126.0
698.0,243.0,64.0,126.0
701.0,242.0,64.0,126.0
702.0,241.0,64.0,126.0
704.0,241.0,62.0,124.0
705.0,241.0,62.0,124.0
705.0,240.0,62.0,124.0
706.0,239.0,62.0,124.0
706.0,239.0,61.0,122.0
706.0,239.0,61.0,122.0
706.0,239.0,60.0,119.0
705.0,238.0,60.0,119.0
704.0,237.0,60.0,119.0
703.0,237.0,59.0,117.0
701.0,236.0,59.0,117.0
699.0,235.0,59.0,117.0
696.0,234.0,59.0,117.0
694.0,235.0,58.0,115.0
691.0,233.0,59.0,117.0
690.0,234.0,57.0,114.0
687.0,233.0,58.0,116.0
685.0,233.0,57.0,115.0
683.0,232.0,58.0,117.0
681.0,232.0,57.0,115.0
173.0,60.0,9.0,25.0
677.0,225.0,56.0,128.0
675.0,224.0,56.0,128.0
673.0,223.0,56.0,129.0
671.0,222.0,57.0,131.0
669.0,221.0,57.0,131.0
668.0,221.0,57.0,131.0
666.0,219.0,58.0,133.0
666.0,219.0,57.0,130.0
665.0,218.0,57.0,130.0
666.0,218.0,57.0,129.0
667.0,219.0,56.0,128.0
668.0,219.0,56.0,127.0
668.0,217.0,57.0,129.0
671.0,218.0,56.0,127.0
674.0,218.0,56.0,126.0
677.0,218.0,56.0,126.0
680.0,216.0,58.0,130.0
684.0,217.0,57.0,128.0
688.0,218.0,57.0,129.0
693.0,218.0,58.0,129.0
699.0,217.0,58.0,132.0
705.0,218.0,56.0,128.0
710.0,218.0,58.0,130.0
715.0,218.0,58.0,129.0
722.0,218.0,58.0,129.0
729.0,220.0,56.0,128.0
734.0,219.0,58.0,130.0
741.0,219.0,57.0,130.0
746.0,219.0,57.0,130.0
753.0,221.0,55.0,126.0
758.0,221.0,56.0,128.0
764.0,221.0,56.0,127.0
769.0,221.0,56.0,127.0
774.0,220.0,57.0,128.0
779.0,221.0,56.0,127.0
783.0,222.0,56.0,127.0
786.0,222.0,57.0,127.0
790.0,222.0,57.0,127.0
793.0,221.0,58.0,128.0
796.0,221.0,58.0,128.0
798.0,222.0,58.0,129.0
800.0,221.0,59.0,131.0
802.0,221.0,60.0,133.0
804.0,221.0,59.0,131.0
805.0,221.0,60.0,134.0
807.0,221.0,60.0,134.0
808.0,220.0,60.0,137.0
808.0,219.0,62.0,139.0
810.0,220.0,60.0,137.0
812.0,220.0,60.0,138.0
813.0,218.0,62.0,140.0
814.0,219.0,60.0,138.0
816.0,218.0,62.0,140.0
817.0,217.0,62.0,140.0
819.0,216.0,62.0,140.0
820.0,217.0,60.0,137.0
822.0,217.0,60.0,137.0
824.0,216.0,60.0,137.0
825.0,216.0,60.0,136.0
828.0,216.0,60.0,136.0
829.0,216.0,61.0,136.0
832.0,216.0,60.0,133.0
833.0,216.0,61.0,134.0
835.0,215.0,61.0,134.0
835.0,214.0,63.0,137.0
838.0,214.0,62.0,135.0
838.0,214.0,63.0,138.0
840.0,214.0,63.0,138.0
843.0,215.0,62.0,136.0
843.0,214.0,63.0,139.0
845.0,214.0,63.0,139.0
847.0,214.0,61.0,137.0
847.0,213.0,63.0,140.0
848.0,214.0,61.0,138.0
849.0,214.0,63.0,140.0
850.0,213.0,63.0,140.0
850.0,213.0,62.0,140.0
851.0,212.0,62.0,139.0
850.0,211.0,62.0,139.0
851.0,212.0,61.0,136.0
850.0,212.0,60.0,134.0
849.0,211.0,61.0,136.0
848.0,210.0,61.0,136.0
847.0,210.0,60.0,135.0
846.0,209.0,60.0,135.0
846.0,209.0,60.0,133.0
214.0,56.0,9.0,24.0
844.0,215.0,55.0,121.0
843.0,214.0,55.0,121.0
841.0,213.0,56.0,123.0
839.0,213.0,56.0,123.0
835.0,211.0,58.0,127.0
831.0,209.0,58.0,129.0
829.0,210.0,58.0,127.0
826.0,208.0,59.0,130.0
823.0,208.0,59.0,130.0
819.0,206.0,60.0,132.0
815.0,204.0,60.0,135.0
811.0,204.0,60.0,135.0
808.0,203.0,60.0,135.0
805.0,202.0,60.0,135.0
802.0,201.0,60.0,135.0
800.0,199.0,60.0,135.0
796.0,198.0,60.0,135.0
792.0,198.0,60.0,134.0
789.0,198.0,60.0,131.0
786.0,197.0,60.0,131.0
782.0,196.0,59.0,131.0
779.0,194.0,60.0,133.0
776.0,195.0,59.0,130.0
772.0,194.0,59.0,130.0
769.0,193.0,59.0,129.0
765.0,193.0,59.0,130.0
761.0,192.0,60.0,131.0
758.0,191.0,60.0,133.0
753.0,190.0,60.0,133.0
750.0,190.0,60.0,134.0
746.0,189.0,62.0,136.0
742.0,187.0,62.0,138.0
739.0,187.0,62.0,139.0
735.0,186.0,62.0,139.0
732.0,185.0,62.0,139.0
730.0,185.0,61.0,137.0
728.0,184.0,61.0,137.0
727.0,184.0,60.0,135.0
724.0,184.0,59.0,133.0
723.0,183.0,59.0,133.0
720.0,181.0,60.0,135.0
719.0,181.0,59.0,132.0
717.0,179.0,60.0,134.0
716.0,180.0,59.0,131.0
716.0,180.0,59.0,129.0
715.0,180.0,59.0,128.0
714.0,179.0,59.0,128.0
713.0,179.0,59.0,128.0
711.0,177.0,59.0,130.0
710.0,177.0,59.0,128.0
710.0,176.0,59.0,129.0
708.0,175.0,60.0,131.0
707.0,174.0,59.0,131.0
705.0,174.0,59.0,132.0
703.0,173.0,60.0,134.0
702.0,173.0,59.0,132.0
700.0,171.0,60.0,135.0
699.0,171.0,59.0,133.0
697.0,169.0,60.0,135.0
696.0,169.0,60.0,134.0
694.0,168.0,60.0,134.0
692.0,167.0,60.0,134.0
689.0,165.0,62.0,137.0
687.0,164.0,62.0,137.0
686.0,164.0,60.0,134.0
684.0,162.0,60.0,134.0
683.0,161.0,60.0,133.0
681.0,160.0,60.0,133.0
678.0,159.0,60.0,132.0
676.0,159.0,60.0,132.0
673.0,159.0,60.0,132.0
671.0,158.0,60.0,132.0
668.0,157.0,60.0,133.0
666.0,156.0,60.0,133.0
169.0,42.0,9.0,24.0
667.0,155.0,55.0,134.0
665.0,156.0,55.0,132.0
664.0,155.0,54.0,132.0
663.0,154.0,55.0,134.0
661.0,153.0,55.0,134.0
661.0,152.0,55.0,134.0
661.0,153.0,55.0,132.0
662.0,151.0,55.0,134.0
662.0,150.0,55.0,134.0
664.0,150.0,54.0,132.0
667.0,150.0,54.0,132.0
668.0,148.0,55.0,134.0
671.0,147.0,55.0,134.0
674.0,148.0,55.0,132.0
679.0,148.0,54.0,131.0
681.0,146.0,55.0,133.0
685.0,147.0,54.0,131.0
688.0,146.0,55.0,133.0
693.0,147.0,54.0,128.0
696.0,147.0,55.0,131.0
701.0,147.0,55.0,131.0
704.0,146.0,55.0,131.0
707.0,145.0,55.0,134.0
711.0,146.0,55.0,131.0
715.0,146.0,55.0,132.0
719.0,146.0,55.0,132.0
722.0,145.0,55.0,134.0
724.0,144.0,55.0,134.0
726.0,144.0,55.0,134.0
729.0,144.0,55.0,134.0
731.0,144.0,55.0,134.0
733.0,143.0,55.0,134.0
735.0,143.0,55.0,132.0
737.0,142.0,55.0,134.0
739.0,142.0,55.0,132.0
739.0,141.0,56.0,134.0
740.0,141.0,55.0,132.0
741.0,140.0,56.0,133.0
741.0,140.0,56.0,133.0
742.0,140.0,55.0,130.0
744.0,138.0,56.0,133.0
745.0,139.0,55.0,131.0
745.0,138.0,56.0,133.0
746.0,137.0,56.0,133.0
748.0,138.0,55.0,131.0
748.0,137.0,55.0,133.0
749.0,137.0,56.0,133.0
750.0,137.0,56.0,133.0
752.0,136.0,56.0,134.0
