511.0,569.0,40.0,68.0
511.0,569.0,40.0,68.0
511.0,569.0,40.0,68.0
510.0,569.0,40.0,68.0
510.0,569.0,40.0,68.0
511.0,570.0,39.0,66.0
511.0,570.0,39.0,67.0
510.0,570.0,40.0,68.0
509.0,571.0,39.0,67.0
508.0,570.0,41.0,69.0
508.0,571.0,41.0,69.0
507.0,571.0,42.0,70.0
507.0,571.0,42.0,70.0
506.0,571.0,42.0,71.0
505.0,572.0,41.0,69.0
505.0,572.0,42.0,70.0
504.0,571.0,42.0,71.0
504.0,571.0,42.0,71.0
503.0,571.0,42.0,71.0
502.0,571.0,42.0,71.0
502.0,571.0,42.0,70.0
502.0,571.0,42.0,71.0
501.0,571.0,42.0,71.0
501.0,572.0,41.0,69.0
501.0,572.0,42.0,70.0
500.0,572.0,42.0,70.0
499.0,572.0,42.0,70.0
499.0,572.0,42.0,71.0
498.0,572.0,42.0,71.0
497.0,572.0,42.0,71.0
496.0,572.0,43.0,72.0
496.0,573.0,42.0,71.0
496.0,574.0,42.0,71.0
495.0,573.0,43.0,72.0
495.0,573.0,44.0,73.0
494.0,573.0,43.0,72.0
494.0,572.0,44.0,73.0
494.0,574.0,42.0,71.0
493.0,574.0,42.0,71.0
493.0,574.0,42.0,71.0
492.0,573.0,43.0,72.0
492.0,573.0,43.0,72.0
491.0,573.0,43.0,72.0
491.0,574.0,42.0,71.0
490.0,574.0,43.0,71.0
489.0,576.0,41.0,69.0
489.0,575.0,43.0,71.0
488.0,575.0,43.0,71.0
488.0,576.0,42.0,70.0
487.0,576.0,43.0,71.0
486.0,577.0,42.0,70.0
486.0,577.0,42.0,70.0
485.0,576.0,43.0,72.0
484.0,576.0,43.0,72.0
483.0,576.0,43.0,72.0
483.0,577.0,43.0,72.0
482.0,577.0,43.0,72.0
481.0,576.0,44.0,73.0
481.0,577.0,43.0,72.0
480.0,576.0,44.0,73.0
479.0,576.0,44.0,73.0
479.0,577.0,43.0,72.0
479.0,578.0,43.0,72.0
478.0,579.0,43.0,72.0
477.0,578.0,44.0,73.0
476.0,580.0,43.0,71.0
475.0,580.0,43.0,72.0
475.0,579.0,44.0,73.0
475.0,581.0,43.0,71.0
474.0,580.0,43.0,72.0
474.0,580.0,44.0,73.0
473.0,580.0,44.0,73.0
473.0,580.0,43.0,72.0
473.0,580.0,44.0,73.0
472.0,580.0,44.0,73.0
472.0,580.0,44.0,73.0
471.0,580.0,45.0,75.0
471.0,579.0,45.0,75.0
471.0,580.0,45.0,75.0
469.0,580.0,45.0,75.0
470.0,581.0,44.0,73.0
468.0,581.0,45.0,75.0
468.0,581.0,45.0,75.0
467.0,582.0,44.0,73.0
467.0,582.0,44.0,73.0
465.0,582.0,45.0,75.0
465.0,582.0,45.0,75.0
464.0,582.0,45.0,75.0
463.0,582.0,46.0,77.0
463.0,582.0,45.0,75.0
462.0,582.0,45.0,75.0
462.0,582.0,45.0,75.0
461.0,582.0,45.0,75.0
460.0,582.0,45.0,75.0
460.0,582.0,45.0,75.0
459.0,582.0,45.0,75.0
458.0,582.0,45.0,75.0
457.0,582.0,46.0,77.0
457.0,583.0,45.0,75.0
457.0,583.0,45.0,75.0
455.0,583.0,46.0,77.0
455.0,583.0,46.0,77.0
454.0,583.0,46.0,77.0
454.0,583.0,46.0,77.0
453.0,584.0,45.0,75.0
453.0,584.0,46.0,77.0
453.0,584.0,46.0,77.0
451.0,583.0,46.0,77.0
451.0,583.0,46.0,77.0
450.0,583.0,46.0,77.0
450.0,584.0,46.0,77.0
450.0,584.0,45.0,75.0
450.0,584.0,46.0,77.0
449.0,584.0,46.0,77.0
449.0,585.0,46.0,77.0
448.0,584.0,46.0,77.0
447.0,585.0,46.0,77.0
446.0,585.0,46.0,77.0
446.0,585.0,46.0,77.0
445.0,586.0,46.0,77.0
445.0,586.0,46.0,77.0
444.0,586.0,46.0,77.0
442.0,586.0,46.0,77.0
442.0,587.0,45.0,75.0
441.0,586.0,46.0,78.0
439.0,586.0,46.0,78.0
439.0,586.0,46.0,78.0
438.0,586.0,46.0,77.0
437.0,586.0,46.0,78.0
436.0,586.0,46.0,78.0
435.0,586.0,46.0,78.0
435.0,587.0,46.0,77.0
434.0,588.0,46.0,77.0
432.0,586.0,47.0,79.0
433.0,588.0,46.0,77.0
432.0,588.0,46.0,78.0
431.0,589.0,46.0,77.0
430.0,588.0,46.0,78.0
430.0,588.0,46.0,78.0
430.0,589.0,46.0,77.0
429.0,589.0,46.0,78.0
429.0,589.0,46.0,78.0
428.0,590.0,46.0,77.0
428.0,590.0,46.0,77.0
427.0,590.0,46.0,77.0
427.0,590.0,46.0,78.0
427.0,590.0,46.0,78.0
427.0,590.0,46.0,78.0
426.0,590.0,46.0,78.0
426.0,591.0,46.0,77.0
427.0,592.0,44.0,74.0
426.0,592.0,45.0,75.0
426.0,592.0,45.0,75.0
426.0,593.0,44.0,74.0
426.0,593.0,44.0,74.0
426.0,594.0,43.0,73.0
426.0,593.0,44.0,74.0
426.0,595.0,43.0,73.0
426.0,595.0,43.0,73.0
426.0,595.0,43.0,73.0
425.0,594.0,44.0,74.0
425.0,594.0,44.0,74.0
425.0,595.0,43.0,73.0
425.0,595.0,44.0,74.0
424.0,595.0,44.0,74.0
424.0,595.0,44.0,74.0
425.0,596.0,43.0,73.0
424.0,595.0,44.0,74.0
424.0,595.0,44.0,74.0
424.0,596.0,44.0,74.0
424.0,597.0,43.0,73.0
424.0,597.0,44.0,74.0
423.0,597.0,45.0,76.0
424.0,598.0,44.0,74.0
423.0,598.0,44.0,74.0
423.0,598.0,44.0,74.0
424.0,600.0,43.0,72.0
424.0,600.0,43.0,72.0
424.0,600.0,42.0,71.0
425.0,600.0,43.0,72.0
424.0,600.0,43.0,72.0
425.0,601.0,41.0,70.0
425.0,601.0,42.0,71.0
426.0,601.0,42.0,71.0
426.0,601.0,41.0,70.0
426.0,601.0,41.0,70.0
426.0,601.0,42.0,71.0
425.0,602.0,42.0,71.0
425.0,602.0,43.0,72.0
424.0,603.0,43.0,72.0
424.0,603.0,43.0,72.0
424.0,603.0,43.0,74.0
424.0,604.0,43.0,74.0
424.0,604.0,44.0,74.0
423.0,604.0,44.0,74.0
423.0,605.0,44.0,74.0
423.0,605.0,45.0,76.0
423.0,606.0,44.0,75.0
423.0,605.0,46.0,78.0
423.0,606.0,45.0,76.0
423.0,606.0,46.0,78.0
423.0,606.0,46.0,78.0
422.0,606.0,46.0,79.0
423.0,607.0,46.0,78.0
423.0,607.0,46.0,78.0
423.0,607.0,46.0,79.0
423.0,608.0,46.0,78.0
423.0,608.0,46.0,79.0
423.0,609.0,46.0,78.0
423.0,609.0,46.0,79.0
423.0,609.0,46.0,79.0
423.0,610.0,46.0,78.0
424.0,611.0,45.0,76.0
424.0,612.0,45.0,76.0
424.0,613.0,44.0,75.0
425.0,613.0,43.0,74.0
425.0,614.0,43.0,73.0
425.0,615.0,42.0,72.0
426.0,615.0,42.0,72.0
427.0,615.0,41.0,70.0
427.0,615.0,42.0,72.0
427.0,616.0,42.0,72.0
428.0,616.0,41.0,70.0
428.0,616.0,42.0,72.0
427.0,617.0,43.0,73.0
427.0,617.0,43.0,74.0
427.0,618.0,44.0,75.0
427.0,618.0,44.0,75.0
427.0,619.0,44.0,75.0
427.0,620.0,44.0,75.0
428.0,620.0,44.0,75.0
427.0,621.0,44.0,75.0
427.0,622.0,45.0,76.0
428.0,622.0,44.0,75.0
428.0,623.0,45.0,77.0
429.0,623.0,45.0,77.0
428.0,623.0,46.0,78.0
428.0,623.0,46.0,78.0
428.0,623.0,46.0,79.0
428.0,623.0,46.0,78.0
430.0,624.0,45.0,77.0
430.0,624.0,45.0,77.0
431.0,625.0,44.0,75.0
431.0,625.0,44.0,75.0
431.0,626.0,43.0,74.0
432.0,627.0,43.0,73.0
432.0,627.0,43.0,73.0
433.0,628.0,43.0,73.0
433.0,628.0,42.0,72.0
434.0,629.0,42.0,72.0
434.0,630.0,41.0,70.0
434.0,631.0,41.0,71.0
435.0,632.0,40.0,70.0
436.0,633.0,40.0,69.0
436.0,633.0,40.0,69.0
437.0,633.0,40.0,69.0
437.0,634.0,40.0,68.0
437.0,635.0,40.0,67.0
438.0,635.0,40.0,67.0
439.0,636.0,39.0,67.0
441.0,637.0,38.0,67.0
441.0,637.0,39.0,68.0
441.0,637.0,40.0,69.0
441.0,638.0,39.0,69.0
442.0,639.0,39.0,69.0
442.0,638.0,40.0,70.0
442.0,639.0,40.0,71.0
442.0,640.0,39.0,70.0
443.0,639.0,40.0,71.0
443.0,639.0,40.0,71.0
444.0,636.0,39.0,70.0
445.0,632.0,39.0,66.0
446.0,627.0,39.0,66.0
446.0,622.0,40.0,64.0
447.0,617.0,39.0,64.0
448.0,610.0,40.0,65.0
449.0,604.0,40.0,65.0
450.0,599.0,40.0,65.0
450.0,595.0,39.0,64.0
451.0,591.0,39.0,64.0
452.0,584.0,40.0,66.0
452.0,580.0,39.0,66.0
454.0,573.0,38.0,65.0
454.0,568.0,39.0,66.0
454.0,562.0,40.0,67.0
455.0,554.0,39.0,66.0
456.0,548.0,39.0,67.0
457.0,541.0,39.0,66.0
458.0,534.0,39.0,66.0
459.0,527.0,39.0,66.0
460.0,520.0,39.0,66.0
461.0,512.0,38.0,65.0
461.0,508.0,38.0,65.0
461.0,503.0,39.0,66.0
461.0,498.0,39.0,66.0
462.0,498.0,39.0,63.0
463.0,500.0,39.0,61.0
463.0,501.0,39.0,59.0
464.0,501.0,38.0,59.0
461.0,502.0,39.0,60.0
461.0,502.0,39.0,60.0
455.0,509.0,39.0,60.0
456.0,511.0,39.0,60.0
455.0,509.0,40.0,61.0
nan,nan,nan,nan
nan,nan,nan,nan
nan,nan,nan,nan
nan,nan,nan,nan
nan,nan,nan,nan
nan,nan,nan,nan
nan,nan,nan,nan
nan,nan,nan,nan
nan,nan,nan,nan
nan,nan,nan,nan
nan,nan,nan,nan
nan,nan,nan,nan
nan,nan,nan,nan
nan,nan,nan,nan
nan,nan,nan,nan
nan,nan,nan,nan
nan,nan,nan,nan
nan,nan,nan,nan
nan,nan,nan,nan
nan,nan,nan,nan
nan,nan,nan,nan
nan,nan,nan,nan
nan,nan,nan,nan
nan,nan,nan,nan
nan,nan,nan,nan
nan,nan,nan,nan
nan,nan,nan,nan
nan,nan,nan,nan
nan,nan,nan,nan
nan,nan,nan,nan
nan,nan,nan,nan
nan,nan,nan,nan
nan,nan,nan,nan
nan,nan,nan,nan
nan,nan,nan,nan
nan,nan,nan,nan
nan,nan,nan,nan
nan,nan,nan,nan
nan,nan,nan,nan
nan,nan,nan,nan
nan,nan,nan,nan
nan,nan,nan,nan
nan,nan,nan,nan
nan,nan,nan,nan
nan,nan,nan,nan
nan,nan,nan,nan
nan,nan,nan,nan
nan,nan,nan,nan
nan,nan,nan,nan
nan,nan,nan,nan
nan,nan,nan,nan
nan,nan,nan,nan
nan,nan,nan,nan
nan,nan,nan,nan
nan,nan,nan,nan
nan,nan,nan,nan
nan,nan,nan,nan
nan,nan,nan,nan
nan,nan,nan,nan
nan,nan,nan,nan
nan,nan,nan,nan
nan,nan,nan,nan
nan,nan,nan,nan
nan,nan,nan,nan
nan,nan,nan,nan
nan,nan,nan,nan
nan,nan,nan,nan
nan,nan,nan,nan
nan,nan,nan,nan
nan,nan,nan,nan
nan,nan,nan,nan
nan,nan,nan,nan
nan,nan,nan,nan
nan,nan,nan,nan
nan,nan,nan,nan
nan,nan,nan,nan
nan,nan,nan,nan
nan,nan,nan,nan
nan,nan,nan,nan
nan,nan,nan,nan
nan,nan,nan,nan
nan,nan,nan,nan
nan,nan,nan,nan
nan,nan,nan,nan
nan,nan,nan,nan
nan,nan,nan,nan
nan,nan,nan,nan
nan,nan,nan,nan
nan,nan,nan,nan
nan,nan,nan,nan
nan,nan,nan,nan
nan,nan,nan,nan
nan,nan,nan,nan
nan,nan,nan,nan
nan,nan,nan,nan
nan,nan,nan,nan
nan,nan,nan,nan
nan,nan,nan,nan
nan,nan,nan,nan
nan,nan,nan,nan
nan,nan,nan,nan
nan,nan,nan,nan
nan,nan,nan,nan
nan,nan,nan,nan
nan,nan,nan,nan
nan,nan,nan,nan
nan,nan,nan,nan
nan,nan,nan,nan
nan,nan,nan,nan
nan,nan,nan,nan
nan,nan,nan,nan
nan,nan,nan,nan
nan,nan,nan,nan
nan,nan,nan,nan
nan,nan,nan,nan
nan,nan,nan,nan
231.0,623.0,43.0,69.0
229.0,624.0,42.0,69.0
227.0,625.0,43.0,71.0
224.0,626.0,42.0,71.0
219.0,627.0,43.0,72.0
217.0,628.0,42.0,71.0
216.0,630.0,41.0,70.0
213.0,630.0,41.0,70.0
212.0,631.0,41.0,69.0
210.0,633.0,39.0,67.0
204.0,636.0,39.0,67.0
203.0,636.0,38.0,67.0
200.0,636.0,39.0,69.0
198.0,637.0,39.0,69.0
195.0,637.0,40.0,70.0
193.0,639.0,38.0,68.0
186.0,640.0,40.0,71.0
186.0,640.0,39.0,70.0
181.0,641.0,40.0,71.0
182.0,642.0,39.0,69.0
176.0,641.0,41.0,71.0
175.0,642.0,39.0,69.0
175.0,644.0,37.0,67.0
172.0,642.0,39.0,69.0
176.0,643.0,38.0,68.0
165.0,642.0,39.0,70.0
163.0,643.0,39.0,69.0
157.0,643.0,40.0,70.0
153.0,643.0,40.0,70.0
154.0,643.0,39.0,70.0
150.0,643.0,39.0,70.0
147.0,642.0,40.0,71.0
134.0,642.0,40.0,71.0
136.0,641.0,41.0,72.0
146.0,641.0,41.0,72.0
139.0,642.0,40.0,71.0
139.0,642.0,40.0,71.0
136.0,641.0,40.0,70.0
123.0,640.0,40.0,70.0
120.0,640.0,40.0,70.0
121.0,639.0,40.0,69.0
122.0,637.0,41.0,68.0
122.0,636.0,41.0,67.0
118.0,635.0,41.0,67.0
117.0,631.0,42.0,69.0
114.0,627.0,43.0,70.0
113.0,623.0,43.0,71.0
112.0,619.0,43.0,71.0
109.0,615.0,45.0,74.0
107.0,613.0,44.0,72.0
105.0,607.0,43.0,70.0
104.0,601.0,43.0,71.0
104.0,595.0,43.0,71.0
104.0,590.0,44.0,74.0
104.0,584.0,44.0,74.0
104.0,577.0,44.0,74.0
105.0,568.0,44.0,74.0
105.0,562.0,44.0,74.0
104.0,556.0,45.0,76.0
104.0,552.0,45.0,76.0
123.0,549.0,45.0,77.0
122.0,549.0,45.0,77.0
119.0,550.0,45.0,77.0
118.0,551.0,45.0,77.0
115.0,550.0,46.0,78.0
112.0,553.0,45.0,77.0
110.0,553.0,45.0,77.0
107.0,556.0,45.0,77.0
106.0,555.0,45.0,78.0
105.0,554.0,45.0,78.0
106.0,554.0,45.0,75.0
106.0,556.0,44.0,70.0
107.0,557.0,44.0,67.0
107.0,556.0,44.0,67.0
107.0,557.0,45.0,68.0
107.0,568.0,44.0,67.0
nan,nan,nan,nan
nan,nan,nan,nan
nan,nan,nan,nan
nan,nan,nan,nan
nan,nan,nan,nan
nan,nan,nan,nan
nan,nan,nan,nan
nan,nan,nan,nan
nan,nan,nan,nan
nan,nan,nan,nan
nan,nan,nan,nan
nan,nan,nan,nan
nan,nan,nan,nan
nan,nan,nan,nan
109.0,586.0,44.0,71.0
109.0,587.0,44.0,71.0
109.0,588.0,44.0,71.0
109.0,591.0,44.0,71.0
109.0,589.0,44.0,71.0
109.0,588.0,44.0,71.0
109.0,588.0,44.0,71.0
110.0,605.0,43.0,70.0
111.0,605.0,43.0,69.0
111.0,602.0,43.0,69.0
111.0,602.0,43.0,69.0
111.0,600.0,43.0,69.0
111.0,602.0,43.0,69.0
111.0,602.0,42.0,67.0
111.0,602.0,42.0,67.0
111.0,602.0,42.0,67.0
112.0,603.0,42.0,67.0
112.0,612.0,42.0,67.0
113.0,612.0,42.0,67.0
113.0,613.0,42.0,70.0
131.0,104.0,5.0,15.0
131.0,104.0,5.0,18.0
131.0,105.0,5.0,18.0
131.0,105.0,6.0,18.0
131.0,105.0,6.0,18.0
131.0,105.0,6.0,18.0
131.0,105.0,6.0,18.0
131.0,105.0,6.0,18.0
131.0,105.0,6.0,18.0
132.0,105.0,6.0,18.0
132.0,105.0,6.0,18.0
132.0,105.0,6.0,16.0
132.0,105.0,6.0,14.0
113.0,112.0,43.0,69.0
114.0,116.0,43.0,69.0
115.0,116.0,43.0,70.0
114.0,117.0,43.0,71.0
115.0,116.0,43.0,72.0
115.0,116.0,43.0,73.0
114.0,116.0,43.0,74.0
114.0,117.0,44.0,74.0
115.0,118.0,43.0,73.0
115.0,118.0,43.0,73.0
115.0,118.0,43.0,73.0
115.0,118.0,43.0,73.0
115.0,119.0,43.0,73.0
115.0,118.0,43.0,73.0
115.0,118.0,43.0,73.0
114.0,118.0,44.0,74.0
114.0,118.0,44.0,74.0
114.0,118.0,44.0,74.0
114.0,119.0,44.0,74.0
114.0,119.0,44.0,74.0
115.0,119.0,43.0,73.0
115.0,119.0,43.0,73.0
115.0,119.0,43.0,72.0
115.0,120.0,43.0,71.0
116.0,120.0,43.0,69.0
116.0,119.0,43.0,69.0
116.0,120.0,43.0,69.0
116.0,119.0,43.0,69.0
116.0,119.0,43.0,69.0
116.0,119.0,43.0,69.0
116.0,119.0,43.0,68.0
116.0,119.0,43.0,68.0
116.0,118.0,43.0,68.0
116.0,118.0,43.0,68.0
116.0,118.0,43.0,68.0
116.0,118.0,43.0,68.0
116.0,118.0,43.0,67.0
116.0,117.0,43.0,67.0
116.0,117.0,43.0,67.0
116.0,117.0,43.0,67.0
116.0,118.0,42.0,66.0
116.0,118.0,42.0,65.0
117.0,118.0,42.0,64.0
117.0,118.0,42.0,64.0
117.0,117.0,42.0,64.0
117.0,118.0,42.0,64.0
117.0,118.0,42.0,64.0
117.0,118.0,42.0,64.0
117.0,117.0,42.0,64.0
117.0,118.0,42.0,63.0
117.0,117.0,42.0,63.0
117.0,118.0,42.0,63.0
117.0,117.0,42.0,63.0
117.0,117.0,42.0,63.0
117.0,117.0,42.0,63.0
117.0,116.0,42.0,62.0
117.0,117.0,41.0,62.0
117.0,117.0,41.0,62.0
117.0,117.0,42.0,63.0
117.0,116.0,42.0,63.0
117.0,116.0,42.0,63.0
117.0,116.0,42.0,64.0
117.0,116.0,42.0,64.0
117.0,115.0,42.0,65.0
117.0,116.0,42.0,65.0
117.0,116.0,42.0,65.0
117.0,116.0,42.0,65.0
117.0,134.0,42.0,65.0
117.0,137.0,42.0,65.0
117.0,137.0,42.0,65.0
117.0,138.0,42.0,65.0
117.0,136.0,42.0,65.0
117.0,137.0,42.0,65.0
117.0,138.0,42.0,66.0
116.0,137.0,42.0,66.0
116.0,137.0,42.0,66.0
116.0,137.0,42.0,67.0
116.0,137.0,42.0,68.0
116.0,138.0,42.0,69.0
116.0,138.0,42.0,69.0
116.0,138.0,42.0,69.0
116.0,138.0,42.0,70.0
116.0,138.0,42.0,70.0
116.0,138.0,42.0,70.0
115.0,139.0,42.0,70.0
115.0,139.0,42.0,70.0
115.0,140.0,42.0,70.0
115.0,149.0,42.0,70.0
116.0,150.0,42.0,70.0
116.0,150.0,42.0,70.0
115.0,149.0,42.0,70.0
116.0,150.0,41.0,69.0
116.0,149.0,41.0,69.0
116.0,149.0,41.0,69.0
116.0,149.0,41.0,69.0
115.0,149.0,41.0,69.0
115.0,149.0,41.0,69.0
115.0,149.0,41.0,69.0
115.0,150.0,41.0,69.0
115.0,150.0,41.0,69.0
115.0,150.0,41.0,69.0
115.0,150.0,41.0,70.0
115.0,151.0,41.0,70.0
115.0,150.0,41.0,70.0
114.0,150.0,41.0,71.0
114.0,151.0,41.0,71.0
114.0,151.0,41.0,71.0
114.0,151.0,41.0,71.0
114.0,151.0,41.0,71.0
114.0,151.0,41.0,72.0
114.0,151.0,41.0,72.0
114.0,151.0,41.0,73.0
114.0,152.0,41.0,73.0
114.0,152.0,41.0,74.0
114.0,153.0,41.0,74.0
113.0,154.0,42.0,74.0
113.0,155.0,42.0,74.0
113.0,154.0,42.0,75.0
113.0,156.0,42.0,75.0
113.0,156.0,42.0,74.0
113.0,156.0,42.0,74.0
113.0,157.0,42.0,74.0
112.0,154.0,42.0,74.0
111.0,153.0,43.0,75.0
111.0,155.0,43.0,74.0
111.0,153.0,43.0,74.0
111.0,154.0,43.0,74.0
111.0,154.0,43.0,74.0
111.0,156.0,43.0,74.0
111.0,157.0,43.0,74.0
111.0,157.0,43.0,74.0
111.0,158.0,43.0,74.0
111.0,153.0,43.0,75.0
110.0,157.0,43.0,75.0
110.0,159.0,43.0,75.0
110.0,160.0,43.0,75.0
110.0,161.0,43.0,75.0
111.0,166.0,43.0,75.0
110.0,168.0,43.0,75.0
109.0,165.0,43.0,75.0
109.0,165.0,43.0,75.0
109.0,165.0,43.0,75.0
109.0,165.0,43.0,75.0
109.0,163.0,43.0,75.0
109.0,164.0,43.0,75.0
108.0,163.0,43.0,75.0
108.0,161.0,43.0,74.0
108.0,161.0,44.0,74.0
108.0,162.0,44.0,74.0
108.0,162.0,44.0,74.0
108.0,162.0,44.0,74.0
108.0,163.0,44.0,75.0
107.0,165.0,44.0,75.0
107.0,164.0,44.0,76.0
107.0,162.0,44.0,76.0
107.0,163.0,44.0,76.0
107.0,164.0,44.0,76.0
107.0,165.0,44.0,76.0
124.0,133.0,8.0,21.0
488.0,523.0,50.0,105.0
485.0,523.0,52.0,109.0
485.0,524.0,52.0,109.0
484.0,528.0,51.0,109.0
484.0,530.0,50.0,105.0
484.0,532.0,49.0,103.0
483.0,533.0,50.0,107.0
483.0,535.0,49.0,105.0
481.0,537.0,50.0,107.0
480.0,537.0,51.0,109.0
481.0,540.0,49.0,105.0
481.0,542.0,49.0,104.0
480.0,543.0,50.0,107.0
478.0,543.0,53.0,113.0
477.0,545.0,54.0,115.0
475.0,546.0,56.0,119.0
475.0,547.0,55.0,117.0
475.0,550.0,53.0,114.0
474.0,553.0,52.0,111.0
474.0,556.0,51.0,108.0
474.0,559.0,49.0,105.0
474.0,559.0,50.0,106.0
474.0,562.0,49.0,103.0
473.0,563.0,49.0,103.0
471.0,563.0,52.0,109.0
471.0,565.0,52.0,107.0
470.0,564.0,54.0,113.0
470.0,566.0,54.0,113.0
467.0,567.0,57.0,118.0
466.0,568.0,57.0,121.0
465.0,568.0,61.0,128.0
464.0,570.0,61.0,130.0
465.0,578.0,56.0,120.0
465.0,577.0,56.0,120.0
463.0,579.0,58.0,124.0
461.0,580.0,58.0,123.0
461.0,583.0,56.0,118.0
462.0,586.0,53.0,113.0
461.0,590.0,52.0,110.0
461.0,594.0,50.0,105.0
461.0,597.0,49.0,103.0
460.0,597.0,51.0,107.0
459.0,600.0,50.0,105.0
459.0,601.0,51.0,107.0
459.0,603.0,50.0,105.0
458.0,605.0,51.0,108.0
458.0,607.0,51.0,108.0
456.0,607.0,52.0,111.0
456.0,609.0,53.0,114.0
455.0,610.0,56.0,118.0
454.0,610.0,59.0,124.0
455.0,618.0,56.0,118.0
455.0,616.0,53.0,112.0
455.0,620.0,51.0,106.0
454.0,623.0,50.0,105.0
453.0,626.0,48.0,101.0
453.0,628.0,47.0,99.0
452.0,629.0,48.0,100.0
453.0,633.0,47.0,97.0
451.0,634.0,48.0,99.0
453.0,639.0,47.0,96.0
452.0,637.0,48.0,98.0
453.0,641.0,47.0,95.0
450.0,641.0,45.0,92.0
449.0,642.0,46.0,93.0
449.0,644.0,47.0,95.0
448.0,646.0,47.0,95.0
447.0,647.0,49.0,97.0
446.0,649.0,50.0,98.0
445.0,650.0,51.0,101.0
444.0,652.0,51.0,101.0
442.0,654.0,52.0,102.0
442.0,656.0,52.0,101.0
441.0,659.0,51.0,101.0
440.0,661.0,52.0,102.0
440.0,663.0,52.0,101.0
441.0,665.0,50.0,95.0
442.0,670.0,46.0,89.0
441.0,667.0,49.0,93.0
442.0,670.0,47.0,89.0
442.0,672.0,44.0,85.0
442.0,675.0,42.0,78.0
440.0,673.0,44.0,84.0
440.0,676.0,42.0,78.0
438.0,675.0,44.0,82.0
439.0,676.0,43.0,81.0
437.0,677.0,42.0,77.0
436.0,677.0,42.0,78.0
435.0,678.0,41.0,76.0
434.0,678.0,42.0,77.0
433.0,679.0,42.0,77.0
nan,nan,nan,nan
nan,nan,nan,nan
nan,nan,nan,nan
nan,nan,nan,nan
nan,nan,nan,nan
nan,nan,nan,nan
nan,nan,nan,nan
nan,nan,nan,nan
nan,nan,nan,nan
nan,nan,nan,nan
nan,nan,nan,nan
nan,nan,nan,nan
nan,nan,nan,nan
nan,nan,nan,nan
nan,nan,nan,nan
nan,nan,nan,nan
nan,nan,nan,nan
nan,nan,nan,nan
nan,nan,nan,nan
nan,nan,nan,nan
nan,nan,nan,nan
nan,nan,nan,nan
nan,nan,nan,nan
nan,nan,nan,nan
nan,nan,nan,nan
nan,nan,nan,nan
nan,nan,nan,nan
nan,nan,nan,nan
nan,nan,nan,nan
167.0,193.0,41.0,76.0
148.0,189.0,42.0,81.0
139.0,170.0,43.0,86.0
131.0,143.0,44.0,90.0
132.0,133.0,44.0,90.0
129.0,110.0,44.0,90.0
106.0,124.0,45.0,92.0
114.0,119.0,45.0,90.0
110.0,149.0,44.0,88.0
103.0,105.0,45.0,89.0
110.0,95.0,45.0,89.0
118.0,88.0,46.0,89.0
115.0,66.0,47.0,89.0
127.0,59.0,47.0,91.0
111.0,64.0,11.0,20.0
111.0,57.0,11.0,20.0
111.0,51.0,10.0,20.0
111.0,45.0,10.0,20.0
111.0,38.0,9.0,20.0
111.0,33.0,9.0,20.0
110.0,29.0,10.0,21.0
110.0,24.0,10.0,21.0
110.0,22.0,11.0,20.0
110.0,20.0,11.0,20.0
110.0,18.0,11.0,20.0
110.0,18.0,11.0,20.0
110.0,18.0,11.0,20.0
110.0,18.0,11.0,20.0
110.0,18.0,11.0,19.0
110.0,19.0,11.0,19.0
110.0,19.0,11.0,19.0
110.0,20.0,11.0,19.0
109.0,21.0,12.0,19.0
109.0,21.0,12.0,19.0
110.0,24.0,12.0,19.0
110.0,26.0,12.0,19.0
110.0,28.0,12.0,19.0
110.0,32.0,11.0,19.0
110.0,36.0,11.0,19.0
111.0,40.0,11.0,19.0
111.0,45.0,11.0,19.0
111.0,49.0,11.0,19.0
111.0,54.0,11.0,19.0
111.0,58.0,11.0,19.0
111.0,61.0,11.0,19.0
111.0,65.0,11.0,19.0
111.0,68.0,11.0,19.0
111.0,72.0,11.0,19.0
93.0,55.0,46.0,90.0
97.0,73.0,46.0,91.0
100.0,90.0,46.0,91.0
116.0,107.0,46.0,91.0
123.0,130.0,45.0,91.0
126.0,110.0,45.0,91.0
128.0,134.0,44.0,91.0
130.0,158.0,44.0,91.0
131.0,183.0,45.0,91.0
132.0,207.0,45.0,91.0
133.0,239.0,45.0,91.0
133.0,263.0,45.0,90.0
133.0,287.0,46.0,91.0
134.0,308.0,46.0,90.0
133.0,328.0,46.0,88.0
132.0,349.0,46.0,87.0
131.0,365.0,45.0,83.0
130.0,379.0,45.0,78.0
129.0,395.0,45.0,74.0
nan,nan,nan,nan
nan,nan,nan,nan
nan,nan,nan,nan
nan,nan,nan,nan
nan,nan,nan,nan
nan,nan,nan,nan
nan,nan,nan,nan
nan,nan,nan,nan
nan,nan,nan,nan
nan,nan,nan,nan
nan,nan,nan,nan
nan,nan,nan,nan
nan,nan,nan,nan
nan,nan,nan,nan
nan,nan,nan,nan
nan,nan,nan,nan
nan,nan,nan,nan
109.0,405.0,41.0,72.0
108.0,387.0,42.0,78.0
108.0,365.0,43.0,84.0
107.0,342.0,44.0,90.0
103.0,308.0,44.0,89.0
101.0,280.0,44.0,89.0
97.0,252.0,45.0,90.0
97.0,229.0,44.0,89.0
98.0,204.0,45.0,90.0
98.0,181.0,45.0,90.0
99.0,170.0,45.0,90.0
120.0,151.0,45.0,90.0
117.0,143.0,45.0,90.0
114.0,138.0,45.0,89.0
115.0,129.0,45.0,87.0
111.0,122.0,45.0,86.0
109.0,118.0,45.0,86.0
109.0,113.0,46.0,88.0
108.0,112.0,46.0,88.0
105.0,111.0,46.0,87.0
107.0,110.0,46.0,89.0
106.0,110.0,46.0,89.0
107.0,110.0,45.0,89.0
106.0,110.0,45.0,89.0
104.0,111.0,45.0,89.0
104.0,111.0,45.0,89.0
105.0,111.0,45.0,89.0
106.0,113.0,44.0,89.0
107.0,116.0,45.0,89.0
104.0,120.0,45.0,89.0
105.0,124.0,45.0,89.0
106.0,130.0,45.0,89.0
106.0,137.0,45.0,89.0
106.0,142.0,45.0,89.0
105.0,147.0,45.0,90.0
104.0,150.0,45.0,90.0
104.0,149.0,47.0,93.0
104.0,149.0,48.0,94.0
104.0,149.0,48.0,94.0
104.0,149.0,48.0,94.0
104.0,149.0,48.0,95.0
104.0,149.0,47.0,95.0
105.0,148.0,47.0,95.0
106.0,148.0,47.0,95.0
106.0,148.0,47.0,95.0
106.0,147.0,47.0,97.0
105.0,147.0,47.0,97.0
106.0,147.0,48.0,97.0
106.0,146.0,48.0,97.0
106.0,146.0,48.0,97.0
107.0,146.0,48.0,96.0
109.0,147.0,47.0,95.0
107.0,145.0,48.0,98.0
110.0,146.0,48.0,96.0
107.0,145.0,48.0,97.0
109.0,146.0,48.0,95.0
110.0,146.0,48.0,95.0
109.0,146.0,48.0,95.0
109.0,146.0,48.0,95.0
110.0,146.0,48.0,95.0
110.0,146.0,48.0,95.0
110.0,146.0,47.0,94.0
110.0,146.0,47.0,94.0
110.0,145.0,47.0,96.0
111.0,146.0,47.0,94.0
110.0,146.0,47.0,94.0
110.0,145.0,47.0,96.0
110.0,144.0,48.0,97.0
110.0,144.0,48.0,96.0
111.0,144.0,48.0,96.0
111.0,144.0,48.0,96.0
109.0,142.0,48.0,98.0
110.0,142.0,48.0,98.0
110.0,142.0,48.0,98.0
110.0,143.0,48.0,96.0
109.0,142.0,48.0,98.0
110.0,140.0,48.0,98.0
110.0,140.0,48.0,98.0
111.0,140.0,48.0,97.0
110.0,140.0,48.0,97.0
111.0,138.0,48.0,99.0
111.0,138.0,48.0,99.0
112.0,138.0,48.0,97.0
113.0,138.0,48.0,97.0
113.0,138.0,48.0,97.0
113.0,137.0,48.0,97.0
114.0,138.0,47.0,96.0
115.0,137.0,47.0,96.0
114.0,137.0,47.0,95.0
117.0,138.0,46.0,93.0
115.0,136.0,47.0,94.0
116.0,137.0,46.0,93.0
116.0,138.0,45.0,91.0
116.0,138.0,45.0,91.0
116.0,137.0,45.0,91.0
117.0,137.0,45.0,89.0
118.0,137.0,45.0,89.0
118.0,137.0,45.0,89.0
119.0,138.0,45.0,88.0
119.0,138.0,44.0,86.0
120.0,141.0,41.0,81.0
120.0,141.0,40.0,80.0
121.0,141.0,39.0,79.0
123.0,142.0,39.0,78.0
122.0,141.0,40.0,78.0
121.0,142.0,39.0,77.0
120.0,141.0,40.0,78.0
121.0,141.0,39.0,77.0
121.0,140.0,40.0,78.0
121.0,140.0,40.0,78.0
122.0,140.0,40.0,78.0
122.0,140.0,39.0,76.0
124.0,140.0,38.0,75.0
124.0,140.0,38.0,74.0
123.0,140.0,38.0,74.0
124.0,140.0,37.0,73.0
124.0,139.0,37.0,74.0
124.0,139.0,37.0,74.0
125.0,138.0,36.0,73.0
126.0,138.0,35.0,73.0
126.0,137.0,35.0,72.0
127.0,137.0,35.0,71.0
128.0,137.0,35.0,71.0
129.0,137.0,34.0,70.0
128.0,136.0,34.0,70.0
128.0,136.0,33.0,69.0
129.0,136.0,33.0,68.0
129.0,136.0,33.0,68.0
130.0,136.0,33.0,68.0
130.0,135.0,33.0,67.0
130.0,135.0,33.0,66.0
129.0,135.0,32.0,65.0
130.0,135.0,32.0,64.0
131.0,135.0,32.0,64.0
131.0,133.0,32.0,65.0
131.0,133.0,32.0,65.0
131.0,133.0,32.0,65.0
131.0,132.0,32.0,65.0
132.0,132.0,32.0,65.0
131.0,131.0,32.0,65.0
132.0,131.0,32.0,65.0
131.0,131.0,32.0,64.0
132.0,131.0,31.0,63.0
133.0,132.0,31.0,63.0
133.0,132.0,30.0,62.0
133.0,131.0,31.0,62.0
133.0,131.0,30.0,62.0
135.0,131.0,30.0,62.0
134.0,131.0,30.0,62.0
134.0,131.0,30.0,62.0
134.0,131.0,31.0,62.0
134.0,130.0,31.0,62.0
134.0,130.0,31.0,62.0
134.0,130.0,31.0,62.0
133.0,130.0,31.0,62.0
134.0,127.0,31.0,62.0
136.0,128.0,31.0,62.0
136.0,128.0,31.0,62.0
134.0,128.0,30.0,61.0
134.0,128.0,29.0,59.0
134.0,128.0,29.0,59.0
135.0,129.0,29.0,58.0
134.0,128.0,29.0,58.0
134.0,129.0,28.0,57.0
134.0,129.0,28.0,57.0
135.0,128.0,28.0,57.0
134.0,128.0,28.0,57.0
134.0,127.0,29.0,57.0
134.0,127.0,29.0,57.0
136.0,125.0,29.0,57.0
134.0,127.0,29.0,57.0
134.0,126.0,29.0,56.0
134.0,125.0,29.0,56.0
135.0,125.0,29.0,56.0
135.0,124.0,29.0,57.0
136.0,124.0,29.0,57.0
136.0,124.0,29.0,57.0
136.0,124.0,29.0,58.0
137.0,124.0,28.0,58.0
135.0,123.0,28.0,58.0
135.0,123.0,28.0,58.0
136.0,123.0,28.0,57.0
135.0,123.0,28.0,57.0
135.0,123.0,28.0,57.0
136.0,123.0,28.0,57.0
135.0,122.0,28.0,58.0
135.0,122.0,28.0,58.0
136.0,121.0,28.0,58.0
135.0,121.0,28.0,58.0
135.0,121.0,28.0,58.0
135.0,120.0,28.0,59.0
135.0,120.0,28.0,59.0
135.0,120.0,28.0,59.0
136.0,119.0,29.0,60.0
136.0,117.0,29.0,60.0
135.0,117.0,29.0,60.0
135.0,117.0,28.0,59.0
136.0,117.0,28.0,59.0
136.0,116.0,27.0,59.0
136.0,116.0,27.0,59.0
136.0,116.0,27.0,59.0
135.0,116.0,27.0,59.0
135.0,115.0,27.0,59.0
135.0,115.0,27.0,59.0
136.0,114.0,27.0,59.0
136.0,114.0,27.0,59.0
136.0,113.0,27.0,59.0
136.0,113.0,27.0,59.0
137.0,113.0,27.0,58.0
136.0,113.0,27.0,58.0
136.0,113.0,27.0,58.0
136.0,113.0,27.0,58.0
135.0,112.0,27.0,57.0
135.0,112.0,27.0,57.0
135.0,112.0,27.0,57.0
136.0,110.0,27.0,57.0
136.0,110.0,27.0,57.0
136.0,109.0,27.0,57.0
136.0,109.0,27.0,57.0
137.0,109.0,27.0,57.0
136.0,108.0,27.0,57.0
136.0,107.0,27.0,58.0
137.0,107.0,27.0,58.0
137.0,107.0,28.0,58.0
137.0,106.0,28.0,58.0
136.0,105.0,28.0,58.0
137.0,106.0,28.0,58.0
136.0,105.0,28.0,58.0
137.0,105.0,28.0,58.0
138.0,104.0,29.0,59.0
137.0,104.0,29.0,60.0
136.0,102.0,29.0,60.0
136.0,102.0,28.0,60.0
139.0,102.0,28.0,59.0
136.0,101.0,28.0,60.0
136.0,101.0,28.0,60.0
139.0,101.0,28.0,60.0
137.0,101.0,28.0,60.0
138.0,101.0,28.0,60.0
138.0,100.0,28.0,60.0
138.0,100.0,28.0,60.0
138.0,100.0,28.0,60.0
138.0,99.0,28.0,59.0
139.0,98.0,28.0,59.0
138.0,98.0,28.0,59.0
137.0,98.0,28.0,58.0
137.0,98.0,28.0,58.0
138.0,97.0,28.0,58.0
138.0,97.0,28.0,58.0
137.0,96.0,28.0,58.0
137.0,96.0,28.0,58.0
137.0,96.0,28.0,58.0
140.0,96.0,28.0,58.0
139.0,95.0,28.0,58.0
140.0,95.0,28.0,58.0
141.0,94.0,28.0,58.0
139.0,94.0,28.0,58.0
139.0,93.0,28.0,58.0
139.0,94.0,28.0,58.0
140.0,94.0,28.0,58.0
140.0,94.0,28.0,57.0
140.0,93.0,27.0,57.0
140.0,92.0,27.0,57.0
141.0,91.0,27.0,58.0
141.0,89.0,27.0,58.0
142.0,87.0,27.0,58.0
140.0,85.0,27.0,58.0
142.0,82.0,28.0,59.0
141.0,79.0,28.0,61.0
140.0,76.0,29.0,62.0
140.0,74.0,29.0,62.0
141.0,72.0,29.0,62.0
140.0,71.0,29.0,62.0
142.0,69.0,29.0,63.0
141.0,67.0,29.0,63.0
142.0,66.0,29.0,63.0
140.0,64.0,29.0,63.0
143.0,61.0,29.0,63.0
142.0,59.0,30.0,64.0
143.0,56.0,30.0,64.0
144.0,54.0,30.0,64.0
144.0,51.0,30.0,64.0
144.0,49.0,30.0,64.0
142.0,49.0,29.0,63.0
142.0,49.0,29.0,62.0
144.0,47.0,30.0,63.0
142.0,47.0,30.0,63.0
141.0,48.0,29.0,62.0
141.0,47.0,29.0,61.0
141.0,47.0,29.0,61.0
141.0,47.0,28.0,60.0
141.0,46.0,29.0,61.0
142.0,44.0,29.0,62.0
143.0,44.0,30.0,63.0
144.0,43.0,30.0,63.0
142.0,43.0,30.0,64.0
141.0,42.0,30.0,64.0
144.0,42.0,30.0,64.0
144.0,42.0,30.0,64.0
144.0,42.0,30.0,64.0
142.0,42.0,30.0,64.0
142.0,42.0,30.0,64.0
142.0,42.0,30.0,64.0
142.0,42.0,30.0,64.0
142.0,42.0,30.0,64.0
142.0,42.0,30.0,64.0
142.0,42.0,30.0,64.0
142.0,41.0,30.0,64.0
143.0,41.0,30.0,64.0
144.0,53.0,30.0,63.0
144.0,51.0,30.0,63.0
142.0,50.0,30.0,64.0
142.0,50.0,30.0,64.0
145.0,49.0,30.0,65.0
146.0,49.0,30.0,64.0
146.0,47.0,30.0,65.0
144.0,47.0,30.0,65.0
144.0,46.0,30.0,65.0
144.0,46.0,30.0,65.0
144.0,46.0,30.0,65.0
143.0,44.0,30.0,65.0
144.0,42.0,30.0,65.0
143.0,43.0,30.0,64.0
144.0,43.0,30.0,64.0
143.0,41.0,30.0,64.0
143.0,40.0,30.0,64.0
143.0,39.0,30.0,64.0
143.0,38.0,30.0,64.0
143.0,37.0,30.0,64.0
143.0,36.0,30.0,64.0
144.0,36.0,30.0,64.0
144.0,36.0,30.0,64.0
143.0,35.0,30.0,64.0
143.0,34.0,30.0,64.0
154.0,56.0,8.0,21.0
154.0,56.0,8.0,21.0
154.0,55.0,8.0,21.0
154.0,55.0,8.0,21.0
154.0,55.0,8.0,21.0
145.0,47.0,30.0,65.0
145.0,47.0,30.0,65.0
147.0,47.0,30.0,65.0
146.0,44.0,30.0,66.0
145.0,43.0,30.0,66.0
146.0,41.0,30.0,66.0
145.0,41.0,30.0,66.0
145.0,41.0,30.0,65.0
144.0,39.0,30.0,65.0
144.0,38.0,30.0,64.0
144.0,37.0,30.0,64.0
147.0,35.0,30.0,64.0
147.0,33.0,30.0,64.0
147.0,32.0,30.0,65.0
145.0,32.0,30.0,65.0
144.0,31.0,30.0,65.0
145.0,28.0,30.0,65.0
146.0,27.0,30.0,65.0
145.0,26.0,30.0,65.0
146.0,26.0,30.0,65.0
145.0,25.0,30.0,65.0
147.0,24.0,30.0,65.0
147.0,24.0,30.0,65.0
149.0,23.0,30.0,65.0
149.0,24.0,30.0,65.0
146.0,23.0,30.0,65.0
146.0,24.0,30.0,65.0
146.0,24.0,30.0,65.0
147.0,25.0,30.0,66.0
149.0,24.0,30.0,66.0
147.0,22.0,30.0,66.0
146.0,22.0,30.0,66.0
145.0,21.0,30.0,66.0
145.0,20.0,30.0,66.0
146.0,29.0,30.0,66.0
147.0,33.0,30.0,66.0
151.0,30.0,30.0,66.0
151.0,30.0,30.0,66.0
148.0,29.0,30.0,67.0
149.0,27.0,30.0,67.0
149.0,26.0,30.0,67.0
148.0,25.0,30.0,67.0
150.0,24.0,30.0,67.0
151.0,23.0,30.0,66.0
151.0,21.0,30.0,66.0
149.0,19.0,30.0,65.0
149.0,18.0,30.0,65.0
149.0,17.0,30.0,65.0
148.0,17.0,30.0,65.0
150.0,17.0,30.0,66.0
147.0,15.0,30.0,66.0
148.0,15.0,30.0,67.0
148.0,15.0,30.0,67.0
148.0,15.0,30.0,67.0
149.0,13.0,30.0,67.0
150.0,12.0,30.0,67.0
150.0,11.0,30.0,67.0
150.0,10.0,30.0,67.0
148.0,10.0,30.0,67.0
158.0,14.0,30.0,66.0
161.0,20.0,30.0,66.0
154.0,17.0,30.0,66.0
154.0,20.0,30.0,66.0
155.0,25.0,30.0,66.0
156.0,20.0,30.0,66.0
156.0,16.0,29.0,66.0
155.0,16.0,29.0,66.0
154.0,15.0,29.0,67.0
153.0,13.0,29.0,67.0
152.0,13.0,29.0,67.0
159.0,12.0,29.0,67.0
153.0,12.0,29.0,67.0
152.0,11.0,30.0,67.0
155.0,9.0,30.0,68.0
156.0,11.0,29.0,67.0
153.0,10.0,29.0,67.0
154.0,8.0,29.0,67.0
152.0,7.0,29.0,67.0
157.0,12.0,29.0,68.0
154.0,11.0,29.0,67.0
156.0,10.0,29.0,66.0
154.0,8.0,29.0,66.0
155.0,8.0,29.0,66.0
154.0,7.0,29.0,66.0
157.0,5.0,29.0,66.0
155.0,5.0,29.0,66.0
154.0,5.0,29.0,67.0
154.0,2.0,29.0,67.0
158.0,3.0,30.0,68.0
156.0,3.0,30.0,68.0
155.0,2.0,30.0,68.0
155.0,2.0,30.0,68.0
154.0,1.0,30.0,68.0
154.0,1.0,30.0,67.0
154.0,-1.0,30.0,67.0
155.0,5.0,30.0,67.0
156.0,4.0,30.0,67.0
158.0,1.0,30.0,68.0
157.0,1.0,30.0,68.0
159.0,5.0,30.0,68.0
162.0,3.0,30.0,68.0
173.0,-3.0,31.0,69.0
174.0,-4.0,31.0,69.0
165.0,2.0,31.0,69.0
158.0,1.0,30.0,70.0
158.0,0.0,30.0,70.0
157.0,-0.0,30.0,69.0
157.0,-1.0,30.0,69.0
157.0,-2.0,30.0,69.0
157.0,0.0,30.0,69.0
156.0,-0.0,30.0,70.0
157.0,1.0,30.0,70.0
158.0,1.0,30.0,70.0
155.0,0.0,30.0,70.0
158.0,2.0,30.0,70.0
157.0,3.0,30.0,70.0
159.0,-2.0,30.0,69.0
156.0,-0.0,30.0,69.0
157.0,-5.0,30.0,69.0
156.0,-5.0,30.0,69.0
158.0,-4.0,30.0,69.0
172.0,-3.0,30.0,69.0
167.0,-4.0,30.0,70.0
159.0,-3.0,30.0,70.0
158.0,-5.0,30.0,71.0
158.0,-8.0,30.0,71.0
158.0,-9.0,31.0,72.0
157.0,-9.0,31.0,71.0
160.0,-6.0,31.0,71.0
156.0,-5.0,31.0,71.0
156.0,-10.0,31.0,71.0
157.0,4.0,31.0,71.0
158.0,3.0,31.0,71.0
159.0,16.0,31.0,71.0
159.0,12.0,31.0,71.0
157.0,-9.0,31.0,71.0
177.0,-11.0,30.0,71.0
177.0,-11.0,30.0,71.0
176.0,-10.0,30.0,72.0
172.0,-11.0,30.0,72.0
174.0,-13.0,30.0,72.0
167.0,-14.0,30.0,72.0
165.0,-15.0,30.0,72.0
164.0,-14.0,30.0,72.0
161.0,-15.0,30.0,72.0
160.0,-15.0,31.0,71.0
159.0,-15.0,31.0,71.0
159.0,-17.0,31.0,70.0
157.0,-16.0,31.0,70.0
157.0,-13.0,32.0,70.0
158.0,-13.0,32.0,70.0
160.0,-11.0,32.0,69.0
162.0,-12.0,32.0,67.0
161.0,-11.0,31.0,66.0
160.0,-11.0,31.0,66.0
161.0,-10.0,31.0,65.0
160.0,-13.0,31.0,65.0
159.0,-14.0,31.0,65.0
161.0,-9.0,31.0,65.0
161.0,-13.0,30.0,64.0
164.0,-8.0,30.0,64.0
160.0,-13.0,30.0,64.0
160.0,-12.0,30.0,63.0
160.0,-11.0,30.0,63.0
162.0,-11.0,30.0,62.0
162.0,-14.0,30.0,61.0
163.0,-5.0,30.0,60.0
172.0,-9.0,30.0,60.0
169.0,-11.0,30.0,60.0
167.0,-11.0,30.0,60.0
166.0,-14.0,30.0,60.0
164.0,-14.0,30.0,60.0
162.0,-14.0,30.0,60.0
163.0,-4.0,30.0,59.0
166.0,9.0,30.0,59.0
167.0,-2.0,30.0,59.0
163.0,-2.0,30.0,59.0
163.0,-3.0,30.0,59.0
164.0,-6.0,31.0,59.0
162.0,-5.0,31.0,58.0
172.0,-8.0,31.0,58.0
169.0,-8.0,31.0,58.0
168.0,-9.0,31.0,57.0
167.0,-9.0,31.0,57.0
164.0,-11.0,32.0,57.0
163.0,-10.0,32.0,57.0
173.0,-11.0,33.0,56.0
171.0,-12.0,32.0,56.0
169.0,-12.0,32.0,55.0
168.0,-12.0,32.0,54.0
166.0,-12.0,32.0,54.0
164.0,-12.0,32.0,54.0
170.0,-16.0,32.0,54.0
171.0,-15.0,31.0,54.0
168.0,-16.0,31.0,54.0
167.0,-15.0,30.0,54.0
167.0,-16.0,31.0,54.0
166.0,-16.0,31.0,54.0
165.0,-15.0,32.0,54.0
165.0,-15.0,32.0,54.0
165.0,-16.0,33.0,54.0
164.0,-15.0,33.0,54.0
165.0,-8.0,33.0,54.0
165.0,-11.0,33.0,54.0
166.0,-13.0,33.0,54.0
174.0,-14.0,34.0,55.0
173.0,-14.0,34.0,55.0
172.0,-14.0,34.0,56.0
171.0,-14.0,34.0,56.0
169.0,-14.0,33.0,56.0
168.0,-14.0,33.0,56.0
168.0,-14.0,32.0,56.0
169.0,-14.0,31.0,56.0
168.0,-14.0,30.0,56.0
168.0,-14.0,30.0,56.0
168.0,-14.0,31.0,56.0
171.0,-14.0,32.0,56.0
169.0,-2.0,32.0,56.0
169.0,-2.0,33.0,56.0
171.0,7.0,33.0,57.0
171.0,8.0,33.0,57.0
170.0,8.0,32.0,56.0
169.0,9.0,32.0,56.0
169.0,10.0,32.0,55.0
168.0,8.0,32.0,55.0
168.0,9.0,32.0,54.0
169.0,23.0,32.0,54.0
169.0,25.0,32.0,54.0
170.0,36.0,32.0,54.0
171.0,36.0,32.0,54.0
171.0,37.0,32.0,55.0
174.0,39.0,32.0,55.0
172.0,40.0,32.0,55.0
172.0,39.0,33.0,55.0
171.0,40.0,34.0,55.0
172.0,49.0,34.0,55.0
171.0,50.0,35.0,55.0
173.0,49.0,35.0,54.0
172.0,50.0,35.0,54.0
172.0,49.0,35.0,54.0
171.0,49.0,35.0,54.0
171.0,51.0,35.0,54.0
170.0,51.0,34.0,54.0
174.0,52.0,34.0,54.0
173.0,52.0,34.0,55.0
172.0,52.0,34.0,55.0
172.0,51.0,34.0,56.0
173.0,52.0,32.0,56.0
176.0,66.0,31.0,56.0
177.0,67.0,29.0,56.0
175.0,67.0,30.0,56.0
175.0,67.0,31.0,56.0
177.0,63.0,32.0,56.0
177.0,62.0,33.0,56.0
176.0,62.0,33.0,56.0
178.0,63.0,34.0,56.0
175.0,63.0,34.0,56.0
174.0,62.0,34.0,56.0
174.0,63.0,34.0,56.0
173.0,63.0,34.0,56.0
175.0,62.0,34.0,55.0
179.0,69.0,34.0,55.0
180.0,70.0,34.0,55.0
178.0,70.0,34.0,55.0
177.0,71.0,33.0,55.0
179.0,70.0,33.0,55.0
180.0,70.0,32.0,55.0
181.0,67.0,32.0,55.0
181.0,65.0,32.0,55.0
179.0,67.0,32.0,54.0
178.0,67.0,32.0,54.0
178.0,65.0,33.0,55.0
179.0,63.0,33.0,55.0
186.0,70.0,33.0,56.0
186.0,72.0,34.0,57.0
182.0,63.0,34.0,57.0
180.0,67.0,34.0,58.0
181.0,70.0,34.0,59.0
181.0,72.0,33.0,61.0
183.0,86.0,32.0,62.0
184.0,79.0,32.0,64.0
182.0,83.0,32.0,66.0
183.0,79.0,32.0,68.0
187.0,68.0,32.0,71.0
184.0,78.0,33.0,74.0
184.0,64.0,33.0,76.0
184.0,49.0,33.0,76.0
184.0,35.0,32.0,76.0
186.0,50.0,32.0,75.0
185.0,67.0,32.0,75.0
186.0,88.0,32.0,74.0
185.0,105.0,32.0,73.0
185.0,124.0,32.0,73.0
185.0,141.0,32.0,73.0
186.0,158.0,32.0,73.0
186.0,179.0,32.0,73.0
186.0,193.0,32.0,73.0
185.0,211.0,32.0,73.0
184.0,225.0,32.0,73.0
184.0,238.0,32.0,73.0
184.0,252.0,32.0,73.0
184.0,261.0,31.0,72.0
187.0,270.0,31.0,73.0
185.0,277.0,31.0,73.0
186.0,282.0,31.0,73.0
193.0,283.0,31.0,73.0
192.0,286.0,31.0,73.0
205.0,287.0,31.0,72.0
205.0,287.0,31.0,72.0
201.0,287.0,31.0,72.0
199.0,287.0,31.0,72.0
196.0,291.0,31.0,72.0
194.0,290.0,32.0,73.0
193.0,290.0,32.0,73.0
192.0,291.0,32.0,73.0
189.0,291.0,32.0,73.0
188.0,293.0,32.0,73.0
188.0,293.0,32.0,73.0
187.0,294.0,32.0,73.0
189.0,294.0,32.0,73.0
187.0,297.0,32.0,73.0
189.0,285.0,32.0,73.0
