523.0,655.0,24.0,48.0
521.0,649.0,27.0,47.0
521.0,641.0,26.0,49.0
521.0,634.0,26.0,48.0
520.0,623.0,26.0,49.0
522.0,611.0,24.0,48.0
260.0,300.0,11.0,20.0
520.0,584.0,26.0,53.0
261.0,282.0,10.0,20.0
518.0,555.0,26.0,51.0
261.0,258.0,11.0,19.0
515.0,519.0,28.0,52.0
260.0,230.0,12.0,19.0
513.0,483.0,26.0,49.0
260.0,203.0,10.0,20.0
510.0,444.0,26.0,49.0
261.0,175.0,9.0,20.0
506.0,404.0,25.0,52.0
262.0,147.0,8.0,20.0
504.0,367.0,25.0,51.0
261.0,122.0,8.0,21.0
499.0,334.0,22.0,50.0
498.0,322.0,24.0,51.0
499.0,314.0,24.0,50.0
499.0,309.0,24.0,52.0
500.0,306.0,24.0,51.0
501.0,306.0,22.0,49.0
500.0,303.0,24.0,51.0
500.0,303.0,23.0,51.0
499.0,302.0,25.0,51.0
499.0,301.0,24.0,54.0
500.0,302.0,24.0,51.0
500.0,303.0,22.0,50.0
500.0,303.0,23.0,52.0
500.0,303.0,24.0,51.0
500.0,302.0,24.0,52.0
499.0,301.0,24.0,50.0
499.0,302.0,24.0,50.0
500.0,302.0,24.0,51.0
501.0,302.0,24.0,52.0
501.0,302.0,23.0,51.0
501.0,301.0,23.0,51.0
503.0,301.0,24.0,51.0
503.0,302.0,24.0,51.0
503.0,302.0,24.0,50.0
505.0,301.0,23.0,51.0
503.0,301.0,25.0,52.0
504.0,301.0,25.0,51.0
505.0,302.0,24.0,52.0
505.0,303.0,24.0,52.0
505.0,305.0,26.0,51.0
506.0,308.0,25.0,51.0
506.0,309.0,25.0,52.0
507.0,310.0,23.0,53.0
507.0,313.0,25.0,52.0
507.0,316.0,26.0,54.0
508.0,318.0,25.0,53.0
509.0,322.0,26.0,52.0
509.0,321.0,25.0,55.0
511.0,324.0,25.0,53.0
511.0,324.0,24.0,53.0
511.0,323.0,24.0,53.0
512.0,324.0,24.0,53.0
512.0,323.0,24.0,54.0
512.0,324.0,25.0,52.0
512.0,326.0,24.0,52.0
512.0,329.0,25.0,51.0
513.0,333.0,26.0,52.0
514.0,337.0,26.0,52.0
514.0,341.0,26.0,50.0
515.0,342.0,26.0,53.0
515.0,345.0,27.0,50.0
515.0,344.0,26.0,50.0
517.0,345.0,25.0,49.0
516.0,345.0,26.0,51.0
517.0,345.0,26.0,51.0
517.0,345.0,26.0,52.0
518.0,344.0,26.0,52.0
519.0,344.0,26.0,52.0
520.0,344.0,25.0,51.0
520.0,344.0,26.0,52.0
521.0,345.0,26.0,51.0
521.0,345.0,25.0,52.0
522.0,347.0,25.0,52.0
522.0,348.0,25.0,51.0
523.0,351.0,26.0,52.0
522.0,351.0,27.0,53.0
524.0,356.0,27.0,50.0
525.0,358.0,26.0,52.0
524.0,361.0,26.0,51.0
525.0,363.0,25.0,51.0
525.0,366.0,26.0,52.0
525.0,369.0,26.0,53.0
527.0,372.0,25.0,52.0
527.0,375.0,25.0,52.0
528.0,379.0,24.0,51.0
528.0,382.0,25.0,53.0
529.0,386.0,25.0,51.0
529.0,389.0,25.0,52.0
283.0,140.0,10.0,21.0
563.0,279.0,23.0,47.0
564.0,282.0,22.0,48.0
564.0,284.0,23.0,49.0
566.0,289.0,23.0,49.0
566.0,291.0,24.0,48.0
567.0,295.0,24.0,48.0
567.0,297.0,24.0,48.0
568.0,298.0,24.0,49.0
569.0,298.0,24.0,49.0
570.0,299.0,25.0,47.0
570.0,300.0,24.0,47.0
572.0,299.0,23.0,48.0
573.0,298.0,23.0,50.0
573.0,299.0,24.0,48.0
574.0,299.0,24.0,49.0
576.0,298.0,22.0,48.0
578.0,299.0,22.0,47.0
577.0,300.0,23.0,48.0
579.0,299.0,23.0,48.0
580.0,300.0,22.0,48.0
581.0,301.0,23.0,48.0
292.0,154.0,11.0,20.0
583.0,300.0,27.0,51.0
583.0,301.0,27.0,52.0
584.0,303.0,26.0,52.0
584.0,305.0,26.0,50.0
585.0,306.0,28.0,52.0
585.0,307.0,28.0,52.0
587.0,307.0,26.0,52.0
295.0,160.0,10.0,19.0
586.0,307.0,27.0,51.0
588.0,307.0,25.0,51.0
587.0,306.0,26.0,53.0
588.0,307.0,26.0,52.0
589.0,306.0,25.0,53.0
588.0,308.0,27.0,53.0
588.0,308.0,26.0,52.0
589.0,308.0,28.0,53.0
591.0,308.0,27.0,51.0
591.0,308.0,26.0,52.0
593.0,309.0,26.0,52.0
593.0,308.0,26.0,53.0
593.0,308.0,26.0,53.0
593.0,308.0,26.0,53.0
594.0,308.0,26.0,53.0
594.0,308.0,26.0,53.0
593.0,308.0,28.0,53.0
595.0,309.0,25.0,51.0
596.0,309.0,25.0,53.0
596.0,309.0,25.0,51.0
597.0,309.0,26.0,52.0
597.0,309.0,26.0,51.0
598.0,309.0,27.0,52.0
598.0,310.0,26.0,52.0
597.0,310.0,27.0,52.0
598.0,310.0,27.0,53.0
600.0,308.0,25.0,54.0
599.0,309.0,25.0,53.0
598.0,310.0,27.0,52.0
599.0,311.0,26.0,52.0
600.0,311.0,25.0,51.0
600.0,312.0,25.0,50.0
598.0,311.0,27.0,52.0
600.0,312.0,29.0,52.0
600.0,312.0,27.0,51.0
601.0,313.0,26.0,51.0
600.0,313.0,27.0,51.0
601.0,314.0,26.0,51.0
602.0,314.0,24.0,51.0
602.0,314.0,26.0,51.0
601.0,314.0,27.0,51.0
603.0,313.0,25.0,52.0
603.0,315.0,26.0,51.0
602.0,315.0,25.0,52.0
602.0,316.0,26.0,50.0
603.0,315.0,25.0,52.0
603.0,315.0,26.0,51.0
605.0,315.0,24.0,52.0
605.0,315.0,24.0,52.0
605.0,316.0,24.0,50.0
604.0,315.0,25.0,52.0
605.0,315.0,25.0,51.0
606.0,315.0,24.0,53.0
606.0,316.0,24.0,51.0
605.0,317.0,25.0,51.0
606.0,318.0,26.0,51.0
606.0,318.0,25.0,50.0
607.0,319.0,26.0,50.0
606.0,318.0,27.0,51.0
607.0,318.0,27.0,52.0
609.0,318.0,25.0,52.0
609.0,317.0,27.0,53.0
609.0,317.0,26.0,54.0
610.0,317.0,27.0,53.0
609.0,316.0,26.0,53.0
610.0,318.0,27.0,51.0
610.0,318.0,24.0,51.0
611.0,317.0,25.0,50.0
612.0,318.0,27.0,50.0
317.0,169.0,11.0,19.0
633.0,336.0,25.0,44.0
634.0,336.0,25.0,45.0
635.0,336.0,24.0,44.0
635.0,335.0,25.0,43.0
635.0,336.0,25.0,42.0
637.0,336.0,25.0,44.0
638.0,335.0,24.0,44.0
639.0,335.0,22.0,44.0
640.0,335.0,22.0,44.0
640.0,336.0,22.0,43.0
641.0,336.0,24.0,43.0
641.0,336.0,23.0,43.0
643.0,335.0,23.0,45.0
643.0,336.0,24.0,43.0
643.0,335.0,24.0,46.0
643.0,336.0,25.0,44.0
642.0,336.0,27.0,46.0
645.0,334.0,26.0,46.0
646.0,336.0,25.0,45.0
647.0,335.0,25.0,46.0
647.0,336.0,27.0,45.0
647.0,338.0,26.0,43.0
648.0,337.0,25.0,44.0
649.0,337.0,25.0,45.0
651.0,337.0,24.0,44.0
651.0,338.0,24.0,43.0
650.0,338.0,25.0,43.0
653.0,337.0,22.0,43.0
652.0,338.0,25.0,43.0
653.0,338.0,25.0,43.0
654.0,337.0,24.0,44.0
655.0,339.0,25.0,42.0
654.0,338.0,26.0,42.0
655.0,338.0,25.0,44.0
656.0,338.0,25.0,44.0
657.0,338.0,27.0,42.0
657.0,338.0,26.0,44.0
657.0,338.0,27.0,45.0
658.0,337.0,26.0,45.0
659.0,338.0,27.0,45.0
661.0,338.0,25.0,43.0
659.0,337.0,27.0,44.0
662.0,337.0,24.0,43.0
661.0,337.0,24.0,44.0
663.0,336.0,25.0,45.0
664.0,336.0,25.0,46.0
663.0,336.0,25.0,46.0
665.0,336.0,26.0,46.0
666.0,336.0,25.0,45.0
666.0,337.0,26.0,44.0
667.0,335.0,27.0,47.0
667.0,337.0,25.0,44.0
668.0,337.0,25.0,44.0
669.0,336.0,25.0,46.0
669.0,335.0,24.0,45.0
670.0,336.0,23.0,45.0
671.0,336.0,24.0,44.0
671.0,335.0,25.0,45.0
672.0,335.0,24.0,46.0
673.0,335.0,25.0,45.0
674.0,336.0,24.0,43.0
676.0,335.0,23.0,44.0
676.0,335.0,22.0,44.0
675.0,336.0,24.0,44.0
675.0,336.0,26.0,45.0
676.0,336.0,25.0,45.0
676.0,336.0,26.0,44.0
678.0,336.0,26.0,44.0
677.0,337.0,26.0,45.0
679.0,336.0,26.0,46.0
681.0,336.0,23.0,47.0
681.0,335.0,25.0,47.0
681.0,337.0,24.0,45.0
681.0,335.0,24.0,47.0
683.0,335.0,24.0,45.0
685.0,336.0,22.0,45.0
685.0,334.0,22.0,46.0
684.0,334.0,25.0,44.0
686.0,334.0,24.0,45.0
687.0,334.0,24.0,45.0
688.0,334.0,24.0,46.0
687.0,333.0,25.0,46.0
687.0,334.0,26.0,47.0
689.0,334.0,27.0,46.0
689.0,335.0,28.0,45.0
690.0,336.0,27.0,45.0
690.0,335.0,27.0,45.0
691.0,335.0,28.0,46.0
693.0,337.0,26.0,44.0
693.0,336.0,27.0,45.0
694.0,337.0,25.0,45.0
696.0,337.0,25.0,44.0
698.0,337.0,23.0,45.0
698.0,338.0,25.0,45.0
698.0,339.0,24.0,44.0
698.0,339.0,25.0,45.0
699.0,340.0,24.0,44.0
701.0,340.0,23.0,46.0
703.0,340.0,23.0,46.0
353.0,172.0,10.0,21.0
705.0,341.0,25.0,49.0
705.0,340.0,25.0,48.0
708.0,342.0,24.0,49.0
707.0,343.0,25.0,50.0
708.0,344.0,25.0,50.0
710.0,344.0,24.0,49.0
710.0,344.0,25.0,50.0
710.0,345.0,24.0,51.0
713.0,346.0,22.0,49.0
713.0,346.0,23.0,51.0
713.0,347.0,24.0,51.0
716.0,349.0,22.0,49.0
716.0,350.0,22.0,49.0
717.0,350.0,23.0,49.0
718.0,352.0,23.0,49.0
718.0,353.0,23.0,49.0
719.0,353.0,23.0,50.0
719.0,355.0,25.0,49.0
720.0,355.0,24.0,51.0
720.0,358.0,26.0,48.0
722.0,357.0,25.0,50.0
722.0,357.0,26.0,50.0
723.0,357.0,25.0,50.0
725.0,358.0,24.0,51.0
724.0,358.0,25.0,51.0
725.0,359.0,24.0,51.0
725.0,359.0,25.0,51.0
726.0,359.0,24.0,51.0
727.0,360.0,24.0,49.0
727.0,361.0,24.0,50.0
728.0,363.0,25.0,49.0
729.0,361.0,23.0,50.0
728.0,362.0,23.0,51.0
729.0,363.0,22.0,50.0
729.0,363.0,24.0,50.0
729.0,364.0,24.0,49.0
730.0,364.0,23.0,49.0
731.0,363.0,22.0,52.0
731.0,366.0,24.0,50.0
732.0,367.0,23.0,51.0
732.0,367.0,24.0,51.0
732.0,368.0,24.0,51.0
732.0,369.0,24.0,50.0
733.0,368.0,24.0,52.0
734.0,370.0,23.0,50.0
734.0,369.0,24.0,52.0
735.0,370.0,23.0,51.0
735.0,370.0,22.0,51.0
735.0,371.0,23.0,50.0
736.0,370.0,23.0,51.0
735.0,371.0,23.0,50.0
734.0,370.0,24.0,51.0
735.0,371.0,23.0,50.0
736.0,371.0,23.0,50.0
735.0,370.0,23.0,50.0
736.0,371.0,23.0,50.0
737.0,369.0,22.0,51.0
738.0,369.0,21.0,51.0
738.0,368.0,21.0,50.0
738.0,367.0,22.0,50.0
738.0,367.0,20.0,50.0
738.0,366.0,21.0,49.0
738.0,366.0,21.0,48.0
738.0,365.0,22.0,50.0
738.0,365.0,21.0,49.0
738.0,365.0,23.0,49.0
739.0,365.0,21.0,50.0
739.0,365.0,21.0,50.0
737.0,364.0,25.0,48.0
738.0,363.0,25.0,50.0
738.0,365.0,25.0,48.0
739.0,363.0,25.0,49.0
739.0,363.0,24.0,47.0
739.0,363.0,24.0,48.0
739.0,362.0,25.0,49.0
739.0,360.0,24.0,49.0
740.0,361.0,24.0,49.0
740.0,361.0,26.0,49.0
741.0,360.0,24.0,49.0
741.0,360.0,23.0,50.0
741.0,361.0,25.0,50.0
743.0,361.0,24.0,51.0
744.0,361.0,24.0,49.0
745.0,362.0,24.0,50.0
747.0,362.0,22.0,50.0
747.0,364.0,23.0,49.0
748.0,362.0,22.0,51.0
749.0,365.0,22.0,49.0
750.0,364.0,24.0,49.0
750.0,363.0,25.0,50.0
753.0,363.0,24.0,50.0
753.0,364.0,23.0,50.0
754.0,364.0,23.0,50.0
754.0,364.0,23.0,50.0
755.0,365.0,23.0,50.0
757.0,366.0,23.0,49.0
757.0,365.0,24.0,50.0
756.0,366.0,24.0,50.0
757.0,366.0,24.0,50.0
380.0,185.0,11.0,22.0
758.0,366.0,24.0,50.0
760.0,366.0,23.0,51.0
763.0,366.0,23.0,51.0
765.0,367.0,23.0,51.0
769.0,367.0,22.0,50.0
772.0,366.0,23.0,50.0
776.0,368.0,22.0,49.0
781.0,368.0,22.0,49.0
787.0,369.0,24.0,50.0
792.0,370.0,25.0,50.0
801.0,372.0,23.0,48.0
809.0,372.0,24.0,48.0
410.0,188.0,11.0,21.0
824.0,370.0,25.0,52.0
424.0,189.0,8.0,22.0
842.0,371.0,23.0,55.0
437.0,192.0,10.0,21.0
861.0,373.0,23.0,53.0
879.0,376.0,25.0,51.0
899.0,379.0,25.0,49.0
923.0,384.0,24.0,46.0
945.0,387.0,22.0,47.0
502.0,203.0,7.0,17.0
976.0,393.0,23.0,47.0
524.0,211.0,8.0,17.0
1007.0,400.0,24.0,46.0
546.0,216.0,8.0,19.0
