721.0,299.0,47.0,69.0
719.0,304.0,47.0,69.0
718.0,308.0,47.0,69.0
715.0,313.0,47.0,69.0
713.0,317.0,47.0,68.0
710.0,321.0,46.0,72.0
706.0,324.0,46.0,72.0
703.0,328.0,46.0,72.0
701.0,332.0,45.0,70.0
697.0,336.0,45.0,70.0
694.0,339.0,45.0,69.0
346.0,174.0,18.0,29.0
687.0,340.0,49.0,74.0
684.0,344.0,48.0,73.0
680.0,347.0,47.0,72.0
677.0,351.0,48.0,71.0
673.0,354.0,48.0,70.0
669.0,357.0,48.0,70.0
664.0,360.0,47.0,69.0
659.0,361.0,48.0,70.0
656.0,363.0,48.0,70.0
651.0,365.0,48.0,69.0
647.0,367.0,47.0,68.0
642.0,369.0,46.0,68.0
637.0,371.0,47.0,69.0
632.0,373.0,49.0,70.0
628.0,374.0,49.0,70.0
623.0,376.0,49.0,70.0
619.0,379.0,49.0,70.0
614.0,380.0,50.0,71.0
612.0,382.0,48.0,74.0
608.0,382.0,49.0,75.0
304.0,196.0,19.0,31.0
601.0,382.0,49.0,76.0
598.0,382.0,49.0,75.0
594.0,381.0,49.0,78.0
592.0,381.0,49.0,78.0
589.0,380.0,49.0,78.0
584.0,380.0,49.0,78.0
580.0,380.0,49.0,78.0
291.0,194.0,18.0,33.0
576.0,378.0,48.0,77.0
573.0,376.0,48.0,77.0
573.0,374.0,48.0,76.0
571.0,371.0,47.0,76.0
572.0,370.0,46.0,73.0
573.0,368.0,46.0,72.0
574.0,364.0,45.0,71.0
577.0,360.0,45.0,71.0
579.0,356.0,45.0,71.0
583.0,350.0,42.0,71.0
295.0,178.0,12.0,26.0
588.0,343.0,42.0,71.0
593.0,337.0,42.0,71.0
301.0,168.0,13.0,27.0
603.0,331.0,43.0,68.0
607.0,325.0,43.0,67.0
309.0,162.0,13.0,23.0
611.0,315.0,43.0,67.0
615.0,310.0,43.0,67.0
620.0,307.0,41.0,59.0
625.0,301.0,41.0,59.0
322.0,149.0,11.0,14.0
631.0,294.0,41.0,59.0
635.0,290.0,41.0,59.0
641.0,286.0,41.0,58.0
645.0,282.0,41.0,57.0
650.0,278.0,41.0,57.0
336.0,137.0,11.0,13.0
657.0,270.0,41.0,57.0
661.0,266.0,42.0,57.0
666.0,260.0,42.0,57.0
345.0,127.0,12.0,12.0
674.0,252.0,42.0,57.0
678.0,248.0,42.0,57.0
685.0,244.0,41.0,60.0
357.0,119.0,11.0,15.0
692.0,235.0,41.0,60.0
697.0,230.0,41.0,60.0
701.0,224.0,41.0,60.0
369.0,110.0,9.0,15.0
708.0,212.0,39.0,59.0
712.0,205.0,39.0,59.0
716.0,198.0,39.0,59.0
719.0,192.0,39.0,59.0
726.0,189.0,37.0,58.0
731.0,184.0,37.0,58.0
734.0,180.0,37.0,58.0
738.0,175.0,37.0,58.0
743.0,171.0,37.0,58.0
746.0,168.0,37.0,56.0
747.0,162.0,37.0,56.0
749.0,158.0,37.0,56.0
751.0,153.0,37.0,56.0
752.0,146.0,37.0,56.0
753.0,141.0,39.0,61.0
753.0,134.0,39.0,61.0
752.0,127.0,39.0,61.0
751.0,122.0,39.0,61.0
401.0,61.0,9.0,16.0
802.0,117.0,20.0,40.0
802.0,111.0,20.0,39.0
803.0,105.0,20.0,39.0
803.0,100.0,20.0,39.0
801.0,94.0,20.0,39.0
799.0,89.0,21.0,40.0
