668.0,458.0,23.0,43.0
670.0,458.0,22.0,42.0
672.0,458.0,22.0,41.0
675.0,458.0,22.0,42.0
680.0,458.0,22.0,41.0
681.0,459.0,25.0,40.0
683.0,459.0,25.0,41.0
686.0,458.0,25.0,42.0
690.0,460.0,25.0,40.0
695.0,459.0,23.0,40.0
698.0,458.0,22.0,41.0
700.0,457.0,22.0,41.0
703.0,457.0,22.0,41.0
705.0,457.0,22.0,41.0
708.0,460.0,22.0,41.0
709.0,461.0,25.0,42.0
711.0,461.0,25.0,42.0
713.0,461.0,25.0,42.0
716.0,462.0,26.0,43.0
718.0,462.0,25.0,42.0
723.0,463.0,22.0,41.0
724.0,462.0,23.0,41.0
727.0,463.0,23.0,42.0
730.0,463.0,23.0,41.0
734.0,464.0,23.0,41.0
734.0,463.0,25.0,44.0
737.0,463.0,25.0,44.0
739.0,464.0,24.0,43.0
740.0,464.0,24.0,42.0
745.0,466.0,24.0,40.0
749.0,467.0,23.0,41.0
750.0,466.0,22.0,40.0
753.0,467.0,23.0,41.0
756.0,467.0,23.0,40.0
759.0,467.0,22.0,40.0
763.0,466.0,23.0,40.0
765.0,465.0,23.0,40.0
768.0,465.0,23.0,41.0
772.0,463.0,23.0,40.0
774.0,464.0,23.0,40.0
776.0,466.0,25.0,40.0
777.0,464.0,25.0,40.0
781.0,466.0,25.0,40.0
783.0,466.0,25.0,40.0
785.0,466.0,25.0,40.0
791.0,466.0,21.0,42.0
792.0,464.0,21.0,41.0
795.0,465.0,21.0,41.0
797.0,463.0,21.0,42.0
798.0,462.0,21.0,43.0
800.0,463.0,24.0,40.0
801.0,462.0,24.0,40.0
801.0,463.0,24.0,40.0
805.0,463.0,24.0,39.0
806.0,463.0,24.0,40.0
808.0,463.0,24.0,41.0
809.0,462.0,24.0,41.0
810.0,462.0,23.0,41.0
810.0,461.0,24.0,41.0
810.0,460.0,23.0,41.0
813.0,459.0,22.0,41.0
812.0,458.0,22.0,41.0
812.0,457.0,22.0,41.0
812.0,456.0,22.0,41.0
812.0,455.0,22.0,41.0
812.0,454.0,23.0,43.0
811.0,452.0,22.0,42.0
811.0,452.0,22.0,42.0
811.0,451.0,22.0,42.0
810.0,451.0,22.0,42.0
811.0,453.0,23.0,40.0
811.0,451.0,23.0,40.0
810.0,451.0,23.0,40.0
810.0,450.0,23.0,40.0
811.0,448.0,23.0,40.0
812.0,447.0,21.0,41.0
811.0,446.0,21.0,40.0
812.0,447.0,21.0,39.0
810.0,448.0,21.0,39.0
810.0,447.0,22.0,36.0
809.0,447.0,22.0,38.0
808.0,447.0,22.0,38.0
809.0,446.0,22.0,38.0
811.0,444.0,22.0,38.0
811.0,442.0,22.0,38.0
811.0,441.0,21.0,38.0
810.0,439.0,21.0,38.0
810.0,438.0,21.0,38.0
809.0,436.0,21.0,38.0
809.0,436.0,21.0,38.0
809.0,435.0,22.0,40.0
808.0,434.0,23.0,40.0
807.0,433.0,22.0,40.0
807.0,432.0,22.0,40.0
807.0,431.0,22.0,40.0
808.0,431.0,21.0,40.0
808.0,430.0,21.0,40.0
808.0,428.0,21.0,40.0
808.0,427.0,21.0,40.0
304.0,161.0,6.0,10.0
810.0,426.0,19.0,35.0
810.0,425.0,20.0,35.0
811.0,425.0,20.0,35.0
811.0,424.0,20.0,35.0
812.0,423.0,20.0,35.0
813.0,422.0,17.0,32.0
812.0,421.0,18.0,32.0
812.0,420.0,18.0,32.0
813.0,419.0,18.0,32.0
812.0,418.0,18.0,32.0
812.0,416.0,18.0,35.0
811.0,415.0,19.0,36.0
811.0,413.0,19.0,37.0
810.0,413.0,19.0,37.0
810.0,411.0,19.0,37.0
811.0,411.0,19.0,37.0
810.0,409.0,19.0,37.0
809.0,407.0,19.0,37.0
809.0,407.0,19.0,37.0
809.0,406.0,19.0,37.0
809.0,406.0,20.0,38.0
809.0,406.0,20.0,38.0
808.0,405.0,20.0,38.0
808.0,405.0,19.0,37.0
808.0,405.0,19.0,37.0
807.0,405.0,20.0,36.0
806.0,404.0,20.0,36.0
806.0,404.0,20.0,36.0
806.0,403.0,20.0,36.0
806.0,403.0,19.0,35.0
807.0,402.0,19.0,36.0
806.0,401.0,19.0,36.0
806.0,401.0,19.0,37.0
806.0,400.0,19.0,36.0
806.0,400.0,19.0,36.0
806.0,399.0,20.0,38.0
804.0,397.0,20.0,38.0
804.0,397.0,19.0,38.0
804.0,397.0,19.0,38.0
804.0,396.0,19.0,38.0
805.0,396.0,19.0,36.0
803.0,395.0,19.0,37.0
803.0,393.0,19.0,37.0
803.0,393.0,19.0,36.0
803.0,393.0,19.0,36.0
803.0,392.0,20.0,37.0
802.0,391.0,19.0,37.0
803.0,391.0,20.0,37.0
801.0,390.0,19.0,37.0
802.0,390.0,19.0,37.0
804.0,389.0,19.0,38.0
804.0,389.0,19.0,38.0
804.0,387.0,19.0,38.0
805.0,385.0,19.0,38.0
805.0,385.0,19.0,38.0
805.0,385.0,19.0,36.0
804.0,384.0,19.0,36.0
804.0,384.0,19.0,36.0
804.0,383.0,19.0,36.0
805.0,382.0,19.0,35.0
806.0,383.0,19.0,36.0
806.0,382.0,19.0,36.0
806.0,381.0,19.0,35.0
807.0,380.0,19.0,36.0
807.0,379.0,19.0,36.0
808.0,378.0,19.0,36.0
807.0,377.0,19.0,36.0
808.0,376.0,19.0,35.0
809.0,376.0,19.0,35.0
808.0,375.0,19.0,35.0
810.0,375.0,18.0,35.0
810.0,375.0,18.0,35.0
810.0,373.0,18.0,35.0
810.0,373.0,18.0,35.0
810.0,372.0,18.0,35.0
812.0,373.0,18.0,36.0
811.0,371.0,18.0,36.0
811.0,371.0,18.0,36.0
811.0,370.0,18.0,36.0
811.0,369.0,18.0,36.0
812.0,368.0,18.0,36.0
811.0,366.0,18.0,36.0
811.0,366.0,18.0,35.0
811.0,365.0,18.0,36.0
811.0,365.0,18.0,36.0
812.0,365.0,19.0,35.0
812.0,363.0,19.0,35.0
812.0,363.0,19.0,35.0
812.0,362.0,19.0,35.0
812.0,361.0,19.0,35.0
813.0,361.0,18.0,36.0
812.0,360.0,18.0,35.0
811.0,360.0,18.0,35.0
811.0,359.0,18.0,35.0
811.0,359.0,18.0,35.0
811.0,357.0,19.0,36.0
810.0,356.0,19.0,36.0
810.0,356.0,19.0,36.0
810.0,355.0,19.0,36.0
304.0,133.0,5.0,10.0
812.0,354.0,16.0,33.0
812.0,354.0,16.0,33.0
812.0,353.0,16.0,33.0
812.0,353.0,16.0,33.0
812.0,353.0,16.0,33.0
812.0,353.0,16.0,32.0
811.0,353.0,16.0,32.0
811.0,352.0,16.0,33.0
811.0,352.0,16.0,33.0
811.0,352.0,16.0,32.0
812.0,351.0,16.0,33.0
811.0,350.0,16.0,33.0
811.0,350.0,16.0,33.0
811.0,349.0,16.0,33.0
811.0,348.0,16.0,34.0
812.0,348.0,16.0,34.0
811.0,348.0,16.0,33.0
812.0,347.0,16.0,33.0
811.0,347.0,16.0,33.0
812.0,347.0,16.0,32.0
814.0,348.0,15.0,33.0
813.0,348.0,15.0,33.0
814.0,347.0,15.0,33.0
814.0,347.0,15.0,32.0
814.0,348.0,15.0,32.0
814.0,347.0,15.0,33.0
814.0,346.0,16.0,32.0
814.0,345.0,15.0,32.0
815.0,345.0,16.0,32.0
815.0,344.0,15.0,32.0
816.0,346.0,14.0,31.0
817.0,345.0,14.0,30.0
817.0,344.0,14.0,30.0
