824.0,236.0,56.0,80.0
825.0,235.0,56.0,79.0
826.0,232.0,58.0,83.0
826.0,232.0,60.0,81.0
824.0,232.0,61.0,80.0
822.0,231.0,63.0,80.0
823.0,228.0,63.0,79.0
815.0,230.0,63.0,79.0
810.0,228.0,66.0,77.0
808.0,228.0,67.0,79.0
803.0,229.0,68.0,78.0
819.0,235.0,66.0,75.0
804.0,227.0,66.0,75.0
801.0,229.0,64.0,73.0
796.0,229.0,64.0,73.0
792.0,227.0,63.0,72.0
788.0,226.0,62.0,72.0
783.0,226.0,62.0,75.0
776.0,224.0,60.0,75.0
770.0,223.0,62.0,76.0
762.0,222.0,66.0,75.0
754.0,221.0,66.0,76.0
746.0,223.0,65.0,75.0
739.0,223.0,65.0,77.0
734.0,224.0,71.0,87.0
728.0,224.0,73.0,91.0
722.0,226.0,73.0,91.0
714.0,228.0,71.0,90.0
707.0,233.0,73.0,91.0
698.0,235.0,73.0,91.0
690.0,239.0,74.0,95.0
681.0,241.0,74.0,96.0
674.0,243.0,76.0,97.0
669.0,245.0,73.0,95.0
660.0,249.0,75.0,97.0
652.0,252.0,76.0,88.0
643.0,254.0,76.0,87.0
634.0,258.0,77.0,88.0
627.0,262.0,71.0,82.0
618.0,267.0,71.0,81.0
608.0,270.0,71.0,82.0
600.0,272.0,70.0,83.0
592.0,278.0,70.0,82.0
582.0,283.0,68.0,80.0
572.0,286.0,68.0,81.0
561.0,287.0,70.0,90.0
551.0,292.0,71.0,91.0
541.0,300.0,69.0,89.0
531.0,302.0,70.0,89.0
515.0,306.0,73.0,115.0
504.0,309.0,74.0,115.0
492.0,312.0,77.0,118.0
480.0,318.0,75.0,115.0
466.0,320.0,76.0,116.0
454.0,325.0,76.0,116.0
441.0,327.0,82.0,114.0
430.0,333.0,82.0,115.0
419.0,334.0,82.0,114.0
408.0,341.0,83.0,116.0
395.0,341.0,83.0,116.0
386.0,346.0,81.0,114.0
378.0,349.0,81.0,113.0
368.0,351.0,82.0,115.0
360.0,352.0,83.0,117.0
352.0,354.0,84.0,118.0
345.0,359.0,85.0,114.0
340.0,361.0,85.0,114.0
334.0,364.0,86.0,114.0
331.0,368.0,85.0,114.0
328.0,373.0,85.0,114.0
324.0,375.0,82.0,116.0
323.0,379.0,81.0,114.0
322.0,383.0,81.0,114.0
320.0,387.0,81.0,114.0
317.0,390.0,81.0,114.0
316.0,396.0,81.0,110.0
314.0,397.0,81.0,110.0
314.0,400.0,80.0,109.0
313.0,403.0,80.0,108.0
312.0,405.0,79.0,107.0
309.0,406.0,80.0,105.0
310.0,405.0,80.0,105.0
313.0,404.0,79.0,104.0
318.0,403.0,79.0,104.0
324.0,401.0,79.0,104.0
333.0,398.0,74.0,105.0
338.0,397.0,74.0,105.0
341.0,395.0,74.0,105.0
345.0,392.0,74.0,105.0
349.0,387.0,74.0,105.0
352.0,385.0,74.0,102.0
357.0,379.0,75.0,103.0
362.0,374.0,75.0,103.0
366.0,370.0,75.0,104.0
370.0,367.0,75.0,103.0
376.0,360.0,71.0,107.0
379.0,355.0,71.0,107.0
381.0,348.0,71.0,107.0
383.0,342.0,71.0,106.0
144.0,128.0,21.0,36.0
382.0,327.0,67.0,110.0
384.0,321.0,66.0,109.0
388.0,316.0,64.0,106.0
390.0,311.0,64.0,105.0
391.0,303.0,63.0,105.0
396.0,297.0,68.0,105.0
397.0,290.0,68.0,106.0
400.0,284.0,67.0,104.0
403.0,277.0,68.0,105.0
407.0,271.0,67.0,104.0
409.0,265.0,67.0,102.0
414.0,259.0,64.0,99.0
419.0,253.0,63.0,98.0
423.0,245.0,65.0,99.0
428.0,240.0,65.0,99.0
436.0,235.0,60.0,101.0
438.0,229.0,62.0,105.0
442.0,227.0,60.0,102.0
447.0,222.0,60.0,100.0
452.0,219.0,60.0,100.0
457.0,213.0,59.0,102.0
462.0,212.0,57.0,97.0
467.0,208.0,55.0,96.0
471.0,204.0,54.0,93.0
477.0,201.0,53.0,91.0
482.0,198.0,56.0,93.0
488.0,196.0,55.0,91.0
492.0,193.0,56.0,85.0
497.0,190.0,54.0,85.0
503.0,188.0,53.0,85.0
505.0,186.0,56.0,84.0
509.0,185.0,56.0,84.0
513.0,183.0,54.0,82.0
515.0,183.0,54.0,82.0
517.0,183.0,55.0,83.0
521.0,183.0,53.0,82.0
522.0,183.0,53.0,82.0
524.0,184.0,53.0,83.0
525.0,184.0,53.0,83.0
525.0,185.0,53.0,83.0
525.0,188.0,51.0,82.0
525.0,189.0,51.0,81.0
527.0,191.0,51.0,81.0
528.0,191.0,51.0,81.0
529.0,192.0,51.0,81.0
530.0,192.0,50.0,82.0
531.0,193.0,50.0,82.0
532.0,193.0,50.0,82.0
532.0,194.0,49.0,81.0
534.0,194.0,49.0,81.0
535.0,197.0,50.0,77.0
535.0,198.0,50.0,77.0
537.0,198.0,49.0,77.0
536.0,198.0,49.0,77.0
536.0,198.0,49.0,77.0
535.0,198.0,49.0,78.0
534.0,198.0,50.0,80.0
534.0,198.0,50.0,80.0
533.0,198.0,50.0,80.0
532.0,198.0,50.0,80.0
530.0,198.0,52.0,81.0
529.0,198.0,51.0,80.0
529.0,199.0,51.0,79.0
527.0,199.0,51.0,79.0
527.0,200.0,51.0,79.0
525.0,199.0,51.0,82.0
526.0,199.0,50.0,80.0
526.0,199.0,50.0,80.0
525.0,200.0,51.0,81.0
525.0,201.0,50.0,80.0
523.0,202.0,51.0,79.0
522.0,202.0,51.0,79.0
521.0,203.0,50.0,79.0
520.0,205.0,50.0,79.0
517.0,206.0,51.0,79.0
515.0,208.0,53.0,81.0
513.0,209.0,53.0,81.0
509.0,211.0,52.0,80.0
506.0,214.0,52.0,81.0
504.0,215.0,53.0,81.0
501.0,217.0,54.0,81.0
498.0,219.0,54.0,81.0
497.0,220.0,55.0,81.0
495.0,223.0,57.0,84.0
492.0,225.0,57.0,85.0
490.0,227.0,59.0,90.0
489.0,231.0,60.0,92.0
487.0,235.0,61.0,92.0
485.0,238.0,62.0,94.0
483.0,243.0,63.0,96.0
481.0,248.0,63.0,98.0
479.0,254.0,64.0,99.0
477.0,261.0,63.0,97.0
476.0,266.0,63.0,97.0
473.0,273.0,63.0,97.0
470.0,277.0,63.0,97.0
468.0,283.0,62.0,95.0
465.0,289.0,62.0,95.0
462.0,295.0,62.0,95.0
173.0,113.0,24.0,31.0
451.0,300.0,77.0,102.0
445.0,306.0,79.0,105.0
438.0,313.0,81.0,107.0
433.0,321.0,81.0,108.0
427.0,329.0,84.0,112.0
420.0,336.0,88.0,120.0
416.0,346.0,88.0,127.0
413.0,359.0,85.0,120.0
406.0,364.0,90.0,122.0
400.0,376.0,89.0,127.0
395.0,390.0,86.0,120.0
389.0,400.0,87.0,118.0
384.0,413.0,85.0,117.0
378.0,426.0,89.0,122.0
373.0,438.0,89.0,121.0
368.0,453.0,91.0,120.0
361.0,463.0,94.0,125.0
353.0,479.0,97.0,128.0
347.0,491.0,97.0,128.0
338.0,506.0,104.0,124.0
329.0,521.0,102.0,127.0
319.0,534.0,104.0,129.0
