534.0,186.0,61.0,42.0
533.0,185.0,62.0,42.0
532.0,185.0,63.0,43.0
531.0,184.0,65.0,45.0
531.0,184.0,65.0,44.0
533.0,184.0,65.0,44.0
535.0,185.0,61.0,42.0
535.0,186.0,62.0,42.0
538.0,189.0,60.0,41.0
539.0,191.0,60.0,41.0
541.0,192.0,56.0,44.0
542.0,192.0,58.0,44.0
544.0,194.0,56.0,44.0
546.0,195.0,56.0,44.0
547.0,196.0,58.0,45.0
548.0,196.0,59.0,46.0
551.0,198.0,60.0,46.0
551.0,198.0,63.0,48.0
555.0,199.0,63.0,49.0
557.0,200.0,62.0,48.0
564.0,201.0,61.0,49.0
565.0,199.0,62.0,50.0
567.0,200.0,63.0,50.0
573.0,197.0,61.0,49.0
576.0,197.0,60.0,50.0
579.0,198.0,62.0,52.0
585.0,201.0,60.0,50.0
593.0,199.0,59.0,49.0
596.0,200.0,61.0,50.0
599.0,200.0,61.0,51.0
606.0,201.0,58.0,53.0
610.0,201.0,59.0,54.0
614.0,201.0,60.0,55.0
618.0,202.0,59.0,54.0
624.0,204.0,57.0,53.0
629.0,205.0,57.0,54.0
634.0,206.0,56.0,53.0
640.0,209.0,55.0,52.0
642.0,222.0,56.0,52.0
647.0,222.0,55.0,52.0
654.0,219.0,54.0,53.0
659.0,221.0,55.0,54.0
664.0,222.0,55.0,54.0
669.0,224.0,54.0,53.0
675.0,226.0,54.0,52.0
680.0,226.0,54.0,53.0
685.0,228.0,54.0,53.0
690.0,230.0,54.0,53.0
709.0,240.0,55.0,54.0
715.0,241.0,55.0,54.0
721.0,242.0,56.0,55.0
728.0,241.0,56.0,54.0
734.0,243.0,56.0,54.0
739.0,241.0,57.0,55.0
746.0,242.0,58.0,55.0
752.0,243.0,58.0,55.0
759.0,244.0,59.0,56.0
765.0,244.0,60.0,56.0
772.0,246.0,59.0,55.0
779.0,248.0,59.0,55.0
784.0,251.0,65.0,55.0
789.0,253.0,65.0,55.0
796.0,255.0,64.0,54.0
803.0,258.0,63.0,53.0
808.0,260.0,63.0,53.0
814.0,265.0,62.0,52.0
821.0,266.0,62.0,51.0
827.0,267.0,62.0,52.0
834.0,268.0,62.0,52.0
839.0,268.0,64.0,53.0
847.0,271.0,63.0,52.0
852.0,273.0,63.0,51.0
858.0,274.0,63.0,52.0
863.0,275.0,63.0,52.0
870.0,276.0,63.0,51.0
875.0,277.0,63.0,52.0
880.0,278.0,63.0,52.0
886.0,279.0,63.0,52.0
891.0,279.0,63.0,52.0
895.0,281.0,62.0,52.0
900.0,281.0,63.0,51.0
903.0,281.0,63.0,51.0
908.0,281.0,63.0,51.0
913.0,282.0,63.0,51.0
916.0,283.0,63.0,51.0
922.0,283.0,64.0,52.0
926.0,284.0,64.0,52.0
930.0,285.0,64.0,52.0
934.0,286.0,64.0,52.0
937.0,286.0,64.0,52.0
942.0,284.0,64.0,55.0
944.0,283.0,65.0,55.0
948.0,283.0,64.0,55.0
951.0,282.0,64.0,55.0
952.0,283.0,66.0,56.0
958.0,281.0,65.0,60.0
960.0,280.0,65.0,60.0
961.0,280.0,65.0,60.0
962.0,281.0,65.0,60.0
347.0,150.0,17.0,27.0
917.0,392.0,56.0,83.0
914.0,389.0,56.0,81.0
909.0,385.0,55.0,81.0
905.0,381.0,54.0,79.0
903.0,375.0,55.0,79.0
892.0,369.0,61.0,81.0
888.0,362.0,61.0,80.0
885.0,359.0,61.0,80.0
880.0,351.0,59.0,79.0
877.0,346.0,59.0,79.0
869.0,349.0,63.0,76.0
867.0,344.0,62.0,75.0
864.0,340.0,60.0,73.0
862.0,334.0,60.0,73.0
861.0,328.0,63.0,76.0
858.0,326.0,68.0,74.0
855.0,322.0,68.0,74.0
856.0,321.0,71.0,74.0
831.0,325.0,71.0,73.0
831.0,320.0,65.0,74.0
826.0,317.0,67.0,75.0
826.0,314.0,66.0,76.0
829.0,310.0,65.0,75.0
834.0,310.0,57.0,74.0
836.0,309.0,56.0,73.0
837.0,307.0,55.0,78.0
839.0,305.0,56.0,78.0
842.0,303.0,56.0,80.0
842.0,302.0,56.0,80.0
845.0,299.0,56.0,82.0
848.0,298.0,55.0,81.0
851.0,294.0,57.0,85.0
854.0,294.0,56.0,83.0
860.0,293.0,54.0,84.0
863.0,292.0,53.0,82.0
868.0,291.0,52.0,82.0
872.0,289.0,52.0,81.0
877.0,288.0,51.0,81.0
880.0,286.0,52.0,81.0
887.0,285.0,50.0,80.0
891.0,284.0,50.0,80.0
895.0,285.0,50.0,81.0
899.0,283.0,51.0,83.0
903.0,284.0,50.0,82.0
907.0,284.0,50.0,81.0
914.0,285.0,49.0,82.0
918.0,285.0,48.0,80.0
924.0,284.0,49.0,81.0
928.0,284.0,48.0,80.0
933.0,282.0,49.0,81.0
938.0,282.0,48.0,79.0
944.0,283.0,48.0,80.0
948.0,282.0,47.0,79.0
954.0,283.0,47.0,78.0
959.0,283.0,47.0,78.0
965.0,282.0,46.0,79.0
970.0,282.0,47.0,79.0
975.0,281.0,49.0,81.0
