648.0,129.0,62.0,109.0
647.0,128.0,65.0,113.0
647.0,129.0,63.0,111.0
645.0,130.0,63.0,111.0
645.0,131.0,62.0,109.0
644.0,131.0,62.0,109.0
643.0,132.0,65.0,113.0
643.0,133.0,63.0,111.0
644.0,135.0,62.0,109.0
644.0,135.0,65.0,113.0
645.0,136.0,65.0,113.0
647.0,137.0,62.0,109.0
648.0,138.0,62.0,109.0
648.0,138.0,65.0,113.0
650.0,139.0,62.0,109.0
651.0,139.0,63.0,111.0
652.0,140.0,62.0,109.0
653.0,146.0,61.0,107.0
653.0,142.0,62.0,109.0
654.0,144.0,58.0,104.0
655.0,146.0,57.0,100.0
656.0,149.0,55.0,97.0
656.0,149.0,56.0,98.0
655.0,150.0,57.0,100.0
655.0,151.0,57.0,100.0
654.0,151.0,57.0,100.0
654.0,153.0,56.0,98.0
653.0,154.0,56.0,98.0
653.0,155.0,56.0,98.0
653.0,155.0,56.0,98.0
653.0,156.0,56.0,98.0
652.0,156.0,56.0,98.0
651.0,156.0,58.0,102.0
651.0,160.0,56.0,98.0
649.0,163.0,53.0,95.0
651.0,164.0,51.0,92.0
651.0,164.0,51.0,90.0
650.0,163.0,52.0,93.0
650.0,164.0,51.0,92.0
649.0,164.0,52.0,93.0
649.0,167.0,52.0,93.0
649.0,167.0,53.0,95.0
649.0,169.0,51.0,92.0
650.0,170.0,51.0,90.0
649.0,172.0,51.0,90.0
651.0,175.0,49.0,87.0
651.0,176.0,50.0,88.0
652.0,177.0,50.0,88.0
651.0,175.0,50.0,88.0
651.0,177.0,50.0,88.0
651.0,177.0,50.0,88.0
651.0,177.0,50.0,88.0
651.0,179.0,50.0,88.0
651.0,179.0,51.0,90.0
651.0,180.0,51.0,92.0
650.0,180.0,51.0,92.0
649.0,181.0,51.0,92.0
650.0,183.0,51.0,90.0
649.0,184.0,51.0,92.0
648.0,184.0,51.0,92.0
648.0,184.0,51.0,92.0
647.0,185.0,52.0,94.0
646.0,185.0,55.0,97.0
645.0,186.0,55.0,97.0
644.0,186.0,56.0,98.0
643.0,187.0,57.0,101.0
642.0,186.0,58.0,104.0
641.0,187.0,58.0,104.0
639.0,185.0,60.0,106.0
639.0,187.0,58.0,104.0
639.0,189.0,58.0,102.0
639.0,191.0,57.0,101.0
639.0,191.0,57.0,101.0
639.0,192.0,56.0,98.0
640.0,194.0,56.0,98.0
641.0,194.0,55.0,97.0
642.0,194.0,56.0,98.0
642.0,194.0,57.0,101.0
643.0,194.0,57.0,101.0
643.0,196.0,57.0,101.0
644.0,196.0,58.0,102.0
646.0,198.0,58.0,102.0
648.0,201.0,57.0,101.0
648.0,197.0,58.0,102.0
649.0,198.0,58.0,104.0
649.0,199.0,58.0,104.0
650.0,200.0,60.0,106.0
650.0,201.0,58.0,104.0
651.0,204.0,58.0,102.0
652.0,203.0,60.0,106.0
652.0,202.0,58.0,104.0
653.0,206.0,58.0,102.0
652.0,203.0,60.0,106.0
651.0,203.0,61.0,108.0
653.0,203.0,61.0,108.0
653.0,203.0,61.0,108.0
653.0,202.0,61.0,108.0
654.0,205.0,61.0,108.0
655.0,206.0,60.0,106.0
657.0,204.0,58.0,104.0
657.0,204.0,58.0,104.0
669.0,215.0,58.0,102.0
670.0,220.0,58.0,102.0
672.0,221.0,58.0,102.0
671.0,219.0,58.0,102.0
670.0,223.0,58.0,102.0
673.0,225.0,57.0,102.0
672.0,222.0,57.0,102.0
666.0,261.0,57.0,102.0
666.0,261.0,57.0,102.0
666.0,260.0,57.0,102.0
666.0,256.0,57.0,102.0
665.0,272.0,57.0,103.0
665.0,273.0,57.0,103.0
664.0,276.0,57.0,103.0
657.0,229.0,58.0,105.0
656.0,228.0,57.0,103.0
655.0,230.0,57.0,104.0
655.0,229.0,56.0,102.0
657.0,228.0,56.0,102.0
656.0,228.0,56.0,102.0
654.0,231.0,56.0,102.0
651.0,231.0,56.0,102.0
649.0,232.0,56.0,102.0
644.0,236.0,56.0,102.0
641.0,262.0,57.0,103.0
640.0,263.0,57.0,103.0
635.0,259.0,57.0,103.0
630.0,261.0,57.0,103.0
624.0,262.0,57.0,102.0
619.0,262.0,57.0,102.0
614.0,263.0,57.0,103.0
609.0,260.0,56.0,103.0
603.0,261.0,57.0,103.0
599.0,262.0,57.0,102.0
595.0,261.0,58.0,102.0
591.0,262.0,58.0,104.0
588.0,261.0,58.0,102.0
584.0,261.0,57.0,101.0
579.0,260.0,57.0,101.0
574.0,259.0,56.0,98.0
568.0,257.0,57.0,101.0
563.0,249.0,57.0,101.0
557.0,250.0,57.0,101.0
552.0,247.0,56.0,98.0
546.0,247.0,56.0,98.0
542.0,248.0,55.0,97.0
537.0,249.0,53.0,95.0
535.0,252.0,53.0,95.0
530.0,252.0,53.0,95.0
529.0,252.0,53.0,95.0
525.0,251.0,53.0,95.0
523.0,251.0,53.0,95.0
523.0,251.0,53.0,95.0
521.0,250.0,53.0,95.0
520.0,250.0,53.0,95.0
521.0,250.0,53.0,95.0
518.0,252.0,53.0,95.0
519.0,252.0,53.0,95.0
517.0,253.0,53.0,95.0
517.0,253.0,53.0,95.0
516.0,254.0,53.0,95.0
515.0,254.0,53.0,95.0
516.0,253.0,53.0,95.0
516.0,253.0,53.0,95.0
517.0,253.0,53.0,95.0
517.0,253.0,53.0,95.0
520.0,254.0,53.0,95.0
521.0,254.0,53.0,95.0
521.0,254.0,53.0,95.0
523.0,253.0,53.0,95.0
524.0,253.0,53.0,95.0
526.0,255.0,53.0,95.0
528.0,255.0,52.0,94.0
530.0,255.0,52.0,94.0
532.0,258.0,52.0,94.0
534.0,258.0,52.0,94.0
536.0,259.0,51.0,92.0
535.0,261.0,51.0,92.0
538.0,262.0,51.0,90.0
538.0,261.0,51.0,90.0
538.0,260.0,51.0,90.0
540.0,259.0,51.0,90.0
540.0,259.0,51.0,92.0
540.0,259.0,51.0,90.0
542.0,259.0,51.0,91.0
542.0,258.0,51.0,91.0
544.0,258.0,51.0,91.0
545.0,259.0,51.0,90.0
547.0,260.0,50.0,88.0
548.0,260.0,49.0,87.0
550.0,261.0,48.0,86.0
551.0,262.0,47.0,84.0
552.0,262.0,47.0,84.0
555.0,261.0,47.0,84.0
554.0,260.0,48.0,86.0
555.0,258.0,48.0,86.0
555.0,258.0,48.0,86.0
556.0,257.0,48.0,86.0
555.0,257.0,48.0,86.0
555.0,257.0,48.0,86.0
555.0,258.0,47.0,84.0
553.0,258.0,47.0,84.0
552.0,259.0,46.0,82.0
550.0,259.0,46.0,82.0
545.0,258.0,45.0,81.0
543.0,259.0,45.0,81.0
538.0,259.0,45.0,81.0
533.0,258.0,45.0,81.0
528.0,257.0,45.0,81.0
526.0,257.0,45.0,81.0
517.0,260.0,45.0,81.0
493.0,277.0,45.0,81.0
477.0,289.0,45.0,81.0
472.0,290.0,46.0,82.0
466.0,292.0,46.0,82.0
460.0,292.0,47.0,84.0
454.0,295.0,46.0,82.0
448.0,296.0,46.0,82.0
443.0,298.0,46.0,82.0
438.0,299.0,47.0,84.0
434.0,302.0,48.0,86.0
430.0,303.0,47.0,84.0
426.0,306.0,48.0,86.0
422.0,307.0,47.0,84.0
421.0,308.0,47.0,84.0
418.0,312.0,46.0,82.0
415.0,311.0,47.0,84.0
414.0,312.0,48.0,86.0
412.0,314.0,48.0,86.0
410.0,314.0,49.0,87.0
410.0,315.0,47.0,84.0
407.0,318.0,48.0,86.0
407.0,320.0,48.0,86.0
404.0,318.0,50.0,88.0
404.0,319.0,51.0,90.0
404.0,321.0,51.0,90.0
402.0,320.0,52.0,94.0
401.0,320.0,53.0,95.0
399.0,318.0,56.0,98.0
398.0,320.0,55.0,97.0
398.0,321.0,55.0,97.0
397.0,321.0,56.0,98.0
397.0,323.0,56.0,98.0
397.0,323.0,57.0,101.0
396.0,324.0,58.0,102.0
397.0,327.0,56.0,98.0
395.0,325.0,58.0,102.0
395.0,327.0,58.0,102.0
394.0,328.0,58.0,104.0
394.0,329.0,58.0,104.0
393.0,329.0,60.0,106.0
392.0,328.0,61.0,108.0
393.0,331.0,60.0,106.0
391.0,328.0,63.0,111.0
391.0,330.0,63.0,111.0
391.0,331.0,63.0,111.0
391.0,330.0,65.0,114.0
391.0,329.0,67.0,118.0
389.0,327.0,70.0,122.0
389.0,329.0,70.0,122.0
388.0,326.0,72.0,127.0
387.0,324.0,75.0,131.0
386.0,322.0,78.0,136.0
386.0,322.0,79.0,139.0
389.0,324.0,78.0,136.0
388.0,325.0,78.0,136.0
387.0,323.0,80.0,142.0
385.0,320.0,84.0,147.0
388.0,321.0,84.0,147.0
386.0,319.0,87.0,152.0
387.0,321.0,87.0,152.0
387.0,320.0,89.0,155.0
388.0,319.0,91.0,157.0
387.0,316.0,94.0,164.0
388.0,318.0,94.0,164.0
389.0,320.0,94.0,164.0
388.0,319.0,96.0,167.0
386.0,316.0,100.0,173.0
385.0,313.0,103.0,180.0
383.0,310.0,107.0,186.0
380.0,307.0,112.0,194.0
375.0,303.0,116.0,201.0
373.0,302.0,118.0,205.0
370.0,299.0,122.0,213.0
368.0,299.0,121.0,209.0
358.0,311.0,121.0,209.0
366.0,294.0,121.0,209.0
353.0,310.0,122.0,213.0
355.0,310.0,121.0,209.0
343.0,322.0,121.0,209.0
346.0,324.0,116.0,201.0
343.0,329.0,114.0,198.0
335.0,340.0,112.0,194.0
339.0,341.0,109.0,190.0
332.0,349.0,106.0,183.0
328.0,351.0,106.0,183.0
318.0,361.0,107.0,186.0
300.0,376.0,105.0,182.0
321.0,359.0,105.0,182.0
318.0,359.0,107.0,185.0
314.0,355.0,107.0,185.0
302.0,376.0,105.0,182.0
306.0,378.0,103.0,179.0
302.0,378.0,105.0,182.0
300.0,378.0,105.0,182.0
299.0,381.0,105.0,182.0
299.0,380.0,105.0,182.0
293.0,387.0,107.0,185.0
290.0,386.0,109.0,189.0
289.0,387.0,109.0,188.0
290.0,385.0,111.0,192.0
292.0,384.0,113.0,195.0
293.0,391.0,111.0,192.0
292.0,392.0,111.0,192.0
292.0,393.0,111.0,192.0
294.0,391.0,109.0,188.0
295.0,405.0,107.0,184.0
296.0,405.0,107.0,184.0
298.0,408.0,105.0,181.0
301.0,413.0,103.0,178.0
304.0,416.0,101.0,174.0
308.0,419.0,99.0,171.0
310.0,420.0,99.0,171.0
311.0,419.0,101.0,174.0
311.0,416.0,105.0,180.0
310.0,414.0,106.0,183.0
313.0,416.0,106.0,182.0
313.0,414.0,108.0,185.0
314.0,416.0,107.0,185.0
316.0,419.0,105.0,181.0
318.0,420.0,106.0,181.0
318.0,419.0,107.0,185.0
318.0,417.0,110.0,190.0
321.0,422.0,107.0,186.0
322.0,422.0,107.0,186.0
323.0,423.0,107.0,186.0
325.0,424.0,107.0,185.0
325.0,423.0,109.0,189.0
327.0,427.0,107.0,184.0
328.0,428.0,107.0,184.0
329.0,428.0,107.0,184.0
330.0,432.0,105.0,180.0
nan,nan,nan,nan
nan,nan,nan,nan
nan,nan,nan,nan
nan,nan,nan,nan
nan,nan,nan,nan
nan,nan,nan,nan
nan,nan,nan,nan
nan,nan,nan,nan
nan,nan,nan,nan
nan,nan,nan,nan
nan,nan,nan,nan
nan,nan,nan,nan
nan,nan,nan,nan
nan,nan,nan,nan
nan,nan,nan,nan
nan,nan,nan,nan
nan,nan,nan,nan
nan,nan,nan,nan
nan,nan,nan,nan
nan,nan,nan,nan
nan,nan,nan,nan
nan,nan,nan,nan
nan,nan,nan,nan
nan,nan,nan,nan
nan,nan,nan,nan
nan,nan,nan,nan
303.0,446.0,132.0,225.0
301.0,446.0,132.0,225.0
305.0,451.0,124.0,212.0
301.0,465.0,121.0,208.0
299.0,459.0,127.0,217.0
300.0,458.0,124.0,212.0
294.0,466.0,127.0,217.0
296.0,466.0,121.0,208.0
292.0,477.0,121.0,208.0
288.0,468.0,129.0,221.0
290.0,471.0,124.0,214.0
285.0,477.0,127.0,219.0
283.0,473.0,132.0,229.0
286.0,479.0,124.0,216.0
282.0,485.0,127.0,220.0
279.0,481.0,132.0,229.0
277.0,481.0,134.0,233.0
275.0,480.0,137.0,237.0
270.0,477.0,142.0,245.0
267.0,473.0,148.0,255.0
267.0,479.0,145.0,252.0
268.0,480.0,140.0,242.0
272.0,490.0,135.0,234.0
273.0,495.0,135.0,234.0
272.0,497.0,135.0,234.0
271.0,500.0,135.0,234.0
274.0,510.0,129.0,225.0
274.0,512.0,132.0,229.0
274.0,513.0,132.0,229.0
275.0,513.0,132.0,229.0
277.0,508.0,132.0,229.0
280.0,508.0,129.0,225.0
282.0,507.0,129.0,225.0
283.0,507.0,129.0,225.0
284.0,514.0,129.0,225.0
286.0,515.0,129.0,225.0
288.0,521.0,129.0,225.0
288.0,522.0,129.0,225.0
289.0,522.0,132.0,229.0
289.0,522.0,135.0,234.0
290.0,522.0,135.0,234.0
291.0,521.0,137.0,238.0
292.0,525.0,137.0,238.0
293.0,526.0,137.0,238.0
296.0,528.0,137.0,238.0
296.0,525.0,140.0,242.0
297.0,524.0,142.0,247.0
299.0,524.0,142.0,247.0
303.0,524.0,140.0,242.0
305.0,527.0,140.0,242.0
307.0,530.0,140.0,242.0
307.0,529.0,142.0,247.0
309.0,527.0,142.0,247.0
311.0,529.0,142.0,247.0
312.0,527.0,145.0,252.0
313.0,520.0,145.0,252.0
314.0,523.0,145.0,252.0
317.0,522.0,145.0,252.0
319.0,524.0,145.0,252.0
320.0,521.0,145.0,252.0
322.0,525.0,145.0,252.0
325.0,525.0,145.0,252.0
328.0,525.0,142.0,247.0
328.0,526.0,145.0,252.0
330.0,527.0,145.0,252.0
331.0,527.0,145.0,252.0
331.0,522.0,148.0,256.0
334.0,527.0,148.0,256.0
334.0,527.0,148.0,256.0
336.0,527.0,148.0,256.0
339.0,526.0,148.0,256.0
342.0,527.0,145.0,252.0
345.0,526.0,142.0,247.0
347.0,526.0,140.0,242.0
348.0,530.0,140.0,242.0
350.0,530.0,137.0,238.0
351.0,529.0,137.0,238.0
351.0,531.0,137.0,238.0
351.0,529.0,140.0,242.0
354.0,530.0,137.0,238.0
354.0,530.0,137.0,238.0
354.0,531.0,137.0,238.0
355.0,524.0,137.0,238.0
356.0,523.0,137.0,238.0
357.0,522.0,137.0,238.0
358.0,524.0,137.0,238.0
360.0,528.0,135.0,234.0
361.0,530.0,135.0,234.0
362.0,528.0,135.0,234.0
361.0,529.0,137.0,238.0
362.0,525.0,137.0,238.0
360.0,522.0,142.0,247.0
360.0,519.0,145.0,252.0
360.0,515.0,145.0,252.0
359.0,512.0,148.0,256.0
358.0,512.0,151.0,262.0
355.0,509.0,156.0,272.0
354.0,513.0,154.0,267.0
352.0,517.0,154.0,267.0
351.0,510.0,156.0,272.0
357.0,509.0,154.0,267.0
359.0,505.0,151.0,262.0
358.0,503.0,154.0,267.0
359.0,502.0,154.0,267.0
361.0,500.0,154.0,267.0
362.0,500.0,154.0,267.0
365.0,505.0,151.0,262.0
370.0,504.0,148.0,256.0
371.0,504.0,148.0,256.0
374.0,505.0,145.0,252.0
374.0,503.0,145.0,252.0
373.0,499.0,148.0,256.0
374.0,502.0,148.0,256.0
377.0,500.0,148.0,256.0
379.0,495.0,148.0,256.0
381.0,495.0,148.0,256.0
381.0,494.0,148.0,256.0
379.0,485.0,154.0,267.0
380.0,484.0,154.0,267.0
383.0,487.0,151.0,262.0
384.0,485.0,151.0,262.0
386.0,483.0,151.0,262.0
388.0,487.0,148.0,256.0
389.0,486.0,148.0,256.0
391.0,484.0,148.0,256.0
390.0,480.0,151.0,262.0
394.0,486.0,145.0,252.0
392.0,478.0,151.0,262.0
394.0,478.0,151.0,262.0
396.0,480.0,148.0,256.0
396.0,476.0,151.0,262.0
397.0,476.0,151.0,262.0
399.0,478.0,148.0,256.0
400.0,477.0,148.0,256.0
402.0,478.0,148.0,256.0
400.0,474.0,151.0,262.0
401.0,474.0,151.0,262.0
401.0,474.0,151.0,262.0
402.0,473.0,151.0,262.0
403.0,476.0,148.0,256.0
402.0,474.0,151.0,262.0
400.0,472.0,154.0,267.0
400.0,474.0,154.0,267.0
395.0,471.0,156.0,272.0
392.0,473.0,156.0,272.0
388.0,472.0,160.0,277.0
383.0,470.0,163.0,283.0
376.0,467.0,166.0,288.0
379.0,480.0,156.0,272.0
379.0,489.0,151.0,262.0
381.0,499.0,142.0,247.0
379.0,501.0,142.0,247.0
374.0,501.0,142.0,247.0
372.0,505.0,140.0,242.0
365.0,499.0,145.0,252.0
360.0,503.0,145.0,252.0
356.0,504.0,145.0,252.0
355.0,506.0,145.0,252.0
347.0,512.0,145.0,252.0
345.0,510.0,145.0,252.0
343.0,513.0,145.0,252.0
341.0,514.0,145.0,252.0
342.0,518.0,142.0,247.0
339.0,518.0,145.0,252.0
336.0,519.0,145.0,252.0
334.0,519.0,145.0,252.0
335.0,518.0,145.0,252.0
334.0,521.0,145.0,253.0
334.0,522.0,144.0,253.0
333.0,515.0,147.0,258.0
334.0,521.0,147.0,258.0
335.0,521.0,147.0,258.0
335.0,521.0,147.0,258.0
337.0,522.0,147.0,258.0
337.0,523.0,147.0,258.0
337.0,523.0,147.0,258.0
339.0,524.0,147.0,258.0
340.0,525.0,147.0,258.0
340.0,526.0,147.0,258.0
342.0,525.0,147.0,258.0
343.0,525.0,147.0,258.0
345.0,528.0,145.0,253.0
346.0,528.0,145.0,253.0
344.0,524.0,147.0,258.0
345.0,522.0,151.0,263.0
345.0,522.0,151.0,263.0
348.0,522.0,151.0,263.0
349.0,522.0,151.0,263.0
350.0,522.0,151.0,263.0
351.0,522.0,151.0,263.0
352.0,522.0,151.0,263.0
353.0,522.0,151.0,263.0
356.0,525.0,147.0,258.0
357.0,525.0,147.0,258.0
358.0,525.0,147.0,258.0
359.0,525.0,147.0,258.0
360.0,525.0,147.0,258.0
362.0,525.0,147.0,258.0
363.0,524.0,147.0,258.0
367.0,527.0,144.0,253.0
369.0,530.0,142.0,248.0
372.0,530.0,142.0,248.0
373.0,530.0,142.0,248.0
371.0,527.0,144.0,253.0
372.0,527.0,144.0,253.0
374.0,527.0,144.0,253.0
375.0,526.0,144.0,253.0
376.0,526.0,144.0,253.0
378.0,526.0,144.0,253.0
380.0,527.0,144.0,253.0
380.0,527.0,144.0,253.0
381.0,527.0,144.0,253.0
382.0,527.0,144.0,253.0
383.0,527.0,144.0,253.0
386.0,527.0,144.0,253.0
386.0,527.0,144.0,253.0
386.0,524.0,147.0,258.0
387.0,524.0,147.0,258.0
388.0,524.0,147.0,258.0
391.0,524.0,147.0,258.0
392.0,524.0,147.0,258.0
393.0,524.0,147.0,258.0
394.0,524.0,147.0,258.0
395.0,524.0,147.0,258.0
395.0,521.0,151.0,263.0
396.0,521.0,151.0,263.0
395.0,519.0,153.0,268.0
396.0,519.0,153.0,268.0
397.0,519.0,153.0,268.0
399.0,518.0,153.0,268.0
400.0,518.0,153.0,268.0
400.0,518.0,153.0,268.0
402.0,518.0,153.0,268.0
403.0,518.0,153.0,268.0
405.0,518.0,153.0,268.0
403.0,515.0,156.0,273.0
404.0,515.0,156.0,273.0
405.0,515.0,156.0,273.0
405.0,515.0,156.0,273.0
407.0,516.0,156.0,273.0
407.0,516.0,156.0,273.0
408.0,515.0,156.0,273.0
409.0,515.0,156.0,273.0
409.0,515.0,156.0,273.0
409.0,515.0,156.0,273.0
410.0,516.0,156.0,273.0
408.0,513.0,159.0,279.0
409.0,514.0,159.0,278.0
409.0,514.0,159.0,277.0
409.0,515.0,159.0,276.0
410.0,514.0,159.0,276.0
413.0,517.0,156.0,271.0
414.0,517.0,156.0,272.0
415.0,517.0,156.0,272.0
415.0,517.0,156.0,272.0
415.0,517.0,156.0,272.0
416.0,517.0,156.0,271.0
417.0,518.0,156.0,270.0
417.0,519.0,156.0,270.0
418.0,519.0,156.0,269.0
420.0,523.0,153.0,263.0
422.0,524.0,153.0,262.0
422.0,524.0,153.0,261.0
422.0,525.0,153.0,261.0
421.0,525.0,153.0,260.0
422.0,525.0,153.0,260.0
422.0,525.0,153.0,261.0
423.0,525.0,153.0,261.0
nan,nan,nan,nan
nan,nan,nan,nan
nan,nan,nan,nan
nan,nan,nan,nan
nan,nan,nan,nan
nan,nan,nan,nan
nan,nan,nan,nan
nan,nan,nan,nan
nan,nan,nan,nan
nan,nan,nan,nan
nan,nan,nan,nan
nan,nan,nan,nan
nan,nan,nan,nan
nan,nan,nan,nan
nan,nan,nan,nan
nan,nan,nan,nan
nan,nan,nan,nan
nan,nan,nan,nan
nan,nan,nan,nan
nan,nan,nan,nan
nan,nan,nan,nan
nan,nan,nan,nan
nan,nan,nan,nan
nan,nan,nan,nan
nan,nan,nan,nan
nan,nan,nan,nan
nan,nan,nan,nan
nan,nan,nan,nan
nan,nan,nan,nan
nan,nan,nan,nan
nan,nan,nan,nan
nan,nan,nan,nan
nan,nan,nan,nan
nan,nan,nan,nan
nan,nan,nan,nan
nan,nan,nan,nan
nan,nan,nan,nan
nan,nan,nan,nan
nan,nan,nan,nan
nan,nan,nan,nan
nan,nan,nan,nan
nan,nan,nan,nan
nan,nan,nan,nan
nan,nan,nan,nan
nan,nan,nan,nan
nan,nan,nan,nan
nan,nan,nan,nan
441.0,551.0,128.0,218.0
442.0,551.0,128.0,219.0
441.0,551.0,128.0,219.0
442.0,551.0,128.0,219.0
442.0,551.0,128.0,219.0
443.0,554.0,126.0,215.0
444.0,556.0,124.0,211.0
444.0,556.0,124.0,211.0
444.0,556.0,125.0,211.0
446.0,558.0,122.0,207.0
448.0,559.0,120.0,204.0
448.0,558.0,120.0,205.0
449.0,557.0,120.0,206.0
449.0,557.0,120.0,206.0
449.0,557.0,120.0,206.0
451.0,559.0,117.0,201.0
452.0,559.0,117.0,201.0
454.0,561.0,115.0,198.0
456.0,563.0,113.0,194.0
456.0,564.0,111.0,191.0
456.0,564.0,111.0,192.0
458.0,566.0,108.0,188.0
458.0,566.0,108.0,189.0
457.0,566.0,108.0,189.0
458.0,565.0,108.0,190.0
460.0,567.0,107.0,186.0
460.0,567.0,107.0,186.0
460.0,567.0,107.0,186.0
459.0,567.0,107.0,186.0
461.0,569.0,105.0,183.0
459.0,569.0,105.0,183.0
459.0,569.0,105.0,183.0
460.0,569.0,105.0,183.0
460.0,569.0,105.0,183.0
459.0,569.0,105.0,183.0
461.0,570.0,102.0,181.0
460.0,570.0,102.0,181.0
461.0,571.0,100.0,177.0
463.0,573.0,99.0,174.0
464.0,575.0,97.0,170.0
463.0,575.0,97.0,170.0
465.0,577.0,95.0,168.0
466.0,579.0,93.0,164.0
467.0,580.0,92.0,162.0
468.0,580.0,92.0,162.0
468.0,582.0,90.0,158.0
469.0,582.0,90.0,158.0
469.0,583.0,88.0,155.0
470.0,584.0,88.0,155.0
470.0,584.0,86.0,153.0
472.0,586.0,85.0,150.0
473.0,587.0,83.0,148.0
473.0,588.0,83.0,148.0
474.0,587.0,83.0,148.0
474.0,588.0,83.0,148.0
475.0,587.0,83.0,148.0
474.0,587.0,83.0,148.0
475.0,588.0,83.0,148.0
475.0,587.0,83.0,148.0
475.0,587.0,83.0,148.0
476.0,588.0,83.0,148.0
476.0,587.0,83.0,148.0
478.0,589.0,81.0,145.0
478.0,589.0,81.0,145.0
479.0,590.0,79.0,142.0
479.0,590.0,79.0,142.0
479.0,591.0,79.0,142.0
480.0,591.0,79.0,142.0
480.0,591.0,79.0,142.0
481.0,591.0,79.0,142.0
482.0,592.0,79.0,140.0
483.0,593.0,77.0,137.0
484.0,593.0,77.0,137.0
485.0,593.0,77.0,137.0
486.0,593.0,77.0,137.0
485.0,594.0,77.0,137.0
486.0,594.0,77.0,137.0
487.0,593.0,77.0,137.0
487.0,595.0,75.0,134.0
489.0,595.0,75.0,134.0
491.0,596.0,74.0,132.0
490.0,596.0,74.0,132.0
491.0,596.0,74.0,132.0
490.0,595.0,75.0,134.0
490.0,595.0,75.0,134.0
492.0,596.0,74.0,132.0
492.0,596.0,74.0,132.0
493.0,598.0,72.0,129.0
493.0,598.0,72.0,129.0
493.0,599.0,72.0,129.0
495.0,600.0,72.0,127.0
495.0,600.0,72.0,127.0
495.0,600.0,72.0,127.0
495.0,600.0,72.0,127.0
496.0,601.0,70.0,125.0
498.0,601.0,69.0,123.0
498.0,601.0,69.0,123.0
498.0,603.0,67.0,120.0
498.0,603.0,67.0,120.0
499.0,604.0,67.0,120.0
498.0,604.0,67.0,120.0
498.0,605.0,67.0,120.0
498.0,605.0,68.0,120.0
498.0,606.0,67.0,118.0
499.0,606.0,67.0,118.0
499.0,606.0,67.0,118.0
500.0,607.0,65.0,115.0
501.0,607.0,65.0,115.0
501.0,607.0,65.0,115.0
501.0,608.0,65.0,115.0
502.0,607.0,65.0,115.0
501.0,607.0,65.0,115.0
501.0,607.0,65.0,115.0
500.0,609.0,65.0,115.0
500.0,608.0,65.0,115.0
500.0,608.0,65.0,115.0
499.0,608.0,65.0,115.0
501.0,609.0,64.0,114.0
501.0,609.0,64.0,114.0
500.0,609.0,64.0,114.0
501.0,609.0,64.0,114.0
501.0,610.0,64.0,114.0
500.0,610.0,64.0,114.0
501.0,612.0,62.0,111.0
501.0,612.0,62.0,111.0
502.0,613.0,61.0,109.0
501.0,613.0,61.0,109.0
502.0,614.0,61.0,107.0
503.0,614.0,61.0,107.0
502.0,615.0,61.0,107.0
504.0,615.0,60.0,106.0
503.0,615.0,60.0,106.0
503.0,615.0,60.0,106.0
503.0,615.0,60.0,106.0
503.0,615.0,60.0,106.0
503.0,616.0,60.0,106.0
504.0,616.0,60.0,106.0
503.0,617.0,60.0,106.0
504.0,616.0,60.0,106.0
506.0,617.0,58.0,104.0
506.0,618.0,58.0,104.0
507.0,619.0,57.0,102.0
509.0,619.0,57.0,102.0
508.0,620.0,56.0,100.0
509.0,620.0,56.0,100.0
509.0,620.0,56.0,100.0
510.0,620.0,56.0,100.0
511.0,621.0,56.0,100.0
511.0,620.0,56.0,100.0
511.0,620.0,56.0,100.0
510.0,619.0,56.0,100.0
511.0,620.0,56.0,100.0
512.0,620.0,56.0,100.0
512.0,619.0,56.0,100.0
512.0,620.0,56.0,100.0
512.0,622.0,56.0,100.0
513.0,621.0,57.0,102.0
512.0,621.0,57.0,102.0
513.0,621.0,58.0,104.0
513.0,622.0,58.0,104.0
513.0,620.0,60.0,106.0
513.0,620.0,60.0,106.0
513.0,620.0,60.0,106.0
514.0,620.0,60.0,106.0
515.0,621.0,60.0,106.0
514.0,621.0,60.0,106.0
514.0,620.0,61.0,107.0
514.0,619.0,61.0,107.0
514.0,618.0,61.0,109.0
514.0,619.0,61.0,109.0
514.0,617.0,62.0,111.0
513.0,619.0,62.0,111.0
515.0,619.0,61.0,109.0
516.0,619.0,61.0,109.0
515.0,618.0,62.0,111.0
515.0,617.0,62.0,111.0
515.0,618.0,62.0,111.0
515.0,618.0,62.0,111.0
515.0,617.0,62.0,111.0
514.0,616.0,64.0,114.0
514.0,615.0,65.0,115.0
514.0,616.0,65.0,115.0
515.0,617.0,65.0,115.0
516.0,616.0,65.0,115.0
516.0,616.0,65.0,115.0
517.0,617.0,65.0,115.0
516.0,614.0,67.0,118.0
516.0,613.0,68.0,120.0
515.0,612.0,68.0,120.0
516.0,616.0,68.0,120.0
515.0,616.0,68.0,120.0
515.0,614.0,69.0,122.0
516.0,613.0,69.0,122.0
517.0,612.0,69.0,122.0
516.0,612.0,70.0,124.0
516.0,612.0,70.0,124.0
517.0,613.0,70.0,124.0
517.0,611.0,70.0,124.0
518.0,611.0,70.0,124.0
518.0,607.0,72.0,127.0
519.0,605.0,72.0,127.0
519.0,610.0,72.0,127.0
520.0,605.0,72.0,127.0
519.0,606.0,73.0,128.0
521.0,604.0,73.0,128.0
522.0,606.0,73.0,128.0
523.0,608.0,73.0,128.0
524.0,606.0,73.0,128.0
523.0,606.0,73.0,128.0
523.0,602.0,73.0,128.0
523.0,605.0,73.0,128.0
529.0,612.0,73.0,128.0
527.0,612.0,75.0,131.0
528.0,611.0,75.0,131.0
527.0,609.0,75.0,134.0
529.0,606.0,75.0,134.0
529.0,609.0,75.0,134.0
530.0,606.0,75.0,134.0
530.0,606.0,75.0,134.0
530.0,609.0,75.0,134.0
530.0,608.0,75.0,134.0
530.0,608.0,75.0,134.0
531.0,609.0,75.0,134.0
531.0,609.0,75.0,134.0
531.0,608.0,75.0,134.0
532.0,609.0,75.0,134.0
533.0,610.0,75.0,134.0
533.0,608.0,75.0,134.0
533.0,609.0,75.0,134.0
534.0,606.0,75.0,134.0
534.0,610.0,75.0,134.0
534.0,607.0,75.0,134.0
534.0,610.0,77.0,136.0
534.0,607.0,79.0,139.0
533.0,608.0,79.0,139.0
534.0,608.0,79.0,139.0
533.0,605.0,80.0,142.0
532.0,606.0,80.0,142.0
533.0,604.0,80.0,142.0
533.0,603.0,80.0,142.0
533.0,604.0,80.0,142.0
533.0,605.0,80.0,142.0
532.0,603.0,80.0,142.0
533.0,602.0,80.0,142.0
532.0,605.0,80.0,142.0
532.0,601.0,80.0,142.0
532.0,605.0,80.0,142.0
532.0,605.0,80.0,142.0
532.0,606.0,80.0,142.0
532.0,605.0,80.0,142.0
532.0,604.0,80.0,142.0
532.0,604.0,80.0,142.0
532.0,606.0,80.0,142.0
531.0,607.0,80.0,142.0
531.0,608.0,80.0,142.0
530.0,608.0,80.0,142.0
530.0,606.0,80.0,142.0
530.0,607.0,80.0,142.0
528.0,609.0,80.0,142.0
528.0,607.0,80.0,142.0
528.0,608.0,80.0,142.0
526.0,608.0,82.0,144.0
526.0,610.0,82.0,144.0
525.0,611.0,82.0,144.0
524.0,613.0,82.0,144.0
523.0,612.0,82.0,144.0
523.0,611.0,82.0,144.0
522.0,612.0,82.0,144.0
521.0,612.0,82.0,144.0
520.0,612.0,82.0,144.0
519.0,611.0,82.0,144.0
519.0,610.0,82.0,144.0
518.0,609.0,82.0,144.0
518.0,610.0,82.0,144.0
517.0,609.0,82.0,144.0
517.0,610.0,82.0,144.0
516.0,610.0,82.0,144.0
515.0,613.0,82.0,144.0
513.0,614.0,82.0,144.0
512.0,614.0,82.0,144.0
511.0,614.0,82.0,144.0
509.0,614.0,82.0,144.0
509.0,615.0,80.0,142.0
508.0,615.0,80.0,142.0
507.0,614.0,80.0,142.0
507.0,615.0,80.0,142.0
505.0,615.0,80.0,142.0
502.0,615.0,82.0,144.0
501.0,614.0,82.0,144.0
501.0,613.0,82.0,144.0
501.0,612.0,82.0,144.0
499.0,612.0,82.0,144.0
499.0,611.0,82.0,144.0
497.0,612.0,83.0,147.0
496.0,612.0,83.0,147.0
496.0,611.0,83.0,147.0
496.0,613.0,83.0,147.0
495.0,610.0,85.0,149.0
495.0,611.0,85.0,149.0
494.0,610.0,85.0,149.0
493.0,608.0,85.0,149.0
494.0,606.0,85.0,149.0
494.0,608.0,85.0,149.0
494.0,607.0,85.0,149.0
494.0,605.0,87.0,152.0
494.0,605.0,87.0,152.0
494.0,603.0,87.0,152.0
493.0,604.0,87.0,152.0
494.0,604.0,85.0,149.0
493.0,597.0,87.0,152.0
492.0,597.0,89.0,155.0
493.0,598.0,89.0,155.0
493.0,595.0,89.0,155.0
493.0,598.0,89.0,155.0
493.0,592.0,89.0,155.0
492.0,586.0,89.0,155.0
500.0,607.0,89.0,155.0
500.0,607.0,89.0,155.0
500.0,605.0,89.0,155.0
500.0,605.0,89.0,155.0
500.0,605.0,89.0,155.0
501.0,602.0,89.0,155.0
502.0,602.0,89.0,155.0
503.0,601.0,89.0,155.0
504.0,601.0,89.0,155.0
503.0,598.0,90.0,157.0
502.0,595.0,90.0,157.0
501.0,591.0,92.0,161.0
503.0,591.0,92.0,161.0
502.0,585.0,92.0,161.0
512.0,601.0,92.0,161.0
513.0,598.0,92.0,161.0
513.0,597.0,92.0,161.0
512.0,590.0,90.0,157.0
511.0,579.0,92.0,161.0
511.0,578.0,92.0,161.0
509.0,571.0,92.0,161.0
