532.0,184.0,65.0,44.0
531.0,183.0,66.0,45.0
530.0,183.0,67.0,46.0
528.0,182.0,71.0,49.0
528.0,181.0,71.0,49.0
529.0,181.0,73.0,50.0
532.0,182.0,69.0,47.0
532.0,184.0,69.0,47.0
535.0,187.0,66.0,45.0
535.0,189.0,67.0,46.0
538.0,191.0,64.0,46.0
539.0,192.0,66.0,46.0
542.0,194.0,64.0,46.0
543.0,195.0,64.0,46.0
545.0,196.0,66.0,47.0
545.0,196.0,67.0,48.0
547.0,197.0,68.0,48.0
547.0,197.0,72.0,51.0
551.0,198.0,72.0,51.0
553.0,198.0,70.0,50.0
558.0,199.0,73.0,52.0
559.0,196.0,74.0,53.0
561.0,196.0,75.0,54.0
567.0,193.0,73.0,52.0
570.0,192.0,71.0,52.0
573.0,192.0,74.0,54.0
579.0,195.0,71.0,52.0
589.0,191.0,69.0,51.0
592.0,192.0,71.0,52.0
595.0,192.0,71.0,52.0
600.0,192.0,70.0,53.0
604.0,191.0,72.0,54.0
608.0,191.0,73.0,55.0
612.0,191.0,71.0,53.0
619.0,192.0,69.0,52.0
624.0,193.0,69.0,52.0
629.0,194.0,68.0,51.0
635.0,195.0,67.0,50.0
635.0,212.0,68.0,51.0
640.0,210.0,67.0,50.0
648.0,206.0,66.0,51.0
653.0,208.0,67.0,52.0
656.0,208.0,67.0,52.0
661.0,209.0,67.0,51.0
667.0,210.0,66.0,50.0
672.0,210.0,67.0,51.0
677.0,210.0,67.0,51.0
682.0,212.0,67.0,51.0
706.0,226.0,67.0,52.0
711.0,225.0,67.0,52.0
719.0,224.0,67.0,51.0
726.0,223.0,67.0,51.0
732.0,223.0,68.0,52.0
737.0,219.0,69.0,53.0
743.0,219.0,70.0,53.0
749.0,219.0,70.0,53.0
755.0,218.0,72.0,54.0
761.0,218.0,73.0,55.0
768.0,218.0,73.0,55.0
775.0,219.0,73.0,55.0
781.0,221.0,75.0,55.0
786.0,221.0,75.0,55.0
793.0,223.0,74.0,54.0
799.0,226.0,72.0,53.0
803.0,226.0,72.0,53.0
808.0,231.0,72.0,52.0
814.0,232.0,72.0,52.0
819.0,231.0,72.0,52.0
826.0,231.0,72.0,52.0
831.0,229.0,74.0,53.0
838.0,231.0,72.0,52.0
843.0,231.0,72.0,52.0
849.0,232.0,72.0,52.0
853.0,232.0,72.0,52.0
860.0,232.0,72.0,52.0
865.0,231.0,72.0,52.0
870.0,232.0,72.0,52.0
876.0,231.0,72.0,52.0
882.0,231.0,72.0,52.0
887.0,231.0,70.0,52.0
894.0,231.0,70.0,51.0
898.0,231.0,70.0,51.0
904.0,230.0,70.0,51.0
909.0,230.0,70.0,51.0
914.0,231.0,70.0,51.0
920.0,230.0,70.0,51.0
925.0,230.0,70.0,51.0
930.0,231.0,70.0,51.0
935.0,232.0,70.0,51.0
939.0,231.0,70.0,51.0
944.0,230.0,70.0,52.0
948.0,229.0,71.0,53.0
953.0,229.0,71.0,53.0
957.0,228.0,71.0,53.0
960.0,229.0,73.0,54.0
966.0,229.0,73.0,55.0
970.0,230.0,73.0,55.0
973.0,230.0,73.0,55.0
976.0,231.0,73.0,55.0
115.0,50.0,5.0,9.0
917.0,391.0,56.0,87.0
914.0,388.0,56.0,86.0
910.0,383.0,55.0,86.0
907.0,380.0,54.0,83.0
905.0,375.0,53.0,82.0
898.0,369.0,55.0,83.0
894.0,362.0,55.0,81.0
891.0,359.0,55.0,81.0
886.0,349.0,54.0,81.0
883.0,344.0,55.0,82.0
876.0,345.0,57.0,82.0
875.0,340.0,56.0,81.0
871.0,336.0,55.0,80.0
870.0,330.0,55.0,80.0
869.0,324.0,57.0,82.0
867.0,319.0,58.0,81.0
863.0,314.0,59.0,82.0
864.0,313.0,59.0,80.0
830.0,321.0,59.0,80.0
829.0,316.0,57.0,80.0
823.0,313.0,59.0,83.0
822.0,310.0,58.0,83.0
827.0,305.0,58.0,83.0
831.0,305.0,55.0,81.0
834.0,305.0,54.0,81.0
834.0,303.0,55.0,84.0
837.0,301.0,56.0,85.0
838.0,299.0,56.0,86.0
838.0,298.0,56.0,86.0
841.0,295.0,56.0,87.0
844.0,294.0,56.0,87.0
847.0,290.0,59.0,91.0
851.0,290.0,58.0,89.0
857.0,289.0,56.0,88.0
861.0,288.0,55.0,86.0
865.0,287.0,54.0,86.0
870.0,285.0,54.0,86.0
874.0,283.0,54.0,86.0
878.0,281.0,55.0,87.0
883.0,280.0,54.0,86.0
887.0,279.0,54.0,86.0
891.0,279.0,54.0,86.0
895.0,278.0,56.0,89.0
901.0,279.0,54.0,86.0
905.0,279.0,54.0,86.0
910.0,279.0,53.0,86.0
915.0,279.0,52.0,84.0
920.0,279.0,53.0,85.0
925.0,279.0,52.0,84.0
931.0,278.0,53.0,85.0
936.0,278.0,52.0,83.0
940.0,278.0,52.0,84.0
945.0,278.0,51.0,83.0
950.0,279.0,51.0,82.0
955.0,279.0,51.0,82.0
961.0,278.0,50.0,82.0
966.0,277.0,51.0,83.0
971.0,276.0,53.0,85.0
