823.0,235.0,58.0,83.0
824.0,233.0,58.0,82.0
825.0,232.0,58.0,83.0
825.0,231.0,61.0,83.0
207.0,60.0,15.0,17.0
812.0,213.0,71.0,94.0
811.0,212.0,70.0,93.0
812.0,209.0,70.0,93.0
809.0,210.0,71.0,90.0
808.0,210.0,71.0,90.0
804.0,211.0,71.0,89.0
803.0,210.0,71.0,89.0
800.0,209.0,71.0,89.0
797.0,209.0,70.0,88.0
794.0,208.0,70.0,88.0
789.0,207.0,70.0,87.0
782.0,206.0,69.0,87.0
778.0,205.0,68.0,88.0
771.0,204.0,66.0,88.0
766.0,202.0,68.0,88.0
190.0,57.0,16.0,12.0
759.0,200.0,69.0,87.0
751.0,201.0,69.0,87.0
745.0,201.0,68.0,87.0
739.0,204.0,73.0,93.0
731.0,203.0,72.0,95.0
724.0,206.0,73.0,95.0
718.0,207.0,72.0,95.0
710.0,212.0,72.0,95.0
703.0,213.0,72.0,95.0
172.0,62.0,20.0,22.0
695.0,211.0,73.0,98.0
689.0,212.0,73.0,98.0
681.0,216.0,71.0,95.0
673.0,219.0,72.0,97.0
665.0,223.0,73.0,91.0
657.0,224.0,73.0,91.0
649.0,227.0,73.0,91.0
641.0,231.0,69.0,87.0
631.0,235.0,70.0,86.0
624.0,237.0,69.0,87.0
152.0,71.0,15.0,10.0
617.0,240.0,68.0,86.0
611.0,242.0,68.0,85.0
604.0,245.0,68.0,86.0
598.0,245.0,68.0,91.0
592.0,245.0,68.0,91.0
587.0,246.0,68.0,90.0
581.0,247.0,68.0,91.0
575.0,247.0,69.0,105.0
572.0,248.0,70.0,106.0
566.0,249.0,72.0,107.0
563.0,251.0,71.0,107.0
557.0,251.0,71.0,107.0
553.0,252.0,71.0,107.0
549.0,251.0,76.0,106.0
545.0,252.0,76.0,107.0
543.0,253.0,76.0,106.0
540.0,255.0,76.0,107.0
538.0,256.0,76.0,107.0
535.0,258.0,75.0,106.0
534.0,258.0,75.0,106.0
533.0,259.0,75.0,106.0
530.0,259.0,76.0,106.0
528.0,261.0,76.0,107.0
525.0,265.0,77.0,104.0
523.0,266.0,77.0,104.0
522.0,267.0,77.0,105.0
522.0,269.0,77.0,104.0
522.0,269.0,77.0,104.0
522.0,270.0,74.0,105.0
523.0,270.0,74.0,105.0
523.0,270.0,74.0,105.0
523.0,269.0,74.0,105.0
522.0,268.0,74.0,105.0
521.0,268.0,74.0,102.0
522.0,267.0,74.0,102.0
522.0,268.0,73.0,101.0
523.0,268.0,73.0,100.0
524.0,267.0,73.0,100.0
523.0,267.0,74.0,100.0
525.0,265.0,74.0,100.0
529.0,265.0,74.0,100.0
532.0,264.0,74.0,100.0
533.0,261.0,74.0,100.0
536.0,259.0,70.0,100.0
536.0,256.0,70.0,100.0
538.0,253.0,70.0,100.0
540.0,251.0,71.0,100.0
541.0,246.0,71.0,100.0
541.0,244.0,71.0,99.0
543.0,240.0,71.0,99.0
547.0,238.0,71.0,99.0
550.0,236.0,71.0,100.0
553.0,233.0,71.0,99.0
557.0,228.0,69.0,102.0
560.0,226.0,69.0,102.0
563.0,224.0,69.0,102.0
566.0,223.0,68.0,101.0
96.0,85.0,14.0,24.0
379.0,331.0,70.0,116.0
381.0,324.0,70.0,116.0
383.0,317.0,70.0,115.0
383.0,310.0,70.0,115.0
385.0,302.0,69.0,115.0
391.0,296.0,72.0,115.0
393.0,289.0,72.0,115.0
395.0,284.0,72.0,114.0
398.0,277.0,72.0,115.0
401.0,272.0,72.0,114.0
404.0,265.0,72.0,115.0
408.0,260.0,72.0,114.0
413.0,253.0,71.0,113.0
416.0,248.0,71.0,113.0
421.0,241.0,71.0,113.0
427.0,236.0,68.0,115.0
431.0,229.0,68.0,115.0
435.0,226.0,68.0,114.0
115.0,57.0,11.0,19.0
441.0,233.0,64.0,95.0
447.0,229.0,63.0,94.0
452.0,224.0,62.0,93.0
457.0,218.0,62.0,93.0
460.0,215.0,62.0,93.0
467.0,209.0,62.0,93.0
470.0,206.0,63.0,92.0
477.0,201.0,63.0,92.0
481.0,197.0,64.0,89.0
487.0,194.0,63.0,89.0
492.0,191.0,63.0,89.0
496.0,189.0,64.0,87.0
499.0,188.0,64.0,87.0
502.0,185.0,64.0,87.0
505.0,186.0,64.0,87.0
508.0,185.0,63.0,87.0
510.0,186.0,62.0,86.0
513.0,185.0,62.0,86.0
514.0,188.0,62.0,86.0
515.0,187.0,62.0,86.0
516.0,189.0,62.0,86.0
516.0,191.0,60.0,86.0
516.0,193.0,60.0,86.0
517.0,194.0,60.0,86.0
518.0,195.0,60.0,86.0
519.0,196.0,60.0,86.0
520.0,196.0,60.0,87.0
521.0,197.0,60.0,87.0
522.0,198.0,60.0,87.0
522.0,197.0,60.0,87.0
524.0,198.0,60.0,87.0
526.0,199.0,61.0,85.0
525.0,200.0,61.0,85.0
526.0,199.0,61.0,84.0
525.0,201.0,61.0,84.0
526.0,201.0,61.0,84.0
525.0,201.0,61.0,85.0
524.0,202.0,61.0,85.0
523.0,203.0,61.0,85.0
524.0,202.0,61.0,85.0
521.0,205.0,61.0,85.0
520.0,205.0,62.0,87.0
519.0,205.0,62.0,87.0
518.0,207.0,62.0,87.0
516.0,209.0,62.0,87.0
515.0,210.0,62.0,87.0
514.0,212.0,62.0,88.0
514.0,213.0,62.0,88.0
514.0,213.0,62.0,89.0
513.0,214.0,63.0,89.0
512.0,215.0,63.0,89.0
511.0,216.0,64.0,89.0
510.0,217.0,64.0,89.0
509.0,217.0,64.0,90.0
507.0,219.0,64.0,90.0
505.0,220.0,64.0,90.0
502.0,223.0,65.0,91.0
500.0,224.0,65.0,91.0
496.0,227.0,65.0,90.0
495.0,229.0,65.0,91.0
492.0,232.0,65.0,90.0
490.0,235.0,66.0,91.0
488.0,238.0,66.0,90.0
486.0,242.0,66.0,91.0
485.0,246.0,67.0,91.0
484.0,249.0,67.0,91.0
481.0,255.0,67.0,94.0
480.0,259.0,68.0,94.0
479.0,265.0,68.0,94.0
478.0,270.0,68.0,94.0
475.0,275.0,68.0,94.0
474.0,280.0,68.0,96.0
473.0,285.0,69.0,97.0
470.0,289.0,69.0,96.0
467.0,294.0,69.0,96.0
466.0,299.0,69.0,96.0
462.0,304.0,69.0,96.0
460.0,310.0,69.0,96.0
457.0,317.0,69.0,96.0
456.0,324.0,69.0,96.0
115.0,75.0,16.0,21.0
453.0,294.0,78.0,103.0
448.0,301.0,78.0,103.0
444.0,310.0,78.0,103.0
439.0,318.0,78.0,103.0
434.0,327.0,79.0,104.0
431.0,336.0,80.0,107.0
427.0,347.0,79.0,111.0
422.0,356.0,79.0,110.0
417.0,366.0,82.0,110.0
411.0,377.0,81.0,113.0
409.0,390.0,81.0,112.0
403.0,403.0,83.0,112.0
399.0,417.0,83.0,112.0
395.0,430.0,84.0,113.0
392.0,445.0,84.0,113.0
387.0,458.0,85.0,113.0
383.0,471.0,86.0,114.0
377.0,485.0,87.0,113.0
372.0,499.0,87.0,115.0
364.0,515.0,92.0,112.0
357.0,530.0,89.0,112.0
349.0,545.0,90.0,112.0
