242.0,111.0,31.0,33.0
247.0,111.0,31.0,32.0
250.0,110.0,31.0,32.0
256.0,108.0,31.0,32.0
261.0,107.0,30.0,32.0
265.0,107.0,31.0,34.0
270.0,106.0,30.0,34.0
69.0,27.0,6.0,8.0
274.0,102.0,33.0,38.0
280.0,101.0,33.0,38.0
287.0,100.0,33.0,39.0
292.0,99.0,33.0,39.0
77.0,25.0,5.0,9.0
296.0,97.0,33.0,40.0
303.0,96.0,33.0,39.0
310.0,95.0,33.0,39.0
83.0,24.0,6.0,9.0
316.0,93.0,33.0,39.0
319.0,93.0,33.0,39.0
323.0,93.0,33.0,39.0
325.0,93.0,33.0,39.0
327.0,93.0,33.0,39.0
330.0,93.0,33.0,39.0
334.0,93.0,33.0,39.0
338.0,93.0,33.0,39.0
341.0,93.0,32.0,39.0
345.0,93.0,32.0,38.0
349.0,93.0,32.0,38.0
353.0,94.0,32.0,37.0
356.0,93.0,32.0,38.0
359.0,94.0,32.0,37.0
362.0,96.0,33.0,38.0
366.0,96.0,33.0,38.0
369.0,96.0,33.0,38.0
371.0,97.0,33.0,38.0
127.0,27.0,5.0,7.0
374.0,96.0,33.0,36.0
377.0,97.0,33.0,37.0
380.0,97.0,33.0,37.0
383.0,98.0,33.0,38.0
386.0,98.0,33.0,38.0
389.0,98.0,33.0,38.0
392.0,99.0,33.0,38.0
395.0,100.0,32.0,37.0
398.0,101.0,32.0,37.0
400.0,102.0,32.0,35.0
402.0,103.0,32.0,35.0
405.0,104.0,32.0,35.0
407.0,105.0,33.0,38.0
409.0,107.0,33.0,38.0
412.0,108.0,34.0,37.0
414.0,109.0,34.0,37.0
416.0,111.0,34.0,37.0
418.0,113.0,34.0,37.0
419.0,114.0,34.0,37.0
422.0,114.0,34.0,39.0
423.0,116.0,34.0,40.0
424.0,117.0,34.0,40.0
426.0,119.0,34.0,40.0
427.0,121.0,34.0,40.0
428.0,123.0,34.0,39.0
429.0,125.0,34.0,39.0
431.0,127.0,34.0,39.0
432.0,128.0,34.0,39.0
434.0,130.0,34.0,39.0
436.0,131.0,34.0,40.0
437.0,133.0,34.0,40.0
438.0,135.0,34.0,40.0
440.0,137.0,34.0,40.0
441.0,139.0,34.0,40.0
445.0,141.0,34.0,40.0
445.0,142.0,34.0,40.0
447.0,143.0,34.0,40.0
447.0,145.0,34.0,40.0
448.0,147.0,34.0,40.0
451.0,149.0,33.0,39.0
452.0,150.0,33.0,39.0
