852, 545, 52, 117
851, 545, 52, 117
849, 545, 53, 119
847, 544, 55, 124
844, 544, 55, 124
841, 541, 57, 129
838, 540, 59, 132
840, 540, 57, 129
840, 539, 59, 132
838, 538, 60, 134
839, 539, 59, 132
839, 538, 60, 134
840, 540, 59, 132
839, 538, 60, 134
836, 537, 60, 134
835, 538, 59, 132
834, 539, 56, 127
834, 539, 53, 119
833, 538, 53, 119
831, 538, 53, 119
826, 538, 53, 119
825, 538, 54, 122
821, 539, 52, 117
820, 539, 52, 117
818, 540, 52, 117
815, 540, 52, 117
812, 538, 53, 119
810, 535, 54, 122
805, 531, 56, 127
803, 526, 59, 132
800, 525, 59, 132
798, 523, 60, 134
795, 521, 61, 137
794, 520, 60, 134
792, 520, 59, 132
791, 519, 59, 132
789, 518, 59, 132
787, 514, 60, 134
784, 511, 60, 134
783, 509, 57, 129
781, 509, 56, 127
780, 510, 55, 124
778, 509, 55, 124
776, 511, 53, 119
775, 512, 53, 119
772, 513, 53, 119
770, 513, 53, 119
768, 514, 53, 119
765, 515, 53, 119
763, 515, 53, 119
759, 512, 56, 127
758, 512, 56, 127
755, 511, 57, 129
753, 511, 57, 129
751, 511, 57, 129
749, 512, 57, 129
748, 515, 55, 124
746, 514, 56, 127
746, 516, 55, 124
744, 516, 55, 124
742, 514, 57, 129
741, 514, 56, 127
740, 513, 56, 127
738, 513, 56, 127
736, 512, 57, 129
734, 513, 56, 127
733, 513, 56, 127
731, 514, 56, 127
730, 515, 56, 127
729, 516, 56, 127
726, 516, 56, 127
725, 517, 56, 127
722, 515, 59, 132
720, 513, 60, 134
718, 512, 61, 137
715, 510, 62, 140
716, 511, 61, 137
713, 512, 61, 137
713, 513, 60, 134
711, 513, 60, 134
711, 514, 59, 132
710, 515, 59, 132
709, 515, 59, 132
706, 513, 61, 137
703, 511, 61, 137
702, 509, 62, 140
700, 508, 63, 143
699, 508, 63, 143
697, 509, 62, 140
696, 510, 61, 137
695, 511, 60, 134
693, 511, 60, 134
691, 511, 60, 134
690, 513, 59, 132
688, 512, 60, 134
685, 510, 61, 137
683, 509, 62, 140
679, 507, 63, 143
679, 506, 63, 143
0.0, 0.0, 0.0, 0.0
682, 512, 57, 122
680, 512, 58, 124
678, 514, 57, 122
677, 514, 57, 122
675, 514, 57, 122
672, 511, 60, 127
671, 509, 62, 132
670, 509, 61, 129
669, 508, 61, 129
669, 508, 61, 129
670, 507, 61, 129
670, 507, 61, 129
675, 507, 60, 127
679, 507, 60, 127
681, 508, 60, 127
684, 507, 60, 127
686, 507, 60, 127
690, 504, 61, 129
691, 502, 62, 132
697, 502, 61, 129
698, 500, 61, 129
704, 500, 61, 129
708, 500, 61, 129
710, 499, 61, 129
714, 499, 61, 129
717, 499, 61, 129
723, 499, 60, 127
724, 496, 61, 129
728, 495, 62, 132
733, 497, 58, 124
734, 494, 60, 127
738, 492, 61, 129
740, 492, 61, 129
744, 492, 61, 129
747, 492, 61, 129
751, 492, 60, 127
756, 492, 60, 127
757, 492, 61, 129
760, 494, 58, 124
761, 492, 61, 129
764, 491, 61, 129
768, 490, 61, 129
771, 487, 62, 132
774, 487, 62, 132
777, 487, 61, 129
782, 488, 61, 129
785, 488, 60, 127
789, 488, 60, 127
791, 487, 61, 129
795, 488, 60, 127
799, 488, 58, 124
802, 486, 60, 127
806, 485, 58, 124
808, 484, 58, 124
811, 482, 60, 127
816, 483, 58, 124
818, 483, 58, 124
820, 482, 60, 127
823, 481, 61, 129
826, 482, 60, 127
827, 484, 58, 124
826, 484, 58, 124
825, 482, 61, 129
824, 480, 62, 132
823, 478, 63, 134
823, 477, 63, 134
824, 477, 63, 134
824, 477, 63, 134
825, 478, 62, 132
826, 479, 61, 129
826, 479, 61, 129
828, 480, 60, 127
828, 480, 60, 127
827, 479, 61, 129
826, 478, 61, 129
827, 479, 60, 127
826, 478, 60, 127
824, 477, 61, 129
822, 476, 62, 132
822, 479, 60, 127
822, 480, 60, 127
819, 479, 61, 129
818, 480, 60, 127
817, 480, 60, 127
813, 479, 62, 132
811, 478, 62, 132
811, 477, 62, 132
810, 477, 61, 129
809, 478, 60, 127
809, 479, 60, 127
808, 479, 60, 127
807, 479, 60, 127
807, 479, 60, 127
806, 479, 61, 129
807, 479, 60, 127
807, 478, 61, 129
807, 476, 62, 132
809, 476, 61, 129
810, 474, 61, 129
0.0, 0.0, 0.0, 0.0
814, 483, 57, 117
815, 483, 57, 117
815, 483, 58, 119
817, 484, 57, 117
818, 485, 56, 115
818, 484, 57, 117
819, 484, 58, 119
819, 483, 58, 119
820, 483, 58, 119
821, 483, 57, 117
821, 482, 58, 119
823, 483, 57, 117
823, 484, 56, 115
825, 484, 56, 115
825, 484, 57, 117
825, 484, 57, 117
825, 484, 58, 119
