549.0,23.0,107.0,206.0
553.0,26.0,106.0,205.0
559.0,29.0,106.0,205.0
563.0,31.0,105.0,204.0
570.0,34.0,105.0,205.0
576.0,36.0,105.0,205.0
581.0,38.0,105.0,206.0
584.0,40.0,106.0,207.0
588.0,44.0,106.0,207.0
592.0,46.0,107.0,208.0
593.0,50.0,108.0,208.0
597.0,54.0,110.0,209.0
600.0,57.0,111.0,209.0
604.0,60.0,111.0,210.0
607.0,63.0,111.0,211.0
611.0,66.0,111.0,211.0
616.0,68.0,109.0,211.0
620.0,69.0,108.0,211.0
624.0,71.0,107.0,211.0
628.0,74.0,106.0,210.0
634.0,77.0,105.0,208.0
639.0,80.0,104.0,207.0
643.0,84.0,104.0,207.0
647.0,88.0,105.0,208.0
651.0,93.0,105.0,208.0
655.0,97.0,105.0,208.0
658.0,101.0,105.0,208.0
662.0,107.0,105.0,208.0
667.0,111.0,106.0,208.0
671.0,117.0,106.0,208.0
676.0,121.0,107.0,208.0
682.0,124.0,107.0,206.0
688.0,127.0,107.0,205.0
695.0,127.0,108.0,204.0
701.0,128.0,107.0,205.0
708.0,130.0,106.0,205.0
713.0,132.0,105.0,206.0
719.0,135.0,105.0,207.0
724.0,141.0,105.0,207.0
728.0,145.0,105.0,207.0
732.0,149.0,106.0,208.0
737.0,151.0,107.0,209.0
741.0,155.0,108.0,210.0
746.0,159.0,110.0,211.0
750.0,163.0,111.0,211.0
755.0,166.0,113.0,212.0
760.0,169.0,114.0,212.0
766.0,170.0,115.0,212.0
770.0,172.0,116.0,212.0
776.0,172.0,116.0,211.0
780.0,174.0,116.0,210.0
785.0,174.0,116.0,208.0
789.0,177.0,116.0,209.0
794.0,180.0,115.0,211.0
798.0,183.0,114.0,212.0
803.0,187.0,114.0,212.0
807.0,191.0,113.0,213.0
811.0,194.0,113.0,213.0
815.0,196.0,112.0,214.0
819.0,200.0,112.0,215.0
824.0,202.0,111.0,216.0
828.0,204.0,112.0,215.0
832.0,207.0,112.0,215.0
836.0,209.0,112.0,215.0
841.0,209.0,113.0,214.0
845.0,210.0,113.0,213.0
850.0,210.0,114.0,212.0
855.0,211.0,115.0,210.0
861.0,213.0,115.0,208.0
864.0,214.0,116.0,206.0
870.0,218.0,116.0,207.0
874.0,221.0,116.0,207.0
879.0,224.0,117.0,208.0
884.0,228.0,117.0,209.0
889.0,232.0,118.0,209.0
895.0,236.0,118.0,210.0
900.0,240.0,119.0,211.0
907.0,242.0,120.0,212.0
914.0,244.0,121.0,213.0
922.0,246.0,121.0,213.0
930.0,246.0,120.0,213.0
937.0,248.0,120.0,214.0
945.0,246.0,121.0,214.0
951.0,245.0,122.0,213.0
951.0,249.0,122.0,213.0
950.0,252.0,123.0,212.0
954.0,249.0,124.0,210.0
957.0,248.0,125.0,209.0
960.0,250.0,127.0,207.0
964.0,252.0,128.0,206.0
967.0,252.0,129.0,205.0
970.0,252.0,130.0,206.0
973.0,254.0,131.0,207.0
974.0,255.0,131.0,208.0
974.0,255.0,132.0,209.0
975.0,255.0,132.0,210.0
975.0,253.0,132.0,210.0
977.0,251.0,132.0,211.0
980.0,247.0,132.0,211.0
982.0,244.0,131.0,212.0
984.0,238.0,130.0,211.0
987.0,233.0,128.0,211.0
990.0,229.0,127.0,210.0
989.0,225.0,127.0,212.0
989.0,222.0,127.0,213.0
988.0,220.0,128.0,214.0
987.0,219.0,127.0,215.0
985.0,217.0,127.0,217.0
984.0,217.0,127.0,218.0
986.0,213.0,125.0,218.0
987.0,209.0,123.0,218.0
989.0,206.0,121.0,219.0
990.0,202.0,120.0,218.0
990.0,198.0,118.0,218.0
990.0,195.0,117.0,218.0
989.0,193.0,117.0,215.0
988.0,189.0,118.0,213.0
986.0,186.0,118.0,211.0
986.0,178.0,120.0,212.0
987.0,172.0,121.0,214.0
991.0,162.0,123.0,215.0
994.0,155.0,123.0,216.0
999.0,147.0,123.0,216.0
1003.0,141.0,123.0,217.0
1005.0,135.0,122.0,215.0
1007.0,132.0,121.0,214.0
1008.0,128.0,120.0,213.0
1009.0,125.0,119.0,212.0
1012.0,122.0,119.0,211.0
1016.0,116.0,118.0,211.0
1018.0,110.0,117.0,212.0
1020.0,105.0,117.0,213.0
1022.0,99.0,116.0,214.0
1025.0,93.0,115.0,215.0
1026.0,89.0,114.0,215.0
1029.0,84.0,113.0,216.0
1029.0,83.0,113.0,214.0
1030.0,81.0,112.0,212.0
1033.0,78.0,112.0,210.0
1033.0,76.0,112.0,209.0
1032.0,70.0,113.0,208.0
1031.0,65.0,113.0,207.0
1032.0,59.0,115.0,208.0
1034.0,53.0,116.0,209.0
1035.0,47.0,118.0,210.0
1035.0,41.0,118.0,211.0
1036.0,37.0,119.0,211.0
1036.0,33.0,119.0,211.0
1035.0,31.0,119.0,210.0
1033.0,29.0,119.0,209.0
1029.0,29.0,119.0,208.0
1027.0,29.0,118.0,207.0
1026.0,28.0,116.0,206.0
1024.0,27.0,115.0,206.0
1022.0,22.0,114.0,207.0
1020.0,16.0,113.0,208.0
1016.0,11.0,113.0,209.0
1014.0,5.0,113.0,209.0
1012.0,-1.0,112.0,210.0
1008.0,-4.0,112.0,210.0
1005.0,-5.0,112.0,209.0
1001.0,-7.0,111.0,208.0
997.0,-8.0,110.0,207.0
993.0,-9.0,110.0,206.0
989.0,-12.0,110.0,205.0
985.0,-14.0,110.0,204.0
983.0,-17.0,110.0,204.0
981.0,-20.0,111.0,203.0
980.0,-24.0,112.0,203.0
979.0,-29.0,112.0,203.0
977.0,-32.0,112.0,203.0
976.0,-33.0,112.0,203.0
973.0,-35.0,111.0,201.0
972.0,-35.0,110.0,200.0
971.0,-33.0,109.0,198.0
969.0,-32.0,109.0,198.0
968.0,-32.0,109.0,198.0
966.0,-32.0,109.0,198.0
966.0,-33.0,109.0,198.0
966.0,-36.0,109.0,198.0
966.0,-39.0,109.0,198.0
967.0,-42.0,109.0,198.0
250.0,-0.0,22.0,42.0
250.0,-0.0,21.0,41.0
250.0,-0.0,21.0,40.0
968.0,-50.0,108.0,194.0
967.0,-50.0,108.0,193.0
965.0,-48.0,107.0,191.0
963.0,-48.0,107.0,190.0
961.0,-48.0,107.0,188.0
961.0,-53.0,107.0,188.0
248.0,-0.0,20.0,32.0
247.0,-0.0,21.0,32.0
955.0,-62.0,108.0,188.0
953.0,-63.0,108.0,188.0
951.0,-66.0,108.0,188.0
949.0,-68.0,108.0,187.0
945.0,-68.0,107.0,186.0
941.0,-69.0,107.0,186.0
937.0,-71.0,106.0,185.0
935.0,-72.0,105.0,184.0
932.0,-74.0,103.0,183.0
929.0,-75.0,103.0,182.0
925.0,-77.0,102.0,182.0
920.0,-77.0,101.0,182.0
917.0,-78.0,101.0,182.0
913.0,-80.0,101.0,182.0
907.0,-80.0,101.0,183.0
903.0,-78.0,101.0,182.0
901.0,-78.0,101.0,181.0
897.0,-78.0,101.0,181.0
893.0,-78.0,101.0,181.0
889.0,-80.0,101.0,181.0
886.0,-81.0,100.0,181.0
882.0,-83.0,100.0,181.0
230.0,-0.0,12.0,25.0
229.0,-0.0,12.0,26.0
874.0,-81.0,99.0,182.0
870.0,-80.0,99.0,183.0
867.0,-78.0,99.0,184.0
864.0,-77.0,99.0,184.0
860.0,-74.0,99.0,184.0
856.0,-72.0,98.0,184.0
855.0,-72.0,99.0,184.0
853.0,-72.0,99.0,184.0
850.0,-72.0,100.0,183.0
846.0,-72.0,100.0,184.0
844.0,-74.0,100.0,185.0
841.0,-72.0,100.0,185.0
836.0,-72.0,100.0,186.0
834.0,-71.0,101.0,186.0
830.0,-69.0,101.0,187.0
828.0,-68.0,101.0,186.0
826.0,-66.0,100.0,186.0
822.0,-65.0,100.0,186.0
819.0,-65.0,100.0,186.0
816.0,-63.0,100.0,186.0
214.0,-0.0,13.0,31.0
214.0,-0.0,13.0,32.0
213.0,-0.0,13.0,32.0
810.0,-62.0,101.0,189.0
806.0,-60.0,101.0,190.0
803.0,-59.0,102.0,190.0
801.0,-57.0,102.0,191.0
797.0,-54.0,102.0,191.0
795.0,-53.0,102.0,191.0
791.0,-50.0,102.0,191.0
789.0,-48.0,101.0,191.0
787.0,-45.0,101.0,192.0
783.0,-44.0,100.0,192.0
781.0,-42.0,101.0,193.0
778.0,-42.0,102.0,194.0
775.0,-42.0,103.0,195.0
773.0,-42.0,103.0,196.0
769.0,-42.0,104.0,196.0
766.0,-41.0,105.0,197.0
765.0,-39.0,104.0,197.0
763.0,-36.0,104.0,198.0
761.0,-33.0,104.0,198.0
759.0,-30.0,104.0,197.0
758.0,-26.0,103.0,196.0
756.0,-23.0,103.0,196.0
754.0,-21.0,103.0,197.0
753.0,-20.0,103.0,198.0
751.0,-20.0,103.0,199.0
749.0,-20.0,103.0,199.0
748.0,-22.0,103.0,200.0
746.0,-22.0,103.0,201.0
744.0,-20.0,102.0,200.0
742.0,-18.0,102.0,199.0
741.0,-14.0,101.0,199.0
739.0,-12.0,101.0,197.0
736.0,-10.0,101.0,196.0
734.0,-9.0,100.0,194.0
731.0,-9.0,100.0,195.0
729.0,-11.0,100.0,197.0
725.0,-13.0,100.0,198.0
721.0,-15.0,100.0,199.0
716.0,-15.0,101.0,200.0
712.0,-16.0,102.0,201.0
709.0,-15.0,102.0,200.0
705.0,-13.0,102.0,199.0
701.0,-9.0,102.0,198.0
698.0,-5.0,102.0,196.0
696.0,-1.0,101.0,195.0
693.0,3.0,101.0,193.0
689.0,4.0,101.0,194.0
686.0,4.0,101.0,195.0
683.0,4.0,102.0,196.0
681.0,2.0,102.0,197.0
679.0,1.0,102.0,198.0
678.0,0.0,103.0,199.0
676.0,0.0,102.0,199.0
674.0,1.0,102.0,198.0
672.0,3.0,102.0,198.0
670.0,5.0,102.0,196.0
669.0,9.0,101.0,195.0
665.0,11.0,100.0,193.0
664.0,13.0,100.0,194.0
662.0,13.0,100.0,194.0
660.0,12.0,99.0,194.0
658.0,12.0,99.0,195.0
655.0,10.0,99.0,197.0
653.0,8.0,99.0,198.0
650.0,8.0,100.0,198.0
645.0,10.0,101.0,197.0
642.0,12.0,103.0,197.0
639.0,14.0,102.0,196.0
635.0,18.0,102.0,194.0
633.0,22.0,102.0,193.0
630.0,27.0,102.0,193.0
626.0,29.0,103.0,193.0
623.0,30.0,103.0,193.0
621.0,29.0,103.0,195.0
619.0,28.0,103.0,196.0
617.0,27.0,103.0,197.0
615.0,28.0,102.0,197.0
614.0,30.0,102.0,197.0
613.0,33.0,101.0,197.0
611.0,36.0,101.0,196.0
610.0,39.0,100.0,195.0
608.0,43.0,100.0,193.0
606.0,45.0,99.0,193.0
606.0,47.0,99.0,194.0
604.0,48.0,98.0,194.0
604.0,46.0,98.0,194.0
161.0,20.0,11.0,39.0
161.0,20.0,11.0,40.0
160.0,21.0,12.0,40.0
597.0,48.0,100.0,196.0
594.0,52.0,101.0,196.0
594.0,56.0,100.0,194.0
593.0,62.0,100.0,192.0
591.0,68.0,100.0,190.0
589.0,70.0,100.0,191.0
587.0,72.0,101.0,192.0
585.0,74.0,102.0,194.0
585.0,75.0,102.0,195.0
585.0,75.0,103.0,196.0
586.0,75.0,103.0,197.0
588.0,77.0,103.0,197.0
590.0,79.0,102.0,197.0
591.0,81.0,102.0,197.0
594.0,86.0,102.0,196.0
596.0,91.0,101.0,194.0
599.0,95.0,101.0,193.0
601.0,98.0,100.0,193.0
606.0,102.0,100.0,193.0
609.0,102.0,99.0,193.0
611.0,104.0,99.0,194.0
614.0,104.0,100.0,195.0
616.0,106.0,100.0,196.0
618.0,108.0,101.0,196.0
621.0,110.0,101.0,196.0
623.0,114.0,102.0,196.0
625.0,120.0,101.0,195.0
628.0,126.0,101.0,193.0
630.0,132.0,100.0,191.0
631.0,137.0,101.0,191.0
633.0,139.0,102.0,191.0
635.0,142.0,103.0,191.0
637.0,143.0,103.0,193.0
638.0,144.0,103.0,194.0
642.0,145.0,103.0,196.0
644.0,148.0,103.0,196.0
646.0,151.0,103.0,196.0
650.0,155.0,103.0,196.0
652.0,161.0,102.0,195.0
655.0,165.0,102.0,194.0
657.0,171.0,102.0,193.0
660.0,175.0,101.0,193.0
663.0,180.0,101.0,192.0
666.0,182.0,101.0,191.0
669.0,184.0,101.0,193.0
672.0,184.0,101.0,194.0
675.0,186.0,101.0,195.0
678.0,187.0,102.0,196.0
681.0,189.0,103.0,196.0
683.0,194.0,104.0,197.0
685.0,199.0,103.0,196.0
687.0,204.0,103.0,194.0
690.0,210.0,103.0,193.0
692.0,217.0,103.0,192.0
695.0,223.0,103.0,192.0
697.0,227.0,102.0,191.0
701.0,229.0,103.0,192.0
703.0,233.0,104.0,194.0
707.0,233.0,104.0,195.0
710.0,234.0,104.0,196.0
714.0,235.0,104.0,196.0
715.0,237.0,104.0,197.0
717.0,242.0,103.0,196.0
719.0,246.0,103.0,195.0
721.0,250.0,103.0,194.0
724.0,254.0,102.0,193.0
726.0,258.0,102.0,192.0
728.0,260.0,102.0,190.0
729.0,262.0,102.0,192.0
730.0,264.0,103.0,193.0
732.0,263.0,104.0,194.0
734.0,263.0,104.0,195.0
735.0,262.0,104.0,196.0
737.0,264.0,104.0,196.0
739.0,266.0,104.0,195.0
739.0,270.0,104.0,195.0
740.0,273.0,104.0,194.0
741.0,277.0,104.0,192.0
742.0,282.0,104.0,191.0
742.0,286.0,104.0,189.0
743.0,286.0,104.0,191.0
745.0,286.0,104.0,192.0
747.0,286.0,105.0,193.0
749.0,286.0,105.0,194.0
750.0,286.0,105.0,195.0
751.0,288.0,105.0,196.0
753.0,290.0,104.0,195.0
753.0,292.0,104.0,195.0
755.0,292.0,104.0,194.0
757.0,294.0,103.0,192.0
757.0,295.0,102.0,191.0
759.0,295.0,101.0,189.0
760.0,297.0,102.0,190.0
761.0,297.0,102.0,191.0
761.0,297.0,103.0,192.0
763.0,297.0,103.0,193.0
765.0,296.0,103.0,193.0
767.0,296.0,103.0,194.0
769.0,297.0,103.0,194.0
771.0,300.0,103.0,194.0
771.0,303.0,103.0,194.0
773.0,309.0,103.0,191.0
775.0,313.0,103.0,189.0
776.0,317.0,103.0,186.0
778.0,321.0,104.0,186.0
781.0,324.0,105.0,186.0
784.0,328.0,106.0,187.0
787.0,330.0,106.0,187.0
791.0,333.0,107.0,187.0
794.0,335.0,107.0,187.0
798.0,337.0,107.0,187.0
801.0,340.0,108.0,187.0
805.0,344.0,108.0,188.0
807.0,349.0,108.0,186.0
808.0,356.0,108.0,185.0
810.0,361.0,108.0,183.0
813.0,367.0,107.0,182.0
817.0,372.0,107.0,180.0
821.0,380.0,106.0,179.0
826.0,386.0,106.0,180.0
829.0,393.0,105.0,181.0
833.0,399.0,104.0,181.0
