988, 458, 157, 238
987, 458, 157, 238
986, 460, 157, 238
983, 462, 157, 238
982, 460, 157, 238
979, 464, 157, 238
978, 464, 157, 238
977, 466, 157, 238
976, 466, 157, 238
973, 466, 157, 238
974, 466, 157, 238
973, 468, 157, 238
974, 470, 157, 238
973, 470, 157, 238
974, 470, 157, 238
975, 470, 157, 238
976, 472, 157, 238
977, 476, 157, 238
978, 478, 157, 238
977, 480, 157, 238
978, 484, 157, 238
975, 486, 157, 238
976, 488, 157, 238
975, 494, 157, 238
978, 494, 157, 238
981, 494, 157, 238
986, 496, 157, 238
989, 500, 157, 238
994, 502, 157, 238
997, 504, 157, 238
1002, 508, 157, 238
1005, 512, 157, 238
1008, 514, 157, 238
1009, 516, 157, 238
1010, 520, 157, 236
1009, 524, 157, 232
1010, 524, 157, 232
1013, 524, 157, 232
1020, 524, 157, 232
1029, 524, 157, 232
1038, 526, 157, 230
1045, 530, 157, 226
1052, 534, 157, 222
1057, 538, 157, 218
1064, 542, 157, 214
1069, 548, 157, 208
1078, 552, 157, 204
1085, 554, 157, 202
1092, 556, 157, 200
1099, 558, 157, 198
1106, 558, 157, 198
1111, 558, 157, 198
1118, 558, 157, 198
1121, 558, 157, 198
1126, 558, 157, 198
1129, 556, 157, 200
1132, 556, 157, 200
1133, 554, 157, 202
1134, 550, 157, 206
1133, 548, 157, 208
1132, 548, 157, 208
1131, 546, 157, 210
1130, 542, 157, 214
1127, 538, 157, 218
1126, 534, 157, 222
1123, 528, 157, 228
1120, 524, 157, 232
1115, 518, 157, 238
1110, 510, 157, 238
1105, 504, 157, 238
1098, 498, 157, 238
1091, 490, 157, 238
1086, 482, 157, 238
1079, 476, 157, 238
1072, 470, 157, 238
1065, 462, 157, 238
1058, 454, 157, 238
1051, 448, 157, 238
1044, 442, 157, 238
1037, 434, 157, 238
1030, 426, 157, 238
1023, 420, 157, 238
1018, 414, 157, 238
1011, 406, 157, 238
1006, 400, 157, 238
999, 394, 157, 238
992, 386, 157, 238
985, 378, 157, 238
980, 370, 157, 238
973, 364, 157, 238
966, 358, 157, 238
959, 348, 157, 238
952, 342, 157, 238
945, 332, 157, 238
940, 324, 157, 238
935, 318, 157, 238
932, 310, 157, 238
927, 306, 157, 238
924, 300, 157, 238
0.0, 0.0, 0.0, 0.0
945, 331, 96, 220
941, 327, 96, 220
937, 321, 96, 220
933, 315, 96, 220
929, 313, 96, 220
925, 309, 96, 220
923, 305, 96, 220
919, 303, 96, 220
915, 301, 96, 220
911, 297, 96, 220
907, 295, 96, 220
903, 293, 96, 220
899, 289, 96, 220
893, 287, 96, 220
887, 287, 96, 220
0.0, 0.0, 0.0, 0.0
833, 258, 180, 273
827, 255, 180, 273
825, 262, 170, 257
823, 259, 170, 257
822, 259, 166, 252
820, 256, 166, 252
817, 254, 166, 252
816, 253, 166, 252
816, 254, 163, 247
814, 254, 163, 247
812, 257, 160, 242
813, 261, 154, 233
811, 262, 154, 233
809, 261, 154, 233
808, 264, 151, 228
805, 262, 151, 228
810, 262, 151, 228
781, 247, 157, 238
779, 251, 157, 238
779, 252, 154, 233
778, 254, 148, 224
777, 251, 148, 224
779, 255, 142, 215
777, 256, 139, 211
777, 254, 142, 215
773, 252, 145, 220
771, 253, 142, 215
772, 251, 145, 220
769, 251, 145, 220
768, 248, 148, 224
770, 249, 145, 220
770, 246, 148, 224
770, 246, 148, 224
769, 243, 151, 228
773, 247, 145, 220
775, 248, 142, 215
773, 243, 148, 224
775, 245, 145, 220
777, 246, 142, 215
776, 246, 142, 215
775, 242, 145, 220
777, 244, 142, 215
778, 243, 142, 215
778, 241, 145, 220
780, 242, 142, 215
781, 241, 142, 215
781, 240, 142, 215
781, 238, 142, 215
779, 235, 145, 220
777, 235, 145, 220
776, 234, 145, 220
772, 233, 145, 220
770, 232, 145, 220
769, 230, 145, 220
766, 232, 142, 215
764, 230, 142, 215
762, 228, 142, 215
761, 228, 142, 215
760, 229, 142, 215
760, 229, 142, 215
760, 229, 142, 215
761, 230, 142, 215
760, 229, 145, 220
758, 228, 148, 224
757, 228, 151, 228
755, 227, 154, 233
758, 232, 151, 228
759, 228, 154, 233
760, 228, 154, 233
760, 226, 157, 238
762, 226, 157, 238
764, 227, 157, 238
766, 226, 157, 238
767, 226, 157, 238
769, 225, 157, 238
770, 225, 157, 238
772, 225, 157, 238
774, 224, 157, 238
775, 224, 157, 238
777, 224, 157, 238
779, 224, 157, 238
781, 223, 157, 238
783, 226, 154, 233
0.0, 0.0, 0.0, 0.0
904, 212, 61, 164
905, 212, 61, 164
906, 212, 61, 164
905, 212, 61, 164
906, 210, 61, 164
905, 210, 61, 164
904, 210, 61, 164
903, 210, 61, 164
904, 210, 61, 164
903, 210, 61, 164
904, 210, 61, 164
903, 210, 61, 164
904, 210, 61, 164
905, 210, 61, 164
906, 208, 61, 164
905, 208, 61, 164
906, 208, 61, 164
907, 208, 61, 164
908, 208, 61, 164
909, 208, 61, 164
912, 208, 61, 164
913, 208, 61, 164
914, 208, 61, 164
915, 208, 61, 164
918, 208, 61, 164
919, 208, 61, 164
920, 208, 61, 164
921, 208, 61, 164
924, 208, 61, 164
923, 208, 61, 164
926, 208, 61, 164
925, 208, 61, 164
926, 208, 61, 164
927, 208, 61, 164
928, 208, 61, 164
927, 208, 61, 164
928, 208, 61, 164
929, 208, 61, 164
930, 208, 61, 164
931, 206, 61, 164
932, 206, 61, 164
931, 206, 61, 164
932, 206, 61, 164
931, 206, 61, 164
930, 206, 61, 164
927, 206, 61, 164
926, 204, 61, 164
923, 204, 61, 164
920, 204, 61, 164
917, 202, 61, 164
914, 202, 61, 164
909, 202, 61, 164
908, 202, 61, 164
905, 200, 61, 164
902, 200, 61, 164
899, 200, 61, 164
896, 200, 61, 164
893, 198, 61, 164
892, 198, 61, 164
889, 198, 61, 164
886, 196, 61, 164
883, 196, 61, 164
882, 196, 61, 164
879, 194, 61, 164
878, 194, 61, 164
875, 192, 61, 164
874, 192, 61, 164
871, 190, 61, 164
870, 190, 61, 164
867, 190, 61, 164
864, 190, 61, 164
0.0, 0.0, 0.0, 0.0
801, 136, 180, 273
800, 136, 180, 273
799, 138, 176, 268
796, 135, 180, 273
793, 135, 180, 273
789, 132, 184, 278
789, 136, 180, 273
790, 138, 176, 268
787, 136, 180, 273
783, 130, 187, 284
780, 131, 187, 284
776, 131, 187, 284
777, 132, 187, 284
779, 131, 187, 284
774, 127, 191, 290
769, 123, 195, 296
764, 121, 199, 301
761, 121, 199, 301
762, 125, 195, 296
758, 123, 195, 296
763, 122, 195, 296
751, 122, 199, 301
754, 120, 199, 301
749, 121, 195, 296
746, 128, 187, 284
748, 124, 187, 284
751, 121, 191, 290
0.0, 0.0, 0.0, 0.0
822, 169, 49, 132
821, 169, 49, 132
820, 169, 49, 132
817, 167, 49, 132
816, 169, 49, 132
815, 167, 49, 132
814, 167, 49, 132
811, 167, 49, 132
810, 167, 49, 132
807, 167, 49, 132
806, 167, 49, 132
803, 167, 49, 132
802, 167, 49, 132
799, 167, 49, 132
798, 167, 49, 132
795, 169, 49, 132
794, 167, 49, 132
793, 169, 49, 132
792, 167, 49, 132
789, 169, 49, 132
788, 167, 49, 132
785, 167, 49, 132
784, 167, 49, 132
781, 167, 49, 132
780, 167, 49, 132
777, 167, 49, 132
776, 167, 49, 132
773, 167, 49, 132
770, 167, 49, 132
767, 167, 49, 132
766, 167, 49, 132
763, 167, 49, 132
762, 169, 49, 132
759, 167, 49, 132
756, 169, 49, 132
753, 167, 49, 132
752, 169, 49, 132
749, 167, 49, 132
746, 167, 49, 132
741, 167, 49, 132
738, 167, 49, 132
733, 169, 49, 132
730, 167, 49, 132
727, 169, 49, 132
726, 167, 49, 132
725, 169, 49, 132
726, 167, 49, 132
725, 169, 49, 132
728, 169, 49, 132
731, 169, 49, 132
734, 169, 49, 132
735, 167, 49, 132
738, 169, 49, 132
739, 167, 49, 132
742, 169, 49, 132
743, 167, 49, 132
746, 169, 49, 132
749, 167, 49, 132
752, 169, 49, 132
755, 167, 49, 132
758, 169, 49, 132
759, 167, 49, 132
762, 169, 49, 132
765, 167, 49, 132
768, 169, 49, 132
769, 167, 49, 132
772, 169, 49, 132
773, 167, 49, 132
776, 169, 49, 132
777, 167, 49, 132
778, 169, 49, 132
779, 167, 49, 132
780, 169, 49, 132
781, 167, 49, 132
782, 167, 49, 132
783, 167, 49, 132
784, 167, 49, 132
785, 167, 49, 132
786, 167, 49, 132
787, 167, 49, 132
788, 167, 49, 132
789, 165, 49, 132
790, 163, 49, 132
791, 165, 49, 132
792, 163, 49, 132
793, 165, 49, 132
794, 163, 49, 132
795, 165, 49, 132
796, 163, 49, 132
797, 165, 49, 132
798, 163, 49, 132
799, 165, 49, 132
800, 163, 49, 132
801, 165, 49, 132
802, 163, 49, 132
803, 165, 49, 132
804, 163, 49, 132
803, 165, 49, 132
804, 163, 49, 132
0.0, 0.0, 0.0, 0.0
702, 175, 40, 88
702, 175, 40, 88
702, 175, 40, 88
702, 175, 40, 88
702, 175, 40, 88
702, 175, 40, 88
701, 175, 40, 88
700, 175, 40, 88
698, 175, 40, 88
696, 175, 40, 88
695, 175, 40, 88
693, 175, 40, 88
691, 175, 40, 88
689, 175, 40, 88
688, 175, 40, 88
686, 175, 40, 88
684, 175, 40, 88
682, 175, 40, 88
680, 175, 40, 88
678, 175, 40, 88
676, 175, 40, 88
674, 175, 40, 88
672, 175, 40, 88
670, 175, 40, 88
668, 175, 40, 88
665, 175, 40, 88
663, 175, 40, 88
661, 175, 40, 88
659, 175, 40, 88
657, 175, 40, 88
655, 175, 40, 88
653, 175, 40, 88
650, 175, 40, 88
648, 175, 40, 88
646, 175, 40, 88
643, 175, 40, 88
641, 175, 40, 88
639, 175, 40, 88
636, 175, 40, 88
634, 175, 40, 88
631, 175, 40, 88
629, 175, 40, 88
627, 175, 40, 88
624, 175, 40, 88
622, 176, 40, 88
619, 176, 40, 88
617, 176, 40, 88
615, 176, 40, 88
612, 176, 40, 88
610, 176, 40, 88
607, 176, 40, 88
605, 176, 40, 88
602, 177, 40, 88
600, 177, 40, 88
597, 177, 40, 88
595, 177, 40, 88
592, 177, 40, 88
589, 177, 40, 88
587, 177, 40, 88
584, 177, 40, 88
582, 178, 40, 88
579, 178, 40, 88
577, 178, 40, 88
574, 178, 40, 88
572, 178, 40, 88
569, 178, 40, 88
567, 178, 40, 88
565, 178, 40, 88
562, 178, 40, 88
560, 178, 40, 88
558, 178, 40, 88
556, 178, 40, 88
554, 179, 40, 88
552, 179, 40, 88
550, 179, 40, 88
548, 179, 40, 88
546, 179, 40, 88
544, 179, 40, 88
542, 179, 40, 88
540, 179, 40, 88
0.0, 0.0, 0.0, 0.0
466, 87, 180, 273
462, 85, 184, 278
459, 85, 184, 278
457, 85, 184, 278
453, 86, 184, 278
451, 86, 184, 278
448, 86, 184, 278
445, 87, 184, 278
441, 84, 187, 284
439, 87, 184, 278
434, 84, 187, 284
431, 84, 187, 284
429, 84, 187, 284
426, 84, 187, 284
423, 84, 187, 284
422, 84, 187, 284
421, 87, 184, 278
416, 85, 187, 284
0.0, 0.0, 0.0, 0.0
506, 160, 46, 110
505, 160, 46, 110
503, 160, 46, 110
501, 160, 46, 110
500, 160, 46, 110
498, 160, 46, 110
496, 160, 46, 110
495, 160, 46, 110
493, 160, 46, 110
491, 160, 46, 110
489, 160, 46, 110
487, 160, 46, 110
485, 160, 46, 110
483, 160, 46, 110
481, 160, 46, 110
479, 160, 46, 110
477, 160, 46, 110
475, 160, 46, 110
473, 160, 46, 110
471, 160, 46, 110
469, 160, 46, 110
467, 160, 46, 110
465, 160, 46, 110
463, 160, 46, 110
461, 160, 46, 110
459, 160, 46, 110
457, 160, 46, 110
455, 160, 46, 110
453, 160, 46, 110
451, 161, 46, 110
448, 161, 46, 110
446, 161, 46, 110
444, 161, 46, 110
442, 161, 46, 110
440, 161, 46, 110
438, 162, 46, 110
436, 162, 46, 110
434, 162, 46, 110
432, 162, 46, 110
430, 162, 46, 110
428, 162, 46, 110
427, 163, 46, 110
425, 163, 46, 110
423, 163, 46, 110
421, 163, 46, 110
420, 164, 46, 110
418, 164, 46, 110
417, 164, 46, 110
415, 164, 46, 110
413, 165, 46, 110
412, 165, 46, 110
411, 165, 46, 110
410, 165, 46, 110
409, 166, 46, 110
408, 166, 46, 110
407, 166, 46, 110
406, 167, 46, 110
405, 167, 46, 110
404, 167, 46, 110
403, 167, 46, 110
402, 168, 46, 110
402, 168, 46, 110
401, 169, 46, 110
400, 169, 46, 110
400, 170, 46, 110
399, 170, 46, 110
399, 171, 46, 110
399, 171, 46, 110
399, 172, 46, 110
399, 172, 46, 110
399, 173, 46, 110
399, 174, 46, 110
399, 174, 46, 110
399, 174, 46, 110
399, 175, 46, 110
400, 175, 46, 110
400, 176, 46, 110
401, 176, 46, 110
401, 176, 46, 110
0.0, 0.0, 0.0, 0.0
331, 94, 180, 273
330, 95, 180, 273
329, 95, 180, 273
326, 93, 184, 278
327, 95, 180, 273
323, 93, 184, 278
322, 94, 184, 278
321, 94, 184, 278
321, 94, 184, 278
320, 94, 184, 278
319, 94, 184, 278
319, 94, 184, 278
317, 95, 184, 278
317, 95, 184, 278
317, 95, 184, 278
315, 95, 184, 278
312, 93, 187, 284
314, 96, 184, 278
312, 96, 184, 278
0.0, 0.0, 0.0, 0.0
414, 182, 72, 123
416, 183, 72, 123
416, 182, 72, 123
418, 183, 72, 123
420, 182, 72, 123
422, 185, 72, 123
424, 184, 72, 123
426, 185, 72, 123
428, 184, 72, 123
430, 185, 72, 123
430, 184, 72, 123
430, 185, 72, 123
432, 184, 72, 123
432, 185, 72, 123
432, 186, 72, 123
434, 187, 72, 123
436, 186, 72, 123
438, 187, 72, 123
440, 188, 72, 123
442, 189, 72, 123
444, 188, 72, 123
446, 189, 72, 123
448, 188, 72, 123
450, 191, 72, 123
452, 190, 72, 123
456, 191, 72, 123
458, 190, 72, 123
458, 191, 72, 123
460, 190, 72, 123
462, 191, 72, 123
464, 192, 72, 123
466, 193, 72, 123
468, 192, 72, 123
470, 193, 72, 123
472, 192, 72, 123
476, 195, 72, 123
478, 194, 72, 123
482, 195, 72, 123
484, 194, 72, 123
486, 195, 72, 123
488, 194, 72, 123
492, 195, 72, 123
492, 194, 72, 123
494, 195, 72, 123
494, 194, 72, 123
496, 195, 72, 123
498, 196, 72, 123
500, 197, 72, 123
502, 196, 72, 123
504, 197, 72, 123
506, 196, 72, 123
508, 197, 72, 123
510, 196, 72, 123
512, 197, 72, 123
512, 196, 72, 123
514, 197, 72, 123
516, 196, 72, 123
518, 197, 72, 123
520, 196, 72, 123
520, 197, 72, 123
522, 196, 72, 123
522, 197, 72, 123
522, 196, 72, 123
524, 197, 72, 123
524, 196, 72, 123
524, 197, 72, 123
522, 196, 72, 123
520, 199, 72, 123
518, 198, 72, 123
516, 199, 72, 123
514, 198, 72, 123
512, 199, 72, 123
510, 200, 72, 123
508, 201, 72, 123
506, 200, 72, 123
504, 201, 72, 123
502, 202, 72, 123
500, 203, 72, 123
498, 202, 72, 123
496, 203, 72, 123
494, 204, 72, 123
0.0, 0.0, 0.0, 0.0
437, 127, 180, 273
435, 127, 180, 273
431, 125, 184, 278
432, 125, 184, 278
433, 127, 180, 273
430, 127, 180, 273
427, 126, 184, 278
426, 126, 184, 278
424, 124, 187, 284
427, 126, 184, 278
425, 124, 187, 284
425, 124, 187, 284
429, 126, 184, 278
429, 126, 184, 278
430, 128, 180, 273
428, 126, 184, 278
432, 129, 180, 273
0.0, 0.0, 0.0, 0.0
521, 207, 66, 128
521, 207, 66, 128
519, 207, 66, 128
519, 207, 66, 128
517, 207, 66, 128
517, 207, 66, 128
515, 207, 66, 128
515, 207, 66, 128
513, 207, 66, 128
513, 207, 66, 128
511, 207, 66, 128
511, 207, 66, 128
509, 207, 66, 128
509, 207, 66, 128
509, 207, 66, 128
509, 207, 66, 128
507, 207, 66, 128
507, 207, 66, 128
507, 207, 66, 128
507, 207, 66, 128
505, 207, 66, 128
505, 207, 66, 128
503, 207, 66, 128
503, 207, 66, 128
503, 207, 66, 128
501, 207, 66, 128
501, 207, 66, 128
501, 207, 66, 128
499, 207, 66, 128
499, 207, 66, 128
499, 207, 66, 128
499, 207, 66, 128
499, 207, 66, 128
497, 207, 66, 128
497, 209, 66, 128
497, 211, 66, 128
497, 209, 66, 128
497, 211, 66, 128
497, 209, 66, 128
497, 211, 66, 128
497, 209, 66, 128
499, 211, 66, 128
499, 209, 66, 128
501, 211, 66, 128
503, 209, 66, 128
503, 211, 66, 128
505, 209, 66, 128
507, 211, 66, 128
507, 209, 66, 128
509, 211, 66, 128
509, 209, 66, 128
511, 211, 66, 128
513, 209, 66, 128
513, 211, 66, 128
515, 209, 66, 128
517, 211, 66, 128
519, 209, 66, 128
521, 211, 66, 128
523, 211, 66, 128
523, 211, 66, 128
525, 211, 66, 128
527, 211, 66, 128
527, 211, 66, 128
527, 211, 66, 128
529, 211, 66, 128
529, 211, 66, 128
529, 211, 66, 128
529, 211, 66, 128
529, 211, 66, 128
529, 211, 66, 128
529, 211, 66, 128
529, 213, 66, 128
529, 215, 66, 128
529, 213, 66, 128
529, 215, 66, 128
529, 213, 66, 128
529, 215, 66, 128
529, 215, 66, 128
529, 215, 66, 128
529, 215, 66, 128
529, 215, 66, 128
529, 215, 66, 128
529, 215, 66, 128
529, 215, 66, 128
529, 215, 66, 128
529, 215, 66, 128
529, 215, 66, 128
529, 215, 66, 128
529, 217, 66, 128
531, 219, 66, 128
531, 217, 66, 128
531, 219, 66, 128
531, 217, 66, 128
533, 219, 66, 128
533, 217, 66, 128
533, 219, 66, 128
535, 219, 66, 128
535, 219, 66, 128
537, 219, 66, 128
0.0, 0.0, 0.0, 0.0
532, 204, 57, 123
533, 205, 57, 123
534, 204, 57, 123
535, 205, 57, 123
536, 204, 57, 123
537, 205, 57, 123
538, 204, 57, 123
539, 205, 57, 123
540, 204, 57, 123
539, 205, 57, 123
540, 204, 57, 123
541, 205, 57, 123
542, 206, 57, 123
541, 207, 57, 123
542, 206, 57, 123
541, 207, 57, 123
542, 206, 57, 123
541, 207, 57, 123
542, 208, 57, 123
541, 209, 57, 123
542, 208, 57, 123
541, 209, 57, 123
542, 208, 57, 123
541, 209, 57, 123
542, 208, 57, 123
541, 209, 57, 123
542, 210, 57, 123
541, 211, 57, 123
540, 210, 57, 123
539, 211, 57, 123
538, 210, 57, 123
537, 211, 57, 123
538, 210, 57, 123
537, 211, 57, 123
536, 210, 57, 123
535, 211, 57, 123
536, 212, 57, 123
535, 213, 57, 123
536, 212, 57, 123
535, 213, 57, 123
536, 212, 57, 123
535, 213, 57, 123
536, 212, 57, 123
535, 213, 57, 123
536, 212, 57, 123
535, 213, 57, 123
536, 212, 57, 123
535, 213, 57, 123
534, 214, 57, 123
533, 215, 57, 123
534, 214, 57, 123
533, 215, 57, 123
534, 214, 57, 123
533, 215, 57, 123
534, 214, 57, 123
533, 215, 57, 123
534, 214, 57, 123
533, 215, 57, 123
534, 214, 57, 123
533, 215, 57, 123
534, 216, 57, 123
535, 217, 57, 123
536, 216, 57, 123
535, 217, 57, 123
536, 216, 57, 123
535, 217, 57, 123
538, 216, 57, 123
537, 217, 57, 123
538, 216, 57, 123
539, 217, 57, 123
540, 216, 57, 123
541, 217, 57, 123
542, 216, 57, 123
543, 217, 57, 123
544, 216, 57, 123
545, 217, 57, 123
546, 216, 57, 123
547, 217, 57, 123
548, 216, 57, 123
549, 217, 57, 123
550, 216, 57, 123
551, 217, 57, 123
552, 216, 57, 123
553, 217, 57, 123
554, 218, 57, 123
555, 219, 57, 123
558, 218, 57, 123
557, 219, 57, 123
560, 218, 57, 123
561, 219, 57, 123
562, 220, 57, 123
563, 221, 57, 123
564, 220, 57, 123
565, 221, 57, 123
568, 220, 57, 123
567, 223, 57, 123
570, 222, 57, 123
569, 223, 57, 123
572, 222, 57, 123
0.0, 0.0, 0.0, 0.0
575, 221, 48, 118
576, 221, 48, 118
577, 222, 48, 118
578, 222, 48, 118
579, 222, 48, 118
579, 223, 48, 118
580, 223, 48, 118
581, 223, 48, 118
582, 224, 48, 118
583, 224, 48, 118
584, 224, 48, 118
584, 225, 48, 118
584, 225, 48, 118
584, 225, 48, 118
585, 225, 48, 118
586, 225, 48, 118
587, 226, 48, 118
588, 226, 48, 118
588, 227, 48, 118
589, 227, 48, 118
590, 227, 48, 118
591, 228, 48, 118
592, 228, 48, 118
593, 229, 48, 118
594, 229, 48, 118
595, 229, 48, 118
596, 230, 48, 118
597, 230, 48, 118
598, 230, 48, 118
599, 231, 48, 118
600, 231, 48, 118
601, 231, 48, 118
602, 231, 48, 118
604, 232, 48, 118
606, 232, 48, 118
608, 232, 48, 118
609, 233, 48, 118
610, 233, 48, 118
612, 233, 48, 118
0.0, 0.0, 0.0, 0.0
549, 155, 180, 273
551, 156, 180, 273
553, 156, 180, 273
554, 157, 180, 273
555, 157, 180, 273
557, 160, 176, 268
556, 158, 180, 273
555, 157, 184, 278
553, 152, 191, 290
557, 156, 187, 284
557, 156, 187, 284
560, 159, 184, 278
560, 157, 187, 284
559, 156, 191, 290
557, 154, 195, 296
561, 158, 191, 290
559, 155, 195, 296
560, 155, 195, 296
558, 153, 199, 301
556, 150, 203, 307
555, 153, 199, 301
556, 150, 203, 307
555, 150, 203, 307
558, 153, 199, 301
558, 153, 199, 301
560, 155, 195, 296
559, 153, 199, 301
561, 156, 195, 296
562, 156, 195, 296
561, 157, 195, 296
562, 157, 195, 296
562, 157, 195, 296
562, 157, 195, 296
561, 158, 195, 296
562, 159, 195, 296
561, 158, 195, 296
562, 159, 195, 296
561, 156, 199, 301
562, 159, 195, 296
562, 159, 195, 296
562, 160, 195, 296
562, 159, 195, 296
562, 160, 195, 296
563, 160, 195, 296
564, 160, 195, 296
564, 160, 195, 296
565, 160, 195, 296
563, 157, 199, 301
561, 158, 199, 301
560, 155, 203, 307
561, 158, 199, 301
562, 159, 199, 301
561, 158, 199, 301
562, 158, 199, 301
561, 158, 199, 301
562, 159, 199, 301
561, 159, 199, 301
560, 157, 203, 307
558, 157, 203, 307
0.0, 0.0, 0.0, 0.0
682, 253, 63, 122
681, 253, 63, 122
680, 253, 63, 122
681, 253, 63, 122
680, 253, 63, 122
681, 253, 63, 122
680, 253, 63, 122
679, 253, 63, 122
678, 253, 63, 122
677, 255, 63, 122
676, 255, 63, 122
677, 255, 63, 122
676, 255, 63, 122
675, 255, 63, 122
674, 255, 63, 122
675, 255, 63, 122
674, 255, 63, 122
675, 255, 63, 122
674, 255, 63, 122
673, 255, 63, 122
672, 255, 63, 122
673, 255, 63, 122
672, 255, 63, 122
673, 257, 63, 122
672, 257, 63, 122
673, 257, 63, 122
672, 257, 63, 122
673, 257, 63, 122
672, 257, 63, 122
673, 257, 63, 122
672, 257, 63, 122
673, 257, 63, 122
672, 257, 63, 122
673, 257, 63, 122
672, 257, 63, 122
671, 257, 63, 122
670, 257, 63, 122
671, 257, 63, 122
670, 257, 63, 122
671, 257, 63, 122
670, 257, 63, 122
669, 257, 63, 122
668, 257, 63, 122
669, 257, 63, 122
668, 257, 63, 122
669, 257, 63, 122
668, 257, 63, 122
667, 257, 63, 122
666, 257, 63, 122
667, 257, 63, 122
666, 257, 63, 122
667, 257, 63, 122
666, 257, 63, 122
665, 257, 63, 122
664, 257, 63, 122
665, 257, 63, 122
664, 257, 63, 122
665, 257, 63, 122
664, 257, 63, 122
663, 257, 63, 122
662, 257, 63, 122
663, 257, 63, 122
662, 257, 63, 122
661, 257, 63, 122
660, 257, 63, 122
661, 257, 63, 122
660, 257, 63, 122
659, 257, 63, 122
658, 257, 63, 122
659, 259, 63, 122
658, 259, 63, 122
659, 259, 63, 122
658, 259, 63, 122
657, 259, 63, 122
656, 259, 63, 122
657, 259, 63, 122
656, 259, 63, 122
655, 259, 63, 122
654, 259, 63, 122
655, 259, 63, 122
654, 259, 63, 122
653, 259, 63, 122
652, 259, 63, 122
653, 259, 63, 122
652, 259, 63, 122
651, 259, 63, 122
650, 259, 63, 122
649, 259, 63, 122
648, 259, 63, 122
647, 259, 63, 122
646, 259, 63, 122
645, 259, 63, 122
644, 259, 63, 122
643, 259, 63, 122
642, 259, 63, 122
641, 259, 63, 122
638, 259, 63, 122
637, 259, 63, 122
636, 259, 63, 122
0.0, 0.0, 0.0, 0.0
660, 268, 42, 126
658, 268, 42, 126
657, 268, 42, 126
655, 268, 42, 126
654, 268, 42, 126
652, 268, 42, 126
651, 268, 42, 126
649, 268, 42, 126
648, 268, 42, 126
646, 268, 42, 126
645, 269, 42, 126
643, 269, 42, 126
641, 269, 42, 126
640, 269, 42, 126
638, 269, 42, 126
637, 269, 42, 126
635, 269, 42, 126
634, 269, 42, 126
633, 269, 42, 126
632, 268, 42, 126
631, 268, 42, 126
630, 268, 42, 126
630, 268, 42, 126
0.0, 0.0, 0.0, 0.0
559, 192, 184, 278
559, 193, 184, 278
556, 190, 187, 284
557, 193, 184, 278
556, 193, 184, 278
555, 193, 184, 278
556, 195, 180, 273
551, 193, 184, 278
551, 193, 184, 278
550, 196, 180, 273
547, 196, 180, 273
545, 194, 184, 278
545, 196, 180, 273
539, 194, 184, 278
539, 195, 184, 278
538, 194, 184, 278
537, 196, 180, 273
533, 197, 180, 273
533, 196, 180, 273
531, 199, 176, 268
528, 197, 180, 273
527, 197, 180, 273
527, 199, 176, 268
524, 199, 176, 268
523, 200, 176, 268
518, 198, 180, 273
519, 200, 176, 268
516, 201, 176, 268
515, 201, 176, 268
513, 201, 176, 268
511, 201, 176, 268
508, 201, 176, 268
507, 201, 176, 268
505, 201, 176, 268
502, 201, 176, 268
502, 204, 173, 262
500, 204, 173, 262
498, 204, 173, 262
496, 204, 173, 262
494, 204, 173, 262
492, 204, 173, 262
490, 204, 173, 262
488, 204, 173, 262
486, 205, 173, 262
485, 205, 173, 262
482, 204, 173, 262
481, 205, 173, 262
479, 205, 173, 262
476, 205, 173, 262
476, 207, 170, 257
474, 207, 170, 257
472, 207, 170, 257
470, 207, 170, 257
468, 208, 170, 257
467, 208, 170, 257
464, 208, 170, 257
462, 208, 170, 257
461, 208, 170, 257
459, 209, 170, 257
458, 209, 170, 257
455, 209, 170, 257
453, 209, 170, 257
452, 209, 170, 257
450, 210, 170, 257
447, 208, 173, 262
446, 210, 170, 257
444, 210, 170, 257
443, 210, 170, 257
440, 211, 170, 257
438, 211, 170, 257
436, 211, 170, 257
435, 211, 170, 257
434, 212, 170, 257
432, 211, 170, 257
430, 212, 170, 257
0.0, 0.0, 0.0, 0.0
512, 276, 48, 117
511, 276, 48, 117
509, 276, 48, 117
508, 276, 48, 117
506, 277, 48, 117
505, 278, 48, 117
503, 277, 48, 117
502, 278, 48, 117
500, 278, 48, 117
499, 278, 48, 117
497, 278, 48, 117
496, 278, 48, 117
495, 278, 48, 117
494, 278, 48, 117
492, 279, 48, 117
491, 280, 48, 117
489, 279, 48, 117
488, 280, 48, 117
487, 280, 48, 117
485, 280, 48, 117
484, 280, 48, 117
482, 280, 48, 117
481, 280, 48, 117
480, 281, 48, 117
479, 282, 48, 117
477, 281, 48, 117
476, 282, 48, 117
474, 282, 48, 117
473, 282, 48, 117
471, 282, 48, 117
469, 283, 48, 117
467, 284, 48, 117
465, 284, 48, 117
463, 284, 48, 117
461, 285, 48, 117
459, 286, 48, 117
457, 286, 48, 117
455, 286, 48, 117
453, 287, 48, 117
451, 288, 48, 117
449, 288, 48, 117
447, 289, 48, 117
446, 290, 48, 117
446, 290, 48, 117
446, 290, 48, 117
447, 291, 48, 117
448, 292, 48, 117
449, 291, 48, 117
450, 293, 48, 117
451, 293, 48, 117
452, 293, 48, 117
453, 293, 48, 117
454, 294, 48, 117
454, 293, 48, 117
455, 294, 48, 117
456, 294, 48, 117
456, 294, 48, 117
456, 294, 48, 117
456, 295, 48, 117
457, 296, 48, 117
457, 295, 48, 117
457, 297, 48, 117
457, 297, 48, 117
457, 297, 48, 117
457, 298, 48, 117
456, 298, 48, 117
456, 298, 48, 117
456, 298, 48, 117
455, 299, 48, 117
454, 300, 48, 117
454, 300, 48, 117
453, 300, 48, 117
453, 300, 48, 117
453, 301, 48, 117
452, 302, 48, 117
452, 301, 48, 117
451, 302, 48, 117
450, 302, 48, 117
450, 302, 48, 117
449, 302, 48, 117
449, 303, 48, 117
448, 304, 48, 117
448, 304, 48, 117
448, 304, 48, 117
447, 304, 48, 117
447, 305, 48, 117
447, 306, 48, 117
446, 306, 48, 117
446, 306, 48, 117
445, 307, 48, 117
444, 308, 48, 117
443, 308, 48, 117
442, 309, 48, 117
441, 310, 48, 117
440, 310, 48, 117
439, 311, 48, 117
438, 312, 48, 117
437, 312, 48, 117
437, 312, 48, 117
0.0, 0.0, 0.0, 0.0
431, 317, 60, 124
431, 317, 60, 124
429, 317, 60, 124
427, 317, 60, 124
427, 319, 60, 124
427, 321, 60, 124
425, 319, 60, 124
423, 321, 60, 124
423, 319, 60, 124
423, 321, 60, 124
421, 321, 60, 124
419, 321, 60, 124
419, 321, 60, 124
417, 321, 60, 124
415, 323, 60, 124
415, 325, 60, 124
413, 323, 60, 124
411, 325, 60, 124
411, 325, 60, 124
409, 325, 60, 124
407, 325, 60, 124
407, 327, 60, 124
405, 329, 60, 124
401, 327, 60, 124
399, 329, 60, 124
399, 329, 60, 124
397, 329, 60, 124
395, 329, 60, 124
395, 331, 60, 124
393, 333, 60, 124
389, 331, 60, 124
387, 333, 60, 124
387, 333, 60, 124
385, 333, 60, 124
381, 333, 60, 124
379, 335, 60, 124
379, 337, 60, 124
377, 335, 60, 124
373, 337, 60, 124
371, 337, 60, 124
371, 337, 60, 124
369, 339, 60, 124
367, 341, 60, 124
367, 339, 60, 124
365, 341, 60, 124
361, 341, 60, 124
359, 341, 60, 124
359, 341, 60, 124
357, 341, 60, 124
355, 343, 60, 124
353, 345, 60, 124
351, 343, 60, 124
351, 345, 60, 124
349, 345, 60, 124
347, 345, 60, 124
345, 345, 60, 124
343, 345, 60, 124
343, 347, 60, 124
341, 349, 60, 124
337, 347, 60, 124
335, 349, 60, 124
335, 349, 60, 124
333, 349, 60, 124
331, 349, 60, 124
329, 349, 60, 124
327, 349, 60, 124
325, 351, 60, 124
323, 353, 60, 124
321, 351, 60, 124
319, 353, 60, 124
317, 353, 60, 124
315, 353, 60, 124
313, 353, 60, 124
311, 353, 60, 124
311, 355, 60, 124
309, 357, 60, 124
305, 355, 60, 124
303, 357, 60, 124
303, 357, 60, 124
301, 357, 60, 124
299, 357, 60, 124
297, 357, 60, 124
295, 357, 60, 124
293, 359, 60, 124
291, 361, 60, 124
289, 359, 60, 124
287, 361, 60, 124
287, 361, 60, 124
285, 361, 60, 124
281, 361, 60, 124
279, 361, 60, 124
279, 363, 60, 124
277, 365, 60, 124
275, 363, 60, 124
273, 365, 60, 124
271, 365, 60, 124
269, 365, 60, 124
267, 365, 60, 124
265, 367, 60, 124
0.0, 0.0, 0.0, 0.0
318, 382, 70, 147
318, 383, 70, 147
318, 382, 70, 147
318, 383, 70, 147
318, 382, 70, 147
316, 383, 70, 147
314, 382, 70, 147
312, 383, 70, 147
312, 384, 70, 147
312, 385, 70, 147
310, 384, 70, 147
308, 385, 70, 147
306, 386, 70, 147
304, 387, 70, 147
302, 386, 70, 147
300, 387, 70, 147
298, 386, 70, 147
296, 387, 70, 147
296, 388, 70, 147
296, 389, 70, 147
294, 388, 70, 147
292, 389, 70, 147
292, 390, 70, 147
290, 391, 70, 147
288, 390, 70, 147
288, 391, 70, 147
288, 390, 70, 147
286, 391, 70, 147
284, 392, 70, 147
282, 393, 70, 147
280, 392, 70, 147
280, 393, 70, 147
280, 392, 70, 147
278, 393, 70, 147
276, 394, 70, 147
276, 395, 70, 147
274, 394, 70, 147
272, 395, 70, 147
272, 394, 70, 147
270, 395, 70, 147
268, 396, 70, 147
268, 397, 70, 147
266, 396, 70, 147
264, 397, 70, 147
264, 396, 70, 147
262, 397, 70, 147
260, 396, 70, 147
260, 397, 70, 147
258, 398, 70, 147
256, 399, 70, 147
256, 398, 70, 147
254, 399, 70, 147
252, 398, 70, 147
250, 399, 70, 147
248, 400, 70, 147
246, 401, 70, 147
244, 400, 70, 147
244, 401, 70, 147
242, 400, 70, 147
240, 401, 70, 147
238, 402, 70, 147
236, 403, 70, 147
234, 402, 70, 147
232, 403, 70, 147
230, 402, 70, 147
228, 403, 70, 147
226, 402, 70, 147
224, 403, 70, 147
222, 402, 70, 147
220, 403, 70, 147
218, 402, 70, 147
216, 403, 70, 147
216, 404, 70, 147
214, 405, 70, 147
212, 406, 70, 147
210, 407, 70, 147
208, 408, 70, 147
206, 409, 70, 147
204, 408, 70, 147
202, 409, 70, 147
198, 410, 70, 147
194, 411, 70, 147
190, 412, 70, 147
188, 413, 70, 147
186, 414, 70, 147
182, 415, 70, 147
178, 414, 70, 147
176, 417, 70, 147
174, 416, 70, 147
170, 417, 70, 147
166, 418, 70, 147
164, 419, 70, 147
162, 420, 70, 147
160, 421, 70, 147
158, 422, 70, 147
156, 423, 70, 147
154, 424, 70, 147
152, 425, 70, 147
150, 424, 70, 147
0.0, 0.0, 0.0, 0.0
276, 381, 73, 126
277, 381, 73, 126
278, 381, 73, 126
279, 381, 73, 126
282, 381, 73, 126
283, 381, 73, 126
286, 381, 73, 126
289, 381, 73, 126
292, 381, 73, 126
293, 381, 73, 126
296, 381, 73, 126
297, 381, 73, 126
300, 381, 73, 126
303, 381, 73, 126
308, 381, 73, 126
311, 381, 73, 126
314, 381, 73, 126
317, 379, 73, 126
320, 379, 73, 126
323, 377, 73, 126
326, 377, 73, 126
329, 377, 73, 126
332, 379, 73, 126
335, 377, 73, 126
338, 377, 73, 126
337, 375, 73, 126
336, 375, 73, 126
0.0, 0.0, 0.0, 0.0
282, 305, 180, 273
283, 305, 180, 273
280, 299, 187, 284
280, 295, 195, 296
287, 304, 187, 284
289, 301, 187, 284
292, 303, 184, 278
297, 304, 180, 273
304, 313, 170, 257
302, 308, 173, 262
305, 307, 173, 262
306, 310, 170, 257
312, 313, 163, 247
314, 314, 160, 242
315, 312, 160, 242
318, 314, 157, 238
322, 314, 157, 238
321, 309, 163, 247
324, 313, 157, 238
327, 313, 157, 238
329, 312, 157, 238
331, 314, 154, 233
333, 315, 154, 233
338, 318, 148, 224
338, 315, 148, 224
341, 318, 145, 220
342, 318, 145, 220
342, 317, 148, 224
341, 315, 151, 228
342, 314, 154, 233
344, 315, 154, 233
345, 315, 154, 233
347, 315, 154, 233
349, 318, 151, 228
352, 318, 148, 224
356, 319, 145, 220
359, 318, 145, 220
361, 318, 145, 220
364, 320, 142, 215
366, 320, 142, 215
369, 321, 139, 211
369, 318, 142, 215
369, 317, 145, 220
370, 315, 148, 224
374, 318, 145, 220
376, 318, 145, 220
379, 318, 145, 220
382, 318, 145, 220
383, 317, 145, 220
387, 317, 145, 220
389, 317, 145, 220
391, 317, 145, 220
394, 317, 145, 220
396, 317, 145, 220
398, 317, 145, 220
400, 317, 145, 220
402, 317, 145, 220
405, 318, 145, 220
408, 317, 145, 220
409, 318, 145, 220
410, 315, 148, 224
413, 316, 148, 224
415, 316, 148, 224
418, 316, 148, 224
421, 315, 148, 224
425, 316, 148, 224
428, 316, 148, 224
430, 316, 148, 224
434, 316, 148, 224
438, 316, 148, 224
441, 316, 148, 224
0.0, 0.0, 0.0, 0.0
488, 370, 56, 133
490, 371, 56, 133
494, 372, 56, 133
498, 371, 56, 133
502, 372, 56, 133
504, 371, 56, 133
508, 372, 56, 133
512, 371, 56, 133
516, 372, 56, 133
520, 373, 56, 133
524, 374, 56, 133
528, 373, 56, 133
532, 374, 56, 133
536, 373, 56, 133
540, 374, 56, 133
544, 373, 56, 133
548, 374, 56, 133
552, 373, 56, 133
556, 374, 56, 133
560, 375, 56, 133
564, 376, 56, 133
568, 375, 56, 133
572, 376, 56, 133
576, 375, 56, 133
580, 376, 56, 133
584, 375, 56, 133
586, 376, 56, 133
590, 377, 56, 133
592, 378, 56, 133
596, 377, 56, 133
598, 378, 56, 133
600, 377, 56, 133
604, 378, 56, 133
606, 379, 56, 133
610, 380, 56, 133
612, 379, 56, 133
616, 380, 56, 133
618, 379, 56, 133
622, 380, 56, 133
624, 379, 56, 133
628, 380, 56, 133
630, 381, 56, 133
634, 382, 56, 133
636, 381, 56, 133
638, 382, 56, 133
