634, 257, 21, 72
635, 257, 21, 72
636, 257, 21, 72
636, 257, 21, 72
639, 257, 21, 71
641, 258, 21, 71
643, 258, 21, 71
644, 257, 21, 72
647, 257, 21, 72
648, 257, 21, 72
650, 256, 21, 73
650, 255, 21, 73
652, 255, 21, 72
654, 254, 21, 72
656, 254, 21, 72
657, 253, 21, 72
658, 254, 21, 71
659, 254, 20, 69
661, 254, 20, 68
662, 252, 20, 69
665, 254, 19, 67
666, 254, 19, 67
667, 253, 20, 68
668, 252, 20, 68
671, 253, 19, 67
672, 254, 19, 65
673, 252, 19, 67
675, 252, 20, 68
675, 250, 21, 71
676, 249, 21, 72
680, 250, 21, 72
680, 250, 21, 72
683, 251, 21, 71
685, 251, 20, 68
686, 252, 19, 67
687, 251, 20, 68
688, 250, 20, 69
691, 250, 21, 72
691, 250, 21, 72
691, 250, 21, 72
693, 250, 21, 72
694, 250, 21, 72
696, 250, 21, 72
697, 250, 21, 72
699, 250, 21, 73
700, 249, 22, 75
701, 249, 22, 75
703, 249, 22, 75
704, 248, 22, 75
706, 249, 22, 75
706, 248, 22, 76
709, 248, 22, 76
710, 249, 22, 76
711, 249, 22, 76
713, 250, 22, 75
713, 250, 22, 75
715, 251, 22, 75
716, 251, 22, 76
718, 252, 22, 76
719, 252, 22, 76
720, 253, 22, 76
721, 253, 23, 78
722, 253, 23, 78
724, 254, 23, 78
725, 254, 23, 78
727, 254, 23, 78
729, 255, 22, 76
731, 258, 22, 75
733, 256, 22, 76
735, 257, 23, 78
735, 257, 23, 78
739, 258, 23, 78
740, 257, 23, 78
743, 257, 23, 78
744, 256, 23, 78
747, 257, 22, 76
749, 256, 23, 78
749, 256, 23, 78
752, 257, 23, 78
754, 257, 23, 78
756, 257, 23, 79
758, 256, 23, 79
759, 257, 23, 79
762, 257, 23, 79
764, 256, 23, 79
766, 255, 23, 79
767, 254, 23, 79
769, 254, 23, 79
771, 255, 23, 78
773, 253, 23, 78
774, 253, 23, 78
776, 252, 22, 76
779, 252, 22, 76
780, 252, 23, 78
782, 252, 23, 78
784, 251, 23, 78
784, 250, 23, 78
784, 251, 22, 76
781, 254, 23, 78
0.0, 0.0, 0.0, 0.0
792, 256, 22, 73
793, 256, 22, 73
793, 256, 22, 74
793, 256, 22, 74
793, 257, 22, 73
793, 258, 22, 72
793, 257, 22, 74
793, 257, 22, 74
793, 257, 22, 74
793, 258, 22, 73
792, 257, 23, 76
792, 258, 22, 74
793, 259, 22, 73
793, 259, 22, 74
793, 260, 22, 73
793, 260, 22, 72
793, 261, 22, 73
792, 261, 22, 73
792, 262, 22, 72
793, 262, 22, 73
793, 263, 22, 72
793, 263, 22, 73
794, 265, 21, 69
793, 265, 21, 70
795, 264, 22, 73
794, 264, 22, 73
795, 265, 21, 69
794, 265, 22, 73
794, 265, 22, 73
795, 266, 22, 72
795, 266, 22, 73
795, 266, 22, 73
795, 265, 23, 76
796, 266, 23, 76
797, 266, 23, 76
796, 265, 24, 79
797, 267, 22, 73
796, 266, 23, 77
796, 268, 22, 73
797, 268, 22, 74
797, 268, 22, 74
797, 269, 22, 73
797, 270, 22, 72
797, 270, 22, 73
797, 268, 23, 77
797, 269, 22, 74
797, 269, 23, 76
798, 270, 22, 73
798, 270, 22, 73
798, 270, 22, 73
798, 270, 22, 73
799, 270, 22, 73
799, 271, 21, 70
799, 270, 22, 72
798, 268, 23, 76
799, 268, 22, 74
800, 269, 22, 74
799, 268, 23, 76
800, 267, 23, 77
798, 267, 23, 77
799, 267, 23, 77
799, 268, 22, 73
799, 267, 23, 77
799, 266, 23, 77
798, 266, 23, 77
799, 268, 22, 73
799, 268, 22, 73
799, 268, 22, 73
799, 267, 23, 76
799, 267, 23, 76
800, 267, 23, 77
800, 268, 23, 76
801, 269, 22, 73
801, 269, 22, 73
800, 270, 22, 74
800, 269, 23, 76
800, 269, 23, 76
800, 269, 23, 76
800, 270, 22, 74
800, 270, 22, 74
800, 270, 22, 74
801, 271, 22, 73
801, 271, 22, 73
802, 273, 21, 69
801, 271, 22, 72
801, 271, 22, 73
801, 271, 22, 73
801, 271, 22, 73
801, 271, 22, 72
800, 269, 23, 76
801, 269, 23, 77
800, 269, 23, 76
801, 268, 23, 77
800, 267, 23, 77
800, 269, 22, 73
800, 269, 22, 72
800, 267, 23, 76
800, 266, 23, 77
800, 267, 23, 76
0.0, 0.0, 0.0, 0.0
938, 296, 22, 73
938, 296, 22, 73
938, 296, 22, 73
938, 296, 22, 73
938, 296, 22, 72
939, 296, 22, 73
938, 295, 22, 73
938, 294, 22, 73
938, 294, 22, 74
938, 295, 22, 73
938, 294, 22, 73
938, 294, 22, 73
938, 294, 22, 73
938, 294, 22, 73
939, 293, 22, 73
939, 294, 22, 73
938, 291, 23, 76
938, 291, 23, 76
939, 292, 22, 74
939, 292, 22, 74
939, 292, 22, 74
939, 292, 22, 73
938, 290, 22, 74
939, 291, 22, 73
938, 291, 22, 73
938, 291, 22, 73
938, 290, 22, 73
938, 289, 22, 73
938, 289, 22, 73
938, 289, 22, 73
939, 287, 22, 73
939, 288, 22, 73
939, 286, 22, 73
940, 286, 22, 73
940, 286, 22, 73
940, 286, 22, 73
940, 285, 22, 73
940, 285, 22, 73
941, 285, 22, 73
941, 285, 22, 73
942, 284, 22, 73
942, 284, 22, 73
942, 284, 22, 73
942, 284, 22, 73
943, 283, 22, 73
943, 282, 22, 74
943, 282, 22, 73
943, 282, 22, 73
943, 281, 22, 73
944, 281, 22, 73
944, 280, 22, 73
944, 280, 22, 73
945, 278, 22, 73
945, 279, 22, 73
945, 278, 22, 73
945, 278, 22, 73
945, 278, 22, 73
945, 277, 22, 73
945, 278, 22, 73
946, 276, 22, 73
946, 276, 22, 73
946, 276, 22, 73
946, 275, 22, 73
946, 275, 22, 73
946, 274, 22, 73
946, 274, 22, 73
946, 273, 22, 73
946, 273, 22, 73
946, 272, 22, 73
946, 272, 22, 73
946, 272, 22, 73
945, 271, 22, 73
946, 270, 22, 73
946, 270, 22, 73
946, 269, 22, 73
946, 269, 22, 73
946, 269, 22, 73
946, 268, 22, 73
946, 268, 22, 74
946, 268, 22, 73
946, 267, 22, 73
947, 267, 22, 73
946, 266, 22, 73
946, 266, 22, 73
947, 266, 22, 73
946, 265, 22, 73
946, 265, 22, 73
946, 264, 22, 73
946, 263, 22, 73
946, 263, 22, 73
947, 263, 22, 73
947, 262, 22, 73
947, 262, 22, 73
947, 261, 22, 73
947, 261, 22, 73
947, 261, 22, 73
947, 260, 22, 73
947, 261, 22, 73
947, 260, 22, 73
0.0, 0.0, 0.0, 0.0
1070, 289, 27, 79
1070, 289, 27, 80
1070, 288, 27, 80
1070, 287, 28, 82
1070, 286, 28, 82
1070, 286, 28, 82
1070, 286, 28, 82
1069, 285, 28, 82
1068, 283, 29, 85
1069, 284, 28, 82
1069, 283, 27, 80
1069, 283, 27, 80
1069, 283, 27, 80
1069, 282, 27, 80
1069, 281, 28, 82
1069, 280, 28, 82
1069, 280, 27, 80
1069, 279, 28, 82
1069, 276, 29, 85
1070, 276, 29, 84
1071, 276, 28, 82
1071, 276, 27, 80
1072, 275, 27, 80
1073, 274, 28, 82
1073, 273, 27, 80
1074, 272, 28, 82
1074, 271, 28, 82
1074, 270, 28, 82
1074, 269, 29, 84
1076, 266, 30, 87
1077, 266, 30, 87
1077, 266, 30, 87
1078, 265, 30, 87
1078, 265, 30, 89
1079, 265, 29, 85
1079, 265, 29, 84
1080, 264, 29, 84
1080, 263, 29, 84
1082, 261, 30, 87
1082, 260, 30, 87
1083, 259, 30, 87
1084, 258, 30, 87
1085, 257, 30, 87
1085, 256, 29, 85
1085, 255, 30, 87
1086, 254, 30, 89
1087, 254, 30, 87
1087, 253, 30, 87
1088, 253, 30, 87
1089, 252, 30, 87
1089, 252, 30, 87
1090, 252, 29, 85
1089, 251, 29, 85
1090, 249, 29, 85
1091, 250, 28, 82
1091, 248, 29, 85
1091, 246, 29, 85
1092, 247, 28, 82
1091, 246, 28, 82
1091, 244, 29, 84
1090, 244, 28, 82
1090, 244, 28, 82
1090, 244, 27, 80
1089, 243, 28, 82
1088, 241, 28, 82
1088, 240, 28, 82
1087, 239, 28, 82
1086, 239, 28, 82
1085, 237, 29, 84
1086, 236, 29, 84
1084, 234, 30, 87
1086, 233, 30, 87
1086, 232, 30, 87
1086, 232, 30, 87
1086, 231, 30, 87
1086, 231, 29, 85
1086, 231, 29, 84
1086, 231, 28, 82
1086, 230, 28, 82
1086, 229, 28, 82
1086, 228, 28, 82
1086, 226, 29, 84
1086, 227, 27, 80
1085, 226, 28, 82
1084, 225, 29, 84
1084, 225, 28, 82
1084, 224, 28, 82
1084, 224, 27, 80
1082, 224, 28, 82
1081, 225, 27, 79
1081, 224, 27, 80
1080, 224, 27, 79
1078, 224, 27, 79
1077, 223, 27, 79
1076, 222, 27, 79
1075, 223, 27, 79
1074, 222, 27, 79
1074, 222, 27, 79
1072, 222, 27, 79
0.0, 0.0, 0.0, 0.0
1064, 222, 30, 73
1064, 221, 31, 74
1063, 222, 31, 74
1063, 222, 30, 73
1061, 222, 31, 74
1061, 222, 31, 74
1060, 222, 31, 74
1059, 222, 31, 76
1059, 223, 31, 74
1058, 223, 31, 74
1057, 221, 31, 74
1057, 222, 30, 73
1056, 223, 29, 70
1056, 222, 29, 72
1054, 221, 30, 73
1055, 222, 28, 69
1054, 224, 27, 66
1053, 224, 27, 66
1052, 223, 27, 66
1051, 224, 26, 64
1050, 224, 26, 64
1049, 225, 25, 61
1047, 223, 26, 62
1045, 222, 26, 64
1044, 222, 27, 65
1043, 221, 27, 65
1042, 220, 27, 65
1042, 221, 26, 64
1042, 221, 26, 64
1040, 220, 27, 65
1040, 220, 27, 65
1039, 220, 26, 64
1038, 220, 26, 64
1037, 219, 26, 64
1036, 218, 27, 65
1036, 217, 27, 66
1035, 216, 27, 65
1035, 216, 27, 65
1034, 216, 27, 65
1034, 216, 26, 64
1034, 217, 26, 62
1032, 216, 26, 62
1031, 216, 25, 61
1031, 216, 25, 61
1029, 216, 26, 62
1027, 214, 26, 62
1026, 213, 26, 64
1026, 214, 25, 61
1024, 214, 26, 62
1023, 213, 25, 61
1022, 212, 26, 62
1021, 212, 26, 62
1020, 211, 26, 64
1019, 211, 26, 62
1018, 211, 26, 62
1018, 211, 25, 61
1017, 211, 25, 61
1016, 211, 25, 60
1015, 210, 25, 61
1013, 209, 25, 61
1013, 209, 25, 60
1011, 208, 25, 61
1011, 206, 26, 62
1010, 205, 26, 62
1009, 204, 26, 62
1009, 204, 25, 61
1009, 204, 25, 61
1008, 204, 25, 61
1007, 204, 26, 62
1006, 203, 25, 61
1004, 202, 26, 62
1002, 201, 25, 61
1002, 201, 25, 61
999, 200, 26, 62
997, 199, 25, 61
997, 199, 25, 61
996, 199, 26, 62
995, 198, 26, 62
993, 198, 26, 62
993, 197, 26, 62
992, 197, 26, 62
991, 197, 25, 61
990, 197, 26, 62
989, 197, 25, 61
989, 197, 25, 61
988, 196, 25, 61
988, 195, 26, 62
986, 194, 26, 62
985, 194, 26, 62
985, 193, 26, 62
984, 192, 26, 62
984, 192, 25, 61
984, 192, 26, 62
982, 191, 25, 61
982, 191, 26, 62
981, 191, 25, 61
980, 191, 25, 61
979, 190, 26, 62
978, 189, 26, 62
0.0, 0.0, 0.0, 0.0
972, 181, 30, 73
972, 181, 30, 73
971, 179, 31, 76
971, 180, 31, 74
971, 179, 31, 74
970, 179, 31, 74
970, 179, 30, 73
969, 179, 30, 73
969, 179, 30, 73
970, 180, 28, 69
970, 180, 28, 67
969, 178, 28, 69
970, 180, 27, 65
970, 179, 27, 65
969, 178, 27, 66
969, 176, 27, 66
969, 175, 28, 67
969, 176, 27, 66
969, 176, 27, 65
969, 176, 27, 65
969, 176, 27, 66
968, 176, 27, 65
968, 176, 27, 65
968, 175, 27, 65
968, 175, 27, 65
967, 174, 27, 66
967, 173, 27, 66
967, 173, 27, 65
967, 173, 27, 65
966, 172, 27, 65
967, 172, 27, 65
967, 172, 27, 65
967, 171, 27, 65
967, 171, 27, 65
967, 171, 27, 66
967, 171, 27, 66
968, 170, 28, 67
968, 170, 27, 66
969, 169, 27, 66
969, 168, 27, 66
969, 167, 28, 67
971, 167, 28, 67
971, 167, 28, 67
971, 167, 28, 67
972, 166, 28, 69
972, 166, 28, 69
972, 166, 28, 69
972, 165, 28, 69
972, 165, 28, 69
972, 164, 28, 69
972, 163, 29, 70
972, 162, 29, 72
972, 161, 29, 70
