55.0,290.0,42.0,85.0
47.0,144.0,17.0,36.0
104.0,313.0,45.0,92.0
77.0,137.0,16.0,36.0
146.0,344.0,46.0,91.0
98.0,134.0,17.0,37.0
176.0,375.0,44.0,91.0
109.0,132.0,17.0,37.0
200.0,407.0,44.0,92.0
209.0,405.0,43.0,91.0
217.0,405.0,44.0,91.0
224.0,403.0,44.0,91.0
133.0,129.0,16.0,37.0
235.0,393.0,43.0,91.0
244.0,391.0,44.0,92.0
151.0,128.0,17.0,35.0
270.0,392.0,44.0,92.0
174.0,125.0,17.0,36.0
303.0,393.0,44.0,91.0
206.0,122.0,16.0,36.0
348.0,392.0,44.0,91.0
250.0,119.0,17.0,36.0
399.0,393.0,43.0,90.0
299.0,118.0,16.0,37.0
455.0,394.0,42.0,93.0
352.0,120.0,15.0,36.0
506.0,398.0,44.0,92.0
398.0,122.0,15.0,38.0
549.0,401.0,42.0,92.0
433.0,125.0,16.0,38.0
578.0,404.0,43.0,93.0
590.0,403.0,42.0,93.0
602.0,404.0,42.0,93.0
611.0,404.0,41.0,92.0
620.0,404.0,41.0,93.0
627.0,405.0,43.0,94.0
633.0,406.0,43.0,92.0
640.0,406.0,42.0,93.0
645.0,406.0,42.0,92.0
650.0,406.0,42.0,92.0
655.0,407.0,42.0,92.0
661.0,407.0,42.0,92.0
665.0,408.0,41.0,94.0
668.0,408.0,41.0,93.0
672.0,408.0,41.0,93.0
674.0,408.0,41.0,93.0
677.0,409.0,41.0,93.0
680.0,410.0,42.0,93.0
681.0,410.0,42.0,93.0
683.0,410.0,42.0,93.0
684.0,411.0,42.0,93.0
686.0,411.0,42.0,93.0
688.0,412.0,41.0,93.0
687.0,412.0,41.0,93.0
688.0,413.0,41.0,93.0
689.0,413.0,41.0,93.0
690.0,413.0,41.0,93.0
692.0,413.0,42.0,93.0
692.0,413.0,42.0,92.0
694.0,413.0,42.0,92.0
695.0,413.0,42.0,92.0
696.0,413.0,42.0,92.0
698.0,414.0,43.0,94.0
699.0,413.0,43.0,93.0
700.0,414.0,43.0,93.0
701.0,414.0,43.0,93.0
702.0,415.0,43.0,93.0
703.0,416.0,42.0,93.0
704.0,416.0,42.0,92.0
705.0,416.0,42.0,92.0
706.0,417.0,42.0,92.0
707.0,417.0,42.0,92.0
710.0,418.0,43.0,93.0
711.0,418.0,43.0,93.0
712.0,418.0,43.0,93.0
713.0,419.0,43.0,93.0
714.0,420.0,43.0,93.0
715.0,419.0,42.0,95.0
716.0,419.0,42.0,95.0
717.0,420.0,42.0,95.0
718.0,420.0,42.0,95.0
720.0,421.0,42.0,95.0
722.0,422.0,40.0,94.0
723.0,423.0,40.0,94.0
724.0,424.0,40.0,94.0
726.0,424.0,40.0,94.0
728.0,425.0,40.0,94.0
728.0,426.0,42.0,93.0
728.0,427.0,42.0,93.0
730.0,428.0,42.0,93.0
732.0,429.0,42.0,93.0
733.0,430.0,42.0,93.0
736.0,431.0,41.0,95.0
738.0,432.0,41.0,95.0
739.0,433.0,41.0,95.0
741.0,434.0,41.0,95.0
742.0,436.0,41.0,95.0
744.0,435.0,41.0,96.0
745.0,436.0,41.0,95.0
747.0,437.0,41.0,95.0
748.0,438.0,41.0,95.0
750.0,439.0,41.0,95.0
750.0,442.0,41.0,95.0
752.0,442.0,41.0,94.0
753.0,443.0,41.0,94.0
755.0,445.0,41.0,94.0
756.0,446.0,41.0,94.0
755.0,448.0,43.0,93.0
756.0,449.0,43.0,92.0
757.0,450.0,43.0,92.0
758.0,452.0,43.0,92.0
759.0,453.0,43.0,92.0
762.0,456.0,42.0,90.0
763.0,457.0,42.0,89.0
763.0,459.0,42.0,89.0
765.0,460.0,42.0,89.0
766.0,461.0,42.0,89.0
768.0,468.0,42.0,84.0
769.0,469.0,42.0,83.0
770.0,471.0,42.0,81.0
772.0,472.0,41.0,80.0
773.0,474.0,41.0,78.0
776.0,477.0,40.0,78.0
776.0,478.0,40.0,76.0
553.0,167.0,12.0,28.0
777.0,476.0,40.0,79.0
778.0,477.0,40.0,78.0
779.0,480.0,40.0,75.0
780.0,481.0,40.0,74.0
782.0,483.0,39.0,72.0
782.0,484.0,39.0,71.0
784.0,486.0,39.0,70.0
784.0,487.0,40.0,70.0
785.0,488.0,40.0,70.0
559.0,172.0,13.0,26.0
787.0,483.0,40.0,75.0
787.0,484.0,40.0,74.0
788.0,484.0,41.0,75.0
790.0,485.0,41.0,73.0
791.0,486.0,41.0,73.0
791.0,487.0,42.0,72.0
792.0,487.0,42.0,72.0
795.0,488.0,40.0,72.0
796.0,489.0,40.0,71.0
797.0,490.0,40.0,70.0
798.0,491.0,40.0,69.0
799.0,492.0,41.0,69.0
801.0,490.0,41.0,72.0
801.0,491.0,41.0,70.0
570.0,167.0,14.0,34.0
1138.0,330.0,32.0,79.0
1139.0,330.0,32.0,79.0
1139.0,329.0,32.0,84.0
1140.0,329.0,32.0,84.0
1142.0,329.0,32.0,84.0
1143.0,330.0,32.0,84.0
1144.0,331.0,32.0,84.0
1149.0,330.0,33.0,86.0
1150.0,331.0,33.0,86.0
1151.0,333.0,33.0,86.0
1153.0,334.0,32.0,85.0
1154.0,334.0,32.0,85.0
1156.0,335.0,31.0,87.0
1157.0,337.0,31.0,86.0
1159.0,337.0,31.0,86.0
1161.0,338.0,31.0,85.0
1162.0,339.0,31.0,85.0
1164.0,339.0,32.0,87.0
1164.0,340.0,32.0,86.0
1166.0,341.0,32.0,86.0
1168.0,342.0,32.0,86.0
1171.0,343.0,32.0,85.0
1172.0,343.0,32.0,87.0
1174.0,343.0,32.0,87.0
1175.0,344.0,32.0,86.0
1177.0,346.0,32.0,86.0
1178.0,347.0,32.0,86.0
1182.0,348.0,33.0,87.0
1183.0,348.0,33.0,87.0
1185.0,349.0,33.0,87.0
1187.0,350.0,33.0,87.0
1188.0,351.0,33.0,87.0
1190.0,352.0,33.0,87.0
598.0,177.0,15.0,42.0
1187.0,347.0,43.0,97.0
1188.0,348.0,43.0,97.0
1189.0,348.0,43.0,97.0
1192.0,350.0,43.0,98.0
1193.0,351.0,43.0,98.0
1194.0,352.0,43.0,98.0
1196.0,353.0,43.0,98.0
1197.0,354.0,43.0,98.0
1200.0,356.0,44.0,96.0
1201.0,357.0,44.0,96.0
1202.0,358.0,44.0,96.0
1204.0,358.0,44.0,96.0
1205.0,360.0,44.0,95.0
1206.0,361.0,43.0,96.0
1207.0,362.0,43.0,96.0
1208.0,363.0,43.0,96.0
1209.0,364.0,43.0,96.0
1210.0,364.0,43.0,96.0
1212.0,364.0,44.0,100.0
1213.0,365.0,44.0,100.0
1213.0,365.0,44.0,100.0
1214.0,365.0,44.0,100.0
1216.0,366.0,44.0,100.0
1217.0,367.0,43.0,98.0
1217.0,367.0,43.0,98.0
1218.0,367.0,43.0,98.0
1219.0,368.0,43.0,98.0
1220.0,368.0,43.0,98.0
1220.0,370.0,44.0,98.0
1221.0,371.0,44.0,98.0
1222.0,371.0,44.0,98.0
1224.0,372.0,44.0,98.0
1226.0,373.0,44.0,98.0
1231.0,373.0,44.0,98.0
