221.0,309.0,27.0,50.0
218.0,313.0,29.0,52.0
219.0,317.0,29.0,53.0
217.0,323.0,28.0,53.0
216.0,327.0,29.0,52.0
216.0,333.0,30.0,51.0
216.0,337.0,30.0,54.0
108.0,172.0,14.0,26.0
214.0,340.0,34.0,57.0
215.0,346.0,34.0,57.0
217.0,351.0,33.0,56.0
219.0,352.0,33.0,62.0
218.0,361.0,36.0,59.0
217.0,367.0,34.0,59.0
219.0,372.0,35.0,59.0
220.0,377.0,36.0,60.0
223.0,380.0,35.0,62.0
117.0,192.0,18.0,31.0
231.0,383.0,37.0,59.0
124.0,197.0,19.0,25.0
242.0,385.0,36.0,58.0
138.0,197.0,21.0,24.0
258.0,383.0,39.0,59.0
155.0,199.0,21.0,23.0
275.0,380.0,39.0,60.0
172.0,200.0,23.0,25.0
291.0,379.0,42.0,57.0
194.0,201.0,23.0,25.0
307.0,375.0,41.0,58.0
214.0,201.0,22.0,25.0
325.0,372.0,41.0,57.0
235.0,204.0,24.0,24.0
338.0,366.0,44.0,61.0
256.0,205.0,25.0,27.0
353.0,362.0,45.0,59.0
271.0,211.0,32.0,22.0
362.0,361.0,47.0,56.0
290.0,219.0,29.0,22.0
370.0,357.0,50.0,56.0
304.0,221.0,32.0,24.0
375.0,354.0,46.0,53.0
314.0,231.0,32.0,19.0
371.0,350.0,47.0,51.0
322.0,237.0,33.0,19.0
365.0,344.0,50.0,49.0
325.0,242.0,35.0,18.0
353.0,336.0,54.0,49.0
357.0,336.0,52.0,51.0
360.0,339.0,56.0,50.0
362.0,337.0,53.0,51.0
369.0,340.0,51.0,49.0
369.0,341.0,57.0,48.0
372.0,343.0,60.0,47.0
373.0,342.0,61.0,49.0
376.0,345.0,61.0,49.0
377.0,345.0,60.0,49.0
380.0,344.0,60.0,53.0
377.0,346.0,63.0,53.0
379.0,347.0,60.0,51.0
378.0,349.0,60.0,49.0
378.0,351.0,62.0,50.0
376.0,352.0,65.0,47.0
374.0,354.0,63.0,48.0
303.0,281.0,47.0,14.0
367.0,356.0,64.0,49.0
369.0,357.0,61.0,49.0
364.0,360.0,63.0,46.0
360.0,360.0,62.0,47.0
355.0,360.0,62.0,48.0
290.0,287.0,47.0,13.0
349.0,361.0,61.0,49.0
344.0,362.0,62.0,46.0
339.0,362.0,59.0,46.0
333.0,363.0,62.0,46.0
278.0,289.0,39.0,12.0
330.0,363.0,58.0,46.0
324.0,361.0,58.0,48.0
317.0,362.0,58.0,47.0
264.0,287.0,39.0,14.0
313.0,360.0,52.0,51.0
310.0,363.0,49.0,48.0
305.0,361.0,47.0,50.0
302.0,363.0,50.0,49.0
255.0,283.0,34.0,17.0
297.0,362.0,51.0,50.0
293.0,361.0,52.0,50.0
290.0,359.0,52.0,51.0
247.0,280.0,38.0,16.0
285.0,358.0,55.0,50.0
280.0,356.0,57.0,52.0
279.0,360.0,58.0,50.0
278.0,355.0,56.0,49.0
239.0,274.0,37.0,16.0
275.0,352.0,56.0,50.0
273.0,352.0,57.0,48.0
272.0,350.0,56.0,49.0
272.0,348.0,56.0,49.0
271.0,346.0,57.0,50.0
270.0,347.0,56.0,49.0
269.0,348.0,56.0,48.0
269.0,344.0,55.0,50.0
268.0,344.0,55.0,49.0
237.0,263.0,37.0,15.0
269.0,340.0,52.0,51.0
271.0,342.0,51.0,47.0
270.0,339.0,50.0,47.0
266.0,335.0,56.0,51.0
270.0,333.0,53.0,49.0
271.0,334.0,50.0,48.0
271.0,330.0,50.0,48.0
270.0,329.0,51.0,49.0
238.0,248.0,34.0,16.0
262.0,324.0,56.0,51.0
266.0,321.0,51.0,50.0
265.0,319.0,53.0,50.0
265.0,316.0,52.0,51.0
267.0,314.0,49.0,50.0
