243.0,112.0,29.0,31.0
248.0,112.0,29.0,30.0
251.0,111.0,29.0,30.0
257.0,110.0,29.0,30.0
262.0,109.0,28.0,30.0
266.0,108.0,29.0,34.0
271.0,107.0,28.0,33.0
139.0,54.0,12.0,16.0
277.0,104.0,30.0,36.0
283.0,103.0,30.0,36.0
290.0,101.0,29.0,39.0
296.0,100.0,29.0,39.0
154.0,51.0,10.0,19.0
302.0,98.0,29.0,40.0
309.0,98.0,29.0,39.0
316.0,96.0,30.0,39.0
167.0,49.0,12.0,19.0
325.0,95.0,30.0,39.0
330.0,95.0,30.0,39.0
335.0,95.0,30.0,39.0
339.0,95.0,29.0,39.0
343.0,94.0,29.0,38.0
348.0,94.0,29.0,38.0
354.0,94.0,29.0,38.0
360.0,94.0,29.0,38.0
365.0,95.0,28.0,38.0
371.0,94.0,28.0,37.0
377.0,94.0,28.0,37.0
384.0,96.0,28.0,34.0
388.0,95.0,28.0,37.0
395.0,97.0,28.0,34.0
399.0,99.0,30.0,36.0
405.0,99.0,30.0,36.0
411.0,100.0,30.0,36.0
415.0,101.0,30.0,36.0
255.0,54.0,11.0,14.0
423.0,101.0,29.0,33.0
428.0,102.0,30.0,34.0
433.0,102.0,30.0,34.0
438.0,103.0,30.0,36.0
444.0,103.0,29.0,36.0
449.0,104.0,29.0,36.0
454.0,105.0,29.0,36.0
459.0,107.0,28.0,35.0
464.0,108.0,28.0,35.0
468.0,110.0,28.0,31.0
472.0,111.0,28.0,31.0
477.0,113.0,28.0,31.0
481.0,115.0,30.0,36.0
485.0,117.0,30.0,37.0
489.0,119.0,32.0,35.0
493.0,121.0,32.0,35.0
497.0,123.0,32.0,35.0
501.0,126.0,32.0,35.0
504.0,128.0,31.0,34.0
509.0,128.0,32.0,39.0
511.0,130.0,32.0,40.0
514.0,132.0,32.0,40.0
517.0,134.0,32.0,40.0
521.0,137.0,31.0,40.0
524.0,141.0,31.0,39.0
526.0,143.0,31.0,39.0
529.0,146.0,31.0,39.0
532.0,148.0,31.0,39.0
535.0,151.0,32.0,39.0
539.0,152.0,32.0,40.0
541.0,155.0,32.0,40.0
544.0,158.0,32.0,40.0
547.0,160.0,32.0,40.0
550.0,163.0,32.0,40.0
556.0,166.0,31.0,41.0
557.0,168.0,31.0,40.0
561.0,170.0,31.0,40.0
563.0,173.0,31.0,40.0
565.0,175.0,31.0,40.0
570.0,178.0,30.0,39.0
573.0,180.0,30.0,39.0
