103, 430, 48, 105
101, 430, 48, 105
99, 430, 48, 105
97, 429, 48, 105
95, 430, 48, 105
93, 429, 48, 105
90, 429, 48, 105
88, 429, 48, 105
87, 429, 48, 105
85, 428, 48, 105
83, 427, 48, 105
81, 427, 48, 105
80, 427, 48, 105
79, 427, 48, 105
77, 427, 48, 105
76, 426, 48, 105
75, 425, 48, 105
74, 426, 48, 105
73, 425, 48, 105
72, 426, 48, 105
71, 425, 48, 105
70, 426, 48, 105
69, 425, 48, 105
68, 425, 48, 105
67, 425, 48, 105
67, 425, 48, 105
66, 425, 48, 105
65, 425, 48, 105
64, 425, 48, 105
63, 425, 48, 105
63, 425, 48, 105
62, 425, 48, 105
62, 425, 48, 105
61, 425, 48, 105
60, 424, 48, 105
59, 423, 48, 105
58, 424, 48, 105
57, 423, 48, 105
57, 424, 48, 105
56, 423, 48, 105
55, 424, 48, 105
54, 423, 48, 105
53, 424, 48, 105
52, 423, 48, 105
51, 424, 48, 105
50, 423, 48, 105
49, 424, 48, 105
48, 423, 48, 105
48, 424, 48, 105
48, 423, 48, 105
48, 423, 48, 105
49, 423, 48, 105
50, 423, 48, 105
51, 423, 48, 105
53, 422, 48, 105
56, 421, 48, 105
59, 422, 48, 105
64, 421, 48, 105
69, 421, 48, 105
74, 420, 48, 105
80, 419, 48, 105
86, 419, 48, 105
92, 418, 48, 105
100, 416, 48, 105
107, 415, 48, 105
114, 415, 48, 105
120, 414, 48, 105
125, 412, 48, 105
130, 412, 48, 105
134, 411, 48, 105
139, 411, 48, 105
144, 410, 48, 105
150, 408, 48, 105
156, 408, 48, 105
163, 407, 48, 105
171, 407, 48, 105
179, 406, 48, 105
187, 404, 48, 105
195, 404, 48, 105
201, 403, 48, 105
206, 403, 48, 105
209, 402, 48, 105
212, 401, 48, 105
214, 401, 48, 105
216, 401, 48, 105
217, 400, 48, 105
218, 399, 48, 105
219, 400, 48, 105
220, 399, 48, 105
222, 399, 48, 105
225, 399, 48, 105
229, 398, 48, 105
235, 397, 48, 105
242, 397, 48, 105
251, 397, 48, 105
261, 396, 48, 105
274, 394, 48, 105
287, 393, 48, 105
300, 393, 48, 105
312, 392, 48, 105
322, 390, 48, 105
332, 390, 48, 105
341, 389, 48, 105
351, 389, 48, 105
361, 388, 48, 105
373, 387, 48, 105
385, 387, 48, 105
396, 386, 48, 105
406, 385, 48, 105
415, 385, 48, 105
425, 384, 48, 105
435, 383, 48, 105
444, 383, 48, 105
452, 383, 48, 105
460, 383, 48, 105
467, 382, 48, 105
475, 381, 48, 105
483, 381, 48, 105
492, 381, 48, 105
502, 381, 48, 105
511, 380, 48, 105
520, 379, 48, 105
527, 380, 48, 105
531, 379, 48, 105
534, 380, 48, 105
537, 379, 48, 105
539, 379, 48, 105
540, 379, 48, 105
542, 379, 48, 105
543, 379, 48, 105
544, 379, 48, 105
544, 379, 48, 105
544, 379, 48, 105
545, 379, 48, 105
545, 379, 48, 105
544, 378, 48, 105
544, 377, 48, 105
543, 378, 48, 105
543, 377, 48, 105
542, 377, 48, 105
541, 377, 48, 105
540, 377, 48, 105
540, 377, 48, 105
539, 377, 48, 105
539, 377, 48, 105
538, 377, 48, 105
538, 377, 48, 105
537, 377, 48, 105
537, 377, 48, 105
536, 377, 48, 105
536, 377, 48, 105
536, 377, 48, 105
536, 377, 48, 105
535, 376, 48, 105
535, 375, 48, 105
534, 375, 48, 105
534, 375, 48, 105
533, 375, 48, 105
533, 374, 48, 105
532, 373, 48, 105
531, 374, 48, 105
531, 373, 48, 105
530, 373, 48, 105
530, 373, 48, 105
529, 373, 48, 105
529, 373, 48, 105
528, 373, 48, 105
528, 373, 48, 105
528, 373, 48, 105
527, 373, 48, 105
526, 373, 48, 105
526, 373, 48, 105
525, 373, 48, 105
524, 373, 48, 105
523, 373, 48, 105
523, 373, 48, 105
522, 373, 48, 105
521, 373, 48, 105
520, 373, 48, 105
519, 373, 48, 105
519, 373, 48, 105
518, 374, 48, 105
518, 373, 48, 105
517, 374, 48, 105
517, 374, 48, 105
517, 373, 48, 105
516, 374, 48, 105
516, 374, 48, 105
516, 374, 48, 105
516, 374, 48, 105
515, 374, 48, 105
515, 374, 48, 105
514, 374, 48, 105
513, 374, 48, 105
512, 374, 48, 105
511, 374, 48, 105
511, 373, 48, 105
510, 374, 48, 105
509, 373, 48, 105
509, 373, 48, 105
508, 373, 48, 105
507, 373, 48, 105
507, 373, 48, 105
507, 373, 48, 105
506, 373, 48, 105
505, 374, 48, 105
505, 373, 48, 105
504, 375, 48, 105
503, 375, 48, 105
502, 376, 48, 105
501, 375, 48, 105
501, 376, 48, 105
500, 376, 48, 105
500, 376, 48, 105
499, 376, 48, 105
499, 376, 48, 105
499, 376, 48, 105
499, 376, 48, 105
499, 376, 48, 105
499, 376, 48, 105
499, 377, 48, 105
500, 378, 48, 105
500, 377, 48, 105
500, 378, 48, 105
500, 377, 48, 105
501, 378, 48, 105
501, 377, 48, 105
501, 378, 48, 105
502, 378, 48, 105
502, 377, 48, 105
502, 378, 48, 105
502, 377, 48, 105
502, 378, 48, 105
501, 377, 48, 105
500, 378, 48, 105
498, 377, 48, 105
495, 378, 48, 105
491, 377, 48, 105
486, 378, 48, 105
481, 378, 48, 105
476, 378, 48, 105
473, 378, 48, 105
470, 379, 48, 105
469, 379, 48, 105
470, 379, 48, 105
472, 379, 48, 105
476, 379, 48, 105
481, 379, 48, 105
487, 378, 48, 105
494, 377, 48, 105
501, 378, 48, 105
510, 376, 48, 105
520, 376, 48, 105
534, 376, 48, 105
0, 0, 0, 0
0, 0, 0, 0
0, 0, 0, 0
0, 0, 0, 0
0, 0, 0, 0
0, 0, 0, 0
0, 0, 0, 0
0, 0, 0, 0
0, 0, 0, 0
0, 0, 0, 0
0, 0, 0, 0
0, 0, 0, 0
0, 0, 0, 0
0, 0, 0, 0
0, 0, 0, 0
0, 0, 0, 0
0, 0, 0, 0
0, 0, 0, 0
0, 0, 0, 0
0, 0, 0, 0
0, 0, 0, 0
0, 0, 0, 0
0, 0, 0, 0
0, 0, 0, 0
0, 0, 0, 0
0, 0, 0, 0
0, 0, 0, 0
0, 0, 0, 0
0, 0, 0, 0
0, 0, 0, 0
0, 0, 0, 0
0, 0, 0, 0
0, 0, 0, 0
0, 0, 0, 0
0, 0, 0, 0
0, 0, 0, 0
0, 0, 0, 0
0, 0, 0, 0
0, 0, 0, 0
0, 0, 0, 0
0, 0, 0, 0
0, 0, 0, 0
0, 0, 0, 0
0, 0, 0, 0
0, 0, 0, 0
0, 0, 0, 0
0, 0, 0, 0
0, 0, 0, 0
0, 0, 0, 0
0, 0, 0, 0
0, 0, 0, 0
0, 0, 0, 0
0, 0, 0, 0
0, 0, 0, 0
0, 0, 0, 0
0, 0, 0, 0
0, 0, 0, 0
0, 0, 0, 0
0, 0, 0, 0
0, 0, 0, 0
0, 0, 0, 0
0, 0, 0, 0
0, 0, 0, 0
0, 0, 0, 0
0, 0, 0, 0
0, 0, 0, 0
0, 0, 0, 0
0, 0, 0, 0
0, 0, 0, 0
0, 0, 0, 0
0, 0, 0, 0
0, 0, 0, 0
0, 0, 0, 0
0, 0, 0, 0
0, 0, 0, 0
0, 0, 0, 0
0, 0, 0, 0
0, 0, 0, 0
0, 0, 0, 0
0, 0, 0, 0
0, 0, 0, 0
0, 0, 0, 0
0, 0, 0, 0
0, 0, 0, 0
0, 0, 0, 0
0, 0, 0, 0
0, 0, 0, 0
0, 0, 0, 0
0, 0, 0, 0
0, 0, 0, 0
0, 0, 0, 0
0, 0, 0, 0
0, 0, 0, 0
0, 0, 0, 0
0, 0, 0, 0
0, 0, 0, 0
0, 0, 0, 0
0, 0, 0, 0
0, 0, 0, 0
0, 0, 0, 0
0, 0, 0, 0
0, 0, 0, 0
0, 0, 0, 0
0, 0, 0, 0
0, 0, 0, 0
0, 0, 0, 0
0, 0, 0, 0
0, 0, 0, 0
0, 0, 0, 0
0, 0, 0, 0
0, 0, 0, 0
0, 0, 0, 0
0, 0, 0, 0
0, 0, 0, 0
0, 0, 0, 0
0, 0, 0, 0
0, 0, 0, 0
0, 0, 0, 0
0, 0, 0, 0
0, 0, 0, 0
0, 0, 0, 0
0, 0, 0, 0
0, 0, 0, 0
0, 0, 0, 0
0, 0, 0, 0
0, 0, 0, 0
0, 0, 0, 0
0, 0, 0, 0
0, 0, 0, 0
0, 0, 0, 0
0, 0, 0, 0
0, 0, 0, 0
0, 0, 0, 0
0, 0, 0, 0
0, 0, 0, 0
0, 0, 0, 0
0, 0, 0, 0
0, 0, 0, 0
0, 0, 0, 0
0, 0, 0, 0
0, 0, 0, 0
0, 0, 0, 0
0, 0, 0, 0
0, 0, 0, 0
0, 0, 0, 0
0, 0, 0, 0
0, 0, 0, 0
0, 0, 0, 0
0, 0, 0, 0
0, 0, 0, 0
0, 0, 0, 0
0, 0, 0, 0
0, 0, 0, 0
0, 0, 0, 0
0, 0, 0, 0
0, 0, 0, 0
0, 0, 0, 0
0, 0, 0, 0
0, 0, 0, 0
0, 0, 0, 0
0, 0, 0, 0
0, 0, 0, 0
0, 0, 0, 0
0, 0, 0, 0
0, 0, 0, 0
0, 0, 0, 0
0, 0, 0, 0
0, 0, 0, 0
0, 0, 0, 0
0, 0, 0, 0
0, 0, 0, 0
0, 0, 0, 0
0, 0, 0, 0
0, 0, 0, 0
0, 0, 0, 0
0, 0, 0, 0
0, 0, 0, 0
0, 0, 0, 0
0, 0, 0, 0
0, 0, 0, 0
0, 0, 0, 0
0, 0, 0, 0
0, 0, 0, 0
0, 0, 0, 0
0, 0, 0, 0
0, 0, 0, 0
0, 0, 0, 0
0, 0, 0, 0
0, 0, 0, 0
0, 0, 0, 0
0, 0, 0, 0
0, 0, 0, 0
0, 0, 0, 0
0, 0, 0, 0
0, 0, 0, 0
0, 0, 0, 0
0, 0, 0, 0
0, 0, 0, 0
0, 0, 0, 0
0, 0, 0, 0
0, 0, 0, 0
0, 0, 0, 0
0, 0, 0, 0
0, 0, 0, 0
0, 0, 0, 0
0, 0, 0, 0
0, 0, 0, 0
0, 0, 0, 0
0, 0, 0, 0
0, 0, 0, 0
0, 0, 0, 0
0, 0, 0, 0
0, 0, 0, 0
0, 0, 0, 0
0, 0, 0, 0
0, 0, 0, 0
0, 0, 0, 0
0, 0, 0, 0
0, 0, 0, 0
0, 0, 0, 0
0, 0, 0, 0
0, 0, 0, 0
0, 0, 0, 0
0, 0, 0, 0
0, 0, 0, 0
0, 0, 0, 0
0, 0, 0, 0
0, 0, 0, 0
0, 0, 0, 0
0, 0, 0, 0
0, 0, 0, 0
0, 0, 0, 0
0, 0, 0, 0
0, 0, 0, 0
0, 0, 0, 0
0, 0, 0, 0
0, 0, 0, 0
0, 0, 0, 0
0, 0, 0, 0
0, 0, 0, 0
0, 0, 0, 0
0, 0, 0, 0
0, 0, 0, 0
0, 0, 0, 0
0, 0, 0, 0
0, 0, 0, 0
0, 0, 0, 0
0, 0, 0, 0
0, 0, 0, 0
0, 0, 0, 0
0, 0, 0, 0
0, 0, 0, 0
0, 0, 0, 0
0, 0, 0, 0
0, 0, 0, 0
0, 0, 0, 0
0, 0, 0, 0
0, 0, 0, 0
0, 0, 0, 0
0, 0, 0, 0
0, 0, 0, 0
0, 0, 0, 0
0, 0, 0, 0
0, 0, 0, 0
0, 0, 0, 0
0, 0, 0, 0
0, 0, 0, 0
0, 0, 0, 0
0, 0, 0, 0
0, 0, 0, 0
0, 0, 0, 0
0, 0, 0, 0
0, 0, 0, 0
0, 0, 0, 0
0, 0, 0, 0
0, 0, 0, 0
0, 0, 0, 0
0, 0, 0, 0
0, 0, 0, 0
0, 0, 0, 0
0, 0, 0, 0
0, 0, 0, 0
0, 0, 0, 0
0, 0, 0, 0
0, 0, 0, 0
0, 0, 0, 0
0, 0, 0, 0
0, 0, 0, 0
0, 0, 0, 0
0, 0, 0, 0
0, 0, 0, 0
0, 0, 0, 0
0, 0, 0, 0
0, 0, 0, 0
0, 0, 0, 0
0, 0, 0, 0
0, 0, 0, 0
0, 0, 0, 0
0, 0, 0, 0
0, 0, 0, 0
0, 0, 0, 0
0, 0, 0, 0
0, 0, 0, 0
0, 0, 0, 0
0, 0, 0, 0
0, 0, 0, 0
0, 0, 0, 0
0, 0, 0, 0
0, 0, 0, 0
0, 0, 0, 0
0, 0, 0, 0
0, 0, 0, 0
0, 0, 0, 0
0, 0, 0, 0
0, 0, 0, 0
0, 0, 0, 0
0, 0, 0, 0
0, 0, 0, 0
0, 0, 0, 0
0, 0, 0, 0
0, 0, 0, 0
0, 0, 0, 0
0, 0, 0, 0
0, 0, 0, 0
0, 0, 0, 0
0, 0, 0, 0
0, 0, 0, 0
0, 0, 0, 0
0, 0, 0, 0
0, 0, 0, 0
0, 0, 0, 0
0, 0, 0, 0
0, 0, 0, 0
0, 0, 0, 0
0, 0, 0, 0
0, 0, 0, 0
0, 0, 0, 0
0, 0, 0, 0
0, 0, 0, 0
0, 0, 0, 0
0, 0, 0, 0
0, 0, 0, 0
0, 0, 0, 0
0, 0, 0, 0
0, 0, 0, 0
0, 0, 0, 0
0, 0, 0, 0
0, 0, 0, 0
0, 0, 0, 0
0, 0, 0, 0
0, 0, 0, 0
0, 0, 0, 0
0, 0, 0, 0
0, 0, 0, 0
0, 0, 0, 0
0, 0, 0, 0
0, 0, 0, 0
0, 0, 0, 0
0, 0, 0, 0
