1234.7071533203125, 612.2306518554688, 50.0, 125.49019622802734
1235.4345703125, 611.43359375, 51.0, 128.0
1237.170654296875, 612.8654174804688, 50.0, 125.49019622802734
1237.7801513671875, 612.61767578125, 50.0, 125.49019622802734
1239.3768310546875, 612.2681884765625, 50.0, 125.49019622802734
1241.083251953125, 614.4174194335938, 48.058441162109375, 120.61726379394531
1242.5064697265625, 613.6883544921875, 49.01961135864258, 123.02960968017578
1242.955810546875, 612.8627319335938, 50.0, 125.49019622802734
1244.1800537109375, 613.4844970703125, 50.0, 125.49019622802734
1244.5733642578125, 613.3954467773438, 50.0, 125.49019622802734
1245.9906005859375, 613.3146362304688, 50.0, 125.49019622802734
1248.0439453125, 615.206298828125, 49.01960754394531, 123.02960205078125
1248.859130859375, 614.482421875, 49.999996185302734, 125.49018859863281
1249.7127685546875, 614.5140380859375, 49.999996185302734, 125.49018859863281
1250.819580078125, 614.7894897460938, 49.999996185302734, 125.49018859863281
1252.5936279296875, 616.485107421875, 49.01960372924805, 123.02959442138672
1255.1468505859375, 617.380615234375, 48.058433532714844, 120.61724853515625
1258.23193359375, 615.7393798828125, 49.99999237060547, 125.49017333984375
1256.804443359375, 614.4247436523438, 52.01998519897461, 130.55996704101562
1258.0433349609375, 615.2536010742188, 53.06038284301758, 133.17115783691406
1259.400146484375, 614.848388671875, 54.12158966064453, 135.83457946777344
1257.0985107421875, 617.5135498046875, 54.12158966064453, 135.83457946777344
1259.968017578125, 615.0618896484375, 55.20402145385742, 138.55126953125
1260.352294921875, 616.5422973632812, 56.308101654052734, 141.32229614257812
1261.474365234375, 618.0090942382812, 56.308101654052734, 141.32229614257812
1262.2412109375, 618.2808837890625, 56.308101654052734, 141.32229614257812
1261.9158935546875, 620.70751953125, 56.308101654052734, 141.32229614257812
1260.119140625, 619.2003784179688, 58.58294677734375, 147.03170776367188
1260.15283203125, 620.9883422851562, 58.58294677734375, 147.03170776367188
1260.1988525390625, 621.9769897460938, 58.58294677734375, 147.03170776367188
1261.0736083984375, 625.3287963867188, 56.308101654052734, 141.32229614257812
1261.7764892578125, 624.4635009765625, 56.308101654052734, 141.32229614257812
1262.156982421875, 624.50244140625, 56.308101654052734, 141.32229614257812
1262.9727783203125, 626.4559326171875, 54.12158966064453, 135.83457946777344
1262.34033203125, 626.2764282226562, 53.06038284301758, 133.17115783691406
1264.480224609375, 626.8256225585938, 52.019981384277344, 130.55995178222656
1264.7257080078125, 627.96044921875, 50.99998092651367, 127.99995422363281
1264.1846923828125, 627.93310546875, 49.99998092651367, 125.49015045166016
1264.6097412109375, 627.8037109375, 49.99998092651367, 125.49015045166016
1264.8070068359375, 627.5858764648438, 49.99998092651367, 125.49015045166016
1264.5361328125, 628.0164184570312, 49.99998092651367, 125.49015045166016
1263.9959716796875, 628.5225830078125, 49.99998092651367, 125.49015045166016
1263.7978515625, 628.53466796875, 49.99998092651367, 125.49015045166016
1263.1927490234375, 629.2264404296875, 49.99998092651367, 125.49015045166016
1262.6654052734375, 629.9627075195312, 49.99998092651367, 125.49015045166016
1262.6932373046875, 629.0833129882812, 49.99998092651367, 125.49015045166016
1263.171630859375, 630.4212036132812, 49.019588470458984, 123.02955627441406
1263.6529541015625, 631.5537719726562, 48.05841827392578, 120.6172103881836
1263.428466796875, 630.2930297851562, 48.05841827392578, 120.6172103881836
1263.198486328125, 630.235595703125, 48.05841827392578, 120.6172103881836
1262.03271484375, 628.72607421875, 49.01958465576172, 123.02954864501953
1262.224853515625, 629.7429809570312, 48.05841827392578, 120.61720275878906
1261.8250732421875, 628.9188842773438, 48.05841827392578, 120.61720275878906
1261.4476318359375, 628.5070190429688, 48.05841827392578, 120.61720275878906
1260.849365234375, 628.6920166015625, 48.05841827392578, 120.61720275878906
1260.8326416015625, 629.3795776367188, 47.11609649658203, 118.25215911865234
1259.8619384765625, 629.8995361328125, 47.11609649658203, 118.25215911865234
1257.93017578125, 628.0927124023438, 48.05841827392578, 120.61720275878906
1257.448974609375, 628.5765380859375, 48.05841827392578, 120.61720275878906
1255.6593017578125, 628.4254150390625, 48.05841827392578, 120.61720275878906
1254.2763671875, 627.8911743164062, 48.05841827392578, 120.61720275878906
1253.453125, 626.1878051757812, 48.05841827392578, 120.61720275878906
1252.5030517578125, 626.4496459960938, 48.05841827392578, 120.61720275878906
1250.722900390625, 626.2779541015625, 48.05841827392578, 120.61720275878906
1250.3104248046875, 625.6870727539062, 48.05841827392578, 120.61720275878906
1249.7535400390625, 626.0596313476562, 48.05841827392578, 120.61720275878906
1249.48095703125, 625.4495239257812, 48.05841827392578, 120.61720275878906
1249.1927490234375, 625.4671020507812, 48.05841827392578, 120.61720275878906
1248.4010009765625, 625.2666625976562, 48.05841827392578, 120.61720275878906
1247.77880859375, 624.2332763671875, 49.01958465576172, 123.029541015625
1247.218017578125, 624.4347534179688, 49.01958465576172, 123.029541015625
1246.7999267578125, 623.9366455078125, 49.99997329711914, 125.49012756347656
1246.4127197265625, 624.0181884765625, 49.99997329711914, 125.49012756347656
1244.9404296875, 622.4639892578125, 50.99997329711914, 127.99993133544922
1244.30908203125, 623.093505859375, 49.99997329711914, 125.49012756347656
1244.0748291015625, 622.0191650390625, 50.99997329711914, 127.99993133544922
1244.1009521484375, 623.0732421875, 49.99997329711914, 125.49012756347656
1244.1282958984375, 623.1576538085938, 49.99997329711914, 125.49012756347656
1243.643798828125, 623.135009765625, 49.99997329711914, 125.49012756347656
1243.1031494140625, 621.7069702148438, 50.99997329711914, 127.99993133544922
1241.272705078125, 620.9422607421875, 50.99997329711914, 127.99993133544922
1241.6561279296875, 621.7919921875, 50.99997329711914, 127.99993133544922
1240.0198974609375, 621.5966796875, 50.99997329711914, 127.99993133544922
1240.2030029296875, 621.294189453125, 50.99997329711914, 127.99993133544922
1240.1868896484375, 620.6636962890625, 50.99997329711914, 127.99993133544922
1239.4332275390625, 620.2568969726562, 50.99997329711914, 127.99993133544922
1239.241943359375, 620.307373046875, 50.99997329711914, 127.99993133544922
1239.036376953125, 619.8906860351562, 50.99997329711914, 127.99993133544922
1238.5894775390625, 619.8309936523438, 50.99997329711914, 127.99993133544922
1238.829833984375, 619.6785888671875, 50.99997329711914, 127.99993133544922
1240.208251953125, 620.0734252929688, 49.99997329711914, 125.49012756347656
1241.101318359375, 620.2269287109375, 49.99997329711914, 125.49012756347656
1241.5784912109375, 619.5613403320312, 49.99997329711914, 125.49012756347656
1242.0350341796875, 619.189453125, 49.99997329711914, 125.49012756347656
1242.461181640625, 619.104248046875, 49.99997329711914, 125.49012756347656
1243.34912109375, 618.5542602539062, 49.99997329711914, 125.49012756347656
1243.8294677734375, 617.8697509765625, 49.99997329711914, 125.49012756347656
1244.6246337890625, 617.64697265625, 49.99997329711914, 125.49012756347656
1244.96044921875, 616.6476440429688, 49.99997329711914, 125.49012756347656
1245.6947021484375, 614.7996826171875, 50.99997329711914, 127.99993133544922
1245.875244140625, 614.3447875976562, 50.99997329711914, 127.99993133544922
1220.1153564453125, 616.4238891601562, 50.99997329711914, 127.99993133544922
1220.3018798828125, 614.0709838867188, 50.99997329711914, 127.99993133544922
1220.2818603515625, 614.884765625, 50.99997329711914, 127.99993133544922
1219.8846435546875, 614.7655639648438, 50.99997329711914, 127.99993133544922
1219.9019775390625, 615.2803344726562, 50.99997329711914, 127.99993133544922
1220.786865234375, 614.1634521484375, 50.99997329711914, 127.99993133544922
1220.5849609375, 614.4969482421875, 50.99997329711914, 127.99993133544922
1220.4112548828125, 614.448486328125, 52.01996994018555, 130.55992126464844
1221.3729248046875, 616.5990600585938, 52.01996994018555, 130.55992126464844
1221.02197265625, 616.853759765625, 52.01996994018555, 130.55992126464844
1220.8233642578125, 616.8045654296875, 52.01996994018555, 130.55992126464844
1222.7274169921875, 617.41845703125, 52.01996994018555, 130.55992126464844
1222.08544921875, 618.1029052734375, 52.01996994018555, 130.55992126464844
1221.755859375, 618.6559448242188, 52.01996994018555, 130.55992126464844
1221.9285888671875, 618.7312622070312, 53.06036376953125, 133.17111206054688
1221.7852783203125, 618.8355102539062, 53.06036376953125, 133.17111206054688
1222.769287109375, 620.5921630859375, 53.06036376953125, 133.17111206054688
1222.5537109375, 620.3306274414062, 53.06036376953125, 133.17111206054688
1222.5748291015625, 621.1436157226562, 53.06036376953125, 133.17111206054688
1223.1434326171875, 621.97705078125, 53.06036376953125, 133.17111206054688
1224.269287109375, 622.153564453125, 53.06036376953125, 133.17111206054688
1224.9200439453125, 622.2094116210938, 53.06036376953125, 133.17111206054688
1224.6165771484375, 622.4083862304688, 53.06036376953125, 133.17111206054688
1224.221923828125, 621.4937744140625, 54.1215705871582, 135.83453369140625
1223.8626708984375, 621.590576171875, 54.1215705871582, 135.83453369140625
1223.3541259765625, 620.6522216796875, 55.204002380371094, 138.5512237548828
1223.758544921875, 620.7576904296875, 56.308082580566406, 141.32225036621094
1223.39501953125, 621.8757934570312, 56.308082580566406, 141.32225036621094
1223.3238525390625, 621.7409057617188, 56.308082580566406, 141.32225036621094
1223.518310546875, 622.3307495117188, 56.308082580566406, 141.32225036621094
1223.112060546875, 622.7754516601562, 56.308082580566406, 141.32225036621094
1223.0340576171875, 623.5691528320312, 55.204002380371094, 138.5512237548828
1222.8560791015625, 622.6573486328125, 56.308082580566406, 141.32225036621094
1222.48876953125, 622.9454956054688, 56.308082580566406, 141.32225036621094
1222.3369140625, 623.6011352539062, 56.308082580566406, 141.32225036621094
1221.8648681640625, 623.2296752929688, 56.308082580566406, 141.32225036621094
1221.36376953125, 624.2853393554688, 56.308082580566406, 141.32225036621094
1221.7113037109375, 624.1349487304688, 56.308082580566406, 141.32225036621094
1221.810791015625, 623.6841430664062, 56.308082580566406, 141.32225036621094
1221.6568603515625, 623.4378051757812, 56.308082580566406, 141.32225036621094
1221.20849609375, 623.55615234375, 56.308082580566406, 141.32225036621094
1220.65087890625, 623.834228515625, 56.308082580566406, 141.32225036621094
1220.82470703125, 623.9269409179688, 56.308082580566406, 141.32225036621094
1221.48193359375, 623.5917358398438, 56.308082580566406, 141.32225036621094
1222.413330078125, 624.419677734375, 55.204002380371094, 138.5512237548828
1222.6474609375, 626.0572509765625, 54.1215705871582, 135.83453369140625
1223.03955078125, 625.8031005859375, 54.1215705871582, 135.83453369140625
1223.30224609375, 625.3697509765625, 54.1215705871582, 135.83453369140625
1223.6605224609375, 625.5234375, 54.1215705871582, 135.83453369140625
1223.9088134765625, 625.7034912109375, 54.1215705871582, 135.83453369140625
1223.7978515625, 625.1607055664062, 55.204002380371094, 138.5512237548828
1223.3966064453125, 624.6995239257812, 56.308082580566406, 141.32225036621094
1223.865234375, 626.1978149414062, 56.308082580566406, 141.32225036621094
1223.3702392578125, 627.2312622070312, 56.308082580566406, 141.32225036621094
1223.4774169921875, 628.6047973632812, 56.308082580566406, 141.32225036621094
1223.0911865234375, 628.7797241210938, 56.308082580566406, 141.32225036621094
1223.5894775390625, 628.9840087890625, 56.308082580566406, 141.32225036621094
1223.8839111328125, 630.0704345703125, 56.308082580566406, 141.32225036621094
1223.7122802734375, 630.1718139648438, 56.308082580566406, 141.32225036621094
1223.8865966796875, 630.5993041992188, 56.308082580566406, 141.32225036621094
1223.5068359375, 630.8798828125, 56.308082580566406, 141.32225036621094
1223.4539794921875, 630.9068603515625, 56.308082580566406, 141.32225036621094
1223.838623046875, 631.4778442382812, 56.308082580566406, 141.32225036621094
1223.9639892578125, 631.5435180664062, 56.308082580566406, 141.32225036621094
1223.0838623046875, 630.7301635742188, 56.308082580566406, 141.32225036621094
1223.0245361328125, 630.9320678710938, 56.308082580566406, 141.32225036621094
1223.8065185546875, 631.6879272460938, 56.308082580566406, 141.32225036621094
1224.4229736328125, 631.9556274414062, 56.308082580566406, 141.32225036621094
1225.281005859375, 632.8822021484375, 56.308082580566406, 141.32225036621094
1226.2222900390625, 632.7267456054688, 56.308082580566406, 141.32225036621094
1225.8770751953125, 633.81689453125, 56.308082580566406, 141.32225036621094
1225.8748779296875, 634.7376708984375, 56.308082580566406, 141.32225036621094
1225.3280029296875, 635.09619140625, 56.308082580566406, 141.32225036621094
1224.289306640625, 634.99658203125, 56.308082580566406, 141.32225036621094
1222.843017578125, 634.44921875, 56.308082580566406, 141.32225036621094
1223.9764404296875, 634.3607788085938, 55.204002380371094, 138.5512237548828
1223.95947265625, 635.3677978515625, 54.1215705871582, 135.83453369140625
1224.1202392578125, 635.297119140625, 53.06036376953125, 133.17111206054688
1225.1123046875, 635.9518432617188, 52.01996994018555, 130.55992126464844
1225.351318359375, 635.7245483398438, 50.999969482421875, 127.99992370605469
1225.7030029296875, 635.707763671875, 49.999969482421875, 125.49011993408203
1228.3482666015625, 636.3134765625, 49.01957702636719, 123.02952575683594
1230.384521484375, 636.5206909179688, 48.058406829833984, 120.61717987060547
1231.6861572265625, 637.2314453125, 47.116085052490234, 118.25213623046875
1232.42041015625, 636.3375244140625, 47.116085052490234, 118.25213623046875
1233.453369140625, 636.9727172851562, 46.192237854003906, 115.93346405029297
1234.9088134765625, 636.9461669921875, 46.192237854003906, 115.93346405029297
1234.6138916015625, 636.4218139648438, 47.11608123779297, 118.25212860107422
1234.474853515625, 634.7296752929688, 48.05840301513672, 120.61717224121094
1235.528564453125, 633.8807983398438, 49.019569396972656, 123.02951049804688
1235.60302734375, 633.2938842773438, 49.999961853027344, 125.49009704589844
0.0, 0.0, 0.0, 0.0
0.0, 0.0, 0.0, 0.0
0.0, 0.0, 0.0, 0.0
0.0, 0.0, 0.0, 0.0
0.0, 0.0, 0.0, 0.0
0.0, 0.0, 0.0, 0.0
0.0, 0.0, 0.0, 0.0
0.0, 0.0, 0.0, 0.0
0.0, 0.0, 0.0, 0.0
0.0, 0.0, 0.0, 0.0
0.0, 0.0, 0.0, 0.0
0.0, 0.0, 0.0, 0.0
0.0, 0.0, 0.0, 0.0
0.0, 0.0, 0.0, 0.0
0.0, 0.0, 0.0, 0.0
0.0, 0.0, 0.0, 0.0
0.0, 0.0, 0.0, 0.0
0.0, 0.0, 0.0, 0.0
0.0, 0.0, 0.0, 0.0
0.0, 0.0, 0.0, 0.0
0.0, 0.0, 0.0, 0.0
0.0, 0.0, 0.0, 0.0
0.0, 0.0, 0.0, 0.0
0.0, 0.0, 0.0, 0.0
0.0, 0.0, 0.0, 0.0
0.0, 0.0, 0.0, 0.0
0.0, 0.0, 0.0, 0.0
0.0, 0.0, 0.0, 0.0
0.0, 0.0, 0.0, 0.0
0.0, 0.0, 0.0, 0.0
0.0, 0.0, 0.0, 0.0
0.0, 0.0, 0.0, 0.0
-24.999980926513672, -8.327110290527344, 49.999961853027344, 125.49009704589844
0.0, 0.0, 0.0, 0.0
0.0, 0.0, 0.0, 0.0
0.0, 0.0, 0.0, 0.0
0.0, 0.0, 0.0, 0.0
-24.999980926513672, -27.70541763305664, 49.999961853027344, 125.49009704589844
0.0, 0.0, 0.0, 0.0
0.0, 0.0, 0.0, 0.0
0.0, 0.0, 0.0, 0.0
0.0, 0.0, 0.0, 0.0
0.0, 0.0, 0.0, 0.0
0.0, 0.0, 0.0, 0.0
0.0, 0.0, 0.0, 0.0
0.0, 0.0, 0.0, 0.0
0.0, 0.0, 0.0, 0.0
0.0, 0.0, 0.0, 0.0
0.0, 0.0, 0.0, 0.0
0.0, 0.0, 0.0, 0.0
0.0, 0.0, 0.0, 0.0
0.0, 0.0, 0.0, 0.0
0.0, 0.0, 0.0, 0.0
0.0, 0.0, 0.0, 0.0
0.0, 0.0, 0.0, 0.0
0.0, 0.0, 0.0, 0.0
0.0, 0.0, 0.0, 0.0
0.0, 0.0, 0.0, 0.0
0.0, 0.0, 0.0, 0.0
0.0, 0.0, 0.0, 0.0
0.0, 0.0, 0.0, 0.0
0.0, 0.0, 0.0, 0.0
0.0, 0.0, 0.0, 0.0
0.0, 0.0, 0.0, 0.0
-12.295489311218262, -27.52393341064453, 49.999961853027344, 125.49009704589844
0.0, 0.0, 0.0, 0.0
0.0, 0.0, 0.0, 0.0
0.0, 0.0, 0.0, 0.0
0.0, 0.0, 0.0, 0.0
0.0, 0.0, 0.0, 0.0
0.0, 0.0, 0.0, 0.0
0.0, 0.0, 0.0, 0.0
0.0, 0.0, 0.0, 0.0
0.0, 0.0, 0.0, 0.0
0.0, 0.0, 0.0, 0.0
0.0, 0.0, 0.0, 0.0
0.0, 0.0, 0.0, 0.0
0.0, 0.0, 0.0, 0.0
0.0, 0.0, 0.0, 0.0
0.0, 0.0, 0.0, 0.0
0.0, 0.0, 0.0, 0.0
0.0, 0.0, 0.0, 0.0
0.0, 0.0, 0.0, 0.0
0.0, 0.0, 0.0, 0.0
0.0, 0.0, 0.0, 0.0
0.0, 0.0, 0.0, 0.0
0.0, 0.0, 0.0, 0.0
0.0, 0.0, 0.0, 0.0
0.0, 0.0, 0.0, 0.0
0.0, 0.0, 0.0, 0.0
0.0, 0.0, 0.0, 0.0
0.0, 0.0, 0.0, 0.0
0.0, 0.0, 0.0, 0.0
0.0, 0.0, 0.0, 0.0
0.0, 0.0, 0.0, 0.0
0.0, 0.0, 0.0, 0.0
0.0, 0.0, 0.0, 0.0
0.0, 0.0, 0.0, 0.0
0.0, 0.0, 0.0, 0.0
0.0, 0.0, 0.0, 0.0
0.0, 0.0, 0.0, 0.0
0.0, 0.0, 0.0, 0.0
0.0, 0.0, 0.0, 0.0
0.0, 0.0, 0.0, 0.0
0.0, 0.0, 0.0, 0.0
0.0, 0.0, 0.0, 0.0
0.0, 0.0, 0.0, 0.0
0.0, 0.0, 0.0, 0.0
0.0, 0.0, 0.0, 0.0
0.0, 0.0, 0.0, 0.0
0.0, 0.0, 0.0, 0.0
0.0, 0.0, 0.0, 0.0
0.0, 0.0, 0.0, 0.0
0.0, 0.0, 0.0, 0.0
0.0, 0.0, 0.0, 0.0
0.0, 0.0, 0.0, 0.0
0.0, 0.0, 0.0, 0.0
0.0, 0.0, 0.0, 0.0
0.0, 0.0, 0.0, 0.0
0.0, 0.0, 0.0, 0.0
0.0, 0.0, 0.0, 0.0
0.0, 0.0, 0.0, 0.0
0.0, 0.0, 0.0, 0.0
0.0, 0.0, 0.0, 0.0
0.0, 0.0, 0.0, 0.0
0.0, 0.0, 0.0, 0.0
0.0, 0.0, 0.0, 0.0
0.0, 0.0, 0.0, 0.0
0.0, 0.0, 0.0, 0.0
0.0, 0.0, 0.0, 0.0
0.0, 0.0, 0.0, 0.0
0.0, 0.0, 0.0, 0.0
0.0, 0.0, 0.0, 0.0
0.0, 0.0, 0.0, 0.0
0.0, 0.0, 0.0, 0.0
0.0, 0.0, 0.0, 0.0
0.0, 0.0, 0.0, 0.0
0.0, 0.0, 0.0, 0.0
0.0, 0.0, 0.0, 0.0
0.0, 0.0, 0.0, 0.0
0.0, 0.0, 0.0, 0.0
0.0, 0.0, 0.0, 0.0
0.0, 0.0, 0.0, 0.0
0.0, 0.0, 0.0, 0.0
0.0, 0.0, 0.0, 0.0
0.0, 0.0, 0.0, 0.0
0.0, 0.0, 0.0, 0.0
0.0, 0.0, 0.0, 0.0
0.0, 0.0, 0.0, 0.0
0.0, 0.0, 0.0, 0.0
0.0, 0.0, 0.0, 0.0
0.0, 0.0, 0.0, 0.0
0.0, 0.0, 0.0, 0.0
0.0, 0.0, 0.0, 0.0
0.0, 0.0, 0.0, 0.0
0.0, 0.0, 0.0, 0.0
0.0, 0.0, 0.0, 0.0
0.0, 0.0, 0.0, 0.0
0.0, 0.0, 0.0, 0.0
0.0, 0.0, 0.0, 0.0
0.0, 0.0, 0.0, 0.0
0.0, 0.0, 0.0, 0.0
0.0, 0.0, 0.0, 0.0
0.0, 0.0, 0.0, 0.0
0.0, 0.0, 0.0, 0.0
0.0, 0.0, 0.0, 0.0
0.0, 0.0, 0.0, 0.0
0.0, 0.0, 0.0, 0.0
0.0, 0.0, 0.0, 0.0
