1181.0,360.0,35.0,95.0
1144.0,350.0,35.0,95.0
1120.0,345.0,35.0,96.0
1100.0,341.0,34.0,93.0
1077.0,338.0,34.0,92.0
1061.0,333.0,34.0,91.0
1046.0,331.0,33.0,90.0
1031.0,328.0,33.0,89.0
1016.0,323.0,34.0,93.0
1005.0,320.0,34.0,92.0
996.0,322.0,37.0,91.0
988.0,320.0,37.0,92.0
980.0,320.0,37.0,92.0
976.0,319.0,37.0,92.0
974.0,320.0,38.0,91.0
970.0,318.0,38.0,90.0
965.0,318.0,39.0,93.0
959.0,316.0,40.0,95.0
955.0,317.0,39.0,92.0
946.0,315.0,39.0,94.0
935.0,313.0,39.0,96.0
924.0,311.0,39.0,96.0
911.0,308.0,38.0,96.0
893.0,307.0,37.0,94.0
879.0,305.0,34.0,95.0
860.0,303.0,34.0,96.0
840.0,302.0,33.0,96.0
824.0,296.0,34.0,98.0
806.0,297.0,37.0,97.0
787.0,298.0,37.0,97.0
776.0,295.0,40.0,97.0
766.0,293.0,41.0,98.0
762.0,293.0,42.0,98.0
757.0,292.0,42.0,99.0
752.0,292.0,43.0,101.0
750.0,291.0,43.0,99.0
748.0,293.0,43.0,98.0
744.0,293.0,43.0,98.0
741.0,291.0,43.0,100.0
735.0,290.0,43.0,99.0
730.0,290.0,43.0,101.0
722.0,289.0,44.0,102.0
716.0,290.0,38.0,101.0
707.0,289.0,38.0,100.0
695.0,288.0,38.0,100.0
680.0,287.0,38.0,100.0
665.0,288.0,38.0,98.0
647.0,288.0,38.0,98.0
627.0,287.0,38.0,98.0
608.0,287.0,38.0,98.0
587.0,287.0,38.0,99.0
567.0,288.0,38.0,98.0
547.0,288.0,40.0,99.0
525.0,289.0,40.0,99.0
504.0,290.0,40.0,99.0
485.0,291.0,40.0,98.0
466.0,292.0,40.0,98.0
449.0,294.0,38.0,95.0
437.0,295.0,39.0,96.0
428.0,296.0,39.0,96.0
422.0,296.0,38.0,95.0
417.0,297.0,39.0,97.0
414.0,299.0,37.0,95.0
411.0,299.0,38.0,97.0
409.0,300.0,38.0,96.0
407.0,300.0,37.0,96.0
406.0,302.0,37.0,94.0
405.0,301.0,37.0,96.0
404.0,302.0,38.0,96.0
405.0,303.0,37.0,94.0
406.0,303.0,37.0,94.0
405.0,303.0,37.0,95.0
406.0,303.0,43.0,96.0
407.0,303.0,43.0,95.0
407.0,302.0,44.0,96.0
408.0,303.0,44.0,96.0
409.0,303.0,43.0,96.0
411.0,304.0,43.0,94.0
413.0,303.0,44.0,96.0
413.0,303.0,44.0,96.0
415.0,303.0,43.0,95.0
417.0,303.0,43.0,96.0
418.0,302.0,40.0,98.0
418.0,301.0,40.0,98.0
419.0,302.0,40.0,99.0
420.0,302.0,41.0,100.0
422.0,301.0,41.0,101.0
422.0,301.0,41.0,101.0
423.0,301.0,41.0,102.0
425.0,302.0,41.0,102.0
426.0,303.0,41.0,101.0
427.0,303.0,41.0,102.0
431.0,304.0,41.0,101.0
431.0,304.0,41.0,101.0
434.0,305.0,41.0,101.0
435.0,306.0,40.0,100.0
436.0,306.0,40.0,99.0
436.0,306.0,40.0,99.0
434.0,306.0,41.0,102.0
431.0,307.0,40.0,101.0
426.0,307.0,40.0,101.0
423.0,307.0,41.0,101.0
415.0,307.0,37.0,101.0
408.0,308.0,37.0,100.0
402.0,309.0,37.0,99.0
399.0,309.0,37.0,100.0
392.0,309.0,37.0,100.0
387.0,311.0,37.0,100.0
378.0,313.0,37.0,99.0
381.0,312.0,37.0,100.0
380.0,312.0,37.0,101.0
380.0,312.0,37.0,101.0
380.0,311.0,44.0,103.0
382.0,311.0,43.0,101.0
379.0,311.0,44.0,102.0
384.0,312.0,43.0,100.0
385.0,312.0,43.0,100.0
387.0,311.0,43.0,101.0
389.0,311.0,44.0,103.0
390.0,311.0,44.0,103.0
392.0,311.0,45.0,105.0
393.0,310.0,45.0,105.0
395.0,311.0,39.0,102.0
396.0,310.0,39.0,101.0
398.0,311.0,39.0,100.0
400.0,310.0,39.0,100.0
402.0,311.0,39.0,100.0
403.0,311.0,38.0,99.0
405.0,312.0,38.0,98.0
407.0,312.0,37.0,97.0
410.0,313.0,37.0,97.0
412.0,312.0,37.0,96.0
413.0,312.0,42.0,99.0
416.0,313.0,42.0,98.0
417.0,311.0,43.0,99.0
419.0,310.0,43.0,100.0
420.0,310.0,43.0,101.0
421.0,310.0,43.0,101.0
421.0,309.0,43.0,102.0
434.0,306.0,43.0,101.0
427.0,307.0,43.0,102.0
428.0,307.0,43.0,101.0
432.0,305.0,39.0,100.0
433.0,304.0,39.0,100.0
435.0,304.0,38.0,98.0
437.0,304.0,37.0,96.0
439.0,304.0,37.0,96.0
441.0,303.0,37.0,96.0
442.0,301.0,38.0,98.0
444.0,300.0,38.0,98.0
445.0,299.0,39.0,99.0
446.0,299.0,39.0,100.0
449.0,299.0,39.0,100.0
449.0,299.0,39.0,98.0
451.0,298.0,39.0,98.0
453.0,297.0,38.0,97.0
454.0,296.0,38.0,97.0
456.0,295.0,39.0,99.0
456.0,295.0,38.0,97.0
458.0,294.0,38.0,96.0
459.0,294.0,38.0,96.0
460.0,294.0,37.0,94.0
462.0,295.0,39.0,93.0
460.0,295.0,38.0,91.0
467.0,294.0,38.0,89.0
468.0,294.0,38.0,89.0
470.0,293.0,38.0,90.0
472.0,293.0,37.0,88.0
474.0,293.0,38.0,89.0
474.0,291.0,38.0,91.0
477.0,291.0,38.0,91.0
478.0,289.0,38.0,91.0
479.0,289.0,33.0,93.0
480.0,287.0,33.0,92.0
482.0,288.0,32.0,90.0
484.0,286.0,33.0,93.0
485.0,285.0,32.0,91.0
487.0,286.0,31.0,88.0
489.0,285.0,31.0,87.0
491.0,285.0,30.0,85.0
493.0,285.0,30.0,85.0
494.0,284.0,30.0,85.0
493.0,283.0,37.0,89.0
494.0,282.0,37.0,90.0
498.0,281.0,38.0,92.0
498.0,279.0,38.0,92.0
498.0,278.0,39.0,94.0
499.0,278.0,38.0,93.0
500.0,276.0,38.0,93.0
502.0,276.0,38.0,93.0
504.0,275.0,38.0,92.0
504.0,275.0,38.0,92.0
506.0,273.0,35.0,93.0
507.0,273.0,35.0,94.0
507.0,273.0,35.0,94.0
509.0,272.0,35.0,94.0
510.0,272.0,34.0,92.0
511.0,272.0,35.0,93.0
513.0,271.0,35.0,94.0
513.0,270.0,35.0,94.0
515.0,270.0,35.0,93.0
515.0,270.0,35.0,93.0
516.0,270.0,38.0,90.0
516.0,268.0,39.0,91.0
516.0,268.0,39.0,93.0
517.0,267.0,39.0,92.0
516.0,265.0,39.0,93.0
518.0,265.0,39.0,91.0
519.0,266.0,38.0,90.0
520.0,265.0,38.0,90.0
521.0,264.0,39.0,91.0
520.0,264.0,39.0,92.0
526.0,261.0,37.0,92.0
522.0,262.0,37.0,92.0
529.0,260.0,37.0,91.0
527.0,260.0,37.0,91.0
527.0,260.0,37.0,91.0
528.0,258.0,37.0,92.0
528.0,257.0,37.0,93.0
529.0,256.0,37.0,93.0
531.0,255.0,37.0,93.0
529.0,255.0,37.0,93.0
531.0,255.0,36.0,94.0
531.0,254.0,35.0,93.0
533.0,254.0,35.0,92.0
533.0,254.0,35.0,92.0
534.0,254.0,35.0,91.0
534.0,253.0,35.0,92.0
535.0,254.0,35.0,92.0
535.0,254.0,36.0,93.0
535.0,253.0,35.0,92.0
538.0,253.0,36.0,93.0
537.0,254.0,40.0,93.0
538.0,255.0,40.0,91.0
540.0,254.0,40.0,91.0
543.0,254.0,39.0,90.0
544.0,254.0,40.0,91.0
544.0,254.0,40.0,92.0
545.0,254.0,40.0,93.0
546.0,252.0,41.0,94.0
547.0,252.0,41.0,95.0
549.0,251.0,41.0,93.0
550.0,253.0,33.0,94.0
551.0,253.0,33.0,92.0
553.0,252.0,33.0,93.0
554.0,253.0,32.0,91.0
555.0,252.0,33.0,92.0
557.0,252.0,32.0,90.0
558.0,252.0,32.0,89.0
560.0,252.0,31.0,88.0
561.0,252.0,32.0,89.0
563.0,252.0,32.0,89.0
563.0,250.0,38.0,90.0
566.0,250.0,38.0,90.0
567.0,250.0,38.0,89.0
568.0,249.0,38.0,89.0
570.0,247.0,38.0,90.0
571.0,247.0,39.0,92.0
571.0,246.0,39.0,91.0
574.0,247.0,38.0,90.0
576.0,246.0,38.0,90.0
576.0,246.0,39.0,91.0
582.0,249.0,36.0,89.0
582.0,248.0,35.0,88.0
583.0,249.0,35.0,87.0
585.0,250.0,34.0,85.0
587.0,250.0,34.0,84.0
590.0,250.0,33.0,83.0
591.0,251.0,33.0,82.0
594.0,251.0,33.0,82.0
596.0,250.0,33.0,82.0
598.0,250.0,34.0,85.0
596.0,247.0,37.0,88.0
597.0,246.0,38.0,89.0
598.0,245.0,38.0,91.0
600.0,245.0,38.0,90.0
602.0,245.0,38.0,89.0
603.0,244.0,38.0,89.0
604.0,245.0,38.0,89.0
606.0,245.0,37.0,87.0
607.0,244.0,37.0,88.0
608.0,245.0,37.0,88.0
614.0,246.0,35.0,88.0
615.0,246.0,35.0,87.0
616.0,246.0,35.0,87.0
618.0,246.0,35.0,86.0
619.0,245.0,35.0,88.0
620.0,244.0,36.0,89.0
621.0,245.0,35.0,88.0
623.0,243.0,35.0,88.0
624.0,243.0,35.0,87.0
626.0,243.0,35.0,85.0
629.0,243.0,33.0,86.0
628.0,243.0,33.0,85.0
629.0,242.0,34.0,86.0
630.0,242.0,33.0,85.0
632.0,243.0,33.0,85.0
633.0,243.0,33.0,85.0
634.0,243.0,33.0,84.0
636.0,243.0,33.0,84.0
637.0,243.0,33.0,84.0
640.0,244.0,32.0,83.0
641.0,244.0,37.0,82.0
644.0,244.0,37.0,82.0
644.0,243.0,37.0,83.0
646.0,242.0,37.0,84.0
647.0,242.0,38.0,85.0
649.0,243.0,34.0,85.0
649.0,241.0,35.0,87.0
652.0,240.0,35.0,87.0
652.0,241.0,35.0,86.0
653.0,240.0,35.0,86.0
656.0,241.0,34.0,85.0
658.0,241.0,34.0,84.0
659.0,242.0,34.0,84.0
659.0,241.0,35.0,85.0
661.0,241.0,34.0,84.0
663.0,241.0,35.0,83.0
664.0,240.0,35.0,83.0
665.0,240.0,36.0,85.0
666.0,240.0,35.0,83.0
668.0,239.0,35.0,84.0
668.0,238.0,35.0,85.0
668.0,238.0,35.0,83.0
670.0,239.0,35.0,83.0
671.0,239.0,35.0,83.0
672.0,238.0,35.0,83.0
674.0,238.0,34.0,83.0
675.0,238.0,34.0,83.0
676.0,238.0,34.0,82.0
677.0,238.0,34.0,83.0
680.0,239.0,33.0,81.0
682.0,239.0,37.0,80.0
684.0,239.0,37.0,79.0
686.0,238.0,37.0,79.0
688.0,239.0,36.0,77.0
690.0,239.0,36.0,77.0
692.0,242.0,36.0,76.0
694.0,241.0,36.0,76.0
697.0,242.0,36.0,76.0
697.0,242.0,37.0,78.0
699.0,241.0,37.0,79.0
701.0,239.0,34.0,82.0
701.0,238.0,34.0,82.0
703.0,238.0,34.0,82.0
704.0,238.0,34.0,82.0
705.0,238.0,34.0,82.0
710.0,238.0,33.0,84.0
710.0,238.0,33.0,84.0
711.0,238.0,33.0,84.0
712.0,238.0,33.0,84.0
714.0,238.0,34.0,85.0
714.0,240.0,34.0,82.0
715.0,240.0,34.0,82.0
716.0,240.0,34.0,82.0
717.0,240.0,34.0,82.0
717.0,238.0,34.0,84.0
720.0,239.0,34.0,83.0
720.0,238.0,34.0,83.0
720.0,239.0,34.0,82.0
721.0,239.0,34.0,82.0
723.0,239.0,33.0,80.0
724.0,239.0,34.0,81.0
724.0,238.0,34.0,81.0
725.0,238.0,34.0,81.0
727.0,238.0,34.0,81.0
728.0,238.0,34.0,80.0
729.0,241.0,34.0,78.0
730.0,240.0,34.0,78.0
731.0,241.0,34.0,76.0
733.0,241.0,33.0,76.0
734.0,241.0,33.0,75.0
734.0,242.0,36.0,78.0
735.0,241.0,36.0,78.0
737.0,242.0,36.0,78.0
737.0,241.0,36.0,80.0
739.0,241.0,36.0,79.0
743.0,239.0,35.0,81.0
743.0,239.0,35.0,81.0
744.0,239.0,35.0,81.0
745.0,239.0,34.0,80.0
747.0,240.0,33.0,78.0
750.0,240.0,32.0,80.0
751.0,240.0,32.0,80.0
752.0,241.0,32.0,79.0
753.0,241.0,31.0,77.0
755.0,242.0,31.0,77.0
754.0,242.0,35.0,80.0
753.0,242.0,34.0,79.0
755.0,242.0,35.0,80.0
756.0,242.0,35.0,80.0
757.0,241.0,35.0,80.0
760.0,240.0,33.0,78.0
760.0,241.0,33.0,77.0
760.0,241.0,32.0,75.0
762.0,240.0,32.0,75.0
763.0,240.0,32.0,75.0
764.0,239.0,31.0,77.0
765.0,239.0,31.0,76.0
765.0,238.0,32.0,77.0
765.0,238.0,31.0,77.0
767.0,239.0,31.0,76.0
768.0,240.0,33.0,72.0
768.0,240.0,34.0,72.0
770.0,240.0,33.0,71.0
771.0,240.0,33.0,70.0
774.0,240.0,31.0,67.0
774.0,241.0,31.0,70.0
776.0,241.0,31.0,69.0
777.0,241.0,32.0,70.0
778.0,243.0,31.0,68.0
780.0,242.0,30.0,67.0
781.0,241.0,30.0,70.0
782.0,241.0,30.0,69.0
783.0,241.0,30.0,69.0
784.0,241.0,30.0,69.0
784.0,241.0,30.0,69.0
789.0,241.0,27.0,69.0
789.0,242.0,27.0,68.0
789.0,242.0,28.0,69.0
790.0,242.0,28.0,69.0
790.0,241.0,28.0,70.0
792.0,241.0,29.0,70.0
793.0,240.0,29.0,70.0
794.0,240.0,29.0,69.0
794.0,241.0,29.0,68.0
795.0,240.0,28.0,68.0
796.0,239.0,27.0,68.0
796.0,238.0,27.0,67.0
797.0,238.0,26.0,66.0
797.0,237.0,27.0,66.0
799.0,238.0,26.0,65.0
798.0,239.0,28.0,65.0
800.0,239.0,28.0,64.0
800.0,240.0,28.0,64.0
801.0,239.0,28.0,64.0
802.0,240.0,27.0,63.0
803.0,240.0,30.0,64.0
804.0,240.0,30.0,63.0
805.0,240.0,30.0,63.0
806.0,241.0,30.0,63.0
808.0,240.0,30.0,63.0
810.0,239.0,27.0,65.0
811.0,239.0,27.0,64.0
811.0,238.0,27.0,65.0
812.0,238.0,27.0,66.0
814.0,237.0,27.0,66.0
817.0,237.0,25.0,65.0
817.0,237.0,25.0,64.0
817.0,238.0,25.0,64.0
818.0,237.0,25.0,65.0
819.0,237.0,25.0,64.0
819.0,239.0,26.0,63.0
820.0,238.0,27.0,63.0
820.0,238.0,26.0,63.0
821.0,238.0,26.0,63.0
822.0,238.0,26.0,63.0
823.0,238.0,26.0,66.0
822.0,238.0,26.0,65.0
824.0,238.0,26.0,65.0
825.0,237.0,26.0,64.0
825.0,236.0,25.0,64.0
827.0,237.0,25.0,65.0
827.0,237.0,25.0,64.0
828.0,237.0,24.0,63.0
828.0,237.0,24.0,63.0
830.0,238.0,24.0,62.0
831.0,237.0,24.0,64.0
830.0,237.0,24.0,63.0
831.0,238.0,24.0,63.0
831.0,238.0,24.0,63.0
832.0,239.0,24.0,63.0
834.0,239.0,27.0,62.0
835.0,238.0,27.0,62.0
836.0,238.0,26.0,60.0
837.0,239.0,26.0,60.0
838.0,240.0,26.0,60.0
840.0,241.0,25.0,61.0
840.0,242.0,25.0,61.0
841.0,241.0,25.0,61.0
842.0,242.0,26.0,62.0
843.0,242.0,26.0,63.0
845.0,241.0,26.0,64.0
844.0,240.0,25.0,62.0
846.0,240.0,26.0,63.0
847.0,241.0,25.0,62.0
848.0,241.0,25.0,62.0
850.0,242.0,24.0,63.0
850.0,242.0,24.0,62.0
851.0,242.0,24.0,62.0
852.0,242.0,24.0,62.0
853.0,242.0,24.0,62.0
854.0,244.0,25.0,63.0
855.0,244.0,25.0,62.0
855.0,245.0,24.0,61.0
857.0,245.0,24.0,61.0
858.0,245.0,23.0,60.0
860.0,243.0,24.0,62.0
859.0,243.0,24.0,61.0
860.0,244.0,24.0,60.0
860.0,243.0,24.0,61.0
862.0,243.0,24.0,61.0
864.0,244.0,25.0,62.0
864.0,244.0,25.0,62.0
864.0,244.0,25.0,62.0
865.0,245.0,25.0,62.0
867.0,245.0,25.0,62.0
868.0,246.0,29.0,62.0
869.0,246.0,28.0,60.0
871.0,245.0,29.0,61.0
871.0,246.0,29.0,61.0
873.0,247.0,29.0,61.0
876.0,247.0,25.0,61.0
876.0,247.0,25.0,62.0
877.0,247.0,25.0,62.0
878.0,248.0,26.0,63.0
878.0,247.0,26.0,63.0
883.0,248.0,24.0,62.0
883.0,248.0,24.0,61.0
884.0,249.0,24.0,61.0
884.0,249.0,24.0,61.0
886.0,249.0,24.0,61.0
887.0,249.0,26.0,64.0
888.0,249.0,26.0,63.0
888.0,249.0,26.0,64.0
889.0,249.0,26.0,64.0
890.0,249.0,26.0,64.0
892.0,250.0,25.0,65.0
893.0,250.0,25.0,65.0
893.0,249.0,26.0,65.0
894.0,248.0,27.0,67.0
893.0,247.0,27.0,67.0
898.0,249.0,24.0,63.0
898.0,248.0,24.0,63.0
899.0,248.0,23.0,62.0
900.0,248.0,23.0,61.0
901.0,249.0,23.0,62.0
901.0,250.0,24.0,61.0
901.0,250.0,24.0,62.0
902.0,250.0,24.0,62.0
902.0,250.0,24.0,62.0
904.0,250.0,24.0,61.0
908.0,252.0,24.0,60.0
908.0,252.0,24.0,60.0
909.0,253.0,24.0,60.0
911.0,253.0,24.0,60.0
912.0,253.0,24.0,60.0
914.0,254.0,23.0,60.0
913.0,254.0,23.0,60.0
914.0,254.0,23.0,60.0
914.0,254.0,23.0,60.0
916.0,254.0,23.0,60.0
919.0,253.0,23.0,61.0
920.0,253.0,23.0,60.0
921.0,254.0,23.0,60.0
922.0,254.0,23.0,60.0
922.0,256.0,22.0,59.0
923.0,254.0,22.0,64.0
922.0,254.0,22.0,64.0
923.0,255.0,22.0,64.0
924.0,256.0,22.0,64.0
925.0,256.0,22.0,64.0
927.0,258.0,22.0,62.0
926.0,260.0,22.0,61.0
927.0,261.0,22.0,61.0
927.0,261.0,22.0,62.0
928.0,262.0,22.0,61.0
928.0,263.0,24.0,60.0
927.0,264.0,24.0,59.0
928.0,264.0,24.0,60.0
928.0,265.0,24.0,60.0
929.0,266.0,24.0,60.0
930.0,269.0,24.0,60.0
930.0,270.0,24.0,59.0
931.0,270.0,24.0,60.0
930.0,272.0,24.0,60.0
931.0,273.0,24.0,60.0
934.0,275.0,24.0,60.0
934.0,276.0,24.0,59.0
934.0,278.0,24.0,59.0
935.0,278.0,24.0,60.0
935.0,280.0,24.0,59.0
937.0,283.0,24.0,60.0
937.0,283.0,24.0,60.0
938.0,285.0,24.0,60.0
939.0,287.0,24.0,60.0
941.0,287.0,23.0,59.0
942.0,289.0,24.0,59.0
942.0,289.0,24.0,59.0
943.0,291.0,24.0,59.0
944.0,292.0,24.0,59.0
944.0,293.0,24.0,59.0
949.0,296.0,22.0,56.0
949.0,297.0,22.0,55.0
951.0,298.0,22.0,55.0
952.0,299.0,22.0,55.0
952.0,300.0,22.0,55.0
952.0,299.0,23.0,55.0
952.0,301.0,23.0,54.0
953.0,302.0,23.0,54.0
953.0,302.0,23.0,54.0
954.0,303.0,23.0,54.0
956.0,303.0,22.0,56.0
955.0,302.0,22.0,56.0
956.0,303.0,22.0,56.0
957.0,304.0,22.0,55.0
957.0,304.0,22.0,56.0
960.0,305.0,23.0,56.0
962.0,305.0,23.0,55.0
964.0,305.0,22.0,55.0
967.0,306.0,23.0,55.0
973.0,308.0,22.0,55.0
978.0,307.0,22.0,57.0
984.0,308.0,22.0,56.0
992.0,311.0,22.0,56.0
1001.0,312.0,22.0,56.0
1012.0,314.0,22.0,56.0
1027.0,318.0,22.0,62.0
1047.0,323.0,23.0,62.0
1071.0,327.0,23.0,63.0
1099.0,334.0,22.0,63.0
1129.0,342.0,23.0,61.0
1161.0,349.0,23.0,62.0
1190.0,358.0,24.0,62.0
1222.0,368.0,24.0,63.0
1252.0,378.0,23.0,62.0
