665.0,53.0,50.0,106.0
665.0,53.0,50.0,106.0
665.0,53.0,50.0,106.0
665.0,53.0,50.0,106.0
666.0,52.0,50.0,106.0
667.0,52.0,49.0,106.0
667.0,52.0,49.0,106.0
668.0,52.0,48.0,106.0
668.0,51.0,48.0,106.0
669.0,51.0,47.0,106.0
669.0,51.0,47.0,105.0
671.0,51.0,48.0,104.0
671.0,51.0,48.0,103.0
671.0,51.0,48.0,104.0
671.0,51.0,49.0,104.0
671.0,51.0,50.0,104.0
672.0,51.0,51.0,105.0
672.0,51.0,51.0,105.0
673.0,51.0,52.0,105.0
674.0,51.0,52.0,105.0
675.0,52.0,51.0,105.0
676.0,52.0,50.0,105.0
677.0,53.0,50.0,105.0
679.0,53.0,50.0,106.0
680.0,53.0,49.0,106.0
681.0,53.0,49.0,106.0
682.0,53.0,50.0,106.0
682.0,53.0,50.0,107.0
683.0,53.0,50.0,106.0
685.0,53.0,50.0,106.0
685.0,53.0,50.0,106.0
687.0,53.0,50.0,105.0
687.0,53.0,49.0,104.0
687.0,53.0,49.0,103.0
687.0,53.0,49.0,104.0
688.0,53.0,49.0,105.0
688.0,53.0,49.0,105.0
688.0,55.0,49.0,106.0
688.0,55.0,49.0,106.0
688.0,56.0,49.0,107.0
688.0,56.0,49.0,107.0
688.0,57.0,49.0,107.0
689.0,57.0,49.0,107.0
690.0,58.0,50.0,108.0
691.0,59.0,50.0,108.0
691.0,59.0,50.0,108.0
693.0,60.0,51.0,108.0
695.0,61.0,51.0,108.0
695.0,61.0,51.0,108.0
697.0,61.0,51.0,109.0
697.0,62.0,50.0,109.0
699.0,63.0,50.0,110.0
699.0,63.0,50.0,110.0
699.0,64.0,50.0,109.0
699.0,64.0,50.0,109.0
700.0,65.0,50.0,108.0
700.0,66.0,50.0,107.0
700.0,67.0,50.0,106.0
700.0,68.0,50.0,106.0
700.0,68.0,50.0,107.0
699.0,69.0,50.0,108.0
698.0,70.0,51.0,108.0
697.0,72.0,51.0,107.0
695.0,72.0,52.0,107.0
695.0,74.0,52.0,107.0
693.0,76.0,52.0,108.0
692.0,77.0,52.0,108.0
691.0,78.0,52.0,108.0
689.0,80.0,52.0,108.0
688.0,81.0,52.0,108.0
686.0,82.0,52.0,109.0
684.0,82.0,51.0,109.0
682.0,83.0,50.0,109.0
680.0,84.0,51.0,109.0
677.0,86.0,51.0,108.0
674.0,87.0,51.0,107.0
672.0,88.0,51.0,106.0
669.0,89.0,51.0,105.0
667.0,91.0,50.0,104.0
665.0,91.0,51.0,105.0
663.0,92.0,51.0,105.0
661.0,93.0,51.0,105.0
658.0,95.0,51.0,106.0
656.0,96.0,52.0,106.0
654.0,97.0,52.0,107.0
652.0,99.0,52.0,107.0
650.0,100.0,51.0,108.0
650.0,102.0,51.0,108.0
648.0,103.0,52.0,108.0
647.0,105.0,52.0,108.0
646.0,107.0,52.0,108.0
646.0,108.0,52.0,109.0
645.0,110.0,52.0,110.0
645.0,111.0,52.0,110.0
647.0,112.0,52.0,110.0
648.0,114.0,52.0,110.0
650.0,115.0,51.0,110.0
652.0,117.0,51.0,110.0
655.0,118.0,52.0,109.0
658.0,120.0,52.0,108.0
661.0,122.0,51.0,108.0
664.0,122.0,51.0,108.0
668.0,124.0,50.0,108.0
672.0,126.0,51.0,107.0
677.0,128.0,51.0,106.0
682.0,130.0,51.0,105.0
686.0,131.0,52.0,106.0
691.0,133.0,53.0,108.0
696.0,134.0,53.0,109.0
702.0,137.0,53.0,109.0
706.0,139.0,53.0,108.0
712.0,142.0,53.0,108.0
718.0,144.0,53.0,109.0
724.0,146.0,53.0,110.0
728.0,148.0,53.0,110.0
733.0,151.0,53.0,110.0
737.0,154.0,52.0,111.0
741.0,156.0,52.0,111.0
743.0,157.0,52.0,111.0
746.0,157.0,53.0,111.0
748.0,159.0,53.0,111.0
748.0,161.0,53.0,110.0
748.0,163.0,52.0,109.0
749.0,165.0,52.0,108.0
747.0,166.0,52.0,108.0
744.0,167.0,52.0,108.0
742.0,169.0,52.0,108.0
740.0,169.0,52.0,108.0
736.0,171.0,53.0,108.0
733.0,173.0,53.0,108.0
729.0,175.0,53.0,108.0
726.0,176.0,53.0,108.0
722.0,178.0,54.0,108.0
719.0,179.0,54.0,109.0
715.0,180.0,53.0,110.0
711.0,181.0,53.0,111.0
708.0,183.0,53.0,111.0
705.0,185.0,53.0,111.0
701.0,186.0,53.0,111.0
698.0,187.0,53.0,111.0
694.0,189.0,53.0,112.0
692.0,190.0,53.0,112.0
688.0,191.0,53.0,112.0
684.0,191.0,52.0,112.0
682.0,192.0,52.0,112.0
678.0,194.0,52.0,112.0
676.0,195.0,53.0,111.0
673.0,196.0,53.0,111.0
672.0,198.0,53.0,110.0
670.0,199.0,53.0,109.0
670.0,201.0,53.0,108.0
670.0,203.0,53.0,107.0
670.0,205.0,53.0,107.0
670.0,207.0,53.0,106.0
671.0,208.0,53.0,108.0
671.0,209.0,53.0,109.0
673.0,210.0,53.0,110.0
675.0,212.0,53.0,111.0
675.0,214.0,54.0,111.0
677.0,216.0,54.0,112.0
679.0,218.0,54.0,112.0
680.0,218.0,53.0,112.0
682.0,220.0,53.0,113.0
683.0,222.0,53.0,112.0
684.0,224.0,54.0,112.0
685.0,225.0,54.0,112.0
687.0,227.0,54.0,111.0
688.0,228.0,54.0,111.0
689.0,229.0,54.0,111.0
691.0,231.0,54.0,110.0
691.0,232.0,54.0,109.0
693.0,233.0,55.0,108.0
694.0,235.0,54.0,108.0
695.0,236.0,54.0,107.0
696.0,237.0,54.0,107.0
697.0,239.0,54.0,107.0
698.0,239.0,54.0,108.0
698.0,241.0,54.0,108.0
697.0,242.0,54.0,109.0
697.0,243.0,54.0,110.0
696.0,245.0,54.0,110.0
695.0,245.0,54.0,111.0
695.0,246.0,55.0,111.0
693.0,247.0,55.0,111.0
693.0,248.0,55.0,112.0
692.0,248.0,54.0,112.0
691.0,250.0,54.0,113.0
690.0,250.0,54.0,113.0
688.0,250.0,54.0,113.0
688.0,250.0,54.0,113.0
686.0,251.0,54.0,112.0
684.0,251.0,54.0,112.0
682.0,253.0,55.0,112.0
681.0,253.0,55.0,111.0
679.0,253.0,54.0,110.0
678.0,253.0,54.0,109.0
677.0,253.0,54.0,108.0
675.0,255.0,54.0,107.0
674.0,255.0,54.0,106.0
672.0,255.0,54.0,107.0
672.0,256.0,54.0,108.0
670.0,257.0,54.0,109.0
669.0,257.0,54.0,109.0
668.0,257.0,54.0,109.0
666.0,257.0,54.0,109.0
664.0,259.0,54.0,110.0
664.0,259.0,54.0,111.0
662.0,259.0,54.0,112.0
661.0,259.0,54.0,112.0
660.0,261.0,54.0,112.0
659.0,261.0,53.0,113.0
658.0,261.0,54.0,113.0
656.0,260.0,54.0,113.0
655.0,260.0,54.0,113.0
654.0,260.0,54.0,112.0
654.0,260.0,55.0,112.0
653.0,260.0,55.0,112.0
652.0,260.0,54.0,111.0
653.0,260.0,53.0,109.0
653.0,260.0,53.0,108.0
653.0,260.0,53.0,108.0
652.0,260.0,53.0,108.0
652.0,260.0,54.0,108.0
652.0,260.0,54.0,109.0
652.0,261.0,54.0,110.0
652.0,261.0,54.0,110.0
652.0,261.0,54.0,110.0
652.0,261.0,54.0,111.0
652.0,261.0,54.0,111.0
651.0,261.0,55.0,111.0
651.0,261.0,55.0,112.0
651.0,261.0,55.0,113.0
651.0,261.0,55.0,113.0
651.0,261.0,54.0,113.0
651.0,261.0,54.0,113.0
650.0,260.0,54.0,113.0
650.0,259.0,54.0,113.0
650.0,259.0,54.0,113.0
649.0,259.0,54.0,111.0
648.0,259.0,53.0,110.0
647.0,258.0,53.0,109.0
646.0,258.0,53.0,108.0
644.0,257.0,54.0,107.0
642.0,257.0,54.0,106.0
641.0,257.0,54.0,106.0
640.0,257.0,54.0,107.0
638.0,257.0,54.0,107.0
636.0,256.0,54.0,108.0
634.0,255.0,54.0,108.0
632.0,255.0,54.0,109.0
630.0,255.0,54.0,110.0
628.0,255.0,54.0,110.0
626.0,255.0,55.0,110.0
624.0,255.0,54.0,111.0
622.0,253.0,54.0,112.0
620.0,253.0,54.0,113.0
618.0,252.0,54.0,112.0
616.0,250.0,54.0,112.0
614.0,250.0,54.0,112.0
612.0,249.0,54.0,111.0
611.0,248.0,54.0,111.0
609.0,248.0,54.0,111.0
607.0,247.0,54.0,109.0
605.0,247.0,54.0,108.0
604.0,246.0,53.0,106.0
602.0,245.0,54.0,107.0
600.0,245.0,54.0,107.0
599.0,243.0,54.0,107.0
598.0,243.0,54.0,108.0
596.0,242.0,54.0,109.0
595.0,241.0,54.0,110.0
594.0,241.0,54.0,110.0
593.0,241.0,54.0,111.0
593.0,241.0,53.0,111.0
591.0,240.0,54.0,111.0
591.0,240.0,54.0,111.0
589.0,240.0,54.0,112.0
588.0,240.0,54.0,112.0
587.0,240.0,54.0,112.0
586.0,240.0,54.0,112.0
585.0,239.0,54.0,111.0
583.0,238.0,53.0,111.0
583.0,238.0,53.0,111.0
581.0,238.0,53.0,110.0
579.0,237.0,54.0,108.0
577.0,237.0,54.0,107.0
575.0,237.0,54.0,107.0
573.0,236.0,53.0,107.0
571.0,236.0,53.0,106.0
569.0,236.0,53.0,107.0
567.0,236.0,53.0,107.0
565.0,236.0,53.0,107.0
563.0,236.0,53.0,108.0
561.0,237.0,53.0,108.0
560.0,237.0,53.0,108.0
558.0,237.0,53.0,109.0
556.0,236.0,54.0,110.0
555.0,236.0,54.0,111.0
553.0,236.0,53.0,111.0
552.0,236.0,53.0,111.0
552.0,235.0,52.0,111.0
550.0,234.0,52.0,111.0
550.0,234.0,53.0,111.0
550.0,234.0,53.0,111.0
549.0,234.0,53.0,110.0
548.0,234.0,54.0,109.0
547.0,234.0,55.0,108.0
549.0,233.0,54.0,107.0
550.0,233.0,54.0,107.0
552.0,232.0,54.0,106.0
552.0,231.0,54.0,106.0
554.0,231.0,54.0,106.0
556.0,231.0,54.0,107.0
558.0,231.0,54.0,107.0
561.0,230.0,54.0,107.0
564.0,230.0,54.0,107.0
567.0,230.0,54.0,107.0
569.0,230.0,54.0,108.0
573.0,230.0,54.0,108.0
575.0,230.0,54.0,108.0
579.0,231.0,54.0,108.0
581.0,231.0,54.0,109.0
585.0,231.0,54.0,108.0
587.0,231.0,54.0,108.0
590.0,231.0,54.0,108.0
592.0,231.0,54.0,107.0
596.0,231.0,54.0,106.0
598.0,231.0,54.0,106.0
600.0,231.0,54.0,105.0
602.0,231.0,55.0,104.0
604.0,231.0,55.0,103.0
606.0,231.0,54.0,103.0
608.0,232.0,54.0,104.0
609.0,232.0,53.0,104.0
610.0,232.0,53.0,104.0
611.0,232.0,53.0,105.0
613.0,232.0,52.0,106.0
613.0,232.0,53.0,106.0
614.0,232.0,53.0,107.0
614.0,233.0,54.0,107.0
614.0,233.0,53.0,107.0
615.0,234.0,53.0,107.0
615.0,235.0,52.0,106.0
615.0,236.0,53.0,107.0
614.0,235.0,54.0,107.0
614.0,235.0,54.0,107.0
615.0,235.0,53.0,107.0
616.0,235.0,53.0,107.0
618.0,235.0,52.0,107.0
618.0,235.0,51.0,107.0
619.0,235.0,50.0,106.0
619.0,235.0,50.0,105.0
621.0,237.0,50.0,105.0
622.0,237.0,50.0,105.0
624.0,238.0,50.0,104.0
625.0,238.0,51.0,104.0
626.0,237.0,51.0,104.0
627.0,238.0,52.0,104.0
629.0,239.0,52.0,104.0
632.0,239.0,53.0,104.0
634.0,240.0,53.0,104.0
635.0,240.0,54.0,104.0
637.0,241.0,55.0,104.0
638.0,242.0,55.0,104.0
640.0,243.0,56.0,104.0
642.0,243.0,56.0,104.0
643.0,245.0,56.0,103.0
645.0,245.0,56.0,103.0
647.0,246.0,57.0,103.0
648.0,246.0,57.0,103.0
649.0,247.0,56.0,103.0
651.0,247.0,56.0,103.0
651.0,247.0,55.0,103.0
653.0,248.0,55.0,103.0
654.0,248.0,54.0,103.0
656.0,249.0,53.0,103.0
657.0,249.0,52.0,103.0
658.0,250.0,50.0,103.0
658.0,250.0,49.0,103.0
657.0,250.0,49.0,104.0
655.0,251.0,50.0,105.0
654.0,251.0,50.0,105.0
650.0,251.0,52.0,105.0
647.0,252.0,53.0,105.0
643.0,253.0,54.0,105.0
638.0,254.0,54.0,105.0
633.0,255.0,55.0,105.0
627.0,256.0,55.0,105.0
621.0,257.0,55.0,105.0
615.0,257.0,55.0,105.0
609.0,259.0,55.0,105.0
603.0,259.0,54.0,106.0
597.0,260.0,54.0,106.0
591.0,261.0,53.0,106.0
585.0,261.0,53.0,106.0
578.0,263.0,53.0,106.0
572.0,265.0,53.0,106.0
567.0,265.0,52.0,106.0
562.0,267.0,51.0,107.0
555.0,269.0,50.0,107.0
549.0,271.0,50.0,106.0
544.0,272.0,50.0,105.0
538.0,274.0,50.0,104.0
534.0,275.0,52.0,104.0
531.0,277.0,53.0,104.0
529.0,279.0,54.0,104.0
529.0,279.0,55.0,104.0
529.0,281.0,56.0,104.0
530.0,282.0,56.0,104.0
533.0,283.0,56.0,104.0
536.0,285.0,56.0,104.0
539.0,285.0,56.0,103.0
543.0,287.0,56.0,103.0
546.0,288.0,57.0,103.0
549.0,289.0,57.0,103.0
554.0,289.0,56.0,103.0
558.0,291.0,56.0,103.0
563.0,291.0,55.0,103.0
568.0,293.0,53.0,103.0
573.0,294.0,51.0,104.0
578.0,295.0,49.0,104.0
581.0,297.0,50.0,104.0
585.0,298.0,51.0,105.0
587.0,299.0,51.0,105.0
590.0,300.0,51.0,105.0
592.0,302.0,51.0,106.0
594.0,303.0,50.0,106.0
595.0,304.0,52.0,105.0
595.0,306.0,53.0,105.0
596.0,307.0,55.0,104.0
596.0,308.0,55.0,104.0
596.0,310.0,56.0,104.0
596.0,311.0,57.0,104.0
595.0,313.0,57.0,104.0
593.0,315.0,57.0,104.0
591.0,316.0,58.0,104.0
589.0,317.0,58.0,105.0
587.0,317.0,57.0,106.0
585.0,318.0,57.0,106.0
583.0,319.0,56.0,106.0
580.0,321.0,56.0,105.0
578.0,322.0,55.0,104.0
577.0,323.0,54.0,105.0
576.0,324.0,53.0,105.0
575.0,325.0,52.0,105.0
574.0,327.0,51.0,106.0
572.0,327.0,50.0,107.0
571.0,328.0,50.0,107.0
571.0,329.0,51.0,107.0
569.0,330.0,51.0,108.0
569.0,330.0,52.0,108.0
569.0,332.0,53.0,107.0
569.0,332.0,54.0,107.0
570.0,334.0,55.0,107.0
570.0,335.0,55.0,107.0
572.0,336.0,56.0,107.0
573.0,338.0,57.0,108.0
575.0,339.0,57.0,108.0
578.0,341.0,56.0,107.0
580.0,342.0,56.0,107.0
584.0,343.0,56.0,107.0
587.0,343.0,56.0,107.0
590.0,345.0,55.0,106.0
594.0,345.0,55.0,106.0
596.0,347.0,54.0,107.0
600.0,349.0,53.0,107.0
604.0,349.0,53.0,107.0
607.0,351.0,53.0,107.0
610.0,353.0,52.0,107.0
612.0,353.0,52.0,107.0
614.0,355.0,52.0,107.0
615.0,356.0,52.0,106.0
616.0,358.0,53.0,106.0
616.0,359.0,53.0,106.0
617.0,360.0,54.0,105.0
617.0,362.0,55.0,105.0
617.0,364.0,56.0,105.0
617.0,365.0,58.0,104.0
617.0,366.0,57.0,105.0
617.0,368.0,57.0,106.0
617.0,369.0,56.0,106.0
616.0,370.0,57.0,107.0
615.0,371.0,57.0,107.0
615.0,372.0,58.0,107.0
615.0,372.0,57.0,107.0
615.0,374.0,57.0,107.0
614.0,374.0,56.0,106.0
614.0,376.0,56.0,106.0
614.0,377.0,55.0,106.0
614.0,379.0,55.0,106.0
614.0,379.0,55.0,106.0
613.0,380.0,55.0,106.0
613.0,380.0,55.0,107.0
613.0,381.0,55.0,108.0
612.0,382.0,55.0,110.0
611.0,383.0,55.0,111.0
610.0,384.0,56.0,112.0
609.0,386.0,56.0,113.0
607.0,386.0,56.0,113.0
606.0,388.0,56.0,113.0
605.0,388.0,55.0,113.0
604.0,390.0,55.0,113.0
602.0,390.0,55.0,113.0
602.0,392.0,55.0,113.0
602.0,394.0,55.0,113.0
602.0,394.0,55.0,113.0
600.0,394.0,54.0,112.0
600.0,395.0,54.0,112.0
600.0,396.0,55.0,112.0
600.0,396.0,55.0,111.0
600.0,396.0,55.0,111.0
600.0,398.0,55.0,110.0
600.0,398.0,55.0,109.0
600.0,399.0,54.0,108.0
601.0,399.0,55.0,108.0
601.0,399.0,56.0,107.0
601.0,399.0,56.0,107.0
603.0,399.0,56.0,107.0
603.0,399.0,56.0,107.0
603.0,399.0,55.0,107.0
604.0,399.0,55.0,108.0
605.0,401.0,55.0,110.0
605.0,401.0,55.0,112.0
607.0,401.0,55.0,112.0
607.0,401.0,55.0,112.0
608.0,401.0,55.0,113.0
609.0,402.0,56.0,113.0
611.0,403.0,56.0,113.0
612.0,403.0,56.0,113.0
613.0,403.0,56.0,113.0
615.0,403.0,56.0,112.0
616.0,404.0,56.0,112.0
618.0,405.0,56.0,111.0
619.0,405.0,57.0,110.0
620.0,405.0,57.0,109.0
622.0,405.0,57.0,109.0
622.0,405.0,57.0,109.0
624.0,406.0,57.0,108.0
624.0,406.0,57.0,108.0
625.0,406.0,57.0,108.0
626.0,406.0,57.0,108.0
626.0,407.0,57.0,108.0
627.0,407.0,57.0,108.0
628.0,408.0,57.0,108.0
628.0,409.0,57.0,110.0
628.0,409.0,56.0,111.0
629.0,410.0,56.0,112.0
628.0,410.0,57.0,112.0
628.0,411.0,57.0,112.0
628.0,412.0,57.0,112.0
628.0,412.0,57.0,112.0
628.0,412.0,57.0,112.0
628.0,411.0,56.0,112.0
627.0,411.0,56.0,111.0
627.0,411.0,56.0,111.0
627.0,411.0,56.0,111.0
625.0,411.0,56.0,110.0
623.0,412.0,56.0,108.0
621.0,411.0,55.0,107.0
621.0,411.0,55.0,107.0
620.0,410.0,54.0,106.0
619.0,410.0,54.0,106.0
618.0,409.0,54.0,105.0
617.0,408.0,54.0,105.0
617.0,408.0,55.0,104.0
617.0,407.0,55.0,106.0
619.0,406.0,55.0,107.0
619.0,406.0,55.0,109.0
620.0,406.0,55.0,110.0
621.0,405.0,54.0,111.0
622.0,404.0,54.0,112.0
623.0,404.0,54.0,112.0
623.0,404.0,54.0,112.0
624.0,403.0,54.0,112.0
625.0,403.0,54.0,112.0
627.0,404.0,54.0,111.0
629.0,404.0,55.0,110.0
630.0,404.0,54.0,110.0
631.0,403.0,54.0,109.0
633.0,403.0,53.0,108.0
634.0,403.0,53.0,108.0
636.0,404.0,53.0,107.0
638.0,404.0,52.0,106.0
638.0,403.0,53.0,106.0
640.0,403.0,53.0,106.0
640.0,403.0,54.0,106.0
641.0,403.0,54.0,105.0
641.0,402.0,54.0,105.0
641.0,402.0,54.0,104.0
641.0,402.0,54.0,104.0
641.0,401.0,55.0,104.0
641.0,401.0,55.0,104.0
642.0,401.0,56.0,104.0
642.0,401.0,56.0,104.0
642.0,401.0,57.0,104.0
643.0,401.0,57.0,104.0
644.0,401.0,57.0,104.0
644.0,401.0,57.0,104.0
644.0,400.0,58.0,104.0
645.0,399.0,58.0,104.0
645.0,399.0,58.0,104.0
645.0,399.0,58.0,104.0
645.0,399.0,58.0,104.0
646.0,397.0,58.0,103.0
647.0,397.0,57.0,103.0
648.0,396.0,56.0,103.0
650.0,396.0,55.0,103.0
650.0,396.0,54.0,104.0
650.0,396.0,53.0,104.0
650.0,396.0,53.0,104.0
649.0,396.0,53.0,105.0
649.0,396.0,53.0,106.0
649.0,396.0,53.0,107.0
649.0,396.0,54.0,107.0
649.0,396.0,54.0,107.0
648.0,396.0,55.0,107.0
648.0,397.0,55.0,106.0
648.0,399.0,56.0,105.0
647.0,399.0,56.0,104.0
647.0,400.0,56.0,104.0
647.0,400.0,57.0,104.0
647.0,401.0,57.0,104.0
646.0,401.0,57.0,104.0
647.0,401.0,56.0,104.0
647.0,402.0,56.0,104.0
646.0,402.0,56.0,104.0
645.0,402.0,55.0,103.0
644.0,403.0,55.0,103.0
644.0,403.0,54.0,103.0
642.0,404.0,54.0,103.0
641.0,404.0,53.0,103.0
638.0,404.0,52.0,103.0
636.0,404.0,51.0,104.0
633.0,404.0,50.0,104.0
629.0,404.0,51.0,104.0
624.0,404.0,52.0,103.0
618.0,404.0,53.0,103.0
613.0,404.0,55.0,103.0
607.0,404.0,56.0,103.0
600.0,404.0,57.0,103.0
594.0,405.0,58.0,103.0
588.0,405.0,59.0,103.0
581.0,405.0,59.0,103.0
574.0,406.0,59.0,103.0
567.0,407.0,59.0,102.0
560.0,407.0,58.0,101.0
552.0,408.0,58.0,101.0
543.0,408.0,58.0,101.0
535.0,408.0,58.0,101.0
528.0,408.0,57.0,101.0
520.0,410.0,56.0,102.0
512.0,410.0,55.0,102.0
504.0,410.0,55.0,102.0
496.0,411.0,54.0,103.0
488.0,411.0,54.0,104.0
482.0,412.0,54.0,105.0
475.0,413.0,53.0,105.0
469.0,413.0,53.0,106.0
464.0,415.0,54.0,106.0
459.0,415.0,55.0,106.0
454.0,415.0,57.0,106.0
451.0,417.0,57.0,105.0
448.0,417.0,58.0,104.0
445.0,417.0,59.0,103.0
444.0,418.0,59.0,103.0
444.0,418.0,59.0,103.0
444.0,418.0,59.0,103.0
442.0,417.0,60.0,104.0
441.0,416.0,61.0,104.0
441.0,414.0,62.0,105.0
441.0,414.0,62.0,104.0
441.0,415.0,62.0,104.0
441.0,414.0,62.0,103.0
441.0,413.0,61.0,103.0
439.0,412.0,60.0,103.0
439.0,412.0,59.0,103.0
438.0,411.0,58.0,103.0
437.0,409.0,58.0,103.0
436.0,408.0,57.0,104.0
434.0,408.0,57.0,104.0
432.0,407.0,56.0,103.0
431.0,407.0,55.0,103.0
428.0,405.0,56.0,103.0
426.0,405.0,57.0,103.0
424.0,403.0,58.0,103.0
422.0,401.0,58.0,104.0
421.0,400.0,59.0,105.0
420.0,399.0,60.0,105.0
418.0,397.0,60.0,105.0
416.0,395.0,60.0,105.0
414.0,393.0,61.0,105.0
413.0,391.0,61.0,106.0
411.0,387.0,61.0,106.0
409.0,385.0,61.0,107.0
407.0,382.0,61.0,107.0
405.0,379.0,61.0,106.0
404.0,377.0,61.0,106.0
403.0,374.0,59.0,106.0
402.0,371.0,58.0,106.0
401.0,368.0,57.0,106.0
400.0,365.0,56.0,106.0
398.0,362.0,55.0,106.0
398.0,359.0,55.0,106.0
398.0,357.0,55.0,106.0
396.0,354.0,55.0,106.0
396.0,351.0,56.0,106.0
396.0,349.0,56.0,107.0
396.0,347.0,57.0,107.0
395.0,343.0,58.0,108.0
395.0,341.0,58.0,108.0
395.0,338.0,58.0,107.0
395.0,335.0,59.0,106.0
395.0,333.0,59.0,107.0
396.0,329.0,59.0,107.0
397.0,325.0,59.0,108.0
397.0,323.0,59.0,108.0
398.0,319.0,59.0,108.0
398.0,315.0,59.0,109.0
399.0,311.0,58.0,108.0
401.0,307.0,58.0,107.0
403.0,303.0,58.0,107.0
405.0,300.0,57.0,107.0
407.0,296.0,56.0,107.0
411.0,292.0,56.0,107.0
413.0,289.0,55.0,107.0
415.0,286.0,54.0,107.0
418.0,282.0,54.0,108.0
422.0,278.0,54.0,108.0
425.0,274.0,54.0,109.0
428.0,271.0,55.0,109.0
432.0,268.0,55.0,109.0
435.0,264.0,55.0,109.0
439.0,260.0,55.0,109.0
443.0,258.0,54.0,109.0
446.0,254.0,54.0,109.0
450.0,250.0,54.0,109.0
453.0,247.0,54.0,110.0
457.0,243.0,54.0,110.0
461.0,239.0,54.0,110.0
465.0,236.0,54.0,110.0
469.0,233.0,53.0,110.0
472.0,230.0,53.0,109.0
475.0,226.0,53.0,108.0
479.0,223.0,53.0,107.0
481.0,220.0,52.0,106.0
485.0,217.0,52.0,106.0
488.0,213.0,52.0,106.0
492.0,210.0,52.0,107.0
496.0,207.0,52.0,107.0
499.0,204.0,52.0,107.0
503.0,202.0,52.0,107.0
509.0,198.0,52.0,107.0
513.0,196.0,53.0,108.0
518.0,192.0,53.0,109.0
523.0,190.0,53.0,109.0
527.0,187.0,53.0,109.0
531.0,185.0,53.0,109.0
537.0,182.0,53.0,109.0
541.0,179.0,52.0,110.0
546.0,176.0,52.0,110.0
550.0,173.0,52.0,109.0
554.0,170.0,51.0,109.0
558.0,167.0,51.0,108.0
560.0,164.0,51.0,108.0
563.0,161.0,51.0,107.0
566.0,159.0,52.0,107.0
567.0,156.0,52.0,106.0
567.0,153.0,52.0,106.0
568.0,150.0,52.0,105.0
567.0,148.0,52.0,106.0
567.0,146.0,53.0,106.0
565.0,143.0,53.0,106.0
563.0,140.0,53.0,107.0
561.0,138.0,52.0,107.0
559.0,136.0,52.0,108.0
555.0,134.0,52.0,108.0
553.0,132.0,53.0,108.0
551.0,130.0,53.0,108.0
549.0,128.0,52.0,108.0
547.0,127.0,52.0,108.0
546.0,125.0,52.0,108.0
544.0,122.0,52.0,108.0
542.0,120.0,51.0,108.0
540.0,116.0,51.0,108.0
538.0,114.0,51.0,107.0
538.0,113.0,51.0,107.0
536.0,111.0,51.0,106.0
534.0,109.0,51.0,105.0
533.0,107.0,51.0,104.0
531.0,104.0,50.0,103.0
530.0,102.0,51.0,103.0
529.0,100.0,51.0,103.0
527.0,97.0,51.0,103.0
525.0,95.0,51.0,104.0
524.0,93.0,51.0,105.0
522.0,91.0,51.0,106.0
521.0,89.0,51.0,105.0
521.0,87.0,51.0,105.0
519.0,85.0,51.0,105.0
517.0,84.0,51.0,105.0
517.0,83.0,52.0,105.0
515.0,82.0,52.0,105.0
513.0,80.0,52.0,106.0
512.0,77.0,51.0,106.0
511.0,75.0,51.0,107.0
510.0,74.0,51.0,107.0
509.0,73.0,51.0,106.0
507.0,71.0,51.0,106.0
507.0,69.0,51.0,106.0
506.0,68.0,51.0,105.0
505.0,67.0,50.0,104.0
504.0,65.0,51.0,104.0
503.0,63.0,51.0,104.0
501.0,61.0,51.0,104.0
501.0,61.0,51.0,103.0
501.0,59.0,51.0,103.0
500.0,58.0,51.0,103.0
500.0,57.0,51.0,103.0
499.0,56.0,50.0,104.0
498.0,55.0,50.0,104.0
498.0,54.0,50.0,104.0
498.0,53.0,50.0,105.0
498.0,52.0,50.0,105.0
498.0,51.0,50.0,105.0
496.0,50.0,51.0,104.0
496.0,50.0,51.0,104.0
496.0,48.0,51.0,105.0
495.0,46.0,51.0,106.0
495.0,44.0,51.0,106.0
495.0,44.0,51.0,106.0
495.0,43.0,51.0,105.0
495.0,43.0,51.0,105.0
495.0,42.0,51.0,104.0
494.0,41.0,50.0,104.0
494.0,40.0,50.0,103.0
494.0,40.0,50.0,103.0
494.0,38.0,50.0,102.0
494.0,38.0,49.0,101.0
494.0,36.0,50.0,102.0
493.0,35.0,50.0,102.0
493.0,34.0,50.0,103.0
492.0,34.0,50.0,103.0
492.0,33.0,51.0,103.0
492.0,32.0,51.0,103.0
492.0,32.0,51.0,103.0
491.0,32.0,50.0,103.0
491.0,30.0,50.0,103.0
491.0,30.0,50.0,104.0
491.0,30.0,50.0,105.0
491.0,28.0,49.0,105.0
491.0,28.0,49.0,105.0
491.0,27.0,49.0,105.0
491.0,25.0,49.0,105.0
490.0,25.0,49.0,104.0
490.0,23.0,50.0,104.0
490.0,23.0,50.0,104.0
490.0,23.0,50.0,103.0
490.0,22.0,50.0,102.0
490.0,22.0,49.0,101.0
490.0,21.0,49.0,101.0
491.0,20.0,49.0,101.0
491.0,20.0,49.0,101.0
491.0,19.0,49.0,101.0
491.0,19.0,49.0,101.0
492.0,18.0,49.0,101.0
492.0,18.0,50.0,101.0
492.0,18.0,50.0,101.0
492.0,18.0,51.0,101.0
493.0,16.0,51.0,101.0
493.0,16.0,50.0,101.0
495.0,15.0,50.0,101.0
495.0,15.0,50.0,101.0
495.0,14.0,50.0,101.0
497.0,14.0,49.0,101.0
497.0,14.0,49.0,101.0
497.0,12.0,49.0,101.0
497.0,12.0,49.0,101.0
498.0,11.0,49.0,101.0
498.0,10.0,49.0,101.0
498.0,10.0,49.0,101.0
498.0,8.0,49.0,101.0
499.0,8.0,49.0,101.0
500.0,6.0,49.0,101.0
500.0,6.0,49.0,101.0
500.0,6.0,49.0,101.0
500.0,4.0,49.0,101.0
500.0,4.0,49.0,101.0
501.0,4.0,49.0,101.0
501.0,3.0,49.0,101.0
501.0,3.0,49.0,101.0
501.0,2.0,49.0,101.0
501.0,2.0,49.0,101.0
502.0,1.0,49.0,101.0
502.0,0.0,49.0,101.0
502.0,-0.0,49.0,101.0
503.0,-2.0,49.0,101.0
503.0,-2.0,49.0,101.0
503.0,-2.0,49.0,101.0
503.0,-3.0,49.0,100.0
503.0,-3.0,49.0,99.0
502.0,-4.0,49.0,98.0
