511.0,568.0,38.0,64.0
511.0,568.0,38.0,64.0
511.0,568.0,38.0,64.0
511.0,568.0,38.0,64.0
511.0,568.0,38.0,64.0
509.0,568.0,38.0,64.0
509.0,568.0,38.0,64.0
509.0,568.0,38.0,64.0
509.0,569.0,38.0,64.0
509.0,569.0,38.0,64.0
507.0,570.0,38.0,64.0
507.0,570.0,38.0,64.0
507.0,570.0,38.0,64.0
506.0,570.0,38.0,64.0
506.0,571.0,38.0,64.0
505.0,571.0,38.0,64.0
504.0,571.0,38.0,64.0
504.0,571.0,38.0,64.0
503.0,571.0,38.0,64.0
502.0,571.0,38.0,64.0
502.0,571.0,38.0,64.0
502.0,571.0,38.0,64.0
501.0,571.0,38.0,64.0
500.0,571.0,38.0,64.0
500.0,571.0,38.0,64.0
500.0,571.0,38.0,64.0
499.0,570.0,38.0,64.0
498.0,570.0,38.0,64.0
498.0,571.0,38.0,64.0
498.0,572.0,38.0,64.0
496.0,572.0,38.0,64.0
496.0,572.0,38.0,64.0
496.0,572.0,38.0,64.0
496.0,572.0,38.0,64.0
496.0,572.0,38.0,64.0
495.0,573.0,38.0,64.0
495.0,573.0,38.0,64.0
495.0,573.0,38.0,64.0
494.0,573.0,38.0,64.0
493.0,573.0,38.0,64.0
493.0,573.0,38.0,64.0
493.0,573.0,38.0,64.0
491.0,573.0,38.0,64.0
491.0,573.0,38.0,64.0
491.0,574.0,39.0,64.0
490.0,575.0,39.0,64.0
489.0,575.0,39.0,64.0
489.0,575.0,39.0,64.0
488.0,575.0,39.0,64.0
487.0,575.0,39.0,64.0
486.0,575.0,39.0,64.0
486.0,576.0,39.0,64.0
484.0,576.0,39.0,64.0
484.0,575.0,39.0,64.0
484.0,575.0,39.0,64.0
482.0,575.0,39.0,64.0
482.0,576.0,39.0,64.0
482.0,577.0,39.0,64.0
480.0,577.0,39.0,64.0
480.0,577.0,39.0,64.0
480.0,577.0,39.0,64.0
478.0,577.0,39.0,64.0
478.0,577.0,39.0,64.0
478.0,578.0,39.0,64.0
478.0,579.0,39.0,64.0
476.0,579.0,39.0,64.0
476.0,579.0,39.0,64.0
476.0,579.0,39.0,64.0
476.0,579.0,39.0,64.0
474.0,579.0,39.0,64.0
474.0,579.0,39.0,64.0
474.0,580.0,39.0,64.0
474.0,580.0,39.0,64.0
474.0,580.0,39.0,64.0
473.0,579.0,39.0,64.0
473.0,579.0,39.0,64.0
473.0,579.0,39.0,64.0
472.0,579.0,39.0,64.0
471.0,579.0,39.0,64.0
471.0,580.0,39.0,64.0
471.0,580.0,39.0,64.0
470.0,581.0,39.0,64.0
469.0,581.0,39.0,64.0
468.0,582.0,39.0,64.0
468.0,582.0,39.0,64.0
466.0,582.0,39.0,65.0
466.0,581.0,39.0,65.0
466.0,581.0,39.0,65.0
464.0,581.0,39.0,65.0
464.0,581.0,39.0,65.0
464.0,581.0,39.0,65.0
462.0,581.0,39.0,65.0
462.0,581.0,39.0,65.0
462.0,581.0,39.0,65.0
460.0,581.0,39.0,65.0
460.0,581.0,39.0,65.0
459.0,581.0,39.0,65.0
458.0,581.0,39.0,65.0
458.0,582.0,39.0,65.0
458.0,582.0,39.0,65.0
456.0,583.0,39.0,65.0
456.0,583.0,39.0,65.0
456.0,583.0,39.0,65.0
456.0,583.0,39.0,65.0
454.0,584.0,39.0,65.0
454.0,584.0,39.0,65.0
454.0,584.0,39.0,65.0
453.0,583.0,39.0,65.0
453.0,583.0,39.0,65.0
452.0,583.0,39.0,65.0
452.0,584.0,39.0,65.0
452.0,584.0,39.0,65.0
451.0,584.0,39.0,65.0
450.0,584.0,39.0,65.0
450.0,584.0,39.0,65.0
449.0,584.0,39.0,65.0
448.0,584.0,39.0,65.0
448.0,584.0,39.0,65.0
447.0,585.0,39.0,65.0
446.0,586.0,39.0,65.0
446.0,586.0,39.0,65.0
445.0,586.0,39.0,65.0
444.0,586.0,39.0,65.0
442.0,586.0,39.0,65.0
442.0,586.0,39.0,66.0
441.0,585.0,39.0,66.0
440.0,585.0,39.0,66.0
440.0,585.0,39.0,66.0
438.0,585.0,39.0,66.0
438.0,585.0,39.0,66.0
436.0,585.0,39.0,66.0
436.0,585.0,39.0,66.0
435.0,585.0,39.0,66.0
434.0,585.0,39.0,66.0
434.0,586.0,39.0,66.0
432.0,587.0,39.0,66.0
432.0,587.0,39.0,66.0
432.0,587.0,39.0,66.0
431.0,587.0,39.0,66.0
431.0,587.0,39.0,66.0
430.0,588.0,39.0,66.0
430.0,589.0,39.0,66.0
430.0,589.0,39.0,66.0
429.0,589.0,39.0,66.0
428.0,589.0,39.0,66.0
428.0,589.0,39.0,66.0
428.0,590.0,39.0,66.0
428.0,590.0,39.0,66.0
428.0,590.0,39.0,66.0
428.0,590.0,39.0,66.0
428.0,590.0,39.0,66.0
428.0,590.0,39.0,66.0
427.0,590.0,39.0,66.0
427.0,591.0,39.0,66.0
427.0,592.0,39.0,66.0
427.0,592.0,39.0,66.0
427.0,592.0,39.0,66.0
427.0,592.0,39.0,66.0
426.0,592.0,39.0,66.0
426.0,592.0,39.0,66.0
426.0,592.0,39.0,66.0
426.0,593.0,39.0,66.0
426.0,593.0,39.0,66.0
426.0,593.0,39.0,66.0
426.0,593.0,39.0,66.0
425.0,593.0,39.0,66.0
425.0,593.0,39.0,66.0
424.0,593.0,39.0,66.0
424.0,593.0,39.0,66.0
424.0,594.0,39.0,66.0
424.0,594.0,39.0,66.0
424.0,594.0,39.0,66.0
424.0,594.0,39.0,66.0
424.0,595.0,39.0,67.0
424.0,595.0,39.0,67.0
424.0,596.0,39.0,67.0
424.0,596.0,39.0,67.0
424.0,596.0,39.0,67.0
424.0,596.0,39.0,67.0
425.0,597.0,39.0,67.0
425.0,597.0,39.0,67.0
425.0,598.0,39.0,67.0
425.0,598.0,39.0,67.0
425.0,598.0,39.0,67.0
425.0,598.0,39.0,67.0
425.0,598.0,39.0,67.0
425.0,598.0,39.0,67.0
425.0,598.0,39.0,67.0
425.0,598.0,39.0,67.0
425.0,600.0,39.0,67.0
425.0,600.0,39.0,67.0
425.0,600.0,39.0,67.0
425.0,601.0,39.0,67.0
425.0,602.0,39.0,67.0
424.0,602.0,39.0,67.0
424.0,602.0,39.0,67.0
424.0,603.0,39.0,67.0
424.0,604.0,39.0,67.0
424.0,604.0,39.0,68.0
424.0,604.0,39.0,68.0
424.0,604.0,39.0,68.0
424.0,604.0,39.0,68.0
424.0,604.0,39.0,68.0
424.0,604.0,39.0,68.0
424.0,604.0,39.0,68.0
424.0,604.0,39.0,68.0
424.0,605.0,39.0,68.0
424.0,606.0,39.0,68.0
424.0,606.0,39.0,68.0
424.0,606.0,39.0,68.0
424.0,607.0,39.0,68.0
424.0,608.0,39.0,68.0
425.0,608.0,39.0,68.0
425.0,609.0,39.0,68.0
425.0,610.0,39.0,68.0
425.0,610.0,39.0,68.0
425.0,611.0,39.0,68.0
425.0,611.0,39.0,68.0
426.0,611.0,39.0,68.0
427.0,612.0,39.0,68.0
427.0,612.0,39.0,68.0
427.0,612.0,39.0,68.0
427.0,612.0,39.0,68.0
427.0,612.0,39.0,68.0
427.0,614.0,39.0,68.0
427.0,614.0,39.0,68.0
427.0,614.0,39.0,68.0
427.0,615.0,39.0,68.0
427.0,616.0,39.0,68.0
427.0,616.0,39.0,68.0
428.0,617.0,39.0,68.0
428.0,618.0,39.0,68.0
428.0,619.0,39.0,68.0
429.0,619.0,39.0,68.0
429.0,620.0,39.0,68.0
429.0,620.0,39.0,68.0
429.0,620.0,39.0,68.0
429.0,620.0,39.0,68.0
429.0,620.0,39.0,68.0
431.0,620.0,39.0,68.0
431.0,621.0,39.0,68.0
431.0,621.0,39.0,68.0
431.0,622.0,39.0,68.0
431.0,622.0,39.0,68.0
431.0,622.0,39.0,68.0
432.0,622.0,39.0,68.0
432.0,624.0,39.0,68.0
432.0,624.0,39.0,68.0
432.0,624.0,38.0,68.0
433.0,625.0,38.0,68.0
434.0,626.0,38.0,68.0
434.0,626.0,39.0,68.0
434.0,627.0,39.0,68.0
433.0,628.0,39.0,68.0
433.0,628.0,40.0,68.0
434.0,629.0,40.0,68.0
434.0,629.0,40.0,68.0
435.0,630.0,40.0,68.0
436.0,630.0,40.0,68.0
437.0,630.0,40.0,68.0
438.0,631.0,39.0,68.0
439.0,631.0,39.0,68.0
439.0,632.0,39.0,68.0
440.0,633.0,38.0,68.0
440.0,634.0,38.0,68.0
440.0,634.0,38.0,69.0
440.0,635.0,38.0,70.0
440.0,635.0,38.0,71.0
442.0,634.0,38.0,70.0
442.0,634.0,38.0,70.0
443.0,632.0,38.0,69.0
444.0,627.0,38.0,65.0
444.0,622.0,38.0,61.0
446.0,617.0,38.0,57.0
446.0,611.0,38.0,58.0
448.0,605.0,38.0,58.0
448.0,601.0,38.0,59.0
449.0,596.0,38.0,59.0
450.0,591.0,38.0,59.0
450.0,587.0,38.0,59.0
451.0,581.0,38.0,60.0
452.0,575.0,37.0,61.0
452.0,569.0,37.0,63.0
453.0,564.0,38.0,63.0
453.0,558.0,38.0,63.0
454.0,551.0,38.0,63.0
455.0,544.0,38.0,63.0
455.0,537.0,38.0,64.0
457.0,529.0,38.0,65.0
457.0,523.0,38.0,65.0
458.0,516.0,39.0,65.0
459.0,509.0,39.0,65.0
459.0,505.0,39.0,65.0
459.0,501.0,39.0,65.0
459.0,497.0,39.0,65.0
460.0,500.0,39.0,60.0
461.0,505.0,38.0,55.0
462.0,509.0,38.0,50.0
462.0,509.0,38.0,50.0
462.0,510.0,38.0,50.0
463.0,510.0,37.0,50.0
462.0,512.0,37.0,50.0
462.0,514.0,37.0,50.0
462.0,514.0,37.0,50.0
nan,nan,nan,nan
nan,nan,nan,nan
nan,nan,nan,nan
nan,nan,nan,nan
nan,nan,nan,nan
nan,nan,nan,nan
nan,nan,nan,nan
nan,nan,nan,nan
nan,nan,nan,nan
nan,nan,nan,nan
nan,nan,nan,nan
nan,nan,nan,nan
nan,nan,nan,nan
nan,nan,nan,nan
nan,nan,nan,nan
nan,nan,nan,nan
nan,nan,nan,nan
nan,nan,nan,nan
nan,nan,nan,nan
nan,nan,nan,nan
nan,nan,nan,nan
nan,nan,nan,nan
nan,nan,nan,nan
nan,nan,nan,nan
nan,nan,nan,nan
nan,nan,nan,nan
nan,nan,nan,nan
nan,nan,nan,nan
nan,nan,nan,nan
nan,nan,nan,nan
nan,nan,nan,nan
nan,nan,nan,nan
nan,nan,nan,nan
nan,nan,nan,nan
nan,nan,nan,nan
nan,nan,nan,nan
nan,nan,nan,nan
nan,nan,nan,nan
nan,nan,nan,nan
nan,nan,nan,nan
nan,nan,nan,nan
nan,nan,nan,nan
nan,nan,nan,nan
nan,nan,nan,nan
nan,nan,nan,nan
nan,nan,nan,nan
nan,nan,nan,nan
nan,nan,nan,nan
nan,nan,nan,nan
nan,nan,nan,nan
nan,nan,nan,nan
nan,nan,nan,nan
nan,nan,nan,nan
nan,nan,nan,nan
nan,nan,nan,nan
nan,nan,nan,nan
nan,nan,nan,nan
nan,nan,nan,nan
nan,nan,nan,nan
nan,nan,nan,nan
nan,nan,nan,nan
nan,nan,nan,nan
nan,nan,nan,nan
nan,nan,nan,nan
nan,nan,nan,nan
nan,nan,nan,nan
nan,nan,nan,nan
nan,nan,nan,nan
nan,nan,nan,nan
nan,nan,nan,nan
nan,nan,nan,nan
nan,nan,nan,nan
nan,nan,nan,nan
nan,nan,nan,nan
nan,nan,nan,nan
nan,nan,nan,nan
nan,nan,nan,nan
nan,nan,nan,nan
nan,nan,nan,nan
nan,nan,nan,nan
nan,nan,nan,nan
nan,nan,nan,nan
nan,nan,nan,nan
nan,nan,nan,nan
nan,nan,nan,nan
nan,nan,nan,nan
nan,nan,nan,nan
nan,nan,nan,nan
nan,nan,nan,nan
nan,nan,nan,nan
nan,nan,nan,nan
nan,nan,nan,nan
nan,nan,nan,nan
nan,nan,nan,nan
nan,nan,nan,nan
nan,nan,nan,nan
nan,nan,nan,nan
nan,nan,nan,nan
nan,nan,nan,nan
nan,nan,nan,nan
nan,nan,nan,nan
nan,nan,nan,nan
nan,nan,nan,nan
nan,nan,nan,nan
nan,nan,nan,nan
nan,nan,nan,nan
nan,nan,nan,nan
nan,nan,nan,nan
nan,nan,nan,nan
nan,nan,nan,nan
nan,nan,nan,nan
nan,nan,nan,nan
nan,nan,nan,nan
nan,nan,nan,nan
nan,nan,nan,nan
nan,nan,nan,nan
311.0,589.0,39.0,60.0
309.0,589.0,39.0,62.0
307.0,590.0,39.0,64.0
305.0,591.0,39.0,67.0
304.0,591.0,39.0,67.0
301.0,592.0,39.0,67.0
299.0,593.0,39.0,67.0
298.0,593.0,39.0,67.0
296.0,594.0,39.0,67.0
295.0,595.0,39.0,67.0
293.0,596.0,39.0,67.0
292.0,596.0,38.0,68.0
290.0,597.0,38.0,69.0
290.0,597.0,38.0,69.0
289.0,598.0,38.0,69.0
290.0,599.0,38.0,69.0
290.0,599.0,38.0,70.0
289.0,600.0,38.0,70.0
288.0,601.0,39.0,71.0
287.0,601.0,39.0,71.0
277.0,602.0,39.0,71.0
276.0,603.0,39.0,71.0
275.0,604.0,39.0,71.0
276.0,605.0,39.0,71.0
278.0,606.0,38.0,71.0
278.0,606.0,38.0,71.0
298.0,596.0,39.0,70.0
297.0,599.0,39.0,70.0
295.0,599.0,39.0,70.0
294.0,600.0,38.0,70.0
292.0,601.0,38.0,70.0
290.0,601.0,38.0,70.0
289.0,602.0,38.0,70.0
288.0,602.0,38.0,70.0
286.0,603.0,38.0,70.0
284.0,603.0,39.0,70.0
283.0,603.0,39.0,70.0
282.0,601.0,39.0,69.0
280.0,599.0,39.0,69.0
278.0,596.0,39.0,68.0
276.0,592.0,38.0,66.0
274.0,588.0,38.0,64.0
273.0,584.0,38.0,62.0
273.0,581.0,38.0,61.0
272.0,577.0,37.0,60.0
270.0,572.0,37.0,59.0
270.0,568.0,37.0,59.0
269.0,564.0,37.0,59.0
268.0,559.0,37.0,59.0
267.0,555.0,37.0,59.0
266.0,549.0,37.0,59.0
265.0,544.0,37.0,59.0
264.0,538.0,37.0,61.0
263.0,534.0,37.0,62.0
262.0,528.0,37.0,64.0
261.0,521.0,37.0,63.0
261.0,515.0,38.0,63.0
260.0,509.0,38.0,63.0
259.0,506.0,38.0,64.0
257.0,504.0,38.0,64.0
256.0,501.0,38.0,65.0
255.0,502.0,38.0,66.0
254.0,502.0,38.0,66.0
252.0,502.0,38.0,67.0
251.0,504.0,38.0,67.0
249.0,504.0,38.0,66.0
248.0,505.0,38.0,66.0
247.0,505.0,38.0,67.0
246.0,505.0,38.0,68.0
244.0,506.0,38.0,68.0
243.0,507.0,38.0,62.0
241.0,507.0,38.0,55.0
240.0,508.0,38.0,48.0
239.0,508.0,38.0,48.0
237.0,508.0,38.0,48.0
235.0,510.0,38.0,48.0
nan,nan,nan,nan
nan,nan,nan,nan
nan,nan,nan,nan
nan,nan,nan,nan
nan,nan,nan,nan
nan,nan,nan,nan
nan,nan,nan,nan
nan,nan,nan,nan
nan,nan,nan,nan
nan,nan,nan,nan
nan,nan,nan,nan
nan,nan,nan,nan
nan,nan,nan,nan
nan,nan,nan,nan
256.0,522.0,38.0,61.0
254.0,523.0,38.0,61.0
253.0,523.0,38.0,61.0
251.0,524.0,38.0,61.0
250.0,524.0,38.0,61.0
248.0,525.0,38.0,61.0
246.0,526.0,38.0,61.0
246.0,526.0,38.0,59.0
245.0,526.0,38.0,58.0
244.0,528.0,38.0,57.0
243.0,528.0,38.0,57.0
242.0,528.0,38.0,57.0
241.0,529.0,38.0,57.0
240.0,528.0,38.0,57.0
237.0,530.0,38.0,57.0
235.0,530.0,38.0,57.0
234.0,529.0,38.0,57.0
244.0,525.0,38.0,56.0
244.0,525.0,38.0,56.0
243.0,525.0,38.0,62.0
238.0,527.0,38.0,67.0
238.0,514.0,39.0,73.0
250.0,495.0,39.0,72.0
248.0,494.0,40.0,72.0
247.0,496.0,41.0,72.0
245.0,497.0,41.0,72.0
243.0,498.0,41.0,72.0
238.0,499.0,41.0,72.0
239.0,500.0,41.0,72.0
240.0,501.0,41.0,72.0
240.0,503.0,41.0,72.0
239.0,505.0,41.0,68.0
248.0,460.0,40.0,64.0
243.0,433.0,40.0,60.0
249.0,408.0,40.0,61.0
250.0,405.0,40.0,63.0
249.0,405.0,40.0,65.0
248.0,404.0,40.0,67.0
247.0,404.0,40.0,69.0
247.0,403.0,40.0,71.0
246.0,403.0,41.0,71.0
245.0,405.0,41.0,71.0
244.0,407.0,41.0,71.0
242.0,408.0,41.0,71.0
240.0,407.0,41.0,71.0
238.0,407.0,41.0,71.0
237.0,406.0,41.0,71.0
237.0,408.0,41.0,71.0
235.0,409.0,41.0,71.0
233.0,410.0,41.0,71.0
231.0,412.0,41.0,71.0
230.0,412.0,41.0,71.0
229.0,413.0,41.0,71.0
229.0,413.0,41.0,71.0
228.0,411.0,41.0,71.0
227.0,414.0,41.0,68.0
226.0,415.0,41.0,65.0
225.0,413.0,41.0,63.0
223.0,415.0,41.0,62.0
222.0,415.0,41.0,62.0
221.0,414.0,41.0,62.0
219.0,416.0,41.0,61.0
217.0,420.0,41.0,61.0
218.0,414.0,41.0,61.0
216.0,418.0,41.0,61.0
218.0,407.0,41.0,60.0
219.0,409.0,41.0,60.0
221.0,413.0,41.0,60.0
222.0,413.0,41.0,59.0
222.0,423.0,41.0,59.0
223.0,424.0,41.0,59.0
222.0,425.0,41.0,59.0
223.0,443.0,41.0,59.0
223.0,445.0,41.0,58.0
223.0,448.0,41.0,58.0
269.0,220.0,13.0,21.0
269.0,220.0,13.0,21.0
224.0,482.0,41.0,57.0
224.0,483.0,41.0,56.0
269.0,221.0,13.0,20.0
225.0,487.0,41.0,56.0
225.0,489.0,41.0,56.0
225.0,491.0,41.0,55.0
225.0,492.0,41.0,55.0
225.0,494.0,41.0,54.0
225.0,499.0,41.0,54.0
225.0,501.0,41.0,54.0
225.0,504.0,41.0,54.0
225.0,503.0,41.0,53.0
226.0,507.0,41.0,53.0
226.0,511.0,41.0,53.0
226.0,514.0,41.0,53.0
226.0,537.0,41.0,52.0
226.0,539.0,41.0,52.0
226.0,540.0,41.0,54.0
226.0,540.0,41.0,56.0
226.0,549.0,41.0,58.0
226.0,560.0,41.0,58.0
227.0,562.0,41.0,58.0
270.0,227.0,13.0,22.0
224.0,573.0,41.0,58.0
270.0,227.0,13.0,22.0
189.0,573.0,41.0,58.0
154.0,584.0,41.0,58.0
119.0,585.0,41.0,58.0
84.0,587.0,41.0,58.0
84.0,585.0,41.0,58.0
83.0,586.0,41.0,59.0
83.0,588.0,41.0,59.0
83.0,588.0,41.0,61.0
83.0,590.0,41.0,63.0
83.0,590.0,41.0,64.0
83.0,593.0,41.0,65.0
83.0,593.0,41.0,66.0
82.0,592.0,41.0,67.0
82.0,595.0,41.0,67.0
268.0,232.0,13.0,31.0
80.0,595.0,41.0,67.0
267.0,233.0,13.0,31.0
267.0,233.0,13.0,31.0
267.0,233.0,13.0,31.0
81.0,600.0,41.0,67.0
46.0,611.0,41.0,67.0
10.0,615.0,41.0,67.0
-25.0,614.0,41.0,67.0
-60.0,614.0,41.0,67.0
266.0,236.0,13.0,31.0
266.0,236.0,13.0,31.0
266.0,237.0,13.0,31.0
266.0,237.0,13.0,31.0
-91.0,604.0,41.0,67.0
-91.0,607.0,41.0,67.0
-91.0,607.0,41.0,67.0
-126.0,564.0,41.0,67.0
-126.0,546.0,41.0,68.0
-126.0,551.0,41.0,69.0
-127.0,552.0,41.0,69.0
-127.0,554.0,41.0,70.0
-128.0,554.0,41.0,70.0
-128.0,555.0,41.0,70.0
-128.0,557.0,41.0,70.0
-128.0,557.0,41.0,70.0
-128.0,544.0,41.0,72.0
-128.0,532.0,41.0,73.0
-128.0,526.0,41.0,75.0
-128.0,529.0,41.0,75.0
-129.0,530.0,41.0,76.0
-129.0,532.0,41.0,77.0
-129.0,533.0,41.0,77.0
-130.0,536.0,41.0,77.0
-130.0,538.0,42.0,78.0
-130.0,541.0,42.0,78.0
-130.0,541.0,42.0,77.0
-130.0,543.0,42.0,77.0
-131.0,544.0,42.0,77.0
-131.0,540.0,42.0,77.0
-132.0,530.0,42.0,76.0
-132.0,518.0,42.0,76.0
-132.0,514.0,42.0,76.0
-132.0,517.0,42.0,75.0
-132.0,521.0,42.0,75.0
-132.0,522.0,42.0,75.0
-132.0,524.0,42.0,75.0
-133.0,525.0,42.0,76.0
-133.0,524.0,42.0,76.0
-133.0,524.0,42.0,76.0
-134.0,523.0,42.0,76.0
-134.0,525.0,42.0,76.0
-134.0,525.0,42.0,76.0
-135.0,526.0,42.0,76.0
-135.0,527.0,42.0,77.0
-135.0,526.0,42.0,77.0
-136.0,525.0,42.0,77.0
-136.0,525.0,42.0,77.0
-137.0,524.0,43.0,77.0
-137.0,524.0,43.0,77.0
-137.0,524.0,43.0,77.0
-137.0,526.0,43.0,77.0
-138.0,527.0,43.0,77.0
-138.0,527.0,43.0,76.0
-138.0,529.0,44.0,75.0
-138.0,528.0,44.0,75.0
-139.0,530.0,44.0,75.0
-139.0,533.0,44.0,75.0
-139.0,534.0,44.0,76.0
-140.0,535.0,44.0,78.0
-140.0,536.0,44.0,79.0
-140.0,539.0,44.0,79.0
-141.0,541.0,44.0,79.0
-141.0,544.0,44.0,79.0
-141.0,543.0,44.0,78.0
-142.0,541.0,44.0,78.0
-142.0,540.0,44.0,78.0
-143.0,540.0,43.0,78.0
-143.0,546.0,43.0,77.0
-143.0,547.0,43.0,77.0
-143.0,552.0,42.0,77.0
-143.0,553.0,42.0,77.0
-143.0,555.0,42.0,77.0
-144.0,557.0,42.0,77.0
-144.0,558.0,42.0,77.0
-144.0,561.0,42.0,77.0
-144.0,564.0,42.0,77.0
-145.0,567.0,42.0,77.0
-145.0,570.0,42.0,77.0
-145.0,572.0,42.0,78.0
-146.0,575.0,42.0,79.0
-147.0,574.0,43.0,79.0
-147.0,576.0,43.0,79.0
-148.0,578.0,43.0,79.0
-148.0,580.0,43.0,79.0
-149.0,583.0,43.0,79.0
-149.0,584.0,43.0,80.0
-150.0,587.0,43.0,80.0
-150.0,589.0,43.0,79.0
-150.0,589.0,44.0,78.0
-150.0,583.0,45.0,77.0
-150.0,576.0,45.0,77.0
-150.0,572.0,45.0,77.0
-150.0,585.0,45.0,77.0
-151.0,589.0,44.0,78.0
-151.0,589.0,44.0,80.0
-151.0,595.0,43.0,81.0
-152.0,598.0,43.0,81.0
-152.0,603.0,43.0,81.0
-152.0,603.0,43.0,81.0
-153.0,597.0,43.0,80.0
-153.0,595.0,43.0,79.0
-154.0,597.0,43.0,78.0
-155.0,604.0,43.0,78.0
-155.0,605.0,43.0,77.0
-156.0,608.0,43.0,77.0
-156.0,607.0,43.0,77.0
-156.0,606.0,43.0,77.0
-156.0,608.0,43.0,77.0
-156.0,609.0,43.0,77.0
-156.0,609.0,43.0,78.0
-156.0,608.0,43.0,78.0
-156.0,609.0,43.0,79.0
-156.0,610.0,43.0,79.0
-156.0,611.0,43.0,79.0
-157.0,604.0,44.0,80.0
-158.0,605.0,45.0,80.0
-158.0,612.0,45.0,81.0
-159.0,615.0,45.0,80.0
-159.0,617.0,45.0,80.0
-160.0,620.0,45.0,79.0
-160.0,620.0,45.0,78.0
-161.0,621.0,45.0,78.0
-161.0,622.0,45.0,77.0
-161.0,623.0,45.0,76.0
-161.0,626.0,45.0,74.0
-161.0,628.0,45.0,73.0
-161.0,629.0,45.0,73.0
-162.0,632.0,45.0,72.0
-162.0,632.0,45.0,72.0
-162.0,632.0,45.0,71.0
-162.0,632.0,45.0,70.0
-163.0,641.0,44.0,69.0
-163.0,645.0,44.0,68.0
228.0,330.0,16.0,30.0
227.0,331.0,16.0,29.0
-163.0,618.0,44.0,64.0
-199.0,608.0,44.0,63.0
-199.0,648.0,43.0,62.0
-199.0,673.0,43.0,61.0
-199.0,685.0,43.0,60.0
-199.0,684.0,42.0,59.0
-199.0,686.0,42.0,58.0
-200.0,688.0,42.0,57.0
-200.0,689.0,42.0,56.0
-200.0,689.0,42.0,55.0
-200.0,695.0,42.0,54.0
-200.0,701.0,42.0,53.0
-201.0,706.0,42.0,52.0
-201.0,711.0,42.0,51.0
-202.0,713.0,42.0,50.0
-202.0,715.0,42.0,49.0
-202.0,717.0,42.0,48.0
-203.0,716.0,41.0,48.0
-203.0,719.0,41.0,47.0
-203.0,720.0,41.0,45.0
-203.0,718.0,40.0,44.0
nan,nan,nan,nan
nan,nan,nan,nan
nan,nan,nan,nan
nan,nan,nan,nan
nan,nan,nan,nan
nan,nan,nan,nan
nan,nan,nan,nan
nan,nan,nan,nan
nan,nan,nan,nan
nan,nan,nan,nan
nan,nan,nan,nan
nan,nan,nan,nan
nan,nan,nan,nan
nan,nan,nan,nan
nan,nan,nan,nan
nan,nan,nan,nan
nan,nan,nan,nan
nan,nan,nan,nan
nan,nan,nan,nan
nan,nan,nan,nan
nan,nan,nan,nan
nan,nan,nan,nan
nan,nan,nan,nan
nan,nan,nan,nan
nan,nan,nan,nan
nan,nan,nan,nan
nan,nan,nan,nan
nan,nan,nan,nan
nan,nan,nan,nan
-486.0,657.0,40.0,45.0
-521.0,639.0,42.0,56.0
-555.0,618.0,44.0,67.0
-590.0,591.0,46.0,77.0
-624.0,559.0,46.0,77.0
-658.0,522.0,47.0,77.0
-692.0,491.0,47.0,77.0
-727.0,449.0,47.0,77.0
-761.0,403.0,47.0,76.0
-761.0,397.0,47.0,76.0
-761.0,383.0,49.0,76.0
-761.0,358.0,51.0,76.0
-761.0,333.0,52.0,76.0
-761.0,305.0,51.0,76.0
-762.0,278.0,51.0,76.0
-762.0,254.0,50.0,77.0
-762.0,231.0,49.0,77.0
-762.0,206.0,48.0,77.0
-762.0,178.0,47.0,77.0
-763.0,159.0,47.0,77.0
-764.0,140.0,48.0,78.0
-764.0,123.0,49.0,78.0
-764.0,114.0,50.0,77.0
-765.0,106.0,50.0,77.0
-765.0,99.0,51.0,76.0
-765.0,97.0,51.0,76.0
-765.0,97.0,51.0,76.0
-765.0,85.0,51.0,76.0
-765.0,86.0,51.0,75.0
-765.0,87.0,51.0,75.0
-765.0,89.0,51.0,74.0
-765.0,90.0,51.0,74.0
-766.0,93.0,52.0,74.0
-766.0,99.0,52.0,74.0
-765.0,107.0,52.0,74.0
-765.0,114.0,52.0,75.0
-764.0,121.0,52.0,75.0
-764.0,135.0,51.0,75.0
-764.0,151.0,51.0,75.0
-763.0,166.0,50.0,75.0
-763.0,185.0,50.0,75.0
-763.0,204.0,50.0,75.0
-763.0,222.0,50.0,75.0
-762.0,241.0,50.0,75.0
-762.0,254.0,50.0,75.0
-762.0,268.0,50.0,75.0
-762.0,279.0,50.0,75.0
-762.0,275.0,50.0,75.0
-762.0,289.0,50.0,75.0
-762.0,306.0,50.0,75.0
-762.0,324.0,50.0,76.0
-762.0,342.0,50.0,76.0
-762.0,366.0,49.0,76.0
-762.0,404.0,48.0,76.0
-762.0,428.0,47.0,76.0
-763.0,451.0,47.0,76.0
-763.0,467.0,47.0,76.0
-763.0,490.0,47.0,76.0
-764.0,519.0,48.0,77.0
-764.0,543.0,49.0,78.0
-765.0,569.0,50.0,78.0
-765.0,590.0,50.0,76.0
-765.0,611.0,50.0,74.0
-765.0,630.0,50.0,72.0
-765.0,646.0,49.0,63.0
-765.0,671.0,48.0,54.0
-765.0,685.0,47.0,45.0
nan,nan,nan,nan
nan,nan,nan,nan
nan,nan,nan,nan
nan,nan,nan,nan
nan,nan,nan,nan
nan,nan,nan,nan
nan,nan,nan,nan
nan,nan,nan,nan
nan,nan,nan,nan
nan,nan,nan,nan
nan,nan,nan,nan
nan,nan,nan,nan
nan,nan,nan,nan
nan,nan,nan,nan
nan,nan,nan,nan
nan,nan,nan,nan
nan,nan,nan,nan
-1181.0,646.0,41.0,43.0
-1215.0,625.0,43.0,55.0
-1250.0,600.0,46.0,67.0
-1284.0,579.0,48.0,79.0
-1318.0,549.0,48.0,79.0
-1352.0,516.0,48.0,78.0
-1387.0,491.0,48.0,78.0
-1421.0,460.0,48.0,78.0
-1454.0,439.0,48.0,77.0
-1488.0,419.0,48.0,77.0
-1523.0,412.0,48.0,77.0
-1558.0,398.0,48.0,77.0
-1592.0,388.0,48.0,76.0
-1627.0,385.0,49.0,75.0
-1662.0,371.0,49.0,74.0
-1697.0,369.0,49.0,72.0
-1732.0,364.0,49.0,72.0
-1766.0,356.0,49.0,72.0
-1801.0,365.0,49.0,72.0
-1836.0,356.0,49.0,72.0
-1871.0,366.0,49.0,72.0
-1906.0,371.0,49.0,71.0
-1940.0,361.0,49.0,71.0
-1975.0,360.0,49.0,71.0
-2009.0,365.0,48.0,71.0
-2044.0,370.0,48.0,71.0
-2078.0,364.0,47.0,72.0
238.0,209.0,19.0,36.0
238.0,211.0,19.0,36.0
-2112.0,377.0,47.0,72.0
239.0,214.0,20.0,36.0
-2146.0,402.0,48.0,72.0
-2146.0,394.0,48.0,72.0
-2181.0,390.0,49.0,73.0
-2215.0,410.0,49.0,73.0
-2250.0,402.0,49.0,73.0
-2285.0,406.0,49.0,74.0
-2320.0,400.0,49.0,74.0
-2355.0,406.0,49.0,74.0
-2390.0,396.0,49.0,74.0
-2424.0,392.0,49.0,74.0
-2459.0,395.0,48.0,74.0
-2494.0,386.0,48.0,75.0
-2528.0,394.0,48.0,75.0
-2562.0,389.0,47.0,75.0
-2596.0,395.0,47.0,75.0
-2631.0,386.0,47.0,75.0
-2665.0,394.0,47.0,75.0
-2700.0,389.0,47.0,75.0
-2735.0,385.0,47.0,75.0
-2770.0,393.0,47.0,75.0
-2804.0,389.0,47.0,75.0
-2839.0,391.0,47.0,74.0
-2873.0,388.0,47.0,73.0
-2908.0,385.0,47.0,73.0
-2942.0,393.0,47.0,73.0
-2977.0,390.0,47.0,72.0
-3011.0,392.0,47.0,72.0
-3046.0,393.0,47.0,72.0
-3081.0,394.0,47.0,72.0
-3115.0,394.0,47.0,72.0
-3149.0,394.0,47.0,72.0
-3184.0,389.0,47.0,73.0
-3218.0,396.0,47.0,73.0
-3252.0,388.0,47.0,73.0
-3287.0,395.0,47.0,73.0
-3322.0,386.0,47.0,73.0
254.0,220.0,19.0,38.0
-3391.0,386.0,47.0,74.0
255.0,219.0,19.0,38.0
-3409.0,387.0,47.0,74.0
255.0,219.0,19.0,38.0
256.0,219.0,19.0,38.0
-3479.0,394.0,47.0,74.0
-3514.0,393.0,47.0,74.0
-3549.0,394.0,47.0,74.0
-3583.0,385.0,47.0,75.0
-3617.0,379.0,47.0,76.0
-3651.0,389.0,47.0,77.0
-3686.0,383.0,47.0,77.0
-3720.0,377.0,47.0,77.0
-3755.0,382.0,47.0,77.0
-3789.0,376.0,47.0,77.0
-3823.0,379.0,47.0,77.0
-3858.0,374.0,47.0,77.0
-3893.0,371.0,47.0,77.0
-3927.0,378.0,47.0,77.0
-3962.0,371.0,47.0,77.0
-3997.0,365.0,47.0,76.0
263.0,210.0,19.0,38.0
-4030.0,367.0,47.0,73.0
-4030.0,399.0,47.0,73.0
-4030.0,422.0,47.0,73.0
-4030.0,421.0,47.0,73.0
-4029.0,422.0,47.0,73.0
-4029.0,424.0,47.0,73.0
-4028.0,424.0,47.0,72.0
-4028.0,424.0,47.0,72.0
-4028.0,424.0,47.0,72.0
-4027.0,424.0,47.0,72.0
-4026.0,422.0,47.0,73.0
-4026.0,423.0,47.0,73.0
-4060.0,404.0,47.0,73.0
-4094.0,380.0,47.0,73.0
-4129.0,384.0,48.0,73.0
-4164.0,372.0,48.0,73.0
-4198.0,354.0,48.0,74.0
-4233.0,342.0,49.0,74.0
-4233.0,361.0,49.0,75.0
-4268.0,343.0,49.0,75.0
-4302.0,324.0,49.0,75.0
-4302.0,332.0,49.0,75.0
-4302.0,340.0,49.0,75.0
-4302.0,351.0,49.0,75.0
-4337.0,333.0,49.0,75.0
-4337.0,343.0,49.0,75.0
-4337.0,356.0,49.0,76.0
-4371.0,350.0,49.0,76.0
-4405.0,357.0,48.0,76.0
-4438.0,352.0,47.0,75.0
-4472.0,355.0,46.0,75.0
-4506.0,353.0,46.0,75.0
-4541.0,356.0,46.0,75.0
-4576.0,357.0,46.0,75.0
-4610.0,357.0,46.0,75.0
-4645.0,356.0,46.0,75.0
-4679.0,354.0,46.0,75.0
-4714.0,352.0,46.0,74.0
-4749.0,351.0,46.0,74.0
-4784.0,353.0,46.0,73.0
-4818.0,352.0,46.0,73.0
-4853.0,349.0,46.0,73.0
-4887.0,350.0,46.0,72.0
-4922.0,348.0,46.0,72.0
-4956.0,348.0,46.0,73.0
-4991.0,346.0,46.0,73.0
-5025.0,349.0,46.0,73.0
-5060.0,345.0,46.0,73.0
-5094.0,349.0,46.0,73.0
-5129.0,349.0,46.0,73.0
-5164.0,347.0,46.0,73.0
-5199.0,348.0,46.0,73.0
-5233.0,342.0,46.0,73.0
-5268.0,348.0,46.0,73.0
-5303.0,339.0,46.0,73.0
-5338.0,336.0,46.0,74.0
-5373.0,336.0,46.0,74.0
-5408.0,332.0,47.0,75.0
-5443.0,329.0,47.0,75.0
-5477.0,328.0,47.0,75.0
-5512.0,333.0,48.0,75.0
-5547.0,327.0,48.0,75.0
-5582.0,322.0,48.0,76.0
-5617.0,327.0,48.0,76.0
-5652.0,329.0,48.0,76.0
-5687.0,322.0,48.0,76.0
-5722.0,331.0,48.0,76.0
-5757.0,332.0,48.0,76.0
-5791.0,325.0,47.0,76.0
-5826.0,317.0,47.0,76.0
-5861.0,309.0,47.0,76.0
286.0,183.0,19.0,40.0
-5932.0,309.0,47.0,76.0
-5967.0,302.0,47.0,76.0
286.0,183.0,19.0,40.0
286.0,182.0,19.0,40.0
-5999.0,302.0,47.0,75.0
-6034.0,294.0,47.0,74.0
-6034.0,264.0,47.0,74.0
-6033.0,279.0,47.0,73.0
-6033.0,280.0,47.0,73.0
-6033.0,279.0,47.0,73.0
-6033.0,279.0,47.0,73.0
-6033.0,288.0,47.0,73.0
-6033.0,299.0,47.0,73.0
-6068.0,291.0,47.0,73.0
-6102.0,293.0,47.0,73.0
-6136.0,291.0,47.0,74.0
-6171.0,276.0,46.0,74.0
-6172.0,290.0,45.0,74.0
-6172.0,316.0,45.0,75.0
-6207.0,295.0,45.0,75.0
-6242.0,278.0,45.0,75.0
-6242.0,293.0,45.0,75.0
-6242.0,320.0,45.0,75.0
-6277.0,300.0,46.0,75.0
-6312.0,288.0,46.0,75.0
-6312.0,296.0,46.0,75.0
-6347.0,293.0,46.0,75.0
-6347.0,313.0,46.0,75.0
-6347.0,341.0,46.0,76.0
-6347.0,342.0,46.0,76.0
-6347.0,359.0,46.0,77.0
-6382.0,341.0,46.0,77.0
-6417.0,320.0,46.0,77.0
-6451.0,306.0,46.0,77.0
-6451.0,316.0,45.0,76.0
-6486.0,305.0,45.0,76.0
-6521.0,285.0,44.0,76.0
-6521.0,296.0,44.0,76.0
-6521.0,297.0,44.0,76.0
-6521.0,315.0,44.0,76.0
-6556.0,300.0,44.0,76.0
-6591.0,287.0,44.0,76.0
-6591.0,313.0,44.0,76.0
-6626.0,294.0,44.0,76.0
-6661.0,270.0,44.0,76.0
-6661.0,269.0,44.0,76.0
-6661.0,284.0,44.0,76.0
289.0,169.0,16.0,40.0
-6696.0,287.0,44.0,76.0
-6731.0,281.0,44.0,75.0
-6731.0,290.0,44.0,74.0
-6766.0,270.0,44.0,74.0
289.0,168.0,16.0,38.0
-6765.0,258.0,44.0,74.0
-6765.0,257.0,44.0,74.0
-6765.0,257.0,44.0,74.0
-6765.0,257.0,44.0,74.0
-6765.0,257.0,44.0,74.0
-6765.0,261.0,44.0,74.0
-6765.0,264.0,44.0,75.0
-6765.0,261.0,44.0,75.0
290.0,165.0,17.0,39.0
-6769.0,256.0,45.0,75.0
-6769.0,285.0,46.0,75.0
-6769.0,312.0,46.0,75.0
-6769.0,324.0,46.0,75.0
-6769.0,345.0,46.0,75.0
-6768.0,368.0,46.0,76.0
-6768.0,372.0,46.0,77.0
-6768.0,369.0,46.0,77.0
-6768.0,365.0,46.0,78.0
-6768.0,364.0,46.0,78.0
-6768.0,363.0,46.0,78.0
-6768.0,361.0,46.0,78.0
-6768.0,358.0,46.0,78.0
-6768.0,358.0,46.0,78.0
-6768.0,358.0,46.0,78.0
-6767.0,357.0,45.0,78.0
-6767.0,357.0,45.0,78.0
-6766.0,359.0,45.0,78.0
-6766.0,356.0,45.0,77.0
-6766.0,350.0,45.0,76.0
-6766.0,352.0,45.0,76.0
-6766.0,352.0,45.0,75.0
-6766.0,352.0,45.0,75.0
-6766.0,352.0,45.0,75.0
-6766.0,351.0,45.0,75.0
-6766.0,350.0,45.0,75.0
-6766.0,349.0,45.0,74.0
-6766.0,350.0,45.0,74.0
-6766.0,348.0,45.0,74.0
-6765.0,348.0,45.0,74.0
-6764.0,348.0,45.0,74.0
-6763.0,346.0,45.0,75.0
-6763.0,347.0,45.0,75.0
-6763.0,345.0,45.0,75.0
-6763.0,346.0,45.0,75.0
-6763.0,344.0,45.0,75.0
-6763.0,343.0,45.0,75.0
-6762.0,344.0,44.0,75.0
-6762.0,343.0,44.0,75.0
-6762.0,341.0,44.0,75.0
-6762.0,342.0,44.0,75.0
-6762.0,341.0,44.0,75.0
-6762.0,339.0,44.0,75.0
-6762.0,335.0,44.0,76.0
-6761.0,332.0,44.0,76.0
-6761.0,329.0,44.0,77.0
-6761.0,328.0,44.0,77.0
-6760.0,326.0,44.0,77.0
-6760.0,326.0,44.0,77.0
-6759.0,320.0,44.0,76.0
-6759.0,332.0,44.0,76.0
-6759.0,316.0,44.0,77.0
-6759.0,328.0,44.0,77.0
-6758.0,312.0,44.0,77.0
-6758.0,308.0,44.0,77.0
-6758.0,318.0,44.0,77.0
-6758.0,315.0,44.0,77.0
-6758.0,313.0,44.0,77.0
-6758.0,310.0,44.0,77.0
-6757.0,311.0,44.0,76.0
-6757.0,311.0,44.0,75.0
-6757.0,311.0,44.0,75.0
-6757.0,309.0,44.0,75.0
-6756.0,309.0,44.0,75.0
303.0,132.0,16.0,39.0
303.0,131.0,16.0,39.0
-6756.0,324.0,44.0,75.0
-6756.0,342.0,44.0,75.0
-6756.0,341.0,44.0,75.0
-6756.0,340.0,44.0,75.0
-6756.0,340.0,44.0,75.0
-6755.0,339.0,44.0,75.0
304.0,130.0,16.0,39.0
-6753.0,345.0,44.0,75.0
-6753.0,344.0,44.0,75.0
-6753.0,341.0,44.0,75.0
-6753.0,340.0,44.0,76.0
-6753.0,339.0,44.0,76.0
-6753.0,338.0,44.0,77.0
-6752.0,337.0,44.0,77.0
-6752.0,336.0,44.0,77.0
-6752.0,337.0,44.0,77.0
-6752.0,335.0,44.0,77.0
-6752.0,335.0,44.0,77.0
-6752.0,334.0,44.0,77.0
-6752.0,333.0,44.0,76.0
-6752.0,333.0,44.0,76.0
-6752.0,330.0,44.0,77.0
-6752.0,328.0,44.0,77.0
-6752.0,328.0,44.0,77.0
-6751.0,325.0,44.0,78.0
-6751.0,324.0,44.0,79.0
-6751.0,324.0,44.0,79.0
-6751.0,321.0,44.0,79.0
-6751.0,317.0,44.0,79.0
-6751.0,315.0,44.0,79.0
-6751.0,304.0,44.0,79.0
-6751.0,289.0,44.0,79.0
-6751.0,288.0,44.0,78.0
-6751.0,285.0,44.0,78.0
-6751.0,283.0,44.0,77.0
-6751.0,277.0,44.0,77.0
-6751.0,275.0,44.0,77.0
-6751.0,294.0,44.0,77.0
-6751.0,294.0,44.0,77.0
308.0,115.0,16.0,41.0
-6750.0,274.0,44.0,77.0
308.0,114.0,16.0,42.0
-6750.0,290.0,44.0,78.0
-6750.0,287.0,44.0,78.0
-6750.0,278.0,44.0,78.0
-6750.0,276.0,44.0,79.0
-6750.0,273.0,44.0,79.0
-6750.0,272.0,45.0,79.0
-6750.0,270.0,45.0,79.0
-6750.0,268.0,46.0,79.0
-6750.0,268.0,46.0,79.0
-6750.0,268.0,46.0,80.0
-6750.0,265.0,46.0,81.0
-6750.0,264.0,46.0,81.0
308.0,106.0,18.0,45.0
-6749.0,259.0,46.0,81.0
-6749.0,255.0,46.0,80.0
-6749.0,254.0,46.0,79.0
-6749.0,252.0,46.0,78.0
-6749.0,250.0,45.0,78.0
-6749.0,248.0,45.0,78.0
-6749.0,246.0,45.0,78.0
-6749.0,245.0,45.0,79.0
-6749.0,243.0,45.0,79.0
-6748.0,240.0,45.0,80.0
-6748.0,225.0,45.0,80.0
-6748.0,223.0,45.0,80.0
-6748.0,220.0,45.0,80.0
-6748.0,220.0,45.0,80.0
-6748.0,219.0,45.0,80.0
-6748.0,217.0,45.0,80.0
-6748.0,217.0,45.0,80.0
-6747.0,216.0,45.0,80.0
-6747.0,214.0,45.0,80.0
-6747.0,212.0,45.0,80.0
-6747.0,212.0,45.0,80.0
-6747.0,209.0,45.0,80.0
-6746.0,208.0,45.0,81.0
-6746.0,213.0,44.0,81.0
-6746.0,210.0,44.0,82.0
-6746.0,206.0,44.0,82.0
-6746.0,206.0,44.0,82.0
-6746.0,206.0,44.0,82.0
-6745.0,205.0,44.0,82.0
-6745.0,204.0,44.0,82.0
-6744.0,202.0,44.0,82.0
-6744.0,202.0,45.0,82.0
-6744.0,201.0,45.0,83.0
-6744.0,195.0,46.0,83.0
-6744.0,192.0,46.0,83.0
-6744.0,192.0,46.0,83.0
-6743.0,195.0,46.0,83.0
-6743.0,194.0,46.0,82.0
-6743.0,192.0,46.0,81.0
-6742.0,191.0,46.0,80.0
-6742.0,190.0,46.0,80.0
-6742.0,189.0,46.0,80.0
-6742.0,187.0,46.0,80.0
-6742.0,189.0,46.0,81.0
-6742.0,190.0,46.0,82.0
-6742.0,201.0,46.0,83.0
-6741.0,189.0,46.0,83.0
-6741.0,186.0,46.0,83.0
-6741.0,182.0,46.0,83.0
-6740.0,179.0,46.0,83.0
318.0,65.0,18.0,47.0
318.0,64.0,18.0,47.0
318.0,64.0,17.0,47.0
-6738.0,179.0,45.0,82.0
-6738.0,179.0,45.0,81.0
-6738.0,176.0,45.0,82.0
-6737.0,183.0,45.0,82.0
-6737.0,172.0,45.0,82.0
-6736.0,162.0,44.0,82.0
-6736.0,160.0,43.0,82.0
-6735.0,158.0,43.0,82.0
-6735.0,160.0,43.0,83.0
-6735.0,158.0,43.0,84.0
-6735.0,157.0,43.0,84.0
-6734.0,156.0,43.0,84.0
-6734.0,152.0,44.0,84.0
-6734.0,154.0,44.0,84.0
-6734.0,149.0,45.0,85.0
-6733.0,150.0,45.0,85.0
-6733.0,147.0,45.0,85.0
-6733.0,135.0,45.0,86.0
-6733.0,144.0,45.0,86.0
-6732.0,143.0,45.0,86.0
-6732.0,142.0,45.0,85.0
-6731.0,149.0,45.0,84.0
-6731.0,145.0,45.0,82.0
-6731.0,143.0,45.0,82.0
-6730.0,141.0,45.0,82.0
-6730.0,140.0,45.0,82.0
-6730.0,138.0,45.0,83.0
-6730.0,142.0,45.0,84.0
-6729.0,140.0,45.0,85.0
-6729.0,138.0,45.0,85.0
-6729.0,139.0,45.0,85.0
-6729.0,138.0,45.0,85.0
-6729.0,138.0,45.0,85.0
-6728.0,138.0,45.0,85.0
-6728.0,132.0,45.0,84.0
-6728.0,139.0,45.0,84.0
-6727.0,128.0,45.0,84.0
-6727.0,126.0,45.0,84.0
-6726.0,122.0,45.0,85.0
-6726.0,122.0,45.0,85.0
-6726.0,138.0,45.0,85.0
-6726.0,121.0,45.0,85.0
-6725.0,119.0,45.0,86.0
-6725.0,115.0,45.0,86.0
-6725.0,116.0,45.0,86.0
-6725.0,115.0,44.0,87.0
-6725.0,114.0,44.0,88.0
-6725.0,109.0,44.0,88.0
-6725.0,116.0,44.0,88.0
-6725.0,112.0,44.0,88.0
-6725.0,106.0,44.0,88.0
-6725.0,118.0,45.0,89.0
-6726.0,117.0,45.0,90.0
-6726.0,107.0,45.0,90.0
-6726.0,105.0,45.0,90.0
-6726.0,104.0,45.0,90.0
-6726.0,104.0,45.0,89.0
331.0,24.0,17.0,52.0
-6725.0,100.0,46.0,87.0
332.0,22.0,17.0,51.0
332.0,21.0,17.0,51.0
-6725.0,97.0,45.0,87.0
-6725.0,94.0,45.0,88.0
-6725.0,94.0,45.0,89.0
-6725.0,95.0,45.0,90.0
-6725.0,93.0,45.0,91.0
-6725.0,93.0,46.0,92.0
-6725.0,91.0,46.0,93.0
-6725.0,102.0,46.0,92.0
-6760.0,94.0,46.0,92.0
-6795.0,72.0,46.0,91.0
-6795.0,97.0,46.0,91.0
-6829.0,76.0,46.0,91.0
-6829.0,98.0,46.0,91.0
-6864.0,79.0,46.0,91.0
-6864.0,100.0,46.0,91.0
-6864.0,123.0,46.0,91.0
-6863.0,135.0,46.0,92.0
-6863.0,134.0,45.0,92.0
-6862.0,127.0,45.0,93.0
-6862.0,124.0,45.0,93.0
-6862.0,122.0,45.0,93.0
-6862.0,120.0,45.0,93.0
-6862.0,118.0,45.0,93.0
-6862.0,116.0,45.0,93.0
-6862.0,115.0,46.0,93.0
-6862.0,112.0,46.0,92.0
-6861.0,106.0,47.0,91.0
-6861.0,104.0,47.0,90.0
-6861.0,102.0,48.0,90.0
-6862.0,99.0,49.0,90.0
-6862.0,100.0,49.0,89.0
-6861.0,99.0,49.0,87.0
-6860.0,97.0,48.0,84.0
338.0,0.0,20.0,46.0
-6858.0,66.0,47.0,81.0
-6858.0,53.0,47.0,80.0
-6858.0,50.0,46.0,80.0
-6858.0,49.0,46.0,80.0
-6857.0,47.0,46.0,80.0
-6857.0,46.0,46.0,80.0
-6857.0,31.0,47.0,79.0
-6857.0,25.0,47.0,78.0
-6857.0,30.0,47.0,78.0
-6857.0,21.0,47.0,76.0
-6857.0,18.0,47.0,75.0
-6857.0,17.0,47.0,73.0
-6856.0,16.0,47.0,72.0
-6856.0,16.0,47.0,72.0
342.0,0.0,18.0,35.0
343.0,0.0,18.0,34.0
-6852.0,8.0,46.0,70.0
-6886.0,-9.0,45.0,70.0
-6921.0,-12.0,45.0,69.0
-6956.0,-9.0,45.0,68.0
-6991.0,-11.0,45.0,68.0
-7026.0,-2.0,45.0,68.0
-7061.0,-1.0,46.0,68.0
-7096.0,9.0,46.0,68.0
-7130.0,7.0,46.0,67.0
-7165.0,-7.0,46.0,66.0
-7165.0,14.0,47.0,65.0
-7164.0,26.0,47.0,65.0
-7164.0,28.0,47.0,64.0
-7164.0,21.0,47.0,63.0
-7164.0,19.0,48.0,63.0
-7165.0,17.0,49.0,63.0
-7165.0,14.0,50.0,62.0
-7164.0,13.0,50.0,61.0
-7163.0,13.0,49.0,59.0
-7162.0,16.0,48.0,58.0
-7162.0,17.0,48.0,58.0
-7163.0,15.0,48.0,58.0
-7163.0,16.0,48.0,58.0
-7162.0,18.0,47.0,58.0
-7160.0,22.0,47.0,58.0
-7159.0,22.0,46.0,58.0
-7159.0,24.0,47.0,58.0
-7160.0,25.0,48.0,58.0
-7160.0,25.0,49.0,58.0
-7161.0,25.0,50.0,58.0
-7161.0,23.0,51.0,58.0
-7162.0,24.0,52.0,58.0
-7162.0,22.0,52.0,58.0
-7162.0,20.0,52.0,58.0
-7162.0,19.0,52.0,58.0
-7162.0,22.0,52.0,58.0
-7161.0,21.0,52.0,59.0
-7161.0,20.0,52.0,59.0
-7160.0,19.0,51.0,59.0
-7160.0,16.0,50.0,59.0
-7159.0,12.0,49.0,59.0
-7157.0,10.0,47.0,59.0
-7155.0,10.0,45.0,59.0
-7153.0,-2.0,43.0,59.0
-7153.0,10.0,44.0,60.0
-7154.0,9.0,46.0,60.0
-7154.0,9.0,47.0,60.0
-7154.0,9.0,48.0,61.0
-7154.0,9.0,49.0,61.0
-7154.0,12.0,50.0,61.0
-7154.0,11.0,50.0,61.0
-7154.0,14.0,50.0,61.0
-7154.0,15.0,50.0,61.0
-7154.0,13.0,50.0,60.0
-7154.0,11.0,50.0,59.0
-7154.0,11.0,50.0,57.0
-7153.0,12.0,50.0,57.0
-7153.0,11.0,50.0,57.0
-7153.0,12.0,50.0,57.0
-7151.0,21.0,49.0,58.0
-7148.0,19.0,48.0,58.0
-7146.0,20.0,47.0,58.0
-7147.0,20.0,48.0,58.0
-7148.0,18.0,49.0,58.0
-7148.0,19.0,51.0,58.0
-7149.0,19.0,52.0,58.0
-7149.0,17.0,53.0,57.0
-7150.0,16.0,54.0,57.0
-7150.0,15.0,54.0,57.0
-7150.0,14.0,54.0,57.0
-7151.0,14.0,54.0,57.0
-7150.0,13.0,53.0,57.0
-7149.0,13.0,52.0,57.0
363.0,0.0,23.0,21.0
-7147.0,13.0,51.0,58.0
-7146.0,13.0,51.0,58.0
366.0,0.0,23.0,23.0
368.0,0.0,20.0,23.0
-7141.0,10.0,45.0,59.0
-7138.0,10.0,42.0,59.0
-7139.0,9.0,44.0,59.0
-7140.0,10.0,46.0,59.0
-7140.0,9.0,48.0,59.0
-7140.0,9.0,49.0,59.0
-7140.0,10.0,50.0,59.0
-7140.0,10.0,51.0,59.0
-7141.0,9.0,52.0,60.0
-7141.0,9.0,52.0,60.0
-7141.0,9.0,52.0,60.0
-7142.0,9.0,52.0,60.0
-7142.0,11.0,52.0,59.0
-7142.0,12.0,52.0,58.0
-7141.0,12.0,52.0,58.0
-7139.0,12.0,51.0,58.0
-7138.0,13.0,50.0,58.0
-7135.0,15.0,49.0,58.0
-7133.0,16.0,48.0,58.0
-7131.0,19.0,47.0,58.0
-7131.0,22.0,47.0,58.0
-7132.0,27.0,48.0,58.0
-7133.0,24.0,49.0,58.0
-7133.0,24.0,49.0,59.0
-7132.0,27.0,50.0,59.0
-7132.0,34.0,50.0,59.0
-7132.0,28.0,51.0,61.0
-7133.0,29.0,51.0,63.0
-7133.0,40.0,52.0,65.0
-7131.0,41.0,51.0,67.0
-7129.0,42.0,49.0,69.0
-7128.0,43.0,48.0,71.0
-7126.0,44.0,48.0,75.0
-7125.0,47.0,48.0,80.0
-7124.0,52.0,47.0,84.0
-7124.0,54.0,48.0,89.0
-7124.0,58.0,49.0,95.0
-7124.0,66.0,49.0,101.0
-7123.0,81.0,49.0,100.0
-7123.0,97.0,48.0,99.0
-7122.0,114.0,48.0,99.0
-7122.0,131.0,48.0,97.0
-7123.0,153.0,48.0,95.0
-7123.0,171.0,48.0,94.0
-7122.0,188.0,48.0,94.0
389.0,71.0,20.0,58.0
-7121.0,219.0,48.0,94.0
390.0,89.0,20.0,58.0
390.0,98.0,20.0,58.0
-7121.0,257.0,48.0,94.0
-7121.0,270.0,48.0,94.0
-7122.0,286.0,48.0,94.0
-7122.0,309.0,48.0,94.0
-7122.0,319.0,48.0,94.0
-7121.0,327.0,47.0,95.0
-7120.0,333.0,47.0,95.0
-7120.0,336.0,47.0,95.0
-7120.0,336.0,47.0,95.0
-7119.0,342.0,47.0,95.0
-7119.0,341.0,47.0,94.0
-7119.0,341.0,47.0,94.0
-7119.0,342.0,47.0,93.0
-7118.0,342.0,47.0,93.0
-7118.0,343.0,47.0,93.0
-7117.0,345.0,47.0,93.0
-7117.0,346.0,47.0,94.0
-7116.0,347.0,47.0,94.0
-7116.0,346.0,47.0,94.0
-7116.0,347.0,47.0,94.0
-7116.0,340.0,47.0,95.0
-7116.0,348.0,47.0,95.0
-7115.0,349.0,47.0,95.0
-7115.0,351.0,47.0,95.0
-7114.0,351.0,47.0,95.0
