406.0,447.0,69.0,124.0
441.0,432.0,68.0,121.0
476.0,419.0,67.0,118.0
509.0,407.0,66.0,115.0
541.0,398.0,67.0,117.0
571.0,389.0,68.0,118.0
601.0,382.0,68.0,119.0
625.0,377.0,69.0,120.0
649.0,373.0,71.0,120.0
672.0,368.0,72.0,121.0
691.0,366.0,71.0,117.0
711.0,365.0,71.0,114.0
731.0,362.0,71.0,111.0
747.0,360.0,71.0,110.0
764.0,358.0,71.0,109.0
779.0,356.0,71.0,109.0
789.0,353.0,73.0,111.0
798.0,350.0,75.0,113.0
806.0,346.0,77.0,115.0
810.0,344.0,78.0,115.0
814.0,341.0,79.0,114.0
818.0,339.0,80.0,113.0
823.0,335.0,78.0,111.0
827.0,332.0,77.0,108.0
831.0,328.0,75.0,106.0
830.0,323.0,77.0,107.0
828.0,317.0,79.0,107.0
824.0,311.0,80.0,108.0
818.0,305.0,81.0,109.0
810.0,299.0,82.0,110.0
802.0,294.0,83.0,110.0
793.0,288.0,83.0,110.0
783.0,282.0,83.0,110.0
772.0,274.0,83.0,109.0
763.0,268.0,79.0,109.0
752.0,262.0,76.0,108.0
743.0,255.0,72.0,107.0
729.0,248.0,73.0,109.0
715.0,241.0,75.0,112.0
702.0,234.0,76.0,114.0
688.0,229.0,76.0,114.0
676.0,224.0,76.0,114.0
664.0,220.0,76.0,114.0
654.0,216.0,75.0,113.0
644.0,212.0,74.0,113.0
634.0,207.0,73.0,112.0
629.0,203.0,70.0,111.0
624.0,199.0,67.0,110.0
620.0,195.0,63.0,109.0
614.0,190.0,64.0,110.0
609.0,186.0,66.0,111.0
604.0,182.0,67.0,112.0
601.0,179.0,69.0,113.0
599.0,175.0,71.0,113.0
596.0,172.0,73.0,114.0
596.0,170.0,73.0,113.0
596.0,166.0,72.0,112.0
596.0,162.0,71.0,112.0
600.0,159.0,69.0,111.0
603.0,155.0,67.0,109.0
606.0,152.0,65.0,108.0
608.0,148.0,66.0,109.0
610.0,144.0,67.0,111.0
613.0,139.0,68.0,112.0
615.0,135.0,69.0,113.0
617.0,132.0,69.0,114.0
619.0,129.0,70.0,116.0
621.0,126.0,69.0,115.0
624.0,123.0,69.0,114.0
627.0,121.0,68.0,114.0
631.0,118.0,66.0,113.0
635.0,115.0,64.0,111.0
639.0,112.0,63.0,110.0
641.0,109.0,65.0,110.0
644.0,107.0,67.0,110.0
646.0,104.0,69.0,110.0
647.0,102.0,71.0,110.0
647.0,101.0,74.0,110.0
649.0,100.0,76.0,111.0
651.0,101.0,76.0,108.0
653.0,102.0,76.0,106.0
656.0,102.0,75.0,103.0
663.0,102.0,72.0,102.0
669.0,101.0,69.0,101.0
675.0,101.0,66.0,99.0
678.0,102.0,67.0,100.0
680.0,102.0,67.0,100.0
683.0,104.0,68.0,101.0
684.0,106.0,69.0,100.0
685.0,108.0,71.0,99.0
686.0,111.0,72.0,98.0
687.0,114.0,69.0,97.0
687.0,116.0,66.0,95.0
687.0,118.0,64.0,94.0
682.0,121.0,65.0,96.0
676.0,123.0,66.0,98.0
671.0,126.0,68.0,100.0
664.0,131.0,71.0,101.0
657.0,136.0,75.0,101.0
650.0,141.0,79.0,102.0
645.0,148.0,76.0,100.0
638.0,154.0,74.0,99.0
632.0,160.0,71.0,97.0
627.0,165.0,69.0,96.0
622.0,172.0,67.0,95.0
616.0,179.0,65.0,94.0
607.0,187.0,68.0,96.0
599.0,194.0,70.0,97.0
591.0,203.0,73.0,98.0
581.0,213.0,74.0,99.0
572.0,221.0,76.0,100.0
562.0,230.0,77.0,101.0
552.0,241.0,77.0,98.0
542.0,251.0,77.0,95.0
532.0,263.0,77.0,91.0
521.0,274.0,79.0,94.0
510.0,285.0,80.0,97.0
499.0,297.0,81.0,100.0
491.0,310.0,80.0,103.0
483.0,323.0,79.0,106.0
475.0,336.0,78.0,110.0
471.0,350.0,76.0,107.0
466.0,363.0,75.0,103.0
460.0,375.0,73.0,100.0
453.0,386.0,74.0,98.0
447.0,398.0,75.0,96.0
441.0,410.0,76.0,94.0
435.0,422.0,76.0,101.0
430.0,434.0,76.0,108.0
424.0,446.0,76.0,115.0
420.0,459.0,74.0,117.0
416.0,471.0,73.0,118.0
413.0,483.0,71.0,120.0
410.0,495.0,72.0,116.0
406.0,507.0,73.0,111.0
403.0,519.0,74.0,107.0
401.0,529.0,76.0,106.0
399.0,540.0,78.0,106.0
398.0,550.0,80.0,105.0
397.0,560.0,80.0,112.0
397.0,571.0,79.0,119.0
396.0,580.0,79.0,126.0
397.0,593.0,80.0,123.0
398.0,605.0,81.0,120.0
400.0,616.0,82.0,117.0
403.0,625.0,80.0,112.0
408.0,634.0,79.0,107.0
412.0,642.0,78.0,102.0
417.0,646.0,77.0,101.0
422.0,649.0,76.0,101.0
429.0,652.0,75.0,100.0
435.0,657.0,77.0,98.0
440.0,664.0,78.0,95.0
447.0,668.0,80.0,93.0
454.0,673.0,82.0,90.0
461.0,676.0,85.0,86.0
468.0,679.0,87.0,82.0
477.0,681.0,87.0,80.0
482.0,683.0,86.0,78.0
493.0,685.0,85.0,75.0
501.0,683.0,86.0,76.0
510.0,682.0,86.0,76.0
518.0,682.0,86.0,77.0
526.0,680.0,88.0,77.0
535.0,679.0,89.0,77.0
543.0,678.0,90.0,78.0
554.0,676.0,89.0,79.0
567.0,672.0,87.0,80.0
580.0,669.0,85.0,81.0
592.0,663.0,83.0,85.0
607.0,655.0,80.0,89.0
620.0,648.0,78.0,93.0
628.0,640.0,82.0,98.0
636.0,632.0,86.0,103.0
643.0,624.0,91.0,108.0
653.0,619.0,92.0,111.0
661.0,614.0,94.0,113.0
670.0,609.0,96.0,116.0
680.0,604.0,97.0,115.0
690.0,598.0,97.0,114.0
700.0,592.0,98.0,114.0
710.0,585.0,96.0,111.0
724.0,577.0,94.0,109.0
735.0,569.0,92.0,107.0
740.0,563.0,94.0,111.0
747.0,557.0,96.0,115.0
752.0,552.0,98.0,119.0
761.0,548.0,98.0,120.0
769.0,544.0,97.0,122.0
778.0,540.0,96.0,123.0
789.0,537.0,95.0,120.0
800.0,533.0,93.0,118.0
811.0,530.0,92.0,116.0
821.0,526.0,91.0,113.0
831.0,522.0,89.0,110.0
841.0,517.0,88.0,107.0
846.0,513.0,92.0,110.0
851.0,510.0,96.0,113.0
855.0,506.0,100.0,116.0
862.0,504.0,102.0,118.0
867.0,502.0,104.0,119.0
872.0,500.0,105.0,120.0
880.0,498.0,102.0,119.0
887.0,494.0,100.0,117.0
895.0,491.0,97.0,115.0
899.0,485.0,97.0,114.0
903.0,481.0,97.0,113.0
907.0,477.0,97.0,111.0
905.0,473.0,99.0,115.0
903.0,468.0,101.0,118.0
901.0,464.0,104.0,121.0
901.0,463.0,104.0,121.0
900.0,460.0,104.0,120.0
901.0,459.0,105.0,120.0
903.0,455.0,102.0,118.0
904.0,454.0,100.0,116.0
906.0,450.0,98.0,115.0
906.0,444.0,97.0,113.0
906.0,439.0,96.0,111.0
906.0,433.0,95.0,110.0
902.0,428.0,97.0,111.0
897.0,424.0,99.0,113.0
892.0,419.0,101.0,115.0
888.0,416.0,103.0,116.0
883.0,412.0,104.0,117.0
879.0,407.0,106.0,118.0
879.0,403.0,103.0,116.0
880.0,399.0,99.0,114.0
880.0,394.0,96.0,112.0
879.0,389.0,97.0,112.0
878.0,383.0,97.0,112.0
876.0,379.0,97.0,112.0
873.0,375.0,99.0,115.0
871.0,371.0,101.0,117.0
868.0,368.0,103.0,120.0
865.0,366.0,103.0,119.0
863.0,364.0,103.0,119.0
862.0,361.0,103.0,119.0
863.0,359.0,99.0,118.0
865.0,355.0,95.0,117.0
867.0,351.0,92.0,116.0
866.0,346.0,92.0,116.0
864.0,338.0,91.0,116.0
862.0,333.0,91.0,117.0
856.0,328.0,94.0,117.0
850.0,323.0,96.0,117.0
842.0,317.0,99.0,118.0
835.0,314.0,99.0,118.0
827.0,310.0,99.0,118.0
820.0,305.0,99.0,118.0
814.0,300.0,94.0,117.0
809.0,294.0,90.0,116.0
803.0,288.0,85.0,115.0
791.0,281.0,86.0,116.0
780.0,274.0,86.0,118.0
769.0,267.0,87.0,119.0
756.0,261.0,88.0,119.0
742.0,257.0,89.0,119.0
728.0,252.0,90.0,119.0
714.0,248.0,90.0,119.0
701.0,244.0,90.0,120.0
688.0,239.0,89.0,120.0
347.0,122.0,41.0,57.0
344.0,120.0,38.0,56.0
661.0,226.0,78.0,119.0
648.0,219.0,77.0,120.0
637.0,213.0,77.0,121.0
625.0,208.0,77.0,122.0
613.0,203.0,78.0,124.0
600.0,199.0,79.0,126.0
589.0,195.0,80.0,127.0
579.0,193.0,81.0,125.0
570.0,192.0,81.0,122.0
562.0,189.0,81.0,120.0
559.0,186.0,77.0,119.0
556.0,181.0,73.0,118.0
554.0,177.0,69.0,117.0
551.0,172.0,70.0,117.0
548.0,166.0,71.0,118.0
545.0,162.0,72.0,119.0
542.0,158.0,75.0,119.0
540.0,155.0,78.0,119.0
538.0,152.0,81.0,120.0
538.0,150.0,83.0,120.0
538.0,149.0,84.0,119.0
269.0,75.0,41.0,56.0
272.0,75.0,37.0,56.0
274.0,75.0,33.0,55.0
277.0,74.0,29.0,54.0
279.0,73.0,30.0,56.0
564.0,135.0,74.0,120.0
569.0,131.0,74.0,121.0
572.0,129.0,76.0,123.0
574.0,126.0,78.0,124.0
576.0,124.0,80.0,125.0
578.0,124.0,80.0,124.0
582.0,123.0,81.0,123.0
586.0,122.0,81.0,122.0
591.0,122.0,77.0,122.0
598.0,121.0,73.0,121.0
604.0,120.0,69.0,120.0
609.0,117.0,68.0,121.0
614.0,116.0,68.0,122.0
619.0,114.0,67.0,123.0
313.0,60.0,25.0,61.0
624.0,112.0,71.0,124.0
626.0,111.0,73.0,125.0
630.0,111.0,75.0,125.0
633.0,112.0,78.0,125.0
635.0,113.0,80.0,125.0
640.0,115.0,78.0,124.0
645.0,116.0,76.0,122.0
651.0,116.0,74.0,120.0
657.0,115.0,74.0,121.0
662.0,116.0,74.0,122.0
669.0,116.0,74.0,122.0
672.0,115.0,75.0,123.0
674.0,115.0,76.0,124.0
676.0,115.0,78.0,125.0
680.0,117.0,78.0,125.0
684.0,119.0,78.0,125.0
688.0,121.0,78.0,125.0
694.0,123.0,75.0,123.0
700.0,125.0,73.0,121.0
706.0,126.0,71.0,120.0
710.0,127.0,71.0,121.0
714.0,127.0,72.0,121.0
719.0,128.0,73.0,122.0
722.0,129.0,75.0,123.0
726.0,129.0,77.0,123.0
728.0,132.0,79.0,123.0
733.0,133.0,80.0,124.0
738.0,135.0,80.0,124.0
742.0,137.0,80.0,124.0
748.0,139.0,78.0,123.0
753.0,140.0,77.0,121.0
759.0,140.0,75.0,120.0
763.0,138.0,75.0,121.0
765.0,137.0,74.0,123.0
768.0,135.0,74.0,125.0
767.0,133.0,74.0,126.0
766.0,131.0,74.0,128.0
764.0,129.0,74.0,130.0
762.0,128.0,73.0,129.0
760.0,127.0,72.0,127.0
758.0,127.0,71.0,126.0
756.0,125.0,68.0,125.0
754.0,123.0,66.0,124.0
752.0,121.0,64.0,123.0
745.0,117.0,64.0,125.0
738.0,112.0,64.0,126.0
732.0,108.0,64.0,128.0
724.0,104.0,65.0,128.0
718.0,101.0,65.0,128.0
710.0,98.0,65.0,128.0
703.0,95.0,65.0,125.0
695.0,91.0,65.0,122.0
687.0,87.0,65.0,118.0
350.0,47.0,22.0,58.0
346.0,45.0,23.0,60.0
666.0,76.0,67.0,125.0
662.0,72.0,67.0,125.0
658.0,69.0,67.0,125.0
654.0,64.0,66.0,125.0
651.0,60.0,66.0,122.0
649.0,55.0,66.0,120.0
600.0,54.0,66.0,117.0
577.0,73.0,67.0,118.0
556.0,63.0,67.0,120.0
542.0,61.0,68.0,121.0
535.0,59.0,69.0,121.0
533.0,57.0,69.0,121.0
531.0,55.0,69.0,121.0
531.0,53.0,67.0,119.0
530.0,51.0,65.0,117.0
530.0,50.0,63.0,115.0
528.0,47.0,64.0,118.0
525.0,45.0,66.0,120.0
523.0,44.0,68.0,122.0
522.0,43.0,68.0,120.0
521.0,44.0,68.0,117.0
520.0,44.0,68.0,114.0
519.0,44.0,68.0,110.0
516.0,45.0,68.0,106.0
515.0,45.0,67.0,102.0
513.0,46.0,68.0,103.0
511.0,46.0,69.0,103.0
508.0,47.0,70.0,103.0
508.0,48.0,69.0,100.0
507.0,48.0,67.0,96.0
506.0,49.0,65.0,92.0
504.0,50.0,64.0,92.0
502.0,51.0,62.0,91.0
500.0,52.0,60.0,90.0
498.0,54.0,62.0,89.0
496.0,55.0,64.0,88.0
494.0,57.0,66.0,87.0
491.0,58.0,64.0,84.0
490.0,60.0,62.0,81.0
487.0,62.0,61.0,78.0
485.0,64.0,60.0,78.0
483.0,66.0,59.0,78.0
481.0,69.0,59.0,78.0
480.0,71.0,59.0,79.0
480.0,73.0,59.0,80.0
481.0,76.0,60.0,81.0
484.0,78.0,59.0,78.0
487.0,81.0,59.0,75.0
491.0,83.0,59.0,72.0
497.0,86.0,57.0,73.0
504.0,89.0,56.0,75.0
510.0,93.0,55.0,76.0
516.0,96.0,59.0,76.0
521.0,99.0,64.0,77.0
528.0,103.0,68.0,78.0
539.0,107.0,67.0,75.0
550.0,111.0,66.0,73.0
562.0,115.0,65.0,71.0
577.0,120.0,64.0,73.0
592.0,125.0,63.0,75.0
607.0,130.0,63.0,78.0
621.0,136.0,61.0,80.0
635.0,142.0,59.0,82.0
648.0,148.0,58.0,84.0
658.0,154.0,59.0,82.0
668.0,161.0,61.0,80.0
678.0,168.0,63.0,79.0
685.0,174.0,61.0,81.0
691.0,182.0,59.0,83.0
697.0,189.0,58.0,86.0
700.0,196.0,59.0,89.0
703.0,204.0,59.0,93.0
706.0,211.0,60.0,96.0
706.0,219.0,61.0,95.0
706.0,228.0,63.0,93.0
706.0,236.0,64.0,92.0
708.0,245.0,63.0,92.0
710.0,254.0,63.0,93.0
712.0,263.0,62.0,94.0
714.0,273.0,63.0,98.0
715.0,282.0,64.0,102.0
717.0,292.0,65.0,106.0
717.0,301.0,66.0,107.0
717.0,311.0,67.0,109.0
716.0,320.0,67.0,110.0
716.0,330.0,67.0,109.0
716.0,340.0,66.0,108.0
714.0,349.0,66.0,107.0
711.0,344.0,64.0,110.0
707.0,338.0,63.0,112.0
705.0,347.0,61.0,115.0
700.0,340.0,62.0,116.0
695.0,344.0,62.0,118.0
691.0,343.0,63.0,119.0
686.0,327.0,63.0,117.0
683.0,335.0,63.0,114.0
694.0,343.0,63.0,111.0
417.0,0.0,20.0,49.0
744.0,348.0,66.0,112.0
414.0,0.0,24.0,49.0
412.0,0.0,25.0,50.0
411.0,0.0,25.0,52.0
409.0,0.0,26.0,53.0
408.0,0.0,26.0,52.0
407.0,1.0,26.0,52.0
671.0,300.0,70.0,115.0
668.0,308.0,68.0,113.0
664.0,317.0,67.0,112.0
659.0,325.0,66.0,111.0
653.0,335.0,65.0,111.0
652.0,346.0,64.0,112.0
665.0,346.0,63.0,112.0
658.0,331.0,66.0,113.0
659.0,338.0,69.0,114.0
388.0,5.0,27.0,52.0
386.0,6.0,28.0,49.0
383.0,8.0,28.0,47.0
640.0,352.0,73.0,108.0
635.0,360.0,71.0,107.0
628.0,369.0,69.0,107.0
638.0,373.0,68.0,106.0
621.0,364.0,68.0,107.0
612.0,374.0,69.0,107.0
641.0,372.0,70.0,107.0
662.0,361.0,68.0,106.0
679.0,372.0,66.0,106.0
659.0,383.0,64.0,105.0
670.0,379.0,64.0,104.0
692.0,378.0,65.0,103.0
704.0,382.0,65.0,102.0
694.0,382.0,70.0,102.0
691.0,392.0,74.0,101.0
715.0,384.0,78.0,101.0
698.0,388.0,76.0,101.0
694.0,395.0,75.0,100.0
694.0,400.0,73.0,100.0
691.0,406.0,72.0,102.0
710.0,402.0,71.0,104.0
696.0,410.0,70.0,105.0
420.0,57.0,27.0,41.0
422.0,61.0,28.0,41.0
425.0,65.0,29.0,40.0
426.0,69.0,26.0,38.0
699.0,424.0,67.0,99.0
728.0,423.0,65.0,98.0
737.0,442.0,71.0,98.0
737.0,433.0,76.0,98.0
729.0,443.0,82.0,98.0
723.0,455.0,84.0,97.0
725.0,456.0,86.0,97.0
410.0,104.0,43.0,33.0
411.0,108.0,40.0,33.0
706.0,467.0,80.0,95.0
705.0,476.0,76.0,94.0
408.0,118.0,30.0,31.0
404.0,121.0,28.0,31.0
400.0,124.0,26.0,31.0
391.0,125.0,31.0,32.0
680.0,487.0,79.0,96.0
664.0,411.0,83.0,97.0
655.0,337.0,84.0,98.0
668.0,335.0,85.0,99.0
679.0,334.0,86.0,100.0
673.0,336.0,83.0,98.0
666.0,338.0,80.0,97.0
660.0,339.0,78.0,95.0
654.0,342.0,77.0,99.0
650.0,345.0,75.0,102.0
647.0,347.0,74.0,105.0
644.0,350.0,75.0,106.0
640.0,354.0,76.0,107.0
636.0,358.0,77.0,108.0
639.0,362.0,74.0,106.0
643.0,366.0,72.0,105.0
645.0,371.0,69.0,103.0
652.0,373.0,70.0,101.0
660.0,376.0,71.0,100.0
669.0,379.0,72.0,98.0
679.0,383.0,73.0,102.0
691.0,387.0,74.0,106.0
702.0,394.0,75.0,110.0
718.0,398.0,75.0,109.0
707.0,380.0,74.0,108.0
722.0,382.0,74.0,108.0
726.0,369.0,75.0,105.0
738.0,374.0,76.0,102.0
749.0,377.0,78.0,99.0
765.0,379.0,77.0,104.0
781.0,382.0,77.0,110.0
794.0,386.0,77.0,115.0
803.0,389.0,78.0,116.0
811.0,389.0,80.0,118.0
816.0,384.0,81.0,119.0
825.0,384.0,76.0,116.0
837.0,384.0,72.0,113.0
846.0,384.0,67.0,110.0
848.0,381.0,70.0,109.0
847.0,378.0,73.0,108.0
847.0,374.0,76.0,107.0
843.0,371.0,82.0,111.0
840.0,369.0,88.0,114.0
836.0,366.0,94.0,118.0
836.0,364.0,93.0,118.0
836.0,362.0,92.0,119.0
836.0,359.0,90.0,120.0
832.0,354.0,87.0,118.0
827.0,349.0,83.0,116.0
823.0,346.0,79.0,114.0
818.0,342.0,81.0,116.0
814.0,337.0,83.0,119.0
808.0,334.0,84.0,121.0
800.0,332.0,88.0,120.0
791.0,330.0,92.0,120.0
781.0,328.0,96.0,120.0
779.0,325.0,89.0,119.0
777.0,322.0,81.0,118.0
774.0,318.0,73.0,117.0
766.0,313.0,75.0,118.0
758.0,308.0,76.0,118.0
750.0,303.0,77.0,118.0
744.0,299.0,83.0,118.0
737.0,294.0,88.0,118.0
729.0,289.0,94.0,118.0
726.0,287.0,92.0,117.0
723.0,285.0,90.0,116.0
718.0,282.0,89.0,116.0
715.0,277.0,84.0,116.0
710.0,271.0,79.0,117.0
706.0,266.0,74.0,118.0
699.0,260.0,77.0,118.0
693.0,256.0,80.0,118.0
685.0,251.0,83.0,119.0
678.0,248.0,88.0,117.0
671.0,245.0,92.0,116.0
663.0,242.0,97.0,115.0
662.0,240.0,91.0,115.0
661.0,236.0,86.0,115.0
660.0,233.0,80.0,115.0
658.0,227.0,78.0,116.0
654.0,221.0,75.0,116.0
651.0,216.0,73.0,117.0
649.0,211.0,74.0,119.0
646.0,206.0,76.0,120.0
644.0,202.0,78.0,121.0
638.0,199.0,81.0,120.0
633.0,197.0,85.0,119.0
628.0,195.0,88.0,118.0
625.0,194.0,83.0,117.0
624.0,191.0,77.0,115.0
622.0,189.0,72.0,114.0
615.0,185.0,71.0,116.0
609.0,182.0,71.0,118.0
603.0,179.0,70.0,120.0
596.0,178.0,74.0,120.0
589.0,178.0,78.0,120.0
582.0,177.0,82.0,120.0
577.0,176.0,83.0,118.0
572.0,176.0,84.0,115.0
567.0,176.0,85.0,113.0
562.0,175.0,82.0,113.0
557.0,174.0,79.0,113.0
553.0,173.0,76.0,112.0
549.0,171.0,75.0,114.0
543.0,169.0,74.0,116.0
539.0,168.0,73.0,117.0
535.0,167.0,75.0,118.0
531.0,166.0,77.0,120.0
527.0,166.0,79.0,121.0
526.0,168.0,79.0,119.0
525.0,169.0,79.0,118.0
524.0,169.0,80.0,117.0
527.0,170.0,77.0,116.0
531.0,170.0,73.0,116.0
535.0,171.0,70.0,116.0
540.0,170.0,72.0,116.0
545.0,170.0,73.0,117.0
551.0,171.0,75.0,117.0
559.0,172.0,77.0,118.0
566.0,173.0,79.0,119.0
574.0,175.0,81.0,120.0
582.0,177.0,81.0,118.0
589.0,180.0,82.0,116.0
596.0,181.0,83.0,115.0
601.0,181.0,81.0,115.0
607.0,182.0,79.0,115.0
613.0,182.0,77.0,115.0
619.0,182.0,75.0,117.0
625.0,182.0,72.0,119.0
631.0,182.0,69.0,121.0
635.0,183.0,71.0,123.0
639.0,185.0,73.0,124.0
642.0,187.0,74.0,126.0
645.0,190.0,74.0,124.0
649.0,194.0,73.0,123.0
652.0,197.0,73.0,121.0
652.0,197.0,69.0,119.0
653.0,197.0,66.0,117.0
654.0,198.0,62.0,114.0
652.0,198.0,63.0,116.0
651.0,199.0,65.0,118.0
648.0,200.0,66.0,120.0
645.0,201.0,69.0,121.0
642.0,202.0,72.0,122.0
638.0,203.0,76.0,123.0
635.0,206.0,77.0,121.0
632.0,208.0,78.0,119.0
629.0,209.0,79.0,117.0
626.0,209.0,78.0,116.0
623.0,208.0,76.0,116.0
621.0,208.0,74.0,115.0
618.0,207.0,73.0,117.0
614.0,206.0,72.0,120.0
612.0,206.0,70.0,122.0
608.0,207.0,72.0,124.0
605.0,208.0,74.0,125.0
602.0,209.0,75.0,126.0
599.0,212.0,75.0,126.0
597.0,214.0,75.0,126.0
595.0,216.0,75.0,125.0
593.0,219.0,73.0,123.0
591.0,220.0,70.0,121.0
588.0,221.0,68.0,119.0
586.0,221.0,68.0,119.0
582.0,221.0,67.0,119.0
579.0,222.0,67.0,120.0
576.0,221.0,70.0,121.0
573.0,221.0,72.0,123.0
569.0,222.0,74.0,124.0
567.0,224.0,76.0,123.0
563.0,226.0,77.0,121.0
560.0,229.0,79.0,120.0
557.0,229.0,79.0,118.0
554.0,229.0,80.0,117.0
550.0,229.0,80.0,115.0
549.0,227.0,77.0,117.0
548.0,225.0,74.0,119.0
546.0,223.0,70.0,120.0
544.0,222.0,72.0,122.0
541.0,221.0,73.0,123.0
538.0,221.0,75.0,125.0
537.0,222.0,75.0,125.0
535.0,224.0,76.0,125.0
534.0,225.0,76.0,125.0
534.0,227.0,75.0,124.0
533.0,228.0,73.0,123.0
532.0,228.0,72.0,122.0
530.0,228.0,71.0,121.0
530.0,227.0,70.0,120.0
528.0,225.0,69.0,120.0
526.0,225.0,70.0,121.0
524.0,224.0,72.0,122.0
522.0,223.0,74.0,123.0
520.0,224.0,76.0,124.0
520.0,226.0,78.0,124.0
518.0,227.0,80.0,124.0
516.0,228.0,80.0,123.0
514.0,229.0,80.0,121.0
512.0,229.0,80.0,119.0
510.0,228.0,78.0,118.0
509.0,226.0,77.0,118.0
507.0,225.0,75.0,117.0
506.0,223.0,74.0,119.0
506.0,221.0,73.0,121.0
504.0,220.0,72.0,124.0
503.0,218.0,73.0,125.0
502.0,219.0,74.0,126.0
502.0,219.0,75.0,128.0
501.0,220.0,76.0,128.0
500.0,221.0,76.0,127.0
499.0,221.0,76.0,127.0
500.0,221.0,74.0,126.0
500.0,221.0,71.0,125.0
500.0,220.0,69.0,123.0
499.0,219.0,69.0,123.0
499.0,217.0,69.0,124.0
498.0,216.0,69.0,124.0
498.0,216.0,70.0,124.0
497.0,216.0,71.0,125.0
496.0,216.0,73.0,126.0
496.0,217.0,74.0,126.0
494.0,217.0,75.0,127.0
494.0,218.0,77.0,128.0
493.0,219.0,77.0,127.0
493.0,220.0,77.0,126.0
492.0,221.0,78.0,125.0
491.0,220.0,76.0,124.0
490.0,221.0,75.0,123.0
489.0,220.0,73.0,122.0
489.0,219.0,72.0,123.0
488.0,217.0,71.0,123.0
487.0,216.0,70.0,123.0
487.0,216.0,71.0,125.0
486.0,216.0,72.0,126.0
486.0,216.0,72.0,127.0
485.0,217.0,73.0,129.0
485.0,217.0,74.0,131.0
485.0,217.0,75.0,133.0
485.0,217.0,76.0,133.0
485.0,218.0,76.0,134.0
485.0,218.0,76.0,135.0
485.0,218.0,74.0,134.0
486.0,217.0,72.0,133.0
486.0,216.0,70.0,132.0
486.0,216.0,69.0,131.0
487.0,216.0,68.0,129.0
487.0,216.0,67.0,127.0
485.0,215.0,68.0,128.0
485.0,216.0,68.0,129.0
483.0,215.0,68.0,130.0
482.0,216.0,69.0,131.0
481.0,217.0,70.0,132.0
479.0,217.0,70.0,133.0
477.0,219.0,71.0,133.0
473.0,219.0,72.0,134.0
470.0,219.0,73.0,134.0
468.0,220.0,73.0,133.0
465.0,219.0,73.0,132.0
462.0,220.0,73.0,132.0
459.0,218.0,73.0,131.0
456.0,216.0,72.0,130.0
452.0,216.0,72.0,129.0
447.0,214.0,72.0,128.0
443.0,213.0,72.0,128.0
439.0,213.0,71.0,127.0
435.0,212.0,72.0,129.0
432.0,210.0,73.0,132.0
429.0,209.0,74.0,134.0
425.0,209.0,76.0,134.0
422.0,209.0,77.0,135.0
420.0,210.0,79.0,135.0
417.0,210.0,78.0,135.0
416.0,208.0,78.0,135.0
414.0,207.0,77.0,135.0
413.0,207.0,76.0,135.0
412.0,205.0,74.0,135.0
413.0,203.0,72.0,135.0
411.0,201.0,71.0,134.0
408.0,198.0,70.0,133.0
406.0,196.0,69.0,132.0
405.0,195.0,70.0,132.0
403.0,193.0,70.0,132.0
401.0,191.0,70.0,132.0
399.0,191.0,71.0,132.0
397.0,190.0,72.0,132.0
394.0,190.0,73.0,132.0
392.0,189.0,72.0,133.0
390.0,188.0,72.0,133.0
387.0,187.0,71.0,133.0
384.0,185.0,73.0,134.0
379.0,183.0,76.0,135.0
374.0,180.0,78.0,136.0
373.0,178.0,76.0,134.0
371.0,176.0,74.0,132.0
369.0,174.0,72.0,130.0
206.0,100.0,30.0,66.0
203.0,99.0,31.0,65.0
201.0,98.0,32.0,63.0
