377.0,457.0,33.0,55.0
376.0,457.0,33.0,55.0
375.0,457.0,33.0,55.0
374.0,457.0,33.0,55.0
374.0,457.0,33.0,55.0
374.0,457.0,33.0,55.0
374.0,457.0,33.0,55.0
372.0,457.0,33.0,55.0
372.0,457.0,34.0,55.0
372.0,457.0,34.0,55.0
370.0,457.0,34.0,55.0
370.0,457.0,34.0,55.0
370.0,457.0,34.0,55.0
370.0,457.0,34.0,55.0
370.0,457.0,34.0,55.0
370.0,457.0,34.0,55.0
369.0,457.0,34.0,55.0
369.0,457.0,34.0,55.0
369.0,457.0,34.0,55.0
367.0,457.0,34.0,55.0
367.0,457.0,34.0,55.0
367.0,457.0,34.0,55.0
367.0,457.0,34.0,55.0
366.0,456.0,34.0,55.0
366.0,456.0,34.0,55.0
366.0,456.0,34.0,55.0
366.0,456.0,34.0,55.0
185.0,229.0,10.0,23.0
185.0,229.0,10.0,23.0
185.0,229.0,9.0,23.0
185.0,229.0,9.0,23.0
185.0,229.0,9.0,23.0
364.0,455.0,34.0,55.0
364.0,455.0,34.0,55.0
364.0,455.0,34.0,54.0
364.0,453.0,33.0,54.0
364.0,453.0,33.0,54.0
364.0,453.0,34.0,54.0
365.0,453.0,34.0,54.0
365.0,454.0,34.0,54.0
366.0,454.0,34.0,54.0
366.0,454.0,35.0,54.0
366.0,454.0,35.0,54.0
366.0,454.0,35.0,54.0
366.0,454.0,34.0,54.0
367.0,453.0,34.0,54.0
367.0,453.0,34.0,54.0
368.0,452.0,34.0,54.0
369.0,452.0,33.0,54.0
369.0,452.0,33.0,53.0
369.0,452.0,33.0,53.0
369.0,452.0,33.0,53.0
369.0,452.0,33.0,53.0
370.0,452.0,33.0,53.0
188.0,227.0,8.0,21.0
188.0,227.0,8.0,21.0
188.0,227.0,8.0,21.0
188.0,227.0,8.0,21.0
189.0,227.0,8.0,21.0
371.0,451.0,33.0,53.0
373.0,451.0,33.0,53.0
373.0,451.0,34.0,53.0
373.0,451.0,34.0,53.0
374.0,451.0,34.0,53.0
375.0,450.0,34.0,53.0
375.0,450.0,34.0,53.0
376.0,449.0,33.0,53.0
377.0,449.0,33.0,53.0
379.0,449.0,33.0,52.0
379.0,448.0,33.0,52.0
381.0,448.0,33.0,52.0
381.0,448.0,33.0,52.0
382.0,448.0,34.0,52.0
383.0,448.0,34.0,52.0
385.0,447.0,34.0,52.0
387.0,447.0,34.0,52.0
387.0,447.0,34.0,52.0
387.0,447.0,34.0,52.0
388.0,447.0,34.0,52.0
390.0,446.0,34.0,52.0
391.0,446.0,34.0,52.0
391.0,446.0,33.0,52.0
393.0,446.0,33.0,52.0
394.0,445.0,32.0,52.0
395.0,445.0,32.0,52.0
397.0,445.0,32.0,52.0
397.0,445.0,32.0,52.0
398.0,444.0,32.0,52.0
399.0,444.0,32.0,52.0
204.0,222.0,8.0,20.0
204.0,222.0,9.0,20.0
205.0,222.0,9.0,20.0
206.0,221.0,9.0,20.0
206.0,221.0,10.0,20.0
402.0,442.0,35.0,52.0
403.0,442.0,35.0,52.0
404.0,442.0,35.0,52.0
406.0,442.0,34.0,52.0
408.0,441.0,33.0,51.0
411.0,441.0,32.0,51.0
412.0,441.0,32.0,51.0
413.0,441.0,32.0,51.0
414.0,441.0,32.0,50.0
416.0,439.0,32.0,51.0
418.0,439.0,32.0,51.0
420.0,438.0,32.0,51.0
421.0,438.0,32.0,51.0
423.0,438.0,32.0,51.0
424.0,437.0,33.0,51.0
426.0,437.0,33.0,51.0
428.0,437.0,33.0,51.0
428.0,437.0,33.0,51.0
430.0,437.0,33.0,51.0
432.0,435.0,33.0,51.0
434.0,435.0,33.0,51.0
437.0,435.0,32.0,51.0
438.0,435.0,32.0,51.0
440.0,435.0,32.0,51.0
443.0,434.0,32.0,51.0
445.0,433.0,31.0,51.0
447.0,433.0,31.0,51.0
448.0,433.0,32.0,51.0
232.0,217.0,7.0,19.0
232.0,217.0,7.0,19.0
233.0,217.0,8.0,19.0
233.0,216.0,8.0,19.0
234.0,216.0,9.0,19.0
453.0,431.0,34.0,51.0
457.0,431.0,34.0,51.0
459.0,430.0,34.0,51.0
461.0,430.0,34.0,51.0
462.0,430.0,34.0,51.0
464.0,430.0,34.0,51.0
468.0,429.0,33.0,51.0
471.0,428.0,32.0,51.0
475.0,428.0,31.0,51.0
476.0,428.0,31.0,51.0
477.0,427.0,31.0,51.0
480.0,426.0,31.0,51.0
483.0,426.0,31.0,51.0
485.0,427.0,31.0,51.0
486.0,427.0,31.0,51.0
490.0,426.0,31.0,50.0
493.0,426.0,31.0,50.0
495.0,426.0,32.0,50.0
498.0,426.0,32.0,50.0
500.0,426.0,32.0,50.0
502.0,425.0,32.0,50.0
505.0,425.0,32.0,50.0
509.0,424.0,31.0,50.0
511.0,423.0,31.0,50.0
512.0,423.0,31.0,50.0
514.0,423.0,31.0,50.0
268.0,214.0,6.0,18.0
269.0,214.0,6.0,18.0
270.0,213.0,6.0,18.0
271.0,213.0,6.0,18.0
272.0,213.0,7.0,18.0
523.0,421.0,32.0,49.0
525.0,420.0,33.0,49.0
528.0,420.0,33.0,49.0
529.0,420.0,34.0,49.0
532.0,420.0,34.0,49.0
536.0,420.0,34.0,49.0
539.0,420.0,34.0,49.0
542.0,419.0,34.0,49.0
544.0,419.0,33.0,49.0
546.0,418.0,33.0,49.0
549.0,418.0,32.0,49.0
552.0,418.0,32.0,49.0
554.0,417.0,32.0,49.0
555.0,417.0,31.0,49.0
557.0,417.0,31.0,49.0
561.0,417.0,31.0,49.0
564.0,416.0,31.0,49.0
566.0,415.0,31.0,49.0
567.0,415.0,31.0,49.0
570.0,415.0,31.0,49.0
573.0,415.0,32.0,49.0
576.0,415.0,32.0,49.0
579.0,414.0,32.0,49.0
580.0,414.0,32.0,49.0
583.0,414.0,32.0,48.0
585.0,414.0,31.0,48.0
588.0,414.0,31.0,48.0
590.0,412.0,31.0,48.0
591.0,412.0,31.0,48.0
594.0,412.0,31.0,48.0
597.0,412.0,30.0,48.0
600.0,411.0,30.0,47.0
602.0,411.0,30.0,47.0
603.0,411.0,30.0,48.0
605.0,411.0,30.0,48.0
609.0,410.0,30.0,48.0
612.0,409.0,30.0,48.0
615.0,409.0,30.0,48.0
616.0,409.0,31.0,48.0
618.0,408.0,32.0,48.0
620.0,407.0,33.0,48.0
