650, 559, 41, 62
652, 557, 41, 62
654, 555, 41, 62
657, 552, 41, 62
660, 549, 41, 62
661, 545, 41, 62
664, 541, 41, 62
665, 538, 41, 62
668, 533, 41, 62
669, 529, 41, 62
671, 524, 41, 62
673, 519, 41, 62
675, 515, 41, 62
677, 510, 41, 62
679, 504, 41, 62
681, 498, 41, 62
684, 492, 41, 62
685, 485, 41, 62
688, 479, 41, 62
689, 473, 41, 62
691, 467, 41, 62
693, 462, 41, 62
695, 457, 41, 62
697, 454, 41, 62
699, 454, 41, 62
0.0, 0.0, 0.0, 0.0
698, 451, 46, 70
698, 450, 47, 71
697, 449, 49, 74
696, 447, 51, 77
695, 446, 52, 78
695, 447, 52, 78
695, 447, 52, 78
695, 446, 53, 80
695, 448, 52, 78
696, 449, 51, 77
697, 451, 49, 74
696, 452, 48, 72
696, 451, 50, 75
696, 453, 49, 74
697, 453, 49, 74
696, 453, 50, 75
696, 453, 51, 77
696, 452, 52, 78
697, 452, 52, 78
696, 452, 53, 80
696, 452, 54, 82
698, 454, 53, 80
697, 454, 53, 80
697, 454, 53, 80
697, 455, 52, 78
698, 456, 53, 80
697, 456, 53, 80
697, 456, 54, 82
697, 456, 55, 83
698, 456, 54, 82
698, 457, 55, 83
697, 457, 55, 83
697, 456, 56, 85
698, 457, 56, 85
698, 458, 56, 85
697, 458, 56, 85
696, 457, 57, 87
697, 458, 57, 87
698, 461, 55, 83
698, 462, 54, 82
698, 461, 55, 83
697, 461, 55, 83
697, 462, 55, 83
697, 462, 55, 83
697, 463, 55, 83
697, 463, 55, 83
697, 464, 55, 83
698, 464, 55, 83
698, 464, 55, 83
700, 463, 56, 85
701, 464, 56, 85
703, 463, 57, 87
706, 468, 54, 82
707, 467, 55, 83
709, 467, 55, 83
710, 467, 55, 83
711, 467, 56, 85
714, 467, 56, 85
715, 468, 56, 85
716, 468, 56, 85
717, 468, 57, 87
721, 469, 57, 87
721, 469, 57, 87
722, 470, 57, 87
722, 470, 57, 87
723, 470, 57, 87
723, 472, 57, 87
723, 472, 57, 87
724, 472, 57, 87
724, 473, 57, 87
724, 473, 57, 87
724, 474, 57, 87
724, 474, 57, 87
725, 475, 57, 87
725, 476, 57, 87
725, 477, 57, 87
725, 477, 58, 88
725, 478, 58, 88
725, 479, 58, 88
725, 478, 60, 90
725, 480, 60, 90
726, 481, 60, 90
725, 481, 61, 92
726, 483, 58, 88
725, 483, 60, 90
725, 484, 60, 90
725, 485, 60, 90
726, 487, 58, 88
726, 487, 58, 88
725, 488, 60, 90
725, 488, 60, 90
725, 489, 60, 90
726, 490, 60, 90
725, 490, 61, 92
726, 491, 60, 90
726, 492, 60, 90
725, 492, 61, 92
725, 493, 61, 92
725, 494, 61, 92
724, 494, 62, 94
725, 497, 61, 92
725, 497, 61, 92
725, 497, 62, 94
725, 499, 61, 92
725, 499, 62, 94
725, 500, 62, 94
724, 500, 63, 96
724, 502, 63, 96
724, 503, 62, 94
724, 503, 63, 96
723, 504, 63, 96
724, 506, 63, 96
724, 507, 62, 94
724, 508, 62, 94
724, 509, 62, 94
724, 510, 62, 94
723, 510, 63, 96
723, 511, 63, 96
722, 511, 65, 97
722, 513, 65, 97
721, 514, 65, 97
720, 515, 65, 97
719, 515, 66, 99
718, 517, 66, 99
717, 518, 66, 99
718, 520, 65, 97
718, 521, 65, 97
717, 522, 65, 97
717, 523, 65, 97
716, 524, 65, 97
716, 523, 66, 99
715, 525, 66, 99
714, 526, 66, 99
714, 527, 66, 99
713, 527, 67, 101
713, 527, 67, 101
712, 528, 67, 101
711, 529, 67, 101
710, 529, 68, 103
711, 530, 68, 103
711, 531, 68, 103
710, 532, 68, 103
710, 533, 68, 103
709, 534, 68, 103
708, 534, 70, 106
708, 535, 70, 106
708, 536, 70, 106
707, 537, 70, 106
707, 538, 70, 106
706, 538, 71, 108
705, 539, 70, 106
705, 540, 70, 106
704, 540, 71, 108
703, 541, 71, 108
702, 542, 71, 108
701, 543, 71, 108
701, 543, 71, 108
700, 543, 73, 110
700, 545, 71, 108
699, 546, 71, 108
699, 546, 71, 108
698, 546, 73, 110
698, 548, 73, 110
698, 550, 71, 108
698, 550, 71, 108
697, 551, 71, 108
697, 552, 71, 108
697, 553, 71, 108
697, 554, 71, 108
696, 554, 73, 110
696, 556, 73, 110
696, 557, 73, 110
696, 558, 73, 110
696, 560, 71, 108
696, 560, 71, 108
696, 561, 71, 108
695, 562, 73, 110
694, 562, 74, 112
694, 564, 73, 110
694, 565, 73, 110
694, 566, 73, 110
693, 566, 74, 112
692, 566, 74, 112
692, 567, 74, 112
692, 568, 74, 112
691, 568, 76, 114
690, 569, 76, 114
689, 570, 76, 114
689, 571, 76, 114
689, 572, 76, 114
688, 573, 76, 114
687, 574, 76, 114
687, 574, 76, 114
686, 573, 77, 116
686, 576, 76, 114
685, 576, 76, 114
685, 577, 76, 114
683, 577, 77, 116
683, 579, 77, 116
682, 580, 77, 116
682, 581, 77, 116
681, 582, 77, 116
680, 582, 79, 119
679, 584, 79, 119
679, 586, 77, 116
678, 585, 79, 119
676, 587, 79, 119
673, 589, 79, 119
670, 590, 79, 119
668, 592, 79, 119
667, 593, 79, 119
666, 594, 79, 119
664, 594, 80, 121
664, 596, 80, 121
663, 597, 80, 121
662, 597, 82, 124
661, 598, 82, 124
661, 599, 82, 124
660, 601, 82, 124
660, 602, 82, 124
659, 604, 82, 124
658, 603, 83, 126
658, 606, 83, 126
658, 608, 82, 124
658, 610, 82, 124
657, 610, 83, 126
657, 612, 83, 126
657, 613, 83, 126
655, 613, 85, 129
657, 618, 82, 124
656, 616, 85, 129
656, 620, 83, 126
655, 620, 85, 129
656, 622, 85, 129
654, 623, 87, 131
654, 626, 85, 129
654, 626, 87, 131
655, 630, 85, 129
654, 631, 85, 129
654, 633, 85, 129
653, 633, 87, 131
653, 635, 87, 131
651, 635, 89, 134
652, 637, 87, 131
651, 637, 89, 134
650, 639, 89, 134
650, 641, 89, 134
650, 644, 87, 131
650, 644, 89, 134
648, 644, 90, 136
648, 646, 90, 136
647, 648, 90, 136
647, 649, 90, 136
647, 651, 90, 136
647, 653, 90, 136
646, 654, 92, 139
646, 656, 92, 139
646, 658, 92, 139
646, 660, 92, 139
645, 662, 92, 139
645, 664, 92, 139
644, 664, 94, 142
644, 667, 92, 139
