933.0, 227.0, 170.0, 326.0
931.0, 227.0, 170.0, 326.0
929.0, 229.0, 170.0, 326.0
927.0, 229.0, 170.0, 326.0
923.0, 231.0, 170.0, 326.0
921.0, 231.0, 170.0, 326.0
919.0, 233.0, 170.0, 326.0
917.0, 233.0, 170.0, 326.0
915.0, 235.0, 170.0, 326.0
913.0, 235.0, 170.0, 326.0
911.0, 237.0, 170.0, 326.0
909.0, 237.0, 170.0, 326.0
909.0, 239.0, 170.0, 326.0
907.0, 239.0, 170.0, 326.0
907.0, 239.0, 170.0, 326.0
905.0, 239.0, 170.0, 326.0
905.0, 239.0, 170.0, 326.0
905.0, 237.0, 170.0, 326.0
905.0, 237.0, 170.0, 326.0
905.0, 237.0, 170.0, 326.0
905.0, 237.0, 170.0, 326.0
905.0, 237.0, 170.0, 326.0
903.0, 237.0, 170.0, 326.0
903.0, 239.0, 170.0, 326.0
903.0, 239.0, 170.0, 326.0
901.0, 239.0, 170.0, 326.0
901.0, 241.0, 170.0, 326.0
901.0, 241.0, 170.0, 326.0
899.0, 243.0, 170.0, 326.0
899.0, 243.0, 170.0, 326.0
897.0, 245.0, 170.0, 326.0
895.0, 247.0, 170.0, 326.0
893.0, 247.0, 170.0, 326.0
893.0, 247.0, 170.0, 326.0
891.0, 247.0, 170.0, 326.0
889.0, 247.0, 170.0, 326.0
889.0, 247.0, 170.0, 326.0
887.0, 245.0, 170.0, 326.0
885.0, 245.0, 170.0, 326.0
885.0, 245.0, 170.0, 326.0
883.0, 247.0, 170.0, 326.0
881.0, 247.0, 170.0, 326.0
881.0, 247.0, 170.0, 326.0
879.0, 249.0, 170.0, 326.0
877.0, 249.0, 170.0, 326.0
875.0, 251.0, 170.0, 326.0
875.0, 253.0, 170.0, 326.0
873.0, 253.0, 170.0, 326.0
873.0, 255.0, 170.0, 326.0
873.0, 257.0, 170.0, 326.0
871.0, 259.0, 170.0, 326.0
871.0, 261.0, 170.0, 326.0
873.0, 261.0, 170.0, 326.0
873.0, 263.0, 170.0, 326.0
875.0, 263.0, 170.0, 326.0
875.0, 263.0, 170.0, 326.0
877.0, 263.0, 170.0, 326.0
879.0, 263.0, 170.0, 326.0
881.0, 263.0, 170.0, 326.0
883.0, 263.0, 170.0, 326.0
885.0, 265.0, 170.0, 326.0
885.0, 265.0, 170.0, 326.0
887.0, 267.0, 170.0, 326.0
889.0, 267.0, 170.0, 326.0
889.0, 269.0, 170.0, 326.0
891.0, 271.0, 170.0, 326.0
891.0, 273.0, 170.0, 326.0
893.0, 275.0, 170.0, 326.0
893.0, 277.0, 170.0, 326.0
893.0, 279.0, 170.0, 326.0
893.0, 281.0, 170.0, 326.0
893.0, 281.0, 170.0, 326.0
893.0, 281.0, 170.0, 326.0
893.0, 281.0, 170.0, 326.0
893.0, 281.0, 170.0, 326.0
893.0, 279.0, 170.0, 326.0
893.0, 279.0, 170.0, 326.0
893.0, 279.0, 170.0, 326.0
893.0, 281.0, 170.0, 326.0
893.0, 281.0, 170.0, 326.0
893.0, 283.0, 170.0, 326.0
893.0, 283.0, 170.0, 326.0
893.0, 285.0, 170.0, 326.0
893.0, 287.0, 170.0, 326.0
893.0, 289.0, 170.0, 326.0
893.0, 291.0, 170.0, 326.0
893.0, 293.0, 170.0, 326.0
895.0, 295.0, 170.0, 326.0
895.0, 297.0, 170.0, 326.0
897.0, 299.0, 170.0, 326.0
899.0, 301.0, 170.0, 326.0
901.0, 303.0, 170.0, 326.0
903.0, 303.0, 170.0, 326.0
905.0, 303.0, 170.0, 326.0
907.0, 303.0, 170.0, 326.0
911.0, 303.0, 170.0, 326.0
913.0, 303.0, 170.0, 326.0
915.0, 305.0, 170.0, 326.0
917.0, 305.0, 170.0, 326.0
919.0, 307.0, 170.0, 326.0
923.0, 309.0, 170.0, 326.0
925.0, 309.0, 170.0, 326.0
927.0, 311.0, 170.0, 326.0
929.0, 313.0, 170.0, 326.0
931.0, 315.0, 170.0, 326.0
931.0, 317.0, 170.0, 326.0
933.0, 319.0, 170.0, 326.0
933.0, 319.0, 170.0, 326.0
933.0, 321.0, 170.0, 326.0
933.0, 321.0, 170.0, 326.0
933.0, 321.0, 170.0, 326.0
933.0, 319.0, 170.0, 326.0
933.0, 319.0, 170.0, 326.0
933.0, 317.0, 170.0, 326.0
931.0, 317.0, 170.0, 326.0
931.0, 317.0, 170.0, 326.0
929.0, 317.0, 170.0, 326.0
927.0, 317.0, 170.0, 326.0
925.0, 317.0, 170.0, 326.0
925.0, 319.0, 170.0, 326.0
923.0, 319.0, 170.0, 326.0
921.0, 319.0, 170.0, 326.0
921.0, 321.0, 170.0, 326.0
919.0, 321.0, 170.0, 326.0
919.0, 321.0, 170.0, 326.0
917.0, 323.0, 170.0, 326.0
917.0, 323.0, 170.0, 326.0
917.0, 323.0, 170.0, 326.0
915.0, 323.0, 170.0, 326.0
915.0, 323.0, 170.0, 326.0
915.0, 323.0, 170.0, 326.0
915.0, 321.0, 170.0, 326.0
915.0, 319.0, 170.0, 326.0
915.0, 317.0, 170.0, 326.0
915.0, 315.0, 170.0, 326.0
915.0, 313.0, 170.0, 326.0
915.0, 313.0, 170.0, 326.0
915.0, 311.0, 170.0, 326.0
913.0, 311.0, 170.0, 326.0
913.0, 309.0, 170.0, 326.0
911.0, 309.0, 170.0, 326.0
909.0, 309.0, 170.0, 326.0
909.0, 309.0, 170.0, 326.0
907.0, 309.0, 170.0, 326.0
905.0, 309.0, 170.0, 326.0
903.0, 307.0, 170.0, 326.0
901.0, 307.0, 170.0, 326.0
899.0, 305.0, 170.0, 326.0
897.0, 303.0, 170.0, 326.0
895.0, 301.0, 170.0, 326.0
891.0, 299.0, 170.0, 326.0
889.0, 295.0, 170.0, 326.0
887.0, 293.0, 170.0, 326.0
883.0, 291.0, 170.0, 326.0
881.0, 289.0, 170.0, 326.0
879.0, 287.0, 170.0, 326.0
875.0, 285.0, 170.0, 326.0
873.0, 285.0, 170.0, 326.0
871.0, 283.0, 170.0, 326.0
869.0, 283.0, 170.0, 326.0
867.0, 281.0, 170.0, 326.0
865.0, 281.0, 170.0, 326.0
863.0, 281.0, 170.0, 326.0
861.0, 281.0, 170.0, 326.0
861.0, 279.0, 170.0, 326.0
859.0, 279.0, 170.0, 326.0
859.0, 277.0, 170.0, 326.0
859.0, 275.0, 170.0, 326.0
859.0, 273.0, 170.0, 326.0
859.0, 271.0, 170.0, 326.0
859.0, 267.0, 170.0, 326.0
859.0, 265.0, 170.0, 326.0
857.0, 263.0, 170.0, 326.0
857.0, 261.0, 170.0, 326.0
857.0, 259.0, 170.0, 326.0
855.0, 257.0, 170.0, 326.0
855.0, 257.0, 170.0, 326.0
853.0, 255.0, 170.0, 326.0
851.0, 253.0, 170.0, 326.0
851.0, 253.0, 170.0, 326.0
849.0, 251.0, 170.0, 326.0
847.0, 249.0, 170.0, 326.0
845.0, 247.0, 170.0, 326.0
843.0, 245.0, 170.0, 326.0
841.0, 245.0, 170.0, 326.0
839.0, 241.0, 170.0, 326.0
837.0, 239.0, 170.0, 326.0
835.0, 235.0, 170.0, 326.0
835.0, 231.0, 170.0, 326.0
833.0, 227.0, 170.0, 326.0
831.0, 221.0, 170.0, 326.0
829.0, 219.0, 170.0, 326.0
829.0, 215.0, 170.0, 326.0
827.0, 211.0, 170.0, 326.0
825.0, 209.0, 170.0, 326.0
823.0, 205.0, 170.0, 326.0
823.0, 201.0, 170.0, 326.0
821.0, 199.0, 170.0, 326.0
821.0, 197.0, 170.0, 326.0
819.0, 195.0, 170.0, 326.0
817.0, 193.0, 170.0, 326.0
817.0, 191.0, 170.0, 326.0
817.0, 191.0, 170.0, 326.0
815.0, 189.0, 170.0, 326.0
815.0, 187.0, 170.0, 326.0
815.0, 185.0, 170.0, 326.0
815.0, 183.0, 170.0, 326.0
815.0, 181.0, 170.0, 326.0
817.0, 177.0, 170.0, 326.0
817.0, 175.0, 170.0, 326.0
817.0, 171.0, 170.0, 326.0
817.0, 169.0, 170.0, 326.0
817.0, 167.0, 170.0, 326.0
817.0, 165.0, 170.0, 326.0
817.0, 165.0, 170.0, 326.0
817.0, 163.0, 170.0, 326.0
817.0, 161.0, 170.0, 326.0
817.0, 161.0, 170.0, 326.0
817.0, 159.0, 170.0, 326.0
815.0, 159.0, 170.0, 326.0
815.0, 159.0, 170.0, 326.0
813.0, 157.0, 170.0, 326.0
813.0, 157.0, 170.0, 326.0
811.0, 155.0, 170.0, 326.0
811.0, 153.0, 170.0, 326.0
809.0, 151.0, 170.0, 326.0
807.0, 147.0, 170.0, 326.0
807.0, 145.0, 170.0, 326.0
805.0, 143.0, 170.0, 326.0
805.0, 141.0, 170.0, 326.0
803.0, 139.0, 170.0, 326.0
803.0, 139.0, 170.0, 326.0
801.0, 137.0, 170.0, 326.0
799.0, 137.0, 170.0, 326.0
799.0, 135.0, 170.0, 326.0
799.0, 133.0, 170.0, 326.0
797.0, 133.0, 170.0, 326.0
797.0, 131.0, 170.0, 326.0
797.0, 131.0, 170.0, 326.0
797.0, 131.0, 170.0, 326.0
795.0, 129.0, 170.0, 326.0
795.0, 127.0, 170.0, 326.0
795.0, 125.0, 170.0, 326.0
797.0, 123.0, 170.0, 326.0
797.0, 121.0, 170.0, 326.0
797.0, 117.0, 170.0, 326.0
797.0, 115.0, 170.0, 326.0
797.0, 113.0, 170.0, 326.0
797.0, 111.0, 170.0, 326.0
797.0, 109.0, 170.0, 326.0
797.0, 107.0, 170.0, 326.0
797.0, 105.0, 170.0, 326.0
797.0, 105.0, 170.0, 326.0
797.0, 103.0, 170.0, 326.0
795.0, 103.0, 170.0, 326.0
795.0, 101.0, 170.0, 326.0
795.0, 99.0, 170.0, 326.0
793.0, 99.0, 170.0, 326.0
791.0, 97.0, 170.0, 326.0
791.0, 95.0, 170.0, 326.0
789.0, 93.0, 170.0, 326.0
787.0, 89.0, 170.0, 326.0
787.0, 87.0, 170.0, 326.0
785.0, 83.0, 170.0, 326.0
785.0, 81.0, 170.0, 326.0
783.0, 77.0, 170.0, 326.0
781.0, 75.0, 170.0, 326.0
779.0, 73.0, 170.0, 326.0
779.0, 71.0, 170.0, 326.0
777.0, 69.0, 170.0, 326.0
775.0, 67.0, 170.0, 326.0
773.0, 67.0, 170.0, 326.0
773.0, 67.0, 170.0, 326.0
771.0, 71.0, 170.0, 326.0
769.0, 73.0, 170.0, 326.0
767.0, 79.0, 170.0, 326.0
767.0, 85.0, 170.0, 326.0
765.0, 93.0, 170.0, 326.0
765.0, 99.0, 170.0, 326.0
763.0, 107.0, 170.0, 326.0
763.0, 115.0, 170.0, 326.0
761.0, 121.0, 170.0, 326.0
761.0, 127.0, 170.0, 326.0
761.0, 131.0, 170.0, 326.0
761.0, 137.0, 170.0, 326.0
759.0, 145.0, 170.0, 326.0
759.0, 151.0, 170.0, 326.0
759.0, 157.0, 170.0, 326.0
757.0, 163.0, 170.0, 326.0
757.0, 169.0, 170.0, 326.0
757.0, 175.0, 170.0, 326.0
755.0, 179.0, 170.0, 326.0
755.0, 183.0, 170.0, 326.0
753.0, 187.0, 170.0, 326.0
753.0, 191.0, 170.0, 326.0
751.0, 197.0, 170.0, 326.0
751.0, 201.0, 170.0, 326.0
751.0, 205.0, 170.0, 326.0
749.0, 209.0, 170.0, 326.0
749.0, 213.0, 170.0, 326.0
747.0, 217.0, 170.0, 326.0
747.0, 221.0, 170.0, 326.0
745.0, 223.0, 170.0, 326.0
745.0, 227.0, 170.0, 326.0
743.0, 231.0, 170.0, 326.0
743.0, 237.0, 170.0, 326.0
743.0, 241.0, 170.0, 326.0
741.0, 247.0, 170.0, 326.0
741.0, 251.0, 170.0, 326.0
741.0, 255.0, 170.0, 326.0
741.0, 261.0, 170.0, 326.0
741.0, 265.0, 170.0, 326.0
741.0, 271.0, 170.0, 326.0
741.0, 275.0, 170.0, 326.0
741.0, 281.0, 170.0, 326.0
741.0, 287.0, 170.0, 326.0
741.0, 291.0, 170.0, 326.0
741.0, 295.0, 170.0, 326.0
741.0, 299.0, 170.0, 326.0
743.0, 303.0, 170.0, 326.0
743.0, 309.0, 170.0, 326.0
743.0, 313.0, 170.0, 326.0
743.0, 317.0, 170.0, 326.0
743.0, 321.0, 170.0, 326.0
745.0, 327.0, 170.0, 326.0
745.0, 333.0, 170.0, 326.0
745.0, 337.0, 170.0, 326.0
745.0, 343.0, 170.0, 326.0
745.0, 347.0, 170.0, 326.0
745.0, 353.0, 170.0, 326.0
745.0, 361.0, 170.0, 326.0
745.0, 367.0, 170.0, 326.0
745.0, 371.0, 170.0, 326.0
745.0, 377.0, 170.0, 326.0
745.0, 381.0, 170.0, 326.0
745.0, 389.0, 170.0, 326.0
745.0, 393.0, 170.0, 326.0
745.0, 397.0, 170.0, 326.0
745.0, 401.0, 170.0, 326.0
745.0, 407.0, 170.0, 326.0
745.0, 413.0, 170.0, 326.0
745.0, 417.0, 170.0, 326.0
745.0, 423.0, 170.0, 326.0
745.0, 427.0, 170.0, 326.0
745.0, 431.0, 170.0, 326.0
747.0, 435.0, 170.0, 326.0
747.0, 437.0, 170.0, 326.0
747.0, 437.0, 170.0, 326.0
747.0, 437.0, 170.0, 326.0
747.0, 437.0, 170.0, 326.0
747.0, 437.0, 170.0, 326.0
747.0, 437.0, 170.0, 326.0
747.0, 435.0, 170.0, 326.0
749.0, 435.0, 170.0, 326.0
749.0, 433.0, 170.0, 326.0
749.0, 431.0, 170.0, 326.0
749.0, 431.0, 170.0, 326.0
751.0, 429.0, 170.0, 326.0
751.0, 429.0, 170.0, 326.0
751.0, 427.0, 170.0, 326.0
751.0, 427.0, 170.0, 326.0
751.0, 425.0, 170.0, 326.0
751.0, 425.0, 170.0, 326.0
751.0, 425.0, 170.0, 326.0
751.0, 423.0, 170.0, 326.0
751.0, 423.0, 170.0, 326.0
751.0, 423.0, 170.0, 326.0
751.0, 423.0, 170.0, 326.0
751.0, 423.0, 170.0, 326.0
751.0, 423.0, 170.0, 326.0
751.0, 421.0, 170.0, 326.0
751.0, 421.0, 170.0, 326.0
751.0, 419.0, 170.0, 326.0
749.0, 419.0, 170.0, 326.0
749.0, 417.0, 170.0, 326.0
749.0, 415.0, 170.0, 326.0
749.0, 415.0, 170.0, 326.0
749.0, 413.0, 170.0, 326.0
749.0, 413.0, 170.0, 326.0
751.0, 413.0, 170.0, 326.0
751.0, 413.0, 170.0, 326.0
751.0, 411.0, 170.0, 326.0
751.0, 411.0, 170.0, 326.0
751.0, 411.0, 170.0, 326.0
753.0, 411.0, 170.0, 326.0
753.0, 411.0, 170.0, 326.0
753.0, 411.0, 170.0, 326.0
755.0, 411.0, 170.0, 326.0
755.0, 411.0, 170.0, 326.0
755.0, 411.0, 170.0, 326.0
757.0, 409.0, 170.0, 326.0
757.0, 409.0, 170.0, 326.0
759.0, 409.0, 170.0, 326.0
759.0, 407.0, 170.0, 326.0
761.0, 407.0, 170.0, 326.0
763.0, 407.0, 170.0, 326.0
763.0, 407.0, 170.0, 326.0
765.0, 405.0, 170.0, 326.0
765.0, 405.0, 170.0, 326.0
765.0, 405.0, 170.0, 326.0
767.0, 405.0, 170.0, 326.0
767.0, 403.0, 170.0, 326.0
769.0, 403.0, 170.0, 326.0
769.0, 403.0, 170.0, 326.0
769.0, 403.0, 170.0, 326.0
771.0, 403.0, 170.0, 326.0
771.0, 403.0, 170.0, 326.0
771.0, 403.0, 170.0, 326.0
773.0, 403.0, 170.0, 326.0
773.0, 403.0, 170.0, 326.0
773.0, 403.0, 170.0, 326.0
773.0, 401.0, 170.0, 326.0
773.0, 401.0, 170.0, 326.0
775.0, 401.0, 170.0, 326.0
775.0, 401.0, 170.0, 326.0
775.0, 399.0, 170.0, 326.0
775.0, 399.0, 170.0, 326.0
777.0, 399.0, 170.0, 326.0
777.0, 399.0, 170.0, 326.0
777.0, 399.0, 170.0, 326.0
779.0, 399.0, 170.0, 326.0
779.0, 399.0, 170.0, 326.0
779.0, 399.0, 170.0, 326.0
779.0, 399.0, 170.0, 326.0
781.0, 399.0, 170.0, 326.0
781.0, 399.0, 170.0, 326.0
783.0, 399.0, 170.0, 326.0
783.0, 399.0, 170.0, 326.0
783.0, 399.0, 170.0, 326.0
785.0, 399.0, 170.0, 326.0
787.0, 399.0, 170.0, 326.0
787.0, 399.0, 170.0, 326.0
789.0, 399.0, 170.0, 326.0
789.0, 399.0, 170.0, 326.0
791.0, 397.0, 170.0, 326.0
791.0, 397.0, 170.0, 326.0
793.0, 397.0, 170.0, 326.0
793.0, 397.0, 170.0, 326.0
795.0, 397.0, 170.0, 326.0
795.0, 397.0, 170.0, 326.0
795.0, 397.0, 170.0, 326.0
797.0, 397.0, 170.0, 326.0
797.0, 397.0, 170.0, 326.0
797.0, 397.0, 170.0, 326.0
799.0, 397.0, 170.0, 326.0
799.0, 397.0, 170.0, 326.0
799.0, 397.0, 170.0, 326.0
799.0, 397.0, 170.0, 326.0
799.0, 397.0, 170.0, 326.0
799.0, 397.0, 170.0, 326.0
801.0, 395.0, 170.0, 326.0
801.0, 395.0, 170.0, 326.0
801.0, 395.0, 170.0, 326.0
801.0, 395.0, 170.0, 326.0
801.0, 395.0, 170.0, 326.0
801.0, 395.0, 170.0, 326.0
803.0, 395.0, 170.0, 326.0
803.0, 395.0, 170.0, 326.0
803.0, 395.0, 170.0, 326.0
803.0, 395.0, 170.0, 326.0
803.0, 395.0, 170.0, 326.0
803.0, 395.0, 170.0, 326.0
805.0, 395.0, 170.0, 326.0
805.0, 395.0, 170.0, 326.0
805.0, 395.0, 170.0, 326.0
807.0, 397.0, 170.0, 326.0
807.0, 397.0, 170.0, 326.0
807.0, 397.0, 170.0, 326.0
809.0, 397.0, 170.0, 326.0
809.0, 397.0, 170.0, 326.0
811.0, 395.0, 170.0, 326.0
811.0, 395.0, 170.0, 326.0
813.0, 395.0, 170.0, 326.0
813.0, 395.0, 170.0, 326.0
813.0, 395.0, 170.0, 326.0
815.0, 395.0, 170.0, 326.0
815.0, 395.0, 170.0, 326.0
815.0, 395.0, 170.0, 326.0
817.0, 395.0, 170.0, 326.0
817.0, 395.0, 170.0, 326.0
817.0, 397.0, 170.0, 326.0
819.0, 397.0, 170.0, 326.0
819.0, 397.0, 170.0, 326.0
819.0, 397.0, 170.0, 326.0
819.0, 397.0, 170.0, 326.0
819.0, 397.0, 170.0, 326.0
819.0, 397.0, 170.0, 326.0
819.0, 397.0, 170.0, 326.0
819.0, 397.0, 170.0, 326.0
819.0, 395.0, 170.0, 326.0
819.0, 395.0, 170.0, 326.0
819.0, 395.0, 170.0, 326.0
819.0, 395.0, 170.0, 326.0
819.0, 395.0, 170.0, 326.0
819.0, 395.0, 170.0, 326.0
819.0, 397.0, 170.0, 326.0
819.0, 397.0, 170.0, 326.0
819.0, 397.0, 170.0, 326.0
819.0, 397.0, 170.0, 326.0
819.0, 397.0, 170.0, 326.0
819.0, 399.0, 170.0, 326.0
819.0, 399.0, 170.0, 326.0
819.0, 399.0, 170.0, 326.0
819.0, 399.0, 170.0, 326.0
819.0, 399.0, 170.0, 326.0
821.0, 399.0, 170.0, 326.0
821.0, 399.0, 170.0, 326.0
821.0, 399.0, 170.0, 326.0
821.0, 399.0, 170.0, 326.0
821.0, 399.0, 170.0, 326.0
821.0, 399.0, 170.0, 326.0
823.0, 399.0, 170.0, 326.0
823.0, 399.0, 170.0, 326.0
823.0, 399.0, 170.0, 326.0
823.0, 399.0, 170.0, 326.0
823.0, 399.0, 170.0, 326.0
823.0, 401.0, 170.0, 326.0
823.0, 401.0, 170.0, 326.0
823.0, 401.0, 170.0, 326.0
823.0, 401.0, 170.0, 326.0
823.0, 401.0, 170.0, 326.0
823.0, 401.0, 170.0, 326.0
823.0, 401.0, 170.0, 326.0
821.0, 401.0, 170.0, 326.0
821.0, 401.0, 170.0, 326.0
821.0, 401.0, 170.0, 326.0
821.0, 401.0, 170.0, 326.0
821.0, 401.0, 170.0, 326.0
821.0, 401.0, 170.0, 326.0
821.0, 401.0, 170.0, 326.0
821.0, 401.0, 170.0, 326.0
821.0, 401.0, 170.0, 326.0
821.0, 401.0, 170.0, 326.0
821.0, 403.0, 170.0, 326.0
821.0, 403.0, 170.0, 326.0
821.0, 403.0, 170.0, 326.0
821.0, 403.0, 170.0, 326.0
821.0, 405.0, 170.0, 326.0
821.0, 405.0, 170.0, 326.0
821.0, 405.0, 170.0, 326.0
821.0, 405.0, 170.0, 326.0
821.0, 405.0, 170.0, 326.0
823.0, 405.0, 170.0, 326.0
823.0, 405.0, 170.0, 326.0
823.0, 405.0, 170.0, 326.0
823.0, 405.0, 170.0, 326.0
823.0, 405.0, 170.0, 326.0
823.0, 405.0, 170.0, 326.0
825.0, 405.0, 170.0, 326.0
825.0, 405.0, 170.0, 326.0
825.0, 407.0, 170.0, 326.0
825.0, 407.0, 170.0, 326.0
825.0, 407.0, 170.0, 326.0
825.0, 407.0, 170.0, 326.0
825.0, 407.0, 170.0, 326.0
825.0, 409.0, 170.0, 326.0
825.0, 409.0, 170.0, 326.0
823.0, 409.0, 170.0, 326.0
823.0, 409.0, 170.0, 326.0
823.0, 409.0, 170.0, 326.0
823.0, 409.0, 170.0, 326.0
823.0, 409.0, 170.0, 326.0
823.0, 409.0, 170.0, 326.0
821.0, 409.0, 170.0, 326.0
821.0, 409.0, 170.0, 326.0
821.0, 409.0, 170.0, 326.0
821.0, 409.0, 170.0, 326.0
821.0, 409.0, 170.0, 326.0
821.0, 409.0, 170.0, 326.0
821.0, 409.0, 170.0, 326.0
819.0, 411.0, 170.0, 326.0
819.0, 411.0, 170.0, 326.0
819.0, 411.0, 170.0, 326.0
819.0, 413.0, 170.0, 326.0
819.0, 413.0, 170.0, 326.0
819.0, 413.0, 170.0, 326.0
819.0, 413.0, 170.0, 326.0
821.0, 413.0, 170.0, 326.0
821.0, 413.0, 170.0, 326.0
821.0, 413.0, 170.0, 326.0
821.0, 413.0, 170.0, 326.0
821.0, 413.0, 170.0, 326.0
821.0, 413.0, 170.0, 326.0
819.0, 413.0, 170.0, 326.0
817.0, 415.0, 170.0, 326.0
817.0, 415.0, 170.0, 326.0
815.0, 415.0, 170.0, 326.0
813.0, 415.0, 170.0, 326.0
811.0, 415.0, 170.0, 326.0
809.0, 415.0, 170.0, 326.0
807.0, 417.0, 170.0, 326.0
807.0, 417.0, 170.0, 326.0
805.0, 417.0, 170.0, 326.0
803.0, 417.0, 170.0, 326.0
801.0, 417.0, 170.0, 326.0
799.0, 417.0, 170.0, 326.0
797.0, 417.0, 170.0, 326.0
795.0, 417.0, 170.0, 326.0
791.0, 417.0, 170.0, 326.0
789.0, 417.0, 170.0, 326.0
785.0, 417.0, 170.0, 326.0
781.0, 417.0, 170.0, 326.0
777.0, 417.0, 170.0, 326.0
773.0, 417.0, 170.0, 326.0
771.0, 417.0, 170.0, 326.0
765.0, 417.0, 170.0, 326.0
761.0, 417.0, 170.0, 326.0
757.0, 417.0, 170.0, 326.0
753.0, 419.0, 170.0, 326.0
749.0, 419.0, 170.0, 326.0
741.0, 419.0, 170.0, 326.0
737.0, 419.0, 170.0, 326.0
731.0, 419.0, 170.0, 326.0
727.0, 419.0, 170.0, 326.0
723.0, 419.0, 170.0, 326.0
719.0, 419.0, 170.0, 326.0
715.0, 419.0, 170.0, 326.0
711.0, 419.0, 170.0, 326.0
709.0, 419.0, 170.0, 326.0
705.0, 419.0, 170.0, 326.0
701.0, 419.0, 170.0, 326.0
697.0, 419.0, 170.0, 326.0
695.0, 419.0, 170.0, 326.0
691.0, 419.0, 170.0, 326.0
687.0, 419.0, 170.0, 326.0
683.0, 419.0, 170.0, 326.0
679.0, 419.0, 170.0, 326.0
677.0, 419.0, 170.0, 326.0
673.0, 419.0, 170.0, 326.0
671.0, 419.0, 170.0, 326.0
667.0, 419.0, 170.0, 326.0
663.0, 419.0, 170.0, 326.0
661.0, 419.0, 170.0, 326.0
657.0, 419.0, 170.0, 326.0
655.0, 417.0, 170.0, 326.0
651.0, 417.0, 170.0, 326.0
649.0, 417.0, 170.0, 326.0
645.0, 417.0, 170.0, 326.0
643.0, 417.0, 170.0, 326.0
641.0, 417.0, 170.0, 326.0
637.0, 417.0, 170.0, 326.0
633.0, 417.0, 170.0, 326.0
629.0, 417.0, 170.0, 326.0
625.0, 417.0, 170.0, 326.0
621.0, 417.0, 170.0, 326.0
615.0, 417.0, 170.0, 326.0
611.0, 417.0, 170.0, 326.0
609.0, 419.0, 170.0, 326.0
607.0, 419.0, 170.0, 326.0
605.0, 419.0, 170.0, 326.0
601.0, 419.0, 170.0, 326.0
599.0, 419.0, 170.0, 326.0
597.0, 419.0, 170.0, 326.0
595.0, 417.0, 170.0, 326.0
593.0, 417.0, 170.0, 326.0
589.0, 417.0, 170.0, 326.0
585.0, 417.0, 170.0, 326.0
583.0, 417.0, 170.0, 326.0
581.0, 417.0, 170.0, 326.0
577.0, 417.0, 170.0, 326.0
575.0, 417.0, 170.0, 326.0
571.0, 417.0, 170.0, 326.0
569.0, 417.0, 170.0, 326.0
567.0, 417.0, 170.0, 326.0
563.0, 417.0, 170.0, 326.0
561.0, 419.0, 170.0, 326.0
559.0, 419.0, 170.0, 326.0
557.0, 419.0, 170.0, 326.0
557.0, 419.0, 170.0, 326.0
557.0, 419.0, 170.0, 326.0
555.0, 419.0, 170.0, 326.0
555.0, 417.0, 170.0, 326.0
553.0, 417.0, 170.0, 326.0
553.0, 417.0, 170.0, 326.0
553.0, 417.0, 170.0, 326.0
553.0, 417.0, 170.0, 326.0
551.0, 417.0, 170.0, 326.0
551.0, 417.0, 170.0, 326.0
551.0, 417.0, 170.0, 326.0
549.0, 417.0, 170.0, 326.0
549.0, 417.0, 170.0, 326.0
549.0, 419.0, 170.0, 326.0
549.0, 419.0, 170.0, 326.0
549.0, 419.0, 170.0, 326.0
547.0, 419.0, 170.0, 326.0
547.0, 419.0, 170.0, 326.0
547.0, 419.0, 170.0, 326.0
547.0, 419.0, 170.0, 326.0
547.0, 419.0, 170.0, 326.0
547.0, 419.0, 170.0, 326.0
547.0, 419.0, 170.0, 326.0
547.0, 419.0, 170.0, 326.0
547.0, 419.0, 170.0, 326.0
547.0, 419.0, 170.0, 326.0
547.0, 419.0, 170.0, 326.0
547.0, 419.0, 170.0, 326.0
547.0, 419.0, 170.0, 326.0
545.0, 419.0, 170.0, 326.0
545.0, 419.0, 170.0, 326.0
545.0, 419.0, 170.0, 326.0
545.0, 419.0, 170.0, 326.0
545.0, 421.0, 170.0, 326.0
543.0, 421.0, 170.0, 326.0
543.0, 421.0, 170.0, 326.0
543.0, 421.0, 170.0, 326.0
541.0, 421.0, 170.0, 326.0
541.0, 421.0, 170.0, 326.0
539.0, 421.0, 170.0, 326.0
539.0, 421.0, 170.0, 326.0
537.0, 421.0, 170.0, 326.0
537.0, 421.0, 170.0, 326.0
535.0, 421.0, 170.0, 326.0
535.0, 421.0, 170.0, 326.0
533.0, 421.0, 170.0, 326.0
533.0, 421.0, 170.0, 326.0
533.0, 421.0, 170.0, 326.0
531.0, 421.0, 170.0, 326.0
531.0, 421.0, 170.0, 326.0
531.0, 421.0, 170.0, 326.0
529.0, 421.0, 170.0, 326.0
529.0, 423.0, 170.0, 326.0
527.0, 423.0, 170.0, 326.0
527.0, 423.0, 170.0, 326.0
527.0, 423.0, 170.0, 326.0
527.0, 423.0, 170.0, 326.0
527.0, 423.0, 170.0, 326.0
527.0, 423.0, 170.0, 326.0
527.0, 423.0, 170.0, 326.0
527.0, 423.0, 170.0, 326.0
527.0, 423.0, 170.0, 326.0
527.0, 423.0, 170.0, 326.0
525.0, 423.0, 170.0, 326.0
525.0, 423.0, 170.0, 326.0
525.0, 423.0, 170.0, 326.0
525.0, 423.0, 170.0, 326.0
525.0, 423.0, 170.0, 326.0
525.0, 423.0, 170.0, 326.0
525.0, 423.0, 170.0, 326.0
525.0, 423.0, 170.0, 326.0
523.0, 423.0, 170.0, 326.0
523.0, 425.0, 170.0, 326.0
523.0, 425.0, 170.0, 326.0
523.0, 425.0, 170.0, 326.0
523.0, 425.0, 170.0, 326.0
521.0, 425.0, 170.0, 326.0
521.0, 425.0, 170.0, 326.0
521.0, 425.0, 170.0, 326.0
519.0, 425.0, 170.0, 326.0
519.0, 425.0, 170.0, 326.0
519.0, 425.0, 170.0, 326.0
519.0, 425.0, 170.0, 326.0
519.0, 425.0, 170.0, 326.0
517.0, 425.0, 170.0, 326.0
517.0, 425.0, 170.0, 326.0
517.0, 425.0, 170.0, 326.0
517.0, 425.0, 170.0, 326.0
517.0, 425.0, 170.0, 326.0
517.0, 425.0, 170.0, 326.0
517.0, 425.0, 170.0, 326.0
515.0, 425.0, 170.0, 326.0
515.0, 425.0, 170.0, 326.0
515.0, 427.0, 170.0, 326.0
515.0, 427.0, 170.0, 326.0
517.0, 427.0, 170.0, 326.0
517.0, 427.0, 170.0, 326.0
517.0, 427.0, 170.0, 326.0
517.0, 425.0, 170.0, 326.0
517.0, 425.0, 170.0, 326.0
517.0, 425.0, 170.0, 326.0
519.0, 425.0, 170.0, 326.0
519.0, 425.0, 170.0, 326.0
519.0, 425.0, 170.0, 326.0
519.0, 425.0, 170.0, 326.0
519.0, 425.0, 170.0, 326.0
519.0, 425.0, 170.0, 326.0
519.0, 425.0, 170.0, 326.0
521.0, 425.0, 170.0, 326.0
521.0, 425.0, 170.0, 326.0
521.0, 425.0, 170.0, 326.0
521.0, 427.0, 170.0, 326.0
521.0, 427.0, 170.0, 326.0
521.0, 427.0, 170.0, 326.0
521.0, 427.0, 170.0, 326.0
521.0, 425.0, 170.0, 326.0
521.0, 425.0, 170.0, 326.0
521.0, 423.0, 170.0, 326.0
521.0, 423.0, 170.0, 326.0
521.0, 423.0, 170.0, 326.0
521.0, 423.0, 170.0, 326.0
521.0, 423.0, 170.0, 326.0
521.0, 423.0, 170.0, 326.0
523.0, 423.0, 170.0, 326.0
523.0, 423.0, 170.0, 326.0
523.0, 423.0, 170.0, 326.0
523.0, 423.0, 170.0, 326.0
525.0, 423.0, 170.0, 326.0
525.0, 423.0, 170.0, 326.0
525.0, 423.0, 170.0, 326.0
527.0, 423.0, 170.0, 326.0
527.0, 425.0, 170.0, 326.0
529.0, 425.0, 170.0, 326.0
529.0, 425.0, 170.0, 326.0
529.0, 425.0, 170.0, 326.0
531.0, 423.0, 170.0, 326.0
531.0, 423.0, 170.0, 326.0
533.0, 423.0, 170.0, 326.0
533.0, 423.0, 170.0, 326.0
535.0, 423.0, 170.0, 326.0
535.0, 423.0, 170.0, 326.0
535.0, 423.0, 170.0, 326.0
537.0, 423.0, 170.0, 326.0
537.0, 423.0, 170.0, 326.0
537.0, 425.0, 170.0, 326.0
539.0, 425.0, 170.0, 326.0
539.0, 425.0, 170.0, 326.0
539.0, 427.0, 170.0, 326.0
541.0, 427.0, 170.0, 326.0
541.0, 427.0, 170.0, 326.0
541.0, 427.0, 170.0, 326.0
541.0, 427.0, 170.0, 326.0
541.0, 427.0, 170.0, 326.0
543.0, 427.0, 170.0, 326.0
543.0, 425.0, 170.0, 326.0
543.0, 425.0, 170.0, 326.0
543.0, 425.0, 170.0, 326.0
545.0, 425.0, 170.0, 326.0
545.0, 425.0, 170.0, 326.0
545.0, 425.0, 170.0, 326.0
545.0, 425.0, 170.0, 326.0
547.0, 425.0, 170.0, 326.0
547.0, 425.0, 170.0, 326.0
547.0, 425.0, 170.0, 326.0
549.0, 427.0, 170.0, 326.0
549.0, 427.0, 170.0, 326.0
549.0, 427.0, 170.0, 326.0
551.0, 427.0, 170.0, 326.0
551.0, 427.0, 170.0, 326.0
553.0, 427.0, 170.0, 326.0
553.0, 427.0, 170.0, 326.0
555.0, 427.0, 170.0, 326.0
557.0, 425.0, 170.0, 326.0
557.0, 425.0, 170.0, 326.0
559.0, 425.0, 170.0, 326.0
559.0, 425.0, 170.0, 326.0
561.0, 425.0, 170.0, 326.0
561.0, 425.0, 170.0, 326.0
563.0, 425.0, 170.0, 326.0
563.0, 425.0, 170.0, 326.0
565.0, 425.0, 170.0, 326.0
565.0, 425.0, 170.0, 326.0
567.0, 425.0, 170.0, 326.0
567.0, 425.0, 170.0, 326.0
567.0, 427.0, 170.0, 326.0
569.0, 427.0, 170.0, 326.0
569.0, 427.0, 170.0, 326.0
569.0, 427.0, 170.0, 326.0
571.0, 427.0, 170.0, 326.0
571.0, 427.0, 170.0, 326.0
571.0, 427.0, 170.0, 326.0
571.0, 427.0, 170.0, 326.0
573.0, 427.0, 170.0, 326.0
573.0, 427.0, 170.0, 326.0
573.0, 427.0, 170.0, 326.0
575.0, 427.0, 170.0, 326.0
575.0, 427.0, 170.0, 326.0
575.0, 429.0, 170.0, 326.0
577.0, 429.0, 170.0, 326.0
577.0, 431.0, 170.0, 326.0
579.0, 431.0, 170.0, 326.0
579.0, 431.0, 170.0, 326.0
581.0, 433.0, 170.0, 326.0
583.0, 435.0, 170.0, 326.0
583.0, 435.0, 170.0, 326.0
585.0, 437.0, 170.0, 326.0
585.0, 437.0, 170.0, 326.0
587.0, 437.0, 170.0, 326.0
589.0, 439.0, 170.0, 326.0
591.0, 439.0, 170.0, 326.0
591.0, 439.0, 170.0, 326.0
593.0, 441.0, 170.0, 326.0
595.0, 441.0, 170.0, 326.0
595.0, 441.0, 170.0, 326.0
597.0, 443.0, 170.0, 326.0
597.0, 443.0, 170.0, 326.0
599.0, 445.0, 170.0, 326.0
599.0, 445.0, 170.0, 326.0
601.0, 447.0, 170.0, 326.0
601.0, 447.0, 170.0, 326.0
601.0, 449.0, 170.0, 326.0
603.0, 451.0, 170.0, 326.0
603.0, 453.0, 170.0, 326.0
603.0, 453.0, 170.0, 326.0
603.0, 455.0, 170.0, 326.0
605.0, 455.0, 170.0, 326.0
605.0, 457.0, 170.0, 326.0
605.0, 457.0, 170.0, 326.0
605.0, 459.0, 170.0, 326.0
607.0, 459.0, 170.0, 326.0
607.0, 459.0, 170.0, 326.0
607.0, 461.0, 170.0, 326.0
609.0, 463.0, 170.0, 326.0
609.0, 463.0, 170.0, 326.0
609.0, 465.0, 170.0, 326.0
609.0, 465.0, 170.0, 326.0
611.0, 467.0, 170.0, 326.0
611.0, 469.0, 170.0, 326.0
613.0, 469.0, 170.0, 326.0
613.0, 471.0, 170.0, 326.0
613.0, 471.0, 170.0, 326.0
615.0, 473.0, 170.0, 326.0
615.0, 475.0, 170.0, 326.0
617.0, 475.0, 170.0, 326.0
619.0, 477.0, 170.0, 326.0
619.0, 477.0, 170.0, 326.0
621.0, 479.0, 170.0, 326.0
623.0, 479.0, 170.0, 326.0
625.0, 479.0, 170.0, 326.0
625.0, 481.0, 170.0, 326.0
627.0, 481.0, 170.0, 326.0
629.0, 483.0, 170.0, 326.0
631.0, 483.0, 170.0, 326.0
631.0, 485.0, 170.0, 326.0
633.0, 485.0, 170.0, 326.0
633.0, 487.0, 170.0, 326.0
635.0, 487.0, 170.0, 326.0
635.0, 489.0, 170.0, 326.0
637.0, 489.0, 170.0, 326.0
637.0, 491.0, 170.0, 326.0
639.0, 491.0, 170.0, 326.0
639.0, 493.0, 170.0, 326.0
641.0, 493.0, 170.0, 326.0
641.0, 495.0, 170.0, 326.0
643.0, 495.0, 170.0, 326.0
643.0, 495.0, 170.0, 326.0
645.0, 497.0, 170.0, 326.0
645.0, 497.0, 170.0, 326.0
647.0, 499.0, 170.0, 326.0
647.0, 499.0, 170.0, 326.0
649.0, 501.0, 170.0, 326.0
649.0, 501.0, 170.0, 326.0
651.0, 503.0, 170.0, 326.0
651.0, 505.0, 170.0, 326.0
653.0, 505.0, 170.0, 326.0
653.0, 507.0, 170.0, 326.0
655.0, 509.0, 170.0, 326.0
657.0, 511.0, 170.0, 326.0
657.0, 511.0, 170.0, 326.0
659.0, 513.0, 170.0, 326.0
661.0, 515.0, 170.0, 326.0
663.0, 515.0, 170.0, 326.0
665.0, 517.0, 170.0, 326.0
667.0, 517.0, 170.0, 326.0
669.0, 519.0, 170.0, 326.0
669.0, 519.0, 170.0, 326.0
671.0, 521.0, 170.0, 326.0
673.0, 521.0, 170.0, 326.0
675.0, 523.0, 170.0, 326.0
677.0, 523.0, 170.0, 326.0
679.0, 525.0, 170.0, 326.0
679.0, 525.0, 170.0, 326.0
681.0, 527.0, 170.0, 326.0
683.0, 529.0, 170.0, 326.0
685.0, 529.0, 170.0, 326.0
687.0, 531.0, 170.0, 326.0
687.0, 533.0, 170.0, 326.0
689.0, 535.0, 170.0, 326.0
691.0, 535.0, 170.0, 326.0
691.0, 537.0, 170.0, 326.0
693.0, 539.0, 170.0, 326.0
693.0, 539.0, 170.0, 326.0
693.0, 539.0, 170.0, 326.0
695.0, 541.0, 170.0, 326.0
695.0, 541.0, 170.0, 326.0
695.0, 543.0, 170.0, 326.0
697.0, 543.0, 170.0, 326.0
697.0, 545.0, 170.0, 326.0
699.0, 545.0, 170.0, 326.0
699.0, 547.0, 170.0, 326.0
701.0, 549.0, 170.0, 326.0
703.0, 549.0, 170.0, 326.0
703.0, 551.0, 170.0, 326.0
705.0, 553.0, 170.0, 326.0
707.0, 555.0, 170.0, 326.0
707.0, 557.0, 170.0, 326.0
709.0, 557.0, 170.0, 326.0
711.0, 559.0, 170.0, 326.0
713.0, 561.0, 170.0, 326.0
713.0, 561.0, 170.0, 326.0
715.0, 563.0, 170.0, 326.0
717.0, 563.0, 170.0, 326.0
719.0, 565.0, 170.0, 326.0
721.0, 565.0, 170.0, 326.0
723.0, 567.0, 170.0, 326.0
723.0, 569.0, 170.0, 326.0
725.0, 569.0, 170.0, 326.0
727.0, 571.0, 170.0, 326.0
727.0, 573.0, 170.0, 326.0
729.0, 573.0, 170.0, 326.0
729.0, 575.0, 170.0, 326.0
729.0, 577.0, 170.0, 326.0
731.0, 579.0, 170.0, 326.0
731.0, 579.0, 170.0, 326.0
731.0, 581.0, 170.0, 326.0
733.0, 583.0, 170.0, 326.0
733.0, 585.0, 170.0, 326.0
733.0, 587.0, 170.0, 326.0
733.0, 587.0, 170.0, 326.0
735.0, 589.0, 170.0, 326.0
735.0, 589.0, 170.0, 326.0
735.0, 591.0, 170.0, 326.0
735.0, 591.0, 170.0, 326.0
735.0, 593.0, 170.0, 326.0
737.0, 593.0, 170.0, 326.0
737.0, 595.0, 170.0, 326.0
737.0, 597.0, 170.0, 326.0
739.0, 599.0, 170.0, 326.0
739.0, 599.0, 170.0, 326.0
741.0, 601.0, 170.0, 326.0
741.0, 603.0, 170.0, 326.0
743.0, 605.0, 170.0, 326.0
743.0, 607.0, 170.0, 326.0
745.0, 609.0, 170.0, 326.0
745.0, 611.0, 170.0, 326.0
747.0, 613.0, 170.0, 326.0
747.0, 615.0, 170.0, 326.0
749.0, 617.0, 170.0, 326.0
751.0, 619.0, 170.0, 326.0
751.0, 621.0, 170.0, 326.0
753.0, 621.0, 170.0, 326.0
753.0, 623.0, 170.0, 326.0
753.0, 625.0, 170.0, 326.0
755.0, 627.0, 170.0, 326.0
757.0, 627.0, 170.0, 326.0
757.0, 629.0, 170.0, 326.0
757.0, 629.0, 170.0, 326.0
757.0, 631.0, 170.0, 326.0
757.0, 633.0, 170.0, 326.0
757.0, 633.0, 170.0, 326.0
753.0, 633.0, 170.0, 326.0
751.0, 635.0, 170.0, 326.0
749.0, 635.0, 170.0, 326.0
749.0, 633.0, 170.0, 326.0
749.0, 635.0, 170.0, 326.0
749.0, 635.0, 170.0, 326.0
749.0, 635.0, 170.0, 326.0
747.0, 637.0, 170.0, 326.0
747.0, 637.0, 170.0, 326.0
745.0, 639.0, 170.0, 326.0
747.0, 639.0, 170.0, 326.0
749.0, 641.0, 170.0, 326.0
749.0, 643.0, 170.0, 326.0
749.0, 645.0, 170.0, 326.0
749.0, 645.0, 170.0, 326.0
747.0, 647.0, 170.0, 326.0
747.0, 649.0, 170.0, 326.0
749.0, 649.0, 170.0, 326.0
747.0, 651.0, 170.0, 326.0
747.0, 653.0, 170.0, 326.0
749.0, 653.0, 170.0, 326.0
751.0, 655.0, 170.0, 326.0
751.0, 657.0, 170.0, 326.0
753.0, 657.0, 170.0, 326.0
753.0, 659.0, 170.0, 326.0
753.0, 661.0, 170.0, 326.0
753.0, 661.0, 170.0, 326.0
753.0, 663.0, 170.0, 326.0
751.0, 665.0, 170.0, 326.0
753.0, 665.0, 170.0, 326.0
753.0, 667.0, 170.0, 326.0
751.0, 669.0, 170.0, 326.0
757.0, 669.0, 170.0, 326.0
757.0, 669.0, 170.0, 326.0
755.0, 669.0, 170.0, 326.0
755.0, 671.0, 170.0, 326.0
755.0, 673.0, 170.0, 326.0
755.0, 675.0, 170.0, 326.0
757.0, 677.0, 170.0, 326.0
757.0, 677.0, 170.0, 326.0
759.0, 679.0, 170.0, 326.0
761.0, 679.0, 170.0, 326.0
761.0, 681.0, 170.0, 326.0
761.0, 681.0, 170.0, 326.0
759.0, 681.0, 170.0, 326.0
757.0, 683.0, 170.0, 326.0
757.0, 683.0, 170.0, 326.0
757.0, 685.0, 170.0, 326.0
759.0, 687.0, 170.0, 326.0
761.0, 687.0, 170.0, 326.0
765.0, 689.0, 170.0, 326.0
767.0, 691.0, 170.0, 326.0
767.0, 693.0, 170.0, 326.0
767.0, 693.0, 170.0, 326.0
769.0, 695.0, 170.0, 326.0
771.0, 695.0, 170.0, 326.0
771.0, 697.0, 170.0, 326.0
771.0, 699.0, 170.0, 326.0
773.0, 699.0, 170.0, 326.0
773.0, 701.0, 170.0, 326.0
773.0, 701.0, 170.0, 326.0
773.0, 703.0, 170.0, 326.0
775.0, 705.0, 170.0, 326.0
775.0, 705.0, 170.0, 326.0
775.0, 707.0, 170.0, 326.0
775.0, 707.0, 170.0, 326.0
775.0, 709.0, 170.0, 326.0
775.0, 711.0, 170.0, 326.0
775.0, 711.0, 170.0, 326.0
777.0, 713.0, 170.0, 326.0
777.0, 715.0, 170.0, 326.0
777.0, 715.0, 170.0, 326.0
777.0, 717.0, 170.0, 326.0
777.0, 719.0, 170.0, 326.0
775.0, 719.0, 170.0, 326.0
775.0, 721.0, 170.0, 326.0
775.0, 723.0, 170.0, 326.0
775.0, 723.0, 170.0, 326.0
777.0, 725.0, 170.0, 326.0
775.0, 727.0, 170.0, 326.0
775.0, 727.0, 170.0, 326.0
775.0, 729.0, 170.0, 326.0
777.0, 731.0, 170.0, 326.0
775.0, 731.0, 170.0, 326.0
777.0, 733.0, 170.0, 326.0
779.0, 735.0, 170.0, 326.0
779.0, 735.0, 170.0, 326.0
779.0, 737.0, 170.0, 326.0
781.0, 739.0, 170.0, 326.0
779.0, 739.0, 170.0, 326.0
779.0, 741.0, 170.0, 326.0
779.0, 743.0, 170.0, 326.0
779.0, 745.0, 170.0, 326.0
779.0, 745.0, 170.0, 326.0
779.0, 747.0, 170.0, 326.0
781.0, 749.0, 170.0, 326.0
781.0, 749.0, 170.0, 326.0
781.0, 751.0, 170.0, 326.0
781.0, 753.0, 170.0, 326.0
781.0, 755.0, 170.0, 326.0
783.0, 757.0, 170.0, 326.0
783.0, 757.0, 170.0, 326.0
783.0, 759.0, 170.0, 326.0
783.0, 761.0, 170.0, 326.0
783.0, 763.0, 170.0, 326.0
783.0, 765.0, 170.0, 326.0
783.0, 765.0, 170.0, 326.0
785.0, 767.0, 170.0, 326.0
785.0, 769.0, 170.0, 326.0
785.0, 771.0, 170.0, 326.0
787.0, 771.0, 170.0, 326.0
787.0, 773.0, 170.0, 326.0
785.0, 775.0, 170.0, 326.0
787.0, 777.0, 170.0, 326.0
787.0, 777.0, 170.0, 326.0
789.0, 779.0, 170.0, 326.0
797.0, 783.0, 170.0, 326.0
0.0, 0.0, 0.0, 0.0
0.0, 0.0, 0.0, 0.0
0.0, 0.0, 0.0, 0.0
797.0, 785.0, 170.0, 326.0
795.0, 787.0, 170.0, 326.0
793.0, 789.0, 170.0, 326.0
793.0, 789.0, 170.0, 326.0
793.0, 789.0, 170.0, 326.0
793.0, 789.0, 170.0, 326.0
795.0, 785.0, 170.0, 326.0
791.0, 779.0, 170.0, 326.0
785.0, 769.0, 170.0, 326.0
789.0, 761.0, 170.0, 326.0
787.0, 753.0, 170.0, 326.0
793.0, 743.0, 170.0, 326.0
805.0, 729.0, 170.0, 326.0
807.0, 715.0, 170.0, 326.0
807.0, 695.0, 170.0, 326.0
805.0, 673.0, 170.0, 326.0
803.0, 649.0, 170.0, 326.0
801.0, 621.0, 170.0, 326.0
801.0, 599.0, 170.0, 326.0
799.0, 577.0, 170.0, 326.0
799.0, 553.0, 170.0, 326.0
799.0, 527.0, 170.0, 326.0
797.0, 493.0, 170.0, 326.0
797.0, 467.0, 170.0, 326.0
797.0, 441.0, 170.0, 326.0
797.0, 415.0, 170.0, 326.0
795.0, 389.0, 170.0, 326.0
795.0, 363.0, 170.0, 326.0
795.0, 343.0, 170.0, 326.0
795.0, 329.0, 170.0, 326.0
793.0, 319.0, 170.0, 326.0
793.0, 309.0, 170.0, 326.0
793.0, 303.0, 170.0, 326.0
793.0, 299.0, 170.0, 326.0
791.0, 297.0, 170.0, 326.0
791.0, 297.0, 170.0, 326.0
791.0, 297.0, 170.0, 326.0
789.0, 299.0, 170.0, 326.0
789.0, 299.0, 170.0, 326.0
787.0, 301.0, 170.0, 326.0
787.0, 303.0, 170.0, 326.0
787.0, 303.0, 170.0, 326.0
787.0, 305.0, 170.0, 326.0
787.0, 307.0, 170.0, 326.0
785.0, 309.0, 170.0, 326.0
785.0, 311.0, 170.0, 326.0
785.0, 315.0, 170.0, 326.0
783.0, 319.0, 170.0, 326.0
783.0, 325.0, 170.0, 326.0
783.0, 331.0, 170.0, 326.0
781.0, 337.0, 170.0, 326.0
781.0, 341.0, 170.0, 326.0
781.0, 347.0, 170.0, 326.0
781.0, 351.0, 170.0, 326.0
781.0, 353.0, 170.0, 326.0
779.0, 357.0, 170.0, 326.0
779.0, 357.0, 170.0, 326.0
779.0, 359.0, 170.0, 326.0
777.0, 361.0, 170.0, 326.0
777.0, 363.0, 170.0, 326.0
777.0, 365.0, 170.0, 326.0
777.0, 365.0, 170.0, 326.0
775.0, 367.0, 170.0, 326.0
775.0, 369.0, 170.0, 326.0
775.0, 369.0, 170.0, 326.0
775.0, 371.0, 170.0, 326.0
773.0, 371.0, 170.0, 326.0
773.0, 373.0, 170.0, 326.0
773.0, 375.0, 170.0, 326.0
773.0, 375.0, 170.0, 326.0
771.0, 377.0, 170.0, 326.0
771.0, 377.0, 170.0, 326.0
771.0, 379.0, 170.0, 326.0
769.0, 381.0, 170.0, 326.0
769.0, 383.0, 170.0, 326.0
769.0, 385.0, 170.0, 326.0
767.0, 387.0, 170.0, 326.0
767.0, 391.0, 170.0, 326.0
765.0, 393.0, 170.0, 326.0
765.0, 397.0, 170.0, 326.0
765.0, 403.0, 170.0, 326.0
765.0, 409.0, 170.0, 326.0
763.0, 417.0, 170.0, 326.0
763.0, 421.0, 170.0, 326.0
763.0, 423.0, 170.0, 326.0
