654.0,151.0,72.0,128.0
657.0,152.0,70.0,125.0
658.0,152.0,69.0,122.0
661.0,153.0,67.0,119.0
664.0,153.0,65.0,115.0
664.0,152.0,70.0,121.0
667.0,152.0,69.0,121.0
667.0,150.0,70.0,117.0
669.0,152.0,69.0,115.0
671.0,151.0,67.0,113.0
676.0,148.0,65.0,114.0
676.0,145.0,65.0,114.0
677.0,143.0,65.0,114.0
678.0,141.0,65.0,113.0
682.0,134.0,62.0,118.0
681.0,129.0,63.0,123.0
680.0,126.0,63.0,123.0
683.0,119.0,66.0,128.0
682.0,116.0,70.0,129.0
679.0,113.0,68.0,134.0
679.0,111.0,69.0,130.0
678.0,109.0,69.0,129.0
680.0,100.0,66.0,137.0
679.0,99.0,66.0,135.0
677.0,94.0,68.0,138.0
677.0,92.0,68.0,136.0
675.0,91.0,66.0,133.0
677.0,89.0,66.0,133.0
677.0,87.0,67.0,134.0
680.0,89.0,63.0,131.0
681.0,90.0,62.0,130.0
682.0,89.0,60.0,127.0
683.0,86.0,60.0,127.0
682.0,84.0,62.0,130.0
682.0,83.0,61.0,129.0
680.0,87.0,64.0,120.0
679.0,87.0,65.0,121.0
680.0,86.0,63.0,118.0
680.0,85.0,65.0,119.0
680.0,83.0,63.0,117.0
679.0,79.0,62.0,117.0
677.0,76.0,62.0,117.0
676.0,73.0,62.0,117.0
675.0,70.0,62.0,117.0
675.0,67.0,62.0,117.0
672.0,61.0,62.0,118.0
671.0,57.0,62.0,117.0
669.0,53.0,62.0,118.0
669.0,46.0,64.0,121.0
667.0,41.0,69.0,125.0
660.0,37.0,70.0,128.0
658.0,34.0,71.0,128.0
654.0,31.0,71.0,129.0
654.0,24.0,69.0,138.0
649.0,18.0,70.0,145.0
648.0,17.0,67.0,141.0
644.0,15.0,68.0,142.0
641.0,13.0,68.0,140.0
639.0,16.0,68.0,134.0
638.0,15.0,67.0,133.0
635.0,17.0,69.0,130.0
632.0,16.0,69.0,131.0
632.0,17.0,67.0,129.0
631.0,17.0,66.0,127.0
628.0,17.0,67.0,129.0
624.0,21.0,69.0,126.0
621.0,21.0,69.0,126.0
620.0,22.0,68.0,124.0
617.0,22.0,68.0,124.0
613.0,22.0,69.0,126.0
610.0,21.0,68.0,135.0
606.0,21.0,69.0,136.0
603.0,16.0,68.0,141.0
599.0,18.0,67.0,142.0
593.0,17.0,72.0,145.0
586.0,18.0,75.0,146.0
582.0,20.0,76.0,149.0
576.0,21.0,76.0,149.0
568.0,21.0,75.0,153.0
561.0,23.0,78.0,155.0
553.0,22.0,79.0,157.0
544.0,24.0,83.0,162.0
537.0,27.0,85.0,160.0
529.0,34.0,88.0,156.0
525.0,37.0,88.0,161.0
522.0,46.0,87.0,156.0
516.0,50.0,86.0,153.0
508.0,53.0,88.0,157.0
496.0,64.0,95.0,153.0
488.0,71.0,97.0,150.0
477.0,74.0,99.0,151.0
469.0,79.0,101.0,153.0
460.0,83.0,105.0,152.0
462.0,84.0,97.0,150.0
448.0,87.0,103.0,158.0
437.0,92.0,101.0,159.0
428.0,95.0,103.0,161.0
419.0,94.0,101.0,168.0
410.0,97.0,103.0,168.0
401.0,104.0,106.0,169.0
393.0,107.0,106.0,174.0
384.0,108.0,107.0,178.0
374.0,112.0,105.0,180.0
366.0,115.0,107.0,183.0
354.0,117.0,108.0,189.0
344.0,119.0,108.0,189.0
336.0,120.0,107.0,193.0
325.0,122.0,111.0,194.0
317.0,124.0,109.0,196.0
308.0,126.0,109.0,200.0
301.0,128.0,110.0,201.0
294.0,132.0,107.0,200.0
288.0,132.0,106.0,202.0
285.0,133.0,108.0,204.0
279.0,136.0,109.0,203.0
272.0,137.0,108.0,203.0
267.0,138.0,108.0,203.0
262.0,141.0,107.0,201.0
257.0,142.0,107.0,201.0
253.0,142.0,107.0,201.0
251.0,142.0,109.0,202.0
248.0,141.0,109.0,201.0
244.0,141.0,109.0,201.0
241.0,140.0,109.0,201.0
238.0,139.0,110.0,203.0
235.0,138.0,110.0,205.0
235.0,137.0,109.0,204.0
236.0,136.0,109.0,204.0
236.0,136.0,109.0,204.0
240.0,135.0,110.0,205.0
243.0,132.0,108.0,212.0
247.0,132.0,107.0,211.0
251.0,130.0,108.0,214.0
259.0,130.0,108.0,214.0
266.0,127.0,103.0,220.0
273.0,123.0,99.0,220.0
280.0,118.0,100.0,221.0
289.0,114.0,98.0,218.0
296.0,107.0,101.0,221.0
306.0,101.0,103.0,219.0
317.0,95.0,101.0,216.0
330.0,88.0,102.0,216.0
344.0,80.0,103.0,219.0
358.0,74.0,103.0,219.0
375.0,68.0,103.0,219.0
391.0,62.0,102.0,220.0
409.0,59.0,100.0,217.0
429.0,54.0,102.0,220.0
451.0,50.0,105.0,220.0
471.0,49.0,101.0,218.0
493.0,47.0,102.0,219.0
514.0,46.0,102.0,217.0
532.0,45.0,102.0,217.0
553.0,46.0,100.0,214.0
573.0,43.0,102.0,217.0
591.0,46.0,99.0,213.0
606.0,33.0,99.0,213.0
627.0,35.0,97.0,210.0
646.0,38.0,96.0,207.0
669.0,42.0,95.0,204.0
693.0,47.0,98.0,204.0
714.0,49.0,101.0,205.0
741.0,55.0,99.0,202.0
767.0,60.0,98.0,199.0
792.0,68.0,97.0,197.0
808.0,75.0,102.0,191.0
826.0,81.0,102.0,190.0
839.0,85.0,102.0,190.0
849.0,90.0,102.0,190.0
856.0,96.0,101.0,188.0
857.0,105.0,99.0,178.0
854.0,109.0,98.0,175.0
846.0,113.0,97.0,173.0
840.0,117.0,96.0,171.0
834.0,120.0,95.0,169.0
828.0,124.0,94.0,165.0
816.0,128.0,92.0,162.0
804.0,131.0,90.0,159.0
793.0,136.0,89.0,157.0
783.0,141.0,88.0,156.0
777.0,147.0,93.0,156.0
774.0,152.0,91.0,153.0
773.0,159.0,91.0,153.0
774.0,164.0,91.0,153.0
777.0,170.0,91.0,152.0
783.0,182.0,89.0,148.0
783.0,187.0,89.0,147.0
783.0,193.0,90.0,149.0
784.0,200.0,89.0,147.0
787.0,210.0,86.0,142.0
791.0,217.0,85.0,143.0
792.0,223.0,85.0,143.0
794.0,228.0,85.0,144.0
794.0,232.0,86.0,146.0
794.0,238.0,85.0,144.0
793.0,245.0,84.0,141.0
790.0,248.0,83.0,139.0
784.0,253.0,82.0,138.0
778.0,256.0,82.0,138.0
770.0,259.0,82.0,138.0
759.0,266.0,86.0,132.0
747.0,268.0,83.0,129.0
734.0,272.0,83.0,131.0
717.0,272.0,87.0,141.0
704.0,276.0,89.0,141.0
692.0,278.0,91.0,145.0
680.0,283.0,92.0,146.0
669.0,289.0,91.0,144.0
656.0,298.0,91.0,138.0
647.0,304.0,90.0,142.0
638.0,312.0,89.0,142.0
628.0,314.0,94.0,155.0
625.0,317.0,91.0,159.0
614.0,321.0,92.0,164.0
608.0,327.0,92.0,160.0
602.0,333.0,91.0,158.0
594.0,336.0,91.0,158.0
587.0,342.0,90.0,156.0
579.0,348.0,89.0,154.0
566.0,352.0,91.0,158.0
555.0,358.0,88.0,162.0
542.0,364.0,88.0,162.0
526.0,371.0,90.0,166.0
511.0,379.0,90.0,166.0
497.0,387.0,90.0,166.0
461.0,411.0,90.0,158.0
460.0,410.0,90.0,158.0
444.0,421.0,88.0,156.0
415.0,442.0,87.0,154.0
415.0,441.0,87.0,154.0
403.0,451.0,85.0,154.0
376.0,468.0,84.0,152.0
376.0,468.0,84.0,152.0
359.0,475.0,89.0,153.0
332.0,486.0,89.0,156.0
331.0,487.0,89.0,153.0
319.0,492.0,89.0,153.0
294.0,501.0,88.0,152.0
290.0,500.0,96.0,156.0
277.0,504.0,95.0,154.0
263.0,508.0,96.0,156.0
251.0,512.0,94.0,153.0
240.0,517.0,93.0,151.0
223.0,518.0,100.0,157.0
212.0,522.0,101.0,156.0
196.0,527.0,105.0,154.0
185.0,529.0,104.0,156.0
173.0,534.0,104.0,155.0
163.0,538.0,101.0,149.0
153.0,541.0,101.0,149.0
140.0,544.0,104.0,146.0
130.0,547.0,104.0,146.0
120.0,548.0,105.0,147.0
111.0,549.0,105.0,146.0
102.0,551.0,105.0,145.0
95.0,554.0,111.0,143.0
87.0,555.0,110.0,142.0
79.0,554.0,112.0,144.0
75.0,555.0,112.0,144.0
69.0,555.0,114.0,144.0
66.0,554.0,119.0,144.0
63.0,554.0,119.0,144.0
62.0,554.0,120.0,145.0
60.0,553.0,121.0,146.0
60.0,550.0,120.0,145.0
59.0,550.0,124.0,147.0
60.0,548.0,123.0,147.0
64.0,546.0,123.0,147.0
65.0,545.0,125.0,149.0
68.0,543.0,124.0,147.0
73.0,542.0,120.0,149.0
75.0,539.0,119.0,149.0
80.0,536.0,119.0,149.0
84.0,533.0,119.0,149.0
91.0,530.0,119.0,149.0
97.0,526.0,122.0,158.0
105.0,522.0,122.0,158.0
116.0,519.0,123.0,160.0
127.0,516.0,124.0,161.0
138.0,511.0,122.0,160.0
154.0,509.0,122.0,166.0
167.0,504.0,123.0,168.0
181.0,499.0,125.0,170.0
201.0,497.0,125.0,170.0
220.0,492.0,125.0,168.0
243.0,487.0,121.0,172.0
263.0,482.0,120.0,172.0
282.0,476.0,122.0,174.0
306.0,472.0,117.0,174.0
330.0,467.0,117.0,174.0
357.0,459.0,113.0,174.0
381.0,452.0,113.0,174.0
409.0,445.0,111.0,175.0
435.0,439.0,108.0,173.0
460.0,428.0,106.0,174.0
