685.0,48.0,70.0,130.0
685.0,48.0,70.0,130.0
685.0,46.0,70.0,130.0
685.0,46.0,70.0,130.0
685.0,46.0,70.0,130.0
687.0,44.0,70.0,131.0
687.0,44.0,71.0,131.0
687.0,42.0,71.0,131.0
687.0,42.0,71.0,131.0
688.0,40.0,71.0,131.0
688.0,40.0,71.0,131.0
688.0,38.0,71.0,131.0
690.0,36.0,71.0,131.0
690.0,36.0,71.0,131.0
690.0,34.0,71.0,131.0
692.0,34.0,71.0,131.0
692.0,32.0,71.0,131.0
694.0,30.0,71.0,131.0
694.0,30.0,71.0,131.0
694.0,28.0,71.0,131.0
694.0,28.0,71.0,132.0
694.0,26.0,71.0,132.0
694.0,26.0,71.0,132.0
694.0,24.0,72.0,132.0
694.0,24.0,72.0,132.0
694.0,22.0,71.0,132.0
694.0,22.0,71.0,132.0
694.0,20.0,71.0,132.0
694.0,20.0,71.0,132.0
694.0,20.0,71.0,131.0
694.0,20.0,71.0,131.0
694.0,20.0,71.0,131.0
694.0,18.0,71.0,131.0
694.0,16.0,72.0,131.0
694.0,14.0,72.0,132.0
694.0,12.0,72.0,132.0
696.0,10.0,72.0,132.0
696.0,8.0,72.0,132.0
698.0,6.0,72.0,132.0
698.0,6.0,72.0,133.0
700.0,6.0,72.0,132.0
700.0,8.0,72.0,132.0
700.0,8.0,71.0,132.0
702.0,10.0,72.0,131.0
702.0,10.0,72.0,131.0
702.0,8.0,72.0,131.0
702.0,6.0,72.0,131.0
704.0,4.0,72.0,131.0
704.0,2.0,72.0,132.0
704.0,1.0,72.0,132.0
706.0,0.0,72.0,132.0
706.0,0.0,72.0,132.0
706.0,2.0,72.0,132.0
706.0,4.0,72.0,132.0
706.0,6.0,72.0,132.0
706.0,8.0,72.0,131.0
706.0,10.0,71.0,131.0
708.0,8.0,71.0,131.0
708.0,8.0,71.0,131.0
706.0,6.0,71.0,131.0
706.0,4.0,71.0,132.0
704.0,4.0,71.0,132.0
700.0,4.0,71.0,132.0
698.0,6.0,71.0,132.0
693.0,6.0,71.0,132.0
689.0,8.0,71.0,132.0
685.0,12.0,71.0,131.0
679.0,14.0,71.0,131.0
672.0,16.0,71.0,131.0
666.0,18.0,71.0,130.0
661.0,18.0,71.0,131.0
656.0,16.0,71.0,131.0
650.0,16.0,71.0,131.0
644.0,16.0,71.0,131.0
638.0,16.0,71.0,132.0
632.0,16.0,71.0,132.0
626.0,18.0,71.0,132.0
618.0,20.0,71.0,132.0
612.0,24.0,71.0,132.0
604.0,28.0,71.0,131.0
598.0,30.0,71.0,131.0
592.0,32.0,71.0,130.0
587.0,32.0,71.0,130.0
582.0,32.0,72.0,131.0
578.0,32.0,72.0,132.0
574.0,32.0,72.0,132.0
572.0,32.0,72.0,132.0
570.0,34.0,72.0,132.0
569.0,36.0,71.0,132.0
569.0,38.0,71.0,132.0
569.0,42.0,71.0,132.0
569.0,44.0,71.0,131.0
569.0,48.0,71.0,131.0
570.0,48.0,71.0,131.0
570.0,48.0,71.0,131.0
570.0,48.0,71.0,131.0
570.0,48.0,71.0,131.0
570.0,46.0,71.0,132.0
570.0,46.0,71.0,132.0
570.0,48.0,71.0,132.0
570.0,48.0,71.0,132.0
570.0,50.0,71.0,131.0
570.0,54.0,71.0,131.0
570.0,56.0,71.0,131.0
570.0,58.0,71.0,131.0
570.0,58.0,71.0,131.0
570.0,58.0,71.0,131.0
570.0,56.0,71.0,131.0
570.0,56.0,71.0,131.0
570.0,54.0,72.0,131.0
570.0,54.0,72.0,132.0
570.0,56.0,72.0,132.0
570.0,56.0,72.0,132.0
572.0,58.0,72.0,132.0
572.0,62.0,72.0,132.0
572.0,64.0,72.0,131.0
572.0,66.0,71.0,131.0
573.0,66.0,71.0,131.0
574.0,64.0,71.0,131.0
574.0,62.0,71.0,132.0
574.0,60.0,71.0,132.0
574.0,60.0,71.0,132.0
574.0,60.0,71.0,132.0
576.0,60.0,71.0,132.0
576.0,60.0,71.0,132.0
576.0,62.0,71.0,132.0
574.0,64.0,71.0,132.0
574.0,65.0,71.0,132.0
574.0,66.0,71.0,132.0
574.0,64.0,71.0,132.0
572.0,62.0,72.0,132.0
572.0,60.0,72.0,132.0
572.0,58.0,72.0,132.0
572.0,56.0,72.0,132.0
572.0,56.0,72.0,132.0
572.0,56.0,72.0,132.0
572.0,56.0,72.0,132.0
572.0,58.0,71.0,132.0
572.0,60.0,71.0,131.0
572.0,60.0,71.0,131.0
572.0,60.0,71.0,131.0
572.0,56.0,71.0,131.0
571.0,54.0,71.0,132.0
571.0,52.0,71.0,132.0
571.0,50.0,71.0,133.0
570.0,50.0,71.0,133.0
568.0,50.0,71.0,133.0
568.0,50.0,72.0,133.0
566.0,51.0,71.0,132.0
566.0,53.0,71.0,132.0
564.0,51.0,71.0,132.0
562.0,50.0,72.0,132.0
560.0,48.0,72.0,132.0
560.0,44.0,72.0,132.0
560.0,42.0,72.0,132.0
560.0,42.0,72.0,133.0
558.0,40.0,72.0,133.0
558.0,42.0,72.0,132.0
558.0,43.0,72.0,131.0
558.0,43.0,71.0,130.0
556.0,45.0,71.0,131.0
556.0,44.0,71.0,131.0
554.0,42.0,71.0,132.0
552.0,38.0,71.0,132.0
552.0,36.0,72.0,133.0
550.0,34.0,72.0,133.0
550.0,34.0,71.0,132.0
548.0,34.0,71.0,132.0
546.0,34.0,71.0,131.0
544.0,36.0,71.0,131.0
542.0,36.0,71.0,131.0
540.0,36.0,71.0,131.0
538.0,33.0,72.0,131.0
536.0,31.0,73.0,132.0
534.0,28.0,73.0,133.0
532.0,26.0,73.0,132.0
530.0,24.0,73.0,132.0
526.0,22.0,73.0,132.0
526.0,22.0,73.0,132.0
524.0,24.0,73.0,131.0
522.0,26.0,72.0,130.0
522.0,26.0,72.0,130.0
520.0,26.0,72.0,131.0
518.0,24.0,72.0,131.0
514.0,22.0,72.0,131.0
512.0,20.0,72.0,132.0
510.0,18.0,73.0,132.0
506.0,18.0,73.0,132.0
504.0,18.0,73.0,132.0
502.0,18.0,73.0,132.0
498.0,20.0,73.0,131.0
496.0,22.0,73.0,131.0
492.0,24.0,72.0,130.0
488.0,24.0,72.0,131.0
484.0,22.0,72.0,131.0
480.0,20.0,72.0,131.0
476.0,20.0,73.0,132.0
474.0,18.0,73.0,132.0
470.0,18.0,73.0,132.0
466.0,20.0,73.0,132.0
464.0,20.0,73.0,132.0
460.0,22.0,73.0,132.0
458.0,26.0,72.0,131.0
456.0,27.0,72.0,131.0
452.0,29.0,71.0,131.0
448.0,28.0,72.0,131.0
444.0,28.0,72.0,131.0
442.0,26.0,72.0,132.0
440.0,26.0,72.0,132.0
442.0,26.0,72.0,132.0
444.0,26.0,73.0,132.0
448.0,26.0,72.0,131.0
455.0,28.0,72.0,131.0
462.0,28.0,72.0,131.0
471.0,29.0,72.0,131.0
480.0,29.0,72.0,132.0
492.0,27.0,72.0,132.0
506.0,24.0,73.0,132.0
520.0,21.0,73.0,133.0
534.0,19.0,73.0,133.0
550.0,19.0,73.0,133.0
568.0,17.0,73.0,133.0
586.0,19.0,72.0,134.0
606.0,21.0,72.0,133.0
628.0,23.0,72.0,132.0
648.0,26.0,72.0,132.0
668.0,27.0,72.0,132.0
690.0,27.0,71.0,132.0
708.0,27.0,71.0,133.0
726.0,27.0,71.0,133.0
744.0,28.0,71.0,133.0
760.0,29.0,71.0,134.0
772.0,32.0,71.0,133.0
784.0,34.0,71.0,133.0
794.0,36.0,71.0,133.0
802.0,40.0,71.0,132.0
808.0,42.0,71.0,132.0
812.0,44.0,71.0,132.0
816.0,44.0,72.0,132.0
818.0,42.0,72.0,132.0
818.0,40.0,73.0,132.0
818.0,38.0,73.0,133.0
816.0,38.0,73.0,133.0
814.0,38.0,73.0,133.0
812.0,40.0,73.0,133.0
809.0,42.0,73.0,132.0
805.0,46.0,73.0,131.0
804.0,49.0,73.0,132.0
802.0,51.0,72.0,132.0
800.0,51.0,72.0,133.0
798.0,50.0,72.0,133.0
796.0,50.0,72.0,134.0
792.0,50.0,72.0,134.0
790.0,52.0,71.0,134.0
786.0,52.0,71.0,133.0
782.0,54.0,71.0,132.0
776.0,56.0,72.0,132.0
770.0,57.0,72.0,132.0
764.0,57.0,72.0,132.0
758.0,56.0,72.0,133.0
754.0,55.0,73.0,133.0
749.0,54.0,73.0,133.0
744.0,53.0,73.0,133.0
740.0,53.0,73.0,133.0
736.0,53.0,73.0,133.0
732.0,55.0,73.0,133.0
728.0,58.0,73.0,132.0
724.0,60.0,73.0,131.0
720.0,60.0,73.0,131.0
716.0,58.0,72.0,132.0
712.0,58.0,72.0,132.0
708.0,58.0,72.0,132.0
704.0,58.0,72.0,132.0
700.0,58.0,71.0,132.0
696.0,60.0,72.0,132.0
690.0,62.0,72.0,131.0
686.0,64.0,72.0,131.0
680.0,66.0,72.0,131.0
674.0,66.0,73.0,131.0
668.0,66.0,73.0,131.0
662.0,66.0,73.0,132.0
658.0,64.0,73.0,132.0
652.0,64.0,73.0,132.0
646.0,66.0,73.0,131.0
642.0,66.0,73.0,131.0
638.0,70.0,73.0,130.0
632.0,73.0,73.0,129.0
628.0,76.0,73.0,128.0
80.0,11.0,6.0,11.0
79.0,12.0,7.0,11.0
78.0,12.0,8.0,11.0
77.0,12.0,8.0,11.0
77.0,12.0,9.0,11.0
601.0,101.0,76.0,128.0
598.0,105.0,76.0,128.0
595.0,107.0,75.0,127.0
591.0,111.0,75.0,126.0
587.0,115.0,75.0,126.0
583.0,117.0,75.0,126.0
579.0,121.0,75.0,126.0
577.0,123.0,75.0,127.0
575.0,127.0,75.0,126.0
575.0,133.0,75.0,126.0
574.0,137.0,74.0,126.0
574.0,143.0,74.0,125.0
576.0,149.0,74.0,125.0
576.0,153.0,74.0,125.0
576.0,157.0,75.0,125.0
577.0,163.0,76.0,125.0
581.0,167.0,77.0,125.0
583.0,173.0,76.0,125.0
586.0,181.0,76.0,125.0
590.0,187.0,76.0,125.0
594.0,195.0,75.0,125.0
600.0,202.0,74.0,125.0
604.0,208.0,73.0,125.0
608.0,212.0,74.0,125.0
612.0,218.0,75.0,125.0
618.0,224.0,76.0,125.0
626.0,232.0,76.0,126.0
632.0,240.0,76.0,126.0
640.0,248.0,76.0,126.0
648.0,257.0,75.0,126.0
658.0,268.0,74.0,126.0
666.0,277.0,73.0,126.0
674.0,285.0,74.0,127.0
681.0,295.0,75.0,127.0
687.0,303.0,76.0,128.0
693.0,313.0,77.0,128.0
699.0,323.0,78.0,128.0
704.0,335.0,79.0,129.0
709.0,346.0,78.0,129.0
711.0,358.0,77.0,129.0
714.0,368.0,76.0,129.0
716.0,374.0,76.0,129.0
718.0,380.0,75.0,129.0
718.0,385.0,75.0,130.0
720.0,389.0,76.0,130.0
724.0,393.0,77.0,131.0
728.0,397.0,78.0,132.0
732.0,401.0,79.0,132.0
738.0,405.0,79.0,132.0
745.0,411.0,79.0,133.0
754.0,417.0,77.0,133.0
763.0,424.0,75.0,133.0
773.0,428.0,73.0,133.0
785.0,430.0,73.0,133.0
797.0,432.0,73.0,134.0
810.0,436.0,74.0,135.0
824.0,438.0,75.0,135.0
839.0,440.0,76.0,136.0
856.0,442.0,77.0,137.0
874.0,447.0,77.0,137.0
895.0,452.0,76.0,136.0
915.0,457.0,76.0,136.0
936.0,463.0,76.0,135.0
958.0,469.0,75.0,134.0
981.0,469.0,75.0,134.0
1003.0,470.0,75.0,135.0
1027.0,472.0,76.0,136.0
1049.0,474.0,76.0,137.0
1068.0,476.0,76.0,137.0
1084.0,479.0,76.0,138.0
1100.0,481.0,77.0,138.0
1112.0,483.0,76.0,137.0
1124.0,486.0,76.0,136.0
1134.0,488.0,76.0,135.0
1143.0,490.0,76.0,135.0
1151.0,492.0,77.0,134.0
1159.0,491.0,77.0,134.0
1164.0,488.0,77.0,134.0
1168.0,484.0,77.0,135.0
1168.0,480.0,77.0,136.0
1166.0,474.0,77.0,136.0
1160.0,468.0,77.0,136.0
1151.0,462.0,76.0,136.0
1141.0,456.0,76.0,135.0
1133.0,450.0,76.0,135.0
1124.0,444.0,75.0,134.0
1113.0,436.0,76.0,134.0
1099.0,425.0,76.0,133.0
1082.0,413.0,76.0,133.0
1062.0,397.0,75.0,134.0
1036.0,383.0,75.0,134.0
1010.0,369.0,75.0,135.0
983.0,355.0,75.0,134.0
955.0,341.0,74.0,134.0
927.0,331.0,74.0,134.0
900.0,321.0,73.0,133.0
872.0,315.0,73.0,132.0
848.0,307.0,73.0,131.0
824.0,301.0,73.0,132.0
803.0,295.0,72.0,132.0
783.0,287.0,72.0,133.0
765.0,281.0,72.0,133.0
747.0,275.0,72.0,133.0
731.0,271.0,72.0,133.0
715.0,269.0,71.0,133.0
703.0,265.0,71.0,133.0
689.0,264.0,71.0,133.0
677.0,263.0,71.0,132.0
666.0,262.0,72.0,131.0
656.0,261.0,72.0,131.0
647.0,259.0,72.0,131.0
639.0,257.0,72.0,132.0
631.0,253.0,72.0,132.0
625.0,251.0,72.0,132.0
619.0,249.0,72.0,133.0
615.0,247.0,72.0,133.0
611.0,247.0,72.0,133.0
606.0,247.0,72.0,132.0
602.0,249.0,72.0,132.0
599.0,250.0,72.0,131.0
595.0,252.0,72.0,131.0
591.0,253.0,71.0,130.0
587.0,251.0,71.0,131.0
583.0,251.0,72.0,131.0
578.0,249.0,72.0,132.0
572.0,249.0,72.0,133.0
568.0,249.0,72.0,133.0
563.0,250.0,72.0,134.0
558.0,251.0,72.0,133.0
554.0,253.0,72.0,132.0
549.0,257.0,72.0,132.0
544.0,259.0,72.0,131.0
538.0,261.0,72.0,131.0
532.0,261.0,72.0,131.0
527.0,261.0,72.0,132.0
523.0,263.0,72.0,133.0
517.0,263.0,72.0,133.0
511.0,265.0,72.0,133.0
507.0,266.0,72.0,133.0
503.0,268.0,72.0,133.0
499.0,270.0,72.0,132.0
495.0,274.0,72.0,132.0
491.0,276.0,72.0,131.0
485.0,278.0,72.0,131.0
481.0,279.0,72.0,131.0
477.0,279.0,72.0,132.0
472.0,281.0,72.0,132.0
466.0,281.0,72.0,133.0
462.0,281.0,72.0,133.0
458.0,283.0,72.0,133.0
454.0,285.0,72.0,133.0
448.0,287.0,73.0,132.0
444.0,289.0,73.0,132.0
440.0,292.0,73.0,132.0
436.0,292.0,73.0,132.0
437.0,290.0,73.0,132.0
439.0,288.0,73.0,133.0
441.0,286.0,73.0,134.0
447.0,284.0,72.0,133.0
453.0,283.0,72.0,133.0
459.0,282.0,72.0,132.0
466.0,282.0,72.0,132.0
472.0,280.0,73.0,133.0
478.0,278.0,73.0,133.0
484.0,274.0,73.0,133.0
490.0,272.0,74.0,134.0
494.0,270.0,74.0,134.0
498.0,268.0,73.0,133.0
504.0,266.0,73.0,132.0
508.0,266.0,73.0,131.0
513.0,266.0,72.0,132.0
515.0,264.0,72.0,132.0
518.0,261.0,72.0,132.0
519.0,258.0,72.0,132.0
520.0,254.0,72.0,133.0
521.0,252.0,72.0,133.0
521.0,250.0,72.0,132.0
519.0,246.0,72.0,131.0
519.0,244.0,71.0,130.0
515.0,240.0,72.0,131.0
510.0,234.0,73.0,132.0
506.0,229.0,73.0,133.0
500.0,225.0,73.0,132.0
494.0,221.0,72.0,132.0
489.0,219.0,72.0,131.0
483.0,217.0,72.0,131.0
477.0,215.0,72.0,131.0
471.0,211.0,72.0,131.0
467.0,209.0,72.0,131.0
461.0,205.0,72.0,132.0
455.0,201.0,72.0,133.0
449.0,199.0,72.0,132.0
445.0,196.0,72.0,131.0
439.0,192.0,71.0,130.0
435.0,190.0,72.0,131.0
433.0,188.0,72.0,131.0
430.0,183.0,72.0,131.0
429.0,177.0,72.0,132.0
428.0,171.0,72.0,132.0
428.0,167.0,72.0,132.0
431.0,163.0,72.0,131.0
435.0,161.0,72.0,131.0
441.0,159.0,72.0,130.0
447.0,155.0,72.0,130.0
453.0,151.0,71.0,131.0
461.0,147.0,71.0,131.0
471.0,143.0,71.0,131.0
480.0,139.0,71.0,131.0
492.0,134.0,71.0,131.0
502.0,130.0,71.0,131.0
514.0,126.0,71.0,130.0
527.0,124.0,71.0,130.0
540.0,120.0,71.0,130.0
553.0,114.0,71.0,131.0
567.0,109.0,71.0,131.0
581.0,105.0,71.0,131.0
595.0,101.0,71.0,131.0
607.0,97.0,72.0,130.0
620.0,95.0,71.0,130.0
632.0,95.0,71.0,129.0
643.0,95.0,71.0,129.0
653.0,93.0,71.0,129.0
661.0,91.0,71.0,130.0
669.0,89.0,71.0,130.0
675.0,85.0,71.0,130.0
681.0,83.0,71.0,130.0
686.0,81.0,71.0,130.0
689.0,79.0,71.0,130.0
693.0,77.0,71.0,129.0
696.0,75.0,71.0,128.0
696.0,73.0,70.0,129.0
697.0,69.0,70.0,129.0
697.0,63.0,70.0,130.0
695.0,59.0,70.0,130.0
693.0,57.0,71.0,130.0
689.0,53.0,71.0,130.0
685.0,53.0,71.0,129.0
683.0,51.0,71.0,129.0
679.0,51.0,71.0,129.0
675.0,51.0,71.0,129.0
673.0,49.0,70.0,129.0
670.0,45.0,70.0,129.0
668.0,43.0,70.0,129.0
664.0,41.0,70.0,130.0
662.0,39.0,70.0,130.0
659.0,39.0,71.0,129.0
655.0,37.0,71.0,129.0
653.0,37.0,72.0,128.0
651.0,37.0,72.0,128.0
649.0,37.0,72.0,128.0
647.0,37.0,72.0,128.0
645.0,35.0,71.0,129.0
643.0,31.0,71.0,130.0
641.0,29.0,71.0,130.0
639.0,27.0,71.0,130.0
637.0,25.0,71.0,130.0
633.0,25.0,71.0,129.0
631.0,25.0,71.0,129.0
629.0,27.0,71.0,128.0
625.0,27.0,71.0,127.0
623.0,29.0,71.0,128.0
621.0,27.0,71.0,129.0
619.0,27.0,70.0,129.0
615.0,25.0,70.0,129.0
614.0,25.0,70.0,129.0
612.0,27.0,70.0,129.0
609.0,27.0,71.0,129.0
607.0,29.0,71.0,129.0
605.0,31.0,71.0,128.0
603.0,31.0,71.0,128.0
603.0,31.0,70.0,129.0
602.0,29.0,70.0,129.0
600.0,29.0,70.0,129.0
601.0,29.0,71.0,129.0
603.0,29.0,71.0,129.0
609.0,29.0,71.0,129.0
616.0,31.0,70.0,129.0
625.0,33.0,70.0,129.0
636.0,37.0,70.0,129.0
646.0,41.0,70.0,128.0
657.0,43.0,70.0,128.0
670.0,43.0,70.0,129.0
684.0,45.0,70.0,129.0
696.0,47.0,70.0,130.0
709.0,49.0,71.0,130.0
721.0,51.0,71.0,130.0
733.0,53.0,71.0,130.0
745.0,57.0,71.0,129.0
755.0,59.0,71.0,129.0
765.0,63.0,72.0,128.0
775.0,67.0,71.0,128.0
783.0,69.0,71.0,129.0
791.0,69.0,71.0,129.0
797.0,71.0,71.0,129.0
803.0,71.0,71.0,129.0
807.0,73.0,71.0,130.0
811.0,75.0,71.0,130.0
813.0,77.0,72.0,130.0
815.0,79.0,72.0,130.0
815.0,81.0,71.0,130.0
813.0,83.0,71.0,129.0
811.0,87.0,70.0,129.0
807.0,87.0,71.0,129.0
805.0,89.0,71.0,129.0
801.0,89.0,71.0,130.0
799.0,89.0,71.0,130.0
795.0,89.0,71.0,130.0
793.0,89.0,71.0,131.0
791.0,91.0,71.0,130.0
787.0,93.0,71.0,130.0
785.0,95.0,71.0,130.0
783.0,97.0,71.0,129.0
780.0,99.0,71.0,129.0
777.0,101.0,71.0,129.0
775.0,101.0,71.0,129.0
771.0,101.0,71.0,130.0
769.0,101.0,71.0,130.0
765.0,101.0,71.0,130.0
763.0,101.0,71.0,131.0
759.0,103.0,71.0,131.0
757.0,103.0,71.0,131.0
753.0,105.0,71.0,130.0
749.0,107.0,71.0,130.0
745.0,111.0,71.0,130.0
741.0,111.0,71.0,130.0
737.0,113.0,70.0,129.0
733.0,111.0,70.0,130.0
729.0,111.0,70.0,130.0
724.0,111.0,71.0,130.0
720.0,111.0,71.0,130.0
715.0,111.0,70.0,131.0
711.0,113.0,70.0,131.0
706.0,115.0,71.0,131.0
702.0,117.0,71.0,130.0
698.0,119.0,71.0,130.0
693.0,121.0,71.0,130.0
689.0,123.0,71.0,129.0
685.0,123.0,71.0,129.0
679.0,123.0,71.0,130.0
675.0,121.0,71.0,130.0
671.0,121.0,71.0,130.0
665.0,121.0,71.0,131.0
661.0,123.0,71.0,131.0
655.0,123.0,71.0,131.0
649.0,125.0,72.0,130.0
644.0,127.0,72.0,130.0
638.0,131.0,72.0,129.0
632.0,133.0,73.0,129.0
626.0,133.0,73.0,129.0
622.0,135.0,74.0,129.0
619.0,137.0,73.0,128.0
617.0,140.0,73.0,128.0
617.0,144.0,72.0,127.0
619.0,146.0,73.0,127.0
80.0,21.0,7.0,9.0
81.0,22.0,8.0,8.0
81.0,23.0,8.0,8.0
631.0,159.0,76.0,125.0
635.0,161.0,76.0,125.0
639.0,163.0,76.0,125.0
645.0,167.0,76.0,125.0
649.0,171.0,75.0,125.0
655.0,175.0,75.0,125.0
661.0,179.0,74.0,125.0
665.0,183.0,74.0,125.0
671.0,187.0,74.0,125.0
675.0,191.0,75.0,125.0
681.0,195.0,76.0,126.0
685.0,199.0,75.0,125.0
691.0,205.0,75.0,125.0
697.0,211.0,75.0,125.0
703.0,217.0,74.0,125.0
709.0,223.0,73.0,125.0
716.0,230.0,72.0,125.0
723.0,239.0,72.0,125.0
731.0,247.0,73.0,125.0
739.0,255.0,73.0,124.0
749.0,265.0,73.0,124.0
758.0,273.0,73.0,125.0
768.0,283.0,73.0,125.0
780.0,295.0,73.0,125.0
790.0,307.0,73.0,125.0
802.0,319.0,72.0,126.0
813.0,332.0,73.0,125.0
821.0,342.0,74.0,125.0
830.0,354.0,75.0,125.0
840.0,366.0,75.0,125.0
851.0,380.0,75.0,125.0
863.0,394.0,76.0,125.0
872.0,410.0,76.0,125.0
884.0,425.0,76.0,124.0
894.0,441.0,76.0,123.0
907.0,456.0,76.0,124.0
919.0,474.0,76.0,125.0
934.0,494.0,77.0,126.0
947.0,513.0,76.0,127.0
960.0,533.0,76.0,129.0
972.0,555.0,76.0,130.0
984.0,577.0,76.0,129.0
993.0,599.0,76.0,128.0
1003.0,620.0,75.0,128.0
nan,nan,nan,nan
nan,nan,nan,nan
nan,nan,nan,nan
nan,nan,nan,nan
nan,nan,nan,nan
nan,nan,nan,nan
nan,nan,nan,nan
nan,nan,nan,nan
nan,nan,nan,nan
nan,nan,nan,nan
nan,nan,nan,nan
nan,nan,nan,nan
nan,nan,nan,nan
nan,nan,nan,nan
nan,nan,nan,nan
nan,nan,nan,nan
nan,nan,nan,nan
nan,nan,nan,nan
nan,nan,nan,nan
nan,nan,nan,nan
nan,nan,nan,nan
nan,nan,nan,nan
nan,nan,nan,nan
nan,nan,nan,nan
nan,nan,nan,nan
nan,nan,nan,nan
nan,nan,nan,nan
nan,nan,nan,nan
nan,nan,nan,nan
798.0,650.0,73.0,125.0
781.0,634.0,75.0,127.0
766.0,616.0,78.0,129.0
749.0,601.0,80.0,131.0
736.0,587.0,78.0,131.0
723.0,574.0,77.0,132.0
710.0,560.0,75.0,132.0
696.0,544.0,75.0,132.0
683.0,528.0,75.0,132.0
669.0,512.0,74.0,132.0
656.0,496.0,76.0,132.0
644.0,483.0,77.0,132.0
631.0,471.0,78.0,133.0
619.0,461.0,78.0,132.0
607.0,451.0,78.0,132.0
595.0,442.0,78.0,132.0
582.0,436.0,77.0,132.0
571.0,428.0,76.0,132.0
559.0,420.0,75.0,132.0
548.0,410.0,74.0,132.0
536.0,400.0,73.0,132.0
527.0,388.0,73.0,133.0
519.0,377.0,73.0,133.0
509.0,366.0,74.0,134.0
501.0,358.0,74.0,134.0
491.0,350.0,74.0,134.0
483.0,344.0,74.0,133.0
475.0,338.0,73.0,133.0
469.0,334.0,73.0,132.0
463.0,330.0,72.0,132.0
457.0,324.0,72.0,131.0
451.0,318.0,72.0,131.0
445.0,312.0,72.0,132.0
439.0,304.0,72.0,133.0
435.0,297.0,72.0,133.0
429.0,291.0,73.0,133.0
425.0,287.0,73.0,133.0
423.0,283.0,73.0,132.0
421.0,279.0,73.0,132.0
421.0,276.0,73.0,132.0
421.0,273.0,73.0,131.0
423.0,270.0,73.0,131.0
427.0,265.0,73.0,130.0
433.0,261.0,73.0,131.0
439.0,255.0,73.0,131.0
445.0,249.0,73.0,132.0
453.0,245.0,73.0,132.0
461.0,241.0,73.0,133.0
469.0,236.0,73.0,133.0
477.0,234.0,73.0,133.0
485.0,233.0,72.0,132.0
494.0,232.0,72.0,132.0
501.0,232.0,72.0,131.0
507.0,233.0,72.0,131.0
513.0,233.0,72.0,130.0
517.0,231.0,72.0,130.0
521.0,229.0,72.0,131.0
525.0,227.0,72.0,132.0
525.0,225.0,71.0,132.0
527.0,225.0,71.0,132.0
527.0,225.0,71.0,133.0
525.0,227.0,71.0,132.0
525.0,229.0,71.0,132.0
522.0,231.0,71.0,131.0
520.0,233.0,71.0,131.0
518.0,235.0,71.0,130.0
514.0,237.0,71.0,129.0
510.0,237.0,71.0,130.0
508.0,239.0,71.0,131.0
504.0,239.0,71.0,131.0
502.0,241.0,71.0,131.0
498.0,243.0,71.0,132.0
494.0,245.0,71.0,132.0
492.0,247.0,71.0,131.0
490.0,251.0,71.0,131.0
486.0,255.0,72.0,131.0
484.0,259.0,71.0,130.0
482.0,261.0,71.0,130.0
480.0,263.0,71.0,129.0
477.0,263.0,72.0,130.0
475.0,263.0,72.0,131.0
471.0,263.0,72.0,131.0
469.0,263.0,72.0,132.0
467.0,263.0,72.0,132.0
463.0,263.0,71.0,132.0
461.0,265.0,71.0,132.0
459.0,265.0,71.0,131.0
455.0,266.0,71.0,131.0
454.0,266.0,71.0,131.0
60.0,35.0,4.0,14.0
60.0,35.0,4.0,14.0
60.0,35.0,4.0,14.0
59.0,35.0,5.0,13.0
59.0,35.0,5.0,13.0
58.0,35.0,5.0,13.0
58.0,35.0,6.0,12.0
58.0,35.0,6.0,12.0
58.0,35.0,6.0,11.0
58.0,35.0,6.0,10.0
449.0,266.0,72.0,127.0
451.0,268.0,72.0,126.0
452.0,268.0,71.0,126.0
454.0,270.0,71.0,126.0
454.0,274.0,71.0,125.0
453.0,278.0,72.0,125.0
453.0,280.0,72.0,125.0
453.0,284.0,73.0,125.0
455.0,286.0,73.0,125.0
456.0,289.0,73.0,125.0
458.0,292.0,74.0,125.0
458.0,295.0,74.0,125.0
460.0,299.0,74.0,125.0
460.0,303.0,73.0,124.0
463.0,306.0,73.0,124.0
400.0,283.0,73.0,124.0
404.0,240.0,73.0,124.0
402.0,242.0,73.0,124.0
398.0,244.0,74.0,125.0
395.0,247.0,74.0,125.0
393.0,249.0,75.0,126.0
389.0,253.0,75.0,126.0
388.0,258.0,75.0,126.0
385.0,260.0,74.0,126.0
382.0,265.0,74.0,125.0
381.0,269.0,74.0,125.0
378.0,272.0,74.0,125.0
376.0,275.0,74.0,125.0
375.0,277.0,74.0,126.0
373.0,277.0,73.0,127.0
371.0,278.0,73.0,128.0
370.0,279.0,73.0,128.0
371.0,279.0,73.0,128.0
371.0,278.0,72.0,128.0
370.0,277.0,72.0,127.0
368.0,278.0,72.0,126.0
367.0,277.0,71.0,125.0
365.0,275.0,72.0,126.0
364.0,272.0,72.0,127.0
362.0,270.0,73.0,128.0
67.0,56.0,6.0,11.0
67.0,56.0,6.0,11.0
67.0,56.0,6.0,11.0
67.0,57.0,7.0,11.0
68.0,57.0,7.0,10.0
68.0,58.0,7.0,10.0
68.0,58.0,7.0,10.0
68.0,58.0,7.0,10.0
68.0,58.0,7.0,10.0
68.0,58.0,7.0,11.0
362.0,267.0,73.0,130.0
360.0,263.0,73.0,131.0
360.0,260.0,73.0,131.0
359.0,257.0,73.0,131.0
359.0,252.0,73.0,131.0
358.0,248.0,73.0,130.0
358.0,245.0,72.0,130.0
359.0,240.0,72.0,129.0
359.0,236.0,72.0,129.0
357.0,230.0,73.0,129.0
356.0,226.0,73.0,129.0
356.0,223.0,74.0,130.0
356.0,217.0,75.0,131.0
356.0,213.0,76.0,132.0
355.0,208.0,76.0,131.0
355.0,204.0,76.0,130.0
356.0,199.0,76.0,130.0
356.0,193.0,76.0,130.0
357.0,187.0,76.0,130.0
358.0,182.0,76.0,130.0
358.0,176.0,76.0,131.0
358.0,170.0,77.0,131.0
358.0,164.0,77.0,132.0
359.0,158.0,77.0,132.0
359.0,152.0,76.0,132.0
360.0,146.0,76.0,132.0
361.0,140.0,75.0,132.0
362.0,136.0,74.0,131.0
363.0,129.0,74.0,131.0
363.0,123.0,74.0,131.0
362.0,118.0,75.0,131.0
362.0,111.0,76.0,131.0
362.0,107.0,76.0,131.0
359.0,102.0,76.0,131.0
356.0,98.0,77.0,131.0
349.0,95.0,76.0,131.0
341.0,92.0,75.0,131.0
333.0,90.0,74.0,131.0
318.0,87.0,73.0,131.0
303.0,86.0,73.0,131.0
286.0,85.0,72.0,131.0
78.0,34.0,7.0,14.0
76.0,33.0,8.0,14.0
74.0,31.0,9.0,15.0
72.0,31.0,8.0,14.0
70.0,30.0,7.0,13.0
69.0,29.0,6.0,12.0
67.0,28.0,6.0,13.0
65.0,27.0,5.0,13.0
64.0,26.0,4.0,13.0
61.0,25.0,5.0,14.0
239.0,69.0,71.0,131.0
213.0,72.0,72.0,132.0
188.0,75.0,72.0,131.0
165.0,76.0,72.0,131.0
143.0,79.0,72.0,131.0
149.0,19.0,71.0,131.0
135.0,35.0,71.0,130.0
119.0,36.0,71.0,130.0
102.0,39.0,71.0,130.0
86.0,41.0,71.0,130.0
70.0,44.0,71.0,130.0
53.0,47.0,72.0,130.0
38.0,48.0,72.0,131.0
24.0,50.0,73.0,131.0
11.0,53.0,72.0,131.0
-1.0,55.0,72.0,130.0
-12.0,58.0,72.0,130.0
-18.0,59.0,72.0,130.0
-26.0,61.0,72.0,130.0
-32.0,59.0,71.0,129.0
-35.0,61.0,71.0,130.0
-37.0,62.0,71.0,130.0
-40.0,63.0,71.0,130.0
-42.0,63.0,72.0,130.0
-44.0,64.0,72.0,131.0
-44.0,66.0,73.0,131.0
-43.0,66.0,73.0,131.0
-42.0,65.0,72.0,130.0
-42.0,63.0,72.0,130.0
-40.0,63.0,72.0,130.0
-37.0,63.0,71.0,129.0
-32.0,61.0,71.0,129.0
-26.0,58.0,71.0,129.0
-30.0,50.0,71.0,130.0
-29.0,50.0,71.0,130.0
-29.0,51.0,72.0,130.0
-29.0,52.0,72.0,130.0
-28.0,55.0,73.0,130.0
-27.0,57.0,72.0,130.0
-25.0,57.0,72.0,129.0
-22.0,59.0,71.0,129.0
-20.0,61.0,71.0,129.0
42.0,14.0,5.0,11.0
-20.0,21.0,71.0,129.0
-21.0,24.0,71.0,129.0
-19.0,24.0,71.0,130.0
-18.0,27.0,71.0,130.0
-18.0,30.0,72.0,130.0
-20.0,32.0,72.0,130.0
-21.0,35.0,73.0,130.0
-24.0,38.0,72.0,130.0
46.0,17.0,5.0,12.0
46.0,17.0,5.0,12.0
47.0,18.0,4.0,12.0
47.0,18.0,4.0,12.0
47.0,18.0,4.0,12.0
47.0,19.0,4.0,12.0
46.0,19.0,5.0,12.0
46.0,20.0,6.0,13.0
46.0,20.0,7.0,13.0
-26.0,39.0,74.0,130.0
-96.0,55.0,75.0,130.0
-178.0,12.0,74.0,130.0
-259.0,69.0,73.0,129.0
-341.0,15.0,72.0,129.0
-423.0,68.0,72.0,129.0
-505.0,77.0,72.0,129.0
-587.0,81.0,72.0,130.0
-668.0,90.0,72.0,130.0
-750.0,85.0,72.0,131.0
-832.0,98.0,72.0,131.0
-914.0,86.0,73.0,131.0
-996.0,102.0,73.0,131.0
-1077.0,102.0,73.0,130.0
-1161.0,117.0,72.0,130.0
-1242.0,112.0,71.0,130.0
-1325.0,123.0,71.0,130.0
-1409.0,127.0,71.0,130.0
-1492.0,139.0,71.0,130.0
-1576.0,148.0,71.0,130.0
-1660.0,153.0,72.0,130.0
-1744.0,167.0,73.0,130.0
-1827.0,185.0,74.0,130.0
-1909.0,196.0,74.0,130.0
-1991.0,249.0,73.0,130.0
-2073.0,256.0,73.0,130.0
-2155.0,261.0,72.0,130.0
-2236.0,254.0,71.0,129.0
-2318.0,240.0,70.0,129.0
-2402.0,192.0,71.0,129.0
-2485.0,169.0,72.0,129.0
-2569.0,168.0,72.0,129.0
-2653.0,168.0,73.0,129.0
-2737.0,175.0,74.0,129.0
-2821.0,180.0,74.0,129.0
-2903.0,179.0,73.0,128.0
-2985.0,174.0,73.0,127.0
-3066.0,185.0,72.0,126.0
-3148.0,189.0,72.0,126.0
-3231.0,196.0,72.0,125.0
-3313.0,184.0,71.0,125.0
-3396.0,190.0,73.0,125.0
-3478.0,197.0,74.0,125.0
-3563.0,211.0,75.0,125.0
-3647.0,211.0,75.0,125.0
-3731.0,212.0,76.0,124.0
-3813.0,217.0,76.0,124.0
-3894.0,209.0,75.0,124.0
-3976.0,215.0,74.0,124.0
-4059.0,223.0,73.0,124.0
-4142.0,229.0,73.0,124.0
-4225.0,238.0,72.0,123.0
-4306.0,269.0,72.0,123.0
-4390.0,280.0,73.0,123.0
-4474.0,270.0,75.0,124.0
-4557.0,281.0,76.0,124.0
64.0,42.0,9.0,7.0
64.0,43.0,9.0,7.0
65.0,44.0,8.0,7.0
65.0,45.0,8.0,7.0
-4969.0,264.0,74.0,124.0
67.0,47.0,7.0,7.0
67.0,48.0,7.0,7.0
67.0,49.0,7.0,8.0
67.0,50.0,7.0,9.0
67.0,51.0,7.0,9.0
68.0,51.0,7.0,10.0
-4905.0,288.0,73.0,128.0
-4987.0,238.0,73.0,127.0
-5069.0,319.0,72.0,126.0
-5152.0,358.0,71.0,125.0
-5234.0,448.0,72.0,125.0
-5316.0,417.0,72.0,126.0
-5400.0,428.0,72.0,126.0
-5484.0,412.0,72.0,127.0
-5566.0,421.0,73.0,128.0
-5650.0,403.0,73.0,129.0
-5734.0,414.0,73.0,129.0
-5818.0,399.0,73.0,128.0
-5902.0,415.0,73.0,128.0
-5984.0,394.0,73.0,127.0
-6068.0,407.0,73.0,127.0
-6152.0,386.0,73.0,126.0
-6234.0,395.0,73.0,127.0
-6318.0,390.0,73.0,128.0
-6402.0,392.0,73.0,130.0
-6486.0,366.0,74.0,130.0
-6570.0,357.0,74.0,131.0
-6654.0,350.0,74.0,131.0
-6738.0,335.0,74.0,131.0
-6820.0,321.0,74.0,130.0
-6904.0,318.0,74.0,130.0
-6988.0,309.0,73.0,129.0
-7072.0,288.0,73.0,128.0
-7154.0,254.0,73.0,127.0
-7236.0,217.0,73.0,128.0
-7318.0,225.0,72.0,129.0
-7401.0,218.0,72.0,130.0
-7485.0,214.0,72.0,131.0
-7567.0,196.0,73.0,131.0
-7649.0,208.0,73.0,131.0
-7733.0,177.0,73.0,131.0
-7815.0,185.0,73.0,130.0
-7898.0,195.0,73.0,129.0
-7981.0,191.0,73.0,129.0
-8063.0,193.0,73.0,129.0
-8146.0,192.0,72.0,129.0
-8229.0,181.0,72.0,129.0
-8312.0,174.0,72.0,130.0
-8394.0,170.0,72.0,131.0
-8476.0,155.0,72.0,131.0
-8558.0,135.0,72.0,131.0
-8642.0,125.0,72.0,131.0
-8724.0,114.0,72.0,131.0
-8807.0,107.0,72.0,130.0
-8889.0,101.0,72.0,130.0
-8973.0,98.0,72.0,130.0
-9055.0,88.0,72.0,129.0
-9139.0,87.0,72.0,129.0
-9223.0,81.0,72.0,129.0
-9307.0,75.0,73.0,130.0
-9391.0,63.0,73.0,130.0
-9475.0,66.0,73.0,131.0
-9559.0,55.0,73.0,131.0
-9643.0,55.0,73.0,131.0
-9725.0,58.0,74.0,131.0
-9807.0,54.0,74.0,131.0
-9889.0,54.0,74.0,131.0
-9971.0,36.0,73.0,130.0
-10054.0,34.0,73.0,130.0
-10135.0,46.0,72.0,130.0
-10218.0,21.0,73.0,130.0
79.0,39.0,7.0,12.0
80.0,38.0,7.0,12.0
80.0,38.0,8.0,12.0
80.0,38.0,9.0,12.0
81.0,38.0,10.0,11.0
81.0,37.0,9.0,11.0
81.0,37.0,8.0,11.0
82.0,37.0,7.0,11.0
82.0,37.0,7.0,11.0
82.0,37.0,7.0,10.0
-10297.0,21.0,73.0,127.0
-10297.0,21.0,73.0,127.0
-10382.0,-27.0,73.0,128.0
-10464.0,38.0,73.0,128.0
-10548.0,-18.0,73.0,128.0
-10632.0,-24.0,72.0,128.0
-10714.0,-17.0,72.0,129.0
-10798.0,-5.0,73.0,129.0
-10881.0,-9.0,73.0,129.0
-10965.0,-30.0,73.0,129.0
-11048.0,-48.0,73.0,129.0
-11132.0,-81.0,73.0,129.0
-11214.0,-101.0,74.0,129.0
80.0,33.0,7.0,10.0
-11382.0,-123.0,74.0,127.0
79.0,34.0,7.0,8.0
78.0,34.0,8.0,8.0
-11481.0,-22.0,74.0,125.0
-11482.0,-22.0,75.0,125.0
-11483.0,-22.0,75.0,125.0
-11484.0,-23.0,75.0,125.0
-11484.0,9.0,75.0,125.0
-11485.0,8.0,75.0,125.0
-11487.0,8.0,75.0,125.0
-11488.0,-24.0,75.0,125.0
-11488.0,-24.0,74.0,125.0
-11489.0,-24.0,73.0,126.0
-11489.0,-24.0,72.0,126.0
-11572.0,-70.0,72.0,126.0
-11657.0,-101.0,73.0,126.0
68.0,34.0,6.0,9.0
-11657.0,-33.0,73.0,126.0
-11741.0,-66.0,73.0,125.0
-11741.0,-51.0,74.0,125.0
69.0,36.0,6.0,7.0
-11739.0,39.0,72.0,123.0
-11738.0,17.0,71.0,123.0
-11736.0,16.0,71.0,123.0
-11734.0,-12.0,72.0,123.0
-11733.0,-18.0,72.0,123.0
-11730.0,7.0,73.0,124.0
-11728.0,-36.0,74.0,124.0
84.0,41.0,8.0,7.0
87.0,42.0,8.0,7.0
-11719.0,-24.0,74.0,125.0
-11717.0,-44.0,73.0,125.0
94.0,46.0,7.0,7.0
96.0,47.0,8.0,7.0
97.0,49.0,8.0,7.0
-11712.0,-19.0,74.0,124.0
-11711.0,-14.0,74.0,125.0
-11791.0,72.0,73.0,126.0
-11792.0,49.0,74.0,126.0
-11792.0,100.0,74.0,126.0
-11792.0,138.0,75.0,126.0
-11793.0,124.0,74.0,126.0
-11793.0,124.0,73.0,126.0
-11794.0,129.0,72.0,126.0
-11796.0,140.0,72.0,125.0
-11797.0,142.0,73.0,125.0
-11799.0,141.0,73.0,125.0
-11802.0,79.0,75.0,126.0
-11805.0,79.0,76.0,127.0
-11808.0,39.0,77.0,128.0
-11811.0,25.0,77.0,128.0
-11814.0,-56.0,77.0,128.0
-11900.0,-80.0,76.0,129.0
-11903.0,-8.0,76.0,128.0
-11906.0,78.0,75.0,127.0
-11908.0,37.0,75.0,126.0
-11911.0,-29.0,75.0,126.0
-11914.0,-46.0,76.0,127.0
-11917.0,42.0,77.0,127.0
-11920.0,-1.0,78.0,125.0
-11922.0,-38.0,78.0,124.0
-11925.0,-23.0,79.0,122.0
nan,nan,nan,nan
nan,nan,nan,nan
nan,nan,nan,nan
nan,nan,nan,nan
nan,nan,nan,nan
nan,nan,nan,nan
nan,nan,nan,nan
nan,nan,nan,nan
nan,nan,nan,nan
nan,nan,nan,nan
nan,nan,nan,nan
nan,nan,nan,nan
nan,nan,nan,nan
nan,nan,nan,nan
nan,nan,nan,nan
nan,nan,nan,nan
nan,nan,nan,nan
nan,nan,nan,nan
nan,nan,nan,nan
nan,nan,nan,nan
nan,nan,nan,nan
nan,nan,nan,nan
nan,nan,nan,nan
nan,nan,nan,nan
nan,nan,nan,nan
nan,nan,nan,nan
nan,nan,nan,nan
nan,nan,nan,nan
nan,nan,nan,nan
nan,nan,nan,nan
nan,nan,nan,nan
nan,nan,nan,nan
nan,nan,nan,nan
nan,nan,nan,nan
nan,nan,nan,nan
nan,nan,nan,nan
nan,nan,nan,nan
nan,nan,nan,nan
nan,nan,nan,nan
nan,nan,nan,nan
nan,nan,nan,nan
-12862.0,-10.0,75.0,129.0
-12859.0,-22.0,75.0,131.0
-12855.0,-41.0,74.0,132.0
-12935.0,-90.0,74.0,134.0
-13015.0,-94.0,73.0,133.0
-13094.0,-97.0,73.0,132.0
-13174.0,-99.0,72.0,132.0
