759.0,241.0,25.0,29.0
759.0,241.0,25.0,29.0
759.0,243.0,25.0,29.0
757.0,243.0,25.0,29.0
757.0,243.0,25.0,29.0
757.0,243.0,25.0,29.0
757.0,243.0,25.0,29.0
757.0,243.0,25.0,29.0
757.0,245.0,25.0,29.0
757.0,245.0,25.0,29.0
755.0,245.0,25.0,29.0
755.0,245.0,25.0,29.0
755.0,245.0,25.0,29.0
755.0,246.0,25.0,29.0
755.0,247.0,25.0,29.0
755.0,247.0,25.0,29.0
95.0,31.0,0.0,1.0
95.0,31.0,0.0,1.0
94.0,31.0,0.0,1.0
94.0,31.0,0.0,1.0
94.0,31.0,1.0,1.0
752.0,247.0,25.0,29.0
752.0,247.0,25.0,29.0
752.0,247.0,25.0,29.0
752.0,247.0,25.0,29.0
750.0,249.0,25.0,29.0
750.0,249.0,25.0,29.0
750.0,249.0,25.0,29.0
750.0,249.0,25.0,29.0
750.0,249.0,25.0,29.0
750.0,249.0,25.0,30.0
750.0,249.0,25.0,30.0
750.0,249.0,25.0,30.0
748.0,250.0,25.0,30.0
748.0,251.0,25.0,29.0
748.0,251.0,25.0,29.0
748.0,251.0,25.0,29.0
748.0,251.0,25.0,29.0
93.0,32.0,1.0,1.0
93.0,32.0,1.0,1.0
93.0,32.0,1.0,2.0
93.0,32.0,0.0,2.0
93.0,32.0,0.0,2.0
745.0,251.0,25.0,30.0
745.0,251.0,25.0,30.0
745.0,253.0,25.0,29.0
745.0,253.0,25.0,29.0
743.0,253.0,25.0,30.0
743.0,253.0,25.0,30.0
743.0,253.0,25.0,30.0
743.0,253.0,25.0,30.0
743.0,253.0,25.0,30.0
743.0,255.0,25.0,29.0
743.0,255.0,25.0,29.0
743.0,255.0,25.0,29.0
743.0,255.0,25.0,29.0
743.0,255.0,25.0,29.0
742.0,255.0,25.0,29.0
742.0,257.0,25.0,29.0
742.0,257.0,25.0,29.0
742.0,257.0,25.0,29.0
742.0,257.0,25.0,29.0
740.0,257.0,25.0,29.0
91.0,33.0,0.0,2.0
91.0,33.0,0.0,1.0
91.0,33.0,1.0,1.0
91.0,33.0,1.0,1.0
91.0,33.0,1.0,1.0
740.0,257.0,25.0,29.0
740.0,257.0,25.0,29.0
740.0,259.0,25.0,29.0
740.0,259.0,25.0,30.0
740.0,259.0,25.0,30.0
739.0,259.0,25.0,30.0
738.0,259.0,25.0,30.0
738.0,259.0,25.0,30.0
737.0,259.0,25.0,30.0
737.0,261.0,25.0,30.0
737.0,261.0,25.0,30.0
737.0,261.0,25.0,30.0
737.0,261.0,25.0,30.0
737.0,261.0,25.0,30.0
737.0,261.0,25.0,30.0
737.0,261.0,25.0,30.0
737.0,263.0,25.0,30.0
737.0,263.0,25.0,30.0
737.0,263.0,25.0,30.0
736.0,263.0,25.0,30.0
736.0,263.0,25.0,30.0
735.0,263.0,25.0,29.0
89.0,34.0,0.0,1.0
89.0,34.0,0.0,2.0
89.0,34.0,0.0,2.0
89.0,34.0,0.0,2.0
88.0,34.0,0.0,2.0
734.0,263.0,25.0,30.0
734.0,263.0,25.0,29.0
734.0,263.0,25.0,29.0
734.0,265.0,25.0,30.0
734.0,265.0,25.0,30.0
734.0,265.0,25.0,30.0
734.0,265.0,25.0,30.0
733.0,265.0,25.0,30.0
733.0,265.0,25.0,30.0
732.0,265.0,25.0,30.0
731.0,267.0,25.0,30.0
731.0,267.0,25.0,30.0
731.0,267.0,25.0,30.0
731.0,267.0,25.0,30.0
731.0,267.0,25.0,30.0
731.0,267.0,25.0,30.0
731.0,267.0,25.0,29.0
731.0,269.0,25.0,30.0
731.0,269.0,25.0,30.0
731.0,269.0,25.0,30.0
731.0,269.0,25.0,30.0
731.0,269.0,25.0,30.0
731.0,269.0,25.0,30.0
730.0,271.0,25.0,30.0
730.0,271.0,25.0,30.0
730.0,271.0,25.0,30.0
730.0,271.0,25.0,30.0
730.0,271.0,25.0,30.0
730.0,271.0,25.0,30.0
86.0,35.0,1.0,2.0
730.0,273.0,25.0,30.0
730.0,273.0,25.0,30.0
86.0,35.0,1.0,2.0
86.0,35.0,1.0,2.0
86.0,35.0,1.0,2.0
86.0,35.0,1.0,2.0
730.0,273.0,25.0,30.0
730.0,273.0,25.0,30.0
729.0,273.0,25.0,30.0
729.0,275.0,25.0,30.0
729.0,275.0,25.0,30.0
729.0,275.0,25.0,30.0
731.0,275.0,25.0,30.0
731.0,275.0,25.0,30.0
731.0,275.0,25.0,30.0
731.0,277.0,25.0,30.0
731.0,277.0,25.0,30.0
731.0,277.0,25.0,30.0
731.0,277.0,25.0,30.0
731.0,277.0,25.0,30.0
732.0,277.0,25.0,30.0
732.0,277.0,25.0,30.0
732.0,277.0,25.0,30.0
732.0,279.0,25.0,30.0
732.0,279.0,25.0,30.0
734.0,279.0,25.0,30.0
734.0,279.0,25.0,30.0
734.0,279.0,25.0,30.0
736.0,279.0,25.0,30.0
736.0,281.0,25.0,30.0
736.0,281.0,25.0,30.0
736.0,281.0,25.0,30.0
738.0,281.0,25.0,30.0
738.0,281.0,25.0,30.0
739.0,281.0,25.0,30.0
739.0,283.0,25.0,30.0
739.0,283.0,25.0,30.0
741.0,283.0,25.0,30.0
743.0,283.0,25.0,30.0
743.0,283.0,25.0,30.0
745.0,283.0,25.0,30.0
745.0,283.0,25.0,30.0
85.0,36.0,0.0,2.0
86.0,36.0,0.0,2.0
749.0,285.0,25.0,30.0
751.0,285.0,25.0,30.0
751.0,285.0,25.0,30.0
753.0,285.0,25.0,30.0
86.0,37.0,0.0,2.0
86.0,37.0,-0.0,2.0
758.0,287.0,24.0,30.0
759.0,287.0,25.0,30.0
760.0,287.0,25.0,30.0
87.0,37.0,0.0,2.0
764.0,287.0,25.0,30.0
766.0,287.0,25.0,30.0
766.0,287.0,25.0,30.0
768.0,289.0,25.0,30.0
771.0,289.0,25.0,30.0
773.0,289.0,25.0,30.0
775.0,289.0,25.0,30.0
775.0,289.0,25.0,30.0
777.0,291.0,25.0,30.0
781.0,291.0,25.0,30.0
783.0,291.0,25.0,30.0
785.0,291.0,25.0,30.0
787.0,291.0,25.0,30.0
789.0,293.0,25.0,30.0
791.0,293.0,25.0,30.0
794.0,293.0,25.0,30.0
796.0,293.0,25.0,30.0
796.0,293.0,25.0,30.0
798.0,295.0,25.0,30.0
802.0,295.0,25.0,30.0
804.0,295.0,25.0,30.0
806.0,297.0,25.0,30.0
808.0,297.0,25.0,30.0
810.0,297.0,25.0,30.0
812.0,297.0,25.0,30.0
814.0,297.0,25.0,30.0
817.0,298.0,25.0,30.0
818.0,298.0,25.0,30.0
820.0,298.0,25.0,30.0
823.0,298.0,25.0,30.0
825.0,299.0,25.0,30.0
827.0,300.0,25.0,30.0
827.0,300.0,25.0,30.0
831.0,300.0,25.0,30.0
833.0,300.0,25.0,31.0
837.0,302.0,25.0,31.0
839.0,302.0,25.0,30.0
839.0,302.0,25.0,30.0
843.0,302.0,25.0,30.0
845.0,304.0,25.0,30.0
849.0,304.0,25.0,30.0
852.0,304.0,25.0,30.0
852.0,304.0,25.0,31.0
854.0,306.0,25.0,31.0
858.0,306.0,25.0,30.0
860.0,306.0,25.0,30.0
96.0,39.0,1.0,2.0
864.0,308.0,25.0,30.0
868.0,308.0,25.0,30.0
97.0,39.0,1.0,2.0
97.0,39.0,0.0,2.0
876.0,310.0,25.0,30.0
876.0,310.0,25.0,31.0
98.0,39.0,0.0,2.0
98.0,39.0,1.0,2.0
882.0,310.0,25.0,30.0
884.0,312.0,25.0,30.0
885.0,312.0,25.0,30.0
888.0,312.0,25.0,30.0
891.0,312.0,25.0,30.0
894.0,314.0,25.0,30.0
898.0,314.0,25.0,30.0
899.0,314.0,25.0,30.0
900.0,314.0,25.0,30.0
904.0,316.0,25.0,30.0
908.0,316.0,25.0,30.0
910.0,316.0,25.0,31.0
912.0,316.0,25.0,31.0
914.0,318.0,25.0,31.0
918.0,318.0,25.0,31.0
920.0,318.0,25.0,30.0
922.0,318.0,25.0,31.0
924.0,320.0,25.0,31.0
928.0,320.0,25.0,31.0
932.0,320.0,25.0,31.0
935.0,322.0,25.0,31.0
936.0,322.0,25.0,31.0
940.0,322.0,25.0,31.0
942.0,322.0,25.0,31.0
946.0,323.0,25.0,31.0
949.0,323.0,25.0,31.0
950.0,324.0,25.0,31.0
953.0,325.0,25.0,31.0
957.0,325.0,25.0,31.0
961.0,325.0,25.0,31.0
965.0,327.0,25.0,31.0
965.0,327.0,25.0,31.0
969.0,327.0,25.0,31.0
973.0,329.0,25.0,31.0
977.0,329.0,25.0,31.0
980.0,329.0,25.0,31.0
981.0,329.0,25.0,31.0
985.0,331.0,25.0,31.0
988.0,331.0,25.0,31.0
992.0,333.0,25.0,31.0
996.0,333.0,25.0,31.0
997.0,333.0,25.0,31.0
1000.0,335.0,25.0,31.0
1004.0,335.0,25.0,31.0
112.0,41.0,1.0,3.0
1012.0,337.0,25.0,31.0
1012.0,337.0,25.0,31.0
113.0,41.0,1.0,3.0
1020.0,339.0,25.0,31.0
114.0,41.0,1.0,3.0
114.0,41.0,1.0,3.0
1028.0,341.0,25.0,31.0
115.0,41.0,1.0,3.0
1032.0,343.0,25.0,31.0
1036.0,343.0,25.0,31.0
1040.0,344.0,25.0,31.0
1040.0,345.0,25.0,31.0
1044.0,345.0,25.0,31.0
1048.0,346.0,25.0,31.0
1052.0,347.0,25.0,31.0
1056.0,348.0,25.0,31.0
1058.0,348.0,25.0,31.0
1060.0,349.0,26.0,31.0
1064.0,350.0,26.0,31.0
1067.0,350.0,26.0,31.0
1071.0,352.0,26.0,31.0
1073.0,352.0,26.0,31.0
1077.0,352.0,26.0,31.0
1081.0,354.0,26.0,31.0
1085.0,356.0,26.0,31.0
1088.0,356.0,26.0,31.0
1089.0,356.0,26.0,31.0
1093.0,358.0,26.0,32.0
1096.0,358.0,26.0,32.0
1100.0,360.0,26.0,31.0
1104.0,362.0,26.0,31.0
1104.0,362.0,26.0,31.0
123.0,43.0,1.0,3.0
123.0,44.0,1.0,3.0
123.0,44.0,1.0,3.0
124.0,44.0,1.0,4.0
1121.0,366.0,26.0,32.0
124.0,44.0,1.0,4.0
1122.0,366.0,26.0,32.0
1126.0,366.0,26.0,32.0
1130.0,368.0,26.0,32.0
1130.0,368.0,26.0,32.0
1134.0,370.0,26.0,32.0
1138.0,370.0,26.0,32.0
1142.0,372.0,26.0,32.0
1146.0,374.0,26.0,32.0
1148.0,374.0,26.0,32.0
1151.0,374.0,26.0,32.0
1155.0,375.0,26.0,32.0
1159.0,377.0,26.0,32.0
1163.0,377.0,26.0,32.0
1163.0,378.0,26.0,32.0
1167.0,379.0,26.0,32.0
1171.0,381.0,26.0,32.0
1174.0,381.0,26.0,32.0
1178.0,383.0,26.0,32.0
1180.0,383.0,26.0,32.0
1184.0,385.0,26.0,32.0
1186.0,385.0,26.0,32.0
1190.0,387.0,26.0,32.0
1195.0,389.0,26.0,32.0
1196.0,389.0,26.0,32.0
1199.0,391.0,26.0,32.0
1203.0,391.0,26.0,32.0
1207.0,393.0,26.0,32.0
1211.0,395.0,26.0,32.0
1213.0,395.0,26.0,32.0
1215.0,397.0,26.0,32.0
134.0,47.0,1.0,4.0
134.0,47.0,1.0,4.0
134.0,47.0,1.0,4.0
135.0,47.0,1.0,4.0
135.0,47.0,1.0,4.0
1224.0,399.0,26.0,32.0
1228.0,401.0,26.0,32.0
1231.0,401.0,26.0,32.0
1232.0,401.0,26.0,32.0
1235.0,403.0,26.0,32.0
1239.0,405.0,26.0,32.0
1243.0,407.0,26.0,32.0
1247.0,407.0,26.0,32.0
1247.0,407.0,26.0,32.0
1251.0,409.0,26.0,32.0
1255.0,411.0,26.0,32.0
138.0,49.0,1.0,4.0
139.0,49.0,1.0,4.0
139.0,49.0,2.0,4.0
139.0,49.0,2.0,4.0
139.0,49.0,1.0,4.0
1260.0,413.0,26.0,32.0
1258.0,413.0,26.0,32.0
1259.0,413.0,26.0,32.0
1259.0,415.0,26.0,32.0
1259.0,417.0,26.0,32.0
1261.0,419.0,26.0,32.0
1259.0,419.0,26.0,32.0
1258.0,419.0,26.0,32.0
1258.0,421.0,26.0,32.0
1260.0,423.0,26.0,31.0
1260.0,423.0,26.0,30.0
1261.0,425.0,26.0,30.0
1261.0,425.0,26.0,30.0
1263.0,427.0,26.0,30.0
143.0,51.0,2.0,2.0
143.0,51.0,2.0,2.0
144.0,51.0,2.0,2.0
1264.0,431.0,26.0,30.0
144.0,51.0,2.0,2.0
144.0,51.0,1.0,2.0
1264.0,431.0,26.0,30.0
1268.0,431.0,26.0,30.0
1270.0,431.0,26.0,30.0
145.0,52.0,2.0,2.0
145.0,52.0,2.0,2.0
1267.0,435.0,26.0,30.0
1265.0,439.0,26.0,30.0
1266.0,439.0,26.0,30.0
1269.0,441.0,26.0,30.0
1262.0,441.0,26.0,30.0
1264.0,441.0,26.0,30.0
1266.0,443.0,26.0,30.0
1266.0,443.0,26.0,30.0
1260.0,445.0,26.0,30.0
1261.0,447.0,26.0,30.0
1265.0,449.0,26.0,30.0
1267.0,449.0,26.0,30.0
1267.0,449.0,26.0,30.0
1269.0,451.0,26.0,31.0
148.0,54.0,2.0,3.0
1262.0,450.0,26.0,32.0
1264.0,452.0,26.0,32.0
1264.0,452.0,26.0,32.0
1266.0,452.0,26.0,31.0
1266.0,452.0,26.0,32.0
1267.0,452.0,27.0,32.0
1267.0,453.0,27.0,32.0
1267.0,453.0,27.0,32.0
1267.0,453.0,27.0,32.0
1267.0,455.0,27.0,32.0
1267.0,455.0,27.0,32.0
1269.0,457.0,27.0,32.0
1269.0,457.0,27.0,32.0
1269.0,457.0,27.0,33.0
1269.0,459.0,27.0,33.0
1270.0,459.0,27.0,33.0
1270.0,461.0,27.0,33.0
150.0,57.0,2.0,5.0
150.0,57.0,2.0,5.0
150.0,58.0,2.0,6.0
150.0,58.0,2.0,6.0
150.0,58.0,2.0,6.0
150.0,58.0,2.0,6.0
150.0,59.0,2.0,6.0
150.0,59.0,2.0,6.0
150.0,59.0,2.0,6.0
151.0,59.0,2.0,6.0
151.0,59.0,2.0,6.0
151.0,59.0,2.0,6.0
151.0,59.0,2.0,6.0
151.0,60.0,2.0,6.0
151.0,60.0,2.0,7.0
151.0,60.0,2.0,7.0
151.0,60.0,2.0,7.0
151.0,60.0,2.0,7.0
151.0,61.0,2.0,7.0
151.0,61.0,3.0,7.0
151.0,61.0,3.0,7.0
151.0,61.0,2.0,7.0
151.0,62.0,2.0,7.0
151.0,62.0,3.0,7.0
151.0,62.0,3.0,7.0
151.0,62.0,3.0,7.0
151.0,62.0,3.0,7.0
151.0,63.0,3.0,7.0
151.0,63.0,2.0,7.0
151.0,63.0,3.0,7.0
151.0,63.0,3.0,7.0
151.0,63.0,3.0,7.0
151.0,64.0,3.0,7.0
151.0,64.0,3.0,7.0
151.0,64.0,3.0,7.0
151.0,64.0,3.0,7.0
151.0,64.0,3.0,8.0
151.0,65.0,3.0,8.0
151.0,65.0,3.0,8.0
151.0,65.0,3.0,8.0
151.0,65.0,3.0,8.0
151.0,65.0,3.0,8.0
150.0,66.0,3.0,8.0
150.0,66.0,3.0,8.0
150.0,66.0,3.0,8.0
150.0,66.0,3.0,7.0
150.0,66.0,3.0,7.0
150.0,67.0,3.0,8.0
150.0,67.0,3.0,8.0
149.0,67.0,3.0,8.0
149.0,67.0,3.0,8.0
149.0,67.0,3.0,8.0
149.0,67.0,3.0,8.0
149.0,68.0,3.0,8.0
148.0,68.0,3.0,8.0
148.0,68.0,3.0,8.0
148.0,68.0,3.0,8.0
148.0,68.0,3.0,8.0
147.0,69.0,3.0,8.0
147.0,69.0,3.0,8.0
147.0,69.0,3.0,8.0
147.0,69.0,3.0,8.0
