469.0,549.0,67.0,101.0
469.0,549.0,67.0,101.0
477.0,540.0,67.0,101.0
480.0,534.0,67.0,101.0
488.0,518.0,67.0,101.0
495.0,508.0,71.0,98.0
497.0,504.0,71.0,98.0
496.0,505.0,71.0,98.0
503.0,495.0,73.0,96.0
511.0,477.0,75.0,96.0
514.0,475.0,74.0,96.0
522.0,466.0,74.0,96.0
530.0,446.0,74.0,97.0
533.0,445.0,74.0,99.0
533.0,444.0,73.0,98.0
541.0,433.0,73.0,101.0
136.0,106.0,19.0,18.0
136.0,106.0,19.0,18.0
140.0,102.0,17.0,18.0
139.0,102.0,17.0,18.0
142.0,100.0,16.0,17.0
142.0,100.0,16.0,17.0
144.0,97.0,16.0,16.0
146.0,95.0,14.0,16.0
147.0,96.0,15.0,16.0
146.0,96.0,15.0,17.0
148.0,92.0,15.0,17.0
152.0,90.0,13.0,17.0
151.0,90.0,14.0,18.0
154.0,88.0,13.0,17.0
157.0,86.0,13.0,17.0
157.0,86.0,13.0,17.0
157.0,86.0,13.0,17.0
159.0,85.0,14.0,15.0
162.0,82.0,13.0,16.0
161.0,82.0,14.0,16.0
162.0,81.0,14.0,15.0
162.0,80.0,14.0,15.0
163.0,79.0,15.0,14.0
163.0,78.0,15.0,14.0
166.0,79.0,13.0,11.0
166.0,79.0,13.0,11.0
166.0,80.0,12.0,11.0
166.0,80.0,12.0,10.0
166.0,77.0,12.0,14.0
167.0,77.0,12.0,13.0
167.0,77.0,12.0,14.0
167.0,77.0,13.0,13.0
167.0,77.0,12.0,13.0
166.0,77.0,14.0,13.0
167.0,78.0,13.0,12.0
167.0,78.0,13.0,12.0
167.0,78.0,13.0,12.0
167.0,78.0,13.0,12.0
170.0,79.0,15.0,12.0
170.0,80.0,16.0,11.0
170.0,80.0,16.0,11.0
170.0,81.0,15.0,10.0
172.0,81.0,15.0,13.0
171.0,81.0,16.0,13.0
173.0,82.0,15.0,14.0
173.0,82.0,15.0,13.0
173.0,82.0,15.0,14.0
173.0,82.0,13.0,16.0
174.0,83.0,13.0,16.0
174.0,85.0,12.0,16.0
173.0,85.0,12.0,16.0
173.0,85.0,12.0,16.0
173.0,85.0,12.0,16.0
175.0,86.0,10.0,17.0
175.0,86.0,10.0,17.0
174.0,85.0,11.0,18.0
175.0,89.0,12.0,15.0
176.0,86.0,11.0,18.0
176.0,87.0,12.0,18.0
175.0,90.0,14.0,15.0
176.0,90.0,14.0,16.0
174.0,90.0,14.0,16.0
178.0,91.0,13.0,15.0
177.0,92.0,13.0,15.0
178.0,94.0,14.0,16.0
178.0,94.0,14.0,16.0
179.0,96.0,13.0,15.0
179.0,99.0,13.0,15.0
179.0,99.0,13.0,15.0
180.0,99.0,11.0,13.0
180.0,101.0,11.0,13.0
180.0,102.0,11.0,13.0
180.0,102.0,11.0,13.0
180.0,105.0,11.0,13.0
180.0,106.0,9.0,17.0
180.0,106.0,9.0,17.0
180.0,106.0,9.0,17.0
180.0,107.0,9.0,17.0
180.0,109.0,9.0,17.0
181.0,110.0,7.0,16.0
181.0,111.0,7.0,16.0
181.0,111.0,7.0,15.0
181.0,111.0,7.0,15.0
181.0,112.0,7.0,12.0
