665.0,457.0,32.0,43.0
667.0,457.0,32.0,43.0
667.0,457.0,32.0,43.0
671.0,456.0,32.0,43.0
170.0,115.0,5.0,9.0
170.0,115.0,6.0,8.0
170.0,115.0,6.0,8.0
171.0,115.0,6.0,8.0
172.0,116.0,6.0,8.0
174.0,115.0,5.0,7.0
175.0,115.0,5.0,8.0
176.0,115.0,5.0,8.0
176.0,115.0,4.0,8.0
177.0,115.0,5.0,8.0
178.0,115.0,4.0,8.0
177.0,116.0,6.0,8.0
177.0,116.0,6.0,8.0
178.0,116.0,6.0,8.0
179.0,116.0,6.0,8.0
179.0,116.0,6.0,8.0
181.0,117.0,4.0,7.0
181.0,117.0,4.0,7.0
182.0,116.0,4.0,7.0
183.0,117.0,4.0,7.0
184.0,117.0,4.0,7.0
184.0,116.0,5.0,8.0
184.0,116.0,5.0,8.0
184.0,116.0,5.0,8.0
184.0,116.0,5.0,8.0
187.0,117.0,5.0,7.0
188.0,118.0,5.0,7.0
188.0,118.0,5.0,7.0
188.0,118.0,5.0,7.0
189.0,117.0,5.0,7.0
190.0,118.0,5.0,7.0
191.0,117.0,5.0,8.0
191.0,116.0,5.0,8.0
192.0,116.0,5.0,8.0
193.0,116.0,5.0,8.0
193.0,116.0,5.0,8.0
194.0,117.0,6.0,8.0
194.0,117.0,6.0,8.0
195.0,117.0,6.0,8.0
195.0,117.0,6.0,8.0
196.0,117.0,6.0,8.0
198.0,117.0,4.0,9.0
198.0,117.0,4.0,8.0
199.0,117.0,3.0,8.0
200.0,117.0,4.0,8.0
200.0,116.0,4.0,9.0
200.0,117.0,6.0,7.0
200.0,116.0,6.0,7.0
200.0,116.0,6.0,7.0
201.0,117.0,5.0,7.0
201.0,117.0,5.0,7.0
202.0,117.0,5.0,7.0
202.0,116.0,5.0,7.0
202.0,116.0,5.0,7.0
202.0,116.0,5.0,7.0
202.0,116.0,5.0,7.0
204.0,116.0,4.0,7.0
204.0,115.0,4.0,7.0
204.0,115.0,4.0,7.0
204.0,115.0,4.0,7.0
204.0,115.0,4.0,7.0
204.0,114.0,4.0,8.0
203.0,113.0,4.0,8.0
203.0,113.0,4.0,8.0
203.0,113.0,4.0,8.0
203.0,113.0,4.0,8.0
203.0,114.0,5.0,7.0
203.0,114.0,5.0,7.0
203.0,113.0,5.0,7.0
203.0,113.0,5.0,7.0
203.0,113.0,5.0,7.0
204.0,113.0,4.0,8.0
203.0,112.0,4.0,7.0
203.0,112.0,3.0,7.0
202.0,113.0,3.0,7.0
203.0,112.0,4.0,5.0
203.0,112.0,4.0,6.0
202.0,112.0,4.0,6.0
203.0,112.0,4.0,6.0
203.0,111.0,4.0,6.0
204.0,111.0,4.0,6.0
203.0,111.0,3.0,6.0
203.0,110.0,3.0,6.0
203.0,110.0,3.0,6.0
203.0,110.0,3.0,6.0
203.0,109.0,3.0,6.0
203.0,110.0,4.0,7.0
202.0,109.0,4.0,7.0
202.0,109.0,4.0,7.0
202.0,109.0,4.0,7.0
202.0,108.0,4.0,7.0
203.0,109.0,4.0,7.0
203.0,108.0,4.0,7.0
203.0,108.0,4.0,7.0
203.0,107.0,4.0,7.0
203.0,107.0,4.0,7.0
203.0,107.0,5.0,8.0
203.0,107.0,5.0,8.0
203.0,107.0,5.0,8.0
203.0,106.0,5.0,8.0
203.0,106.0,5.0,8.0
204.0,106.0,4.0,6.0
203.0,106.0,4.0,6.0
203.0,106.0,4.0,6.0
203.0,105.0,4.0,6.0
203.0,105.0,4.0,6.0
203.0,104.0,4.0,8.0
203.0,104.0,4.0,8.0
203.0,104.0,4.0,8.0
203.0,104.0,4.0,8.0
202.0,103.0,4.0,8.0
203.0,103.0,4.0,7.0
203.0,102.0,4.0,7.0
203.0,102.0,4.0,7.0
203.0,102.0,4.0,7.0
203.0,102.0,4.0,7.0
203.0,102.0,4.0,8.0
203.0,102.0,4.0,8.0
203.0,102.0,4.0,8.0
203.0,102.0,4.0,8.0
203.0,102.0,4.0,8.0
202.0,102.0,4.0,7.0
202.0,101.0,4.0,7.0
202.0,101.0,4.0,7.0
201.0,101.0,4.0,7.0
202.0,101.0,4.0,7.0
202.0,101.0,3.0,7.0
202.0,101.0,3.0,7.0
202.0,101.0,3.0,7.0
202.0,101.0,3.0,7.0
202.0,101.0,3.0,7.0
202.0,100.0,3.0,8.0
202.0,100.0,3.0,8.0
202.0,100.0,3.0,8.0
201.0,100.0,3.0,8.0
201.0,99.0,3.0,8.0
202.0,99.0,4.0,7.0
201.0,99.0,4.0,7.0
201.0,98.0,4.0,7.0
201.0,99.0,3.0,7.0
201.0,98.0,3.0,7.0
201.0,98.0,4.0,7.0
201.0,97.0,4.0,7.0
201.0,97.0,4.0,7.0
201.0,97.0,4.0,7.0
201.0,97.0,4.0,7.0
202.0,97.0,3.0,8.0
202.0,97.0,3.0,8.0
202.0,96.0,3.0,8.0
202.0,96.0,3.0,8.0
202.0,96.0,3.0,8.0
202.0,97.0,3.0,7.0
201.0,96.0,3.0,7.0
201.0,96.0,3.0,7.0
201.0,96.0,3.0,7.0
202.0,96.0,3.0,7.0
202.0,96.0,3.0,7.0
202.0,96.0,3.0,7.0
202.0,96.0,3.0,7.0
202.0,95.0,3.0,7.0
202.0,95.0,3.0,7.0
202.0,95.0,4.0,7.0
202.0,94.0,4.0,7.0
202.0,94.0,4.0,7.0
202.0,94.0,4.0,7.0
202.0,94.0,3.0,7.0
203.0,94.0,3.0,7.0
203.0,94.0,3.0,7.0
203.0,94.0,3.0,7.0
203.0,94.0,3.0,6.0
203.0,94.0,3.0,7.0
204.0,94.0,3.0,7.0
203.0,93.0,3.0,7.0
203.0,93.0,3.0,7.0
203.0,93.0,3.0,7.0
203.0,93.0,3.0,7.0
204.0,92.0,3.0,7.0
203.0,92.0,3.0,7.0
203.0,92.0,3.0,7.0
203.0,91.0,3.0,7.0
203.0,91.0,3.0,7.0
204.0,92.0,3.0,7.0
204.0,91.0,3.0,7.0
204.0,91.0,3.0,7.0
204.0,91.0,3.0,7.0
204.0,91.0,3.0,7.0
204.0,91.0,3.0,7.0
204.0,90.0,3.0,6.0
203.0,90.0,3.0,7.0
203.0,90.0,3.0,7.0
203.0,90.0,3.0,7.0
203.0,90.0,3.0,7.0
203.0,89.0,3.0,7.0
203.0,89.0,3.0,7.0
203.0,89.0,3.0,7.0
203.0,89.0,3.0,7.0
204.0,89.0,3.0,6.0
203.0,89.0,3.0,6.0
203.0,89.0,3.0,6.0
203.0,89.0,3.0,6.0
203.0,89.0,3.0,6.0
203.0,89.0,3.0,6.0
203.0,89.0,3.0,6.0
203.0,89.0,3.0,6.0
203.0,89.0,3.0,6.0
203.0,89.0,3.0,6.0
203.0,88.0,3.0,7.0
203.0,88.0,3.0,7.0
203.0,88.0,3.0,7.0
203.0,88.0,3.0,7.0
203.0,88.0,3.0,7.0
204.0,88.0,3.0,7.0
203.0,87.0,3.0,6.0
203.0,87.0,3.0,6.0
203.0,87.0,3.0,6.0
203.0,87.0,3.0,6.0
204.0,88.0,2.0,7.0
204.0,88.0,2.0,7.0
204.0,87.0,2.0,7.0
204.0,87.0,2.0,7.0
204.0,87.0,2.0,7.0
204.0,87.0,3.0,7.0
204.0,87.0,3.0,6.0
204.0,87.0,3.0,6.0
204.0,87.0,3.0,6.0
204.0,86.0,3.0,6.0
205.0,87.0,3.0,6.0
204.0,87.0,3.0,6.0
205.0,87.0,3.0,6.0
