459,287,61,108
461,285,62,110
462,284,62,110
464,283,62,110
466,282,62,110
468,282,61,108
469,279,62,110
470,277,64,113
472,276,63,111
474,275,63,111
476,274,63,111
478,273,62,109
480,273,62,109
481,271,63,111
484,270,62,109
485,269,62,109
487,269,62,109
488,268,62,109
489,266,62,111
490,265,62,110
490,263,62,111
493,263,59,107
497,264,57,102
498,265,55,99
499,263,54,99
500,262,54,99
501,260,55,101
502,260,54,99
503,258,55,100
505,257,55,100
504,255,56,102
507,256,54,101
506,253,57,103
507,251,57,105
508,251,57,105
509,250,56,103
510,249,57,105
511,248,57,105
513,249,56,102
514,248,56,103
515,248,56,101
516,247,56,101
517,247,56,101
518,246,56,101
519,245,56,101
520,243,57,103
521,242,57,102
522,241,57,102
523,241,57,102
523,240,57,102
526,240,57,101
527,239,57,101
528,239,57,100
529,238,57,100
530,238,57,100
531,237,57,100
532,237,57,100
534,236,57,100
535,236,57,100
536,236,57,100
537,235,56,98
538,236,56,98
539,235,55,98
540,234,54,97
541,234,54,97
543,234,54,97
543,234,54,97
543,234,54,97
545,232,53,97
545,232,54,98
546,232,54,98
547,231,53,98
548,231,52,97
549,231,52,97
549,230,52,96
550,230,52,96
551,230,52,96
551,230,52,95
552,230,52,96
552,229,52,96
552,228,53,98
552,228,53,98
553,228,52,96
554,230,52,95
554,228,53,96
554,228,53,96
555,228,53,96
555,228,53,96
555,228,53,96
556,228,53,96
556,228,53,96
557,230,52,95
558,228,53,96
557,228,53,96
558,230,52,95
559,229,52,95
558,228,53,96
558,228,53,96
559,228,53,96
559,228,53,96
559,228,53,96
560,230,52,95
560,230,52,95
562,231,52,95
562,231,52,95
562,231,52,95
563,231,52,95
564,232,52,95
564,231,52,95
564,231,52,95
563,232,52,95
562,232,52,95
562,232,52,95
561,233,52,95
560,234,53,96
560,233,53,96
557,234,53,96
558,234,53,96
559,235,53,96
558,235,54,98
558,235,55,99
559,236,56,101
559,236,57,102
560,236,57,104
559,235,59,106
561,235,59,106
560,234,59,106
562,235,57,104
564,235,57,102
563,235,57,102
565,236,56,101
566,237,55,99
567,238,55,99
568,238,55,99
568,239,56,101
568,239,56,101
568,239,56,101
568,239,57,103
569,239,57,103
570,240,56,103
570,239,57,104
570,240,57,104
571,241,57,104
573,242,56,103
573,242,56,103
573,243,56,103
574,242,56,103
575,244,56,103
575,245,56,103
576,245,56,103
576,245,56,103
577,245,56,104
578,246,56,103
578,247,56,104
579,249,56,102
580,248,56,104
581,249,56,102
581,250,56,102
582,250,56,102
582,251,56,102
583,250,56,102
583,251,56,102
584,252,56,102
585,252,56,102
585,253,56,102
585,252,56,104
586,251,56,104
586,252,56,104
588,253,56,104
589,252,56,104
588,253,56,104
589,253,56,104
589,254,56,104
589,253,56,104
589,254,56,104
589,254,56,104
589,254,56,104
589,254,56,104
589,255,56,104
589,254,56,104
589,255,56,104
589,255,56,104
589,255,56,104
589,255,56,104
589,255,56,104
589,255,56,104
589,254,56,104
590,254,56,104
590,254,56,104
590,254,56,104
590,254,56,104
591,254,56,104
590,255,56,104
591,255,56,104
590,255,56,104
591,255,56,104
591,255,56,104
593,255,56,104
592,255,56,104
592,254,56,104
592,255,56,104
592,255,56,104
592,255,56,104
592,254,56,104
593,254,56,104
593,254,56,104
594,254,56,104
594,253,56,104
594,253,56,104
594,253,56,104
594,253,56,104
595,253,56,104
595,252,56,104
595,252,56,104
595,252,57,105
596,252,56,104
596,252,56,104
596,252,56,104
596,252,56,104
596,252,56,104
596,252,56,104
597,252,56,104
597,252,56,104
597,252,56,104
597,252,56,104
597,252,56,104
597,251,56,104
598,251,56,104
598,251,56,104
598,250,56,104
599,251,56,104
600,249,56,104
599,249,57,105
601,251,56,104
601,250,56,104
601,250,56,104
601,250,56,104
602,249,56,104
601,249,56,104
601,249,57,104
601,249,57,103
603,248,56,104
602,248,56,104
603,247,56,103
603,247,56,103
603,247,57,104
603,247,57,104
605,247,56,102
604,246,57,103
604,246,56,104
605,246,56,102
606,246,56,102
605,246,56,102
605,246,56,102
606,246,55,100
605,246,56,102
605,245,56,102
605,245,56,102
604,244,56,101
604,244,56,101
604,244,55,99
605,244,55,101
604,243,55,101
604,243,55,101
603,243,55,101
603,243,55,101
602,243,56,101
602,243,55,101
602,242,56,101
602,243,55,100
602,242,55,100
602,243,55,100
600,243,55,102
601,243,55,100
600,243,55,100
600,244,53,99
601,245,53,98
599,245,52,96
599,245,53,98
599,244,52,96
599,244,52,96
599,243,53,98
598,242,53,98
598,240,54,99
597,241,54,99
597,240,54,99
597,240,54,99
596,239,55,100
596,239,55,100
595,238,55,100
595,238,55,100
595,238,55,100
595,239,55,100
593,241,54,99
594,242,53,97
594,244,52,94
594,245,50,93
594,245,50,93
594,244,52,94
593,244,52,94
594,241,52,96
592,241,53,97
592,241,53,97
592,242,53,95
591,242,54,97
590,241,54,97
590,240,55,98
589,240,55,98
589,240,55,98
589,241,55,98
589,241,55,98
588,241,56,100
589,241,55,98
588,242,54,98
587,241,55,98
586,242,56,100
587,244,54,98
585,242,56,100
585,243,56,100
585,244,54,98
584,244,54,98
585,245,54,98
583,247,53,97
582,248,54,98
581,248,54,98
581,249,54,98
578,252,54,98
578,252,54,98
577,253,54,98
577,253,54,99
577,253,54,99
577,253,54,99
578,252,53,98
577,253,53,98
577,252,54,100
577,252,54,100
576,252,56,101
577,252,56,101
575,253,56,101
574,252,56,103
573,252,56,103
572,253,56,103
572,254,56,103
569,256,56,103
570,256,56,103
569,256,56,103
569,258,56,103
568,259,56,103
567,260,57,103
566,261,57,103
566,262,57,103
565,264,56,101
564,265,57,103
563,267,57,103
560,268,57,103
561,269,56,101
561,270,57,101
560,269,56,102
559,271,55,101
559,271,55,101
560,271,55,101
559,272,55,101
559,272,55,101
560,271,56,103
561,272,56,103
562,272,56,102
562,272,56,102
562,273,56,102
563,274,56,102
563,273,57,104
565,273,57,104
570,274,57,104
574,275,57,104
578,275,57,104
582,277,57,104
588,277,58,104
593,276,58,106
598,277,58,105
603,278,58,104
607,279,58,104
614,279,58,104
616,281,58,104
622,281,58,104
623,281,59,105
625,281,59,105
626,282,59,105
627,281,59,106
628,282,59,106
627,283,59,106
628,283,59,106
628,284,59,104
625,285,58,105
623,286,58,105
618,286,58,105
613,286,58,105
608,286,59,107
603,286,59,107
599,285,59,107
592,286,60,109
587,287,59,108
580,285,59,108
574,286,59,108
569,286,59,108
563,286,58,106
557,286,58,106
550,285,58,106
543,284,58,108
536,284,58,108
531,284,58,108
523,283,58,108
517,280,59,110
509,281,59,110
502,282,59,110
495,281,60,110
490,280,60,110
483,279,60,110
476,278,60,110
471,277,61,110
468,276,61,110
464,276,62,110
461,276,63,110
461,274,63,110
459,274,63,110
459,273,62,110
459,272,62,110
459,271,62,110
461,269,62,110
461,268,62,110
462,267,62,110
461,266,63,112
461,265,64,114
461,262,65,116
462,262,65,116
460,260,65,118
460,257,67,119
458,256,66,119
458,255,65,118
453,255,65,118
451,253,65,119
447,254,65,117
440,253,66,119
430,252,66,119
420,253,65,118
412,253,65,118
403,252,65,118
391,253,65,118
379,252,65,118
373,251,65,118
361,253,66,117
352,252,66,117
333,254,66,117
334,253,66,117
329,251,66,117
321,251,66,117
315,251,66,117
308,250,66,117
303,250,66,117
299,249,66,117
293,249,66,116
285,249,66,116
284,248,66,116
280,246,66,116
280,247,64,114
281,244,63,113
282,243,64,114
287,242,64,114
292,240,63,113
296,240,63,113
301,238,63,113
306,238,62,111
310,235,63,113
315,234,63,112
321,234,62,110
327,232,61,110
332,231,61,109
338,229,61,109
344,228,61,109
349,226,61,109
355,224,62,111
360,222,62,110
366,221,60,108
372,220,60,108
378,218,60,108
384,218,60,106
389,216,60,106
396,214,60,106
402,214,58,103
407,213,59,105
411,211,58,103
417,210,58,103
423,209,59,104
428,210,56,101
432,209,56,100
437,207,56,101
442,208,55,100
445,206,55,99
451,206,55,99
451,205,54,98
461,204,54,98
464,203,54,98
468,202,53,98
470,201,54,99
474,200,52,96
478,199,53,97
481,197,54,99
482,196,54,99
489,196,53,97
491,195,53,97
496,194,52,96
500,194,53,97
503,193,52,95
507,192,53,97
510,191,53,97
515,191,52,95
518,190,53,97
522,189,52,97
526,189,52,95
529,188,52,96
536,187,52,95
539,186,52,95
540,185,52,95
545,186,52,95
544,183,51,95
550,183,52,96
551,181,52,96
551,182,51,94
554,181,52,96
553,181,51,94
554,180,51,94
553,180,51,94
551,179,49,92
548,179,51,94
548,177,49,92
544,179,49,91
538,178,49,92
533,177,49,92
526,176,49,92
522,176,49,92
516,175,49,92
510,175,49,92
502,175,49,92
495,175,49,92
495,174,49,92
486,175,50,92
481,174,50,92
476,175,50,92
473,174,49,90
469,176,48,89
463,175,48,89
460,175,48,89
457,175,49,90
453,174,49,90
452,174,49,90
451,174,49,90
451,174,49,90
451,173,49,90
451,173,49,90
452,174,48,88
447,173,48,88
451,173,48,88
451,173,48,88
452,173,48,88
452,173,48,88
452,172,48,88
453,172,48,88
452,172,49,89
453,172,48,88
453,173,48,88
452,172,48,88
453,172,47,86
454,171,48,88
453,172,47,86
454,172,47,86
453,172,46,85
450,172,46,83
452,171,47,85
448,171,47,85
446,169,47,85
446,171,46,83
444,171,46,83
442,171,45,82
441,170,46,83
437,169,47,85
436,170,46,83
435,170,45,83
434,170,45,83
429,171,45,83
428,171,46,83
425,170,46,83
423,170,45,83
422,169,46,84
418,170,45,83
416,170,45,81
414,170,45,81
411,171,45,81
408,170,45,81
406,170,45,81
403,170,45,81
400,170,45,81
399,172,45,81
394,172,45,80
391,172,45,82
388,171,45,83
386,170,45,82
383,173,44,82
381,174,43,80
376,171,44,82
372,174,43,80
369,172,44,82
365,172,45,82
361,172,45,82
358,172,45,81
354,172,45,81
350,174,45,81
348,175,45,81
342,175,45,81
341,174,44,80
339,174,43,80
336,177,42,79
332,175,42,79
328,177,42,79
324,177,42,79
321,177,42,79
317,178,42,78
313,178,42,78
308,178,42,78
304,179,42,78
299,179,43,78
298,180,43,78
283,180,43,78
277,180,44,78
272,181,44,79
263,182,44,79
255,182,44,79
250,182,44,79
241,182,44,79
233,182,44,79
226,183,44,78
217,184,44,79
