658, 28, 63, 153
658, 28, 63, 153
658, 26, 64, 156
658, 27, 63, 153
657, 25, 66, 159
657, 24, 66, 159
658, 24, 66, 159
658, 22, 67, 162
659, 25, 64, 156
659, 22, 67, 162
660, 23, 66, 159
661, 23, 66, 159
661, 22, 67, 162
661, 20, 68, 166
662, 22, 67, 162
663, 21, 68, 166
663, 20, 68, 166
665, 22, 67, 162
665, 20, 68, 166
666, 22, 67, 162
668, 24, 66, 159
668, 23, 67, 162
669, 23, 67, 162
671, 25, 66, 159
671, 25, 66, 159
672, 24, 67, 162
673, 25, 66, 159
673, 24, 67, 162
674, 24, 67, 162
674, 24, 67, 162
676, 25, 66, 159
677, 27, 64, 156
677, 26, 66, 159
678, 26, 66, 159
680, 28, 64, 156
680, 29, 63, 153
680, 29, 63, 153
680, 31, 62, 150
680, 29, 64, 156
679, 30, 64, 156
679, 30, 64, 156
680, 32, 63, 153
681, 34, 62, 150
682, 33, 63, 153
683, 34, 63, 153
684, 35, 63, 153
685, 35, 63, 153
686, 36, 63, 153
687, 36, 63, 153
687, 35, 64, 156
688, 35, 66, 159
689, 37, 64, 156
691, 38, 64, 156
691, 37, 66, 159
691, 38, 66, 159
691, 39, 66, 159
691, 38, 67, 162
691, 40, 66, 159
691, 41, 66, 159
690, 42, 66, 159
690, 42, 67, 162
688, 41, 68, 166
688, 43, 67, 162
687, 44, 67, 162
687, 47, 66, 159
685, 47, 67, 162
686, 51, 64, 156
684, 51, 66, 159
682, 52, 66, 159
681, 55, 64, 156
679, 55, 64, 156
677, 56, 64, 156
675, 58, 63, 153
673, 60, 63, 153
670, 60, 63, 153
668, 63, 62, 150
665, 63, 63, 153
663, 64, 63, 153
661, 66, 62, 150
659, 67, 62, 150
656, 68, 62, 150
654, 69, 62, 150
653, 72, 61, 147
650, 73, 61, 147
649, 75, 61, 147
646, 75, 62, 150
645, 77, 62, 150
644, 78, 62, 150
643, 81, 61, 147
642, 82, 61, 147
641, 84, 61, 147
640, 84, 62, 150
641, 87, 61, 147
641, 88, 61, 147
640, 88, 62, 150
642, 90, 62, 150
643, 90, 63, 153
644, 90, 64, 156
647, 91, 64, 156
650, 93, 64, 156
653, 94, 64, 156
658, 98, 62, 150
661, 99, 63, 153
665, 101, 62, 150
672, 104, 61, 147
677, 106, 61, 147
681, 108, 61, 147
687, 110, 61, 147
0.0, 0.0, 0.0, 0.0
693, 128, 58, 122
699, 129, 59, 124
704, 133, 57, 119
709, 134, 59, 124
717, 138, 56, 117
721, 141, 56, 117
726, 142, 57, 119
729, 144, 57, 119
732, 144, 58, 122
734, 147, 58, 122
736, 149, 58, 122
738, 150, 58, 122
739, 150, 59, 124
739, 154, 57, 119
739, 155, 58, 122
739, 158, 57, 119
737, 159, 56, 117
735, 161, 55, 115
733, 163, 53, 112
731, 164, 53, 112
726, 167, 53, 112
722, 167, 55, 115
718, 168, 55, 115
714, 169, 56, 117
711, 170, 56, 117
706, 172, 56, 117
705, 173, 56, 117
700, 175, 56, 117
697, 176, 56, 117
694, 178, 55, 115
691, 179, 55, 115
687, 182, 55, 115
684, 182, 55, 115
680, 183, 56, 117
676, 183, 56, 117
673, 184, 57, 119
671, 186, 56, 117
667, 187, 56, 117
665, 189, 56, 117
663, 190, 56, 117
662, 192, 55, 115
661, 193, 55, 115
661, 195, 55, 115
661, 197, 55, 115
661, 199, 55, 115
663, 200, 55, 115
664, 202, 55, 115
664, 204, 55, 115
666, 206, 55, 115
667, 207, 56, 117
669, 208, 56, 117
670, 210, 56, 117
672, 212, 55, 115
674, 215, 53, 112
676, 216, 55, 115
675, 216, 56, 117
677, 218, 55, 115
679, 220, 55, 115
681, 221, 55, 115
682, 222, 55, 115
684, 224, 53, 112
685, 226, 53, 112
687, 227, 53, 112
688, 228, 53, 112
690, 229, 53, 112
691, 231, 52, 110
692, 233, 52, 110
692, 233, 53, 112
693, 236, 51, 108
692, 236, 52, 110
692, 237, 52, 110
691, 238, 52, 110
692, 240, 51, 108
690, 240, 52, 110
690, 241, 52, 110
689, 242, 52, 110
688, 244, 51, 108
687, 245, 51, 108
685, 245, 52, 110
683, 244, 53, 112
682, 244, 53, 112
681, 246, 52, 110
680, 245, 53, 112
677, 245, 53, 112
675, 245, 55, 115
674, 246, 53, 112
672, 246, 55, 115
671, 247, 53, 112
670, 248, 53, 112
669, 248, 53, 112
668, 249, 53, 112
667, 250, 53, 112
665, 251, 53, 112
663, 250, 55, 115
661, 251, 53, 112
660, 251, 55, 115
659, 252, 53, 112
657, 252, 55, 115
656, 253, 53, 112
655, 254, 53, 112
654, 255, 53, 112
653, 254, 55, 115
652, 254, 53, 112
651, 254, 53, 112
0.0, 0.0, 0.0, 0.0
649, 249, 60, 134
648, 249, 60, 134
647, 248, 61, 136
647, 248, 61, 136
647, 248, 61, 136
646, 248, 61, 136
646, 248, 61, 136
646, 249, 61, 136
645, 248, 63, 139
645, 248, 63, 139
644, 249, 63, 139
645, 249, 61, 136
646, 250, 61, 136
644, 247, 64, 142
644, 249, 63, 139
644, 250, 61, 136
644, 249, 63, 139
644, 250, 61, 136
645, 250, 61, 136
645, 249, 61, 136
645, 250, 60, 134
645, 249, 60, 134
645, 249, 59, 131
644, 249, 59, 131
643, 248, 59, 131
643, 248, 59, 131
642, 249, 58, 128
642, 249, 58, 128
639, 247, 59, 131
637, 246, 60, 134
635, 244, 61, 136
633, 245, 61, 136
632, 245, 61, 136
629, 243, 63, 139
627, 244, 61, 136
626, 243, 61, 136
623, 242, 63, 139
622, 243, 61, 136
620, 242, 63, 139
618, 242, 61, 136
617, 241, 61, 136
614, 240, 63, 139
611, 239, 63, 139
611, 240, 60, 134
608, 237, 63, 139
606, 236, 61, 136
605, 236, 61, 136
602, 233, 64, 142
601, 234, 61, 136
599, 233, 63, 139
597, 233, 61, 136
596, 233, 61, 136
594, 231, 63, 139
593, 230, 63, 139
591, 229, 63, 139
590, 229, 63, 139
588, 229, 63, 139
587, 228, 63, 139
586, 228, 63, 139
585, 226, 64, 142
583, 226, 64, 142
581, 225, 65, 145
581, 226, 64, 142
580, 225, 64, 142
580, 226, 63, 139
579, 226, 63, 139
577, 225, 63, 139
576, 224, 63, 139
575, 224, 63, 139
574, 224, 63, 139
572, 223, 63, 139
570, 223, 63, 139
569, 223, 63, 139
567, 223, 63, 139
564, 222, 63, 139
562, 221, 64, 142
559, 222, 63, 139
559, 222, 63, 139
555, 222, 63, 139
554, 222, 63, 139
0.0, 0.0, 0.0, 0.0
559, 227, 57, 124
557, 225, 59, 129
555, 227, 58, 126
554, 228, 57, 124
553, 226, 58, 126
551, 226, 58, 126
551, 225, 58, 126
551, 225, 58, 126
549, 223, 59, 129
548, 222, 60, 132
549, 223, 58, 126
549, 223, 58, 126
549, 224, 57, 124
550, 224, 57, 124
551, 222, 58, 126
552, 223, 57, 124
554, 222, 57, 124
557, 222, 57, 124
559, 223, 56, 122
561, 223, 56, 122
564, 221, 58, 126
566, 221, 57, 124
569, 221, 58, 126
571, 223, 56, 122
575, 222, 57, 124
578, 223, 56, 122
581, 222, 57, 124
584, 221, 57, 124
588, 222, 56, 122
590, 221, 56, 122
594, 223, 54, 117
598, 222, 55, 119
599, 223, 53, 115
603, 223, 54, 117
605, 223, 53, 115
607, 223, 53, 115
608, 223, 53, 115
609, 223, 53, 115
611, 223, 53, 115
613, 224, 52, 112
613, 225, 52, 112
614, 225, 52, 112
615, 225, 52, 112
615, 225, 53, 115
616, 226, 52, 112
616, 226, 52, 112
616, 226, 53, 115
616, 226, 53, 115
617, 228, 52, 112
617, 227, 53, 115
617, 227, 53, 115
617, 227, 53, 115
618, 227, 53, 115
618, 227, 53, 115
619, 227, 53, 115
620, 228, 52, 112
621, 228, 52, 112
622, 229, 52, 112
623, 229, 52, 112
624, 229, 52, 112
625, 229, 52, 112
627, 230, 52, 112
628, 230, 52, 112
629, 231, 52, 112
631, 231, 52, 112
633, 232, 52, 112
636, 234, 51, 110
637, 233, 52, 112
639, 234, 52, 112
643, 235, 52, 112
645, 236, 51, 110
648, 237, 51, 110
649, 237, 51, 110
652, 239, 50, 108
653, 238, 51, 110
655, 240, 50, 108
657, 240, 50, 108
658, 241, 50, 108
0.0, 0.0, 0.0, 0.0
655, 238, 56, 113
655, 238, 57, 115
656, 239, 56, 113
655, 240, 56, 113
654, 239, 57, 115
654, 241, 56, 113
651, 240, 57, 115
649, 240, 58, 117
645, 240, 58, 117
644, 242, 57, 115
639, 243, 57, 115
635, 244, 57, 115
629, 244, 58, 117
625, 245, 58, 117
620, 246, 57, 115
614, 247, 57, 115
608, 247, 58, 117
602, 248, 58, 117
596, 249, 58, 117
591, 250, 57, 115
584, 251, 57, 115
577, 251, 58, 117
572, 254, 56, 113
565, 256, 56, 113
560, 258, 54, 108
553, 260, 54, 108
546, 261, 55, 111
540, 263, 54, 108
535, 266, 53, 106
529, 267, 54, 108
525, 267, 56, 113
525, 269, 55, 111
524, 270, 55, 111
525, 271, 55, 111
527, 273, 54, 108
530, 274, 54, 108
533, 276, 54, 108
537, 276, 55, 111
541, 277, 55, 111
547, 279, 54, 108
551, 279, 55, 111
555, 280, 55, 111
559, 281, 55, 111
564, 282, 55, 111
568, 283, 55, 111
573, 285, 55, 111
577, 288, 53, 106
579, 288, 54, 108
582, 290, 53, 106
586, 291, 53, 106
588, 292, 53, 106
589, 293, 54, 108
591, 295, 54, 108
593, 296, 55, 111
593, 297, 55, 111
594, 298, 55, 111
595, 300, 54, 108
596, 302, 53, 106
596, 303, 54, 108
596, 304, 54, 108
595, 305, 54, 108
594, 306, 54, 108
594, 308, 53, 106
592, 309, 53, 106
589, 310, 53, 106
588, 312, 53, 106
583, 311, 55, 111
583, 314, 53, 106
580, 314, 54, 108
577, 315, 54, 108
575, 316, 54, 108
574, 317, 54, 108
572, 318, 54, 108
571, 320, 54, 108
569, 320, 55, 111
569, 322, 54, 108
569, 324, 53, 106
569, 324, 53, 106
569, 325, 53, 106
570, 326, 53, 106
572, 329, 51, 102
574, 329, 52, 104
576, 331, 52, 104
579, 332, 52, 104
582, 333, 52, 104
586, 334, 51, 102
588, 335, 52, 104
593, 336, 51, 102
597, 339, 50, 100
600, 340, 50, 100
604, 341, 50, 100
606, 341, 51, 102
609, 342, 51, 102
612, 344, 50, 100
614, 345, 50, 100
616, 347, 50, 100
618, 348, 50, 100
619, 349, 50, 100
620, 351, 50, 100
621, 353, 50, 100
622, 354, 50, 100
623, 356, 49, 98
0.0, 0.0, 0.0, 0.0
620, 352, 73, 123
621, 354, 72, 121
621, 355, 72, 121
621, 358, 70, 118
621, 359, 70, 118
620, 360, 70, 118
621, 360, 70, 118
621, 362, 69, 116
620, 362, 70, 118
621, 364, 69, 116
619, 364, 70, 118
619, 364, 72, 121
619, 365, 72, 121
619, 367, 70, 118
618, 368, 70, 118
618, 370, 69, 116
618, 371, 69, 116
616, 371, 70, 118
615, 372, 70, 118
615, 372, 70, 118
614, 373, 70, 118
612, 374, 70, 118
611, 375, 70, 118
610, 377, 69, 116
609, 378, 69, 116
608, 380, 69, 116
607, 380, 69, 116
607, 381, 69, 116
606, 382, 69, 116
606, 383, 69, 116
605, 384, 69, 116
605, 384, 69, 116
604, 384, 70, 118
605, 386, 69, 116
604, 387, 69, 116
605, 387, 69, 116
605, 387, 69, 116
605, 386, 70, 118
606, 387, 70, 118
606, 387, 70, 118
607, 388, 69, 116
606, 386, 72, 121
608, 387, 70, 118
609, 388, 70, 118
609, 388, 70, 118
610, 388, 70, 118
612, 389, 69, 116
614, 391, 66, 111
615, 392, 66, 111
617, 393, 65, 109
618, 392, 66, 111
619, 392, 67, 114
620, 393, 67, 114
622, 393, 67, 114
623, 394, 67, 114
625, 394, 67, 114
627, 395, 67, 114
628, 396, 66, 111
629, 396, 66, 111
630, 396, 66, 111
632, 397, 65, 109
632, 396, 66, 111
633, 397, 66, 111
634, 397, 66, 111
634, 398, 66, 111
635, 399, 65, 109
636, 398, 66, 111
636, 398, 66, 111
636, 399, 66, 111
636, 399, 66, 111
636, 401, 65, 109
636, 401, 66, 111
636, 402, 65, 109
636, 402, 65, 109
635, 402, 66, 111
635, 403, 65, 109
635, 402, 66, 111
633, 401, 67, 114
633, 401, 67, 114
0.0, 0.0, 0.0, 0.0
622, 396, 78, 131
623, 398, 75, 126
620, 395, 78, 131
618, 393, 80, 134
616, 390, 83, 139
616, 391, 81, 136
614, 390, 83, 139
615, 389, 84, 142
614, 387, 86, 145
614, 387, 86, 145
615, 386, 86, 145
615, 385, 88, 148
616, 384, 88, 148
618, 386, 86, 145
618, 385, 86, 145
619, 385, 86, 145
620, 385, 86, 145
622, 386, 84, 142
623, 385, 84, 142
624, 385, 84, 142
626, 385, 84, 142
628, 386, 83, 139
629, 386, 83, 139
630, 385, 84, 142
630, 384, 84, 142
631, 384, 84, 142
632, 383, 86, 145
633, 385, 84, 142
634, 385, 84, 142
635, 385, 84, 142
634, 381, 88, 148
634, 380, 90, 150
635, 380, 90, 150
635, 380, 90, 150
635, 379, 91, 153
636, 378, 91, 153
638, 379, 90, 150
638, 379, 90, 150
638, 379, 90, 150
637, 378, 91, 153
637, 377, 91, 153
637, 377, 91, 153
637, 376, 91, 153
639, 377, 90, 150
639, 377, 90, 150
640, 377, 90, 150
639, 376, 90, 150
640, 376, 90, 150
641, 377, 88, 148
642, 376, 88, 148
643, 377, 86, 145
643, 377, 86, 145
643, 377, 86, 145
642, 376, 88, 148
643, 376, 88, 148
643, 376, 88, 148
644, 378, 86, 145
644, 377, 86, 145
644, 378, 86, 145
644, 378, 86, 145
645, 379, 84, 142
645, 380, 84, 142
644, 380, 84, 142
644, 380, 84, 142
644, 382, 83, 139
644, 383, 83, 139
642, 382, 84, 142
641, 382, 84, 142
640, 382, 84, 142
640, 384, 83, 139
639, 384, 83, 139
639, 386, 81, 136
637, 386, 81, 136
636, 386, 81, 136
633, 385, 83, 139
631, 385, 83, 139
628, 385, 84, 142
624, 385, 84, 142
618, 384, 86, 145
616, 385, 84, 142
610, 385, 84, 142
606, 385, 84, 142
600, 386, 83, 139
594, 385, 84, 142
587, 386, 83, 139
580, 388, 81, 136
573, 389, 80, 134
564, 389, 80, 134
555, 389, 80, 134
547, 389, 80, 134
540, 390, 78, 131
531, 391, 78, 131
523, 391, 78, 131
515, 392, 76, 128
507, 393, 76, 128
499, 394, 76, 128
493, 396, 75, 126
485, 397, 75, 126
478, 396, 76, 128
471, 397, 78, 131
465, 397, 78, 131
461, 399, 78, 131
455, 399, 78, 131
0.0, 0.0, 0.0, 0.0
454, 403, 68, 118
453, 406, 64, 111
451, 405, 66, 115
448, 404, 68, 118
446, 405, 66, 115
446, 405, 68, 118
445, 404, 68, 118
444, 404, 68, 118
444, 403, 68, 118
443, 402, 68, 118
444, 403, 66, 115
443, 400, 69, 120
442, 399, 69, 120
441, 398, 70, 122
440, 397, 70, 122
439, 397, 70, 122
437, 395, 72, 125
436, 396, 70, 122
435, 394, 72, 125
433, 393, 72, 125
431, 392, 72, 125
430, 392, 72, 125
427, 390, 73, 127
426, 388, 75, 130
424, 385, 76, 132
422, 385, 76, 132
419, 382, 78, 135
416, 379, 79, 138
416, 378, 78, 135
414, 376, 78, 135
411, 373, 79, 138
409, 371, 78, 135
407, 367, 79, 138
406, 365, 78, 135
405, 363, 78, 135
404, 360, 78, 135
402, 357, 78, 135
401, 354, 78, 135
399, 350, 79, 138
398, 348, 79, 138
396, 344, 81, 141
396, 342, 79, 138
396, 339, 79, 138
396, 338, 78, 135
395, 334, 79, 138
395, 331, 79, 138
395, 329, 79, 138
393, 325, 81, 141
393, 323, 81, 141
393, 320, 81, 141
392, 317, 81, 141
392, 312, 82, 143
391, 309, 84, 146
391, 306, 84, 146
390, 302, 86, 149
390, 296, 88, 152
391, 294, 88, 152
391, 291, 88, 152
392, 287, 88, 152
394, 283, 88, 152
398, 281, 84, 146
402, 278, 82, 143
405, 274, 82, 143
407, 271, 82, 143
410, 268, 82, 143
414, 264, 82, 143
417, 260, 82, 143
420, 256, 82, 143
423, 252, 86, 149
426, 248, 84, 146
430, 246, 84, 146
433, 241, 86, 149
435, 237, 86, 149
439, 235, 86, 149
443, 231, 86, 149
447, 228, 86, 149
449, 223, 86, 149
453, 219, 89, 155
456, 216, 88, 152
459, 211, 91, 158
463, 208, 88, 152
468, 207, 86, 149
471, 203, 86, 149
474, 200, 86, 149
477, 197, 86, 149
480, 194, 86, 149
484, 191, 86, 149
488, 188, 86, 149
492, 185, 86, 149
496, 182, 86, 149
0.0, 0.0, 0.0, 0.0
524, 184, 55, 122
527, 178, 57, 127
533, 175, 58, 130
537, 172, 58, 130
541, 167, 60, 135
543, 162, 63, 140
549, 161, 62, 137
552, 156, 63, 140
558, 155, 62, 137
560, 151, 62, 137
564, 148, 63, 140
568, 145, 62, 137
571, 143, 60, 135
574, 140, 60, 135
576, 140, 59, 132
577, 138, 58, 130
577, 134, 58, 130
576, 130, 60, 135
575, 126, 62, 137
573, 124, 62, 137
572, 123, 60, 135
569, 121, 62, 137
566, 118, 62, 137
563, 116, 62, 137
561, 114, 62, 137
559, 112, 62, 137
557, 110, 62, 137
555, 108, 62, 137
554, 108, 60, 135
552, 104, 62, 137
550, 102, 62, 137
548, 99, 62, 137
546, 97, 62, 137
545, 95, 62, 137
542, 91, 63, 140
541, 89, 63, 140
540, 87, 63, 140
539, 86, 62, 137
537, 84, 62, 137
535, 80, 63, 140
534, 80, 62, 137
533, 78, 62, 137
532, 76, 62, 137
530, 73, 62, 137
529, 71, 62, 137
528, 69, 62, 137
526, 68, 62, 137
525, 66, 62, 137
524, 64, 62, 137
523, 63, 62, 137
522, 62, 60, 135
520, 60, 62, 137
519, 60, 60, 135
518, 57, 62, 137
517, 55, 62, 137
516, 53, 62, 137
515, 52, 60, 135
514, 50, 62, 137
514, 49, 60, 135
512, 47, 62, 137
511, 46, 60, 135
511, 45, 60, 135
509, 42, 62, 137
508, 40, 62, 137
509, 42, 59, 132
508, 41, 59, 132
507, 40, 59, 132
507, 37, 60, 135
506, 35, 62, 137
506, 35, 60, 135
506, 35, 60, 135
505, 33, 62, 137
504, 32, 62, 137
504, 31, 62, 137
503, 29, 62, 137
503, 29, 60, 135
503, 28, 62, 137
503, 27, 60, 135
502, 24, 63, 140
502, 24, 62, 137
502, 23, 62, 137
502, 22, 62, 137
501, 21, 62, 137
502, 21, 60, 135
502, 20, 60, 135
501, 18, 62, 137
501, 18, 60, 135
501, 17, 60, 135
501, 16, 60, 135
500, 14, 62, 137
500, 13, 62, 137
500, 14, 60, 135
500, 13, 60, 135
500, 13, 60, 135
500, 12, 60, 135
499, 10, 62, 137
500, 12, 59, 132
499, 10, 60, 135
499, 9, 60, 135
0.0, 0.0, 0.0, 0.0
503, 11, 57, 125
503, 11, 57, 125
502, 10, 58, 128
502, 8, 59, 131
501, 5, 62, 136
501, 4, 62, 136
502, 4, 62, 136
501, 2, 63, 139
501, 3, 62, 136
500, 1, 63, 139
502, 2, 62, 136
502, 2, 62, 136
502, 0, 63, 139
502, 1, 62, 136
503, 0, 62, 136
503, 0, 62, 136
503, -1, 62, 136
503, -2, 62, 136
504, -1, 61, 133
505, -2, 61, 133
506, -3, 61, 133
506, -4, 61, 133
507, -4, 59, 131
507, -5, 61, 133
509, -4, 58, 128
509, -6, 59, 131
510, -6, 59, 131
510, -7, 59, 131
511, -7, 58, 128
512, -7, 57, 125
512, -9, 58, 128
513, -9, 57, 125
513, -10, 57, 125
514, -11, 57, 125
514, -10, 56, 123
514, -11, 56, 123
514, -11, 56, 123
514, -12, 56, 123
515, -12, 55, 121
515, -13, 56, 123
514, -15, 57, 125
515, -14, 56, 123
515, -15, 56, 123
516, -15, 55, 121
515, -17, 57, 125
515, -18, 57, 125
516, -19, 57, 125
516, -20, 57, 125
515, -22, 58, 128
