680.0,43.0,79.0,141.0
680.0,43.0,79.0,141.0
680.0,43.0,79.0,141.0
680.0,41.0,79.0,141.0
680.0,41.0,79.0,141.0
682.0,41.0,79.0,141.0
682.0,41.0,79.0,141.0
682.0,39.0,79.0,141.0
684.0,39.0,80.0,141.0
684.0,37.0,80.0,141.0
684.0,37.0,80.0,141.0
684.0,35.0,80.0,141.0
686.0,35.0,80.0,141.0
686.0,33.0,80.0,141.0
686.0,33.0,80.0,141.0
688.0,31.0,80.0,141.0
688.0,31.0,80.0,141.0
688.0,29.0,80.0,141.0
688.0,27.0,80.0,141.0
690.0,26.0,80.0,142.0
690.0,26.0,80.0,142.0
690.0,24.0,80.0,143.0
690.0,24.0,80.0,143.0
690.0,22.0,80.0,143.0
690.0,22.0,80.0,143.0
690.0,20.0,80.0,143.0
690.0,20.0,80.0,143.0
690.0,20.0,80.0,142.0
690.0,19.0,80.0,142.0
690.0,18.0,80.0,142.0
690.0,18.0,80.0,142.0
690.0,18.0,80.0,142.0
690.0,18.0,80.0,142.0
690.0,16.0,80.0,142.0
690.0,14.0,80.0,142.0
692.0,10.0,80.0,142.0
692.0,8.0,81.0,143.0
692.0,7.0,81.0,143.0
693.0,5.0,81.0,143.0
693.0,4.0,81.0,143.0
694.0,4.0,81.0,143.0
694.0,6.0,80.0,142.0
694.0,6.0,80.0,142.0
696.0,8.0,80.0,142.0
696.0,8.0,80.0,141.0
696.0,7.0,80.0,141.0
698.0,6.0,80.0,141.0
698.0,4.0,80.0,142.0
700.0,2.0,80.0,142.0
700.0,1.0,80.0,142.0
700.0,0.0,81.0,142.0
700.0,0.0,81.0,142.0
702.0,2.0,81.0,142.0
702.0,4.0,81.0,142.0
702.0,6.0,81.0,142.0
702.0,8.0,80.0,142.0
702.0,8.0,80.0,142.0
702.0,8.0,80.0,141.0
702.0,8.0,80.0,142.0
702.0,6.0,80.0,142.0
700.0,6.0,80.0,142.0
698.0,4.0,80.0,142.0
696.0,4.0,80.0,142.0
692.0,4.0,80.0,143.0
688.0,6.0,80.0,142.0
684.0,8.0,80.0,142.0
678.0,10.0,79.0,142.0
672.0,14.0,80.0,142.0
666.0,16.0,80.0,141.0
662.0,16.0,80.0,141.0
656.0,16.0,80.0,141.0
650.0,16.0,80.0,141.0
646.0,16.0,80.0,142.0
640.0,16.0,80.0,142.0
634.0,16.0,80.0,142.0
628.0,16.0,80.0,143.0
622.0,18.0,80.0,143.0
614.0,22.0,80.0,143.0
608.0,24.0,80.0,143.0
600.0,28.0,80.0,142.0
594.0,30.0,80.0,141.0
588.0,32.0,80.0,140.0
584.0,34.0,80.0,141.0
578.0,34.0,80.0,142.0
574.0,34.0,80.0,142.0
572.0,34.0,80.0,142.0
568.0,34.0,80.0,142.0
566.0,34.0,80.0,143.0
566.0,36.0,80.0,142.0
564.0,38.0,80.0,142.0
564.0,42.0,80.0,142.0
564.0,46.0,80.0,142.0
564.0,48.0,80.0,141.0
566.0,48.0,80.0,141.0
566.0,50.0,80.0,141.0
566.0,49.0,80.0,142.0
568.0,48.0,80.0,142.0
568.0,48.0,80.0,142.0
568.0,48.0,80.0,142.0
568.0,48.0,80.0,143.0
568.0,50.0,80.0,142.0
568.0,52.0,80.0,142.0
568.0,54.0,80.0,142.0
568.0,56.0,80.0,141.0
568.0,58.0,80.0,141.0
568.0,60.0,80.0,141.0
568.0,60.0,80.0,141.0
568.0,58.0,80.0,141.0
568.0,58.0,80.0,141.0
568.0,56.0,80.0,142.0
568.0,56.0,80.0,142.0
568.0,56.0,81.0,143.0
568.0,58.0,81.0,143.0
568.0,60.0,81.0,142.0
568.0,64.0,81.0,142.0
570.0,66.0,80.0,142.0
570.0,66.0,80.0,142.0
570.0,66.0,80.0,141.0
570.0,66.0,80.0,142.0
570.0,64.0,80.0,142.0
572.0,62.0,80.0,143.0
572.0,62.0,80.0,143.0
572.0,62.0,80.0,143.0
572.0,62.0,80.0,143.0
572.0,62.0,80.0,143.0
572.0,64.0,80.0,143.0
572.0,65.0,80.0,142.0
572.0,67.0,80.0,142.0
572.0,67.0,80.0,142.0
572.0,66.0,80.0,142.0
570.0,64.0,80.0,142.0
570.0,62.0,81.0,142.0
570.0,60.0,81.0,143.0
570.0,58.0,81.0,143.0
570.0,58.0,81.0,143.0
570.0,58.0,80.0,143.0
568.0,58.0,80.0,142.0
568.0,60.0,80.0,142.0
568.0,61.0,80.0,142.0
568.0,61.0,80.0,142.0
568.0,61.0,80.0,142.0
568.0,60.0,80.0,142.0
568.0,58.0,80.0,142.0
568.0,54.0,80.0,143.0
566.0,51.0,80.0,143.0
566.0,51.0,80.0,143.0
566.0,51.0,80.0,143.0
564.0,51.0,80.0,143.0
564.0,53.0,80.0,143.0
562.0,53.0,80.0,143.0
562.0,53.0,80.0,142.0
560.0,53.0,80.0,143.0
560.0,49.0,80.0,143.0
558.0,48.0,81.0,143.0
558.0,46.0,81.0,143.0
556.0,44.0,81.0,143.0
556.0,44.0,81.0,143.0
554.0,44.0,80.0,142.0
554.0,45.0,80.0,141.0
554.0,45.0,80.0,141.0
552.0,47.0,80.0,141.0
552.0,47.0,80.0,142.0
552.0,45.0,80.0,143.0
550.0,41.0,80.0,143.0
548.0,39.0,80.0,143.0
548.0,37.0,80.0,143.0
546.0,36.0,80.0,143.0
544.0,36.0,80.0,142.0
542.0,36.0,80.0,142.0
541.0,37.0,80.0,142.0
539.0,37.0,80.0,141.0
537.0,37.0,80.0,141.0
535.0,35.0,81.0,142.0
533.0,33.0,81.0,142.0
531.0,31.0,82.0,143.0
529.0,28.0,82.0,143.0
527.0,26.0,82.0,143.0
525.0,26.0,82.0,143.0
523.0,26.0,82.0,142.0
522.0,26.0,81.0,141.0
520.0,27.0,81.0,141.0
518.0,29.0,81.0,141.0
516.0,29.0,81.0,141.0
514.0,27.0,80.0,141.0
511.0,25.0,81.0,142.0
509.0,24.0,81.0,142.0
506.0,22.0,81.0,142.0
503.0,20.0,81.0,142.0
501.0,20.0,81.0,142.0
499.0,22.0,81.0,142.0
495.0,22.0,81.0,142.0
493.0,24.0,81.0,141.0
489.0,26.0,81.0,141.0
487.0,27.0,81.0,141.0
483.0,25.0,81.0,142.0
479.0,25.0,81.0,142.0
475.0,23.0,81.0,142.0
471.0,22.0,82.0,142.0
467.0,22.0,82.0,143.0
465.0,23.0,82.0,142.0
461.0,23.0,82.0,142.0
459.0,27.0,82.0,142.0
455.0,29.0,81.0,142.0
453.0,31.0,81.0,142.0
449.0,33.0,80.0,142.0
446.0,33.0,80.0,142.0
443.0,31.0,81.0,142.0
440.0,31.0,81.0,142.0
438.0,29.0,81.0,142.0
438.0,29.0,81.0,142.0
440.0,29.0,81.0,142.0
446.0,29.0,81.0,142.0
452.0,31.0,81.0,142.0
460.0,31.0,81.0,142.0
468.0,33.0,81.0,142.0
478.0,33.0,81.0,142.0
489.0,31.0,81.0,142.0
502.0,29.0,81.0,143.0
515.0,27.0,82.0,143.0
529.0,25.0,82.0,144.0
546.0,23.0,82.0,144.0
564.0,23.0,81.0,144.0
582.0,24.0,81.0,144.0
602.0,26.0,81.0,143.0
622.0,29.0,81.0,143.0
642.0,33.0,81.0,142.0
662.0,34.0,80.0,142.0
682.0,34.0,80.0,143.0
700.0,34.0,80.0,143.0
718.0,34.0,80.0,143.0
734.0,35.0,80.0,144.0
750.0,35.0,80.0,144.0
762.0,37.0,80.0,144.0
774.0,39.0,80.0,144.0
784.0,43.0,80.0,143.0
792.0,45.0,80.0,143.0
798.0,49.0,80.0,143.0
804.0,51.0,80.0,142.0
808.0,51.0,81.0,143.0
810.0,49.0,81.0,143.0
812.0,47.0,82.0,143.0
811.0,45.0,82.0,143.0
809.0,45.0,81.0,143.0
808.0,45.0,81.0,144.0
805.0,47.0,82.0,143.0
803.0,49.0,82.0,143.0
799.0,53.0,82.0,142.0
798.0,56.0,81.0,142.0
796.0,58.0,81.0,143.0
794.0,58.0,80.0,143.0
790.0,57.0,80.0,144.0
788.0,57.0,80.0,144.0
786.0,57.0,80.0,145.0
784.0,57.0,80.0,144.0
780.0,57.0,80.0,143.0
776.0,59.0,80.0,143.0
772.0,61.0,80.0,143.0
766.0,63.0,81.0,143.0
760.0,64.0,81.0,143.0
755.0,63.0,81.0,143.0
749.0,62.0,82.0,143.0
745.0,61.0,82.0,144.0
739.0,59.0,82.0,144.0
735.0,59.0,82.0,144.0
731.0,60.0,81.0,144.0
727.0,62.0,81.0,143.0
723.0,65.0,82.0,142.0
719.0,65.0,82.0,141.0
715.0,67.0,81.0,142.0
711.0,67.0,81.0,142.0
707.0,65.0,81.0,143.0
704.0,63.0,81.0,143.0
700.0,63.0,80.0,143.0
696.0,63.0,80.0,143.0
692.0,65.0,80.0,142.0
688.0,67.0,80.0,142.0
682.0,69.0,80.0,141.0
677.0,71.0,81.0,141.0
671.0,71.0,82.0,142.0
667.0,71.0,82.0,142.0
661.0,71.0,82.0,142.0
655.0,69.0,82.0,142.0
651.0,69.0,82.0,143.0
645.0,70.0,82.0,142.0
641.0,72.0,82.0,141.0
637.0,74.0,82.0,140.0
633.0,76.0,82.0,140.0
627.0,80.0,81.0,139.0
623.0,84.0,81.0,138.0
619.0,88.0,82.0,138.0
613.0,88.0,83.0,139.0
607.0,88.0,84.0,139.0
601.0,89.0,84.0,139.0
595.0,89.0,84.0,138.0
591.0,91.0,85.0,138.0
587.0,93.0,84.0,138.0
585.0,99.0,84.0,137.0
583.0,103.0,83.0,136.0
579.0,107.0,83.0,137.0
576.0,111.0,83.0,137.0
574.0,113.0,84.0,137.0
572.0,117.0,83.0,137.0
568.0,119.0,83.0,136.0
566.0,121.0,83.0,136.0
566.0,127.0,83.0,136.0
566.0,132.0,83.0,135.0
565.0,136.0,83.0,135.0
564.0,140.0,84.0,135.0
564.0,144.0,85.0,135.0
564.0,149.0,85.0,135.0
567.0,156.0,85.0,135.0
571.0,162.0,85.0,135.0
575.0,168.0,85.0,135.0
581.0,175.0,84.0,135.0
587.0,183.0,83.0,135.0
592.0,189.0,82.0,135.0
598.0,195.0,83.0,135.0
604.0,201.0,84.0,136.0
610.0,209.0,85.0,136.0
617.0,215.0,85.0,136.0
623.0,223.0,85.0,136.0
631.0,233.0,85.0,137.0
639.0,241.0,84.0,137.0
647.0,251.0,83.0,137.0
655.0,261.0,82.0,137.0
661.0,269.0,83.0,137.0
668.0,279.0,84.0,138.0
674.0,287.0,84.0,138.0
86.0,39.0,10.0,11.0
86.0,40.0,11.0,11.0
87.0,41.0,12.0,12.0
88.0,43.0,11.0,12.0
88.0,44.0,10.0,12.0
89.0,45.0,10.0,12.0
90.0,46.0,9.0,12.0
90.0,47.0,9.0,12.0
90.0,48.0,9.0,12.0
90.0,48.0,10.0,13.0
91.0,49.0,11.0,14.0
91.0,49.0,12.0,15.0
92.0,50.0,12.0,15.0
92.0,50.0,12.0,15.0
93.0,51.0,13.0,15.0
94.0,52.0,11.0,15.0
96.0,52.0,9.0,15.0
98.0,53.0,7.0,15.0
99.0,53.0,7.0,16.0
100.0,54.0,7.0,17.0
101.0,54.0,7.0,17.0
103.0,54.0,8.0,18.0
104.0,54.0,9.0,19.0
105.0,55.0,11.0,20.0
108.0,55.0,10.0,19.0
111.0,56.0,10.0,19.0
113.0,57.0,9.0,18.0
117.0,57.0,9.0,18.0
120.0,58.0,9.0,17.0
123.0,59.0,8.0,17.0
126.0,59.0,9.0,18.0
129.0,60.0,9.0,19.0
132.0,60.0,9.0,20.0
134.0,61.0,10.0,20.0
136.0,61.0,10.0,20.0
138.0,62.0,10.0,20.0
139.0,62.0,10.0,20.0
140.0,62.0,10.0,19.0
142.0,62.0,10.0,18.0
142.0,62.0,10.0,18.0
143.0,63.0,10.0,17.0
144.0,63.0,10.0,16.0
144.0,62.0,11.0,17.0
144.0,62.0,11.0,18.0
145.0,61.0,11.0,19.0
144.0,60.0,11.0,19.0
144.0,60.0,10.0,19.0
143.0,59.0,10.0,18.0
142.0,58.0,9.0,18.0
141.0,58.0,9.0,17.0
140.0,57.0,9.0,17.0
139.0,56.0,9.0,16.0
137.0,54.0,9.0,16.0
135.0,53.0,9.0,16.0
132.0,51.0,9.0,16.0
129.0,49.0,9.0,17.0
127.0,48.0,9.0,17.0
123.0,46.0,8.0,17.0
120.0,44.0,8.0,17.0
117.0,43.0,7.0,17.0
114.0,42.0,7.0,16.0
111.0,41.0,7.0,15.0
108.0,40.0,6.0,14.0
105.0,39.0,6.0,15.0
103.0,38.0,6.0,15.0
100.0,37.0,5.0,15.0
98.0,37.0,5.0,16.0
96.0,36.0,5.0,16.0
94.0,35.0,5.0,16.0
92.0,35.0,5.0,16.0
90.0,35.0,5.0,16.0
88.0,34.0,5.0,15.0
87.0,34.0,5.0,15.0
85.0,34.0,5.0,14.0
84.0,34.0,5.0,13.0
83.0,34.0,5.0,14.0
82.0,34.0,6.0,14.0
81.0,33.0,6.0,15.0
81.0,33.0,6.0,15.0
80.0,33.0,5.0,16.0
79.0,33.0,5.0,16.0
79.0,33.0,5.0,16.0
78.0,32.0,6.0,15.0
77.0,32.0,6.0,15.0
77.0,33.0,5.0,14.0
77.0,33.0,5.0,14.0
76.0,33.0,5.0,13.0
76.0,33.0,5.0,14.0
75.0,33.0,5.0,14.0
74.0,33.0,5.0,15.0
74.0,33.0,5.0,15.0
73.0,33.0,6.0,16.0
73.0,33.0,6.0,17.0
72.0,33.0,5.0,16.0
71.0,33.0,5.0,15.0
71.0,33.0,5.0,14.0
70.0,34.0,5.0,14.0
69.0,34.0,5.0,14.0
69.0,34.0,5.0,14.0
68.0,34.0,5.0,15.0
68.0,34.0,5.0,15.0
67.0,34.0,5.0,16.0
66.0,34.0,5.0,16.0
66.0,35.0,5.0,16.0
65.0,35.0,5.0,15.0
65.0,35.0,5.0,15.0
64.0,35.0,5.0,14.0
64.0,36.0,5.0,14.0
63.0,36.0,5.0,14.0
62.0,36.0,5.0,14.0
62.0,37.0,6.0,14.0
61.0,37.0,6.0,15.0
60.0,37.0,6.0,16.0
60.0,36.0,6.0,16.0
59.0,37.0,6.0,16.0
58.0,37.0,6.0,15.0
58.0,37.0,6.0,15.0
57.0,37.0,6.0,15.0
57.0,38.0,6.0,15.0
57.0,38.0,7.0,15.0
57.0,38.0,6.0,15.0
57.0,37.0,6.0,16.0
57.0,37.0,6.0,17.0
58.0,37.0,6.0,16.0
59.0,37.0,6.0,16.0
60.0,36.0,6.0,15.0
60.0,36.0,6.0,15.0
61.0,36.0,6.0,15.0
62.0,36.0,6.0,16.0
62.0,36.0,7.0,16.0
63.0,35.0,7.0,16.0
63.0,35.0,7.0,17.0
64.0,35.0,7.0,16.0
65.0,34.0,7.0,15.0
66.0,34.0,6.0,14.0
66.0,34.0,6.0,14.0
67.0,34.0,6.0,15.0
68.0,34.0,5.0,15.0
68.0,34.0,5.0,15.0
68.0,33.0,5.0,15.0
68.0,33.0,5.0,15.0
68.0,32.0,5.0,15.0
68.0,32.0,5.0,14.0
68.0,32.0,5.0,13.0
67.0,31.0,5.0,14.0
66.0,30.0,6.0,15.0
65.0,30.0,7.0,16.0
64.0,30.0,6.0,15.0
64.0,29.0,6.0,14.0
64.0,29.0,5.0,14.0
63.0,29.0,6.0,14.0
62.0,29.0,6.0,14.0
62.0,28.0,6.0,14.0
61.0,28.0,6.0,14.0
60.0,27.0,5.0,15.0
60.0,27.0,5.0,15.0
59.0,26.0,5.0,14.0
59.0,26.0,5.0,14.0
58.0,25.0,5.0,13.0
57.0,25.0,5.0,13.0
57.0,25.0,5.0,14.0
56.0,24.0,6.0,14.0
56.0,24.0,6.0,14.0
56.0,23.0,6.0,15.0
56.0,23.0,6.0,15.0
56.0,22.0,5.0,14.0
57.0,22.0,5.0,13.0
57.0,21.0,5.0,13.0
59.0,21.0,5.0,13.0
60.0,21.0,5.0,13.0
61.0,20.0,5.0,14.0
62.0,19.0,4.0,14.0
63.0,19.0,4.0,14.0
65.0,18.0,4.0,14.0
66.0,18.0,4.0,13.0
67.0,17.0,4.0,13.0
69.0,17.0,5.0,12.0
71.0,16.0,5.0,13.0
72.0,16.0,4.0,14.0
74.0,15.0,4.0,14.0
75.0,15.0,5.0,14.0
77.0,14.0,5.0,13.0
78.0,14.0,5.0,13.0
80.0,14.0,5.0,12.0
81.0,13.0,5.0,12.0
83.0,13.0,5.0,12.0
84.0,13.0,5.0,12.0
85.0,13.0,5.0,13.0
87.0,12.0,5.0,13.0
87.0,12.0,4.0,13.0
88.0,12.0,4.0,13.0
89.0,12.0,4.0,13.0
89.0,11.0,4.0,12.0
90.0,11.0,4.0,12.0
90.0,11.0,4.0,11.0
90.0,11.0,4.0,12.0
90.0,10.0,4.0,12.0
90.0,10.0,4.0,13.0
90.0,9.0,4.0,13.0
89.0,9.0,4.0,12.0
89.0,9.0,4.0,12.0
88.0,9.0,4.0,12.0
88.0,8.0,4.0,12.0
87.0,8.0,4.0,11.0
87.0,8.0,4.0,11.0
87.0,8.0,4.0,11.0
87.0,7.0,3.0,12.0
87.0,7.0,3.0,12.0
86.0,7.0,4.0,12.0
86.0,7.0,4.0,13.0
85.0,7.0,4.0,12.0
85.0,7.0,5.0,12.0
84.0,7.0,5.0,11.0
84.0,7.0,5.0,11.0
84.0,7.0,5.0,11.0
84.0,7.0,5.0,11.0
84.0,6.0,5.0,12.0
83.0,6.0,4.0,12.0
83.0,5.0,4.0,13.0
83.0,5.0,4.0,13.0
82.0,5.0,4.0,12.0
82.0,5.0,4.0,12.0
82.0,5.0,4.0,11.0
81.0,5.0,4.0,11.0
81.0,5.0,4.0,10.0
81.0,5.0,4.0,11.0
80.0,5.0,4.0,11.0
80.0,5.0,4.0,12.0
80.0,5.0,4.0,12.0
80.0,5.0,4.0,12.0
80.0,5.0,4.0,12.0
79.0,5.0,4.0,12.0
79.0,5.0,4.0,11.0
79.0,6.0,5.0,11.0
78.0,6.0,4.0,11.0
78.0,6.0,4.0,11.0
78.0,6.0,4.0,12.0
78.0,6.0,4.0,12.0
78.0,6.0,4.0,12.0
78.0,6.0,4.0,12.0
79.0,6.0,4.0,12.0
80.0,6.0,4.0,12.0
81.0,6.0,4.0,12.0
83.0,7.0,4.0,11.0
84.0,7.0,4.0,11.0
85.0,7.0,4.0,11.0
87.0,7.0,4.0,11.0
89.0,7.0,4.0,12.0
90.0,8.0,4.0,12.0
92.0,8.0,4.0,12.0
93.0,8.0,4.0,12.0
94.0,8.0,5.0,12.0
96.0,9.0,5.0,12.0
97.0,9.0,5.0,12.0
98.0,10.0,5.0,11.0
99.0,10.0,5.0,11.0
100.0,10.0,5.0,11.0
102.0,11.0,4.0,12.0
102.0,11.0,5.0,12.0
103.0,11.0,5.0,12.0
103.0,11.0,5.0,13.0
104.0,11.0,5.0,13.0
104.0,12.0,5.0,13.0
104.0,12.0,5.0,13.0
104.0,12.0,5.0,13.0
104.0,12.0,4.0,12.0
104.0,12.0,4.0,12.0
104.0,13.0,4.0,12.0
104.0,13.0,4.0,12.0
103.0,13.0,4.0,12.0
103.0,13.0,4.0,13.0
102.0,13.0,4.0,13.0
102.0,13.0,4.0,13.0
102.0,13.0,4.0,13.0
101.0,14.0,4.0,13.0
101.0,14.0,4.0,12.0
101.0,14.0,4.0,12.0
101.0,14.0,4.0,12.0
100.0,14.0,4.0,11.0
100.0,14.0,4.0,12.0
99.0,14.0,4.0,12.0
99.0,14.0,4.0,13.0
99.0,15.0,4.0,13.0
98.0,15.0,4.0,13.0
98.0,15.0,4.0,14.0
97.0,15.0,4.0,13.0
97.0,15.0,4.0,13.0
96.0,15.0,4.0,13.0
96.0,15.0,4.0,13.0
96.0,16.0,4.0,12.0
95.0,16.0,4.0,12.0
95.0,16.0,4.0,12.0
94.0,16.0,4.0,13.0
94.0,16.0,4.0,13.0
93.0,16.0,4.0,13.0
92.0,16.0,4.0,14.0
92.0,16.0,4.0,14.0
91.0,16.0,4.0,14.0
91.0,16.0,4.0,13.0
90.0,16.0,4.0,13.0
90.0,16.0,4.0,13.0
89.0,17.0,4.0,12.0
88.0,17.0,5.0,12.0
88.0,17.0,4.0,12.0
87.0,17.0,4.0,13.0
87.0,17.0,4.0,13.0
86.0,17.0,4.0,13.0
85.0,17.0,5.0,13.0
84.0,17.0,5.0,13.0
84.0,18.0,5.0,13.0
83.0,18.0,5.0,12.0
82.0,18.0,6.0,12.0
81.0,18.0,6.0,12.0
80.0,18.0,7.0,12.0
79.0,19.0,7.0,11.0
80.0,19.0,7.0,11.0
80.0,20.0,6.0,10.0
80.0,20.0,6.0,10.0
80.0,21.0,6.0,9.0
80.0,21.0,7.0,9.0
81.0,22.0,8.0,8.0
81.0,23.0,8.0,8.0
82.0,23.0,9.0,8.0
82.0,24.0,10.0,8.0
83.0,24.0,9.0,8.0
83.0,25.0,9.0,8.0
84.0,25.0,9.0,8.0
85.0,26.0,8.0,8.0
85.0,26.0,8.0,8.0
86.0,27.0,7.0,8.0
86.0,27.0,8.0,8.0
87.0,28.0,8.0,8.0
88.0,28.0,9.0,8.0
88.0,29.0,9.0,8.0
89.0,29.0,9.0,8.0
90.0,30.0,8.0,8.0
91.0,30.0,7.0,8.0
92.0,31.0,7.0,8.0
93.0,32.0,6.0,8.0
93.0,33.0,6.0,8.0
94.0,34.0,6.0,7.0
95.0,36.0,6.0,7.0
96.0,37.0,6.0,7.0
97.0,38.0,7.0,7.0
97.0,39.0,7.0,7.0
99.0,40.0,7.0,8.0
101.0,42.0,6.0,8.0
102.0,43.0,6.0,9.0
103.0,44.0,7.0,8.0
103.0,46.0,7.0,8.0
104.0,47.0,8.0,7.0
105.0,49.0,9.0,8.0
106.0,50.0,9.0,8.0
107.0,52.0,9.0,8.0
108.0,54.0,9.0,7.0
109.0,56.0,10.0,7.0
110.0,58.0,10.0,6.0
112.0,60.0,10.0,7.0
114.0,62.0,10.0,8.0
116.0,64.0,10.0,9.0
118.0,66.0,10.0,10.0
120.0,69.0,10.0,11.0
121.0,71.0,9.0,12.0
123.0,73.0,9.0,12.0
124.0,76.0,9.0,11.0
125.0,79.0,9.0,10.0
nan,nan,nan,nan
nan,nan,nan,nan
nan,nan,nan,nan
nan,nan,nan,nan
nan,nan,nan,nan
nan,nan,nan,nan
nan,nan,nan,nan
nan,nan,nan,nan
nan,nan,nan,nan
nan,nan,nan,nan
nan,nan,nan,nan
nan,nan,nan,nan
nan,nan,nan,nan
nan,nan,nan,nan
nan,nan,nan,nan
nan,nan,nan,nan
nan,nan,nan,nan
nan,nan,nan,nan
nan,nan,nan,nan
nan,nan,nan,nan
nan,nan,nan,nan
nan,nan,nan,nan
nan,nan,nan,nan
nan,nan,nan,nan
nan,nan,nan,nan
nan,nan,nan,nan
nan,nan,nan,nan
nan,nan,nan,nan
nan,nan,nan,nan
102.0,82.0,6.0,7.0
99.0,80.0,9.0,9.0
96.0,78.0,11.0,12.0
93.0,76.0,13.0,14.0
92.0,74.0,12.0,14.0
91.0,72.0,10.0,14.0
90.0,70.0,9.0,15.0
88.0,69.0,8.0,15.0
86.0,67.0,8.0,15.0
84.0,65.0,8.0,15.0
82.0,63.0,9.0,15.0
80.0,62.0,10.0,15.0
78.0,60.0,11.0,15.0
77.0,59.0,12.0,15.0
75.0,58.0,12.0,15.0
74.0,56.0,12.0,14.0
73.0,55.0,11.0,14.0
72.0,55.0,9.0,14.0
71.0,54.0,8.0,14.0
70.0,52.0,8.0,15.0
69.0,51.0,7.0,15.0
68.0,50.0,6.0,15.0
67.0,48.0,7.0,16.0
66.0,47.0,7.0,16.0
65.0,46.0,7.0,17.0
64.0,45.0,7.0,16.0
63.0,44.0,7.0,16.0
62.0,43.0,7.0,16.0
61.0,43.0,6.0,15.0
61.0,42.0,6.0,14.0
60.0,42.0,5.0,14.0
59.0,41.0,5.0,14.0
58.0,40.0,5.0,15.0
58.0,39.0,5.0,16.0
57.0,38.0,6.0,16.0
56.0,38.0,6.0,16.0
56.0,37.0,7.0,16.0
56.0,37.0,7.0,15.0
56.0,36.0,7.0,15.0
56.0,36.0,7.0,14.0
56.0,35.0,6.0,14.0
56.0,35.0,6.0,13.0
56.0,35.0,6.0,13.0
57.0,34.0,6.0,13.0
58.0,33.0,6.0,14.0
59.0,33.0,6.0,15.0
60.0,32.0,6.0,15.0
60.0,31.0,6.0,15.0
61.0,31.0,6.0,16.0
63.0,31.0,6.0,15.0
64.0,30.0,6.0,15.0
65.0,30.0,6.0,15.0
66.0,30.0,6.0,14.0
66.0,30.0,5.0,13.0
67.0,31.0,5.0,13.0
68.0,30.0,5.0,13.0
68.0,30.0,5.0,14.0
69.0,30.0,5.0,14.0
69.0,30.0,5.0,15.0
69.0,30.0,5.0,15.0
69.0,29.0,4.0,15.0
69.0,30.0,4.0,15.0
69.0,30.0,4.0,15.0
68.0,30.0,4.0,14.0
68.0,31.0,4.0,14.0
68.0,31.0,4.0,13.0
68.0,31.0,4.0,12.0
67.0,31.0,4.0,13.0
67.0,31.0,4.0,13.0
67.0,31.0,4.0,14.0
66.0,32.0,4.0,14.0
66.0,32.0,4.0,14.0
65.0,32.0,4.0,15.0
65.0,33.0,5.0,14.0
64.0,33.0,5.0,14.0
64.0,33.0,5.0,13.0
64.0,34.0,5.0,13.0
63.0,34.0,5.0,13.0
63.0,35.0,5.0,12.0
62.0,35.0,5.0,13.0
62.0,34.0,5.0,13.0
61.0,34.0,6.0,14.0
61.0,34.0,5.0,14.0
61.0,35.0,5.0,14.0
61.0,35.0,5.0,15.0
60.0,35.0,5.0,14.0
60.0,34.0,5.0,14.0
60.0,34.0,5.0,13.0
60.0,34.0,4.0,13.0
60.0,35.0,4.0,14.0
60.0,35.0,4.0,14.0
60.0,35.0,4.0,14.0
59.0,35.0,5.0,13.0
59.0,35.0,5.0,13.0
58.0,35.0,5.0,13.0
58.0,35.0,6.0,12.0
58.0,35.0,6.0,12.0
58.0,35.0,6.0,11.0
58.0,35.0,6.0,10.0
59.0,36.0,6.0,9.0
59.0,36.0,5.0,9.0
60.0,36.0,5.0,9.0
60.0,36.0,4.0,8.0
60.0,37.0,5.0,8.0
60.0,37.0,5.0,8.0
59.0,37.0,6.0,7.0
59.0,38.0,6.0,7.0
59.0,38.0,7.0,8.0
59.0,38.0,7.0,8.0
59.0,39.0,7.0,8.0
59.0,39.0,7.0,7.0
59.0,39.0,7.0,7.0
60.0,40.0,7.0,7.0
60.0,40.0,7.0,7.0
61.0,41.0,6.0,7.0
61.0,41.0,7.0,7.0
61.0,42.0,7.0,7.0
61.0,42.0,7.0,7.0
60.0,43.0,8.0,8.0
60.0,44.0,8.0,8.0
60.0,44.0,9.0,9.0
61.0,45.0,8.0,9.0
62.0,46.0,8.0,8.0
62.0,47.0,7.0,8.0
63.0,48.0,7.0,8.0
63.0,49.0,7.0,8.0
63.0,50.0,7.0,8.0
63.0,50.0,7.0,9.0
63.0,51.0,7.0,10.0
63.0,51.0,7.0,11.0
64.0,52.0,7.0,11.0
64.0,53.0,6.0,11.0
65.0,53.0,6.0,10.0
65.0,54.0,6.0,9.0
66.0,55.0,5.0,8.0
66.0,55.0,5.0,7.0
66.0,55.0,5.0,8.0
66.0,56.0,6.0,9.0
66.0,56.0,6.0,10.0
67.0,56.0,6.0,11.0
67.0,56.0,6.0,11.0
67.0,56.0,6.0,11.0
67.0,57.0,7.0,11.0
68.0,57.0,7.0,10.0
68.0,58.0,7.0,10.0
68.0,58.0,7.0,10.0
68.0,58.0,7.0,10.0
68.0,58.0,7.0,10.0
68.0,58.0,7.0,11.0
68.0,58.0,7.0,13.0
68.0,58.0,7.0,14.0
68.0,58.0,7.0,14.0
68.0,58.0,7.0,14.0
68.0,58.0,7.0,14.0
69.0,58.0,6.0,13.0
69.0,58.0,6.0,12.0
70.0,59.0,6.0,12.0
70.0,58.0,6.0,12.0
70.0,58.0,6.0,12.0
69.0,58.0,7.0,12.0
69.0,57.0,8.0,13.0
69.0,57.0,8.0,14.0
69.0,57.0,9.0,14.0
69.0,57.0,9.0,14.0
70.0,57.0,10.0,13.0
70.0,56.0,10.0,13.0
71.0,56.0,10.0,13.0
72.0,55.0,10.0,13.0
72.0,55.0,10.0,13.0
73.0,54.0,10.0,13.0
73.0,53.0,10.0,14.0
73.0,53.0,11.0,15.0
74.0,52.0,10.0,15.0
75.0,51.0,10.0,15.0
76.0,51.0,9.0,15.0
77.0,50.0,8.0,14.0
79.0,49.0,8.0,14.0
80.0,48.0,7.0,14.0
80.0,47.0,8.0,14.0
80.0,45.0,9.0,14.0
80.0,44.0,9.0,14.0
80.0,43.0,10.0,14.0
81.0,42.0,10.0,14.0
81.0,41.0,10.0,13.0
82.0,40.0,9.0,13.0
82.0,39.0,8.0,14.0
83.0,38.0,7.0,14.0
82.0,37.0,7.0,14.0
81.0,36.0,6.0,14.0
80.0,35.0,6.0,14.0
78.0,34.0,7.0,14.0
76.0,33.0,8.0,14.0
74.0,31.0,9.0,15.0
72.0,31.0,8.0,14.0
70.0,30.0,7.0,13.0
69.0,29.0,6.0,12.0
67.0,28.0,6.0,13.0
65.0,27.0,5.0,13.0
64.0,26.0,4.0,13.0
61.0,25.0,5.0,14.0
59.0,25.0,5.0,14.0
56.0,24.0,5.0,14.0
54.0,23.0,5.0,14.0
51.0,23.0,5.0,14.0
49.0,22.0,5.0,14.0
47.0,22.0,5.0,13.0
45.0,22.0,5.0,13.0
44.0,21.0,4.0,12.0
42.0,21.0,4.0,13.0
40.0,21.0,5.0,13.0
39.0,20.0,5.0,13.0
37.0,20.0,5.0,13.0
36.0,19.0,6.0,13.0
34.0,19.0,6.0,14.0
33.0,19.0,6.0,13.0
32.0,19.0,6.0,13.0
32.0,18.0,5.0,13.0
31.0,18.0,5.0,13.0
30.0,18.0,5.0,12.0
30.0,18.0,5.0,12.0
29.0,18.0,5.0,12.0
29.0,17.0,5.0,13.0
29.0,17.0,5.0,13.0
28.0,17.0,5.0,13.0
28.0,16.0,6.0,13.0
28.0,16.0,6.0,14.0
29.0,16.0,6.0,13.0
29.0,16.0,6.0,13.0
30.0,15.0,6.0,13.0
32.0,15.0,5.0,12.0
33.0,15.0,5.0,12.0
35.0,15.0,4.0,12.0
35.0,15.0,5.0,12.0
36.0,14.0,5.0,13.0
37.0,14.0,5.0,13.0
38.0,14.0,5.0,13.0
38.0,14.0,6.0,13.0
38.0,14.0,6.0,13.0
39.0,14.0,6.0,12.0
40.0,14.0,5.0,12.0
41.0,14.0,5.0,11.0
41.0,14.0,5.0,11.0
42.0,14.0,5.0,11.0
43.0,14.0,4.0,11.0
44.0,14.0,4.0,12.0
44.0,14.0,4.0,13.0
45.0,14.0,4.0,13.0
45.0,15.0,5.0,13.0
45.0,15.0,6.0,13.0
45.0,15.0,7.0,13.0
46.0,16.0,6.0,13.0
46.0,17.0,5.0,12.0
46.0,17.0,5.0,12.0
47.0,18.0,4.0,12.0
47.0,18.0,4.0,12.0
47.0,18.0,4.0,12.0
47.0,19.0,4.0,12.0
46.0,19.0,5.0,12.0
46.0,20.0,6.0,13.0
46.0,20.0,7.0,13.0
46.0,21.0,7.0,13.0
46.0,21.0,8.0,13.0
46.0,22.0,7.0,12.0
47.0,22.0,7.0,12.0
47.0,23.0,6.0,12.0
48.0,24.0,6.0,12.0
48.0,24.0,6.0,12.0
49.0,24.0,6.0,12.0
49.0,24.0,6.0,13.0
50.0,25.0,6.0,14.0
50.0,25.0,6.0,14.0
50.0,25.0,6.0,14.0
51.0,26.0,6.0,13.0
51.0,26.0,6.0,13.0
52.0,27.0,6.0,13.0
53.0,27.0,5.0,13.0
54.0,28.0,4.0,12.0
54.0,28.0,4.0,12.0
55.0,28.0,5.0,13.0
55.0,28.0,5.0,13.0
55.0,28.0,6.0,13.0
55.0,28.0,6.0,13.0
55.0,28.0,7.0,13.0
55.0,29.0,7.0,13.0
55.0,29.0,7.0,13.0
55.0,29.0,6.0,13.0
55.0,29.0,6.0,12.0
56.0,29.0,5.0,12.0
57.0,30.0,4.0,12.0
57.0,30.0,5.0,12.0
56.0,30.0,5.0,12.0
56.0,30.0,6.0,12.0
56.0,30.0,7.0,12.0
56.0,30.0,7.0,11.0
56.0,31.0,8.0,11.0
56.0,31.0,7.0,10.0
57.0,31.0,6.0,10.0
57.0,32.0,6.0,9.0
58.0,32.0,5.0,8.0
59.0,32.0,5.0,8.0
59.0,33.0,5.0,7.0
59.0,33.0,6.0,7.0
58.0,33.0,7.0,8.0
58.0,33.0,8.0,8.0
58.0,34.0,9.0,7.0
58.0,34.0,9.0,7.0
58.0,34.0,10.0,7.0
59.0,35.0,9.0,7.0
60.0,36.0,8.0,7.0
61.0,36.0,7.0,7.0
62.0,37.0,6.0,6.0
63.0,38.0,6.0,6.0
64.0,39.0,6.0,6.0
63.0,39.0,7.0,6.0
63.0,40.0,8.0,6.0
63.0,41.0,9.0,7.0
64.0,42.0,9.0,7.0
64.0,43.0,9.0,7.0
65.0,44.0,8.0,7.0
65.0,45.0,8.0,7.0
66.0,46.0,8.0,7.0
67.0,47.0,7.0,7.0
67.0,48.0,7.0,7.0
67.0,49.0,7.0,8.0
67.0,50.0,7.0,9.0
67.0,51.0,7.0,9.0
68.0,51.0,7.0,10.0
68.0,52.0,7.0,10.0
69.0,53.0,6.0,9.0
69.0,54.0,6.0,9.0
70.0,54.0,5.0,8.0
70.0,55.0,5.0,8.0
70.0,55.0,5.0,8.0
71.0,56.0,5.0,9.0
71.0,56.0,6.0,10.0
71.0,57.0,6.0,11.0
71.0,57.0,6.0,12.0
71.0,58.0,6.0,11.0
71.0,58.0,6.0,11.0
71.0,59.0,6.0,11.0
71.0,59.0,6.0,10.0
71.0,60.0,7.0,9.0
71.0,60.0,7.0,9.0
71.0,60.0,7.0,10.0
71.0,60.0,7.0,11.0
71.0,60.0,7.0,12.0
71.0,60.0,7.0,13.0
71.0,60.0,7.0,13.0
71.0,61.0,7.0,14.0
71.0,61.0,7.0,13.0
71.0,61.0,7.0,13.0
71.0,61.0,7.0,12.0
72.0,61.0,7.0,11.0
72.0,61.0,7.0,10.0
72.0,61.0,6.0,10.0
72.0,60.0,6.0,11.0
73.0,60.0,6.0,12.0
73.0,60.0,6.0,13.0
73.0,59.0,6.0,13.0
73.0,59.0,6.0,14.0
73.0,59.0,6.0,14.0
74.0,58.0,6.0,13.0
74.0,58.0,6.0,13.0
74.0,58.0,6.0,12.0
74.0,57.0,6.0,12.0
74.0,57.0,6.0,12.0
74.0,56.0,6.0,11.0
74.0,55.0,6.0,12.0
74.0,55.0,6.0,13.0
75.0,54.0,6.0,14.0
75.0,53.0,6.0,14.0
75.0,52.0,6.0,14.0
75.0,51.0,6.0,14.0
75.0,50.0,6.0,14.0
76.0,50.0,6.0,13.0
76.0,49.0,6.0,13.0
76.0,48.0,6.0,12.0
77.0,47.0,6.0,12.0
77.0,46.0,6.0,11.0
77.0,45.0,6.0,12.0
76.0,44.0,6.0,13.0
76.0,43.0,7.0,13.0
76.0,43.0,7.0,13.0
76.0,42.0,7.0,14.0
76.0,42.0,7.0,14.0
77.0,41.0,7.0,14.0
77.0,41.0,7.0,14.0
77.0,41.0,7.0,14.0
78.0,40.0,7.0,13.0
79.0,40.0,6.0,13.0
79.0,39.0,6.0,12.0
79.0,39.0,6.0,12.0
79.0,39.0,7.0,12.0
80.0,38.0,7.0,12.0
80.0,38.0,8.0,12.0
80.0,38.0,9.0,12.0
81.0,38.0,10.0,11.0
81.0,37.0,9.0,11.0
81.0,37.0,8.0,11.0
82.0,37.0,7.0,11.0
82.0,37.0,7.0,11.0
82.0,37.0,7.0,10.0
82.0,36.0,6.0,10.0
82.0,36.0,6.0,10.0
82.0,36.0,6.0,10.0
82.0,35.0,6.0,10.0
82.0,35.0,6.0,11.0
82.0,35.0,6.0,11.0
82.0,34.0,6.0,12.0
81.0,34.0,6.0,12.0
81.0,34.0,6.0,12.0
81.0,33.0,7.0,12.0
81.0,33.0,7.0,12.0
80.0,33.0,7.0,12.0
80.0,33.0,7.0,12.0
80.0,33.0,7.0,10.0
79.0,33.0,7.0,9.0
79.0,34.0,7.0,8.0
78.0,34.0,8.0,8.0
77.0,33.0,8.0,8.0
77.0,33.0,8.0,8.0
76.0,34.0,8.0,8.0
75.0,34.0,9.0,8.0
74.0,34.0,9.0,7.0
73.0,34.0,9.0,7.0
72.0,33.0,9.0,8.0
71.0,33.0,8.0,8.0
71.0,33.0,7.0,8.0
70.0,33.0,7.0,8.0
69.0,32.0,6.0,9.0
69.0,33.0,6.0,9.0
68.0,33.0,6.0,9.0
68.0,34.0,6.0,9.0
68.0,34.0,7.0,8.0
68.0,35.0,7.0,8.0
68.0,36.0,7.0,7.0
69.0,36.0,6.0,7.0
70.0,37.0,6.0,6.0
71.0,37.0,5.0,6.0
73.0,38.0,5.0,6.0
75.0,38.0,5.0,6.0
76.0,39.0,5.0,6.0
79.0,39.0,6.0,6.0
81.0,40.0,7.0,7.0
84.0,41.0,8.0,7.0
87.0,42.0,8.0,7.0
90.0,43.0,7.0,7.0
92.0,44.0,7.0,7.0
94.0,46.0,7.0,7.0
96.0,47.0,8.0,7.0
97.0,49.0,8.0,7.0
99.0,51.0,8.0,7.0
100.0,52.0,7.0,8.0
102.0,53.0,7.0,8.0
101.0,55.0,7.0,9.0
101.0,56.0,8.0,9.0
101.0,57.0,8.0,9.0
100.0,58.0,7.0,9.0
100.0,59.0,6.0,9.0
99.0,60.0,5.0,8.0
97.0,60.0,6.0,8.0
96.0,61.0,6.0,8.0
94.0,61.0,7.0,8.0
91.0,62.0,8.0,9.0
88.0,63.0,9.0,10.0
85.0,63.0,11.0,11.0
82.0,64.0,10.0,11.0
79.0,65.0,10.0,11.0
75.0,67.0,10.0,11.0
73.0,68.0,9.0,11.0
70.0,70.0,9.0,10.0
67.0,71.0,8.0,9.0
64.0,74.0,9.0,9.0
61.0,76.0,10.0,9.0
58.0,78.0,11.0,9.0
55.0,80.0,11.0,8.0
53.0,82.0,12.0,6.0
51.0,84.0,12.0,5.0
nan,nan,nan,nan
nan,nan,nan,nan
nan,nan,nan,nan
nan,nan,nan,nan
nan,nan,nan,nan
nan,nan,nan,nan
nan,nan,nan,nan
nan,nan,nan,nan
nan,nan,nan,nan
nan,nan,nan,nan
nan,nan,nan,nan
nan,nan,nan,nan
nan,nan,nan,nan
nan,nan,nan,nan
nan,nan,nan,nan
nan,nan,nan,nan
nan,nan,nan,nan
nan,nan,nan,nan
nan,nan,nan,nan
nan,nan,nan,nan
nan,nan,nan,nan
nan,nan,nan,nan
nan,nan,nan,nan
nan,nan,nan,nan
nan,nan,nan,nan
nan,nan,nan,nan
nan,nan,nan,nan
nan,nan,nan,nan
nan,nan,nan,nan
nan,nan,nan,nan
nan,nan,nan,nan
nan,nan,nan,nan
nan,nan,nan,nan
nan,nan,nan,nan
nan,nan,nan,nan
nan,nan,nan,nan
nan,nan,nan,nan
nan,nan,nan,nan
nan,nan,nan,nan
nan,nan,nan,nan
nan,nan,nan,nan
21.0,77.0,8.0,12.0
25.0,74.0,8.0,13.0
29.0,70.0,8.0,15.0
32.0,67.0,7.0,16.0
37.0,64.0,7.0,16.0
41.0,62.0,6.0,15.0
46.0,59.0,6.0,15.0
