1151.0,284.0,41.0,77.0
1151.0,285.0,41.0,77.0
1151.0,285.0,41.0,77.0
1150.0,286.0,41.0,77.0
1148.0,287.0,41.0,77.0
1141.0,286.0,41.0,77.0
1134.0,286.0,41.0,77.0
1125.0,285.0,41.0,77.0
1114.0,284.0,41.0,77.0
1104.0,285.0,41.0,77.0
1092.0,285.0,41.0,77.0
1081.0,286.0,41.0,77.0
1070.0,287.0,41.0,77.0
1059.0,287.0,41.0,77.0
1049.0,287.0,41.0,77.0
1039.0,288.0,41.0,77.0
1032.0,289.0,41.0,77.0
1034.0,289.0,41.0,77.0
1037.0,290.0,41.0,77.0
1039.0,292.0,41.0,77.0
1042.0,293.0,41.0,77.0
1045.0,293.0,41.0,77.0
1046.0,294.0,41.0,77.0
1049.0,296.0,41.0,77.0
1051.0,297.0,41.0,77.0
1053.0,299.0,42.0,77.0
1055.0,300.0,41.0,77.0
1057.0,302.0,41.0,77.0
1059.0,303.0,42.0,77.0
1061.0,305.0,42.0,77.0
1064.0,306.0,42.0,77.0
1067.0,307.0,42.0,77.0
1069.0,308.0,42.0,77.0
1071.0,309.0,42.0,77.0
1071.0,310.0,42.0,77.0
1072.0,310.0,42.0,77.0
1074.0,311.0,42.0,77.0
1074.0,311.0,42.0,77.0
1074.0,312.0,42.0,77.0
1074.0,314.0,42.0,77.0
1074.0,316.0,42.0,77.0
1075.0,317.0,42.0,77.0
1075.0,318.0,42.0,77.0
1076.0,319.0,42.0,77.0
1076.0,320.0,42.0,77.0
1077.0,321.0,42.0,77.0
1078.0,321.0,42.0,77.0
1078.0,322.0,42.0,77.0
1079.0,323.0,42.0,77.0
1081.0,323.0,42.0,77.0
1082.0,324.0,42.0,77.0
1085.0,324.0,42.0,77.0
1086.0,325.0,42.0,77.0
1088.0,326.0,42.0,77.0
1090.0,327.0,42.0,77.0
1092.0,329.0,42.0,77.0
1094.0,330.0,42.0,77.0
1096.0,330.0,42.0,77.0
1097.0,330.0,42.0,77.0
1100.0,331.0,42.0,77.0
1101.0,331.0,42.0,77.0
1102.0,331.0,42.0,77.0
1104.0,331.0,42.0,77.0
1104.0,331.0,42.0,77.0
1105.0,331.0,42.0,77.0
1105.0,332.0,42.0,77.0
1104.0,333.0,42.0,77.0
1103.0,333.0,42.0,77.0
1101.0,334.0,42.0,77.0
1101.0,336.0,42.0,77.0
1100.0,336.0,42.0,77.0
1099.0,337.0,42.0,77.0
1099.0,336.0,42.0,77.0
1099.0,337.0,42.0,77.0
1100.0,338.0,42.0,77.0
1102.0,338.0,42.0,77.0
1103.0,339.0,42.0,77.0
1105.0,340.0,42.0,77.0
1107.0,340.0,42.0,77.0
1108.0,341.0,42.0,77.0
1109.0,342.0,42.0,77.0
1110.0,342.0,42.0,77.0
1112.0,343.0,42.0,77.0
1113.0,344.0,42.0,77.0
1114.0,344.0,42.0,77.0
1116.0,344.0,42.0,77.0
1118.0,344.0,42.0,77.0
1120.0,344.0,42.0,77.0
1122.0,345.0,42.0,77.0
1123.0,344.0,42.0,77.0
1125.0,345.0,42.0,77.0
1126.0,344.0,42.0,77.0
1129.0,344.0,42.0,77.0
1130.0,344.0,42.0,77.0
1133.0,345.0,42.0,77.0
1134.0,345.0,42.0,77.0
1136.0,346.0,42.0,77.0
1138.0,345.0,42.0,77.0
1140.0,346.0,42.0,77.0
287.0,87.0,9.0,17.0
1145.0,345.0,44.0,77.0
1147.0,345.0,44.0,77.0
1149.0,344.0,44.0,77.0
1151.0,345.0,44.0,77.0
1153.0,345.0,44.0,77.0
1155.0,346.0,44.0,77.0
1157.0,346.0,44.0,77.0
1159.0,346.0,44.0,77.0
1162.0,347.0,44.0,77.0
1163.0,348.0,44.0,77.0
1165.0,348.0,44.0,77.0
1167.0,349.0,44.0,77.0
1169.0,350.0,44.0,77.0
1172.0,351.0,44.0,77.0
1174.0,351.0,44.0,77.0
1176.0,353.0,44.0,77.0
1178.0,352.0,44.0,78.0
296.0,90.0,9.0,17.0
1181.0,343.0,47.0,88.0
1182.0,343.0,48.0,91.0
1184.0,345.0,46.0,87.0
1188.0,347.0,46.0,87.0
1189.0,347.0,47.0,88.0
1192.0,350.0,45.0,85.0
1194.0,349.0,46.0,87.0
1196.0,349.0,48.0,90.0
1196.0,348.0,51.0,97.0
1197.0,349.0,51.0,97.0
1199.0,349.0,54.0,100.0
1200.0,351.0,54.0,102.0
1200.0,349.0,56.0,105.0
1200.0,352.0,56.0,105.0
1201.0,352.0,56.0,105.0
1202.0,354.0,56.0,105.0
1202.0,352.0,57.0,107.0
1208.0,353.0,56.0,105.0
1214.0,354.0,56.0,105.0
1216.0,352.0,57.0,107.0
1217.0,353.0,57.0,107.0
1221.0,355.0,57.0,107.0
1224.0,357.0,56.0,105.0
1227.0,355.0,57.0,107.0
1231.0,357.0,54.0,102.0
1234.0,361.0,54.0,100.0
1236.0,360.0,54.0,102.0
