1160.0,438.0,30.0,89.0
1153.0,438.0,30.0,89.0
1145.0,437.0,30.0,89.0
1138.0,437.0,30.0,89.0
1130.0,437.0,30.0,89.0
1123.0,436.0,30.0,89.0
1115.0,436.0,30.0,89.0
1107.0,434.0,30.0,89.0
1100.0,433.0,30.0,89.0
1093.0,434.0,30.0,89.0
1089.0,433.0,30.0,89.0
1087.0,434.0,30.0,89.0
1088.0,434.0,30.0,89.0
1089.0,434.0,30.0,89.0
1091.0,434.0,30.0,89.0
1093.0,435.0,30.0,89.0
1095.0,435.0,30.0,89.0
1098.0,435.0,30.0,89.0
1100.0,435.0,30.0,89.0
1102.0,435.0,30.0,89.0
1105.0,435.0,30.0,89.0
1107.0,435.0,30.0,89.0
1109.0,436.0,30.0,89.0
1111.0,435.0,30.0,89.0
1113.0,436.0,30.0,89.0
1115.0,436.0,30.0,89.0
1116.0,436.0,30.0,89.0
1117.0,437.0,30.0,89.0
1117.0,437.0,30.0,89.0
1116.0,438.0,30.0,89.0
1115.0,438.0,30.0,89.0
1113.0,438.0,30.0,89.0
1111.0,438.0,30.0,89.0
1109.0,438.0,30.0,89.0
1107.0,438.0,30.0,89.0
1105.0,438.0,30.0,89.0
1103.0,438.0,30.0,89.0
1100.0,438.0,30.0,89.0
1099.0,438.0,30.0,89.0
1097.0,438.0,30.0,89.0
1095.0,439.0,30.0,89.0
1093.0,439.0,30.0,89.0
1091.0,439.0,30.0,89.0
1089.0,439.0,30.0,89.0
1088.0,440.0,30.0,89.0
1086.0,440.0,30.0,89.0
1085.0,440.0,30.0,89.0
1083.0,440.0,30.0,88.0
1082.0,440.0,30.0,88.0
1082.0,440.0,30.0,88.0
1083.0,440.0,30.0,89.0
1083.0,440.0,30.0,89.0
1084.0,441.0,30.0,89.0
1085.0,441.0,30.0,89.0
1087.0,441.0,30.0,89.0
1088.0,441.0,30.0,89.0
1088.0,442.0,30.0,89.0
1089.0,443.0,30.0,89.0
1090.0,442.0,30.0,89.0
1090.0,443.0,30.0,89.0
1091.0,443.0,30.0,89.0
1091.0,443.0,30.0,89.0
1092.0,443.0,30.0,89.0
1092.0,444.0,30.0,89.0
1092.0,443.0,30.0,89.0
1093.0,444.0,30.0,89.0
1093.0,444.0,30.0,89.0
1093.0,445.0,30.0,89.0
1094.0,446.0,30.0,89.0
1094.0,446.0,30.0,89.0
1095.0,447.0,30.0,89.0
1096.0,447.0,30.0,89.0
1096.0,447.0,30.0,89.0
1097.0,447.0,30.0,89.0
1098.0,447.0,30.0,89.0
1099.0,448.0,30.0,89.0
1100.0,448.0,30.0,90.0
1100.0,448.0,30.0,89.0
1101.0,448.0,31.0,90.0
1101.0,448.0,31.0,90.0
1101.0,448.0,31.0,90.0
1102.0,449.0,31.0,90.0
1103.0,449.0,31.0,90.0
1103.0,449.0,31.0,90.0
1103.0,450.0,31.0,90.0
1103.0,451.0,31.0,90.0
1104.0,450.0,31.0,89.0
1105.0,451.0,31.0,89.0
1105.0,451.0,32.0,89.0
1105.0,452.0,32.0,89.0
1106.0,451.0,32.0,89.0
1107.0,452.0,32.0,89.0
1108.0,452.0,32.0,89.0
1108.0,453.0,32.0,89.0
1109.0,454.0,32.0,89.0
1110.0,454.0,32.0,89.0
1110.0,456.0,32.0,89.0
1111.0,456.0,32.0,88.0
1112.0,457.0,32.0,88.0
279.0,116.0,9.0,18.0
1114.0,458.0,41.0,86.0
1114.0,459.0,41.0,86.0
1115.0,460.0,41.0,86.0
1117.0,461.0,41.0,86.0
1120.0,462.0,41.0,86.0
1121.0,463.0,41.0,86.0
1122.0,463.0,41.0,86.0
1122.0,464.0,41.0,86.0
1123.0,465.0,40.0,86.0
1123.0,466.0,40.0,86.0
1124.0,467.0,40.0,86.0
1125.0,467.0,40.0,86.0
1126.0,467.0,40.0,86.0
1128.0,468.0,40.0,86.0
1130.0,468.0,40.0,86.0
1131.0,469.0,40.0,86.0
1132.0,469.0,40.0,86.0
1133.0,470.0,40.0,86.0
1133.0,469.0,40.0,86.0
1133.0,469.0,40.0,86.0
1134.0,470.0,40.0,86.0
1135.0,471.0,41.0,86.0
1134.0,472.0,42.0,86.0
1134.0,474.0,42.0,86.0
1134.0,475.0,43.0,86.0
284.0,120.0,12.0,18.0
1137.0,471.0,38.0,98.0
1140.0,471.0,37.0,96.0
1141.0,473.0,38.0,98.0
1149.0,474.0,37.0,98.0
1150.0,475.0,37.0,98.0
1152.0,478.0,36.0,96.0
1153.0,476.0,37.0,101.0
1155.0,476.0,37.0,102.0
1154.0,477.0,37.0,101.0
1153.0,478.0,39.0,102.0
1153.0,479.0,38.0,101.0
1152.0,481.0,39.0,100.0
1152.0,482.0,39.0,98.0
1152.0,483.0,40.0,99.0
1152.0,484.0,40.0,99.0
1151.0,485.0,40.0,100.0
1150.0,486.0,40.0,103.0
1149.0,486.0,38.0,102.0
1148.0,488.0,38.0,102.0
1144.0,486.0,39.0,108.0
1140.0,487.0,38.0,108.0
1137.0,488.0,37.0,106.0
1132.0,489.0,35.0,103.0
1125.0,491.0,35.0,101.0
1118.0,492.0,36.0,101.0
1111.0,493.0,36.0,100.0
1105.0,493.0,37.0,100.0
1098.0,492.0,38.0,103.0
1093.0,493.0,38.0,103.0
1088.0,496.0,37.0,101.0
1083.0,496.0,36.0,103.0
1078.0,499.0,35.0,102.0
1074.0,500.0,34.0,101.0
1071.0,499.0,33.0,101.0
1065.0,500.0,34.0,102.0
1061.0,501.0,35.0,101.0
1054.0,503.0,34.0,98.0
1046.0,503.0,35.0,100.0
1040.0,504.0,36.0,100.0
1034.0,505.0,37.0,100.0
1028.0,506.0,37.0,101.0
1024.0,508.0,36.0,101.0
1020.0,510.0,36.0,100.0
1015.0,510.0,36.0,103.0
1010.0,511.0,36.0,103.0
1005.0,513.0,36.0,103.0
1001.0,513.0,36.0,105.0
996.0,515.0,36.0,105.0
992.0,515.0,36.0,105.0
986.0,515.0,36.0,103.0
980.0,517.0,35.0,101.0
975.0,519.0,36.0,100.0
969.0,521.0,37.0,100.0
963.0,522.0,37.0,99.0
958.0,524.0,38.0,99.0
954.0,525.0,38.0,101.0
949.0,528.0,37.0,101.0
947.0,529.0,37.0,103.0
943.0,530.0,36.0,103.0
937.0,532.0,36.0,105.0
935.0,533.0,35.0,105.0
931.0,536.0,35.0,103.0
927.0,537.0,36.0,103.0
921.0,539.0,36.0,102.0
916.0,540.0,37.0,103.0
909.0,540.0,39.0,106.0
904.0,542.0,38.0,104.0
899.0,545.0,38.0,102.0
893.0,547.0,38.0,103.0
891.0,548.0,39.0,103.0
886.0,551.0,39.0,103.0
882.0,551.0,40.0,105.0
877.0,556.0,39.0,102.0
217.0,141.0,12.0,21.0
865.0,559.0,54.0,96.0
860.0,561.0,54.0,96.0
856.0,563.0,54.0,96.0
852.0,565.0,54.0,96.0
848.0,567.0,54.0,96.0
843.0,569.0,54.0,96.0
837.0,572.0,53.0,95.0
833.0,574.0,53.0,95.0
829.0,576.0,53.0,95.0
825.0,578.0,53.0,95.0
822.0,580.0,52.0,95.0
818.0,582.0,52.0,95.0
814.0,584.0,52.0,95.0
809.0,587.0,51.0,95.0
804.0,589.0,52.0,95.0
801.0,590.0,52.0,95.0
798.0,592.0,53.0,96.0
796.0,595.0,53.0,96.0
794.0,597.0,54.0,96.0
791.0,600.0,54.0,96.0
789.0,602.0,54.0,96.0
787.0,605.0,55.0,96.0
785.0,607.0,55.0,96.0
783.0,610.0,56.0,96.0
781.0,613.0,56.0,96.0
780.0,615.0,56.0,96.0
780.0,617.0,56.0,96.0
781.0,620.0,56.0,96.0
784.0,622.0,56.0,96.0
787.0,625.0,56.0,96.0
791.0,627.0,56.0,96.0
794.0,629.0,56.0,96.0
798.0,632.0,56.0,96.0
801.0,634.0,56.0,96.0
804.0,637.0,56.0,96.0
202.0,162.0,13.0,21.0
819.0,640.0,39.0,99.0
824.0,643.0,39.0,99.0
828.0,645.0,40.0,102.0
832.0,646.0,40.0,104.0
836.0,649.0,40.0,102.0
839.0,654.0,39.0,101.0
841.0,654.0,39.0,101.0
846.0,657.0,39.0,102.0
850.0,659.0,39.0,104.0
855.0,665.0,38.0,99.0
859.0,668.0,38.0,96.0
863.0,670.0,39.0,98.0
865.0,672.0,39.0,100.0
868.0,673.0,39.0,100.0
871.0,676.0,40.0,100.0
872.0,677.0,42.0,104.0
872.0,676.0,43.0,109.0
871.0,678.0,43.0,107.0
871.0,681.0,43.0,107.0
868.0,680.0,43.0,109.0
870.0,683.0,45.0,112.0
868.0,685.0,45.0,114.0
867.0,688.0,45.0,112.0
865.0,691.0,45.0,112.0
863.0,694.0,45.0,112.0
862.0,697.0,44.0,111.0
861.0,701.0,43.0,109.0
860.0,704.0,43.0,107.0
859.0,706.0,42.0,107.0
858.0,708.0,41.0,107.0
858.0,708.0,41.0,111.0
859.0,710.0,41.0,113.0
861.0,711.0,41.0,113.0
863.0,713.0,41.0,113.0
865.0,712.0,42.0,117.0
867.0,715.0,42.0,116.0
867.0,715.0,43.0,118.0
868.0,717.0,43.0,118.0
870.0,719.0,44.0,120.0
872.0,721.0,43.0,118.0
873.0,722.0,43.0,118.0
874.0,723.0,43.0,118.0
877.0,724.0,43.0,119.0
878.0,725.0,44.0,121.0
881.0,727.0,43.0,119.0
882.0,727.0,43.0,121.0
882.0,728.0,43.0,122.0
885.0,730.0,42.0,119.0
885.0,731.0,42.0,119.0
888.0,732.0,41.0,118.0
890.0,733.0,43.0,124.0
890.0,733.0,44.0,126.0
893.0,735.0,43.0,124.0
895.0,736.0,42.0,123.0
896.0,738.0,42.0,123.0
898.0,738.0,42.0,123.0
900.0,738.0,42.0,123.0
902.0,739.0,42.0,123.0
904.0,739.0,42.0,123.0
906.0,740.0,41.0,120.0
907.0,741.0,41.0,120.0
909.0,741.0,41.0,120.0
911.0,742.0,41.0,120.0
228.0,188.0,10.0,27.0
910.0,746.0,46.0,127.0
911.0,747.0,46.0,127.0
913.0,747.0,46.0,127.0
915.0,747.0,46.0,127.0
916.0,747.0,46.0,127.0
917.0,747.0,47.0,127.0
919.0,748.0,47.0,127.0
920.0,747.0,47.0,126.0
921.0,748.0,47.0,126.0
922.0,747.0,47.0,126.0
923.0,747.0,47.0,126.0
923.0,747.0,48.0,126.0
924.0,747.0,48.0,126.0
925.0,749.0,48.0,126.0
926.0,750.0,48.0,126.0
928.0,750.0,48.0,126.0
929.0,751.0,48.0,126.0
931.0,752.0,48.0,126.0
933.0,751.0,48.0,126.0
935.0,753.0,48.0,126.0
937.0,753.0,48.0,126.0
939.0,753.0,48.0,126.0
941.0,754.0,48.0,126.0
943.0,754.0,48.0,126.0
945.0,755.0,48.0,126.0
947.0,755.0,48.0,126.0
948.0,756.0,48.0,126.0
950.0,757.0,48.0,126.0
951.0,757.0,48.0,126.0
953.0,758.0,48.0,126.0
954.0,759.0,48.0,126.0
955.0,758.0,48.0,126.0
957.0,759.0,48.0,126.0
958.0,759.0,48.0,126.0
959.0,758.0,48.0,126.0
240.0,191.0,12.0,26.0
965.0,769.0,38.0,104.0
966.0,770.0,39.0,106.0
968.0,768.0,39.0,109.0
966.0,773.0,39.0,106.0
969.0,771.0,39.0,109.0
969.0,772.0,39.0,109.0
963.0,775.0,40.0,110.0
961.0,782.0,39.0,109.0
958.0,788.0,39.0,109.0
960.0,786.0,39.0,109.0
962.0,790.0,39.0,109.0
964.0,793.0,38.0,104.0
967.0,795.0,36.0,100.0
970.0,797.0,36.0,100.0
983.0,784.0,36.0,100.0
984.0,787.0,36.0,97.0
987.0,785.0,36.0,100.0
991.0,787.0,36.0,97.0
992.0,786.0,36.0,98.0
987.0,809.0,36.0,97.0
988.0,811.0,36.0,97.0
990.0,815.0,35.0,94.0
991.0,817.0,35.0,95.0
1005.0,791.0,36.0,97.0
1007.0,789.0,36.0,98.0
1009.0,791.0,36.0,97.0
1011.0,789.0,36.0,98.0
1013.0,789.0,36.0,99.0
1015.0,790.0,35.0,97.0
1014.0,791.0,35.0,96.0
1015.0,791.0,35.0,98.0
1017.0,792.0,35.0,98.0
1019.0,793.0,34.0,97.0
1020.0,796.0,34.0,96.0
1021.0,798.0,34.0,95.0
1022.0,801.0,34.0,95.0
1025.0,800.0,34.0,95.0
1029.0,800.0,34.0,94.0
1033.0,800.0,34.0,95.0
1035.0,801.0,34.0,95.0
1037.0,801.0,34.0,95.0
1039.0,802.0,34.0,96.0
1041.0,803.0,35.0,98.0
1043.0,803.0,35.0,98.0
1046.0,804.0,35.0,98.0
1048.0,805.0,35.0,98.0
1049.0,807.0,35.0,98.0
1051.0,807.0,35.0,98.0
1053.0,808.0,35.0,99.0
1055.0,808.0,35.0,99.0
1057.0,809.0,36.0,101.0
1057.0,808.0,36.0,101.0
1059.0,809.0,35.0,99.0
1061.0,809.0,35.0,99.0
1062.0,810.0,35.0,100.0
1062.0,811.0,35.0,100.0
1064.0,812.0,35.0,100.0
1065.0,814.0,35.0,100.0
1067.0,815.0,35.0,101.0
1068.0,816.0,36.0,103.0
1070.0,817.0,35.0,101.0
1072.0,819.0,35.0,102.0
1074.0,818.0,35.0,102.0
269.0,203.0,10.0,28.0
1074.0,804.0,48.0,130.0
1077.0,804.0,48.0,130.0
1081.0,804.0,48.0,130.0
1085.0,804.0,48.0,130.0
1088.0,804.0,48.0,130.0
1092.0,804.0,48.0,130.0
1094.0,806.0,48.0,130.0
1098.0,806.0,48.0,130.0
1100.0,806.0,48.0,130.0
1101.0,808.0,48.0,130.0
1103.0,810.0,48.0,130.0
1105.0,808.0,48.0,130.0
1105.0,809.0,48.0,130.0
1105.0,808.0,48.0,130.0
1105.0,808.0,48.0,130.0
1105.0,808.0,48.0,130.0
1106.0,807.0,48.0,130.0
1108.0,807.0,48.0,130.0
1106.0,807.0,48.0,130.0
1107.0,807.0,48.0,130.0
1107.0,809.0,48.0,130.0
1107.0,807.0,48.0,130.0
1107.0,808.0,48.0,130.0
1107.0,807.0,48.0,130.0
1107.0,808.0,48.0,130.0
1107.0,807.0,48.0,130.0
1107.0,806.0,48.0,130.0
1107.0,806.0,48.0,130.0
1107.0,805.0,48.0,130.0
1107.0,803.0,48.0,130.0
1107.0,805.0,48.0,130.0
1107.0,803.0,48.0,130.0
1109.0,806.0,48.0,130.0
1109.0,806.0,48.0,130.0
1109.0,806.0,48.0,130.0
1109.0,806.0,48.0,130.0
1110.0,806.0,48.0,130.0
1111.0,806.0,48.0,130.0
1113.0,806.0,48.0,130.0
1113.0,806.0,48.0,130.0
1113.0,806.0,48.0,130.0
1113.0,806.0,48.0,130.0
1115.0,806.0,48.0,130.0
1117.0,806.0,48.0,130.0
1117.0,806.0,48.0,130.0
1118.0,808.0,48.0,130.0
1120.0,806.0,48.0,130.0
1121.0,808.0,48.0,130.0
1122.0,808.0,48.0,130.0
1124.0,808.0,48.0,130.0
1126.0,808.0,48.0,130.0
1128.0,809.0,48.0,130.0
1130.0,809.0,48.0,130.0
1132.0,809.0,48.0,130.0
1133.0,809.0,48.0,130.0
1135.0,809.0,48.0,130.0
1137.0,809.0,48.0,130.0
1139.0,809.0,48.0,130.0
1141.0,811.0,48.0,130.0
1143.0,814.0,48.0,130.0
1145.0,814.0,48.0,130.0
1146.0,814.0,48.0,130.0
1147.0,814.0,48.0,130.0
1149.0,815.0,48.0,130.0
1150.0,815.0,48.0,130.0
1152.0,815.0,48.0,130.0
1153.0,813.0,48.0,130.0
1151.0,812.0,48.0,130.0
1153.0,813.0,48.0,129.0
1152.0,812.0,48.0,129.0
1152.0,813.0,48.0,129.0
1151.0,811.0,47.0,129.0
1152.0,813.0,47.0,129.0
1150.0,811.0,48.0,128.0
1150.0,813.0,48.0,128.0
1148.0,811.0,48.0,128.0
1145.0,813.0,47.0,128.0
1143.0,811.0,47.0,127.0
1143.0,811.0,47.0,127.0
1143.0,809.0,47.0,127.0
1141.0,808.0,47.0,127.0
1140.0,809.0,47.0,127.0
1139.0,808.0,47.0,127.0
1138.0,809.0,47.0,128.0
1136.0,809.0,47.0,128.0
1136.0,809.0,47.0,129.0
1134.0,809.0,47.0,129.0
1132.0,809.0,47.0,130.0
1132.0,809.0,47.0,130.0
1134.0,810.0,47.0,130.0
1134.0,810.0,47.0,130.0
1135.0,810.0,47.0,130.0
1137.0,810.0,47.0,130.0
1138.0,810.0,47.0,130.0
1139.0,811.0,47.0,130.0
1140.0,811.0,47.0,130.0
1142.0,813.0,47.0,130.0
1143.0,814.0,47.0,130.0
1144.0,814.0,47.0,130.0
288.0,206.0,10.0,28.0
1151.0,818.0,46.0,128.0
1153.0,818.0,46.0,128.0
1155.0,820.0,46.0,128.0
1157.0,820.0,46.0,128.0
1159.0,820.0,46.0,128.0
1161.0,820.0,46.0,128.0
1163.0,820.0,46.0,128.0
1165.0,820.0,46.0,128.0
1167.0,821.0,46.0,128.0
1169.0,823.0,46.0,128.0
1170.0,825.0,46.0,128.0
1172.0,825.0,46.0,128.0
1173.0,826.0,46.0,128.0
1173.0,827.0,46.0,128.0
1173.0,827.0,46.0,128.0
1173.0,827.0,46.0,128.0
1173.0,829.0,46.0,128.0
1171.0,827.0,46.0,128.0
1171.0,827.0,46.0,128.0
1170.0,828.0,46.0,128.0
1169.0,829.0,46.0,128.0
1169.0,829.0,46.0,128.0
1168.0,831.0,46.0,128.0
1168.0,831.0,46.0,128.0
1166.0,833.0,46.0,128.0
1165.0,833.0,46.0,128.0
1163.0,833.0,46.0,128.0
1163.0,835.0,46.0,128.0
1161.0,835.0,46.0,128.0
1160.0,835.0,46.0,128.0
1160.0,835.0,46.0,128.0
1158.0,834.0,46.0,128.0
1158.0,834.0,46.0,128.0
1158.0,834.0,46.0,128.0
1160.0,836.0,46.0,128.0
1161.0,837.0,46.0,128.0
1163.0,839.0,46.0,128.0
1164.0,839.0,46.0,128.0
1166.0,841.0,46.0,128.0
1166.0,841.0,46.0,128.0
1168.0,843.0,46.0,128.0
1168.0,843.0,46.0,128.0
1170.0,843.0,46.0,128.0
1170.0,844.0,46.0,128.0
1170.0,844.0,46.0,128.0
1170.0,844.0,46.0,128.0
1170.0,844.0,46.0,128.0
1170.0,846.0,46.0,128.0
1170.0,847.0,46.0,128.0
1170.0,848.0,46.0,128.0
1168.0,849.0,46.0,128.0
1168.0,851.0,46.0,128.0
1168.0,851.0,46.0,128.0
1168.0,853.0,46.0,128.0
1167.0,853.0,46.0,128.0
1167.0,853.0,46.0,128.0
1167.0,855.0,46.0,128.0
1167.0,855.0,46.0,128.0
1167.0,856.0,46.0,128.0
1167.0,857.0,46.0,128.0
1167.0,858.0,46.0,128.0
1167.0,860.0,46.0,128.0
1167.0,861.0,46.0,127.0
1167.0,863.0,46.0,127.0
1167.0,865.0,46.0,127.0
1169.0,867.0,46.0,127.0
1169.0,869.0,46.0,127.0
1171.0,871.0,46.0,127.0
1171.0,871.0,46.0,127.0
1171.0,873.0,46.0,127.0
1172.0,873.0,46.0,126.0
1172.0,875.0,46.0,126.0
1174.0,875.0,46.0,126.0
1176.0,877.0,46.0,126.0
1176.0,879.0,46.0,126.0
1178.0,881.0,46.0,126.0
1180.0,883.0,46.0,126.0
1180.0,885.0,46.0,126.0
1182.0,887.0,46.0,126.0
1184.0,889.0,47.0,126.0
1185.0,891.0,47.0,126.0
1187.0,893.0,47.0,126.0
1188.0,895.0,47.0,126.0
1190.0,895.0,47.0,126.0
1191.0,897.0,47.0,126.0
1193.0,899.0,47.0,126.0
1193.0,900.0,47.0,126.0
1195.0,903.0,47.0,126.0
1196.0,905.0,47.0,126.0
1196.0,907.0,47.0,126.0
1197.0,909.0,47.0,126.0
1197.0,911.0,47.0,126.0
1197.0,913.0,47.0,126.0
1197.0,915.0,47.0,126.0
1197.0,917.0,47.0,126.0
1197.0,918.0,47.0,126.0
1195.0,920.0,47.0,126.0
1194.0,920.0,47.0,126.0
1194.0,922.0,47.0,126.0
298.0,233.0,11.0,26.0
1191.0,927.0,51.0,121.0
1191.0,929.0,51.0,121.0
1193.0,931.0,52.0,122.0
1194.0,934.0,52.0,122.0
1194.0,937.0,52.0,123.0
1196.0,938.0,52.0,123.0
1198.0,942.0,52.0,122.0
1199.0,944.0,52.0,122.0
1200.0,944.0,52.0,122.0
1202.0,946.0,52.0,122.0
1204.0,948.0,52.0,121.0
1206.0,948.0,52.0,120.0
1208.0,950.0,52.0,119.0
1212.0,953.0,52.0,115.0
1214.0,957.0,52.0,112.0
1214.0,959.0,52.0,110.0
1216.0,959.0,52.0,110.0
1218.0,962.0,52.0,108.0
1218.0,965.0,52.0,104.0
1218.0,967.0,52.0,103.0
1219.0,969.0,52.0,101.0
1219.0,971.0,52.0,99.0
1219.0,972.0,52.0,98.0
1219.0,974.0,52.0,96.0
1217.0,976.0,52.0,94.0
