1225.0,604.0,53.0,140.0
1225.0,604.0,53.0,140.0
1226.0,604.0,54.0,140.0
1226.0,604.0,54.0,139.0
1228.0,604.0,54.0,139.0
1228.0,604.0,54.0,139.0
1230.0,604.0,54.0,139.0
1230.0,604.0,54.0,139.0
1231.0,604.0,54.0,139.0
1231.0,604.0,54.0,139.0
1233.0,604.0,55.0,139.0
1233.0,605.0,55.0,138.0
1235.0,604.0,55.0,138.0
1235.0,604.0,55.0,138.0
1236.0,604.0,55.0,138.0
1238.0,604.0,55.0,138.0
1238.0,604.0,55.0,138.0
1239.0,604.0,55.0,138.0
1239.0,604.0,55.0,138.0
1241.0,604.0,55.0,138.0
1242.0,604.0,55.0,138.0
1242.0,604.0,55.0,138.0
1242.0,604.0,55.0,138.0
1242.0,604.0,55.0,138.0
1242.0,604.0,55.0,138.0
1244.0,604.0,55.0,138.0
1244.0,604.0,55.0,138.0
1244.0,604.0,55.0,138.0
1244.0,604.0,55.0,138.0
1244.0,604.0,55.0,138.0
1244.0,604.0,55.0,138.0
1244.0,604.0,55.0,138.0
1244.0,604.0,55.0,138.0
1245.0,604.0,55.0,138.0
1244.0,604.0,55.0,138.0
1244.0,604.0,55.0,138.0
1244.0,604.0,55.0,138.0
1244.0,604.0,55.0,138.0
1244.0,604.0,55.0,138.0
1244.0,604.0,55.0,138.0
1244.0,604.0,55.0,138.0
1244.0,604.0,55.0,138.0
1243.0,604.0,55.0,138.0
1242.0,604.0,55.0,138.0
1242.0,604.0,55.0,138.0
1242.0,604.0,55.0,138.0
1242.0,603.0,55.0,138.0
1241.0,603.0,55.0,138.0
1241.0,603.0,55.0,138.0
1241.0,603.0,55.0,138.0
1240.0,603.0,55.0,138.0
1239.0,603.0,55.0,138.0
1239.0,603.0,55.0,138.0
1239.0,602.0,55.0,138.0
1239.0,602.0,55.0,138.0
1239.0,602.0,55.0,138.0
1238.0,602.0,55.0,138.0
1238.0,602.0,55.0,138.0
1236.0,602.0,54.0,138.0
1236.0,602.0,54.0,138.0
1236.0,602.0,54.0,138.0
1236.0,602.0,54.0,137.0
1235.0,601.0,54.0,137.0
1235.0,601.0,54.0,137.0
1235.0,601.0,54.0,137.0
1235.0,601.0,54.0,137.0
1235.0,601.0,54.0,137.0
1234.0,599.0,54.0,137.0
1234.0,599.0,54.0,137.0
1234.0,599.0,54.0,137.0
1234.0,599.0,54.0,137.0
1234.0,599.0,54.0,137.0
1233.0,599.0,54.0,137.0
1233.0,599.0,54.0,137.0
1233.0,599.0,54.0,137.0
1233.0,597.0,54.0,137.0
1233.0,597.0,54.0,138.0
1233.0,597.0,54.0,138.0
1232.0,597.0,54.0,138.0
1232.0,598.0,54.0,138.0
1232.0,598.0,54.0,139.0
1232.0,598.0,54.0,139.0
1231.0,598.0,54.0,139.0
1231.0,598.0,54.0,139.0
1231.0,598.0,54.0,139.0
1231.0,598.0,54.0,139.0
1230.0,598.0,54.0,139.0
1230.0,598.0,54.0,139.0
1230.0,598.0,54.0,139.0
1229.0,598.0,54.0,139.0
1229.0,596.0,55.0,139.0
1230.0,596.0,55.0,139.0
1230.0,596.0,55.0,139.0
1229.0,596.0,55.0,139.0
1229.0,597.0,55.0,139.0
1229.0,595.0,55.0,139.0
1228.0,595.0,56.0,139.0
1230.0,595.0,56.0,139.0
1229.0,595.0,56.0,139.0
294.0,155.0,14.0,29.0
1174.0,612.0,67.0,136.0
1174.0,612.0,67.0,136.0
1173.0,612.0,67.0,136.0
1172.0,610.0,67.0,136.0
1172.0,610.0,67.0,136.0
1172.0,610.0,67.0,136.0
1172.0,611.0,67.0,136.0
1172.0,611.0,67.0,136.0
1172.0,609.0,67.0,136.0
1172.0,609.0,67.0,136.0
1172.0,609.0,67.0,136.0
1172.0,609.0,67.0,136.0
1172.0,608.0,67.0,136.0
1172.0,608.0,67.0,136.0
1172.0,608.0,67.0,136.0
1172.0,608.0,67.0,136.0
1172.0,608.0,67.0,136.0
1174.0,608.0,67.0,136.0
1174.0,608.0,67.0,136.0
1174.0,608.0,67.0,136.0
1174.0,609.0,67.0,136.0
1176.0,607.0,67.0,136.0
1176.0,607.0,67.0,136.0
1176.0,607.0,67.0,136.0
1177.0,607.0,67.0,136.0
1177.0,607.0,67.0,136.0
1177.0,607.0,67.0,136.0
1177.0,608.0,67.0,136.0
1179.0,608.0,67.0,136.0
1179.0,608.0,67.0,136.0
1179.0,608.0,67.0,136.0
1179.0,608.0,67.0,136.0
1179.0,608.0,67.0,136.0
1181.0,608.0,67.0,136.0
1181.0,607.0,67.0,136.0
1181.0,607.0,67.0,136.0
1182.0,607.0,67.0,136.0
1182.0,607.0,67.0,136.0
1184.0,607.0,67.0,136.0
1184.0,607.0,67.0,136.0
1184.0,607.0,67.0,136.0
1186.0,607.0,67.0,136.0
1187.0,607.0,67.0,137.0
1187.0,607.0,67.0,137.0
1189.0,607.0,67.0,137.0
1189.0,607.0,67.0,137.0
1189.0,607.0,67.0,137.0
1191.0,607.0,67.0,137.0
1191.0,607.0,67.0,137.0
1191.0,607.0,67.0,137.0
1191.0,605.0,67.0,137.0
1191.0,605.0,67.0,137.0
1192.0,605.0,67.0,137.0
1192.0,605.0,67.0,138.0
1192.0,605.0,67.0,138.0
1194.0,605.0,67.0,138.0
1194.0,605.0,67.0,138.0
1194.0,605.0,67.0,138.0
1196.0,605.0,67.0,138.0
1196.0,605.0,67.0,138.0
1196.0,604.0,67.0,138.0
1197.0,604.0,67.0,138.0
1197.0,604.0,67.0,138.0
1199.0,604.0,67.0,138.0
1199.0,604.0,67.0,138.0
1199.0,604.0,67.0,138.0
1200.0,604.0,67.0,138.0
1201.0,603.0,67.0,138.0
1202.0,603.0,67.0,138.0
1203.0,603.0,67.0,138.0
1204.0,603.0,67.0,138.0
1205.0,603.0,67.0,138.0
1206.0,603.0,67.0,138.0
1206.0,603.0,67.0,138.0
1206.0,603.0,67.0,138.0
1208.0,602.0,67.0,138.0
1208.0,602.0,67.0,138.0
1210.0,602.0,67.0,138.0
1212.0,601.0,67.0,138.0
1212.0,600.0,67.0,138.0
1214.0,600.0,67.0,138.0
1216.0,600.0,67.0,138.0
1216.0,600.0,67.0,138.0
1218.0,598.0,67.0,138.0
1219.0,598.0,67.0,138.0
1220.0,598.0,67.0,138.0
1221.0,596.0,67.0,138.0
1223.0,596.0,67.0,138.0
1224.0,596.0,67.0,138.0
1225.0,596.0,67.0,138.0
1226.0,596.0,67.0,138.0
1227.0,596.0,67.0,138.0
1229.0,596.0,67.0,138.0
1231.0,596.0,67.0,138.0
1231.0,595.0,67.0,138.0
1233.0,594.0,67.0,138.0
1233.0,594.0,67.0,138.0
1235.0,594.0,67.0,138.0
1235.0,594.0,67.0,138.0
307.0,157.0,14.0,32.0
1223.0,620.0,67.0,147.0
1224.0,620.0,67.0,147.0
1225.0,620.0,67.0,147.0
1227.0,620.0,67.0,147.0
1228.0,620.0,67.0,147.0
1228.0,620.0,67.0,147.0
1230.0,620.0,67.0,147.0
1232.0,620.0,67.0,147.0
1232.0,620.0,67.0,147.0
1234.0,620.0,67.0,147.0
1235.0,620.0,67.0,147.0
1236.0,620.0,67.0,147.0
1238.0,618.0,67.0,147.0
1239.0,618.0,67.0,147.0
1240.0,618.0,67.0,147.0
1240.0,618.0,67.0,147.0
1242.0,620.0,67.0,147.0
1244.0,620.0,67.0,147.0
1244.0,620.0,67.0,147.0
1244.0,620.0,67.0,147.0
1246.0,620.0,67.0,147.0
1248.0,620.0,67.0,147.0
1248.0,620.0,67.0,147.0
1249.0,620.0,67.0,147.0
1250.0,620.0,67.0,147.0
1252.0,620.0,67.0,147.0
1254.0,620.0,67.0,147.0
1256.0,620.0,67.0,147.0
1256.0,621.0,67.0,147.0
1257.0,621.0,67.0,147.0
1258.0,621.0,67.0,147.0
1260.0,621.0,67.0,147.0
1261.0,621.0,67.0,147.0
1261.0,623.0,67.0,147.0
1263.0,623.0,67.0,147.0
1265.0,623.0,67.0,147.0
1265.0,623.0,67.0,147.0
1265.0,624.0,67.0,147.0
1266.0,624.0,67.0,147.0
1267.0,624.0,67.0,147.0
1269.0,624.0,67.0,147.0
1270.0,624.0,67.0,147.0
1270.0,624.0,67.0,147.0
1272.0,624.0,67.0,147.0
1274.0,626.0,67.0,147.0
1274.0,626.0,67.0,147.0
1274.0,626.0,67.0,147.0
1275.0,626.0,67.0,147.0
1277.0,626.0,67.0,147.0
1278.0,626.0,67.0,147.0
1279.0,626.0,67.0,147.0
1280.0,626.0,67.0,147.0
1282.0,626.0,67.0,147.0
1283.0,626.0,67.0,147.0
1283.0,628.0,67.0,147.0
1285.0,628.0,67.0,147.0
1286.0,628.0,67.0,147.0
1287.0,630.0,67.0,147.0
1287.0,630.0,67.0,147.0
1287.0,630.0,67.0,147.0
1289.0,630.0,67.0,147.0
1291.0,630.0,67.0,147.0
1291.0,630.0,67.0,147.0
1292.0,630.0,67.0,147.0
1292.0,630.0,67.0,147.0
1292.0,630.0,67.0,147.0
1294.0,630.0,67.0,147.0
1296.0,631.0,67.0,147.0
1296.0,632.0,67.0,147.0
1296.0,632.0,67.0,147.0
1297.0,632.0,67.0,147.0
1297.0,632.0,67.0,147.0
1299.0,634.0,67.0,147.0
1301.0,634.0,67.0,147.0
1301.0,634.0,67.0,147.0
1301.0,634.0,67.0,147.0
1303.0,636.0,67.0,147.0
1305.0,636.0,67.0,147.0
1305.0,636.0,67.0,147.0
1305.0,636.0,67.0,147.0
1306.0,636.0,67.0,147.0
1308.0,638.0,67.0,147.0
1309.0,638.0,67.0,147.0
1310.0,638.0,67.0,147.0
1311.0,638.0,67.0,147.0
1312.0,639.0,67.0,147.0
1314.0,640.0,67.0,147.0
1312.0,640.0,67.0,147.0
1314.0,640.0,67.0,147.0
1315.0,641.0,67.0,147.0
1315.0,641.0,67.0,147.0
1316.0,642.0,67.0,147.0
1316.0,642.0,67.0,147.0
1318.0,642.0,67.0,147.0
1320.0,643.0,67.0,147.0
1321.0,644.0,67.0,147.0
1323.0,644.0,67.0,147.0
1325.0,644.0,67.0,147.0
1327.0,645.0,67.0,147.0
341.0,162.0,14.0,32.0
1361.0,639.0,67.0,147.0
1363.0,639.0,67.0,147.0
1365.0,640.0,67.0,147.0
1367.0,641.0,67.0,147.0
1370.0,643.0,67.0,147.0
1372.0,644.0,67.0,146.0
1374.0,644.0,66.0,146.0
1376.0,644.0,67.0,146.0
1378.0,644.0,66.0,146.0
1378.0,645.0,66.0,146.0
1378.0,645.0,66.0,146.0
1380.0,645.0,66.0,146.0
1381.0,645.0,67.0,146.0
1381.0,645.0,67.0,146.0
1383.0,645.0,67.0,146.0
1385.0,647.0,67.0,146.0
1385.0,649.0,67.0,146.0
1387.0,647.0,67.0,146.0
1387.0,649.0,67.0,146.0
1389.0,649.0,67.0,146.0
1391.0,649.0,67.0,146.0
1391.0,649.0,67.0,146.0
1391.0,650.0,67.0,145.0
1393.0,650.0,68.0,146.0
1393.0,650.0,68.0,145.0
1394.0,650.0,68.0,146.0
1394.0,652.0,68.0,145.0
1396.0,653.0,68.0,145.0
1396.0,652.0,68.0,145.0
1397.0,653.0,68.0,145.0
1397.0,652.0,68.0,145.0
1399.0,653.0,68.0,145.0
1399.0,652.0,68.0,145.0
1400.0,653.0,68.0,145.0
1400.0,653.0,68.0,145.0
1401.0,653.0,68.0,145.0
1401.0,653.0,68.0,145.0
1403.0,653.0,68.0,145.0
1403.0,653.0,68.0,145.0
1405.0,653.0,68.0,145.0
1407.0,654.0,68.0,145.0
1409.0,654.0,68.0,145.0
1409.0,654.0,68.0,145.0
1411.0,655.0,68.0,145.0
1413.0,657.0,68.0,145.0
1415.0,655.0,68.0,145.0
1417.0,657.0,68.0,145.0
1419.0,657.0,68.0,145.0
1420.0,657.0,68.0,145.0
1422.0,657.0,68.0,145.0
1423.0,655.0,68.0,145.0
1423.0,657.0,68.0,145.0
1425.0,657.0,68.0,145.0
1425.0,657.0,68.0,145.0
1425.0,657.0,68.0,145.0
1425.0,657.0,68.0,145.0
1425.0,658.0,68.0,145.0
1425.0,658.0,68.0,145.0
1425.0,658.0,68.0,145.0
1426.0,658.0,68.0,145.0
1426.0,660.0,68.0,145.0
