913.0,507.0,34.0,84.0
913.0,506.0,34.0,84.0
914.0,505.0,34.0,85.0
914.0,504.0,35.0,85.0
916.0,502.0,35.0,85.0
917.0,501.0,35.0,85.0
918.0,500.0,35.0,86.0
919.0,499.0,35.0,86.0
920.0,497.0,36.0,86.0
921.0,496.0,36.0,87.0
921.0,496.0,36.0,87.0
923.0,495.0,36.0,87.0
924.0,495.0,36.0,87.0
924.0,495.0,36.0,87.0
925.0,495.0,36.0,87.0
926.0,495.0,36.0,87.0
927.0,495.0,36.0,87.0
927.0,495.0,36.0,87.0
928.0,495.0,36.0,87.0
929.0,495.0,36.0,87.0
930.0,495.0,36.0,87.0
931.0,495.0,36.0,87.0
931.0,495.0,36.0,87.0
932.0,495.0,36.0,87.0
933.0,495.0,36.0,87.0
934.0,496.0,36.0,87.0
935.0,495.0,36.0,87.0
936.0,495.0,36.0,87.0
937.0,495.0,36.0,87.0
938.0,495.0,36.0,87.0
939.0,495.0,36.0,88.0
940.0,495.0,35.0,88.0
941.0,494.0,35.0,88.0
942.0,494.0,35.0,88.0
943.0,494.0,36.0,89.0
943.0,494.0,36.0,89.0
945.0,494.0,36.0,89.0
946.0,494.0,35.0,89.0
948.0,494.0,35.0,89.0
949.0,494.0,35.0,89.0
950.0,494.0,35.0,90.0
950.0,494.0,35.0,90.0
951.0,494.0,35.0,90.0
951.0,494.0,36.0,90.0
952.0,494.0,37.0,90.0
952.0,494.0,38.0,90.0
953.0,494.0,38.0,90.0
953.0,494.0,39.0,90.0
954.0,494.0,39.0,90.0
955.0,494.0,39.0,90.0
956.0,494.0,39.0,90.0
956.0,494.0,39.0,90.0
958.0,494.0,39.0,90.0
958.0,494.0,39.0,90.0
960.0,494.0,39.0,90.0
960.0,494.0,39.0,90.0
961.0,494.0,39.0,90.0
962.0,494.0,39.0,90.0
963.0,494.0,39.0,90.0
964.0,495.0,39.0,90.0
965.0,495.0,39.0,90.0
966.0,495.0,39.0,90.0
967.0,495.0,39.0,90.0
968.0,495.0,39.0,90.0
969.0,496.0,39.0,90.0
969.0,496.0,39.0,90.0
971.0,496.0,39.0,90.0
972.0,496.0,39.0,90.0
972.0,497.0,39.0,90.0
973.0,497.0,39.0,90.0
975.0,497.0,39.0,90.0
975.0,497.0,39.0,90.0
976.0,498.0,39.0,90.0
977.0,498.0,39.0,90.0
978.0,498.0,39.0,90.0
979.0,498.0,39.0,90.0
980.0,499.0,39.0,90.0
980.0,499.0,39.0,90.0
982.0,499.0,39.0,90.0
983.0,499.0,39.0,90.0
983.0,500.0,39.0,90.0
986.0,500.0,38.0,90.0
987.0,500.0,38.0,90.0
988.0,500.0,38.0,90.0
990.0,500.0,38.0,90.0
991.0,500.0,38.0,90.0
992.0,501.0,38.0,90.0
993.0,501.0,38.0,90.0
995.0,501.0,38.0,90.0
991.0,502.0,39.0,90.0
993.0,502.0,39.0,90.0
993.0,503.0,39.0,90.0
994.0,503.0,39.0,90.0
995.0,503.0,39.0,90.0
996.0,503.0,39.0,90.0
997.0,503.0,39.0,90.0
998.0,503.0,39.0,90.0
999.0,503.0,39.0,90.0
999.0,503.0,39.0,90.0
199.0,130.0,12.0,24.0
792.0,512.0,57.0,111.0
791.0,512.0,57.0,111.0
790.0,512.0,57.0,111.0
789.0,512.0,57.0,111.0
787.0,512.0,57.0,111.0
787.0,512.0,57.0,111.0
785.0,512.0,57.0,111.0
784.0,513.0,57.0,111.0
783.0,513.0,57.0,111.0
781.0,513.0,57.0,111.0
779.0,513.0,57.0,111.0
779.0,513.0,57.0,111.0
777.0,513.0,57.0,111.0
777.0,514.0,57.0,111.0
775.0,514.0,57.0,111.0
773.0,516.0,57.0,111.0
773.0,516.0,57.0,111.0
771.0,517.0,57.0,111.0
769.0,517.0,57.0,111.0
769.0,517.0,57.0,111.0
767.0,517.0,57.0,111.0
767.0,517.0,57.0,111.0
765.0,516.0,57.0,111.0
765.0,516.0,57.0,111.0
763.0,516.0,57.0,111.0
763.0,516.0,57.0,111.0
761.0,516.0,57.0,111.0
761.0,516.0,57.0,111.0
759.0,516.0,57.0,111.0
759.0,516.0,57.0,111.0
757.0,516.0,57.0,111.0
755.0,516.0,57.0,111.0
755.0,516.0,57.0,111.0
753.0,516.0,57.0,111.0
752.0,514.0,57.0,111.0
751.0,514.0,57.0,111.0
750.0,514.0,57.0,111.0
749.0,514.0,57.0,111.0
748.0,514.0,57.0,111.0
747.0,514.0,57.0,111.0
745.0,514.0,57.0,111.0
745.0,514.0,57.0,111.0
743.0,514.0,57.0,111.0
741.0,514.0,57.0,111.0
740.0,515.0,57.0,111.0
739.0,515.0,57.0,111.0
738.0,514.0,57.0,111.0
736.0,514.0,57.0,111.0
734.0,514.0,57.0,111.0
734.0,513.0,57.0,111.0
732.0,512.0,57.0,111.0
730.0,512.0,57.0,111.0
730.0,512.0,57.0,111.0
728.0,512.0,57.0,111.0
728.0,512.0,57.0,111.0
726.0,512.0,57.0,111.0
724.0,512.0,57.0,111.0
724.0,512.0,57.0,111.0
722.0,512.0,57.0,111.0
720.0,510.0,57.0,111.0
720.0,510.0,57.0,111.0
718.0,508.0,57.0,111.0
716.0,508.0,57.0,111.0
714.0,507.0,57.0,111.0
714.0,507.0,57.0,111.0
712.0,507.0,57.0,111.0
711.0,507.0,57.0,111.0
710.0,507.0,57.0,111.0
709.0,507.0,57.0,111.0
707.0,508.0,57.0,111.0
705.0,508.0,57.0,111.0
704.0,508.0,57.0,111.0
703.0,508.0,57.0,111.0
701.0,508.0,57.0,111.0
699.0,507.0,57.0,111.0
698.0,505.0,57.0,111.0
697.0,505.0,57.0,111.0
698.0,505.0,57.0,111.0
698.0,505.0,57.0,111.0
698.0,505.0,57.0,111.0
697.0,506.0,57.0,111.0
696.0,506.0,57.0,111.0
173.0,128.0,12.0,24.0
702.0,514.0,40.0,92.0
698.0,509.0,42.0,98.0
698.0,512.0,41.0,97.0
697.0,508.0,41.0,97.0
696.0,506.0,43.0,100.0
693.0,505.0,45.0,104.0
694.0,508.0,44.0,101.0
691.0,504.0,44.0,101.0
691.0,504.0,44.0,101.0
690.0,504.0,44.0,103.0
689.0,504.0,44.0,103.0
688.0,503.0,45.0,104.0
686.0,503.0,45.0,104.0
684.0,502.0,45.0,106.0
684.0,502.0,45.0,106.0
682.0,504.0,45.0,104.0
169.0,126.0,12.0,24.0
673.0,499.0,57.0,111.0
671.0,499.0,57.0,111.0
671.0,497.0,57.0,111.0
669.0,499.0,57.0,111.0
669.0,497.0,57.0,111.0
667.0,499.0,57.0,111.0
666.0,497.0,57.0,111.0
665.0,498.0,57.0,111.0
663.0,497.0,57.0,111.0
663.0,498.0,57.0,111.0
661.0,495.0,57.0,111.0
661.0,495.0,57.0,111.0
659.0,495.0,57.0,111.0
657.0,493.0,57.0,111.0
657.0,495.0,57.0,111.0
655.0,493.0,57.0,111.0
655.0,493.0,57.0,111.0
653.0,493.0,57.0,111.0
651.0,493.0,57.0,111.0
651.0,493.0,57.0,111.0
649.0,493.0,57.0,111.0
647.0,493.0,57.0,111.0
646.0,493.0,57.0,111.0
644.0,493.0,57.0,111.0
642.0,492.0,57.0,111.0
640.0,492.0,57.0,111.0
638.0,492.0,57.0,111.0
636.0,492.0,57.0,111.0
634.0,490.0,57.0,111.0
634.0,489.0,57.0,111.0
632.0,489.0,57.0,111.0
632.0,489.0,57.0,111.0
630.0,489.0,57.0,111.0
630.0,489.0,57.0,111.0
628.0,489.0,57.0,111.0
628.0,488.0,57.0,111.0
626.0,488.0,57.0,111.0
626.0,488.0,57.0,111.0
624.0,487.0,57.0,111.0
622.0,485.0,57.0,111.0
620.0,487.0,57.0,111.0
620.0,485.0,57.0,111.0
618.0,485.0,57.0,111.0
618.0,485.0,57.0,111.0
616.0,485.0,57.0,111.0
614.0,483.0,57.0,111.0
613.0,481.0,57.0,111.0
613.0,483.0,57.0,111.0
611.0,483.0,57.0,111.0
609.0,483.0,57.0,111.0
609.0,483.0,57.0,111.0
607.0,483.0,57.0,111.0
606.0,483.0,57.0,111.0
604.0,483.0,57.0,111.0
604.0,483.0,57.0,111.0
602.0,483.0,57.0,111.0
601.0,481.0,57.0,111.0
600.0,481.0,57.0,111.0
599.0,481.0,57.0,111.0
599.0,481.0,57.0,111.0
597.0,481.0,57.0,111.0
597.0,481.0,57.0,111.0
596.0,481.0,57.0,111.0
595.0,481.0,57.0,111.0
595.0,481.0,57.0,111.0
593.0,481.0,57.0,111.0
591.0,479.0,57.0,111.0
591.0,478.0,57.0,111.0
591.0,479.0,57.0,111.0
589.0,477.0,57.0,111.0
589.0,477.0,57.0,111.0
587.0,477.0,57.0,111.0
587.0,477.0,57.0,111.0
586.0,477.0,57.0,111.0
584.0,477.0,57.0,111.0
584.0,477.0,57.0,111.0
582.0,477.0,57.0,111.0
581.0,476.0,57.0,111.0
580.0,476.0,57.0,111.0
579.0,476.0,57.0,111.0
578.0,476.0,57.0,111.0
577.0,476.0,57.0,111.0
576.0,474.0,57.0,111.0
575.0,472.0,57.0,111.0
574.0,472.0,57.0,111.0
574.0,472.0,57.0,111.0
574.0,472.0,57.0,111.0
574.0,471.0,57.0,111.0
572.0,471.0,57.0,111.0
572.0,470.0,57.0,111.0
572.0,468.0,57.0,111.0
570.0,469.0,57.0,111.0
570.0,467.0,57.0,111.0
569.0,467.0,57.0,111.0
569.0,467.0,57.0,111.0
567.0,465.0,57.0,111.0
567.0,464.0,57.0,111.0
567.0,463.0,57.0,111.0
565.0,463.0,57.0,111.0
141.0,116.0,12.0,24.0
560.0,458.0,57.0,111.0
560.0,458.0,57.0,111.0
558.0,458.0,57.0,111.0
556.0,458.0,57.0,110.0
556.0,458.0,57.0,110.0
555.0,458.0,57.0,110.0
553.0,458.0,57.0,110.0
553.0,456.0,56.0,109.0
553.0,456.0,56.0,110.0
553.0,456.0,56.0,109.0
551.0,455.0,56.0,109.0
550.0,453.0,56.0,109.0
551.0,453.0,56.0,109.0
549.0,453.0,56.0,108.0
549.0,453.0,56.0,108.0
549.0,452.0,56.0,108.0
549.0,451.0,56.0,108.0
549.0,451.0,56.0,108.0
549.0,449.0,56.0,108.0
548.0,449.0,56.0,108.0
546.0,448.0,56.0,108.0
548.0,447.0,56.0,108.0
546.0,447.0,56.0,108.0
546.0,446.0,56.0,108.0
546.0,445.0,56.0,108.0
546.0,444.0,56.0,108.0
546.0,443.0,56.0,108.0
546.0,443.0,56.0,108.0
546.0,443.0,56.0,108.0
546.0,443.0,56.0,108.0
544.0,443.0,56.0,108.0
543.0,443.0,56.0,108.0
544.0,442.0,56.0,108.0
543.0,441.0,56.0,108.0
544.0,439.0,56.0,108.0
543.0,439.0,56.0,108.0
544.0,437.0,56.0,108.0
544.0,437.0,56.0,108.0
544.0,437.0,56.0,108.0
544.0,437.0,56.0,108.0
544.0,435.0,56.0,108.0
544.0,435.0,56.0,108.0
546.0,435.0,56.0,108.0
548.0,435.0,56.0,108.0
546.0,433.0,56.0,108.0
548.0,431.0,56.0,108.0
546.0,431.0,56.0,108.0
548.0,431.0,56.0,108.0
548.0,429.0,56.0,108.0
548.0,429.0,56.0,108.0
548.0,429.0,56.0,108.0
550.0,427.0,56.0,108.0
551.0,427.0,56.0,108.0
551.0,427.0,56.0,108.0
551.0,427.0,56.0,108.0
551.0,427.0,56.0,108.0
551.0,427.0,56.0,108.0
552.0,426.0,56.0,108.0
552.0,425.0,56.0,108.0
552.0,425.0,56.0,108.0
552.0,425.0,56.0,108.0
552.0,423.0,56.0,108.0
552.0,423.0,56.0,108.0
552.0,421.0,56.0,108.0
552.0,421.0,56.0,108.0
552.0,419.0,56.0,108.0
554.0,419.0,56.0,108.0
555.0,418.0,56.0,108.0
554.0,417.0,56.0,108.0
555.0,417.0,56.0,108.0
556.0,415.0,56.0,108.0
556.0,415.0,56.0,108.0
557.0,414.0,56.0,108.0
559.0,413.0,56.0,108.0
559.0,412.0,56.0,108.0
559.0,410.0,56.0,108.0
561.0,408.0,56.0,108.0
562.0,407.0,56.0,108.0
562.0,406.0,56.0,108.0
562.0,406.0,56.0,108.0
563.0,406.0,56.0,108.0
563.0,406.0,56.0,108.0
563.0,406.0,56.0,108.0
564.0,405.0,56.0,108.0
566.0,405.0,56.0,108.0
565.0,405.0,56.0,108.0
566.0,403.0,56.0,108.0
565.0,403.0,56.0,108.0
566.0,401.0,56.0,108.0
567.0,401.0,56.0,108.0
567.0,399.0,56.0,108.0
567.0,398.0,56.0,108.0
567.0,396.0,56.0,108.0
567.0,394.0,56.0,108.0
567.0,393.0,56.0,108.0
569.0,391.0,56.0,108.0
570.0,389.0,56.0,108.0
570.0,387.0,56.0,108.0
572.0,385.0,56.0,108.0
144.0,100.0,11.0,21.0
574.0,393.0,50.0,98.0
576.0,392.0,50.0,98.0
577.0,391.0,50.0,98.0
578.0,390.0,50.0,98.0
580.0,389.0,50.0,98.0
582.0,387.0,50.0,98.0
584.0,386.0,50.0,98.0
586.0,386.0,50.0,98.0
146.0,95.0,11.0,21.0
594.0,385.0,42.0,98.0
595.0,382.0,43.0,100.0
596.0,382.0,43.0,100.0
596.0,379.0,43.0,100.0
597.0,377.0,41.0,97.0
597.0,372.0,41.0,97.0
596.0,374.0,41.0,95.0
595.0,370.0,41.0,95.0
594.0,367.0,41.0,97.0
595.0,365.0,42.0,98.0
596.0,361.0,42.0,98.0
597.0,360.0,42.0,98.0
597.0,358.0,44.0,101.0
601.0,360.0,41.0,97.0
601.0,356.0,40.0,94.0
603.0,354.0,40.0,92.0
605.0,351.0,39.0,91.0
605.0,349.0,40.0,94.0
606.0,347.0,40.0,92.0
607.0,344.0,40.0,94.0
608.0,342.0,41.0,95.0
609.0,342.0,41.0,95.0
609.0,342.0,40.0,94.0
609.0,341.0,41.0,95.0
609.0,340.0,41.0,95.0
610.0,339.0,41.0,97.0
612.0,337.0,42.0,98.0
612.0,336.0,42.0,98.0
611.0,336.0,42.0,98.0
612.0,335.0,43.0,100.0
612.0,333.0,44.0,101.0
612.0,333.0,44.0,101.0
613.0,329.0,44.0,101.0
613.0,329.0,44.0,101.0
615.0,330.0,43.0,100.0
615.0,325.0,44.0,101.0
615.0,325.0,44.0,101.0
616.0,324.0,44.0,103.0
617.0,323.0,44.0,103.0
618.0,323.0,44.0,103.0
620.0,322.0,44.0,101.0
620.0,320.0,44.0,103.0
623.0,320.0,43.0,100.0
624.0,318.0,44.0,101.0
625.0,318.0,43.0,99.0
626.0,316.0,44.0,101.0
627.0,313.0,44.0,102.0
627.0,310.0,44.0,104.0
628.0,311.0,44.0,102.0
630.0,310.0,44.0,102.0
630.0,309.0,44.0,104.0
632.0,308.0,44.0,104.0
634.0,307.0,44.0,104.0
634.0,306.0,44.0,104.0
635.0,306.0,44.0,104.0
637.0,303.0,44.0,104.0
637.0,303.0,43.0,100.0
637.0,302.0,43.0,102.0
639.0,300.0,43.0,100.0
639.0,300.0,43.0,102.0
640.0,299.0,43.0,102.0
641.0,298.0,43.0,102.0
642.0,297.0,44.0,104.0
644.0,296.0,43.0,101.0
645.0,296.0,43.0,101.0
646.0,295.0,44.0,104.0
647.0,293.0,43.0,101.0
649.0,292.0,43.0,100.0
650.0,291.0,43.0,101.0
651.0,290.0,43.0,100.0
652.0,289.0,43.0,100.0
653.0,286.0,43.0,101.0
655.0,285.0,43.0,100.0
655.0,284.0,43.0,101.0
656.0,283.0,43.0,101.0
657.0,282.0,43.0,101.0
659.0,281.0,43.0,101.0
660.0,281.0,43.0,101.0
660.0,280.0,43.0,101.0
662.0,279.0,43.0,101.0
663.0,278.0,43.0,100.0
664.0,277.0,43.0,101.0
664.0,276.0,43.0,101.0
664.0,275.0,43.0,101.0
665.0,273.0,44.0,103.0
666.0,272.0,44.0,103.0
667.0,271.0,44.0,103.0
669.0,270.0,43.0,101.0
670.0,270.0,43.0,100.0
671.0,270.0,43.0,101.0
166.0,67.0,10.0,19.0
663.0,263.0,49.0,90.0
665.0,262.0,49.0,90.0
666.0,261.0,49.0,90.0
667.0,260.0,49.0,90.0
670.0,260.0,49.0,90.0
671.0,260.0,49.0,90.0
673.0,260.0,49.0,90.0
674.0,260.0,49.0,90.0
678.0,260.0,47.0,90.0
171.0,66.0,9.0,19.0
686.0,256.0,39.0,95.0
686.0,259.0,39.0,94.0
689.0,265.0,39.0,94.0
690.0,269.0,40.0,97.0
691.0,272.0,40.0,97.0
691.0,276.0,40.0,97.0
695.0,284.0,39.0,95.0
695.0,289.0,38.0,94.0
696.0,291.0,39.0,95.0
697.0,300.0,38.0,94.0
699.0,301.0,38.0,94.0
700.0,307.0,39.0,94.0
701.0,310.0,39.0,94.0
704.0,313.0,37.0,94.0
705.0,322.0,37.0,91.0
707.0,327.0,37.0,89.0
708.0,329.0,37.0,89.0
709.0,331.0,37.0,88.0
709.0,326.0,39.0,94.0
710.0,327.0,38.0,92.0
713.0,325.0,38.0,91.0
713.0,325.0,38.0,91.0
714.0,324.0,38.0,91.0
715.0,324.0,38.0,91.0
715.0,323.0,39.0,94.0
716.0,321.0,39.0,95.0
716.0,320.0,39.0,95.0
717.0,320.0,40.0,97.0
718.0,321.0,39.0,95.0
719.0,319.0,37.0,92.0
721.0,319.0,37.0,92.0
722.0,318.0,37.0,91.0
722.0,317.0,40.0,94.0
723.0,314.0,40.0,92.0
725.0,315.0,40.0,91.0
726.0,311.0,40.0,94.0
728.0,311.0,40.0,94.0
729.0,312.0,40.0,94.0
731.0,310.0,40.0,94.0
732.0,311.0,40.0,94.0
734.0,309.0,40.0,94.0
735.0,308.0,40.0,94.0
737.0,307.0,40.0,94.0
739.0,306.0,40.0,94.0
741.0,305.0,41.0,95.0
742.0,302.0,41.0,95.0
744.0,303.0,40.0,94.0
746.0,302.0,40.0,94.0
748.0,301.0,40.0,94.0
750.0,300.0,40.0,94.0
751.0,299.0,40.0,94.0
753.0,299.0,40.0,92.0
755.0,299.0,40.0,91.0
757.0,298.0,40.0,91.0
759.0,297.0,40.0,91.0
761.0,297.0,37.0,87.0
763.0,297.0,37.0,85.0
765.0,295.0,37.0,84.0
767.0,294.0,36.0,83.0
769.0,293.0,36.0,83.0
772.0,292.0,36.0,83.0
774.0,292.0,36.0,83.0
777.0,290.0,33.0,83.0
779.0,290.0,34.0,84.0
781.0,289.0,33.0,83.0
783.0,289.0,34.0,84.0
784.0,287.0,34.0,84.0
788.0,288.0,34.0,84.0
790.0,285.0,34.0,84.0
792.0,284.0,35.0,85.0
794.0,284.0,34.0,84.0
796.0,282.0,34.0,84.0
799.0,282.0,34.0,84.0
800.0,282.0,33.0,83.0
804.0,280.0,36.0,87.0
804.0,280.0,36.0,85.0
806.0,280.0,36.0,85.0
808.0,279.0,36.0,85.0
810.0,279.0,36.0,84.0
815.0,277.0,34.0,85.0
817.0,277.0,33.0,84.0
819.0,278.0,33.0,83.0
821.0,275.0,34.0,83.0
823.0,274.0,34.0,83.0
825.0,273.0,34.0,83.0
828.0,273.0,36.0,82.0
830.0,272.0,36.0,82.0
832.0,274.0,35.0,80.0
835.0,272.0,35.0,80.0
207.0,67.0,10.0,19.0
828.0,263.0,49.0,90.0
830.0,262.0,48.0,90.0
832.0,262.0,48.0,90.0
834.0,261.0,48.0,90.0
836.0,261.0,48.0,89.0
839.0,261.0,47.0,89.0
841.0,261.0,47.0,89.0
843.0,261.0,47.0,89.0
845.0,261.0,47.0,89.0
847.0,261.0,46.0,89.0
850.0,261.0,46.0,89.0
852.0,260.0,46.0,89.0
854.0,260.0,46.0,88.0
856.0,260.0,45.0,88.0
858.0,260.0,45.0,88.0
861.0,260.0,45.0,88.0
863.0,260.0,45.0,88.0
865.0,261.0,44.0,88.0
867.0,260.0,44.0,88.0
869.0,260.0,44.0,88.0
871.0,260.0,44.0,88.0
873.0,260.0,44.0,88.0
875.0,260.0,44.0,88.0
877.0,259.0,44.0,88.0
879.0,259.0,44.0,88.0
881.0,259.0,44.0,88.0
883.0,259.0,44.0,88.0
885.0,259.0,44.0,88.0
887.0,259.0,44.0,88.0
889.0,259.0,44.0,88.0
891.0,259.0,44.0,88.0
893.0,259.0,44.0,88.0
895.0,259.0,44.0,88.0
897.0,258.0,44.0,88.0
899.0,258.0,44.0,88.0
901.0,259.0,44.0,88.0
904.0,259.0,44.0,88.0
905.0,259.0,44.0,88.0
908.0,258.0,44.0,88.0
910.0,259.0,44.0,88.0
912.0,259.0,44.0,88.0
914.0,259.0,44.0,88.0
917.0,258.0,44.0,88.0
920.0,258.0,44.0,88.0
921.0,258.0,44.0,88.0
924.0,258.0,44.0,88.0
926.0,258.0,44.0,88.0
928.0,258.0,44.0,88.0
930.0,258.0,44.0,88.0
932.0,258.0,44.0,87.0
934.0,258.0,44.0,87.0
936.0,259.0,44.0,87.0
939.0,258.0,44.0,87.0
941.0,258.0,44.0,87.0
943.0,258.0,44.0,87.0
945.0,259.0,44.0,87.0
947.0,259.0,44.0,87.0
949.0,259.0,44.0,86.0
951.0,258.0,44.0,86.0
954.0,258.0,44.0,86.0
957.0,258.0,44.0,86.0
958.0,258.0,44.0,86.0
961.0,258.0,44.0,86.0
963.0,258.0,44.0,86.0
965.0,258.0,44.0,86.0
968.0,258.0,44.0,86.0
969.0,259.0,44.0,86.0
972.0,259.0,44.0,86.0
974.0,259.0,44.0,86.0
976.0,259.0,44.0,86.0
979.0,259.0,44.0,86.0
981.0,259.0,44.0,86.0
982.0,259.0,44.0,86.0
