730.0,209.0,108.0,189.0
730.0,208.0,108.0,189.0
731.0,206.0,108.0,189.0
731.0,205.0,109.0,190.0
730.0,203.0,110.0,193.0
733.0,204.0,108.0,190.0
734.0,203.0,108.0,191.0
734.0,202.0,108.0,191.0
734.0,199.0,109.0,193.0
735.0,197.0,109.0,193.0
736.0,196.0,107.0,190.0
736.0,192.0,110.0,196.0
736.0,190.0,110.0,196.0
738.0,189.0,108.0,193.0
738.0,187.0,108.0,193.0
739.0,185.0,108.0,193.0
739.0,183.0,108.0,192.0
739.0,182.0,108.0,191.0
739.0,181.0,108.0,190.0
740.0,178.0,108.0,190.0
742.0,178.0,106.0,186.0
743.0,176.0,106.0,186.0
744.0,176.0,106.0,186.0
744.0,174.0,106.0,186.0
744.0,173.0,106.0,186.0
744.0,171.0,108.0,190.0
745.0,170.0,108.0,190.0
745.0,168.0,108.0,191.0
746.0,167.0,108.0,191.0
747.0,166.0,108.0,191.0
748.0,164.0,108.0,191.0
749.0,162.0,108.0,192.0
751.0,161.0,108.0,192.0
752.0,161.0,105.0,189.0
752.0,158.0,108.0,193.0
753.0,156.0,108.0,193.0
754.0,154.0,108.0,193.0
756.0,152.0,108.0,193.0
757.0,150.0,108.0,192.0
758.0,149.0,108.0,192.0
759.0,147.0,108.0,191.0
761.0,145.0,108.0,190.0
762.0,145.0,105.0,185.0
764.0,142.0,108.0,189.0
765.0,144.0,104.0,183.0
765.0,141.0,106.0,185.0
766.0,140.0,106.0,185.0
767.0,140.0,106.0,185.0
767.0,139.0,106.0,185.0
767.0,137.0,106.0,186.0
767.0,136.0,106.0,186.0
768.0,135.0,105.0,184.0
767.0,134.0,105.0,185.0
768.0,134.0,103.0,182.0
767.0,132.0,104.0,185.0
767.0,131.0,103.0,182.0
765.0,130.0,102.0,182.0
765.0,130.0,100.0,179.0
764.0,128.0,100.0,179.0
762.0,127.0,100.0,179.0
760.0,125.0,100.0,179.0
757.0,122.0,102.0,181.0
756.0,122.0,99.0,177.0
755.0,121.0,99.0,176.0
753.0,120.0,99.0,176.0
752.0,119.0,99.0,175.0
751.0,117.0,99.0,175.0
749.0,117.0,99.0,175.0
748.0,116.0,99.0,175.0
747.0,116.0,98.0,175.0
746.0,116.0,98.0,175.0
745.0,114.0,100.0,178.0
745.0,114.0,98.0,176.0
743.0,114.0,98.0,176.0
742.0,114.0,99.0,177.0
741.0,112.0,101.0,181.0
741.0,112.0,101.0,181.0
741.0,111.0,101.0,182.0
741.0,111.0,102.0,182.0
741.0,111.0,101.0,182.0
741.0,111.0,101.0,182.0
741.0,110.0,102.0,184.0
740.0,108.0,103.0,187.0
742.0,109.0,102.0,185.0
742.0,106.0,103.0,187.0
743.0,108.0,102.0,184.0
744.0,108.0,102.0,184.0
745.0,107.0,102.0,184.0
746.0,107.0,102.0,183.0
746.0,107.0,103.0,182.0
748.0,107.0,103.0,181.0
749.0,106.0,103.0,181.0
749.0,106.0,103.0,181.0
751.0,106.0,102.0,181.0
751.0,106.0,103.0,181.0
751.0,106.0,104.0,181.0
753.0,108.0,103.0,179.0
753.0,107.0,104.0,182.0
754.0,106.0,105.0,184.0
754.0,106.0,105.0,184.0
756.0,107.0,103.0,182.0
757.0,108.0,103.0,182.0
757.0,108.0,103.0,182.0
757.0,109.0,103.0,183.0
758.0,109.0,104.0,183.0
758.0,108.0,104.0,184.0
759.0,110.0,102.0,181.0
759.0,110.0,102.0,181.0
759.0,110.0,101.0,181.0
758.0,108.0,101.0,180.0
759.0,110.0,99.0,177.0
759.0,110.0,99.0,176.0
759.0,110.0,99.0,176.0
757.0,110.0,99.0,175.0
757.0,110.0,97.0,172.0
755.0,110.0,98.0,174.0
754.0,111.0,97.0,171.0
752.0,111.0,96.0,170.0
750.0,111.0,96.0,170.0
747.0,112.0,96.0,171.0
745.0,112.0,96.0,171.0
741.0,110.0,98.0,174.0
739.0,111.0,98.0,174.0
737.0,111.0,98.0,174.0
735.0,111.0,98.0,175.0
732.0,111.0,98.0,176.0
730.0,113.0,96.0,173.0
728.0,113.0,96.0,174.0
726.0,112.0,96.0,174.0
724.0,112.0,96.0,175.0
723.0,112.0,96.0,175.0
721.0,112.0,96.0,175.0
719.0,112.0,97.0,175.0
718.0,112.0,96.0,174.0
716.0,111.0,98.0,177.0
714.0,109.0,100.0,180.0
714.0,110.0,100.0,179.0
714.0,110.0,100.0,178.0
712.0,109.0,101.0,181.0
712.0,109.0,101.0,180.0
713.0,109.0,101.0,180.0
715.0,111.0,100.0,177.0
714.0,110.0,102.0,180.0
715.0,111.0,101.0,177.0
715.0,112.0,101.0,177.0
716.0,113.0,101.0,177.0
716.0,113.0,100.0,178.0
716.0,114.0,100.0,179.0
716.0,115.0,100.0,179.0
716.0,116.0,100.0,179.0
715.0,115.0,102.0,182.0
717.0,116.0,100.0,180.0
718.0,116.0,100.0,180.0
718.0,116.0,100.0,180.0
717.0,117.0,99.0,180.0
718.0,117.0,99.0,179.0
718.0,117.0,99.0,179.0
718.0,117.0,99.0,179.0
718.0,119.0,97.0,175.0
719.0,121.0,96.0,172.0
719.0,121.0,96.0,171.0
720.0,122.0,96.0,171.0
720.0,123.0,95.0,168.0
720.0,124.0,95.0,168.0
720.0,126.0,94.0,165.0
721.0,127.0,93.0,162.0
722.0,128.0,93.0,163.0
722.0,127.0,94.0,166.0
722.0,128.0,93.0,167.0
723.0,128.0,93.0,167.0
723.0,129.0,93.0,167.0
724.0,130.0,93.0,168.0
724.0,131.0,93.0,168.0
724.0,131.0,93.0,168.0
724.0,132.0,93.0,168.0
724.0,132.0,93.0,168.0
724.0,132.0,93.0,169.0
724.0,132.0,93.0,169.0
723.0,132.0,95.0,172.0
722.0,132.0,95.0,172.0
722.0,132.0,95.0,171.0
721.0,132.0,95.0,171.0
721.0,133.0,94.0,170.0
721.0,133.0,93.0,167.0
718.0,133.0,95.0,170.0
716.0,133.0,95.0,169.0
714.0,133.0,95.0,169.0
713.0,134.0,95.0,169.0
711.0,134.0,95.0,168.0
708.0,135.0,96.0,168.0
705.0,135.0,96.0,169.0
702.0,135.0,96.0,169.0
699.0,135.0,96.0,169.0
696.0,135.0,96.0,170.0
694.0,135.0,96.0,171.0
690.0,135.0,96.0,171.0
687.0,136.0,94.0,168.0
684.0,136.0,94.0,168.0
681.0,136.0,93.0,168.0
677.0,135.0,93.0,168.0
675.0,136.0,91.0,165.0
672.0,135.0,91.0,164.0
669.0,135.0,91.0,164.0
666.0,135.0,91.0,164.0
664.0,135.0,91.0,163.0
662.0,133.0,92.0,166.0
660.0,133.0,91.0,163.0
658.0,133.0,91.0,162.0
658.0,135.0,90.0,160.0
657.0,135.0,90.0,160.0
657.0,135.0,90.0,160.0
656.0,134.0,90.0,161.0
656.0,133.0,91.0,164.0
656.0,133.0,91.0,165.0
655.0,130.0,93.0,168.0
656.0,132.0,91.0,164.0
656.0,132.0,91.0,164.0
657.0,131.0,91.0,165.0
656.0,131.0,91.0,165.0
657.0,130.0,91.0,166.0
657.0,130.0,91.0,166.0
656.0,128.0,92.0,169.0
656.0,127.0,92.0,170.0
657.0,126.0,93.0,169.0
657.0,125.0,93.0,169.0
657.0,123.0,95.0,172.0
657.0,122.0,95.0,172.0
659.0,123.0,93.0,168.0
658.0,121.0,95.0,171.0
659.0,120.0,95.0,170.0
659.0,120.0,95.0,170.0
659.0,119.0,95.0,169.0
659.0,118.0,95.0,169.0
660.0,117.0,95.0,169.0
660.0,116.0,95.0,169.0
659.0,117.0,94.0,166.0
659.0,116.0,94.0,167.0
657.0,115.0,94.0,167.0
655.0,116.0,93.0,164.0
654.0,115.0,93.0,164.0
651.0,114.0,93.0,164.0
650.0,114.0,93.0,165.0
647.0,114.0,91.0,163.0
646.0,113.0,90.0,163.0
644.0,111.0,90.0,163.0
642.0,111.0,90.0,164.0
640.0,110.0,89.0,164.0
637.0,108.0,91.0,165.0
635.0,107.0,91.0,164.0
634.0,104.0,92.0,167.0
633.0,104.0,91.0,163.0
632.0,104.0,91.0,163.0
631.0,102.0,93.0,165.0
630.0,102.0,91.0,162.0
630.0,100.0,92.0,166.0
629.0,99.0,92.0,166.0
628.0,99.0,92.0,166.0
628.0,98.0,92.0,166.0
627.0,96.0,94.0,170.0
627.0,96.0,94.0,170.0
628.0,95.0,94.0,170.0
628.0,95.0,95.0,170.0
628.0,94.0,95.0,170.0
630.0,94.0,93.0,167.0
631.0,94.0,93.0,167.0
631.0,93.0,93.0,168.0
633.0,93.0,93.0,168.0
634.0,92.0,93.0,168.0
634.0,91.0,94.0,171.0
635.0,89.0,94.0,171.0
637.0,88.0,94.0,171.0
638.0,87.0,94.0,171.0
640.0,86.0,94.0,171.0
641.0,85.0,94.0,170.0
642.0,83.0,95.0,172.0
645.0,83.0,96.0,171.0
646.0,82.0,96.0,171.0
648.0,82.0,96.0,171.0
649.0,80.0,97.0,174.0
653.0,80.0,95.0,171.0
654.0,80.0,95.0,171.0
655.0,80.0,96.0,171.0
657.0,80.0,96.0,171.0
658.0,80.0,96.0,171.0
659.0,78.0,98.0,174.0
659.0,77.0,98.0,175.0
660.0,77.0,98.0,175.0
661.0,75.0,101.0,178.0
662.0,74.0,101.0,178.0
664.0,76.0,98.0,175.0
665.0,76.0,98.0,176.0
666.0,75.0,97.0,176.0
668.0,74.0,97.0,175.0
668.0,74.0,97.0,175.0
668.0,73.0,96.0,175.0
668.0,72.0,96.0,175.0
668.0,71.0,97.0,175.0
669.0,72.0,95.0,171.0
669.0,72.0,95.0,171.0
670.0,72.0,95.0,170.0
670.0,71.0,96.0,170.0
670.0,71.0,96.0,170.0
671.0,71.0,96.0,170.0
671.0,71.0,96.0,170.0
671.0,71.0,96.0,171.0
671.0,70.0,96.0,171.0
671.0,70.0,96.0,171.0
671.0,70.0,96.0,172.0
672.0,70.0,94.0,170.0
672.0,70.0,94.0,170.0
670.0,70.0,96.0,172.0
671.0,71.0,94.0,170.0
671.0,71.0,94.0,170.0
671.0,71.0,94.0,170.0
671.0,70.0,94.0,170.0
672.0,70.0,94.0,171.0
672.0,70.0,94.0,171.0
671.0,69.0,95.0,173.0
672.0,69.0,94.0,173.0
672.0,69.0,95.0,172.0
673.0,70.0,93.0,170.0
673.0,70.0,93.0,170.0
673.0,69.0,93.0,169.0
672.0,68.0,95.0,171.0
673.0,68.0,95.0,171.0
673.0,68.0,95.0,171.0
673.0,69.0,96.0,170.0
673.0,70.0,96.0,170.0
674.0,71.0,96.0,170.0
674.0,71.0,96.0,171.0
673.0,70.0,97.0,174.0
673.0,72.0,96.0,171.0
673.0,73.0,97.0,171.0
672.0,73.0,97.0,171.0
672.0,74.0,97.0,171.0
671.0,75.0,97.0,172.0
671.0,75.0,96.0,172.0
671.0,76.0,96.0,172.0
671.0,76.0,96.0,172.0
670.0,76.0,96.0,173.0
669.0,77.0,96.0,173.0
669.0,76.0,96.0,173.0
669.0,76.0,95.0,173.0
669.0,78.0,94.0,170.0
668.0,79.0,94.0,170.0
668.0,80.0,92.0,166.0
668.0,80.0,94.0,169.0
668.0,81.0,94.0,168.0
667.0,81.0,93.0,167.0
667.0,82.0,93.0,168.0
667.0,83.0,94.0,168.0
667.0,83.0,94.0,169.0
666.0,84.0,94.0,169.0
666.0,85.0,94.0,169.0
667.0,86.0,94.0,169.0
666.0,87.0,94.0,169.0
666.0,87.0,94.0,170.0
665.0,88.0,94.0,170.0
665.0,88.0,94.0,171.0
664.0,89.0,94.0,171.0
663.0,90.0,94.0,171.0
663.0,90.0,94.0,171.0
662.0,91.0,94.0,171.0
662.0,92.0,94.0,171.0
660.0,91.0,95.0,173.0
659.0,91.0,95.0,174.0
657.0,90.0,95.0,174.0
654.0,90.0,97.0,176.0
652.0,92.0,95.0,173.0
650.0,92.0,95.0,172.0
647.0,91.0,97.0,175.0
646.0,93.0,95.0,171.0
642.0,93.0,95.0,171.0
639.0,92.0,97.0,174.0
636.0,94.0,95.0,171.0
634.0,95.0,95.0,171.0
629.0,95.0,95.0,171.0
625.0,96.0,95.0,171.0
623.0,96.0,96.0,171.0
618.0,97.0,96.0,171.0
616.0,98.0,96.0,172.0
612.0,99.0,94.0,169.0
609.0,101.0,93.0,167.0
605.0,101.0,93.0,167.0
600.0,102.0,93.0,167.0
597.0,102.0,93.0,167.0
595.0,102.0,93.0,168.0
590.0,104.0,91.0,165.0
588.0,103.0,92.0,167.0
584.0,105.0,91.0,164.0
583.0,106.0,91.0,163.0
578.0,105.0,92.0,166.0
575.0,105.0,92.0,166.0
575.0,107.0,90.0,162.0
573.0,108.0,90.0,162.0
571.0,109.0,90.0,162.0
569.0,109.0,90.0,163.0
568.0,110.0,90.0,163.0
567.0,111.0,90.0,163.0
566.0,111.0,91.0,163.0
566.0,113.0,89.0,161.0
566.0,114.0,89.0,161.0
566.0,114.0,89.0,162.0
566.0,115.0,89.0,162.0
566.0,115.0,89.0,162.0
566.0,117.0,88.0,160.0
566.0,116.0,89.0,162.0
567.0,118.0,87.0,160.0
567.0,119.0,87.0,161.0
567.0,118.0,89.0,163.0
568.0,118.0,89.0,163.0
567.0,117.0,90.0,165.0
568.0,117.0,91.0,168.0
568.0,117.0,91.0,168.0
569.0,117.0,91.0,168.0
571.0,118.0,89.0,165.0
571.0,118.0,91.0,167.0
572.0,118.0,91.0,167.0
573.0,119.0,91.0,167.0
573.0,119.0,91.0,166.0
574.0,120.0,91.0,166.0
575.0,122.0,90.0,163.0
576.0,122.0,90.0,163.0
577.0,123.0,90.0,164.0
579.0,125.0,89.0,162.0
578.0,125.0,91.0,164.0
578.0,126.0,92.0,164.0
580.0,127.0,91.0,164.0
580.0,128.0,91.0,164.0
581.0,129.0,91.0,164.0
582.0,130.0,91.0,164.0
582.0,130.0,91.0,164.0
581.0,130.0,93.0,167.0
582.0,130.0,93.0,167.0
583.0,131.0,91.0,164.0
583.0,131.0,92.0,164.0
584.0,132.0,91.0,163.0
585.0,132.0,90.0,163.0
587.0,134.0,88.0,160.0
587.0,135.0,87.0,158.0
588.0,136.0,87.0,158.0
588.0,136.0,87.0,158.0
589.0,136.0,89.0,161.0
590.0,136.0,89.0,161.0
592.0,137.0,88.0,161.0
593.0,137.0,89.0,161.0
594.0,137.0,89.0,162.0
596.0,138.0,89.0,162.0
597.0,139.0,89.0,162.0
598.0,140.0,88.0,160.0
600.0,141.0,89.0,160.0
600.0,140.0,90.0,162.0
603.0,141.0,90.0,163.0
605.0,141.0,90.0,163.0
605.0,140.0,91.0,165.0
607.0,139.0,91.0,166.0
610.0,140.0,90.0,164.0
611.0,140.0,89.0,163.0
613.0,139.0,90.0,165.0
616.0,139.0,90.0,165.0
617.0,139.0,90.0,165.0
619.0,138.0,92.0,168.0
621.0,138.0,90.0,164.0
623.0,139.0,90.0,164.0
624.0,140.0,91.0,163.0
626.0,140.0,91.0,162.0
628.0,140.0,91.0,163.0
628.0,141.0,91.0,163.0
631.0,142.0,90.0,162.0
630.0,141.0,92.0,164.0
632.0,142.0,93.0,164.0
633.0,143.0,92.0,162.0
633.0,143.0,92.0,162.0
634.0,143.0,92.0,162.0
636.0,145.0,90.0,160.0
637.0,145.0,90.0,160.0
636.0,145.0,90.0,160.0
638.0,146.0,89.0,157.0
638.0,146.0,88.0,156.0
638.0,147.0,86.0,154.0
637.0,147.0,87.0,156.0
635.0,145.0,89.0,158.0
635.0,146.0,87.0,155.0
634.0,147.0,85.0,152.0
633.0,146.0,87.0,155.0
632.0,147.0,85.0,152.0
632.0,148.0,85.0,152.0
630.0,146.0,86.0,155.0
628.0,147.0,84.0,154.0
626.0,146.0,85.0,156.0
623.0,146.0,86.0,156.0
620.0,146.0,86.0,156.0
616.0,147.0,87.0,156.0
613.0,145.0,88.0,160.0
611.0,144.0,89.0,160.0
609.0,146.0,87.0,157.0
606.0,145.0,89.0,160.0
604.0,146.0,87.0,157.0
601.0,145.0,89.0,160.0
599.0,143.0,90.0,163.0
597.0,142.0,91.0,165.0
595.0,140.0,92.0,169.0
593.0,139.0,92.0,168.0
593.0,139.0,92.0,168.0
592.0,138.0,91.0,168.0
591.0,138.0,91.0,167.0
591.0,137.0,91.0,167.0
591.0,138.0,89.0,163.0
593.0,138.0,89.0,163.0
594.0,138.0,89.0,163.0
595.0,138.0,90.0,162.0
595.0,136.0,92.0,166.0
596.0,138.0,91.0,163.0
598.0,138.0,91.0,163.0
600.0,138.0,91.0,163.0
603.0,138.0,91.0,164.0
604.0,139.0,90.0,162.0
607.0,139.0,90.0,161.0
608.0,139.0,91.0,161.0
611.0,140.0,91.0,161.0
614.0,140.0,89.0,158.0
616.0,141.0,89.0,158.0
619.0,141.0,89.0,158.0
621.0,140.0,88.0,157.0
623.0,140.0,88.0,157.0
626.0,140.0,88.0,157.0
627.0,140.0,88.0,157.0
629.0,140.0,88.0,157.0
630.0,140.0,88.0,157.0
632.0,140.0,88.0,157.0
633.0,140.0,88.0,157.0
634.0,139.0,87.0,157.0
636.0,140.0,86.0,154.0
636.0,139.0,87.0,157.0
636.0,139.0,87.0,158.0
637.0,139.0,88.0,158.0
637.0,140.0,86.0,155.0
637.0,140.0,86.0,155.0
636.0,139.0,87.0,155.0
636.0,139.0,87.0,155.0
636.0,140.0,85.0,153.0
636.0,140.0,85.0,153.0
635.0,140.0,85.0,153.0
634.0,140.0,86.0,155.0
633.0,139.0,87.0,155.0
633.0,138.0,87.0,155.0
632.0,138.0,87.0,156.0
632.0,138.0,86.0,155.0
632.0,138.0,86.0,155.0
631.0,136.0,87.0,158.0
631.0,136.0,85.0,155.0
631.0,136.0,85.0,155.0
631.0,135.0,85.0,155.0
630.0,135.0,85.0,155.0
628.0,135.0,85.0,155.0
628.0,134.0,85.0,155.0
627.0,134.0,86.0,154.0
627.0,134.0,86.0,153.0
627.0,135.0,84.0,150.0
625.0,134.0,86.0,153.0
624.0,134.0,86.0,153.0
622.0,133.0,88.0,157.0
621.0,134.0,87.0,154.0
619.0,134.0,88.0,154.0
617.0,134.0,89.0,154.0
616.0,133.0,90.0,157.0
616.0,134.0,88.0,154.0
615.0,134.0,88.0,154.0
615.0,133.0,88.0,154.0
614.0,133.0,86.0,151.0
613.0,133.0,84.0,149.0
613.0,133.0,84.0,148.0
613.0,134.0,82.0,145.0
613.0,134.0,82.0,145.0
612.0,133.0,81.0,145.0
612.0,133.0,81.0,146.0
611.0,132.0,81.0,146.0
611.0,132.0,79.0,144.0
611.0,131.0,80.0,147.0
610.0,130.0,80.0,147.0
610.0,129.0,80.0,147.0
610.0,128.0,82.0,149.0
610.0,128.0,80.0,147.0
609.0,128.0,81.0,147.0
609.0,128.0,81.0,147.0
609.0,128.0,82.0,147.0
608.0,127.0,82.0,147.0
608.0,127.0,82.0,147.0
607.0,127.0,83.0,147.0
608.0,126.0,83.0,147.0
608.0,126.0,83.0,147.0
608.0,125.0,83.0,147.0
608.0,126.0,82.0,144.0
609.0,124.0,83.0,147.0
609.0,123.0,83.0,147.0
608.0,121.0,84.0,149.0
608.0,120.0,84.0,149.0
607.0,119.0,84.0,150.0
607.0,118.0,83.0,149.0
608.0,119.0,81.0,147.0
607.0,118.0,81.0,147.0
607.0,117.0,81.0,147.0
606.0,116.0,80.0,147.0
605.0,115.0,80.0,147.0
604.0,114.0,81.0,147.0
603.0,114.0,81.0,147.0
602.0,114.0,82.0,147.0
600.0,112.0,84.0,149.0
600.0,113.0,83.0,146.0
597.0,112.0,83.0,146.0
598.0,113.0,82.0,143.0
597.0,113.0,80.0,141.0
596.0,112.0,82.0,143.0
595.0,111.0,82.0,143.0
595.0,111.0,82.0,143.0
594.0,111.0,82.0,143.0
593.0,112.0,80.0,141.0
593.0,111.0,80.0,141.0
590.0,110.0,82.0,143.0
589.0,108.0,82.0,143.0
589.0,109.0,80.0,141.0
589.0,108.0,80.0,141.0
588.0,108.0,79.0,141.0
588.0,107.0,78.0,141.0
586.0,105.0,79.0,143.0
586.0,106.0,77.0,141.0
586.0,107.0,75.0,139.0
583.0,105.0,76.0,142.0
581.0,104.0,78.0,144.0
580.0,105.0,77.0,142.0
578.0,104.0,79.0,144.0
577.0,104.0,78.0,142.0
575.0,103.0,80.0,144.0
574.0,103.0,79.0,141.0
573.0,103.0,79.0,141.0
572.0,103.0,80.0,141.0
570.0,102.0,82.0,144.0
570.0,102.0,80.0,141.0
570.0,101.0,80.0,141.0
570.0,101.0,80.0,141.0
569.0,101.0,80.0,141.0
568.0,99.0,81.0,143.0
568.0,99.0,79.0,141.0
568.0,100.0,79.0,141.0
565.0,98.0,81.0,143.0
564.0,97.0,81.0,143.0
565.0,97.0,78.0,141.0
565.0,97.0,77.0,141.0
565.0,97.0,76.0,140.0
563.0,95.0,78.0,143.0
563.0,96.0,75.0,139.0
562.0,95.0,74.0,140.0
560.0,94.0,75.0,140.0
560.0,96.0,75.0,137.0
557.0,95.0,76.0,140.0
556.0,94.0,77.0,139.0
556.0,94.0,76.0,137.0
554.0,94.0,77.0,139.0
552.0,95.0,77.0,137.0
552.0,96.0,77.0,136.0
551.0,96.0,78.0,136.0
550.0,96.0,78.0,136.0
550.0,96.0,77.0,136.0
548.0,97.0,77.0,136.0
547.0,97.0,77.0,136.0
546.0,97.0,77.0,136.0
544.0,96.0,78.0,139.0
543.0,97.0,76.0,136.0
543.0,98.0,75.0,134.0
540.0,98.0,76.0,136.0
538.0,98.0,75.0,136.0
537.0,99.0,75.0,137.0
535.0,99.0,73.0,135.0
532.0,99.0,74.0,137.0
531.0,100.0,72.0,134.0
528.0,100.0,73.0,137.0
526.0,100.0,73.0,137.0
524.0,101.0,74.0,137.0
522.0,101.0,74.0,137.0
520.0,101.0,75.0,137.0
517.0,101.0,76.0,139.0
515.0,101.0,76.0,137.0
514.0,102.0,77.0,137.0
513.0,104.0,77.0,136.0
511.0,104.0,78.0,136.0
509.0,105.0,78.0,136.0
508.0,106.0,78.0,136.0
507.0,106.0,78.0,136.0
506.0,106.0,78.0,136.0
504.0,107.0,78.0,137.0
504.0,107.0,78.0,137.0
503.0,108.0,77.0,137.0
502.0,108.0,77.0,137.0
501.0,109.0,77.0,137.0
500.0,110.0,77.0,137.0
499.0,111.0,74.0,134.0
497.0,112.0,74.0,134.0
497.0,113.0,72.0,133.0
496.0,113.0,72.0,135.0
493.0,113.0,72.0,136.0
492.0,113.0,72.0,136.0
492.0,116.0,71.0,134.0
490.0,116.0,71.0,134.0
488.0,117.0,73.0,136.0
487.0,118.0,73.0,133.0
486.0,119.0,73.0,133.0
485.0,120.0,74.0,133.0
484.0,121.0,74.0,133.0
482.0,122.0,75.0,133.0
482.0,123.0,75.0,133.0
481.0,124.0,75.0,133.0
480.0,125.0,75.0,133.0
480.0,127.0,74.0,131.0
479.0,127.0,75.0,133.0
478.0,127.0,75.0,132.0
478.0,128.0,74.0,132.0
476.0,128.0,75.0,134.0
476.0,128.0,75.0,134.0
476.0,129.0,73.0,132.0
477.0,131.0,72.0,131.0
476.0,130.0,72.0,133.0
475.0,130.0,73.0,135.0
475.0,131.0,71.0,133.0
475.0,132.0,70.0,131.0
474.0,132.0,71.0,133.0
473.0,134.0,71.0,131.0
473.0,134.0,72.0,131.0
472.0,135.0,73.0,131.0
471.0,135.0,73.0,131.0
471.0,136.0,74.0,131.0
470.0,136.0,74.0,131.0
469.0,138.0,73.0,128.0
468.0,137.0,75.0,130.0
468.0,139.0,74.0,128.0
467.0,140.0,74.0,128.0
466.0,140.0,74.0,128.0
465.0,141.0,74.0,128.0
464.0,140.0,76.0,130.0
463.0,141.0,76.0,130.0
463.0,142.0,75.0,130.0
461.0,141.0,76.0,131.0
460.0,141.0,76.0,131.0
460.0,142.0,75.0,132.0
460.0,142.0,74.0,132.0
461.0,143.0,73.0,131.0
461.0,143.0,72.0,131.0
462.0,145.0,70.0,129.0
463.0,146.0,68.0,127.0
464.0,147.0,68.0,128.0
466.0,148.0,67.0,126.0
468.0,149.0,65.0,124.0
469.0,150.0,66.0,124.0
470.0,151.0,66.0,123.0
472.0,152.0,67.0,124.0
474.0,153.0,67.0,123.0
476.0,154.0,67.0,123.0
479.0,155.0,68.0,123.0
481.0,156.0,68.0,123.0
484.0,157.0,67.0,123.0
488.0,158.0,67.0,123.0
490.0,158.0,68.0,124.0
495.0,159.0,65.0,121.0
498.0,159.0,67.0,124.0
503.0,160.0,66.0,122.0
506.0,161.0,67.0,123.0
510.0,160.0,68.0,125.0
514.0,160.0,68.0,127.0
519.0,160.0,68.0,128.0
523.0,159.0,69.0,130.0
530.0,161.0,68.0,128.0
535.0,161.0,70.0,129.0
540.0,162.0,68.0,127.0
546.0,161.0,70.0,128.0
551.0,163.0,68.0,127.0
557.0,163.0,68.0,127.0
563.0,164.0,69.0,127.0
567.0,164.0,69.0,127.0
573.0,165.0,69.0,125.0
578.0,165.0,69.0,125.0
583.0,166.0,70.0,126.0
589.0,166.0,70.0,126.0
594.0,166.0,69.0,123.0
598.0,168.0,68.0,121.0
603.0,168.0,69.0,121.0
607.0,167.0,69.0,122.0
611.0,167.0,68.0,123.0
615.0,167.0,68.0,123.0
618.0,167.0,68.0,122.0
621.0,167.0,68.0,122.0
625.0,167.0,68.0,122.0
628.0,167.0,67.0,122.0
630.0,167.0,67.0,122.0
631.0,165.0,68.0,124.0
633.0,166.0,66.0,122.0
634.0,165.0,66.0,122.0
636.0,166.0,66.0,121.0
636.0,166.0,66.0,122.0
636.0,166.0,67.0,122.0
635.0,166.0,67.0,123.0
634.0,165.0,67.0,123.0
633.0,166.0,66.0,121.0
631.0,166.0,66.0,121.0
628.0,165.0,67.0,123.0
626.0,166.0,66.0,121.0
624.0,166.0,66.0,121.0
621.0,165.0,65.0,121.0
617.0,164.0,66.0,122.0
616.0,163.0,66.0,122.0
613.0,163.0,66.0,122.0
609.0,163.0,66.0,121.0
606.0,162.0,67.0,123.0
604.0,163.0,66.0,121.0
601.0,162.0,66.0,121.0
599.0,162.0,66.0,121.0
597.0,161.0,66.0,121.0
596.0,161.0,66.0,121.0
594.0,160.0,66.0,120.0
592.0,159.0,67.0,122.0
593.0,159.0,66.0,120.0
592.0,159.0,66.0,120.0
591.0,159.0,66.0,120.0
590.0,157.0,68.0,121.0
591.0,158.0,67.0,119.0
591.0,157.0,68.0,120.0
592.0,159.0,66.0,116.0
592.0,159.0,66.0,117.0
594.0,159.0,65.0,115.0
595.0,158.0,65.0,115.0
597.0,160.0,64.0,114.0
599.0,159.0,63.0,114.0
600.0,159.0,63.0,114.0
601.0,159.0,63.0,114.0
602.0,158.0,63.0,114.0
604.0,157.0,62.0,114.0
605.0,157.0,62.0,114.0
605.0,155.0,64.0,115.0
606.0,154.0,64.0,115.0
607.0,155.0,62.0,113.0
607.0,153.0,63.0,114.0
608.0,153.0,63.0,114.0
608.0,152.0,63.0,114.0
608.0,151.0,64.0,116.0
608.0,151.0,64.0,115.0
608.0,150.0,64.0,115.0
606.0,149.0,65.0,117.0
605.0,149.0,62.0,115.0
603.0,149.0,63.0,116.0
600.0,147.0,64.0,117.0
599.0,148.0,62.0,116.0
595.0,146.0,64.0,117.0
593.0,147.0,62.0,115.0
589.0,146.0,62.0,115.0
586.0,147.0,61.0,113.0
582.0,146.0,62.0,115.0
579.0,147.0,61.0,113.0
576.0,147.0,61.0,113.0
571.0,144.0,64.0,118.0
567.0,143.0,64.0,118.0
566.0,144.0,63.0,116.0
563.0,143.0,65.0,120.0
561.0,142.0,64.0,117.0
559.0,142.0,65.0,119.0
558.0,142.0,65.0,119.0
557.0,141.0,65.0,119.0
555.0,141.0,64.0,119.0
554.0,141.0,65.0,119.0
553.0,139.0,66.0,120.0
552.0,140.0,65.0,118.0
551.0,140.0,65.0,119.0
550.0,140.0,65.0,120.0
550.0,140.0,65.0,118.0
550.0,141.0,64.0,116.0
550.0,141.0,64.0,116.0
549.0,140.0,64.0,117.0
549.0,141.0,63.0,116.0
548.0,140.0,64.0,117.0
548.0,140.0,63.0,117.0
