807.0,393.0,145.0,256.0
806.0,381.0,144.0,255.0
805.0,368.0,144.0,255.0
804.0,356.0,141.0,251.0
804.0,344.0,139.0,248.0
803.0,331.0,137.0,246.0
802.0,321.0,133.0,241.0
803.0,313.0,127.0,231.0
802.0,304.0,123.0,224.0
794.0,288.0,130.0,238.0
791.0,290.0,123.0,227.0
789.0,286.0,120.0,222.0
782.0,271.0,127.0,234.0
784.0,274.0,121.0,222.0
784.0,267.0,117.0,213.0
784.0,261.0,114.0,208.0
784.0,253.0,113.0,207.0
783.0,243.0,114.0,211.0
783.0,236.0,113.0,210.0
782.0,229.0,111.0,208.0
782.0,223.0,110.0,207.0
781.0,217.0,109.0,205.0
781.0,214.0,106.0,199.0
782.0,210.0,103.0,193.0
782.0,205.0,102.0,191.0
781.0,199.0,101.0,191.0
779.0,190.0,102.0,193.0
777.0,183.0,104.0,195.0
775.0,174.0,106.0,196.0
772.0,164.0,110.0,203.0
770.0,162.0,109.0,198.0
770.0,157.0,106.0,196.0
769.0,153.0,105.0,196.0
768.0,146.0,104.0,197.0
769.0,143.0,105.0,200.0
771.0,147.0,102.0,198.0
769.0,142.0,104.0,204.0
769.0,137.0,104.0,204.0
765.0,132.0,103.0,203.0
763.0,130.0,102.0,203.0
761.0,128.0,102.0,201.0
759.0,126.0,100.0,197.0
757.0,122.0,99.0,196.0
755.0,119.0,99.0,196.0
753.0,115.0,98.0,196.0
752.0,110.0,96.0,193.0
750.0,107.0,95.0,191.0
749.0,105.0,95.0,188.0
747.0,101.0,95.0,188.0
743.0,98.0,97.0,192.0
741.0,100.0,97.0,190.0
737.0,97.0,99.0,193.0
737.0,99.0,98.0,191.0
734.0,100.0,96.0,188.0
732.0,98.0,97.0,188.0
729.0,97.0,97.0,189.0
727.0,95.0,100.0,192.0
725.0,94.0,100.0,192.0
725.0,93.0,98.0,188.0
723.0,89.0,100.0,191.0
723.0,86.0,100.0,190.0
722.0,83.0,100.0,188.0
721.0,81.0,101.0,187.0
720.0,80.0,101.0,186.0
718.0,80.0,101.0,186.0
716.0,81.0,101.0,187.0
716.0,81.0,101.0,188.0
714.0,81.0,102.0,188.0
715.0,82.0,100.0,186.0
713.0,84.0,101.0,187.0
713.0,85.0,101.0,187.0
713.0,87.0,101.0,187.0
713.0,91.0,99.0,185.0
712.0,91.0,99.0,185.0
712.0,92.0,98.0,183.0
712.0,91.0,98.0,183.0
711.0,89.0,98.0,179.0
710.0,85.0,99.0,182.0
708.0,83.0,100.0,181.0
708.0,82.0,99.0,181.0
708.0,83.0,98.0,180.0
706.0,82.0,99.0,181.0
704.0,84.0,98.0,182.0
703.0,87.0,98.0,182.0
701.0,90.0,97.0,183.0
699.0,89.0,97.0,186.0
697.0,91.0,96.0,186.0
694.0,93.0,95.0,187.0
693.0,95.0,94.0,185.0
690.0,100.0,91.0,180.0
687.0,101.0,91.0,181.0
684.0,102.0,91.0,180.0
683.0,102.0,89.0,177.0
681.0,101.0,89.0,176.0
678.0,98.0,91.0,177.0
677.0,97.0,92.0,176.0
676.0,96.0,93.0,175.0
674.0,98.0,94.0,176.0
671.0,99.0,95.0,177.0
670.0,101.0,97.0,177.0
668.0,104.0,97.0,178.0
665.0,106.0,98.0,181.0
663.0,107.0,100.0,184.0
661.0,109.0,102.0,187.0
660.0,111.0,102.0,188.0
658.0,113.0,102.0,189.0
657.0,115.0,101.0,189.0
657.0,119.0,100.0,186.0
656.0,121.0,98.0,184.0
654.0,122.0,98.0,184.0
653.0,123.0,98.0,184.0
652.0,121.0,98.0,184.0
650.0,121.0,99.0,183.0
647.0,120.0,101.0,184.0
646.0,121.0,101.0,182.0
644.0,122.0,101.0,182.0
643.0,124.0,100.0,182.0
642.0,126.0,100.0,181.0
640.0,128.0,99.0,182.0
639.0,130.0,99.0,183.0
637.0,132.0,98.0,183.0
634.0,134.0,98.0,184.0
631.0,137.0,97.0,185.0
629.0,140.0,95.0,184.0
626.0,143.0,94.0,181.0
624.0,146.0,92.0,178.0
622.0,148.0,90.0,175.0
619.0,147.0,90.0,174.0
617.0,146.0,91.0,176.0
616.0,144.0,93.0,177.0
615.0,145.0,91.0,174.0
613.0,145.0,92.0,173.0
612.0,147.0,92.0,172.0
610.0,149.0,93.0,173.0
608.0,151.0,93.0,173.0
607.0,154.0,93.0,174.0
606.0,156.0,94.0,175.0
604.0,158.0,96.0,178.0
602.0,160.0,96.0,179.0
602.0,162.0,97.0,179.0
601.0,163.0,98.0,180.0
599.0,165.0,98.0,181.0
599.0,167.0,98.0,181.0
599.0,169.0,98.0,181.0
599.0,171.0,97.0,178.0
598.0,170.0,98.0,180.0
597.0,169.0,99.0,180.0
596.0,168.0,99.0,180.0
595.0,167.0,99.0,178.0
595.0,167.0,99.0,177.0
593.0,168.0,100.0,175.0
593.0,170.0,99.0,175.0
592.0,173.0,99.0,175.0
594.0,177.0,97.0,173.0
592.0,181.0,96.0,174.0
590.0,182.0,95.0,174.0
588.0,183.0,96.0,178.0
586.0,184.0,94.0,178.0
584.0,186.0,91.0,176.0
583.0,190.0,87.0,171.0
580.0,192.0,86.0,169.0
579.0,194.0,85.0,166.0
577.0,195.0,86.0,166.0
574.0,194.0,86.0,167.0
574.0,194.0,84.0,164.0
572.0,193.0,83.0,163.0
572.0,194.0,83.0,163.0
570.0,195.0,83.0,162.0
569.0,196.0,84.0,162.0
568.0,198.0,84.0,162.0
567.0,200.0,85.0,163.0
566.0,203.0,85.0,164.0
566.0,205.0,86.0,165.0
565.0,206.0,86.0,166.0
565.0,208.0,86.0,166.0
564.0,207.0,88.0,169.0
564.0,208.0,88.0,170.0
564.0,209.0,88.0,171.0
565.0,211.0,86.0,168.0
565.0,211.0,86.0,168.0
566.0,212.0,86.0,168.0
566.0,212.0,86.0,168.0
565.0,209.0,88.0,170.0
564.0,207.0,89.0,171.0
564.0,208.0,89.0,169.0
564.0,208.0,89.0,167.0
565.0,210.0,88.0,163.0
565.0,212.0,88.0,164.0
565.0,214.0,88.0,164.0
564.0,216.0,88.0,165.0
564.0,218.0,88.0,166.0
563.0,219.0,87.0,167.0
562.0,220.0,88.0,170.0
563.0,222.0,86.0,168.0
563.0,226.0,85.0,166.0
563.0,229.0,84.0,167.0
563.0,228.0,85.0,169.0
564.0,230.0,83.0,166.0
565.0,233.0,82.0,164.0
567.0,234.0,81.0,161.0
568.0,234.0,81.0,161.0
570.0,235.0,81.0,160.0
573.0,235.0,82.0,159.0
575.0,237.0,81.0,155.0
578.0,238.0,82.0,153.0
580.0,240.0,82.0,154.0
584.0,243.0,83.0,155.0
587.0,243.0,85.0,158.0
591.0,244.0,86.0,161.0
594.0,244.0,87.0,165.0
599.0,244.0,88.0,168.0
603.0,246.0,88.0,168.0
607.0,247.0,90.0,171.0
612.0,249.0,90.0,172.0
618.0,251.0,90.0,172.0
623.0,253.0,91.0,172.0
628.0,254.0,91.0,172.0
635.0,255.0,90.0,169.0
640.0,257.0,89.0,167.0
645.0,255.0,90.0,169.0
648.0,254.0,90.0,168.0
654.0,256.0,89.0,165.0
657.0,255.0,89.0,164.0
661.0,256.0,89.0,163.0
665.0,258.0,89.0,162.0
668.0,259.0,90.0,164.0
671.0,260.0,90.0,165.0
674.0,262.0,90.0,165.0
678.0,263.0,89.0,166.0
681.0,264.0,91.0,169.0
684.0,264.0,90.0,170.0
688.0,265.0,90.0,171.0
690.0,264.0,91.0,174.0
692.0,265.0,91.0,175.0
695.0,266.0,91.0,175.0
699.0,268.0,89.0,173.0
703.0,269.0,89.0,173.0
709.0,270.0,87.0,171.0
712.0,270.0,87.0,170.0
716.0,269.0,86.0,168.0
720.0,269.0,86.0,167.0
724.0,270.0,86.0,165.0
727.0,270.0,87.0,164.0
732.0,272.0,87.0,162.0
735.0,274.0,87.0,163.0
739.0,278.0,88.0,164.0
743.0,279.0,88.0,164.0
748.0,282.0,87.0,165.0
752.0,283.0,87.0,166.0
758.0,285.0,87.0,166.0
763.0,287.0,86.0,165.0
769.0,290.0,88.0,167.0
774.0,292.0,88.0,168.0
779.0,294.0,89.0,168.0
783.0,296.0,90.0,169.0
786.0,297.0,90.0,169.0
789.0,299.0,91.0,169.0
791.0,300.0,91.0,169.0
793.0,301.0,91.0,169.0
795.0,302.0,91.0,167.0
796.0,302.0,93.0,167.0
798.0,303.0,93.0,165.0
796.0,304.0,94.0,165.0
796.0,307.0,95.0,165.0
795.0,309.0,96.0,166.0
795.0,312.0,93.0,164.0
796.0,315.0,91.0,163.0
797.0,318.0,90.0,163.0
796.0,317.0,91.0,167.0
796.0,318.0,90.0,167.0
794.0,320.0,90.0,168.0
793.0,322.0,89.0,169.0
792.0,323.0,88.0,170.0
790.0,325.0,87.0,171.0
789.0,327.0,87.0,171.0
787.0,330.0,87.0,171.0
786.0,332.0,86.0,171.0
785.0,335.0,85.0,169.0
783.0,336.0,85.0,168.0
782.0,337.0,85.0,167.0
782.0,337.0,85.0,165.0
782.0,336.0,85.0,163.0
784.0,336.0,85.0,161.0
783.0,337.0,86.0,161.0
783.0,339.0,86.0,161.0
782.0,341.0,88.0,163.0
782.0,343.0,88.0,162.0
782.0,344.0,91.0,165.0
780.0,343.0,93.0,167.0
782.0,345.0,92.0,166.0
782.0,347.0,92.0,166.0
783.0,348.0,91.0,167.0
784.0,349.0,91.0,168.0
785.0,351.0,91.0,168.0
786.0,353.0,91.0,168.0
787.0,353.0,92.0,169.0
789.0,353.0,92.0,169.0
789.0,352.0,94.0,172.0
790.0,352.0,92.0,169.0
790.0,351.0,92.0,168.0
791.0,350.0,92.0,167.0
791.0,348.0,93.0,165.0
791.0,347.0,94.0,164.0
789.0,346.0,96.0,164.0
788.0,346.0,97.0,164.0
786.0,344.0,99.0,166.0
784.0,343.0,102.0,169.0
782.0,341.0,103.0,172.0
782.0,339.0,103.0,173.0
779.0,336.0,103.0,177.0
778.0,334.0,102.0,178.0
776.0,329.0,103.0,181.0
774.0,327.0,102.0,182.0
769.0,325.0,101.0,183.0
765.0,322.0,101.0,184.0
761.0,319.0,100.0,185.0
756.0,317.0,100.0,185.0
750.0,315.0,97.0,184.0
747.0,312.0,97.0,184.0
741.0,308.0,97.0,184.0
736.0,300.0,99.0,185.0
731.0,293.0,101.0,187.0
729.0,289.0,100.0,182.0
725.0,281.0,102.0,180.0
719.0,279.0,101.0,175.0
717.0,274.0,101.0,176.0
711.0,271.0,102.0,178.0
706.0,268.0,103.0,181.0
702.0,266.0,102.0,182.0
697.0,262.0,102.0,182.0
694.0,258.0,100.0,181.0
690.0,252.0,98.0,179.0
689.0,247.0,97.0,177.0
684.0,240.0,96.0,178.0
684.0,235.0,94.0,174.0
679.0,227.0,93.0,172.0
677.0,220.0,93.0,171.0
672.0,211.0,92.0,170.0
670.0,204.0,91.0,170.0
664.0,197.0,90.0,170.0
661.0,194.0,90.0,170.0
656.0,189.0,90.0,169.0
652.0,187.0,90.0,169.0
646.0,185.0,90.0,170.0
640.0,184.0,90.0,170.0
662.0,187.0,90.0,170.0
655.0,184.0,90.0,172.0
651.0,176.0,89.0,173.0
644.0,171.0,89.0,175.0
637.0,164.0,89.0,175.0
631.0,159.0,89.0,175.0
627.0,152.0,89.0,175.0
618.0,146.0,89.0,173.0
613.0,137.0,90.0,172.0
606.0,129.0,91.0,171.0
599.0,122.0,91.0,171.0
592.0,115.0,93.0,173.0
584.0,108.0,95.0,175.0
578.0,105.0,96.0,177.0
573.0,103.0,97.0,177.0
567.0,100.0,97.0,177.0
559.0,101.0,97.0,175.0
554.0,103.0,95.0,171.0
546.0,103.0,95.0,170.0
540.0,101.0,93.0,167.0
533.0,98.0,91.0,168.0
527.0,94.0,90.0,168.0
526.0,86.0,89.0,170.0
523.0,78.0,88.0,171.0
516.0,78.0,88.0,172.0
512.0,74.0,88.0,173.0
509.0,72.0,88.0,174.0
506.0,71.0,88.0,175.0
503.0,72.0,88.0,174.0
499.0,74.0,89.0,174.0
496.0,76.0,90.0,173.0
494.0,77.0,89.0,172.0
493.0,77.0,89.0,171.0
491.0,76.0,89.0,170.0
490.0,75.0,89.0,170.0
489.0,73.0,88.0,171.0
487.0,71.0,88.0,171.0
485.0,72.0,89.0,172.0
484.0,72.0,89.0,172.0
481.0,73.0,90.0,172.0
480.0,75.0,91.0,173.0
479.0,79.0,92.0,173.0
477.0,82.0,93.0,174.0
475.0,84.0,93.0,174.0
473.0,86.0,94.0,174.0
471.0,87.0,94.0,174.0
468.0,89.0,94.0,173.0
467.0,90.0,93.0,173.0
465.0,91.0,94.0,175.0
463.0,92.0,93.0,175.0
462.0,93.0,93.0,174.0
461.0,95.0,93.0,173.0
460.0,97.0,92.0,174.0
459.0,100.0,92.0,174.0
459.0,101.0,91.0,175.0
458.0,104.0,91.0,175.0
459.0,105.0,91.0,176.0
458.0,109.0,92.0,176.0
457.0,110.0,93.0,179.0
457.0,111.0,93.0,179.0
457.0,112.0,93.0,180.0
457.0,113.0,92.0,180.0
456.0,115.0,91.0,179.0
456.0,116.0,90.0,179.0
456.0,117.0,90.0,178.0
458.0,119.0,89.0,174.0
457.0,120.0,89.0,173.0
457.0,120.0,91.0,176.0
457.0,120.0,91.0,177.0
457.0,121.0,91.0,178.0
455.0,123.0,92.0,178.0
453.0,125.0,93.0,179.0
451.0,127.0,94.0,179.0
450.0,129.0,96.0,180.0
449.0,131.0,97.0,180.0
448.0,134.0,98.0,181.0
447.0,136.0,97.0,180.0
447.0,138.0,97.0,180.0
446.0,140.0,96.0,180.0
447.0,141.0,95.0,178.0
447.0,142.0,93.0,177.0
447.0,142.0,92.0,176.0
447.0,143.0,92.0,176.0
448.0,146.0,90.0,175.0
449.0,149.0,88.0,173.0
448.0,151.0,89.0,176.0
449.0,153.0,89.0,177.0
449.0,156.0,89.0,178.0
451.0,159.0,89.0,178.0
453.0,162.0,88.0,175.0
455.0,164.0,88.0,176.0
456.0,166.0,87.0,176.0
458.0,168.0,87.0,176.0
460.0,170.0,87.0,176.0
461.0,172.0,88.0,174.0
461.0,174.0,90.0,176.0
462.0,175.0,91.0,175.0
463.0,176.0,92.0,174.0
463.0,176.0,93.0,174.0
464.0,177.0,94.0,174.0
465.0,179.0,94.0,175.0
466.0,181.0,94.0,173.0
466.0,184.0,94.0,174.0
467.0,186.0,94.0,178.0
469.0,189.0,93.0,176.0
470.0,192.0,93.0,177.0
470.0,193.0,94.0,181.0
471.0,195.0,94.0,181.0
472.0,197.0,94.0,182.0
473.0,196.0,95.0,184.0
472.0,196.0,96.0,187.0
474.0,198.0,95.0,187.0
474.0,197.0,97.0,189.0
475.0,198.0,97.0,187.0
476.0,199.0,97.0,185.0
477.0,199.0,98.0,185.0
476.0,198.0,100.0,188.0
478.0,199.0,101.0,188.0
478.0,201.0,101.0,189.0
480.0,202.0,101.0,190.0
481.0,205.0,102.0,191.0
482.0,207.0,102.0,191.0
483.0,208.0,102.0,192.0
483.0,208.0,104.0,195.0
484.0,209.0,104.0,195.0
485.0,208.0,105.0,196.0
486.0,208.0,106.0,196.0
487.0,208.0,106.0,195.0
486.0,208.0,107.0,195.0
488.0,207.0,107.0,194.0
488.0,206.0,107.0,193.0
487.0,203.0,109.0,195.0
488.0,202.0,108.0,194.0
489.0,201.0,108.0,195.0
489.0,202.0,108.0,196.0
490.0,203.0,107.0,197.0
490.0,204.0,107.0,198.0
490.0,204.0,107.0,199.0
490.0,205.0,107.0,200.0
490.0,207.0,107.0,200.0
490.0,208.0,107.0,200.0
491.0,209.0,105.0,197.0
490.0,209.0,104.0,195.0
490.0,210.0,104.0,194.0
489.0,209.0,104.0,192.0
490.0,208.0,104.0,192.0
490.0,205.0,105.0,194.0
491.0,205.0,105.0,194.0
493.0,205.0,105.0,195.0
494.0,207.0,103.0,193.0
495.0,208.0,103.0,194.0
497.0,210.0,103.0,194.0
500.0,212.0,102.0,193.0
502.0,214.0,102.0,193.0
505.0,215.0,102.0,193.0
509.0,216.0,100.0,191.0
511.0,215.0,101.0,194.0
514.0,215.0,101.0,193.0
517.0,215.0,101.0,192.0
520.0,215.0,101.0,192.0
523.0,215.0,101.0,190.0
526.0,215.0,101.0,188.0
528.0,214.0,103.0,189.0
532.0,217.0,102.0,188.0
535.0,218.0,102.0,189.0
538.0,220.0,102.0,190.0
541.0,222.0,103.0,191.0
543.0,224.0,104.0,192.0
546.0,226.0,104.0,193.0
550.0,228.0,105.0,193.0
554.0,229.0,106.0,193.0
557.0,229.0,106.0,194.0
561.0,230.0,106.0,194.0
566.0,230.0,106.0,194.0
571.0,231.0,105.0,194.0
577.0,232.0,103.0,193.0
582.0,232.0,103.0,194.0
587.0,232.0,101.0,193.0
593.0,232.0,100.0,192.0
599.0,234.0,100.0,191.0
604.0,235.0,99.0,190.0
608.0,238.0,100.0,190.0
613.0,241.0,102.0,191.0
617.0,245.0,102.0,189.0
622.0,249.0,103.0,189.0
628.0,252.0,104.0,190.0
636.0,255.0,105.0,190.0
641.0,258.0,104.0,190.0
648.0,260.0,103.0,190.0
654.0,263.0,101.0,187.0
660.0,265.0,101.0,186.0
664.0,268.0,102.0,185.0
670.0,270.0,100.0,181.0
675.0,273.0,100.0,181.0
680.0,273.0,101.0,184.0
683.0,272.0,101.0,184.0
686.0,273.0,102.0,188.0
689.0,274.0,102.0,189.0
692.0,276.0,103.0,192.0
695.0,278.0,103.0,190.0
697.0,280.0,106.0,193.0
699.0,282.0,107.0,193.0
702.0,283.0,108.0,194.0
704.0,285.0,109.0,195.0
707.0,286.0,110.0,195.0
711.0,287.0,110.0,195.0
717.0,287.0,109.0,195.0
721.0,290.0,109.0,195.0
726.0,290.0,108.0,194.0
732.0,290.0,107.0,193.0
739.0,291.0,105.0,190.0
745.0,293.0,105.0,185.0
748.0,296.0,106.0,183.0
752.0,299.0,107.0,181.0
755.0,302.0,111.0,181.0
758.0,305.0,114.0,181.0
762.0,309.0,115.0,178.0
766.0,313.0,116.0,178.0
770.0,316.0,117.0,178.0
774.0,320.0,118.0,178.0
780.0,323.0,118.0,177.0
786.0,326.0,118.0,176.0
793.0,330.0,119.0,175.0
800.0,333.0,118.0,174.0
807.0,336.0,117.0,174.0
814.0,337.0,116.0,173.0
820.0,338.0,115.0,174.0
827.0,339.0,112.0,172.0
834.0,339.0,111.0,173.0
838.0,340.0,110.0,171.0
841.0,340.0,111.0,172.0
843.0,340.0,112.0,172.0
845.0,341.0,112.0,173.0
845.0,341.0,113.0,173.0
847.0,343.0,114.0,174.0
848.0,343.0,115.0,174.0
851.0,342.0,116.0,175.0
851.0,341.0,117.0,176.0
854.0,338.0,117.0,178.0
858.0,335.0,118.0,179.0
861.0,332.0,118.0,180.0
865.0,327.0,117.0,182.0
868.0,324.0,115.0,182.0
873.0,321.0,113.0,182.0
876.0,318.0,112.0,181.0
879.0,315.0,111.0,180.0
883.0,313.0,110.0,179.0
884.0,310.0,111.0,179.0
885.0,307.0,112.0,179.0
887.0,307.0,112.0,177.0
889.0,306.0,113.0,177.0
893.0,306.0,113.0,174.0
895.0,305.0,113.0,172.0
900.0,304.0,114.0,172.0
905.0,301.0,115.0,173.0
910.0,298.0,116.0,173.0
917.0,294.0,116.0,173.0
925.0,289.0,116.0,172.0
931.0,285.0,116.0,172.0
937.0,279.0,114.0,172.0
944.0,274.0,112.0,172.0
952.0,268.0,110.0,172.0
956.0,263.0,109.0,173.0
961.0,259.0,107.0,174.0
966.0,256.0,106.0,175.0
968.0,253.0,107.0,175.0
968.0,251.0,107.0,176.0
970.0,249.0,108.0,176.0
971.0,245.0,109.0,176.0
973.0,241.0,109.0,177.0
974.0,236.0,110.0,177.0
976.0,231.0,109.0,178.0
979.0,225.0,108.0,178.0
981.0,220.0,107.0,178.0
985.0,215.0,105.0,175.0
987.0,208.0,104.0,175.0
989.0,201.0,102.0,174.0
990.0,197.0,100.0,171.0
991.0,191.0,100.0,170.0
991.0,186.0,100.0,168.0
991.0,183.0,98.0,167.0
989.0,181.0,98.0,167.0
988.0,176.0,98.0,168.0
986.0,174.0,99.0,168.0
983.0,169.0,99.0,168.0
982.0,165.0,100.0,168.0
981.0,161.0,99.0,166.0
980.0,157.0,99.0,167.0
980.0,152.0,98.0,165.0
979.0,148.0,98.0,164.0
978.0,143.0,96.0,160.0
977.0,139.0,95.0,159.0
976.0,134.0,95.0,159.0
976.0,129.0,94.0,159.0
973.0,123.0,95.0,161.0
971.0,118.0,94.0,161.0
969.0,114.0,92.0,162.0
966.0,112.0,90.0,161.0
962.0,109.0,90.0,161.0
957.0,107.0,91.0,162.0
952.0,104.0,91.0,162.0
948.0,103.0,91.0,162.0
944.0,100.0,90.0,163.0
939.0,95.0,91.0,165.0
933.0,91.0,91.0,165.0
930.0,87.0,90.0,165.0
927.0,83.0,88.0,162.0
923.0,79.0,87.0,161.0
919.0,73.0,86.0,159.0
915.0,69.0,86.0,158.0
910.0,64.0,85.0,158.0
904.0,59.0,85.0,158.0
901.0,58.0,83.0,156.0
894.0,55.0,83.0,156.0
889.0,53.0,83.0,156.0
885.0,53.0,82.0,154.0
881.0,52.0,80.0,152.0
875.0,51.0,80.0,152.0
870.0,48.0,82.0,155.0
865.0,46.0,81.0,153.0
861.0,43.0,81.0,153.0
857.0,40.0,80.0,152.0
852.0,37.0,80.0,151.0
847.0,33.0,80.0,150.0
843.0,29.0,80.0,149.0
838.0,26.0,79.0,149.0
833.0,22.0,79.0,148.0
829.0,19.0,79.0,148.0
822.0,16.0,79.0,148.0
814.0,13.0,80.0,150.0
809.0,12.0,79.0,149.0
803.0,11.0,79.0,149.0
796.0,10.0,79.0,150.0
789.0,8.0,79.0,151.0
782.0,8.0,78.0,150.0
776.0,6.0,78.0,150.0
769.0,3.0,79.0,151.0
763.0,2.0,78.0,149.0
757.0,0.0,77.0,149.0
750.0,-2.0,75.0,146.0
743.0,-4.0,76.0,146.0
735.0,-6.0,74.0,142.0
728.0,-8.0,75.0,143.0
722.0,-10.0,74.0,140.0
714.0,-11.0,74.0,140.0
706.0,-12.0,73.0,139.0
698.0,-12.0,73.0,139.0
690.0,-13.0,73.0,140.0
683.0,-12.0,73.0,140.0
674.0,-12.0,73.0,140.0
666.0,-12.0,73.0,140.0
659.0,-13.0,73.0,140.0
651.0,-14.0,73.0,140.0
643.0,-16.0,75.0,142.0
636.0,-17.0,73.0,140.0
629.0,-18.0,73.0,138.0
622.0,-19.0,73.0,135.0
615.0,-20.0,73.0,134.0
607.0,-22.0,74.0,135.0
600.0,-23.0,74.0,135.0
594.0,-24.0,73.0,132.0
587.0,-23.0,72.0,130.0
581.0,-23.0,71.0,129.0
575.0,-22.0,69.0,127.0
570.0,-21.0,69.0,128.0
565.0,-20.0,67.0,125.0
561.0,-17.0,66.0,124.0
557.0,-17.0,66.0,124.0
554.0,-17.0,68.0,128.0
550.0,-17.0,69.0,130.0
546.0,-18.0,69.0,130.0
544.0,-18.0,69.0,130.0
541.0,-20.0,70.0,131.0
540.0,-20.0,70.0,130.0
540.0,-21.0,69.0,127.0
541.0,-20.0,68.0,125.0
542.0,-21.0,68.0,125.0
544.0,-21.0,67.0,123.0
546.0,-21.0,67.0,123.0
548.0,-20.0,67.0,122.0
552.0,-19.0,67.0,124.0
554.0,-19.0,68.0,125.0
558.0,-17.0,67.0,124.0
561.0,-17.0,69.0,128.0
564.0,-17.0,69.0,128.0
568.0,-16.0,68.0,126.0
572.0,-15.0,67.0,125.0
575.0,-15.0,67.0,125.0
578.0,-15.0,68.0,126.0
580.0,-16.0,68.0,125.0
584.0,-16.0,68.0,124.0
587.0,-17.0,68.0,124.0
590.0,-17.0,67.0,122.0
593.0,-17.0,68.0,123.0
595.0,-17.0,67.0,122.0
597.0,-17.0,69.0,127.0
600.0,-16.0,68.0,126.0
603.0,-15.0,67.0,125.0
606.0,-13.0,66.0,124.0
608.0,-11.0,66.0,125.0
611.0,-10.0,65.0,124.0
613.0,-8.0,64.0,122.0
615.0,-8.0,63.0,122.0
618.0,-8.0,65.0,124.0
621.0,-8.0,65.0,124.0
623.0,-8.0,65.0,124.0
624.0,-8.0,65.0,125.0
627.0,-8.0,65.0,124.0
628.0,-10.0,66.0,125.0
631.0,-9.0,66.0,125.0
634.0,-8.0,64.0,123.0
636.0,-8.0,64.0,124.0
639.0,-7.0,64.0,124.0
641.0,-5.0,64.0,125.0
643.0,-4.0,64.0,125.0
645.0,-2.0,64.0,126.0
647.0,-1.0,64.0,127.0
651.0,-0.0,64.0,128.0
653.0,-0.0,64.0,128.0
655.0,1.0,64.0,128.0
659.0,1.0,63.0,126.0
662.0,2.0,64.0,126.0
665.0,3.0,64.0,125.0
666.0,3.0,65.0,124.0
669.0,2.0,65.0,124.0
672.0,1.0,65.0,124.0
675.0,1.0,65.0,123.0
677.0,1.0,65.0,124.0
679.0,1.0,65.0,124.0
683.0,1.0,64.0,122.0
684.0,3.0,63.0,122.0
687.0,4.0,63.0,122.0
689.0,5.0,63.0,122.0
692.0,6.0,64.0,124.0
694.0,7.0,64.0,124.0
697.0,7.0,63.0,123.0
700.0,8.0,63.0,123.0
704.0,9.0,62.0,122.0
707.0,9.0,62.0,122.0
711.0,9.0,62.0,122.0
714.0,9.0,61.0,121.0
717.0,10.0,61.0,121.0
720.0,9.0,60.0,121.0
724.0,8.0,60.0,121.0
727.0,7.0,60.0,122.0
731.0,7.0,60.0,121.0
734.0,7.0,61.0,121.0
735.0,9.0,61.0,121.0
739.0,10.0,62.0,121.0
741.0,10.0,62.0,122.0
745.0,12.0,63.0,122.0
748.0,13.0,63.0,123.0
751.0,13.0,64.0,123.0
755.0,13.0,65.0,123.0
759.0,13.0,66.0,125.0
763.0,13.0,66.0,125.0
767.0,12.0,66.0,125.0
773.0,12.0,65.0,123.0
776.0,11.0,65.0,123.0
781.0,10.0,64.0,121.0
784.0,10.0,65.0,123.0
788.0,9.0,66.0,123.0
791.0,9.0,66.0,124.0
793.0,9.0,66.0,123.0
797.0,10.0,68.0,124.0
799.0,11.0,68.0,123.0
801.0,12.0,68.0,124.0
804.0,13.0,68.0,124.0
806.0,15.0,68.0,124.0
809.0,16.0,68.0,124.0
813.0,17.0,68.0,125.0
816.0,17.0,67.0,125.0
820.0,17.0,67.0,125.0
823.0,17.0,66.0,125.0
826.0,16.0,66.0,127.0
829.0,16.0,65.0,125.0
833.0,16.0,65.0,124.0
836.0,16.0,64.0,122.0
839.0,16.0,64.0,123.0
841.0,16.0,64.0,123.0
844.0,16.0,63.0,123.0
848.0,17.0,62.0,121.0
851.0,17.0,61.0,120.0
853.0,18.0,61.0,122.0
856.0,19.0,62.0,122.0
858.0,19.0,62.0,122.0
860.0,20.0,61.0,121.0
861.0,20.0,63.0,124.0
864.0,21.0,63.0,124.0
867.0,21.0,64.0,124.0
869.0,22.0,63.0,123.0
871.0,20.0,65.0,126.0
874.0,20.0,65.0,126.0
879.0,19.0,64.0,124.0
881.0,19.0,65.0,123.0
884.0,18.0,65.0,123.0
886.0,18.0,65.0,123.0
888.0,18.0,65.0,123.0
890.0,19.0,64.0,121.0
890.0,19.0,65.0,124.0
888.0,19.0,66.0,124.0
886.0,20.0,65.0,124.0
881.0,20.0,66.0,125.0
876.0,20.0,66.0,125.0
871.0,21.0,66.0,125.0
865.0,22.0,65.0,124.0
857.0,21.0,66.0,127.0
849.0,20.0,65.0,125.0
841.0,18.0,65.0,126.0
832.0,16.0,65.0,128.0
823.0,13.0,64.0,129.0
812.0,12.0,64.0,126.0
802.0,10.0,64.0,124.0
790.0,8.0,64.0,123.0
779.0,8.0,63.0,123.0
767.0,6.0,63.0,123.0
755.0,5.0,62.0,123.0
743.0,5.0,61.0,121.0
733.0,5.0,61.0,121.0
721.0,5.0,61.0,122.0
710.0,6.0,60.0,120.0
698.0,7.0,60.0,121.0
686.0,7.0,60.0,121.0
675.0,7.0,59.0,120.0
665.0,7.0,59.0,120.0
654.0,6.0,61.0,123.0
644.0,6.0,60.0,121.0
633.0,5.0,60.0,120.0
623.0,5.0,60.0,120.0
613.0,4.0,60.0,119.0
603.0,4.0,60.0,118.0
592.0,4.0,60.0,117.0
583.0,4.0,58.0,114.0
573.0,5.0,57.0,113.0
563.0,6.0,57.0,114.0
553.0,7.0,57.0,113.0
543.0,9.0,56.0,114.0
532.0,6.0,60.0,122.0
522.0,9.0,62.0,126.0
510.0,7.0,64.0,130.0
503.0,10.0,65.0,131.0
491.0,10.0,65.0,130.0
483.0,13.0,63.0,127.0
472.0,10.0,65.0,131.0
462.0,12.0,65.0,130.0
451.0,12.0,65.0,130.0
441.0,13.0,65.0,129.0
430.0,13.0,66.0,129.0
420.0,14.0,66.0,129.0
409.0,15.0,66.0,129.0
398.0,17.0,67.0,130.0
387.0,20.0,66.0,128.0
378.0,23.0,68.0,130.0
366.0,26.0,67.0,129.0
356.0,30.0,68.0,131.0
343.0,32.0,68.0,130.0
331.0,35.0,68.0,131.0
319.0,37.0,69.0,133.0
307.0,38.0,70.0,133.0
295.0,40.0,70.0,133.0
283.0,41.0,70.0,133.0
271.0,42.0,70.0,134.0
259.0,45.0,70.0,133.0
247.0,46.0,70.0,132.0
236.0,47.0,70.0,131.0
224.0,50.0,69.0,130.0
214.0,54.0,69.0,130.0
201.0,53.0,70.0,132.0
189.0,57.0,70.0,131.0
179.0,62.0,71.0,133.0
166.0,65.0,71.0,133.0
154.0,69.0,72.0,133.0
142.0,73.0,74.0,136.0
130.0,77.0,74.0,136.0
117.0,81.0,75.0,136.0
104.0,85.0,76.0,138.0
89.0,88.0,77.0,138.0
76.0,92.0,76.0,136.0
64.0,94.0,77.0,138.0
49.0,98.0,77.0,138.0
36.0,102.0,78.0,137.0
21.0,105.0,78.0,136.0
7.0,109.0,80.0,137.0
-4.0,117.0,78.0,136.0
-16.0,126.0,75.0,134.0
-26.0,136.0,72.0,132.0
-26.0,150.0,69.0,128.0
-26.0,199.0,66.0,123.0
-27.0,200.0,64.0,120.0
nan,nan,nan,nan
nan,nan,nan,nan
nan,nan,nan,nan
nan,nan,nan,nan
nan,nan,nan,nan
nan,nan,nan,nan
nan,nan,nan,nan
nan,nan,nan,nan
nan,nan,nan,nan
nan,nan,nan,nan
nan,nan,nan,nan
nan,nan,nan,nan
nan,nan,nan,nan
nan,nan,nan,nan
nan,nan,nan,nan
nan,nan,nan,nan
nan,nan,nan,nan
nan,nan,nan,nan
nan,nan,nan,nan
nan,nan,nan,nan
nan,nan,nan,nan
nan,nan,nan,nan
nan,nan,nan,nan
nan,nan,nan,nan
nan,nan,nan,nan
nan,nan,nan,nan
nan,nan,nan,nan
nan,nan,nan,nan
nan,nan,nan,nan
nan,nan,nan,nan
nan,nan,nan,nan
nan,nan,nan,nan
nan,nan,nan,nan
nan,nan,nan,nan
nan,nan,nan,nan
nan,nan,nan,nan
nan,nan,nan,nan
nan,nan,nan,nan
nan,nan,nan,nan
nan,nan,nan,nan
nan,nan,nan,nan
nan,nan,nan,nan
nan,nan,nan,nan
nan,nan,nan,nan
nan,nan,nan,nan
nan,nan,nan,nan
nan,nan,nan,nan
nan,nan,nan,nan
nan,nan,nan,nan
nan,nan,nan,nan
nan,nan,nan,nan
nan,nan,nan,nan
nan,nan,nan,nan
nan,nan,nan,nan
nan,nan,nan,nan
nan,nan,nan,nan
nan,nan,nan,nan
nan,nan,nan,nan
nan,nan,nan,nan
nan,nan,nan,nan
nan,nan,nan,nan
nan,nan,nan,nan
nan,nan,nan,nan
nan,nan,nan,nan
nan,nan,nan,nan
nan,nan,nan,nan
nan,nan,nan,nan
nan,nan,nan,nan
nan,nan,nan,nan
nan,nan,nan,nan
nan,nan,nan,nan
nan,nan,nan,nan
nan,nan,nan,nan
nan,nan,nan,nan
nan,nan,nan,nan
nan,nan,nan,nan
nan,nan,nan,nan
nan,nan,nan,nan
nan,nan,nan,nan
nan,nan,nan,nan
-0.0,68.0,6.0,24.0
-0.0,59.0,10.0,31.0
-0.0,50.0,14.0,38.0
-0.0,41.0,19.0,45.0
1.0,36.0,22.0,49.0
2.0,30.0,25.0,52.0
2.0,25.0,28.0,55.0
8.0,23.0,27.0,54.0
13.0,21.0,26.0,52.0
19.0,19.0,25.0,51.0
22.0,18.0,26.0,51.0
26.0,17.0,26.0,50.0
30.0,16.0,26.0,50.0
35.0,14.0,26.0,50.0
41.0,13.0,27.0,50.0
46.0,12.0,27.0,50.0
52.0,11.0,27.0,50.0
58.0,10.0,26.0,50.0
64.0,9.0,26.0,51.0
69.0,8.0,25.0,50.0
74.0,8.0,23.0,50.0
79.0,7.0,22.0,50.0
84.0,6.0,21.0,50.0
89.0,5.0,20.0,50.0
94.0,4.0,18.0,50.0
98.0,3.0,17.0,48.0
102.0,3.0,16.0,47.0
107.0,2.0,15.0,46.0
110.0,2.0,15.0,46.0
112.0,2.0,15.0,46.0
115.0,1.0,14.0,47.0
117.0,1.0,15.0,47.0
118.0,1.0,16.0,48.0
120.0,0.0,16.0,48.0
121.0,0.0,16.0,49.0
122.0,0.0,16.0,49.0
123.0,0.0,16.0,49.0
125.0,0.0,16.0,49.0
126.0,1.0,17.0,49.0
127.0,1.0,17.0,50.0
128.0,0.0,16.0,50.0
129.0,0.0,16.0,51.0
129.0,0.0,15.0,52.0
130.0,0.0,15.0,51.0
132.0,0.0,14.0,50.0
133.0,0.0,13.0,50.0
134.0,1.0,13.0,49.0
134.0,1.0,13.0,48.0
135.0,1.0,13.0,48.0
136.0,1.0,14.0,48.0
137.0,2.0,14.0,48.0
137.0,2.0,14.0,48.0
138.0,3.0,16.0,48.0
138.0,3.0,17.0,48.0
139.0,4.0,19.0,48.0
139.0,4.0,19.0,49.0
139.0,5.0,20.0,49.0
139.0,6.0,21.0,49.0
140.0,6.0,20.0,49.0
140.0,6.0,20.0,50.0
141.0,7.0,20.0,50.0
