775.0,615.0,101.0,102.0
787.0,616.0,103.0,104.0
801.0,616.0,100.0,102.0
815.0,615.0,100.0,103.0
824.0,611.0,105.0,107.0
838.0,610.0,103.0,103.0
849.0,608.0,106.0,105.0
860.0,603.0,110.0,109.0
872.0,602.0,109.0,108.0
884.0,601.0,110.0,108.0
895.0,599.0,111.0,110.0
906.0,599.0,111.0,110.0
918.0,601.0,110.0,108.0
927.0,601.0,112.0,110.0
936.0,603.0,110.0,108.0
948.0,604.0,109.0,106.0
958.0,603.0,109.0,106.0
969.0,599.0,113.0,109.0
981.0,597.0,115.0,111.0
995.0,596.0,111.0,108.0
1008.0,594.0,109.0,107.0
1021.0,594.0,107.0,106.0
1033.0,592.0,107.0,106.0
1043.0,592.0,107.0,106.0
1053.0,593.0,107.0,106.0
1063.0,594.0,106.0,106.0
1073.0,594.0,107.0,107.0
1083.0,595.0,106.0,107.0
1092.0,595.0,108.0,106.0
1100.0,594.0,112.0,106.0
1110.0,592.0,116.0,106.0
1121.0,589.0,119.0,109.0
1134.0,587.0,119.0,110.0
1148.0,588.0,118.0,108.0
1162.0,590.0,115.0,106.0
1171.0,589.0,115.0,108.0
1181.0,589.0,115.0,109.0
1188.0,590.0,113.0,108.0
1193.0,592.0,115.0,109.0
1199.0,594.0,115.0,109.0
1210.0,595.0,111.0,108.0
1214.0,597.0,109.0,109.0
1218.0,598.0,103.0,106.0
1220.0,618.0,102.0,102.0
1221.0,643.0,101.0,98.0
1222.0,646.0,99.0,95.0
nan,nan,nan,nan
nan,nan,nan,nan
nan,nan,nan,nan
nan,nan,nan,nan
nan,nan,nan,nan
nan,nan,nan,nan
nan,nan,nan,nan
nan,nan,nan,nan
nan,nan,nan,nan
nan,nan,nan,nan
nan,nan,nan,nan
nan,nan,nan,nan
nan,nan,nan,nan
nan,nan,nan,nan
nan,nan,nan,nan
nan,nan,nan,nan
nan,nan,nan,nan
nan,nan,nan,nan
nan,nan,nan,nan
nan,nan,nan,nan
nan,nan,nan,nan
nan,nan,nan,nan
nan,nan,nan,nan
nan,nan,nan,nan
nan,nan,nan,nan
nan,nan,nan,nan
nan,nan,nan,nan
nan,nan,nan,nan
nan,nan,nan,nan
nan,nan,nan,nan
nan,nan,nan,nan
nan,nan,nan,nan
nan,nan,nan,nan
nan,nan,nan,nan
nan,nan,nan,nan
nan,nan,nan,nan
nan,nan,nan,nan
nan,nan,nan,nan
303.0,116.0,17.0,28.0
301.0,115.0,18.0,29.0
299.0,114.0,20.0,30.0
298.0,113.0,21.0,30.0
296.0,112.0,21.0,30.0
294.0,111.0,21.0,30.0
292.0,110.0,20.0,30.0
290.0,109.0,20.0,30.0
288.0,109.0,20.0,30.0
285.0,108.0,20.0,30.0
283.0,107.0,20.0,29.0
281.0,106.0,20.0,28.0
278.0,105.0,20.0,27.0
276.0,104.0,20.0,26.0
274.0,104.0,20.0,25.0
271.0,103.0,19.0,23.0
269.0,102.0,19.0,24.0
266.0,101.0,20.0,25.0
264.0,101.0,20.0,26.0
262.0,100.0,19.0,26.0
260.0,100.0,19.0,26.0
258.0,99.0,18.0,26.0
256.0,99.0,18.0,27.0
254.0,99.0,18.0,27.0
252.0,98.0,18.0,28.0
250.0,98.0,17.0,27.0
248.0,98.0,17.0,27.0
246.0,98.0,17.0,27.0
244.0,97.0,16.0,26.0
242.0,97.0,16.0,24.0
240.0,96.0,16.0,23.0
238.0,96.0,16.0,23.0
235.0,96.0,16.0,23.0
233.0,96.0,16.0,23.0
230.0,96.0,16.0,23.0
227.0,96.0,17.0,23.0
224.0,97.0,17.0,24.0
222.0,97.0,17.0,24.0
220.0,97.0,17.0,24.0
218.0,97.0,16.0,24.0
216.0,97.0,16.0,23.0
214.0,97.0,16.0,23.0
212.0,97.0,15.0,23.0
210.0,98.0,15.0,24.0
208.0,98.0,14.0,24.0
206.0,98.0,14.0,25.0
204.0,99.0,13.0,25.0
202.0,99.0,13.0,25.0
201.0,100.0,12.0,25.0
198.0,100.0,12.0,25.0
196.0,100.0,12.0,26.0
193.0,101.0,12.0,27.0
191.0,101.0,12.0,27.0
189.0,102.0,12.0,27.0
187.0,102.0,11.0,28.0
185.0,103.0,11.0,28.0
182.0,103.0,11.0,28.0
180.0,104.0,11.0,27.0
178.0,104.0,11.0,27.0
176.0,105.0,11.0,26.0
174.0,105.0,11.0,25.0
172.0,106.0,12.0,24.0
169.0,106.0,12.0,24.0
167.0,107.0,13.0,23.0
165.0,107.0,14.0,23.0
163.0,108.0,15.0,24.0
160.0,108.0,15.0,24.0
158.0,109.0,15.0,24.0
157.0,110.0,15.0,24.0
155.0,111.0,15.0,24.0
154.0,112.0,15.0,24.0
152.0,112.0,15.0,24.0
151.0,113.0,15.0,24.0
149.0,113.0,14.0,24.0
147.0,114.0,14.0,24.0
146.0,114.0,14.0,24.0
144.0,115.0,14.0,24.0
142.0,115.0,13.0,25.0
141.0,116.0,13.0,25.0
139.0,116.0,13.0,26.0
137.0,117.0,13.0,26.0
135.0,118.0,13.0,27.0
133.0,118.0,14.0,27.0
131.0,119.0,15.0,28.0
128.0,119.0,15.0,28.0
126.0,120.0,15.0,28.0
124.0,120.0,15.0,27.0
122.0,121.0,15.0,27.0
120.0,122.0,15.0,27.0
118.0,122.0,15.0,27.0
117.0,123.0,15.0,27.0
116.0,123.0,14.0,26.0
114.0,123.0,14.0,25.0
113.0,123.0,14.0,25.0
112.0,123.0,14.0,24.0
111.0,123.0,14.0,23.0
110.0,124.0,14.0,23.0
110.0,124.0,14.0,23.0
109.0,124.0,15.0,23.0
108.0,124.0,15.0,23.0
108.0,124.0,15.0,23.0
107.0,123.0,15.0,24.0
106.0,123.0,15.0,24.0
105.0,123.0,15.0,26.0
105.0,123.0,16.0,27.0
104.0,123.0,16.0,28.0
103.0,123.0,16.0,29.0
103.0,123.0,16.0,30.0
102.0,122.0,16.0,31.0
102.0,122.0,16.0,30.0
101.0,122.0,16.0,29.0
101.0,122.0,16.0,28.0
100.0,122.0,16.0,26.0
100.0,122.0,16.0,25.0
99.0,121.0,17.0,23.0
99.0,121.0,17.0,23.0
98.0,122.0,17.0,22.0
98.0,122.0,17.0,21.0
97.0,122.0,16.0,21.0
96.0,122.0,16.0,21.0
95.0,122.0,16.0,21.0
94.0,122.0,15.0,21.0
94.0,122.0,15.0,21.0
93.0,122.0,15.0,21.0
93.0,121.0,15.0,21.0
92.0,121.0,15.0,21.0
92.0,120.0,15.0,22.0
91.0,120.0,15.0,23.0
91.0,120.0,16.0,23.0
91.0,119.0,17.0,24.0
90.0,119.0,17.0,24.0
90.0,118.0,17.0,25.0
90.0,118.0,17.0,25.0
89.0,118.0,17.0,25.0
89.0,118.0,17.0,26.0
89.0,117.0,17.0,26.0
88.0,117.0,17.0,27.0
88.0,116.0,17.0,28.0
88.0,116.0,17.0,29.0
88.0,115.0,17.0,29.0
88.0,114.0,17.0,30.0
88.0,114.0,17.0,31.0
88.0,113.0,17.0,31.0
88.0,113.0,17.0,32.0
88.0,112.0,17.0,32.0
88.0,112.0,17.0,32.0
88.0,111.0,17.0,32.0
88.0,111.0,17.0,32.0
88.0,110.0,16.0,31.0
88.0,110.0,15.0,30.0
88.0,110.0,14.0,29.0
88.0,109.0,14.0,28.0
87.0,109.0,13.0,27.0
87.0,108.0,12.0,26.0
87.0,108.0,12.0,26.0
87.0,108.0,12.0,27.0
87.0,108.0,12.0,27.0
87.0,108.0,12.0,28.0
87.0,108.0,12.0,28.0
87.0,108.0,12.0,29.0
87.0,108.0,12.0,28.0
86.0,108.0,13.0,27.0
86.0,108.0,13.0,27.0
86.0,108.0,13.0,26.0
86.0,108.0,13.0,26.0
86.0,108.0,12.0,25.0
86.0,107.0,12.0,26.0
86.0,107.0,11.0,27.0
86.0,107.0,11.0,28.0
87.0,106.0,11.0,29.0
87.0,106.0,11.0,29.0
87.0,106.0,11.0,30.0
87.0,106.0,11.0,31.0
88.0,105.0,10.0,31.0
88.0,105.0,10.0,32.0
88.0,105.0,10.0,32.0
89.0,104.0,10.0,31.0
89.0,104.0,9.0,30.0
90.0,104.0,10.0,29.0
90.0,103.0,10.0,28.0
90.0,103.0,10.0,27.0
91.0,103.0,11.0,27.0
91.0,103.0,11.0,27.0
91.0,102.0,12.0,27.0
92.0,102.0,12.0,28.0
92.0,103.0,13.0,28.0
93.0,103.0,13.0,29.0
93.0,103.0,14.0,29.0
93.0,103.0,14.0,29.0
93.0,103.0,15.0,29.0
94.0,102.0,14.0,28.0
95.0,102.0,14.0,28.0
95.0,102.0,13.0,28.0
96.0,102.0,12.0,26.0
97.0,101.0,11.0,25.0
98.0,101.0,11.0,24.0
99.0,101.0,11.0,25.0
100.0,101.0,11.0,25.0
101.0,101.0,11.0,26.0
102.0,101.0,12.0,26.0
102.0,100.0,13.0,27.0
103.0,100.0,14.0,27.0
103.0,100.0,14.0,27.0
103.0,100.0,15.0,27.0
104.0,100.0,16.0,27.0
105.0,100.0,16.0,27.0
106.0,100.0,16.0,28.0
108.0,100.0,16.0,28.0
110.0,99.0,16.0,26.0
112.0,99.0,15.0,25.0
114.0,99.0,14.0,24.0
114.0,99.0,14.0,25.0
115.0,98.0,15.0,25.0
115.0,98.0,15.0,26.0
116.0,97.0,16.0,26.0
116.0,97.0,16.0,26.0
117.0,97.0,17.0,26.0
119.0,97.0,16.0,25.0
121.0,97.0,16.0,23.0
122.0,98.0,15.0,21.0
124.0,98.0,15.0,22.0
125.0,98.0,16.0,22.0
126.0,98.0,16.0,23.0
128.0,98.0,15.0,24.0
129.0,98.0,15.0,24.0
131.0,97.0,15.0,25.0
132.0,97.0,15.0,25.0
133.0,97.0,15.0,26.0
133.0,96.0,16.0,26.0
135.0,97.0,15.0,26.0
136.0,97.0,15.0,26.0
138.0,97.0,15.0,26.0
140.0,97.0,14.0,26.0
142.0,97.0,13.0,25.0
144.0,98.0,12.0,24.0
146.0,98.0,12.0,24.0
147.0,98.0,13.0,24.0
148.0,98.0,14.0,24.0
149.0,97.0,15.0,25.0
150.0,97.0,15.0,25.0
150.0,97.0,16.0,25.0
152.0,98.0,17.0,24.0
153.0,98.0,17.0,23.0
154.0,98.0,17.0,22.0
156.0,99.0,17.0,22.0
158.0,99.0,17.0,22.0
160.0,100.0,16.0,22.0
163.0,100.0,15.0,22.0
165.0,100.0,14.0,23.0
167.0,100.0,13.0,24.0
168.0,99.0,13.0,24.0
169.0,98.0,14.0,25.0
170.0,98.0,14.0,25.0
170.0,98.0,14.0,25.0
170.0,97.0,14.0,25.0
171.0,97.0,15.0,25.0
172.0,97.0,14.0,25.0
173.0,98.0,13.0,24.0
174.0,98.0,12.0,23.0
175.0,97.0,12.0,23.0
175.0,97.0,12.0,23.0
175.0,97.0,12.0,23.0
175.0,96.0,13.0,23.0
175.0,96.0,14.0,23.0
174.0,96.0,15.0,23.0
174.0,95.0,15.0,24.0
174.0,95.0,16.0,24.0
173.0,94.0,17.0,24.0
174.0,94.0,17.0,24.0
174.0,93.0,17.0,24.0
175.0,93.0,16.0,23.0
176.0,93.0,16.0,24.0
177.0,92.0,16.0,25.0
178.0,92.0,15.0,26.0
178.0,91.0,15.0,26.0
178.0,90.0,15.0,27.0
178.0,90.0,16.0,27.0
179.0,90.0,16.0,27.0
179.0,89.0,16.0,27.0
180.0,89.0,16.0,27.0
182.0,88.0,14.0,27.0
184.0,88.0,13.0,26.0
185.0,88.0,12.0,26.0
186.0,87.0,12.0,26.0
186.0,87.0,13.0,26.0
186.0,86.0,13.0,26.0
187.0,86.0,14.0,26.0
187.0,85.0,15.0,26.0
187.0,84.0,16.0,26.0
188.0,84.0,16.0,25.0
189.0,84.0,16.0,25.0
190.0,84.0,17.0,24.0
191.0,84.0,16.0,24.0
192.0,84.0,15.0,23.0
193.0,84.0,15.0,22.0
194.0,84.0,14.0,23.0
196.0,83.0,13.0,24.0
197.0,83.0,13.0,25.0
198.0,82.0,13.0,26.0
199.0,81.0,13.0,27.0
199.0,80.0,13.0,28.0
200.0,79.0,13.0,28.0
200.0,79.0,13.0,28.0
200.0,78.0,13.0,28.0
201.0,78.0,12.0,27.0
202.0,78.0,11.0,26.0
203.0,77.0,11.0,26.0
203.0,77.0,11.0,26.0
204.0,76.0,11.0,25.0
204.0,76.0,10.0,25.0
204.0,75.0,11.0,25.0
204.0,74.0,11.0,26.0
203.0,74.0,12.0,27.0
203.0,73.0,12.0,27.0
203.0,72.0,12.0,27.0
203.0,72.0,12.0,27.0
203.0,72.0,12.0,25.0
203.0,72.0,12.0,24.0
203.0,72.0,12.0,22.0
204.0,71.0,12.0,23.0
204.0,71.0,12.0,24.0
204.0,70.0,12.0,25.0
204.0,69.0,12.0,25.0
204.0,68.0,12.0,26.0
205.0,67.0,12.0,27.0
205.0,67.0,12.0,27.0
205.0,66.0,12.0,27.0
205.0,65.0,12.0,27.0
205.0,65.0,12.0,26.0
205.0,65.0,11.0,26.0
205.0,65.0,11.0,25.0
205.0,65.0,11.0,25.0
205.0,65.0,11.0,24.0
205.0,64.0,11.0,23.0
205.0,64.0,11.0,24.0
205.0,63.0,12.0,24.0
205.0,62.0,12.0,24.0
205.0,62.0,12.0,25.0
205.0,61.0,12.0,25.0
206.0,61.0,12.0,25.0
206.0,61.0,12.0,25.0
206.0,61.0,12.0,24.0
206.0,61.0,12.0,24.0
206.0,61.0,12.0,23.0
206.0,61.0,11.0,23.0
207.0,61.0,11.0,22.0
207.0,60.0,11.0,23.0
207.0,59.0,11.0,24.0
207.0,59.0,12.0,25.0
207.0,58.0,11.0,25.0
207.0,58.0,11.0,25.0
207.0,58.0,11.0,25.0
207.0,58.0,11.0,25.0
207.0,58.0,10.0,25.0
207.0,58.0,10.0,25.0
207.0,58.0,10.0,24.0
207.0,57.0,10.0,23.0
207.0,57.0,10.0,22.0
208.0,57.0,10.0,23.0
208.0,56.0,10.0,24.0
208.0,56.0,10.0,24.0
209.0,56.0,10.0,25.0
210.0,56.0,11.0,25.0
210.0,56.0,11.0,25.0
211.0,56.0,11.0,26.0
211.0,56.0,11.0,26.0
212.0,57.0,11.0,26.0
213.0,57.0,11.0,25.0
215.0,57.0,10.0,25.0
216.0,57.0,10.0,24.0
217.0,57.0,10.0,24.0
218.0,56.0,10.0,24.0
219.0,56.0,10.0,23.0
220.0,57.0,9.0,23.0
221.0,57.0,9.0,23.0
223.0,57.0,9.0,23.0
224.0,57.0,9.0,22.0
225.0,58.0,9.0,22.0
226.0,59.0,9.0,21.0
227.0,59.0,9.0,21.0
228.0,60.0,9.0,21.0
229.0,60.0,9.0,22.0
230.0,60.0,9.0,22.0
231.0,60.0,9.0,23.0
232.0,60.0,9.0,23.0
233.0,60.0,10.0,23.0
234.0,60.0,10.0,23.0
235.0,60.0,10.0,23.0
236.0,61.0,11.0,23.0
237.0,61.0,11.0,23.0
238.0,61.0,11.0,23.0
238.0,61.0,11.0,23.0
239.0,61.0,11.0,23.0
239.0,60.0,12.0,23.0
239.0,60.0,12.0,22.0
239.0,60.0,12.0,21.0
239.0,60.0,12.0,21.0
238.0,61.0,12.0,20.0
238.0,61.0,13.0,20.0
237.0,61.0,13.0,20.0
237.0,61.0,13.0,20.0
236.0,61.0,13.0,20.0
236.0,61.0,14.0,20.0
236.0,62.0,14.0,19.0
235.0,62.0,14.0,19.0
235.0,62.0,14.0,19.0
235.0,62.0,14.0,19.0
234.0,62.0,14.0,19.0
234.0,62.0,15.0,19.0
234.0,61.0,15.0,19.0
233.0,61.0,15.0,19.0
233.0,61.0,15.0,19.0
232.0,61.0,15.0,19.0
232.0,60.0,15.0,20.0
232.0,60.0,15.0,20.0
232.0,60.0,15.0,20.0
232.0,60.0,14.0,21.0
232.0,60.0,14.0,21.0
231.0,60.0,14.0,21.0
231.0,59.0,13.0,21.0
230.0,59.0,13.0,21.0
229.0,59.0,13.0,22.0
229.0,59.0,13.0,22.0
228.0,59.0,13.0,22.0
227.0,59.0,13.0,23.0
227.0,59.0,13.0,23.0
226.0,59.0,13.0,23.0
226.0,58.0,12.0,23.0
225.0,58.0,12.0,23.0
224.0,58.0,12.0,24.0
224.0,58.0,11.0,24.0
223.0,57.0,11.0,24.0
223.0,57.0,11.0,24.0
222.0,57.0,11.0,24.0
222.0,57.0,11.0,23.0
221.0,57.0,10.0,23.0
220.0,57.0,10.0,22.0
220.0,57.0,10.0,22.0
219.0,57.0,10.0,21.0
218.0,57.0,11.0,21.0
218.0,57.0,11.0,21.0
217.0,57.0,11.0,22.0
217.0,57.0,11.0,22.0
216.0,57.0,11.0,22.0
215.0,57.0,11.0,22.0
215.0,57.0,11.0,22.0
214.0,57.0,11.0,23.0
213.0,57.0,10.0,23.0
212.0,57.0,10.0,23.0
211.0,57.0,10.0,23.0
210.0,58.0,10.0,23.0
209.0,58.0,10.0,23.0
208.0,58.0,10.0,23.0
207.0,58.0,10.0,24.0
206.0,58.0,10.0,23.0
204.0,58.0,11.0,23.0
203.0,58.0,11.0,23.0
202.0,58.0,11.0,23.0
201.0,58.0,11.0,22.0
200.0,58.0,11.0,22.0
198.0,58.0,12.0,21.0
197.0,58.0,12.0,21.0
196.0,58.0,12.0,21.0
194.0,58.0,13.0,21.0
193.0,59.0,13.0,21.0
191.0,59.0,13.0,21.0
190.0,59.0,13.0,21.0
189.0,59.0,13.0,22.0
188.0,59.0,13.0,22.0
187.0,59.0,13.0,22.0
186.0,59.0,12.0,22.0
185.0,60.0,12.0,23.0
185.0,60.0,11.0,23.0
184.0,60.0,11.0,22.0
184.0,61.0,10.0,22.0
184.0,61.0,9.0,22.0
184.0,61.0,9.0,22.0
184.0,61.0,9.0,22.0
184.0,62.0,9.0,22.0
184.0,62.0,9.0,22.0
183.0,62.0,9.0,22.0
183.0,63.0,9.0,22.0
183.0,63.0,9.0,22.0
183.0,64.0,9.0,22.0
183.0,65.0,9.0,22.0
184.0,65.0,9.0,22.0
184.0,66.0,9.0,22.0
184.0,66.0,10.0,22.0
184.0,67.0,10.0,22.0
184.0,68.0,10.0,22.0
184.0,68.0,10.0,22.0
183.0,69.0,10.0,22.0
183.0,69.0,10.0,22.0
183.0,69.0,10.0,22.0
183.0,70.0,10.0,21.0
183.0,70.0,11.0,21.0
182.0,71.0,11.0,22.0
181.0,71.0,12.0,22.0
181.0,72.0,12.0,22.0
181.0,72.0,12.0,22.0
181.0,73.0,12.0,22.0
180.0,73.0,12.0,22.0
180.0,73.0,11.0,22.0
180.0,74.0,11.0,22.0
179.0,74.0,10.0,22.0
179.0,75.0,10.0,23.0
178.0,75.0,10.0,23.0
177.0,76.0,9.0,23.0
176.0,76.0,9.0,23.0
175.0,76.0,9.0,23.0
173.0,76.0,9.0,23.0
172.0,77.0,10.0,23.0
171.0,77.0,10.0,23.0
169.0,77.0,10.0,23.0
168.0,78.0,10.0,23.0
166.0,78.0,10.0,23.0
165.0,78.0,10.0,23.0
164.0,79.0,11.0,23.0
163.0,79.0,11.0,23.0
162.0,80.0,11.0,23.0
161.0,80.0,11.0,23.0
160.0,81.0,11.0,23.0
159.0,81.0,11.0,23.0
158.0,82.0,11.0,23.0
157.0,83.0,11.0,23.0
156.0,83.0,12.0,23.0
154.0,84.0,12.0,23.0
153.0,85.0,12.0,23.0
152.0,86.0,12.0,23.0
151.0,86.0,12.0,22.0
150.0,87.0,12.0,22.0
149.0,88.0,11.0,22.0
147.0,89.0,11.0,21.0
146.0,90.0,11.0,21.0
144.0,91.0,11.0,21.0
143.0,91.0,11.0,20.0
142.0,92.0,11.0,20.0
140.0,93.0,11.0,20.0
139.0,94.0,11.0,20.0
138.0,94.0,11.0,20.0
137.0,95.0,11.0,20.0
136.0,96.0,11.0,21.0
135.0,97.0,12.0,22.0
133.0,98.0,12.0,23.0
132.0,99.0,12.0,23.0
132.0,100.0,12.0,23.0
131.0,101.0,12.0,22.0
130.0,102.0,12.0,22.0
129.0,103.0,12.0,22.0
128.0,104.0,12.0,21.0
127.0,105.0,12.0,21.0
126.0,106.0,12.0,21.0
125.0,107.0,12.0,20.0
125.0,108.0,12.0,20.0
124.0,110.0,12.0,20.0
123.0,111.0,13.0,19.0
122.0,112.0,13.0,20.0
121.0,114.0,13.0,21.0
121.0,115.0,13.0,21.0
120.0,116.0,13.0,21.0
119.0,118.0,13.0,21.0
118.0,119.0,14.0,21.0
117.0,120.0,14.0,21.0
117.0,121.0,14.0,21.0
116.0,123.0,14.0,21.0
116.0,124.0,14.0,20.0
116.0,125.0,13.0,20.0
116.0,126.0,13.0,20.0
117.0,127.0,12.0,20.0
118.0,129.0,12.0,20.0
118.0,130.0,11.0,20.0
118.0,131.0,12.0,21.0
118.0,133.0,12.0,22.0
118.0,134.0,13.0,24.0
118.0,136.0,14.0,24.0
117.0,138.0,15.0,24.0
117.0,140.0,16.0,24.0
