547.0,16.0,128.0,242.0
551.0,20.0,128.0,241.0
556.0,22.0,127.0,241.0
561.0,26.0,126.0,240.0
568.0,28.0,126.0,241.0
574.0,32.0,125.0,241.0
579.0,35.0,125.0,242.0
582.0,38.0,127.0,244.0
586.0,41.0,128.0,244.0
590.0,44.0,129.0,245.0
591.0,48.0,131.0,246.0
595.0,52.0,133.0,247.0
597.0,55.0,134.0,247.0
602.0,59.0,134.0,248.0
604.0,63.0,134.0,250.0
609.0,65.0,134.0,250.0
613.0,67.0,132.0,250.0
619.0,69.0,130.0,250.0
623.0,72.0,128.0,250.0
629.0,75.0,127.0,248.0
632.0,77.0,126.0,246.0
639.0,81.0,125.0,244.0
642.0,85.0,125.0,244.0
647.0,90.0,125.0,245.0
650.0,94.0,125.0,245.0
654.0,98.0,125.0,245.0
656.0,102.0,126.0,246.0
661.0,106.0,126.0,246.0
665.0,110.0,127.0,245.0
670.0,115.0,128.0,245.0
675.0,119.0,128.0,245.0
679.0,122.0,129.0,243.0
685.0,126.0,129.0,241.0
691.0,129.0,130.0,239.0
697.0,133.0,128.0,241.0
704.0,135.0,127.0,241.0
710.0,137.0,125.0,243.0
714.0,142.0,125.0,244.0
720.0,146.0,125.0,244.0
726.0,151.0,125.0,244.0
730.0,155.0,127.0,245.0
734.0,160.0,129.0,247.0
739.0,164.0,131.0,249.0
743.0,170.0,133.0,250.0
747.0,174.0,135.0,250.0
751.0,178.0,137.0,252.0
755.0,181.0,140.0,252.0
761.0,183.0,141.0,252.0
767.0,185.0,143.0,252.0
770.0,186.0,143.0,250.0
776.0,188.0,143.0,248.0
781.0,189.0,143.0,246.0
786.0,193.0,142.0,247.0
790.0,195.0,141.0,250.0
795.0,199.0,140.0,251.0
801.0,203.0,139.0,252.0
806.0,207.0,138.0,253.0
811.0,209.0,137.0,253.0
815.0,213.0,137.0,255.0
819.0,215.0,136.0,256.0
824.0,217.0,135.0,257.0
828.0,220.0,136.0,256.0
832.0,223.0,136.0,256.0
836.0,225.0,136.0,256.0
840.0,225.0,137.0,254.0
844.0,226.0,138.0,253.0
850.0,226.0,140.0,251.0
852.0,228.0,140.0,248.0
857.0,230.0,141.0,245.0
860.0,231.0,142.0,243.0
864.0,234.0,143.0,244.0
868.0,238.0,143.0,244.0
871.0,241.0,143.0,246.0
875.0,245.0,144.0,247.0
879.0,248.0,145.0,247.0
883.0,252.0,146.0,248.0
888.0,255.0,146.0,250.0
894.0,259.0,148.0,251.0
900.0,261.0,149.0,253.0
908.0,263.0,149.0,253.0
914.0,263.0,149.0,253.0
922.0,265.0,149.0,254.0
930.0,263.0,150.0,254.0
936.0,262.0,151.0,253.0
939.0,265.0,152.0,253.0
943.0,264.0,153.0,251.0
947.0,262.0,155.0,249.0
952.0,262.0,156.0,247.0
954.0,263.0,158.0,244.0
957.0,264.0,160.0,243.0
959.0,265.0,162.0,241.0
961.0,265.0,163.0,242.0
962.0,263.0,164.0,244.0
962.0,263.0,165.0,245.0
962.0,263.0,166.0,247.0
963.0,263.0,167.0,248.0
963.0,262.0,167.0,249.0
966.0,260.0,166.0,250.0
970.0,258.0,166.0,250.0
974.0,255.0,165.0,251.0
977.0,250.0,163.0,250.0
980.0,245.0,161.0,250.0
983.0,240.0,158.0,249.0
984.0,238.0,159.0,251.0
983.0,235.0,159.0,253.0
982.0,233.0,160.0,255.0
979.0,231.0,159.0,256.0
980.0,231.0,159.0,259.0
977.0,229.0,158.0,260.0
979.0,227.0,155.0,260.0
983.0,223.0,152.0,261.0
984.0,219.0,149.0,262.0
987.0,215.0,148.0,261.0
987.0,211.0,146.0,260.0
989.0,207.0,143.0,260.0
988.0,205.0,144.0,256.0
988.0,201.0,145.0,253.0
987.0,198.0,145.0,250.0
987.0,193.0,148.0,252.0
988.0,185.0,150.0,254.0
990.0,177.0,152.0,256.0
993.0,170.0,152.0,257.0
996.0,163.0,152.0,258.0
999.0,156.0,152.0,259.0
1002.0,151.0,152.0,256.0
1003.0,148.0,150.0,255.0
1006.0,145.0,149.0,253.0
1010.0,142.0,147.0,252.0
1012.0,139.0,146.0,250.0
1014.0,135.0,145.0,250.0
1016.0,128.0,144.0,251.0
1021.0,122.0,143.0,253.0
1022.0,114.0,143.0,255.0
1025.0,108.0,141.0,256.0
1029.0,103.0,140.0,256.0
1033.0,97.0,138.0,257.0
1032.0,96.0,137.0,255.0
1034.0,94.0,137.0,252.0
1034.0,91.0,136.0,249.0
1032.0,90.0,137.0,247.0
1033.0,86.0,137.0,245.0
1032.0,83.0,138.0,244.0
1033.0,78.0,140.0,245.0
1033.0,70.0,143.0,247.0
1034.0,64.0,145.0,249.0
1036.0,59.0,146.0,250.0
1035.0,53.0,146.0,250.0
1035.0,50.0,147.0,250.0
1034.0,48.0,147.0,248.0
1032.0,46.0,147.0,247.0
1028.0,46.0,147.0,246.0
1027.0,45.0,145.0,244.0
1026.0,43.0,143.0,243.0
1026.0,41.0,140.0,242.0
1023.0,36.0,140.0,244.0
1022.0,31.0,138.0,245.0
1020.0,27.0,137.0,247.0
1018.0,21.0,137.0,247.0
1014.0,16.0,137.0,248.0
1011.0,11.0,137.0,249.0
1009.0,10.0,136.0,247.0
1006.0,8.0,134.0,246.0
1001.0,6.0,134.0,244.0
998.0,6.0,134.0,242.0
994.0,5.0,133.0,241.0
990.0,3.0,133.0,240.0
988.0,1.0,134.0,239.0
985.0,-2.0,134.0,238.0
982.0,-4.0,136.0,238.0
982.0,-8.0,136.0,238.0
980.0,-10.0,136.0,238.0
977.0,-12.0,136.0,238.0
975.0,-13.0,134.0,235.0
976.0,-13.0,133.0,233.0
975.0,-13.0,132.0,231.0
973.0,-12.0,132.0,230.0
971.0,-10.0,132.0,230.0
969.0,-10.0,132.0,230.0
968.0,-10.0,132.0,230.0
970.0,-13.0,132.0,231.0
970.0,-15.0,132.0,231.0
971.0,-18.0,131.0,231.0
972.0,-20.0,131.0,230.0
974.0,-23.0,131.0,229.0
973.0,-24.0,131.0,227.0
973.0,-25.0,131.0,225.0
972.0,-27.0,130.0,223.0
971.0,-27.0,129.0,220.0
968.0,-25.0,129.0,218.0
967.0,-27.0,128.0,216.0
964.0,-28.0,129.0,216.0
962.0,-30.0,129.0,216.0
961.0,-32.0,130.0,216.0
959.0,-33.0,130.0,215.0
957.0,-35.0,130.0,215.0
956.0,-37.0,130.0,215.0
953.0,-38.0,130.0,214.0
949.0,-39.0,129.0,213.0
946.0,-38.0,129.0,212.0
940.0,-38.0,127.0,211.0
935.0,-38.0,125.0,209.0
934.0,-39.0,123.0,208.0
930.0,-40.0,122.0,207.0
928.0,-42.0,121.0,207.0
923.0,-42.0,120.0,207.0
920.0,-43.0,120.0,207.0
915.0,-44.0,120.0,207.0
910.0,-44.0,120.0,208.0
908.0,-44.0,120.0,206.0
902.0,-44.0,120.0,205.0
900.0,-43.0,120.0,205.0
895.0,-43.0,119.0,205.0
892.0,-43.0,119.0,205.0
889.0,-43.0,119.0,205.0
885.0,-42.0,118.0,205.0
883.0,-40.0,117.0,205.0
880.0,-42.0,116.0,206.0
877.0,-42.0,116.0,207.0
874.0,-42.0,117.0,208.0
871.0,-40.0,117.0,209.0
867.0,-40.0,117.0,209.0
864.0,-38.0,116.0,210.0
861.0,-37.0,116.0,210.0
857.0,-35.0,116.0,210.0
854.0,-34.0,117.0,209.0
853.0,-33.0,118.0,208.0
850.0,-32.0,118.0,210.0
847.0,-32.0,119.0,211.0
843.0,-30.0,119.0,211.0
840.0,-29.0,119.0,212.0
837.0,-29.0,119.0,213.0
833.0,-28.0,120.0,214.0
830.0,-28.0,119.0,213.0
828.0,-27.0,119.0,213.0
826.0,-25.0,118.0,212.0
823.0,-24.0,118.0,213.0
820.0,-23.0,118.0,213.0
818.0,-20.0,118.0,214.0
817.0,-19.0,119.0,215.0
814.0,-18.0,119.0,216.0
810.0,-18.0,119.0,217.0
808.0,-17.0,120.0,218.0
805.0,-15.0,121.0,219.0
801.0,-15.0,121.0,220.0
797.0,-14.0,121.0,220.0
795.0,-13.0,121.0,220.0
792.0,-10.0,121.0,220.0
789.0,-8.0,120.0,220.0
787.0,-7.0,119.0,221.0
785.0,-4.0,119.0,221.0
782.0,-3.0,120.0,223.0
780.0,-2.0,122.0,224.0
777.0,-0.0,122.0,226.0
772.0,-0.0,123.0,227.0
770.0,1.0,125.0,228.0
768.0,1.0,125.0,229.0
765.0,2.0,125.0,229.0
763.0,3.0,125.0,230.0
762.0,6.0,125.0,231.0
761.0,9.0,124.0,229.0
759.0,12.0,123.0,228.0
757.0,16.0,122.0,227.0
757.0,19.0,122.0,229.0
755.0,21.0,122.0,230.0
753.0,22.0,122.0,232.0
753.0,23.0,122.0,232.0
750.0,23.0,122.0,234.0
747.0,25.0,122.0,235.0
745.0,27.0,122.0,234.0
745.0,29.0,121.0,232.0
743.0,31.0,120.0,232.0
740.0,34.0,119.0,229.0
737.0,37.0,119.0,227.0
737.0,40.0,119.0,225.0
733.0,41.0,119.0,226.0
731.0,42.0,118.0,229.0
728.0,44.0,118.0,230.0
723.0,45.0,119.0,232.0
720.0,46.0,120.0,233.0
716.0,48.0,122.0,235.0
712.0,51.0,122.0,233.0
708.0,55.0,122.0,232.0
706.0,59.0,122.0,231.0
704.0,64.0,121.0,228.0
701.0,68.0,120.0,226.0
700.0,72.0,120.0,223.0
697.0,74.0,120.0,225.0
695.0,78.0,120.0,226.0
694.0,82.0,121.0,228.0
693.0,85.0,121.0,229.0
693.0,89.0,122.0,231.0
691.0,93.0,122.0,232.0
692.0,97.0,122.0,232.0
693.0,101.0,122.0,231.0
693.0,107.0,122.0,230.0
695.0,111.0,121.0,228.0
698.0,118.0,119.0,226.0
699.0,124.0,119.0,223.0
702.0,129.0,118.0,224.0
704.0,134.0,118.0,224.0
704.0,138.0,117.0,225.0
705.0,143.0,117.0,226.0
704.0,146.0,117.0,229.0
705.0,151.0,117.0,230.0
705.0,156.0,119.0,230.0
705.0,161.0,120.0,229.0
705.0,166.0,122.0,229.0
705.0,172.0,122.0,227.0
706.0,178.0,122.0,225.0
708.0,185.0,121.0,223.0
709.0,190.0,122.0,223.0
711.0,196.0,122.0,223.0
713.0,202.0,122.0,223.0
715.0,206.0,122.0,226.0
717.0,211.0,122.0,228.0
719.0,215.0,122.0,229.0
721.0,221.0,122.0,229.0
723.0,228.0,121.0,229.0
725.0,234.0,120.0,229.0
727.0,242.0,119.0,227.0
729.0,247.0,119.0,226.0
732.0,255.0,118.0,223.0
734.0,262.0,117.0,223.0
736.0,269.0,116.0,224.0
740.0,276.0,116.0,224.0
743.0,282.0,116.0,225.0
745.0,288.0,115.0,226.0
749.0,294.0,115.0,228.0
751.0,301.0,116.0,228.0
753.0,308.0,118.0,228.0
755.0,316.0,119.0,228.0
759.0,326.0,119.0,225.0
763.0,335.0,119.0,222.0
767.0,343.0,118.0,219.0
771.0,351.0,119.0,220.0
775.0,359.0,120.0,222.0
777.0,367.0,121.0,224.0
781.0,373.0,122.0,226.0
234.0,41.0,24.0,60.0
233.0,41.0,24.0,61.0
234.0,42.0,24.0,61.0
234.0,42.0,23.0,61.0
234.0,43.0,22.0,61.0
236.0,45.0,22.0,60.0
237.0,47.0,21.0,57.0
239.0,48.0,21.0,56.0
240.0,50.0,20.0,56.0
243.0,51.0,19.0,56.0
245.0,52.0,18.0,55.0
246.0,53.0,18.0,57.0
246.0,53.0,19.0,59.0
246.0,53.0,19.0,60.0
247.0,54.0,21.0,60.0
248.0,55.0,21.0,60.0
248.0,56.0,22.0,60.0
249.0,58.0,21.0,58.0
251.0,60.0,21.0,55.0
252.0,63.0,19.0,53.0
252.0,63.0,21.0,53.0
252.0,65.0,22.0,53.0
252.0,66.0,24.0,53.0
253.0,66.0,24.0,55.0
253.0,67.0,24.0,57.0
254.0,67.0,24.0,60.0
255.0,69.0,24.0,60.0
256.0,69.0,24.0,60.0
258.0,71.0,24.0,60.0
258.0,73.0,23.0,59.0
260.0,75.0,23.0,57.0
261.0,77.0,22.0,56.0
263.0,78.0,21.0,55.0
264.0,81.0,21.0,54.0
265.0,82.0,21.0,53.0
266.0,82.0,21.0,55.0
267.0,83.0,21.0,57.0
268.0,84.0,21.0,59.0
268.0,84.0,22.0,60.0
268.0,85.0,24.0,60.0
268.0,87.0,25.0,62.0
270.0,89.0,24.0,60.0
270.0,90.0,24.0,57.0
272.0,93.0,24.0,55.0
273.0,94.0,24.0,54.0
275.0,96.0,24.0,54.0
276.0,98.0,23.0,52.0
277.0,99.0,24.0,54.0
279.0,99.0,25.0,57.0
279.0,100.0,26.0,59.0
280.0,101.0,26.0,60.0
282.0,101.0,26.0,60.0
282.0,102.0,25.0,61.0
284.0,104.0,24.0,60.0
285.0,105.0,24.0,59.0
285.0,107.0,24.0,57.0
287.0,108.0,23.0,56.0
288.0,110.0,22.0,54.0
288.0,111.0,22.0,51.0
288.0,111.0,23.0,54.0
288.0,112.0,24.0,56.0
288.0,113.0,25.0,57.0
288.0,113.0,25.0,59.0
288.0,114.0,26.0,60.0
289.0,114.0,26.0,60.0
289.0,115.0,26.0,59.0
289.0,117.0,26.0,58.0
289.0,117.0,26.0,57.0
291.0,119.0,26.0,54.0
838.0,436.0,124.0,220.0
838.0,440.0,124.0,217.0
293.0,120.0,26.0,52.0
294.0,120.0,26.0,54.0
294.0,120.0,27.0,56.0
295.0,120.0,27.0,57.0
295.0,121.0,27.0,59.0
296.0,121.0,27.0,60.0
297.0,122.0,26.0,59.0
297.0,123.0,26.0,58.0
298.0,123.0,25.0,57.0
298.0,124.0,24.0,54.0
298.0,125.0,23.0,52.0
299.0,126.0,21.0,50.0
299.0,126.0,22.0,51.0
298.0,126.0,23.0,53.0
298.0,126.0,24.0,54.0
299.0,126.0,24.0,55.0
300.0,126.0,24.0,56.0
300.0,127.0,24.0,57.0
300.0,128.0,24.0,57.0
301.0,129.0,24.0,57.0
301.0,130.0,24.0,57.0
303.0,132.0,24.0,53.0
303.0,134.0,24.0,49.0
304.0,136.0,24.0,45.0
305.0,137.0,25.0,45.0
305.0,138.0,27.0,45.0
306.0,138.0,28.0,46.0
306.0,140.0,29.0,46.0
306.0,141.0,30.0,46.0
307.0,142.0,30.0,47.0
308.0,144.0,30.0,47.0
309.0,146.0,31.0,47.0
310.0,147.0,31.0,48.0
311.0,150.0,31.0,45.0
312.0,153.0,31.0,43.0
312.0,156.0,31.0,41.0
315.0,159.0,30.0,39.0
316.0,160.0,30.0,36.0
318.0,162.0,29.0,35.0
321.0,165.0,28.0,36.0
323.0,166.0,27.0,37.0
325.0,168.0,26.0,38.0
