439.0,312.0,53.0,82.0
438.0,313.0,53.0,82.0
437.0,314.0,53.0,82.0
437.0,313.0,53.0,82.0
436.0,314.0,53.0,82.0
436.0,314.0,53.0,82.0
434.0,314.0,53.0,82.0
435.0,314.0,53.0,82.0
434.0,314.0,53.0,82.0
434.0,313.0,53.0,82.0
433.0,314.0,53.0,82.0
433.0,313.0,53.0,82.0
431.0,314.0,53.0,82.0
432.0,314.0,53.0,82.0
431.0,315.0,53.0,82.0
431.0,315.0,53.0,82.0
430.0,316.0,53.0,82.0
430.0,318.0,53.0,82.0
430.0,317.0,53.0,82.0
430.0,318.0,53.0,82.0
429.0,317.0,53.0,82.0
429.0,318.0,53.0,82.0
428.0,317.0,53.0,82.0
429.0,319.0,53.0,82.0
428.0,318.0,53.0,82.0
429.0,319.0,53.0,82.0
428.0,319.0,53.0,82.0
428.0,320.0,53.0,82.0
427.0,320.0,53.0,82.0
427.0,320.0,53.0,82.0
426.0,320.0,53.0,82.0
425.0,319.0,53.0,82.0
424.0,319.0,53.0,82.0
423.0,319.0,53.0,82.0
423.0,319.0,53.0,82.0
423.0,320.0,53.0,82.0
422.0,322.0,53.0,82.0
423.0,322.0,53.0,81.0
422.0,323.0,53.0,79.0
423.0,324.0,53.0,79.0
422.0,324.0,53.0,79.0
422.0,324.0,53.0,79.0
422.0,324.0,53.0,79.0
421.0,324.0,53.0,79.0
420.0,323.0,53.0,79.0
419.0,323.0,53.0,79.0
418.0,324.0,53.0,79.0
417.0,324.0,53.0,79.0
416.0,324.0,53.0,79.0
415.0,325.0,53.0,79.0
414.0,327.0,53.0,79.0
415.0,327.0,53.0,79.0
413.0,327.0,53.0,79.0
412.0,328.0,53.0,79.0
410.0,330.0,53.0,79.0
410.0,329.0,53.0,79.0
408.0,330.0,53.0,79.0
408.0,330.0,53.0,79.0
407.0,330.0,53.0,79.0
406.0,330.0,53.0,79.0
404.0,330.0,53.0,79.0
404.0,331.0,53.0,79.0
403.0,332.0,53.0,79.0
403.0,334.0,53.0,79.0
402.0,334.0,53.0,79.0
400.0,334.0,53.0,79.0
399.0,334.0,53.0,79.0
398.0,334.0,53.0,79.0
397.0,334.0,53.0,79.0
396.0,334.0,53.0,79.0
394.0,334.0,53.0,79.0
394.0,335.0,53.0,79.0
393.0,335.0,53.0,79.0
393.0,336.0,53.0,79.0
391.0,339.0,53.0,79.0
391.0,340.0,53.0,79.0
390.0,340.0,53.0,79.0
389.0,341.0,53.0,79.0
388.0,341.0,53.0,79.0
387.0,340.0,53.0,79.0
386.0,340.0,53.0,79.0
384.0,340.0,53.0,79.0
383.0,339.0,53.0,80.0
382.0,339.0,53.0,81.0
381.0,339.0,53.0,82.0
381.0,339.0,53.0,82.0
380.0,339.0,53.0,82.0
381.0,339.0,53.0,82.0
380.0,339.0,53.0,82.0
379.0,338.0,53.0,82.0
378.0,337.0,53.0,82.0
378.0,337.0,53.0,82.0
376.0,336.0,53.0,82.0
376.0,335.0,53.0,82.0
375.0,335.0,53.0,82.0
374.0,335.0,53.0,82.0
373.0,335.0,53.0,82.0
372.0,335.0,53.0,82.0
369.0,335.0,53.0,82.0
368.0,333.0,53.0,82.0
367.0,332.0,53.0,82.0
366.0,333.0,53.0,82.0
365.0,330.0,53.0,82.0
364.0,330.0,53.0,81.0
364.0,330.0,53.0,81.0
364.0,331.0,53.0,81.0
364.0,331.0,53.0,81.0
363.0,330.0,53.0,81.0
362.0,330.0,53.0,81.0
362.0,330.0,53.0,81.0
362.0,329.0,53.0,81.0
362.0,328.0,53.0,81.0
362.0,328.0,53.0,81.0
362.0,328.0,53.0,81.0
362.0,328.0,53.0,81.0
363.0,327.0,53.0,81.0
362.0,327.0,53.0,81.0
362.0,327.0,53.0,81.0
362.0,327.0,53.0,81.0
363.0,327.0,53.0,81.0
364.0,326.0,53.0,81.0
364.0,325.0,53.0,81.0
364.0,325.0,53.0,81.0
364.0,324.0,53.0,81.0
365.0,324.0,53.0,81.0
366.0,324.0,53.0,81.0
367.0,324.0,53.0,81.0
371.0,323.0,53.0,81.0
374.0,321.0,53.0,81.0
380.0,318.0,53.0,81.0
384.0,318.0,53.0,81.0
389.0,316.0,53.0,81.0
394.0,315.0,53.0,81.0
401.0,314.0,53.0,81.0
408.0,312.0,53.0,81.0
414.0,312.0,53.0,81.0
420.0,311.0,53.0,81.0
426.0,311.0,53.0,81.0
432.0,310.0,53.0,81.0
438.0,308.0,53.0,81.0
444.0,308.0,53.0,81.0
451.0,306.0,53.0,81.0
456.0,305.0,53.0,81.0
462.0,304.0,53.0,81.0
468.0,304.0,53.0,81.0
474.0,302.0,53.0,81.0
479.0,300.0,53.0,81.0
484.0,301.0,53.0,81.0
488.0,300.0,53.0,81.0
494.0,300.0,53.0,81.0
498.0,300.0,53.0,81.0
502.0,299.0,53.0,80.0
504.0,298.0,53.0,80.0
507.0,296.0,53.0,80.0
509.0,296.0,53.0,79.0
511.0,296.0,53.0,79.0
512.0,296.0,53.0,79.0
513.0,296.0,53.0,79.0
513.0,296.0,52.0,79.0
514.0,296.0,52.0,79.0
514.0,296.0,52.0,79.0
515.0,295.0,52.0,79.0
514.0,293.0,52.0,79.0
515.0,294.0,52.0,79.0
515.0,292.0,52.0,79.0
515.0,291.0,52.0,79.0
516.0,291.0,52.0,79.0
517.0,291.0,52.0,79.0
517.0,291.0,52.0,79.0
517.0,290.0,52.0,79.0
517.0,290.0,52.0,79.0
517.0,289.0,52.0,79.0
518.0,289.0,52.0,79.0
518.0,288.0,52.0,79.0
518.0,288.0,52.0,79.0
518.0,288.0,52.0,79.0
518.0,286.0,52.0,79.0
518.0,285.0,52.0,79.0
518.0,286.0,52.0,79.0
517.0,285.0,52.0,79.0
516.0,285.0,52.0,79.0
517.0,284.0,52.0,79.0
516.0,285.0,52.0,79.0
517.0,284.0,52.0,79.0
516.0,283.0,52.0,79.0
517.0,283.0,52.0,79.0
516.0,281.0,52.0,79.0
516.0,279.0,52.0,79.0
515.0,279.0,52.0,79.0
515.0,279.0,52.0,79.0
514.0,279.0,52.0,79.0
514.0,279.0,52.0,79.0
513.0,278.0,52.0,79.0
513.0,276.0,52.0,79.0
512.0,277.0,52.0,79.0
512.0,276.0,52.0,79.0
511.0,275.0,52.0,79.0
510.0,275.0,52.0,79.0
509.0,274.0,52.0,79.0
508.0,272.0,52.0,79.0
506.0,272.0,52.0,79.0
506.0,271.0,52.0,79.0
504.0,271.0,52.0,79.0
503.0,271.0,52.0,79.0
501.0,271.0,52.0,79.0
500.0,271.0,52.0,79.0
499.0,271.0,52.0,79.0
498.0,270.0,51.0,79.0
497.0,269.0,51.0,79.0
496.0,268.0,51.0,79.0
494.0,268.0,51.0,79.0
493.0,268.0,51.0,79.0
490.0,267.0,51.0,79.0
489.0,267.0,51.0,79.0
487.0,267.0,51.0,79.0
486.0,267.0,51.0,78.0
485.0,268.0,51.0,78.0
483.0,268.0,51.0,78.0
481.0,268.0,51.0,78.0
480.0,268.0,51.0,78.0
478.0,268.0,51.0,78.0
477.0,267.0,51.0,78.0
474.0,266.0,51.0,78.0
473.0,265.0,51.0,78.0
471.0,267.0,51.0,77.0
470.0,267.0,51.0,77.0
468.0,267.0,51.0,77.0
467.0,267.0,51.0,77.0
465.0,268.0,51.0,77.0
465.0,269.0,51.0,77.0
463.0,270.0,51.0,76.0
462.0,270.0,51.0,76.0
459.0,271.0,51.0,76.0
458.0,270.0,51.0,76.0
456.0,271.0,51.0,76.0
455.0,270.0,51.0,76.0
453.0,272.0,51.0,76.0
452.0,272.0,51.0,76.0
451.0,272.0,51.0,76.0
450.0,274.0,52.0,76.0
448.0,277.0,52.0,76.0
447.0,277.0,52.0,76.0
446.0,278.0,52.0,76.0
445.0,279.0,52.0,76.0
443.0,279.0,52.0,76.0
443.0,280.0,52.0,76.0
440.0,280.0,52.0,76.0
439.0,282.0,52.0,76.0
438.0,284.0,52.0,76.0
437.0,284.0,52.0,76.0
436.0,286.0,52.0,76.0
435.0,288.0,52.0,76.0
435.0,288.0,52.0,76.0
435.0,290.0,52.0,76.0
433.0,291.0,52.0,76.0
433.0,292.0,52.0,76.0
432.0,292.0,52.0,76.0
432.0,292.0,51.0,76.0
431.0,293.0,51.0,76.0
432.0,295.0,51.0,76.0
431.0,296.0,51.0,77.0
432.0,297.0,51.0,78.0
433.0,300.0,51.0,78.0
434.0,302.0,51.0,78.0
435.0,303.0,51.0,78.0
435.0,305.0,51.0,78.0
435.0,307.0,51.0,78.0
435.0,308.0,51.0,78.0
435.0,308.0,51.0,78.0
436.0,310.0,51.0,78.0
435.0,312.0,51.0,78.0
437.0,312.0,51.0,78.0
437.0,314.0,51.0,78.0
438.0,318.0,51.0,78.0
439.0,320.0,51.0,78.0
441.0,320.0,51.0,78.0
441.0,320.0,51.0,78.0
443.0,322.0,51.0,77.0
443.0,326.0,51.0,77.0
445.0,327.0,51.0,76.0
446.0,326.0,51.0,76.0
448.0,328.0,51.0,76.0
449.0,328.0,51.0,76.0
451.0,330.0,51.0,76.0
452.0,334.0,51.0,76.0
454.0,335.0,51.0,76.0
456.0,336.0,51.0,76.0
458.0,338.0,52.0,76.0
459.0,341.0,52.0,76.0
463.0,343.0,52.0,77.0
464.0,342.0,52.0,77.0
466.0,345.0,52.0,78.0
467.0,346.0,52.0,78.0
470.0,348.0,52.0,79.0
472.0,348.0,52.0,79.0
473.0,348.0,52.0,79.0
473.0,350.0,52.0,79.0
475.0,353.0,52.0,79.0
477.0,355.0,52.0,79.0
478.0,357.0,52.0,79.0
479.0,360.0,52.0,79.0
480.0,362.0,52.0,79.0
481.0,363.0,52.0,79.0
480.0,363.0,52.0,79.0
481.0,364.0,52.0,79.0
482.0,365.0,52.0,79.0
481.0,367.0,53.0,79.0
482.0,368.0,53.0,79.0
481.0,370.0,53.0,79.0
482.0,373.0,53.0,79.0
481.0,375.0,53.0,79.0
482.0,376.0,53.0,79.0
482.0,378.0,53.0,78.0
483.0,380.0,53.0,78.0
482.0,380.0,53.0,78.0
483.0,380.0,53.0,78.0
482.0,382.0,53.0,78.0
483.0,384.0,53.0,79.0
482.0,384.0,53.0,79.0
483.0,386.0,53.0,79.0
483.0,388.0,53.0,79.0
483.0,388.0,53.0,79.0
483.0,390.0,53.0,79.0
484.0,393.0,53.0,78.0
483.0,395.0,53.0,78.0
483.0,396.0,53.0,78.0
482.0,396.0,53.0,78.0
482.0,396.0,53.0,78.0
481.0,396.0,53.0,79.0
481.0,398.0,53.0,79.0
480.0,400.0,53.0,79.0
480.0,400.0,53.0,79.0
479.0,402.0,53.0,79.0
480.0,406.0,53.0,79.0
480.0,407.0,53.0,79.0
481.0,407.0,53.0,79.0
480.0,408.0,53.0,78.0
479.0,408.0,53.0,78.0
478.0,410.0,53.0,78.0
479.0,412.0,53.0,78.0
478.0,410.0,53.0,79.0
477.0,412.0,53.0,79.0
477.0,412.0,53.0,80.0
477.0,413.0,53.0,80.0
477.0,415.0,53.0,80.0
477.0,418.0,53.0,80.0
477.0,420.0,53.0,79.0
478.0,420.0,53.0,79.0
477.0,420.0,53.0,79.0
477.0,422.0,53.0,79.0
476.0,423.0,53.0,79.0
477.0,422.0,53.0,80.0
476.0,423.0,53.0,80.0
477.0,422.0,53.0,80.0
477.0,425.0,53.0,80.0
477.0,426.0,53.0,80.0
477.0,427.0,53.0,80.0
478.0,428.0,53.0,80.0
478.0,430.0,53.0,79.0
479.0,432.0,53.0,78.0
480.0,432.0,53.0,77.0
481.0,432.0,53.0,78.0
480.0,432.0,53.0,79.0
481.0,432.0,53.0,79.0
480.0,432.0,53.0,79.0
481.0,432.0,53.0,80.0
482.0,432.0,53.0,81.0
483.0,434.0,53.0,81.0
482.0,436.0,53.0,81.0
483.0,438.0,53.0,81.0
484.0,440.0,53.0,80.0
485.0,440.0,53.0,79.0
484.0,440.0,53.0,79.0
485.0,442.0,53.0,79.0
484.0,443.0,53.0,80.0
485.0,442.0,53.0,81.0
484.0,443.0,53.0,81.0
484.0,442.0,53.0,81.0
483.0,444.0,53.0,81.0
484.0,444.0,53.0,81.0
483.0,444.0,53.0,81.0
483.0,446.0,53.0,81.0
483.0,448.0,53.0,80.0
483.0,448.0,53.0,79.0
482.0,448.0,53.0,79.0
483.0,448.0,53.0,79.0
482.0,448.0,53.0,80.0
483.0,448.0,53.0,82.0
482.0,448.0,53.0,82.0
481.0,448.0,53.0,82.0
480.0,450.0,53.0,82.0
481.0,452.0,53.0,82.0
480.0,452.0,53.0,82.0
481.0,454.0,53.0,82.0
480.0,456.0,53.0,81.0
481.0,456.0,53.0,80.0
479.0,456.0,53.0,79.0
479.0,456.0,53.0,80.0
476.0,456.0,53.0,80.0
475.0,456.0,53.0,81.0
474.0,456.0,53.0,81.0
473.0,456.0,53.0,81.0
472.0,458.0,53.0,81.0
473.0,460.0,53.0,81.0
472.0,460.0,53.0,80.0
473.0,460.0,53.0,79.0
472.0,460.0,53.0,79.0
472.0,460.0,53.0,79.0
470.0,460.0,53.0,78.0
471.0,460.0,53.0,79.0
470.0,460.0,53.0,79.0
469.0,460.0,53.0,80.0
468.0,460.0,53.0,80.0
469.0,461.0,53.0,80.0
468.0,461.0,53.0,80.0
469.0,462.0,53.0,80.0
468.0,464.0,53.0,79.0
469.0,464.0,53.0,79.0
468.0,464.0,53.0,79.0
467.0,464.0,53.0,79.0
466.0,464.0,53.0,79.0
467.0,464.0,53.0,79.0
466.0,463.0,53.0,80.0
467.0,462.0,53.0,81.0
468.0,464.0,53.0,81.0
469.0,464.0,53.0,81.0
470.0,464.0,53.0,81.0
471.0,464.0,53.0,80.0
472.0,464.0,53.0,79.0
475.0,466.0,53.0,79.0
476.0,466.0,53.0,79.0
478.0,465.0,53.0,79.0
478.0,465.0,53.0,79.0
481.0,464.0,53.0,80.0
482.0,462.0,53.0,81.0
483.0,462.0,53.0,82.0
484.0,462.0,53.0,82.0
487.0,464.0,53.0,82.0
488.0,462.0,53.0,82.0
490.0,464.0,53.0,81.0
492.0,464.0,53.0,80.0
493.0,464.0,53.0,79.0
494.0,464.0,53.0,79.0
495.0,464.0,53.0,79.0
495.0,463.0,53.0,79.0
495.0,462.0,53.0,79.0
494.0,462.0,53.0,79.0
495.0,461.0,53.0,80.0
496.0,460.0,53.0,80.0
497.0,460.0,53.0,80.0
496.0,459.0,53.0,80.0
497.0,462.0,53.0,80.0
496.0,462.0,53.0,80.0
497.0,462.0,53.0,80.0
496.0,462.0,53.0,79.0
497.0,462.0,53.0,79.0
496.0,462.0,53.0,78.0
497.0,460.0,53.0,79.0
494.0,460.0,53.0,79.0
493.0,461.0,53.0,80.0
492.0,460.0,53.0,80.0
491.0,460.0,53.0,80.0
490.0,459.0,53.0,80.0
489.0,460.0,53.0,80.0
488.0,459.0,53.0,80.0
489.0,460.0,53.0,80.0
486.0,459.0,53.0,79.0
485.0,458.0,53.0,79.0
482.0,458.0,53.0,79.0
481.0,456.0,53.0,79.0
478.0,453.0,53.0,79.0
477.0,453.0,53.0,79.0
476.0,451.0,53.0,80.0
475.0,452.0,53.0,81.0
472.0,450.0,53.0,81.0
473.0,452.0,53.0,81.0
470.0,450.0,53.0,81.0
471.0,452.0,53.0,81.0
469.0,450.0,53.0,80.0
469.0,452.0,53.0,79.0
468.0,449.0,54.0,79.0
467.0,448.0,54.0,79.0
466.0,447.0,54.0,79.0
465.0,447.0,54.0,79.0
464.0,445.0,54.0,79.0
464.0,444.0,54.0,80.0
463.0,444.0,54.0,81.0
464.0,443.0,54.0,81.0
464.0,443.0,54.0,81.0
465.0,443.0,54.0,81.0
464.0,443.0,53.0,80.0
465.0,442.0,53.0,79.0
464.0,441.0,53.0,78.0
465.0,440.0,53.0,78.0
465.0,439.0,53.0,78.0
467.0,437.0,53.0,78.0
466.0,434.0,53.0,79.0
467.0,432.0,53.0,81.0
468.0,432.0,53.0,82.0
469.0,430.0,53.0,82.0
470.0,430.0,53.0,81.0
472.0,430.0,52.0,81.0
473.0,430.0,53.0,80.0
475.0,430.0,53.0,79.0
476.0,428.0,53.0,78.0
477.0,428.0,53.0,79.0
476.0,426.0,53.0,80.0
479.0,425.0,53.0,81.0
478.0,424.0,53.0,81.0
479.0,423.0,53.0,81.0
480.0,421.0,53.0,82.0
481.0,422.0,53.0,80.0
480.0,421.0,53.0,79.0
483.0,422.0,53.0,79.0
482.0,421.0,53.0,78.0
483.0,420.0,54.0,78.0
482.0,418.0,54.0,78.0
483.0,416.0,54.0,79.0
482.0,415.0,54.0,79.0
483.0,413.0,54.0,80.0
482.0,411.0,54.0,80.0
483.0,411.0,53.0,81.0
483.0,409.0,53.0,82.0
484.0,410.0,53.0,81.0
484.0,409.0,53.0,80.0
484.0,408.0,53.0,80.0
484.0,408.0,53.0,80.0
485.0,406.0,53.0,79.0
486.0,405.0,54.0,79.0
486.0,404.0,54.0,80.0
485.0,402.0,54.0,80.0
486.0,401.0,54.0,81.0
485.0,401.0,54.0,81.0
486.0,400.0,54.0,81.0
485.0,400.0,54.0,81.0
486.0,399.0,54.0,79.0
485.0,397.0,54.0,79.0
486.0,397.0,54.0,78.0
485.0,396.0,54.0,79.0
485.0,393.0,54.0,79.0
485.0,390.0,54.0,79.0
486.0,387.0,54.0,80.0
485.0,387.0,54.0,80.0
486.0,385.0,54.0,80.0
487.0,385.0,54.0,80.0
488.0,385.0,53.0,80.0
488.0,385.0,53.0,79.0
488.0,384.0,53.0,79.0
488.0,383.0,53.0,79.0
488.0,381.0,53.0,78.0
489.0,381.0,53.0,78.0
490.0,381.0,53.0,78.0
489.0,379.0,54.0,78.0
490.0,378.0,54.0,78.0
492.0,377.0,54.0,78.0
493.0,375.0,54.0,78.0
494.0,374.0,53.0,78.0
496.0,375.0,53.0,78.0
497.0,373.0,52.0,79.0
500.0,373.0,53.0,78.0
501.0,373.0,53.0,76.0
504.0,371.0,53.0,76.0
506.0,367.0,53.0,76.0
508.0,365.0,53.0,77.0
511.0,363.0,53.0,78.0
515.0,361.0,53.0,79.0
518.0,361.0,53.0,79.0
523.0,359.0,53.0,79.0
526.0,357.0,53.0,79.0
531.0,359.0,53.0,79.0
536.0,355.0,53.0,78.0
541.0,355.0,53.0,78.0
546.0,354.0,53.0,78.0
551.0,353.0,53.0,78.0
558.0,351.0,53.0,78.0
563.0,348.0,53.0,78.0
568.0,346.0,53.0,78.0
574.0,346.0,53.0,79.0
579.0,346.0,53.0,79.0
585.0,345.0,53.0,79.0
590.0,343.0,53.0,79.0
596.0,342.0,53.0,79.0
601.0,343.0,53.0,79.0
606.0,341.0,53.0,79.0
611.0,339.0,53.0,77.0
616.0,338.0,53.0,76.0
620.0,337.0,53.0,76.0
624.0,335.0,53.0,77.0
627.0,332.0,53.0,78.0
632.0,332.0,53.0,78.0
635.0,331.0,53.0,78.0
639.0,332.0,53.0,78.0
642.0,331.0,53.0,78.0
644.0,331.0,53.0,77.0
647.0,329.0,53.0,77.0
648.0,327.0,53.0,77.0
650.0,326.0,53.0,78.0
652.0,326.0,53.0,78.0
653.0,324.0,53.0,78.0
654.0,321.0,53.0,78.0
655.0,320.0,53.0,78.0
655.0,321.0,53.0,78.0
655.0,320.0,53.0,78.0
655.0,321.0,53.0,78.0
655.0,320.0,53.0,78.0
655.0,320.0,53.0,78.0
655.0,319.0,53.0,78.0
655.0,319.0,53.0,78.0
654.0,318.0,53.0,77.0
655.0,316.0,53.0,77.0
655.0,314.0,53.0,78.0
655.0,312.0,53.0,78.0
656.0,311.0,53.0,79.0
657.0,311.0,53.0,79.0
659.0,311.0,53.0,79.0
661.0,311.0,53.0,79.0
663.0,312.0,53.0,79.0
666.0,312.0,52.0,79.0
669.0,312.0,52.0,79.0
673.0,310.0,52.0,79.0
676.0,308.0,53.0,79.0
679.0,308.0,53.0,79.0
683.0,308.0,53.0,79.0
687.0,308.0,53.0,79.0
690.0,307.0,53.0,79.0
694.0,307.0,53.0,79.0
697.0,308.0,52.0,79.0
701.0,308.0,52.0,79.0
705.0,309.0,52.0,79.0
710.0,308.0,52.0,79.0
713.0,309.0,52.0,79.0
716.0,307.0,52.0,79.0
719.0,307.0,52.0,79.0
721.0,306.0,52.0,79.0
724.0,305.0,52.0,79.0
727.0,304.0,52.0,79.0
728.0,305.0,52.0,79.0
731.0,304.0,52.0,79.0
733.0,306.0,52.0,79.0
735.0,306.0,52.0,79.0
738.0,306.0,52.0,79.0
741.0,306.0,52.0,79.0
743.0,306.0,52.0,79.0
747.0,306.0,52.0,79.0
750.0,306.0,53.0,79.0
752.0,304.0,53.0,79.0
754.0,305.0,53.0,79.0
756.0,304.0,52.0,79.0
757.0,304.0,52.0,79.0
760.0,304.0,52.0,79.0
762.0,307.0,52.0,79.0
764.0,308.0,52.0,79.0
766.0,307.0,52.0,79.0
769.0,307.0,52.0,79.0
770.0,307.0,52.0,79.0
773.0,306.0,52.0,79.0
294.0,121.0,8.0,20.0
294.0,121.0,8.0,20.0
295.0,121.0,8.0,20.0
296.0,121.0,8.0,20.0
297.0,121.0,8.0,20.0
297.0,121.0,8.0,20.0
298.0,122.0,8.0,20.0
299.0,122.0,8.0,20.0
300.0,122.0,8.0,20.0
301.0,122.0,8.0,20.0
302.0,122.0,8.0,20.0
303.0,122.0,8.0,20.0
303.0,122.0,8.0,20.0
305.0,121.0,8.0,20.0
305.0,121.0,8.0,20.0
306.0,121.0,8.0,20.0
306.0,121.0,8.0,20.0
307.0,121.0,8.0,20.0
309.0,122.0,7.0,20.0
309.0,122.0,7.0,20.0
311.0,122.0,7.0,20.0
312.0,121.0,8.0,20.0
312.0,121.0,8.0,20.0
313.0,121.0,8.0,21.0
314.0,120.0,8.0,21.0
315.0,120.0,8.0,21.0
315.0,120.0,8.0,21.0
316.0,120.0,8.0,21.0
317.0,120.0,8.0,21.0
318.0,121.0,8.0,21.0
318.0,121.0,8.0,21.0
319.0,121.0,8.0,21.0
319.0,121.0,8.0,21.0
320.0,121.0,8.0,21.0
320.0,120.0,8.0,21.0
321.0,120.0,8.0,21.0
321.0,120.0,8.0,21.0
321.0,120.0,8.0,21.0
321.0,120.0,8.0,21.0
322.0,120.0,8.0,21.0
323.0,120.0,8.0,21.0
324.0,120.0,8.0,21.0
324.0,120.0,8.0,21.0
325.0,120.0,8.0,21.0
326.0,120.0,8.0,21.0
326.0,120.0,8.0,21.0
327.0,120.0,8.0,21.0
327.0,119.0,8.0,21.0
328.0,119.0,8.0,21.0
328.0,119.0,8.0,21.0
329.0,119.0,8.0,21.0
330.0,119.0,8.0,21.0
330.0,119.0,8.0,21.0
330.0,119.0,8.0,21.0
331.0,119.0,8.0,21.0
332.0,119.0,8.0,21.0
333.0,119.0,8.0,21.0
333.0,119.0,8.0,21.0
333.0,119.0,8.0,21.0
333.0,119.0,8.0,21.0
334.0,119.0,8.0,21.0
334.0,119.0,8.0,21.0
335.0,119.0,8.0,21.0
336.0,118.0,8.0,21.0
336.0,118.0,8.0,21.0
336.0,118.0,8.0,21.0
336.0,119.0,8.0,21.0
336.0,119.0,8.0,21.0
336.0,118.0,8.0,21.0
336.0,117.0,9.0,21.0
336.0,116.0,9.0,22.0
336.0,116.0,9.0,22.0
335.0,116.0,9.0,22.0
334.0,115.0,9.0,22.0
334.0,115.0,9.0,22.0
334.0,115.0,8.0,22.0
333.0,115.0,8.0,22.0
333.0,115.0,8.0,22.0
332.0,114.0,8.0,22.0
331.0,114.0,8.0,22.0
330.0,114.0,8.0,22.0
330.0,113.0,8.0,22.0
329.0,112.0,8.0,22.0
328.0,112.0,8.0,21.0
327.0,112.0,8.0,21.0
325.0,112.0,9.0,21.0
325.0,112.0,9.0,21.0
325.0,112.0,8.0,21.0
324.0,112.0,8.0,21.0
324.0,111.0,8.0,21.0
323.0,111.0,8.0,21.0
321.0,110.0,8.0,21.0
321.0,110.0,8.0,21.0
321.0,110.0,8.0,21.0
321.0,109.0,8.0,21.0
320.0,109.0,9.0,22.0
320.0,108.0,9.0,22.0
320.0,108.0,9.0,22.0
320.0,108.0,9.0,22.0
320.0,108.0,8.0,22.0
320.0,108.0,8.0,22.0
320.0,108.0,8.0,22.0
320.0,108.0,8.0,22.0
321.0,107.0,8.0,22.0
321.0,107.0,8.0,22.0
321.0,106.0,8.0,22.0
321.0,106.0,8.0,22.0
322.0,106.0,7.0,22.0
322.0,106.0,7.0,22.0
323.0,106.0,7.0,22.0
324.0,106.0,7.0,22.0
324.0,105.0,7.0,22.0
324.0,105.0,7.0,22.0
324.0,105.0,7.0,22.0
324.0,105.0,8.0,23.0
325.0,105.0,8.0,23.0
325.0,105.0,8.0,23.0
325.0,104.0,8.0,23.0
325.0,104.0,8.0,23.0
326.0,104.0,8.0,23.0
326.0,105.0,8.0,23.0
326.0,105.0,8.0,23.0
326.0,105.0,8.0,23.0
326.0,104.0,8.0,23.0
326.0,104.0,8.0,23.0
326.0,104.0,8.0,23.0
326.0,103.0,8.0,23.0
326.0,103.0,8.0,23.0
326.0,102.0,8.0,22.0
325.0,102.0,9.0,22.0
325.0,102.0,9.0,21.0
325.0,102.0,8.0,21.0
325.0,102.0,8.0,21.0
325.0,102.0,8.0,21.0
325.0,102.0,8.0,21.0
325.0,102.0,8.0,21.0
325.0,101.0,8.0,21.0
325.0,101.0,8.0,22.0
324.0,100.0,8.0,22.0
324.0,100.0,8.0,22.0
324.0,100.0,8.0,22.0
324.0,100.0,8.0,22.0
324.0,100.0,8.0,22.0
324.0,100.0,8.0,22.0
324.0,100.0,8.0,21.0
323.0,100.0,8.0,21.0
323.0,99.0,8.0,21.0
323.0,99.0,8.0,21.0
323.0,98.0,8.0,21.0
323.0,98.0,8.0,21.0
323.0,98.0,8.0,21.0
323.0,97.0,8.0,21.0
323.0,97.0,8.0,21.0
323.0,97.0,8.0,21.0
323.0,97.0,8.0,21.0
323.0,97.0,8.0,21.0
324.0,97.0,8.0,21.0
324.0,97.0,8.0,21.0
324.0,97.0,8.0,21.0
324.0,96.0,8.0,21.0
324.0,96.0,8.0,21.0
324.0,96.0,8.0,21.0
324.0,96.0,8.0,21.0
325.0,96.0,8.0,21.0
325.0,96.0,8.0,21.0
325.0,96.0,8.0,21.0
326.0,96.0,8.0,21.0
326.0,96.0,8.0,21.0
326.0,96.0,8.0,21.0
327.0,95.0,8.0,21.0
327.0,95.0,8.0,21.0
327.0,95.0,8.0,21.0
327.0,95.0,8.0,21.0
327.0,95.0,8.0,21.0
327.0,94.0,8.0,21.0
328.0,94.0,8.0,21.0
328.0,94.0,8.0,21.0
328.0,95.0,8.0,21.0
329.0,95.0,8.0,21.0
329.0,95.0,8.0,21.0
329.0,94.0,8.0,21.0
329.0,94.0,8.0,21.0
329.0,94.0,8.0,21.0
329.0,93.0,8.0,21.0
330.0,93.0,8.0,21.0
330.0,93.0,8.0,21.0
329.0,93.0,8.0,21.0
329.0,93.0,8.0,21.0
329.0,93.0,8.0,21.0
329.0,93.0,8.0,21.0
329.0,93.0,8.0,21.0
329.0,93.0,8.0,21.0
329.0,93.0,8.0,21.0
329.0,93.0,8.0,21.0
329.0,93.0,8.0,21.0
329.0,93.0,8.0,21.0
329.0,93.0,8.0,21.0
329.0,93.0,8.0,21.0
328.0,93.0,8.0,21.0
328.0,93.0,8.0,21.0
328.0,93.0,8.0,21.0
328.0,93.0,8.0,21.0
327.0,93.0,8.0,21.0
327.0,92.0,8.0,21.0
327.0,92.0,8.0,21.0
326.0,91.0,8.0,21.0
325.0,91.0,8.0,21.0
324.0,91.0,8.0,21.0
324.0,91.0,8.0,21.0
323.0,91.0,8.0,21.0
322.0,91.0,8.0,21.0
322.0,91.0,8.0,21.0
321.0,91.0,8.0,21.0
321.0,91.0,8.0,21.0
320.0,90.0,8.0,21.0
319.0,90.0,8.0,21.0
318.0,90.0,8.0,21.0
318.0,90.0,8.0,21.0
318.0,90.0,8.0,21.0
317.0,90.0,8.0,21.0
316.0,90.0,8.0,21.0
315.0,90.0,8.0,21.0
315.0,90.0,8.0,21.0
315.0,90.0,8.0,21.0
314.0,90.0,8.0,21.0
313.0,90.0,8.0,21.0
313.0,90.0,8.0,20.0
312.0,90.0,8.0,21.0
312.0,90.0,8.0,21.0
312.0,89.0,8.0,21.0
312.0,89.0,8.0,21.0
312.0,89.0,8.0,21.0
312.0,89.0,8.0,21.0
312.0,89.0,8.0,21.0
312.0,90.0,8.0,21.0
312.0,90.0,8.0,21.0
312.0,90.0,8.0,21.0
312.0,89.0,8.0,21.0
312.0,89.0,8.0,21.0
313.0,89.0,8.0,21.0
313.0,89.0,8.0,21.0
313.0,89.0,8.0,21.0
314.0,89.0,8.0,21.0
314.0,89.0,8.0,21.0
314.0,89.0,8.0,21.0
314.0,89.0,8.0,21.0
315.0,89.0,8.0,21.0
315.0,90.0,8.0,21.0
315.0,90.0,8.0,21.0
315.0,89.0,8.0,21.0
315.0,89.0,8.0,21.0
315.0,89.0,8.0,21.0
316.0,89.0,8.0,22.0
316.0,89.0,8.0,22.0
316.0,90.0,8.0,22.0
316.0,90.0,8.0,22.0
316.0,90.0,8.0,22.0
316.0,90.0,8.0,22.0
316.0,90.0,8.0,22.0
316.0,90.0,8.0,22.0
315.0,90.0,8.0,22.0
315.0,90.0,8.0,22.0
315.0,90.0,8.0,22.0
314.0,90.0,8.0,22.0
314.0,90.0,8.0,22.0
314.0,90.0,8.0,22.0
313.0,90.0,8.0,22.0
312.0,90.0,8.0,22.0
312.0,90.0,8.0,22.0
312.0,90.0,8.0,21.0
311.0,90.0,8.0,21.0
310.0,90.0,8.0,20.0
310.0,90.0,8.0,21.0
309.0,90.0,8.0,21.0
309.0,90.0,8.0,21.0
309.0,90.0,8.0,21.0
308.0,90.0,8.0,21.0
307.0,90.0,8.0,21.0
307.0,90.0,8.0,21.0
306.0,90.0,8.0,21.0
306.0,90.0,8.0,21.0
306.0,90.0,8.0,21.0
305.0,90.0,8.0,21.0
305.0,90.0,8.0,21.0
304.0,90.0,8.0,21.0
303.0,90.0,8.0,21.0
303.0,90.0,8.0,21.0
303.0,90.0,8.0,21.0
302.0,91.0,8.0,21.0
302.0,91.0,8.0,21.0
301.0,91.0,8.0,21.0
301.0,92.0,8.0,21.0
300.0,92.0,8.0,20.0
300.0,92.0,8.0,21.0
300.0,92.0,8.0,21.0
300.0,92.0,8.0,21.0
300.0,92.0,8.0,21.0
300.0,91.0,8.0,21.0
299.0,91.0,8.0,21.0
299.0,91.0,8.0,21.0
299.0,92.0,8.0,21.0
299.0,92.0,8.0,21.0
300.0,92.0,8.0,21.0
300.0,93.0,8.0,21.0
300.0,93.0,8.0,21.0
300.0,93.0,8.0,21.0
300.0,93.0,8.0,21.0
300.0,93.0,8.0,21.0
300.0,93.0,8.0,21.0
300.0,93.0,8.0,21.0
300.0,92.0,8.0,21.0
