662.0,47.0,57.0,115.0
662.0,46.0,57.0,115.0
662.0,47.0,57.0,114.0
662.0,46.0,57.0,114.0
662.0,47.0,57.0,114.0
663.0,46.0,56.0,114.0
663.0,47.0,56.0,114.0
664.0,44.0,55.0,114.0
665.0,45.0,55.0,114.0
665.0,44.0,54.0,114.0
665.0,45.0,54.0,113.0
667.0,44.0,55.0,113.0
667.0,45.0,55.0,112.0
668.0,44.0,55.0,112.0
668.0,45.0,56.0,112.0
669.0,44.0,57.0,113.0
669.0,45.0,57.0,113.0
669.0,44.0,57.0,113.0
670.0,46.0,58.0,114.0
671.0,46.0,58.0,114.0
673.0,47.0,57.0,114.0
673.0,46.0,57.0,114.0
675.0,47.0,57.0,114.0
676.0,46.0,57.0,114.0
676.0,47.0,56.0,114.0
678.0,48.0,56.0,115.0
678.0,48.0,57.0,115.0
678.0,47.0,57.0,115.0
680.0,48.0,57.0,115.0
681.0,47.0,57.0,115.0
682.0,48.0,57.0,114.0
683.0,47.0,57.0,113.0
683.0,48.0,56.0,113.0
684.0,49.0,56.0,112.0
684.0,49.0,56.0,112.0
685.0,49.0,56.0,113.0
685.0,49.0,56.0,114.0
685.0,50.0,56.0,114.0
685.0,51.0,56.0,115.0
685.0,51.0,56.0,115.0
685.0,52.0,56.0,115.0
685.0,53.0,56.0,115.0
685.0,53.0,56.0,115.0
687.0,54.0,57.0,115.0
687.0,55.0,57.0,115.0
688.0,55.0,57.0,116.0
690.0,57.0,57.0,116.0
691.0,56.0,57.0,115.0
692.0,57.0,57.0,115.0
693.0,58.0,57.0,116.0
694.0,59.0,57.0,117.0
695.0,58.0,57.0,118.0
695.0,59.0,57.0,117.0
696.0,60.0,57.0,117.0
696.0,60.0,57.0,116.0
696.0,61.0,57.0,115.0
696.0,62.0,57.0,115.0
696.0,63.0,57.0,114.0
696.0,64.0,57.0,115.0
696.0,65.0,57.0,115.0
696.0,66.0,57.0,115.0
696.0,67.0,57.0,115.0
694.0,68.0,57.0,115.0
693.0,69.0,58.0,115.0
692.0,70.0,58.0,115.0
691.0,71.0,58.0,115.0
689.0,74.0,58.0,115.0
689.0,75.0,58.0,115.0
687.0,76.0,58.0,116.0
686.0,77.0,58.0,116.0
684.0,78.0,58.0,116.0
682.0,79.0,57.0,116.0
680.0,80.0,57.0,117.0
678.0,81.0,57.0,116.0
674.0,82.0,57.0,115.0
672.0,83.0,57.0,115.0
670.0,84.0,57.0,115.0
668.0,86.0,57.0,114.0
664.0,88.0,57.0,113.0
662.0,89.0,57.0,113.0
660.0,90.0,57.0,113.0
658.0,91.0,57.0,114.0
656.0,92.0,57.0,114.0
654.0,93.0,58.0,115.0
652.0,96.0,58.0,115.0
650.0,97.0,58.0,115.0
648.0,98.0,57.0,115.0
648.0,99.0,57.0,116.0
646.0,102.0,58.0,116.0
645.0,103.0,58.0,116.0
644.0,106.0,58.0,116.0
644.0,105.0,58.0,116.0
643.0,108.0,58.0,117.0
643.0,109.0,58.0,118.0
645.0,110.0,58.0,118.0
646.0,111.0,58.0,118.0
648.0,114.0,57.0,118.0
650.0,113.0,57.0,117.0
652.0,116.0,58.0,116.0
654.0,117.0,58.0,116.0
658.0,120.0,57.0,116.0
662.0,121.0,57.0,115.0
666.0,122.0,57.0,115.0
670.0,123.0,57.0,115.0
674.0,126.0,57.0,115.0
680.0,127.0,57.0,114.0
684.0,129.0,58.0,115.0
689.0,130.0,59.0,115.0
694.0,132.0,59.0,116.0
699.0,134.0,59.0,116.0
704.0,137.0,59.0,116.0
710.0,140.0,59.0,116.0
716.0,142.0,59.0,116.0
721.0,145.0,59.0,117.0
726.0,147.0,59.0,118.0
731.0,149.0,59.0,118.0
735.0,152.0,58.0,118.0
739.0,153.0,58.0,118.0
741.0,155.0,58.0,118.0
744.0,156.0,59.0,118.0
746.0,157.0,59.0,118.0
746.0,159.0,59.0,118.0
746.0,161.0,58.0,116.0
746.0,163.0,58.0,115.0
744.0,165.0,58.0,115.0
742.0,166.0,58.0,115.0
740.0,167.0,58.0,115.0
738.0,168.0,58.0,115.0
734.0,170.0,59.0,115.0
731.0,171.0,59.0,115.0
727.0,173.0,59.0,115.0
724.0,174.0,59.0,116.0
720.0,177.0,60.0,116.0
716.0,178.0,60.0,117.0
713.0,179.0,59.0,117.0
709.0,180.0,59.0,118.0
706.0,182.0,59.0,118.0
702.0,183.0,59.0,118.0
699.0,185.0,59.0,118.0
696.0,186.0,59.0,118.0
692.0,188.0,59.0,118.0
690.0,188.0,59.0,118.0
686.0,190.0,59.0,118.0
682.0,190.0,58.0,119.0
680.0,191.0,58.0,119.0
676.0,192.0,58.0,118.0
674.0,194.0,59.0,118.0
671.0,195.0,59.0,118.0
670.0,197.0,59.0,117.0
668.0,198.0,59.0,116.0
668.0,200.0,59.0,115.0
668.0,201.0,59.0,115.0
668.0,204.0,59.0,115.0
668.0,205.0,59.0,115.0
669.0,207.0,59.0,115.0
669.0,208.0,59.0,116.0
671.0,209.0,59.0,118.0
672.0,211.0,59.0,118.0
673.0,213.0,60.0,118.0
675.0,215.0,60.0,118.0
677.0,217.0,60.0,119.0
678.0,218.0,59.0,119.0
680.0,219.0,59.0,119.0
681.0,220.0,59.0,119.0
682.0,223.0,60.0,119.0
683.0,225.0,60.0,118.0
685.0,226.0,60.0,118.0
686.0,227.0,60.0,118.0
687.0,228.0,60.0,118.0
689.0,229.0,60.0,117.0
689.0,231.0,60.0,117.0
691.0,232.0,60.0,116.0
693.0,234.0,60.0,115.0
693.0,235.0,60.0,115.0
695.0,236.0,60.0,115.0
695.0,237.0,60.0,115.0
696.0,239.0,60.0,115.0
696.0,239.0,60.0,116.0
695.0,241.0,60.0,116.0
695.0,243.0,60.0,117.0
694.0,244.0,60.0,118.0
693.0,245.0,60.0,118.0
693.0,245.0,60.0,118.0
692.0,246.0,60.0,118.0
691.0,247.0,60.0,118.0
691.0,248.0,60.0,119.0
689.0,249.0,60.0,119.0
688.0,248.0,60.0,119.0
687.0,249.0,60.0,119.0
686.0,250.0,60.0,119.0
684.0,251.0,60.0,119.0
683.0,251.0,60.0,119.0
681.0,252.0,60.0,118.0
679.0,251.0,60.0,118.0
678.0,252.0,60.0,118.0
677.0,252.0,60.0,117.0
675.0,253.0,60.0,116.0
674.0,253.0,60.0,115.0
673.0,254.0,60.0,115.0
671.0,255.0,60.0,115.0
671.0,256.0,60.0,116.0
669.0,255.0,60.0,117.0
668.0,257.0,60.0,117.0
666.0,257.0,60.0,117.0
665.0,257.0,60.0,117.0
663.0,258.0,60.0,118.0
662.0,259.0,60.0,118.0
661.0,259.0,60.0,118.0
659.0,259.0,60.0,119.0
659.0,260.0,60.0,119.0
658.0,261.0,59.0,119.0
657.0,260.0,60.0,119.0
655.0,261.0,60.0,119.0
654.0,260.0,60.0,119.0
653.0,259.0,60.0,119.0
653.0,259.0,60.0,119.0
651.0,259.0,60.0,118.0
651.0,260.0,60.0,118.0
652.0,261.0,59.0,117.0
652.0,260.0,59.0,116.0
652.0,261.0,59.0,116.0
651.0,260.0,59.0,116.0
651.0,261.0,60.0,116.0
651.0,260.0,60.0,116.0
651.0,261.0,60.0,117.0
651.0,260.0,60.0,118.0
651.0,261.0,60.0,118.0
651.0,260.0,60.0,118.0
651.0,261.0,60.0,118.0
650.0,260.0,60.0,118.0
650.0,261.0,60.0,119.0
650.0,260.0,60.0,119.0
650.0,261.0,60.0,119.0
649.0,260.0,60.0,120.0
649.0,261.0,60.0,120.0
649.0,260.0,60.0,120.0
649.0,259.0,60.0,119.0
649.0,258.0,60.0,119.0
648.0,259.0,60.0,118.0
647.0,259.0,59.0,118.0
646.0,258.0,59.0,116.0
645.0,257.0,59.0,115.0
643.0,257.0,60.0,115.0
641.0,256.0,60.0,115.0
639.0,257.0,60.0,115.0
638.0,256.0,60.0,115.0
637.0,257.0,60.0,115.0
635.0,256.0,60.0,115.0
633.0,255.0,60.0,116.0
631.0,255.0,60.0,117.0
629.0,255.0,60.0,117.0
627.0,255.0,60.0,117.0
625.0,255.0,60.0,118.0
623.0,254.0,60.0,118.0
621.0,253.0,60.0,118.0
619.0,252.0,60.0,119.0
617.0,253.0,60.0,119.0
615.0,250.0,60.0,119.0
613.0,251.0,60.0,118.0
611.0,248.0,60.0,118.0
610.0,249.0,60.0,118.0
608.0,247.0,60.0,118.0
606.0,247.0,60.0,117.0
604.0,246.0,60.0,115.0
603.0,246.0,59.0,115.0
601.0,245.0,60.0,115.0
599.0,245.0,60.0,115.0
598.0,243.0,60.0,115.0
597.0,243.0,60.0,116.0
595.0,242.0,60.0,117.0
594.0,242.0,60.0,118.0
593.0,240.0,60.0,118.0
592.0,241.0,60.0,118.0
592.0,240.0,59.0,118.0
590.0,241.0,60.0,118.0
590.0,240.0,60.0,118.0
588.0,241.0,60.0,118.0
587.0,240.0,60.0,118.0
586.0,239.0,60.0,118.0
585.0,238.0,60.0,118.0
584.0,239.0,60.0,118.0
582.0,237.0,59.0,118.0
582.0,237.0,59.0,118.0
580.0,236.0,59.0,117.0
578.0,237.0,60.0,116.0
576.0,236.0,60.0,115.0
574.0,237.0,60.0,115.0
572.0,236.0,59.0,115.0
570.0,235.0,59.0,115.0
568.0,235.0,59.0,115.0
566.0,235.0,59.0,115.0
564.0,235.0,59.0,115.0
562.0,235.0,59.0,115.0
560.0,235.0,59.0,115.0
558.0,236.0,59.0,116.0
556.0,235.0,59.0,117.0
554.0,235.0,60.0,117.0
554.0,235.0,60.0,118.0
552.0,235.0,59.0,118.0
552.0,234.0,59.0,118.0
550.0,235.0,58.0,118.0
550.0,233.0,58.0,118.0
548.0,233.0,59.0,118.0
548.0,232.0,59.0,118.0
548.0,233.0,59.0,117.0
548.0,232.0,60.0,117.0
547.0,232.0,60.0,116.0
548.0,231.0,60.0,115.0
548.0,231.0,60.0,115.0
550.0,230.0,60.0,114.0
552.0,231.0,60.0,115.0
554.0,230.0,60.0,115.0
556.0,231.0,60.0,115.0
558.0,230.0,60.0,115.0
560.0,230.0,60.0,115.0
562.0,230.0,60.0,115.0
565.0,230.0,60.0,115.0
568.0,230.0,60.0,115.0
571.0,230.0,60.0,115.0
574.0,230.0,60.0,116.0
577.0,231.0,60.0,116.0
579.0,230.0,60.0,116.0
583.0,229.0,60.0,116.0
585.0,229.0,60.0,116.0
588.0,229.0,60.0,115.0
590.0,229.0,60.0,115.0
594.0,229.0,60.0,115.0
596.0,229.0,60.0,114.0
598.0,229.0,60.0,113.0
600.0,229.0,60.0,113.0
602.0,229.0,60.0,112.0
604.0,229.0,60.0,112.0
605.0,230.0,60.0,112.0
607.0,229.0,59.0,112.0
608.0,230.0,59.0,113.0
609.0,230.0,59.0,114.0
611.0,231.0,58.0,114.0
611.0,230.0,59.0,115.0
612.0,231.0,59.0,115.0
612.0,230.0,60.0,115.0
612.0,231.0,59.0,115.0
613.0,233.0,59.0,115.0
613.0,234.0,58.0,115.0
613.0,233.0,59.0,115.0
612.0,233.0,60.0,115.0
612.0,233.0,60.0,115.0
613.0,233.0,59.0,115.0
614.0,233.0,59.0,115.0
616.0,233.0,58.0,115.0
616.0,233.0,57.0,115.0
617.0,233.0,57.0,114.0
618.0,233.0,57.0,114.0
619.0,234.0,57.0,113.0
621.0,235.0,57.0,113.0
621.0,236.0,57.0,113.0
623.0,235.0,57.0,113.0
625.0,235.0,57.0,112.0
625.0,236.0,58.0,112.0
627.0,237.0,58.0,112.0
629.0,236.0,59.0,113.0
631.0,239.0,59.0,113.0
633.0,238.0,60.0,113.0
635.0,239.0,60.0,113.0
636.0,240.0,60.0,113.0
638.0,241.0,61.0,112.0
640.0,241.0,61.0,112.0
642.0,242.0,61.0,112.0
644.0,243.0,61.0,112.0
646.0,244.0,62.0,112.0
647.0,243.0,62.0,112.0
648.0,244.0,61.0,112.0
650.0,244.0,61.0,112.0
651.0,245.0,60.0,112.0
652.0,245.0,60.0,112.0
654.0,246.0,60.0,112.0
654.0,247.0,59.0,112.0
655.0,247.0,58.0,112.0
656.0,247.0,57.0,112.0
657.0,248.0,56.0,112.0
655.0,248.0,56.0,112.0
653.0,249.0,57.0,113.0
651.0,248.0,57.0,114.0
649.0,251.0,58.0,114.0
645.0,250.0,59.0,114.0
641.0,251.0,60.0,114.0
636.0,252.0,60.0,114.0
631.0,253.0,60.0,114.0
626.0,254.0,60.0,114.0
620.0,255.0,60.0,114.0
614.0,255.0,60.0,114.0
608.0,257.0,60.0,114.0
602.0,257.0,60.0,114.0
596.0,257.0,60.0,114.0
590.0,258.0,59.0,115.0
584.0,259.0,59.0,115.0
578.0,261.0,59.0,115.0
572.0,263.0,59.0,115.0
567.0,264.0,58.0,115.0
562.0,267.0,57.0,115.0
556.0,268.0,57.0,115.0
549.0,269.0,57.0,114.0
543.0,270.0,57.0,114.0
537.0,273.0,57.0,113.0
533.0,274.0,58.0,113.0
529.0,275.0,59.0,113.0
529.0,276.0,60.0,113.0
527.0,277.0,60.0,113.0
529.0,278.0,61.0,113.0
529.0,281.0,61.0,113.0
533.0,280.0,61.0,112.0
535.0,283.0,61.0,112.0
538.0,283.0,61.0,112.0
542.0,284.0,61.0,112.0
545.0,285.0,62.0,112.0
548.0,286.0,62.0,112.0
554.0,287.0,61.0,112.0
558.0,288.0,61.0,112.0
562.0,288.0,60.0,112.0
567.0,291.0,59.0,112.0
572.0,291.0,57.0,112.0
577.0,293.0,56.0,112.0
581.0,294.0,57.0,113.0
585.0,295.0,57.0,113.0
587.0,296.0,57.0,114.0
589.0,299.0,57.0,114.0
591.0,300.0,57.0,114.0
593.0,301.0,57.0,114.0
595.0,302.0,58.0,114.0
595.0,305.0,59.0,113.0
596.0,304.0,60.0,113.0
596.0,307.0,60.0,113.0
596.0,307.0,61.0,113.0
596.0,309.0,62.0,113.0
595.0,310.0,62.0,113.0
594.0,312.0,62.0,113.0
592.0,313.0,63.0,113.0
591.0,314.0,63.0,113.0
589.0,315.0,62.0,114.0
587.0,315.0,62.0,115.0
585.0,317.0,61.0,114.0
583.0,318.0,61.0,113.0
580.0,319.0,60.0,113.0
578.0,321.0,60.0,113.0
577.0,321.0,59.0,113.0
576.0,323.0,58.0,114.0
575.0,324.0,57.0,114.0
574.0,325.0,57.0,115.0
573.0,326.0,57.0,115.0
571.0,327.0,57.0,115.0
571.0,328.0,57.0,115.0
571.0,329.0,58.0,115.0
571.0,330.0,59.0,115.0
571.0,331.0,60.0,115.0
571.0,332.0,60.0,115.0
572.0,333.0,60.0,115.0
574.0,334.0,61.0,115.0
575.0,335.0,62.0,115.0
577.0,337.0,62.0,115.0
579.0,338.0,61.0,115.0
582.0,339.0,61.0,115.0
586.0,340.0,61.0,115.0
588.0,341.0,61.0,115.0
592.0,343.0,60.0,115.0
596.0,343.0,60.0,115.0
598.0,345.0,60.0,115.0
602.0,345.0,59.0,115.0
606.0,347.0,59.0,115.0
610.0,349.0,59.0,115.0
613.0,350.0,58.0,115.0
615.0,351.0,58.0,115.0
617.0,353.0,58.0,115.0
617.0,353.0,58.0,115.0
619.0,356.0,59.0,114.0
619.0,357.0,59.0,114.0
619.0,358.0,60.0,114.0
620.0,359.0,60.0,113.0
620.0,362.0,61.0,113.0
620.0,362.0,63.0,113.0
620.0,364.0,62.0,113.0
620.0,365.0,62.0,114.0
620.0,367.0,61.0,115.0
619.0,368.0,62.0,115.0
618.0,368.0,62.0,115.0
618.0,369.0,63.0,115.0
618.0,370.0,62.0,115.0
618.0,371.0,62.0,115.0
618.0,372.0,61.0,115.0
617.0,374.0,61.0,115.0
617.0,375.0,60.0,114.0
617.0,376.0,60.0,114.0
617.0,377.0,60.0,115.0
616.0,377.0,60.0,115.0
616.0,378.0,60.0,115.0
615.0,379.0,60.0,116.0
615.0,380.0,60.0,117.0
614.0,380.0,60.0,118.0
613.0,382.0,61.0,118.0
611.0,382.0,61.0,119.0
610.0,384.0,61.0,120.0
609.0,384.0,61.0,120.0
607.0,386.0,60.0,120.0
607.0,386.0,60.0,120.0
605.0,388.0,60.0,120.0
605.0,389.0,60.0,119.0
605.0,391.0,60.0,119.0
605.0,390.0,60.0,119.0
603.0,392.0,60.0,119.0
603.0,392.0,60.0,119.0
603.0,393.0,60.0,118.0
603.0,393.0,60.0,118.0
603.0,394.0,60.0,118.0
603.0,394.0,60.0,117.0
603.0,395.0,60.0,116.0
603.0,395.0,60.0,115.0
604.0,396.0,60.0,115.0
604.0,396.0,61.0,115.0
604.0,397.0,61.0,115.0
606.0,396.0,61.0,115.0
606.0,397.0,61.0,115.0
606.0,397.0,60.0,115.0
607.0,397.0,60.0,116.0
608.0,397.0,60.0,118.0
608.0,398.0,60.0,118.0
610.0,397.0,60.0,119.0
610.0,398.0,60.0,119.0
611.0,399.0,60.0,119.0
612.0,400.0,61.0,119.0
614.0,399.0,61.0,119.0
615.0,400.0,61.0,119.0
616.0,401.0,61.0,119.0
618.0,401.0,61.0,119.0
619.0,401.0,61.0,119.0
620.0,402.0,61.0,118.0
622.0,401.0,62.0,118.0
623.0,403.0,62.0,117.0
624.0,403.0,62.0,116.0
625.0,403.0,62.0,116.0
626.0,403.0,62.0,116.0
627.0,403.0,62.0,116.0
627.0,403.0,62.0,115.0
628.0,403.0,62.0,115.0
629.0,403.0,62.0,115.0
629.0,404.0,62.0,116.0
630.0,403.0,62.0,116.0
630.0,406.0,62.0,117.0
630.0,405.0,61.0,118.0
631.0,406.0,61.0,119.0
630.0,406.0,62.0,119.0
630.0,407.0,62.0,118.0
630.0,408.0,62.0,118.0
630.0,408.0,62.0,118.0
630.0,407.0,62.0,118.0
630.0,408.0,61.0,118.0
630.0,407.0,61.0,118.0
629.0,408.0,61.0,118.0
629.0,407.0,61.0,118.0
627.0,408.0,61.0,117.0
625.0,407.0,61.0,116.0
624.0,408.0,60.0,115.0
623.0,407.0,60.0,115.0
621.0,406.0,60.0,115.0
621.0,406.0,60.0,114.0
621.0,406.0,60.0,114.0
620.0,404.0,60.0,113.0
620.0,404.0,60.0,113.0
620.0,403.0,60.0,114.0
621.0,402.0,60.0,115.0
622.0,402.0,60.0,116.0
623.0,402.0,60.0,117.0
624.0,401.0,60.0,118.0
625.0,402.0,60.0,118.0
626.0,401.0,60.0,118.0
626.0,402.0,60.0,119.0
627.0,401.0,60.0,119.0
628.0,401.0,60.0,118.0
630.0,401.0,60.0,118.0
631.0,402.0,60.0,118.0
633.0,401.0,60.0,117.0
633.0,401.0,60.0,116.0
635.0,401.0,59.0,116.0
637.0,401.0,59.0,115.0
637.0,401.0,59.0,115.0
639.0,402.0,58.0,115.0
639.0,401.0,59.0,115.0
641.0,400.0,59.0,114.0
641.0,399.0,60.0,114.0
643.0,400.0,60.0,114.0
643.0,399.0,60.0,113.0
643.0,398.0,60.0,113.0
643.0,397.0,60.0,113.0
643.0,398.0,60.0,113.0
643.0,397.0,60.0,113.0
644.0,398.0,61.0,113.0
644.0,397.0,61.0,112.0
644.0,396.0,62.0,112.0
644.0,395.0,62.0,112.0
645.0,396.0,62.0,112.0
646.0,395.0,62.0,112.0
646.0,396.0,63.0,112.0
647.0,395.0,63.0,113.0
647.0,394.0,63.0,113.0
647.0,393.0,63.0,112.0
647.0,394.0,63.0,112.0
648.0,393.0,63.0,112.0
649.0,394.0,62.0,112.0
649.0,393.0,61.0,112.0
650.0,393.0,60.0,112.0
651.0,392.0,60.0,112.0
651.0,392.0,59.0,112.0
651.0,391.0,59.0,113.0
651.0,392.0,59.0,114.0
651.0,391.0,59.0,115.0
652.0,392.0,59.0,115.0
651.0,391.0,60.0,115.0
651.0,392.0,60.0,115.0
650.0,393.0,60.0,115.0
650.0,394.0,60.0,115.0
650.0,393.0,61.0,114.0
650.0,394.0,61.0,113.0
650.0,394.0,61.0,113.0
649.0,396.0,62.0,112.0
649.0,396.0,62.0,112.0
649.0,396.0,62.0,112.0
649.0,397.0,61.0,113.0
649.0,398.0,61.0,113.0
647.0,397.0,61.0,112.0
647.0,398.0,60.0,112.0
645.0,397.0,60.0,112.0
645.0,398.0,60.0,112.0
643.0,397.0,60.0,112.0
642.0,398.0,59.0,112.0
639.0,399.0,58.0,112.0
637.0,400.0,57.0,112.0
635.0,399.0,57.0,112.0
632.0,398.0,57.0,112.0
627.0,397.0,58.0,112.0
622.0,398.0,59.0,112.0
618.0,397.0,60.0,112.0
612.0,398.0,61.0,112.0
605.0,398.0,62.0,112.0
599.0,398.0,63.0,112.0
593.0,399.0,63.0,112.0
587.0,400.0,63.0,112.0
580.0,399.0,63.0,112.0
572.0,400.0,63.0,111.0
565.0,400.0,63.0,111.0
557.0,401.0,63.0,111.0
548.0,400.0,63.0,111.0
540.0,401.0,63.0,111.0
533.0,402.0,62.0,111.0
525.0,403.0,61.0,111.0
517.0,402.0,60.0,111.0
509.0,403.0,60.0,112.0
501.0,404.0,60.0,112.0
494.0,406.0,60.0,112.0
487.0,405.0,60.0,113.0
480.0,406.0,59.0,114.0
474.0,407.0,59.0,115.0
470.0,408.0,60.0,115.0
464.0,409.0,60.0,114.0
459.0,410.0,62.0,114.0
457.0,409.0,62.0,113.0
455.0,410.0,63.0,113.0
452.0,410.0,63.0,112.0
451.0,411.0,63.0,112.0
450.0,410.0,63.0,112.0
450.0,411.0,63.0,112.0
448.0,410.0,64.0,112.0
447.0,410.0,65.0,113.0
447.0,409.0,66.0,114.0
447.0,408.0,66.0,113.0
447.0,407.0,66.0,112.0
447.0,407.0,66.0,112.0
447.0,406.0,65.0,112.0
446.0,406.0,64.0,112.0
445.0,404.0,63.0,112.0
445.0,404.0,63.0,112.0
443.0,403.0,63.0,112.0
443.0,402.0,62.0,112.0
441.0,401.0,62.0,112.0
439.0,402.0,61.0,112.0
438.0,399.0,60.0,112.0
435.0,400.0,61.0,112.0
433.0,397.0,62.0,112.0
432.0,398.0,63.0,112.0
430.0,395.0,63.0,112.0
428.0,394.0,63.0,113.0
427.0,391.0,64.0,114.0
425.0,390.0,64.0,114.0
423.0,388.0,64.0,114.0
421.0,386.0,65.0,114.0
420.0,383.0,65.0,114.0
418.0,382.0,65.0,115.0
416.0,379.0,65.0,115.0
414.0,376.0,65.0,115.0
413.0,373.0,65.0,115.0
411.0,372.0,65.0,115.0
410.0,367.0,63.0,115.0
409.0,366.0,63.0,114.0
408.0,363.0,62.0,114.0
407.0,360.0,61.0,114.0
405.0,357.0,60.0,115.0
405.0,355.0,60.0,115.0
405.0,351.0,60.0,115.0
403.0,349.0,60.0,114.0
403.0,347.0,61.0,114.0
403.0,344.0,61.0,115.0
403.0,341.0,62.0,115.0
403.0,338.0,63.0,116.0
403.0,335.0,63.0,115.0
402.0,334.0,63.0,115.0
402.0,329.0,63.0,115.0
402.0,328.0,63.0,115.0
403.0,323.0,63.0,115.0
403.0,321.0,63.0,115.0
403.0,317.0,63.0,116.0
405.0,314.0,63.0,116.0
405.0,311.0,63.0,116.0
407.0,307.0,63.0,116.0
407.0,303.0,63.0,115.0
409.0,299.0,63.0,115.0
411.0,296.0,62.0,115.0
415.0,293.0,61.0,115.0
417.0,289.0,61.0,115.0
419.0,285.0,60.0,115.0
423.0,282.0,60.0,115.0
425.0,279.0,60.0,115.0
429.0,274.0,60.0,116.0
433.0,271.0,60.0,116.0
435.0,268.0,60.0,117.0
439.0,265.0,60.0,117.0
443.0,260.0,60.0,117.0
447.0,258.0,60.0,117.0
449.0,254.0,60.0,117.0
453.0,251.0,60.0,117.0
457.0,248.0,60.0,117.0
461.0,244.0,60.0,117.0
463.0,240.0,60.0,117.0
467.0,236.0,60.0,118.0
471.0,232.0,60.0,117.0
475.0,230.0,59.0,117.0
479.0,226.0,59.0,117.0
481.0,223.0,59.0,116.0
485.0,220.0,59.0,115.0
487.0,217.0,58.0,114.0
491.0,214.0,58.0,115.0
495.0,210.0,58.0,115.0
498.0,207.0,58.0,115.0
502.0,204.0,58.0,115.0
505.0,202.0,58.0,115.0
509.0,199.0,58.0,115.0
514.0,196.0,58.0,115.0
519.0,194.0,59.0,116.0
524.0,190.0,59.0,116.0
528.0,188.0,59.0,116.0
533.0,185.0,59.0,117.0
537.0,183.0,59.0,117.0
542.0,180.0,59.0,117.0
547.0,177.0,58.0,117.0
552.0,174.0,58.0,117.0
556.0,171.0,58.0,117.0
560.0,168.0,57.0,116.0
564.0,165.0,57.0,116.0
566.0,162.0,57.0,115.0
569.0,159.0,57.0,115.0
572.0,156.0,58.0,115.0
573.0,154.0,58.0,115.0
573.0,151.0,58.0,114.0
574.0,148.0,58.0,114.0
573.0,146.0,58.0,114.0
573.0,144.0,59.0,114.0
571.0,141.0,59.0,115.0
569.0,138.0,59.0,115.0
567.0,137.0,58.0,115.0
565.0,134.0,58.0,115.0
563.0,131.0,58.0,115.0
559.0,130.0,59.0,116.0
557.0,128.0,59.0,116.0
555.0,126.0,58.0,116.0
553.0,124.0,58.0,115.0
552.0,123.0,58.0,115.0
550.0,120.0,58.0,115.0
548.0,118.0,57.0,115.0
546.0,115.0,57.0,115.0
545.0,112.0,57.0,115.0
544.0,110.0,57.0,115.0
542.0,109.0,57.0,115.0
540.0,106.0,57.0,114.0
540.0,105.0,57.0,113.0
538.0,103.0,57.0,112.0
536.0,101.0,57.0,112.0
535.0,98.0,57.0,112.0
534.0,96.0,57.0,112.0
532.0,94.0,57.0,112.0
530.0,92.0,57.0,113.0
529.0,90.0,57.0,114.0
528.0,88.0,57.0,114.0
527.0,86.0,57.0,114.0
526.0,84.0,57.0,113.0
524.0,82.0,57.0,113.0
524.0,82.0,58.0,114.0
522.0,80.0,58.0,114.0
520.0,79.0,58.0,114.0
519.0,76.0,57.0,115.0
518.0,74.0,57.0,115.0
517.0,73.0,57.0,115.0
516.0,72.0,57.0,115.0
514.0,69.0,57.0,115.0
514.0,68.0,57.0,114.0
513.0,66.0,57.0,113.0
512.0,65.0,57.0,113.0
512.0,64.0,57.0,113.0
510.0,62.0,57.0,112.0
509.0,60.0,57.0,112.0
508.0,60.0,57.0,112.0
508.0,58.0,57.0,112.0
507.0,57.0,57.0,112.0
507.0,56.0,57.0,112.0
506.0,55.0,57.0,112.0
506.0,54.0,57.0,113.0
505.0,53.0,57.0,113.0
505.0,52.0,57.0,113.0
505.0,51.0,57.0,113.0
505.0,50.0,57.0,113.0
504.0,49.0,57.0,113.0
503.0,48.0,57.0,113.0
503.0,47.0,57.0,113.0
502.0,45.0,57.0,114.0
502.0,43.0,57.0,115.0
502.0,43.0,57.0,114.0
502.0,42.0,57.0,114.0
502.0,41.0,57.0,113.0
502.0,41.0,57.0,113.0
502.0,40.0,57.0,112.0
502.0,39.0,57.0,112.0
502.0,38.0,57.0,112.0
501.0,37.0,57.0,111.0
501.0,36.0,56.0,111.0
501.0,35.0,57.0,111.0
500.0,34.0,57.0,112.0
500.0,34.0,57.0,112.0
500.0,32.0,57.0,112.0
500.0,32.0,57.0,112.0
500.0,32.0,57.0,112.0
500.0,31.0,57.0,112.0
499.0,30.0,57.0,112.0
499.0,30.0,57.0,112.0
499.0,29.0,57.0,112.0
498.0,29.0,57.0,113.0
498.0,28.0,56.0,114.0
498.0,28.0,56.0,114.0
499.0,25.0,56.0,113.0
499.0,25.0,56.0,113.0
498.0,24.0,56.0,113.0
498.0,23.0,57.0,113.0
498.0,22.0,57.0,112.0
498.0,23.0,57.0,112.0
498.0,21.0,57.0,112.0
498.0,22.0,56.0,111.0
498.0,21.0,56.0,111.0
499.0,20.0,56.0,110.0
499.0,19.0,56.0,110.0
499.0,19.0,56.0,110.0
499.0,19.0,56.0,110.0
499.0,18.0,56.0,110.0
499.0,17.0,57.0,110.0
500.0,18.0,57.0,110.0
500.0,17.0,57.0,110.0
501.0,17.0,57.0,110.0
501.0,16.0,57.0,111.0
502.0,15.0,57.0,111.0
503.0,15.0,57.0,111.0
503.0,15.0,57.0,110.0
504.0,14.0,56.0,110.0
505.0,14.0,56.0,110.0
505.0,13.0,56.0,110.0
505.0,12.0,56.0,110.0
505.0,11.0,56.0,110.0
506.0,11.0,56.0,110.0
506.0,10.0,56.0,110.0
506.0,9.0,56.0,110.0
507.0,8.0,56.0,110.0
507.0,7.0,56.0,110.0
508.0,6.0,56.0,110.0
508.0,7.0,56.0,110.0
508.0,6.0,56.0,110.0
197.0,3.0,11.0,31.0
198.0,2.0,11.0,31.0
198.0,2.0,11.0,31.0
198.0,2.0,11.0,31.0
198.0,2.0,11.0,31.0
198.0,2.0,11.0,31.0
198.0,1.0,11.0,31.0
198.0,1.0,11.0,31.0
198.0,0.0,11.0,31.0
198.0,0.0,11.0,31.0
198.0,0.0,11.0,31.0
198.0,-0.0,11.0,31.0
198.0,-0.0,11.0,30.0
198.0,-0.0,11.0,30.0
198.0,-0.0,11.0,29.0
