768.0,247.0,15.0,17.0
767.0,248.0,15.0,17.0
767.0,248.0,15.0,17.0
766.0,248.0,15.0,17.0
766.0,248.0,15.0,17.0
766.0,249.0,15.0,17.0
765.0,249.0,15.0,17.0
764.0,249.0,15.0,17.0
763.0,250.0,15.0,17.0
762.0,250.0,15.0,17.0
762.0,250.0,15.0,17.0
761.0,250.0,15.0,17.0
760.0,251.0,15.0,17.0
759.0,251.0,15.0,17.0
759.0,251.0,15.0,17.0
758.0,251.0,15.0,17.0
757.0,252.0,15.0,17.0
756.0,252.0,15.0,17.0
756.0,252.0,15.0,17.0
755.0,252.0,15.0,17.0
754.0,253.0,15.0,17.0
753.0,253.0,16.0,17.0
753.0,253.0,16.0,17.0
752.0,253.0,15.0,17.0
751.0,254.0,15.0,17.0
751.0,254.0,15.0,17.0
750.0,254.0,15.0,17.0
750.0,254.0,15.0,17.0
750.0,255.0,15.0,17.0
749.0,255.0,15.0,17.0
748.0,255.0,15.0,18.0
747.0,255.0,15.0,18.0
747.0,256.0,15.0,18.0
746.0,256.0,15.0,18.0
746.0,256.0,15.0,17.0
745.0,257.0,15.0,17.0
745.0,257.0,15.0,17.0
744.0,257.0,15.0,17.0
743.0,257.0,15.0,17.0
742.0,258.0,15.0,17.0
742.0,258.0,15.0,18.0
742.0,258.0,15.0,18.0
741.0,257.0,15.0,19.0
740.0,259.0,15.0,19.0
740.0,259.0,15.0,18.0
739.0,259.0,15.0,17.0
738.0,259.0,15.0,17.0
738.0,260.0,15.0,18.0
738.0,260.0,15.0,18.0
737.0,260.0,15.0,18.0
736.0,261.0,15.0,18.0
735.0,261.0,16.0,18.0
735.0,261.0,15.0,17.0
734.0,262.0,15.0,17.0
734.0,263.0,15.0,17.0
733.0,263.0,15.0,17.0
732.0,262.0,15.0,17.0
732.0,263.0,15.0,17.0
731.0,263.0,15.0,17.0
730.0,263.0,15.0,17.0
730.0,264.0,15.0,17.0
729.0,264.0,15.0,17.0
729.0,264.0,15.0,17.0
727.0,265.0,15.0,18.0
727.0,265.0,15.0,17.0
726.0,265.0,15.0,17.0
727.0,265.0,15.0,17.0
725.0,266.0,15.0,17.0
724.0,266.0,15.0,17.0
724.0,267.0,15.0,17.0
723.0,267.0,15.0,17.0
723.0,267.0,15.0,18.0
722.0,267.0,15.0,18.0
722.0,268.0,15.0,18.0
721.0,268.0,15.0,18.0
720.0,268.0,15.0,18.0
720.0,268.0,15.0,18.0
720.0,269.0,15.0,18.0
719.0,269.0,15.0,18.0
717.0,269.0,15.0,18.0
717.0,269.0,15.0,18.0
717.0,269.0,15.0,18.0
716.0,270.0,16.0,18.0
715.0,270.0,16.0,18.0
714.0,271.0,16.0,18.0
713.0,271.0,16.0,18.0
713.0,271.0,16.0,18.0
712.0,271.0,15.0,18.0
712.0,272.0,15.0,18.0
711.0,272.0,15.0,17.0
710.0,272.0,15.0,17.0
710.0,272.0,15.0,18.0
709.0,273.0,15.0,18.0
708.0,273.0,15.0,18.0
708.0,273.0,15.0,18.0
707.0,274.0,15.0,18.0
707.0,274.0,15.0,17.0
706.0,274.0,15.0,17.0
705.0,274.0,15.0,18.0
704.0,275.0,16.0,18.0
703.0,275.0,16.0,18.0
703.0,275.0,16.0,18.0
702.0,276.0,16.0,18.0
701.0,276.0,16.0,18.0
701.0,276.0,16.0,18.0
700.0,277.0,16.0,18.0
700.0,277.0,15.0,18.0
699.0,277.0,15.0,18.0
698.0,277.0,15.0,18.0
698.0,278.0,15.0,18.0
697.0,278.0,15.0,18.0
697.0,278.0,15.0,17.0
696.0,279.0,15.0,18.0
696.0,279.0,15.0,18.0
695.0,279.0,15.0,18.0
693.0,280.0,15.0,18.0
693.0,280.0,16.0,18.0
693.0,280.0,16.0,18.0
692.0,281.0,16.0,18.0
691.0,281.0,16.0,19.0
690.0,281.0,16.0,19.0
689.0,281.0,16.0,19.0
689.0,282.0,16.0,19.0
689.0,282.0,16.0,19.0
688.0,282.0,16.0,19.0
688.0,282.0,15.0,19.0
688.0,282.0,15.0,19.0
687.0,282.0,16.0,19.0
686.0,284.0,16.0,19.0
685.0,284.0,16.0,19.0
686.0,285.0,16.0,19.0
685.0,285.0,16.0,19.0
685.0,285.0,16.0,19.0
684.0,285.0,16.0,19.0
684.0,285.0,16.0,20.0
683.0,285.0,16.0,20.0
683.0,286.0,16.0,19.0
683.0,287.0,15.0,19.0
683.0,287.0,15.0,18.0
683.0,287.0,15.0,18.0
682.0,288.0,15.0,18.0
683.0,288.0,15.0,18.0
682.0,288.0,15.0,19.0
255.0,108.0,3.0,6.0
681.0,288.0,16.0,19.0
681.0,288.0,16.0,19.0
681.0,289.0,16.0,19.0
255.0,108.0,3.0,6.0
255.0,108.0,3.0,6.0
255.0,108.0,3.0,6.0
255.0,108.0,3.0,6.0
255.0,108.0,3.0,6.0
255.0,109.0,3.0,6.0
255.0,109.0,3.0,6.0
255.0,109.0,3.0,6.0
255.0,109.0,3.0,6.0
255.0,109.0,3.0,6.0
255.0,109.0,3.0,6.0
255.0,109.0,3.0,6.0
255.0,109.0,3.0,6.0
255.0,109.0,3.0,6.0
255.0,110.0,3.0,6.0
255.0,110.0,3.0,6.0
256.0,110.0,3.0,6.0
256.0,110.0,2.0,6.0
257.0,110.0,2.0,6.0
257.0,110.0,2.0,6.0
257.0,110.0,2.0,6.0
258.0,110.0,2.0,6.0
258.0,110.0,2.0,6.0
258.0,110.0,1.0,6.0
258.0,110.0,1.0,6.0
258.0,111.0,1.0,6.0
259.0,111.0,1.0,6.0
260.0,111.0,0.0,6.0
260.0,111.0,0.0,6.0
261.0,111.0,1.0,6.0
261.0,111.0,1.0,6.0
261.0,111.0,1.0,6.0
261.0,111.0,2.0,6.0
261.0,111.0,2.0,7.0
261.0,111.0,2.0,7.0
261.0,111.0,3.0,6.0
262.0,111.0,3.0,6.0
262.0,111.0,2.0,7.0
263.0,111.0,2.0,7.0
264.0,111.0,2.0,7.0
264.0,112.0,2.0,7.0
264.0,112.0,2.0,7.0
265.0,112.0,2.0,7.0
266.0,112.0,2.0,7.0
267.0,112.0,2.0,7.0
267.0,112.0,3.0,7.0
267.0,112.0,3.0,7.0
268.0,112.0,3.0,8.0
269.0,112.0,3.0,8.0
269.0,113.0,3.0,7.0
270.0,113.0,3.0,7.0
270.0,114.0,3.0,7.0
270.0,114.0,3.0,7.0
271.0,114.0,3.0,7.0
272.0,114.0,3.0,7.0
273.0,114.0,3.0,7.0
273.0,114.0,3.0,8.0
273.0,114.0,3.0,8.0
274.0,114.0,3.0,8.0
275.0,114.0,3.0,8.0
276.0,114.0,3.0,8.0
276.0,114.0,3.0,8.0
276.0,114.0,3.0,8.0
277.0,114.0,3.0,8.0
278.0,114.0,3.0,8.0
279.0,114.0,3.0,8.0
279.0,114.0,3.0,9.0
279.0,114.0,3.0,9.0
280.0,114.0,3.0,8.0
281.0,115.0,3.0,8.0
282.0,115.0,3.0,8.0
283.0,115.0,3.0,8.0
284.0,115.0,3.0,8.0
284.0,115.0,3.0,8.0
285.0,115.0,3.0,9.0
285.0,116.0,3.0,9.0
286.0,116.0,3.0,8.0
288.0,116.0,3.0,8.0
288.0,117.0,3.0,7.0
289.0,117.0,3.0,7.0
290.0,117.0,3.0,8.0
291.0,117.0,3.0,8.0
291.0,117.0,2.0,8.0
292.0,117.0,2.0,8.0
293.0,117.0,2.0,9.0
294.0,117.0,2.0,8.0
295.0,117.0,3.0,8.0
296.0,117.0,3.0,8.0
297.0,117.0,3.0,8.0
297.0,117.0,3.0,8.0
298.0,117.0,2.0,8.0
300.0,117.0,2.0,8.0
300.0,118.0,3.0,7.0
302.0,118.0,3.0,7.0
303.0,118.0,3.0,7.0
303.0,118.0,3.0,7.0
303.0,118.0,3.0,7.0
304.0,118.0,3.0,8.0
305.0,119.0,3.0,9.0
306.0,119.0,3.0,9.0
307.0,119.0,3.0,9.0
308.0,120.0,3.0,9.0
309.0,120.0,2.0,8.0
310.0,120.0,2.0,9.0
311.0,120.0,3.0,9.0
312.0,120.0,3.0,9.0
312.0,120.0,3.0,9.0
313.0,120.0,3.0,9.0
314.0,120.0,3.0,9.0
315.0,120.0,3.0,9.0
316.0,120.0,3.0,9.0
318.0,120.0,3.0,9.0
318.0,120.0,3.0,9.0
319.0,121.0,3.0,9.0
320.0,121.0,3.0,9.0
321.0,121.0,3.0,9.0
322.0,121.0,3.0,9.0
323.0,122.0,3.0,9.0
324.0,122.0,3.0,9.0
325.0,122.0,3.0,9.0
326.0,122.0,3.0,9.0
327.0,122.0,3.0,9.0
327.0,122.0,3.0,9.0
328.0,122.0,3.0,9.0
330.0,123.0,3.0,9.0
330.0,123.0,3.0,10.0
332.0,123.0,3.0,10.0
333.0,123.0,3.0,10.0
334.0,123.0,3.0,9.0
335.0,123.0,3.0,9.0
336.0,124.0,3.0,9.0
338.0,124.0,3.0,9.0
339.0,124.0,3.0,9.0
339.0,124.0,3.0,9.0
341.0,124.0,3.0,10.0
342.0,124.0,3.0,10.0
342.0,124.0,3.0,10.0
343.0,125.0,3.0,10.0
344.0,125.0,3.0,10.0
345.0,125.0,3.0,10.0
347.0,126.0,3.0,10.0
348.0,126.0,3.0,10.0
348.0,126.0,3.0,10.0
350.0,126.0,3.0,10.0
351.0,126.0,3.0,10.0
351.0,126.0,3.0,10.0
353.0,127.0,3.0,10.0
354.0,127.0,3.0,10.0
355.0,127.0,3.0,10.0
356.0,128.0,4.0,10.0
357.0,128.0,4.0,10.0
357.0,128.0,4.0,10.0
358.0,128.0,4.0,10.0
359.0,129.0,4.0,10.0
360.0,129.0,4.0,10.0
361.0,129.0,4.0,11.0
362.0,129.0,4.0,11.0
363.0,129.0,4.0,11.0
364.0,129.0,4.0,11.0
365.0,129.0,4.0,12.0
366.0,130.0,4.0,12.0
367.0,130.0,4.0,11.0
368.0,131.0,4.0,11.0
369.0,131.0,4.0,11.0
369.0,131.0,4.0,11.0
370.0,132.0,4.0,11.0
371.0,132.0,4.0,11.0
372.0,132.0,4.0,12.0
372.0,132.0,4.0,12.0
374.0,132.0,4.0,12.0
375.0,132.0,4.0,12.0
376.0,133.0,4.0,12.0
377.0,133.0,4.0,12.0
378.0,133.0,4.0,12.0
378.0,134.0,4.0,12.0
380.0,134.0,4.0,12.0
381.0,134.0,4.0,12.0
382.0,135.0,4.0,12.0
383.0,135.0,4.0,12.0
384.0,135.0,5.0,12.0
384.0,135.0,5.0,12.0
385.0,135.0,5.0,12.0
386.0,135.0,5.0,12.0
387.0,136.0,5.0,12.0
387.0,136.0,5.0,12.0
389.0,137.0,4.0,12.0
390.0,137.0,4.0,12.0
390.0,138.0,4.0,12.0
391.0,138.0,5.0,12.0
392.0,138.0,5.0,12.0
393.0,138.0,5.0,12.0
394.0,138.0,5.0,12.0
395.0,139.0,5.0,12.0
396.0,139.0,5.0,12.0
396.0,139.0,5.0,12.0
397.0,140.0,5.0,12.0
398.0,140.0,5.0,12.0
399.0,140.0,5.0,12.0
399.0,141.0,5.0,12.0
400.0,141.0,5.0,12.0
402.0,141.0,5.0,12.0
403.0,141.0,5.0,12.0
404.0,141.0,5.0,12.0
405.0,142.0,5.0,13.0
405.0,142.0,5.0,13.0
406.0,143.0,5.0,13.0
408.0,143.0,5.0,13.0
408.0,144.0,5.0,13.0
409.0,144.0,5.0,13.0
410.0,144.0,5.0,13.0
411.0,144.0,5.0,14.0
411.0,144.0,5.0,14.0
412.0,144.0,5.0,13.0
413.0,145.0,5.0,13.0
414.0,145.0,5.0,13.0
415.0,146.0,5.0,13.0
416.0,147.0,5.0,13.0
417.0,147.0,5.0,14.0
417.0,147.0,6.0,14.0
417.0,147.0,6.0,14.0
419.0,147.0,5.0,14.0
420.0,148.0,5.0,14.0
421.0,149.0,5.0,14.0
422.0,149.0,5.0,14.0
422.0,149.0,5.0,14.0
423.0,150.0,6.0,14.0
423.0,150.0,6.0,14.0
424.0,150.0,5.0,14.0
425.0,150.0,5.0,14.0
426.0,150.0,5.0,12.0
426.0,151.0,5.0,9.0
427.0,152.0,5.0,8.0
428.0,152.0,5.0,7.0
429.0,153.0,6.0,7.0
429.0,153.0,6.0,6.0
429.0,153.0,6.0,6.0
431.0,153.0,6.0,6.0
432.0,154.0,6.0,6.0
432.0,154.0,6.0,6.0
432.0,155.0,6.0,6.0
433.0,155.0,5.0,6.0
433.0,156.0,6.0,6.0
434.0,156.0,6.0,6.0
434.0,156.0,6.0,6.0
435.0,156.0,6.0,7.0
435.0,157.0,6.0,7.0
436.0,157.0,6.0,7.0
437.0,158.0,6.0,7.0
438.0,158.0,6.0,7.0
438.0,159.0,6.0,7.0
438.0,159.0,6.0,7.0
439.0,159.0,6.0,7.0
440.0,159.0,6.0,8.0
440.0,160.0,6.0,8.0
441.0,161.0,6.0,8.0
441.0,161.0,6.0,8.0
441.0,162.0,6.0,8.0
442.0,162.0,6.0,8.0
442.0,162.0,6.0,8.0
443.0,162.0,6.0,9.0
444.0,163.0,6.0,11.0
444.0,164.0,6.0,12.0
444.0,164.0,6.0,12.0
444.0,165.0,6.0,12.0
445.0,165.0,6.0,11.0
445.0,165.0,6.0,12.0
446.0,166.0,7.0,12.0
447.0,167.0,7.0,12.0
447.0,167.0,7.0,12.0
447.0,168.0,7.0,13.0
447.0,168.0,7.0,13.0
447.0,168.0,7.0,13.0
448.0,168.0,7.0,14.0
448.0,169.0,7.0,14.0
449.0,170.0,7.0,15.0
449.0,171.0,7.0,16.0
450.0,171.0,7.0,17.0
450.0,172.0,7.0,17.0
450.0,172.0,7.0,17.0
451.0,173.0,7.0,17.0
451.0,174.0,7.0,18.0
451.0,174.0,7.0,18.0
452.0,175.0,7.0,19.0
452.0,176.0,7.0,19.0
452.0,177.0,8.0,19.0
452.0,177.0,8.0,19.0
452.0,177.0,8.0,20.0
453.0,177.0,8.0,20.0
453.0,178.0,8.0,20.0
453.0,179.0,8.0,20.0
453.0,179.0,8.0,20.0
453.0,180.0,7.0,20.0
453.0,180.0,7.0,21.0
454.0,181.0,8.0,21.0
454.0,181.0,8.0,21.0
454.0,182.0,8.0,21.0
454.0,183.0,8.0,21.0
454.0,183.0,9.0,21.0
454.0,184.0,9.0,21.0
455.0,185.0,8.0,21.0
455.0,186.0,8.0,21.0
455.0,186.0,9.0,21.0
455.0,186.0,9.0,21.0
455.0,186.0,9.0,22.0
455.0,187.0,9.0,22.0
455.0,189.0,9.0,22.0
455.0,189.0,8.0,22.0
455.0,189.0,9.0,22.0
455.0,190.0,9.0,22.0
455.0,190.0,9.0,22.0
455.0,192.0,9.0,22.0
455.0,192.0,9.0,22.0
455.0,193.0,9.0,23.0
454.0,194.0,9.0,23.0
454.0,194.0,9.0,24.0
454.0,195.0,9.0,24.0
453.0,195.0,9.0,24.0
453.0,195.0,9.0,24.0
453.0,196.0,9.0,24.0
453.0,197.0,9.0,24.0
452.0,198.0,9.0,24.0
452.0,198.0,10.0,24.0
451.0,199.0,9.0,24.0
451.0,199.0,9.0,23.0
451.0,200.0,9.0,23.0
450.0,201.0,9.0,24.0
450.0,201.0,9.0,24.0
449.0,202.0,9.0,24.0
448.0,202.0,9.0,24.0
447.0,203.0,9.0,25.0
447.0,203.0,10.0,25.0
447.0,204.0,9.0,25.0
446.0,204.0,9.0,24.0
446.0,205.0,9.0,24.0
444.0,206.0,9.0,25.0
444.0,206.0,9.0,25.0
442.0,207.0,9.0,25.0
441.0,207.0,9.0,25.0
441.0,208.0,9.0,25.0
441.0,208.0,9.0,25.0
