447.0,314.0,36.0,78.0
446.0,314.0,36.0,78.0
446.0,315.0,36.0,77.0
445.0,316.0,36.0,78.0
445.0,317.0,35.0,76.0
444.0,317.0,35.0,76.0
443.0,317.0,35.0,76.0
443.0,316.0,36.0,77.0
442.0,316.0,36.0,78.0
442.0,315.0,37.0,79.0
441.0,314.0,38.0,81.0
441.0,315.0,37.0,79.0
441.0,316.0,36.0,78.0
439.0,316.0,37.0,80.0
439.0,317.0,37.0,79.0
439.0,318.0,36.0,78.0
439.0,319.0,36.0,77.0
438.0,320.0,36.0,77.0
438.0,320.0,35.0,76.0
438.0,320.0,35.0,76.0
438.0,321.0,35.0,76.0
437.0,321.0,35.0,76.0
437.0,320.0,36.0,78.0
437.0,321.0,36.0,77.0
436.0,320.0,37.0,79.0
437.0,322.0,36.0,77.0
437.0,323.0,35.0,76.0
437.0,324.0,34.0,75.0
435.0,324.0,35.0,76.0
435.0,324.0,34.0,75.0
434.0,325.0,33.0,73.0
433.0,323.0,34.0,75.0
432.0,322.0,36.0,77.0
431.0,321.0,36.0,78.0
431.0,322.0,37.0,79.0
430.0,321.0,37.0,80.0
430.0,323.0,37.0,79.0
431.0,324.0,36.0,77.0
431.0,325.0,36.0,75.0
430.0,326.0,36.0,74.0
430.0,327.0,36.0,73.0
430.0,327.0,35.0,73.0
429.0,327.0,35.0,73.0
429.0,327.0,35.0,73.0
427.0,326.0,36.0,74.0
427.0,326.0,35.0,73.0
426.0,326.0,36.0,75.0
424.0,326.0,36.0,75.0
424.0,327.0,36.0,74.0
422.0,327.0,37.0,76.0
422.0,328.0,36.0,75.0
422.0,329.0,36.0,74.0
421.0,330.0,36.0,74.0
420.0,330.0,35.0,73.0
418.0,331.0,36.0,75.0
417.0,330.0,37.0,76.0
416.0,330.0,37.0,76.0
415.0,331.0,37.0,76.0
414.0,331.0,36.0,75.0
412.0,331.0,37.0,77.0
411.0,330.0,38.0,78.0
411.0,331.0,38.0,78.0
410.0,333.0,37.0,76.0
410.0,334.0,37.0,77.0
409.0,335.0,37.0,77.0
408.0,336.0,37.0,76.0
406.0,336.0,37.0,76.0
406.0,336.0,37.0,76.0
404.0,336.0,37.0,76.0
403.0,335.0,37.0,77.0
402.0,335.0,38.0,78.0
401.0,336.0,37.0,77.0
400.0,336.0,38.0,78.0
399.0,337.0,37.0,77.0
399.0,339.0,37.0,76.0
398.0,340.0,37.0,76.0
397.0,341.0,37.0,76.0
396.0,341.0,37.0,77.0
396.0,341.0,37.0,77.0
394.0,340.0,38.0,78.0
392.0,340.0,38.0,78.0
391.0,339.0,38.0,78.0
390.0,339.0,37.0,78.0
389.0,339.0,37.0,79.0
388.0,338.0,38.0,81.0
388.0,339.0,37.0,80.0
388.0,340.0,36.0,78.0
387.0,339.0,37.0,79.0
386.0,339.0,37.0,80.0
385.0,339.0,37.0,80.0
384.0,338.0,37.0,80.0
384.0,337.0,37.0,80.0
383.0,336.0,37.0,80.0
382.0,335.0,37.0,80.0
381.0,335.0,37.0,80.0
381.0,335.0,37.0,79.0
380.0,336.0,36.0,78.0
379.0,336.0,36.0,77.0
191.0,171.0,11.0,31.0
375.0,334.0,33.0,76.0
374.0,333.0,34.0,77.0
372.0,332.0,34.0,77.0
371.0,331.0,34.0,77.0
371.0,331.0,34.0,77.0
370.0,331.0,34.0,77.0
370.0,332.0,33.0,75.0
370.0,333.0,33.0,74.0
370.0,332.0,33.0,75.0
370.0,331.0,34.0,76.0
369.0,330.0,33.0,75.0
369.0,330.0,34.0,76.0
369.0,329.0,33.0,75.0
369.0,329.0,33.0,74.0
369.0,328.0,33.0,75.0
370.0,328.0,33.0,75.0
370.0,327.0,33.0,75.0
369.0,327.0,33.0,74.0
370.0,328.0,32.0,73.0
369.0,327.0,33.0,75.0
370.0,326.0,33.0,75.0
370.0,326.0,34.0,76.0
370.0,325.0,34.0,76.0
371.0,325.0,34.0,76.0
371.0,324.0,34.0,76.0
372.0,324.0,34.0,76.0
373.0,325.0,32.0,73.0
375.0,324.0,33.0,74.0
377.0,323.0,33.0,75.0
382.0,322.0,33.0,75.0
387.0,320.0,33.0,75.0
392.0,319.0,33.0,74.0
397.0,317.0,33.0,74.0
402.0,316.0,33.0,74.0
408.0,315.0,32.0,73.0
415.0,313.0,33.0,74.0
421.0,313.0,32.0,73.0
427.0,312.0,33.0,74.0
434.0,312.0,32.0,73.0
439.0,311.0,33.0,74.0
446.0,310.0,32.0,72.0
452.0,309.0,32.0,73.0
458.0,307.0,33.0,74.0
464.0,306.0,33.0,74.0
470.0,305.0,32.0,73.0
477.0,304.0,33.0,74.0
481.0,303.0,33.0,74.0
487.0,302.0,33.0,74.0
492.0,302.0,32.0,73.0
497.0,302.0,32.0,72.0
502.0,302.0,32.0,72.0
506.0,301.0,32.0,73.0
509.0,300.0,32.0,71.0
512.0,299.0,32.0,73.0
515.0,298.0,32.0,72.0
517.0,297.0,32.0,72.0
518.0,297.0,32.0,72.0
520.0,297.0,32.0,71.0
521.0,297.0,32.0,71.0
522.0,298.0,31.0,69.0
522.0,297.0,31.0,71.0
522.0,297.0,31.0,70.0
523.0,296.0,31.0,71.0
522.0,295.0,32.0,71.0
523.0,294.0,32.0,71.0
523.0,293.0,33.0,73.0
523.0,293.0,32.0,72.0
523.0,293.0,32.0,72.0
525.0,293.0,31.0,71.0
525.0,293.0,31.0,71.0
525.0,292.0,31.0,71.0
526.0,292.0,31.0,69.0
526.0,292.0,31.0,70.0
526.0,291.0,31.0,70.0
526.0,289.0,32.0,71.0
526.0,288.0,32.0,71.0
526.0,288.0,31.0,71.0
526.0,287.0,31.0,70.0
526.0,288.0,31.0,69.0
526.0,288.0,30.0,68.0
525.0,288.0,30.0,68.0
525.0,287.0,30.0,67.0
525.0,287.0,30.0,68.0
525.0,287.0,30.0,68.0
524.0,286.0,31.0,69.0
524.0,284.0,31.0,70.0
524.0,284.0,31.0,70.0
524.0,282.0,31.0,71.0
522.0,280.0,32.0,72.0
523.0,280.0,31.0,71.0
523.0,280.0,31.0,70.0
522.0,280.0,31.0,70.0
522.0,280.0,31.0,70.0
521.0,279.0,31.0,71.0
521.0,278.0,31.0,70.0
520.0,279.0,31.0,69.0
519.0,277.0,31.0,70.0
519.0,276.0,31.0,71.0
518.0,276.0,31.0,70.0
516.0,274.0,31.0,71.0
516.0,274.0,30.0,68.0
514.0,273.0,30.0,68.0
513.0,273.0,30.0,67.0
512.0,273.0,30.0,67.0
511.0,272.0,30.0,68.0
510.0,272.0,30.0,67.0
508.0,272.0,30.0,68.0
507.0,272.0,30.0,68.0
506.0,271.0,30.0,70.0
505.0,271.0,30.0,69.0
503.0,269.0,30.0,71.0
502.0,269.0,30.0,71.0
500.0,269.0,30.0,70.0
498.0,268.0,30.0,70.0
497.0,267.0,30.0,70.0
495.0,268.0,30.0,69.0
494.0,268.0,30.0,67.0
492.0,269.0,30.0,67.0
490.0,269.0,30.0,68.0
489.0,268.0,30.0,68.0
487.0,268.0,30.0,67.0
486.0,268.0,30.0,67.0
484.0,267.0,30.0,67.0
482.0,267.0,30.0,67.0
481.0,267.0,29.0,66.0
478.0,268.0,29.0,66.0
477.0,269.0,28.0,65.0
476.0,270.0,28.0,64.0
475.0,270.0,28.0,65.0
473.0,271.0,28.0,64.0
472.0,272.0,28.0,64.0
470.0,272.0,29.0,64.0
469.0,272.0,29.0,64.0
467.0,272.0,29.0,64.0
466.0,272.0,29.0,64.0
464.0,272.0,29.0,64.0
462.0,273.0,29.0,64.0
461.0,274.0,28.0,63.0
460.0,275.0,28.0,63.0
458.0,276.0,29.0,64.0
457.0,277.0,29.0,63.0
456.0,278.0,30.0,63.0
454.0,279.0,30.0,63.0
454.0,280.0,30.0,62.0
453.0,282.0,28.0,60.0
452.0,283.0,28.0,60.0
450.0,284.0,28.0,59.0
449.0,285.0,28.0,58.0
447.0,286.0,28.0,58.0
446.0,288.0,28.0,58.0
445.0,290.0,28.0,58.0
444.0,291.0,28.0,59.0
444.0,292.0,28.0,60.0
444.0,293.0,28.0,59.0
442.0,294.0,28.0,60.0
442.0,295.0,28.0,59.0
441.0,296.0,28.0,59.0
441.0,296.0,27.0,58.0
441.0,297.0,27.0,59.0
441.0,297.0,26.0,58.0
441.0,299.0,26.0,58.0
441.0,300.0,26.0,59.0
441.0,302.0,26.0,60.0
442.0,304.0,26.0,60.0
442.0,306.0,26.0,60.0
443.0,308.0,26.0,61.0
443.0,309.0,27.0,62.0
443.0,310.0,27.0,62.0
444.0,312.0,27.0,62.0
443.0,313.0,27.0,62.0
445.0,314.0,27.0,62.0
445.0,315.0,27.0,62.0
446.0,317.0,26.0,61.0
446.0,319.0,27.0,61.0
447.0,321.0,27.0,61.0
448.0,324.0,27.0,61.0
449.0,325.0,26.0,60.0
450.0,327.0,26.0,60.0
451.0,328.0,26.0,60.0
453.0,330.0,26.0,59.0
454.0,331.0,26.0,59.0
456.0,332.0,26.0,59.0
457.0,333.0,26.0,59.0
458.0,334.0,26.0,58.0
460.0,337.0,26.0,57.0
462.0,338.0,26.0,57.0
463.0,339.0,26.0,59.0
465.0,341.0,27.0,59.0
466.0,343.0,27.0,59.0
469.0,345.0,28.0,60.0
471.0,346.0,28.0,61.0
473.0,348.0,27.0,60.0
475.0,349.0,27.0,61.0
477.0,350.0,27.0,61.0
479.0,351.0,27.0,62.0
481.0,353.0,27.0,63.0
482.0,354.0,27.0,63.0
483.0,356.0,27.0,63.0
484.0,357.0,28.0,64.0
485.0,359.0,28.0,64.0
486.0,361.0,28.0,66.0
488.0,363.0,28.0,64.0
488.0,365.0,28.0,64.0
489.0,366.0,28.0,63.0
490.0,367.0,28.0,63.0
490.0,368.0,28.0,62.0
490.0,369.0,28.0,62.0
490.0,370.0,28.0,63.0
490.0,372.0,28.0,63.0
490.0,374.0,28.0,63.0
491.0,377.0,28.0,63.0
491.0,379.0,28.0,62.0
491.0,380.0,29.0,63.0
491.0,382.0,28.0,61.0
491.0,384.0,28.0,61.0
491.0,385.0,28.0,61.0
491.0,387.0,28.0,60.0
492.0,388.0,28.0,60.0
492.0,389.0,28.0,61.0
492.0,390.0,28.0,62.0
491.0,391.0,28.0,62.0
492.0,393.0,27.0,61.0
492.0,395.0,27.0,61.0
492.0,397.0,27.0,60.0
493.0,398.0,28.0,60.0
493.0,400.0,27.0,59.0
492.0,401.0,27.0,58.0
492.0,402.0,27.0,58.0
247.0,204.0,11.0,26.0
490.0,401.0,32.0,65.0
490.0,403.0,31.0,64.0
489.0,403.0,32.0,67.0
489.0,404.0,32.0,67.0
490.0,407.0,32.0,66.0
489.0,408.0,32.0,68.0
488.0,409.0,33.0,68.0
488.0,410.0,32.0,66.0
488.0,411.0,32.0,64.0
488.0,412.0,32.0,64.0
488.0,414.0,31.0,64.0
488.0,415.0,31.0,63.0
488.0,418.0,30.0,62.0
488.0,418.0,29.0,62.0
488.0,420.0,29.0,62.0
488.0,421.0,29.0,62.0
488.0,423.0,29.0,62.0
487.0,424.0,29.0,63.0
488.0,426.0,29.0,62.0
488.0,427.0,29.0,61.0
488.0,429.0,29.0,60.0
488.0,429.0,29.0,60.0
487.0,429.0,29.0,61.0
487.0,430.0,28.0,61.0
487.0,430.0,28.0,60.0
487.0,430.0,28.0,60.0
488.0,431.0,27.0,59.0
488.0,433.0,27.0,58.0
489.0,434.0,27.0,59.0
489.0,435.0,28.0,60.0
489.0,436.0,28.0,59.0
489.0,438.0,28.0,57.0
490.0,439.0,27.0,55.0
490.0,440.0,27.0,56.0
491.0,441.0,27.0,57.0
491.0,440.0,28.0,59.0
491.0,440.0,28.0,60.0
491.0,441.0,28.0,60.0
492.0,441.0,28.0,61.0
492.0,443.0,28.0,61.0
492.0,444.0,28.0,61.0
492.0,446.0,28.0,61.0
493.0,447.0,28.0,60.0
494.0,448.0,28.0,59.0
495.0,449.0,27.0,57.0
495.0,450.0,28.0,59.0
495.0,449.0,28.0,61.0
495.0,449.0,28.0,61.0
494.0,449.0,28.0,62.0
494.0,449.0,29.0,62.0
494.0,450.0,29.0,62.0
495.0,451.0,28.0,62.0
494.0,452.0,28.0,61.0
494.0,454.0,28.0,61.0
494.0,455.0,28.0,60.0
494.0,456.0,28.0,59.0
493.0,456.0,28.0,58.0
493.0,456.0,28.0,60.0
493.0,456.0,28.0,61.0
493.0,456.0,28.0,62.0
492.0,457.0,28.0,63.0
492.0,458.0,28.0,63.0
491.0,458.0,29.0,64.0
491.0,459.0,29.0,63.0
491.0,460.0,29.0,63.0
491.0,461.0,29.0,62.0
491.0,463.0,29.0,61.0
491.0,464.0,29.0,60.0
490.0,464.0,29.0,59.0
489.0,464.0,29.0,60.0
488.0,464.0,29.0,60.0
485.0,464.0,29.0,61.0
485.0,464.0,29.0,62.0
484.0,465.0,29.0,61.0
483.0,465.0,29.0,61.0
483.0,466.0,29.0,61.0
482.0,467.0,29.0,60.0
482.0,468.0,29.0,59.0
482.0,468.0,28.0,58.0
481.0,469.0,29.0,58.0
481.0,469.0,29.0,57.0
480.0,469.0,29.0,58.0
479.0,469.0,29.0,59.0
479.0,469.0,29.0,60.0
478.0,469.0,29.0,60.0
478.0,469.0,29.0,60.0
477.0,470.0,29.0,60.0
478.0,470.0,29.0,60.0
477.0,471.0,29.0,60.0
478.0,471.0,29.0,59.0
478.0,472.0,28.0,58.0
477.0,472.0,28.0,57.0
477.0,471.0,29.0,58.0
477.0,471.0,29.0,59.0
477.0,470.0,29.0,61.0
477.0,470.0,29.0,62.0
478.0,471.0,29.0,61.0
480.0,471.0,29.0,62.0
480.0,472.0,29.0,62.0
482.0,472.0,29.0,60.0
483.0,473.0,29.0,59.0
484.0,473.0,28.0,57.0
486.0,473.0,28.0,58.0
487.0,472.0,29.0,59.0
488.0,471.0,29.0,59.0
490.0,471.0,29.0,61.0
491.0,471.0,29.0,61.0
493.0,471.0,29.0,62.0
494.0,471.0,29.0,62.0
495.0,471.0,29.0,62.0
249.0,237.0,12.0,31.0
493.0,469.0,33.0,66.0
495.0,470.0,32.0,63.0
497.0,470.0,33.0,64.0
498.0,470.0,33.0,63.0
499.0,469.0,33.0,64.0
500.0,469.0,33.0,63.0
500.0,468.0,33.0,64.0
499.0,467.0,33.0,64.0
500.0,467.0,33.0,64.0
500.0,466.0,33.0,64.0
500.0,465.0,34.0,65.0
501.0,465.0,33.0,65.0
501.0,466.0,33.0,64.0
501.0,466.0,34.0,65.0
501.0,466.0,33.0,64.0
500.0,467.0,33.0,64.0
502.0,467.0,32.0,61.0
501.0,467.0,32.0,60.0
501.0,467.0,32.0,61.0
500.0,468.0,32.0,61.0
498.0,467.0,32.0,63.0
497.0,467.0,32.0,62.0
496.0,467.0,32.0,63.0
495.0,467.0,32.0,63.0
494.0,466.0,33.0,64.0
493.0,466.0,32.0,63.0
493.0,467.0,32.0,63.0
491.0,466.0,32.0,62.0
489.0,465.0,33.0,63.0
488.0,464.0,32.0,61.0
485.0,462.0,33.0,63.0
484.0,461.0,32.0,62.0
482.0,459.0,33.0,64.0
479.0,458.0,33.0,65.0
478.0,457.0,34.0,66.0
477.0,456.0,33.0,66.0
477.0,457.0,33.0,66.0
476.0,456.0,34.0,67.0
475.0,456.0,33.0,66.0
475.0,456.0,33.0,65.0
474.0,457.0,34.0,64.0
473.0,456.0,34.0,63.0
472.0,455.0,35.0,65.0
471.0,454.0,35.0,64.0
470.0,452.0,35.0,64.0
469.0,452.0,34.0,64.0
468.0,451.0,35.0,66.0
467.0,450.0,35.0,67.0
468.0,450.0,34.0,66.0
468.0,450.0,34.0,66.0
469.0,449.0,34.0,66.0
470.0,449.0,33.0,64.0
469.0,449.0,33.0,63.0
471.0,449.0,32.0,60.0
470.0,448.0,32.0,60.0
471.0,445.0,32.0,60.0
471.0,444.0,32.0,61.0
472.0,442.0,32.0,62.0
472.0,441.0,32.0,64.0
472.0,439.0,32.0,66.0
474.0,439.0,31.0,65.0
476.0,439.0,31.0,64.0
478.0,440.0,29.0,62.0
479.0,439.0,30.0,61.0
480.0,438.0,31.0,60.0
482.0,437.0,31.0,58.0
483.0,436.0,31.0,59.0
483.0,435.0,31.0,61.0
484.0,434.0,31.0,62.0
485.0,433.0,31.0,62.0
485.0,432.0,31.0,62.0
486.0,432.0,31.0,63.0
486.0,431.0,32.0,62.0
487.0,431.0,32.0,61.0
488.0,431.0,31.0,59.0
487.0,430.0,32.0,59.0
487.0,428.0,33.0,60.0
487.0,427.0,32.0,58.0
488.0,425.0,32.0,59.0
487.0,424.0,32.0,60.0
487.0,422.0,32.0,61.0
487.0,421.0,32.0,62.0
488.0,420.0,31.0,62.0
488.0,420.0,31.0,63.0
488.0,419.0,32.0,63.0
488.0,418.0,32.0,63.0
489.0,418.0,31.0,61.0
490.0,417.0,31.0,61.0
490.0,416.0,31.0,60.0
490.0,415.0,32.0,60.0
490.0,413.0,32.0,61.0
490.0,411.0,33.0,63.0
490.0,410.0,33.0,62.0
490.0,410.0,33.0,62.0
491.0,410.0,32.0,62.0
491.0,410.0,32.0,62.0
491.0,409.0,32.0,61.0
490.0,408.0,32.0,60.0
491.0,407.0,32.0,58.0
490.0,405.0,32.0,59.0
490.0,402.0,32.0,59.0
490.0,400.0,32.0,60.0
491.0,399.0,32.0,61.0
490.0,398.0,32.0,61.0
491.0,397.0,32.0,61.0
492.0,396.0,32.0,61.0
492.0,395.0,31.0,61.0
493.0,395.0,30.0,60.0
493.0,394.0,30.0,59.0
493.0,394.0,30.0,59.0
493.0,392.0,31.0,58.0
494.0,393.0,31.0,57.0
494.0,392.0,31.0,56.0
495.0,391.0,31.0,56.0
495.0,390.0,31.0,56.0
496.0,388.0,32.0,57.0
498.0,388.0,31.0,56.0
499.0,387.0,31.0,58.0
500.0,387.0,30.0,58.0
502.0,386.0,29.0,59.0
504.0,384.0,30.0,57.0
506.0,383.0,30.0,56.0
508.0,381.0,31.0,56.0
510.0,379.0,31.0,57.0
513.0,377.0,31.0,57.0
516.0,374.0,31.0,59.0
520.0,373.0,31.0,59.0
524.0,371.0,31.0,60.0
528.0,370.0,31.0,61.0
532.0,369.0,31.0,60.0
539.0,368.0,32.0,60.0
543.0,367.0,32.0,59.0
548.0,366.0,32.0,60.0
553.0,365.0,33.0,61.0
559.0,364.0,32.0,59.0
565.0,362.0,32.0,59.0
570.0,361.0,31.0,57.0
576.0,359.0,31.0,58.0
581.0,356.0,32.0,61.0
586.0,358.0,32.0,61.0
592.0,357.0,31.0,61.0
597.0,356.0,31.0,61.0
603.0,355.0,31.0,62.0
608.0,354.0,30.0,61.0
613.0,353.0,31.0,61.0
620.0,352.0,30.0,57.0
624.0,351.0,31.0,56.0
628.0,349.0,31.0,57.0
632.0,347.0,31.0,57.0
635.0,346.0,31.0,58.0
640.0,345.0,31.0,58.0
643.0,344.0,32.0,60.0
646.0,344.0,31.0,59.0
649.0,343.0,32.0,60.0
651.0,342.0,32.0,59.0
654.0,341.0,32.0,60.0
655.0,340.0,32.0,60.0
657.0,339.0,32.0,60.0
659.0,338.0,32.0,60.0
659.0,336.0,32.0,60.0
661.0,335.0,32.0,59.0
661.0,334.0,32.0,59.0
661.0,333.0,33.0,60.0
661.0,333.0,32.0,60.0
661.0,333.0,32.0,60.0
661.0,333.0,32.0,60.0
661.0,333.0,32.0,60.0
661.0,333.0,31.0,59.0
661.0,332.0,32.0,60.0
661.0,330.0,32.0,59.0
660.0,329.0,33.0,59.0
661.0,327.0,32.0,60.0
661.0,326.0,32.0,61.0
662.0,325.0,32.0,62.0
663.0,325.0,32.0,62.0
664.0,324.0,32.0,63.0
666.0,324.0,32.0,63.0
668.0,325.0,32.0,62.0
672.0,325.0,31.0,62.0
674.0,325.0,32.0,63.0
678.0,324.0,31.0,62.0
682.0,323.0,31.0,61.0
685.0,322.0,32.0,62.0
689.0,321.0,31.0,61.0
692.0,322.0,31.0,60.0
697.0,321.0,31.0,60.0
700.0,321.0,31.0,60.0
704.0,322.0,31.0,61.0
708.0,322.0,31.0,61.0
711.0,322.0,31.0,61.0
716.0,323.0,31.0,61.0
719.0,322.0,31.0,61.0
722.0,321.0,31.0,61.0
724.0,320.0,32.0,63.0
727.0,319.0,31.0,63.0
729.0,318.0,32.0,63.0
732.0,318.0,31.0,62.0
734.0,318.0,31.0,62.0
736.0,318.0,31.0,62.0
739.0,320.0,31.0,62.0
741.0,321.0,31.0,62.0
744.0,321.0,32.0,63.0
745.0,320.0,33.0,64.0
748.0,320.0,32.0,63.0
750.0,320.0,32.0,63.0
753.0,319.0,32.0,63.0
755.0,319.0,32.0,63.0
757.0,318.0,33.0,64.0
758.0,318.0,32.0,63.0
760.0,317.0,32.0,63.0
763.0,319.0,31.0,63.0
765.0,320.0,31.0,63.0
768.0,321.0,31.0,63.0
769.0,321.0,31.0,63.0
772.0,321.0,32.0,64.0
773.0,320.0,32.0,64.0
776.0,319.0,33.0,65.0
778.0,319.0,31.0,63.0
780.0,318.0,32.0,64.0
781.0,317.0,32.0,64.0
784.0,317.0,33.0,65.0
786.0,317.0,33.0,65.0
788.0,318.0,32.0,64.0
789.0,319.0,32.0,64.0
792.0,320.0,32.0,63.0
794.0,320.0,33.0,65.0
797.0,320.0,33.0,65.0
799.0,319.0,34.0,67.0
801.0,318.0,34.0,68.0
803.0,318.0,34.0,68.0
807.0,317.0,34.0,67.0
808.0,317.0,34.0,67.0
810.0,317.0,33.0,65.0
812.0,318.0,33.0,65.0
814.0,318.0,34.0,67.0
817.0,319.0,33.0,66.0
819.0,320.0,33.0,67.0
822.0,319.0,33.0,67.0
824.0,318.0,34.0,68.0
826.0,317.0,34.0,68.0
829.0,317.0,34.0,68.0
831.0,316.0,34.0,68.0
833.0,315.0,35.0,70.0
834.0,315.0,35.0,70.0
836.0,316.0,34.0,68.0
839.0,316.0,34.0,68.0
840.0,317.0,34.0,69.0
842.0,317.0,35.0,70.0
843.0,317.0,35.0,70.0
845.0,317.0,34.0,68.0
846.0,317.0,34.0,68.0
847.0,316.0,34.0,68.0
848.0,315.0,34.0,69.0
850.0,315.0,33.0,67.0
851.0,314.0,33.0,67.0
852.0,315.0,33.0,66.0
853.0,315.0,33.0,66.0
855.0,315.0,33.0,66.0
856.0,315.0,33.0,66.0
858.0,316.0,33.0,66.0
860.0,316.0,33.0,66.0
862.0,315.0,33.0,66.0
863.0,315.0,32.0,65.0
865.0,314.0,32.0,65.0
866.0,312.0,32.0,65.0
868.0,313.0,31.0,64.0
869.0,312.0,32.0,65.0
870.0,312.0,32.0,65.0
872.0,312.0,32.0,65.0
874.0,312.0,32.0,65.0
875.0,312.0,32.0,65.0
878.0,313.0,32.0,64.0
880.0,313.0,32.0,65.0
881.0,313.0,31.0,64.0
882.0,311.0,33.0,65.0
884.0,311.0,32.0,64.0
885.0,311.0,32.0,64.0
886.0,311.0,32.0,65.0
887.0,310.0,32.0,65.0
888.0,310.0,32.0,65.0
889.0,311.0,31.0,64.0
890.0,311.0,32.0,65.0
890.0,311.0,32.0,65.0
891.0,311.0,33.0,66.0
891.0,310.0,32.0,65.0
892.0,309.0,32.0,64.0
891.0,306.0,33.0,65.0
890.0,305.0,34.0,66.0
889.0,304.0,34.0,66.0
888.0,303.0,33.0,66.0
887.0,303.0,33.0,66.0
886.0,303.0,32.0,64.0
885.0,303.0,32.0,66.0
884.0,303.0,31.0,65.0
883.0,302.0,31.0,65.0
880.0,301.0,31.0,65.0
879.0,300.0,31.0,65.0
876.0,298.0,31.0,64.0
875.0,297.0,31.0,64.0
873.0,295.0,31.0,65.0
871.0,295.0,31.0,63.0
867.0,294.0,31.0,63.0
864.0,294.0,32.0,62.0
863.0,294.0,32.0,62.0
862.0,295.0,30.0,61.0
860.0,295.0,31.0,62.0
857.0,292.0,32.0,64.0
856.0,291.0,31.0,63.0
853.0,289.0,32.0,64.0
851.0,288.0,32.0,65.0
850.0,287.0,31.0,63.0
849.0,287.0,31.0,64.0
848.0,286.0,32.0,65.0
848.0,285.0,33.0,66.0
848.0,285.0,32.0,65.0
847.0,284.0,33.0,66.0
847.0,284.0,33.0,67.0
848.0,284.0,31.0,65.0
848.0,283.0,31.0,66.0
849.0,282.0,31.0,65.0
850.0,281.0,31.0,65.0
850.0,280.0,31.0,65.0
851.0,280.0,30.0,64.0
852.0,279.0,31.0,64.0
853.0,279.0,30.0,64.0
854.0,279.0,30.0,64.0
856.0,279.0,29.0,64.0
856.0,279.0,30.0,64.0
858.0,279.0,29.0,64.0
859.0,279.0,29.0,63.0
860.0,277.0,30.0,64.0
860.0,276.0,31.0,65.0
861.0,275.0,31.0,65.0
434.0,140.0,11.0,31.0
862.0,275.0,32.0,70.0
862.0,274.0,33.0,71.0
863.0,275.0,33.0,71.0
864.0,275.0,32.0,71.0
864.0,275.0,32.0,70.0
864.0,275.0,32.0,71.0
864.0,275.0,32.0,70.0
864.0,274.0,32.0,70.0
864.0,273.0,32.0,70.0
864.0,273.0,32.0,69.0
864.0,271.0,33.0,71.0
864.0,270.0,32.0,68.0
864.0,270.0,32.0,68.0
864.0,270.0,32.0,67.0
863.0,270.0,32.0,67.0
863.0,269.0,32.0,68.0
863.0,268.0,32.0,69.0
862.0,268.0,32.0,68.0
861.0,267.0,33.0,70.0
861.0,266.0,33.0,71.0
860.0,264.0,33.0,72.0
860.0,264.0,33.0,72.0
859.0,262.0,34.0,73.0
859.0,262.0,33.0,72.0
859.0,262.0,33.0,72.0
858.0,262.0,33.0,72.0
857.0,263.0,32.0,70.0
857.0,263.0,32.0,69.0
857.0,263.0,32.0,68.0
856.0,261.0,33.0,69.0
857.0,260.0,32.0,69.0
857.0,259.0,32.0,68.0
857.0,257.0,33.0,69.0
856.0,257.0,33.0,69.0
856.0,256.0,33.0,69.0
857.0,257.0,32.0,68.0
857.0,257.0,31.0,67.0
857.0,257.0,31.0,67.0
857.0,257.0,31.0,67.0
857.0,257.0,32.0,68.0
857.0,256.0,32.0,69.0
858.0,255.0,32.0,68.0
858.0,253.0,33.0,69.0
859.0,252.0,33.0,71.0
860.0,252.0,33.0,71.0
860.0,251.0,34.0,72.0
860.0,251.0,34.0,72.0
861.0,251.0,33.0,71.0
861.0,252.0,33.0,71.0
862.0,252.0,33.0,71.0
863.0,251.0,33.0,71.0
864.0,251.0,33.0,70.0
864.0,250.0,33.0,71.0
865.0,249.0,33.0,71.0
866.0,249.0,33.0,70.0
865.0,247.0,34.0,72.0
867.0,248.0,33.0,69.0
868.0,248.0,33.0,69.0
869.0,248.0,32.0,69.0
870.0,249.0,32.0,68.0
870.0,249.0,32.0,69.0
870.0,249.0,32.0,69.0
871.0,249.0,32.0,69.0
871.0,249.0,32.0,68.0
871.0,248.0,33.0,69.0
872.0,246.0,33.0,71.0
872.0,245.0,34.0,72.0
873.0,245.0,33.0,70.0
873.0,245.0,33.0,70.0
873.0,245.0,33.0,70.0
872.0,246.0,33.0,69.0
873.0,246.0,32.0,69.0
873.0,246.0,31.0,67.0
873.0,246.0,32.0,68.0
873.0,245.0,32.0,69.0
873.0,245.0,31.0,67.0
873.0,244.0,32.0,68.0
873.0,244.0,32.0,68.0
872.0,243.0,32.0,69.0
872.0,243.0,31.0,67.0
872.0,243.0,31.0,66.0
872.0,244.0,31.0,66.0
871.0,245.0,30.0,65.0
870.0,245.0,31.0,66.0
870.0,244.0,31.0,66.0
869.0,243.0,32.0,68.0
866.0,242.0,33.0,69.0
865.0,241.0,33.0,69.0
863.0,240.0,33.0,70.0
861.0,239.0,33.0,70.0
859.0,238.0,33.0,70.0
857.0,238.0,33.0,70.0
856.0,239.0,33.0,69.0
855.0,239.0,33.0,70.0
853.0,240.0,33.0,69.0
851.0,239.0,33.0,69.0
849.0,239.0,32.0,69.0
848.0,238.0,32.0,69.0
846.0,238.0,32.0,69.0
845.0,238.0,32.0,68.0
843.0,237.0,33.0,69.0
841.0,236.0,33.0,69.0
839.0,235.0,33.0,70.0
837.0,235.0,33.0,70.0
836.0,236.0,33.0,69.0
835.0,236.0,32.0,69.0
833.0,237.0,32.0,68.0
833.0,238.0,31.0,66.0
831.0,238.0,32.0,68.0
830.0,237.0,32.0,67.0
829.0,236.0,32.0,68.0
827.0,234.0,33.0,70.0
826.0,233.0,33.0,70.0
827.0,233.0,33.0,70.0
826.0,233.0,33.0,70.0
827.0,233.0,32.0,69.0
826.0,234.0,32.0,69.0
826.0,235.0,32.0,68.0
827.0,236.0,31.0,67.0
827.0,236.0,32.0,68.0
827.0,234.0,32.0,69.0
828.0,234.0,32.0,68.0
829.0,234.0,32.0,69.0
829.0,233.0,33.0,69.0
830.0,233.0,33.0,70.0
831.0,233.0,32.0,69.0
831.0,234.0,32.0,68.0
832.0,234.0,32.0,69.0
832.0,235.0,32.0,68.0
833.0,235.0,32.0,68.0
833.0,236.0,32.0,69.0
834.0,236.0,32.0,69.0
835.0,235.0,32.0,69.0
836.0,234.0,33.0,69.0
836.0,234.0,33.0,71.0
836.0,234.0,33.0,71.0
837.0,234.0,33.0,72.0
837.0,234.0,33.0,72.0
837.0,235.0,33.0,72.0
837.0,236.0,33.0,71.0
837.0,237.0,32.0,69.0
837.0,237.0,32.0,70.0
836.0,237.0,32.0,70.0
836.0,237.0,32.0,69.0
835.0,236.0,32.0,70.0
833.0,236.0,32.0,69.0
833.0,235.0,32.0,70.0
831.0,235.0,33.0,71.0
831.0,235.0,32.0,69.0
830.0,236.0,31.0,68.0
829.0,236.0,31.0,68.0
827.0,237.0,31.0,68.0
826.0,238.0,31.0,67.0
825.0,238.0,31.0,66.0
823.0,238.0,32.0,66.0
822.0,237.0,32.0,67.0
819.0,237.0,32.0,68.0
818.0,236.0,33.0,69.0
817.0,235.0,33.0,70.0
816.0,236.0,32.0,69.0
814.0,236.0,32.0,69.0
813.0,237.0,31.0,67.0
813.0,238.0,31.0,67.0
811.0,238.0,31.0,67.0
810.0,238.0,31.0,67.0
809.0,239.0,31.0,66.0
808.0,239.0,31.0,66.0
807.0,238.0,32.0,68.0
805.0,238.0,32.0,68.0
804.0,238.0,32.0,68.0
803.0,238.0,31.0,67.0
801.0,238.0,32.0,68.0
800.0,239.0,31.0,67.0
800.0,240.0,31.0,65.0
798.0,241.0,30.0,64.0
798.0,242.0,31.0,64.0
797.0,242.0,31.0,65.0
796.0,241.0,31.0,66.0
795.0,241.0,32.0,68.0
794.0,240.0,32.0,69.0
795.0,240.0,31.0,67.0
794.0,240.0,32.0,68.0
794.0,240.0,32.0,68.0
794.0,241.0,31.0,67.0
794.0,241.0,31.0,66.0
795.0,242.0,31.0,67.0
795.0,244.0,31.0,66.0
795.0,245.0,31.0,66.0
795.0,245.0,31.0,66.0
795.0,245.0,30.0,65.0
795.0,245.0,31.0,66.0
796.0,244.0,31.0,66.0
796.0,244.0,31.0,66.0
796.0,243.0,31.0,66.0
