409.0,440.0,64.0,139.0
445.0,427.0,61.0,132.0
480.0,412.0,61.0,132.0
514.0,401.0,58.0,124.0
547.0,393.0,57.0,123.0
578.0,385.0,57.0,123.0
608.0,376.0,58.0,126.0
633.0,371.0,59.0,126.0
657.0,370.0,59.0,123.0
678.0,364.0,61.0,126.0
698.0,362.0,61.0,124.0
718.0,359.0,62.0,122.0
736.0,357.0,62.0,120.0
753.0,354.0,63.0,121.0
770.0,352.0,64.0,120.0
786.0,350.0,64.0,119.0
797.0,346.0,66.0,121.0
805.0,342.0,68.0,125.0
813.0,340.0,70.0,126.0
818.0,337.0,70.0,124.0
821.0,334.0,72.0,126.0
825.0,331.0,73.0,127.0
831.0,329.0,71.0,121.0
835.0,324.0,70.0,122.0
839.0,319.0,69.0,119.0
839.0,314.0,70.0,119.0
837.0,309.0,71.0,118.0
834.0,303.0,73.0,119.0
827.0,296.0,74.0,121.0
819.0,290.0,75.0,123.0
811.0,285.0,76.0,124.0
800.0,280.0,75.0,120.0
791.0,274.0,75.0,120.0
779.0,268.0,74.0,118.0
770.0,261.0,72.0,119.0
760.0,255.0,67.0,117.0
749.0,247.0,65.0,118.0
735.0,239.0,66.0,121.0
721.0,232.0,68.0,125.0
707.0,225.0,69.0,127.0
695.0,222.0,68.0,124.0
683.0,217.0,68.0,125.0
672.0,214.0,67.0,123.0
661.0,209.0,66.0,122.0
651.0,206.0,66.0,122.0
642.0,200.0,66.0,122.0
637.0,198.0,61.0,118.0
633.0,193.0,57.0,117.0
630.0,189.0,53.0,114.0
625.0,185.0,53.0,114.0
619.0,180.0,55.0,116.0
614.0,177.0,56.0,117.0
611.0,173.0,58.0,118.0
609.0,170.0,61.0,118.0
606.0,166.0,63.0,120.0
606.0,164.0,63.0,120.0
606.0,160.0,61.0,117.0
606.0,158.0,61.0,117.0
608.0,154.0,59.0,116.0
612.0,151.0,56.0,113.0
615.0,147.0,54.0,112.0
618.0,143.0,54.0,112.0
619.0,138.0,55.0,113.0
622.0,135.0,57.0,115.0
623.0,131.0,57.0,116.0
627.0,128.0,57.0,117.0
629.0,125.0,58.0,118.0
632.0,122.0,58.0,119.0
633.0,118.0,58.0,119.0
637.0,115.0,57.0,119.0
640.0,112.0,56.0,119.0
644.0,108.0,55.0,119.0
650.0,107.0,53.0,117.0
651.0,104.0,55.0,117.0
653.0,101.0,57.0,116.0
654.0,98.0,60.0,117.0
656.0,96.0,62.0,118.0
657.0,95.0,65.0,118.0
658.0,94.0,67.0,118.0
661.0,94.0,67.0,116.0
663.0,95.0,67.0,113.0
666.0,95.0,67.0,112.0
672.0,95.0,64.0,111.0
678.0,95.0,60.0,110.0
685.0,96.0,57.0,108.0
687.0,96.0,58.0,109.0
690.0,97.0,59.0,109.0
692.0,99.0,59.0,108.0
694.0,101.0,60.0,107.0
694.0,104.0,62.0,106.0
694.0,105.0,63.0,105.0
697.0,109.0,59.0,103.0
698.0,111.0,56.0,102.0
698.0,114.0,53.0,99.0
695.0,117.0,55.0,103.0
689.0,118.0,56.0,105.0
684.0,122.0,58.0,107.0
677.0,127.0,61.0,107.0
670.0,132.0,65.0,108.0
663.0,137.0,69.0,108.0
657.0,143.0,66.0,107.0
651.0,148.0,64.0,105.0
645.0,155.0,61.0,102.0
639.0,160.0,59.0,101.0
633.0,167.0,56.0,100.0
628.0,173.0,54.0,99.0
619.0,182.0,57.0,101.0
611.0,189.0,60.0,102.0
603.0,198.0,62.0,102.0
594.0,208.0,63.0,103.0
586.0,218.0,64.0,103.0
577.0,228.0,64.0,102.0
568.0,239.0,65.0,100.0
556.0,249.0,65.0,97.0
547.0,260.0,65.0,94.0
536.0,271.0,67.0,97.0
525.0,282.0,69.0,100.0
514.0,293.0,71.0,105.0
504.0,305.0,70.0,110.0
496.0,318.0,69.0,113.0
488.0,331.0,68.0,116.0
481.0,343.0,67.0,114.0
475.0,356.0,66.0,111.0
470.0,368.0,64.0,108.0
464.0,380.0,65.0,106.0
458.0,391.0,66.0,104.0
453.0,404.0,67.0,102.0
447.0,416.0,67.0,109.0
443.0,428.0,67.0,117.0
437.0,440.0,68.0,125.0
433.0,453.0,67.0,127.0
430.0,465.0,66.0,130.0
425.0,477.0,64.0,132.0
423.0,489.0,65.0,128.0
420.0,502.0,66.0,123.0
417.0,515.0,67.0,117.0
415.0,525.0,69.0,117.0
413.0,537.0,71.0,116.0
411.0,547.0,73.0,116.0
411.0,557.0,72.0,123.0
410.0,566.0,72.0,130.0
410.0,577.0,71.0,137.0
411.0,588.0,72.0,134.0
411.0,600.0,73.0,130.0
413.0,611.0,74.0,127.0
416.0,621.0,73.0,122.0
421.0,629.0,72.0,118.0
425.0,637.0,70.0,113.0
430.0,640.0,69.0,112.0
436.0,644.0,69.0,111.0
442.0,645.0,68.0,110.0
448.0,647.0,69.0,108.0
454.0,650.0,71.0,106.0
460.0,652.0,72.0,104.0
467.0,656.0,75.0,100.0
474.0,659.0,77.0,96.0
481.0,662.0,80.0,93.0
492.0,665.0,79.0,90.0
497.0,667.0,78.0,88.0
507.0,670.0,78.0,86.0
514.0,669.0,78.0,86.0
522.0,669.0,78.0,87.0
530.0,669.0,79.0,87.0
539.0,668.0,80.0,88.0
548.0,667.0,81.0,88.0
558.0,666.0,83.0,88.0
569.0,666.0,81.0,89.0
582.0,665.0,79.0,90.0
593.0,660.0,78.0,91.0
607.0,653.0,75.0,95.0
621.0,646.0,73.0,99.0
634.0,638.0,70.0,103.0
642.0,630.0,75.0,108.0
651.0,622.0,79.0,114.0
658.0,615.0,82.0,117.0
667.0,610.0,84.0,120.0
676.0,604.0,86.0,122.0
685.0,599.0,87.0,123.0
695.0,594.0,88.0,123.0
705.0,590.0,88.0,122.0
716.0,585.0,89.0,121.0
728.0,578.0,86.0,118.0
741.0,572.0,84.0,114.0
753.0,565.0,82.0,112.0
759.0,560.0,83.0,114.0
766.0,554.0,84.0,118.0
772.0,549.0,86.0,120.0
781.0,545.0,85.0,121.0
789.0,540.0,84.0,123.0
797.0,535.0,84.0,124.0
807.0,532.0,82.0,121.0
817.0,527.0,81.0,119.0
827.0,523.0,79.0,117.0
837.0,517.0,79.0,115.0
846.0,512.0,77.0,113.0
855.0,507.0,77.0,111.0
860.0,502.0,82.0,115.0
865.0,498.0,86.0,120.0
869.0,495.0,90.0,123.0
875.0,493.0,93.0,125.0
881.0,492.0,95.0,126.0
886.0,490.0,96.0,128.0
894.0,488.0,93.0,126.0
902.0,485.0,91.0,126.0
910.0,482.0,89.0,126.0
914.0,477.0,89.0,124.0
919.0,474.0,89.0,123.0
923.0,470.0,89.0,122.0
921.0,465.0,92.0,125.0
920.0,461.0,94.0,128.0
918.0,457.0,96.0,132.0
917.0,454.0,97.0,133.0
915.0,450.0,98.0,134.0
914.0,447.0,98.0,133.0
915.0,444.0,96.0,132.0
917.0,439.0,94.0,130.0
917.0,434.0,92.0,130.0
451.0,227.0,53.0,50.0
887.0,436.0,124.0,101.0
888.0,431.0,121.0,98.0
883.0,425.0,123.0,100.0
879.0,422.0,124.0,101.0
875.0,419.0,125.0,101.0
872.0,415.0,126.0,102.0
868.0,412.0,126.0,102.0
866.0,408.0,125.0,101.0
866.0,403.0,125.0,101.0
865.0,399.0,123.0,101.0
866.0,395.0,120.0,99.0
864.0,390.0,123.0,101.0
863.0,387.0,122.0,100.0
862.0,381.0,123.0,101.0
860.0,378.0,124.0,102.0
857.0,373.0,127.0,106.0
854.0,371.0,128.0,107.0
852.0,368.0,129.0,108.0
848.0,365.0,128.0,107.0
847.0,363.0,128.0,106.0
847.0,359.0,125.0,106.0
847.0,354.0,123.0,106.0
848.0,350.0,119.0,105.0
847.0,344.0,118.0,105.0
845.0,338.0,117.0,105.0
843.0,332.0,117.0,105.0
837.0,327.0,119.0,105.0
831.0,321.0,121.0,105.0
823.0,316.0,125.0,106.0
815.0,312.0,126.0,107.0
808.0,309.0,125.0,106.0
802.0,304.0,125.0,106.0
797.0,299.0,120.0,105.0
792.0,293.0,116.0,105.0
787.0,288.0,110.0,103.0
777.0,282.0,109.0,103.0
767.0,276.0,110.0,104.0
755.0,268.0,112.0,106.0
742.0,264.0,111.0,105.0
727.0,258.0,114.0,107.0
713.0,254.0,115.0,107.0
699.0,249.0,113.0,106.0
687.0,245.0,112.0,105.0
672.0,239.0,111.0,105.0
662.0,234.0,109.0,106.0
652.0,229.0,104.0,105.0
643.0,224.0,101.0,106.0
630.0,218.0,102.0,108.0
616.0,211.0,103.0,110.0
603.0,206.0,106.0,113.0
590.0,201.0,108.0,115.0
578.0,197.0,110.0,117.0
566.0,193.0,111.0,119.0
557.0,191.0,113.0,117.0
548.0,189.0,113.0,115.0
540.0,187.0,113.0,112.0
537.0,182.0,111.0,112.0
535.0,180.0,105.0,110.0
536.0,175.0,98.0,107.0
532.0,171.0,99.0,108.0
531.0,166.0,100.0,109.0
528.0,162.0,102.0,110.0
524.0,158.0,107.0,112.0
521.0,154.0,110.0,112.0
519.0,151.0,113.0,112.0
519.0,149.0,115.0,112.0
519.0,147.0,116.0,112.0
518.0,144.0,119.0,113.0
521.0,143.0,115.0,112.0
526.0,142.0,111.0,111.0
530.0,139.0,107.0,111.0
534.0,135.0,107.0,112.0
539.0,132.0,109.0,115.0
543.0,128.0,111.0,117.0
545.0,125.0,113.0,119.0
547.0,123.0,115.0,120.0
549.0,121.0,117.0,121.0
553.0,120.0,117.0,120.0
557.0,119.0,117.0,119.0
560.0,119.0,117.0,118.0
567.0,118.0,113.0,118.0
573.0,117.0,110.0,117.0
579.0,116.0,106.0,116.0
584.0,115.0,105.0,117.0
309.0,61.0,24.0,59.0
620.0,107.0,67.0,139.0
621.0,104.0,71.0,143.0
624.0,103.0,73.0,143.0
629.0,103.0,72.0,140.0
631.0,104.0,74.0,138.0
634.0,105.0,75.0,137.0
637.0,106.0,78.0,137.0
641.0,107.0,77.0,137.0
647.0,110.0,73.0,132.0
652.0,109.0,72.0,132.0
658.0,109.0,73.0,134.0
662.0,109.0,74.0,138.0
668.0,109.0,74.0,138.0
671.0,108.0,75.0,139.0
674.0,108.0,75.0,138.0
677.0,109.0,76.0,138.0
680.0,110.0,77.0,139.0
685.0,112.0,76.0,138.0
690.0,116.0,74.0,135.0
695.0,116.0,74.0,136.0
702.0,118.0,71.0,133.0
708.0,119.0,69.0,133.0
711.0,119.0,70.0,135.0
716.0,120.0,71.0,136.0
721.0,121.0,72.0,137.0
725.0,123.0,73.0,136.0
727.0,123.0,76.0,137.0
731.0,125.0,78.0,136.0
736.0,128.0,77.0,135.0
740.0,129.0,77.0,135.0
743.0,130.0,79.0,137.0
748.0,130.0,78.0,139.0
753.0,133.0,76.0,136.0
758.0,133.0,75.0,136.0
761.0,131.0,75.0,137.0
764.0,130.0,74.0,139.0
766.0,128.0,75.0,142.0
766.0,126.0,74.0,142.0
765.0,124.0,74.0,144.0
763.0,122.0,75.0,147.0
761.0,121.0,74.0,146.0
760.0,120.0,73.0,145.0
757.0,118.0,73.0,145.0
755.0,117.0,70.0,144.0
753.0,114.0,68.0,143.0
752.0,113.0,65.0,140.0
746.0,108.0,65.0,142.0
739.0,104.0,64.0,142.0
734.0,101.0,63.0,143.0
726.0,98.0,65.0,144.0
718.0,94.0,65.0,144.0
710.0,91.0,65.0,144.0
702.0,89.0,64.0,138.0
695.0,85.0,64.0,136.0
688.0,82.0,63.0,130.0
680.0,76.0,63.0,132.0
673.0,72.0,63.0,133.0
666.0,68.0,63.0,134.0
663.0,63.0,63.0,134.0
658.0,59.0,63.0,135.0
655.0,55.0,63.0,135.0
651.0,49.0,63.0,132.0
651.0,46.0,62.0,128.0
647.0,39.0,62.0,127.0
645.0,35.0,62.0,125.0
643.0,31.0,61.0,124.0
641.0,27.0,61.0,124.0
639.0,22.0,62.0,125.0
637.0,18.0,63.0,127.0
635.0,14.0,64.0,127.0
634.0,10.0,62.0,125.0
633.0,5.0,59.0,123.0
632.0,-1.0,58.0,122.0
629.0,-6.0,59.0,125.0
626.0,-11.0,61.0,127.0
623.0,-14.0,62.0,128.0
621.0,-15.0,61.0,124.0
620.0,-16.0,62.0,121.0
617.0,-19.0,61.0,117.0
615.0,-19.0,61.0,113.0
611.0,-24.0,61.0,109.0
609.0,-24.0,60.0,105.0
604.0,-28.0,61.0,106.0
601.0,-29.0,62.0,106.0
598.0,-30.0,63.0,106.0
595.0,-31.0,62.0,103.0
594.0,-31.0,59.0,98.0
591.0,-32.0,57.0,94.0
588.0,-32.0,56.0,94.0
585.0,-32.0,54.0,93.0
582.0,-32.0,52.0,92.0
579.0,-32.0,54.0,91.0
574.0,-32.0,56.0,90.0
571.0,-32.0,58.0,89.0
569.0,-32.0,56.0,86.0
563.0,-32.0,54.0,83.0
558.0,-32.0,53.0,80.0
552.0,-32.0,52.0,80.0
547.0,-32.0,51.0,80.0
545.0,-32.0,51.0,80.0
540.0,-32.0,51.0,81.0
540.0,-32.0,51.0,82.0
541.0,-32.0,52.0,83.0
542.0,-32.0,51.0,80.0
543.0,-32.0,51.0,77.0
547.0,-32.0,51.0,74.0
553.0,-32.0,49.0,75.0
559.0,-32.0,48.0,77.0
566.0,-32.0,47.0,78.0
571.0,-32.0,51.0,78.0
575.0,-32.0,56.0,79.0
287.0,0.0,24.0,15.0
292.0,0.0,23.0,12.0
297.0,0.0,22.0,10.0
302.0,0.0,21.0,8.0
310.0,0.0,20.0,10.0
318.0,0.0,19.0,12.0
326.0,0.0,19.0,15.0
333.0,0.0,17.0,17.0
341.0,0.0,15.0,19.0
349.0,0.0,14.0,21.0
355.0,0.0,15.0,19.0
361.0,0.0,17.0,17.0
368.0,0.0,19.0,16.0
373.0,0.0,17.0,18.0
377.0,0.0,15.0,20.0
382.0,0.0,14.0,23.0
385.0,0.0,15.0,26.0
388.0,0.0,15.0,30.0
391.0,0.0,16.0,33.0
391.0,0.0,17.0,32.0
391.0,0.0,19.0,30.0
391.0,0.0,20.0,29.0
393.0,0.0,19.0,29.0
395.0,0.0,19.0,30.0
397.0,0.0,18.0,31.0
399.0,0.0,19.0,35.0
401.0,0.0,20.0,39.0
404.0,0.0,21.0,43.0
405.0,0.0,22.0,44.0
406.0,0.0,23.0,46.0
407.0,0.0,23.0,47.0
408.0,0.0,23.0,46.0
410.0,0.0,22.0,45.0
411.0,0.0,22.0,44.0
413.0,0.0,20.0,47.0
415.0,0.0,19.0,49.0
416.0,0.0,17.0,52.0
417.0,0.0,18.0,53.0
417.0,0.0,18.0,55.0
418.0,0.0,19.0,56.0
418.0,0.0,19.0,54.0
418.0,0.0,19.0,51.0
419.0,0.0,19.0,48.0
427.0,-32.0,56.0,114.0
424.0,-31.0,58.0,114.0
421.0,-31.0,60.0,114.0
417.0,-26.0,61.0,115.0
412.0,-24.0,61.0,117.0
408.0,-21.0,62.0,118.0
405.0,-22.0,62.0,117.0
401.0,-18.0,61.0,116.0
399.0,-17.0,61.0,115.0
395.0,-14.0,60.0,114.0
392.0,-12.0,59.0,113.0
389.0,-12.0,57.0,111.0
385.0,-7.0,56.0,112.0
383.0,-6.0,56.0,112.0
380.0,-4.0,55.0,113.0
377.0,0.0,57.0,114.0
374.0,0.0,60.0,114.0
371.0,3.0,63.0,115.0
386.0,6.0,28.0,49.0
383.0,8.0,28.0,47.0
380.0,9.0,29.0,45.0
378.0,10.0,27.0,44.0
375.0,11.0,25.0,44.0
372.0,12.0,24.0,43.0
372.0,13.0,24.0,44.0
371.0,14.0,25.0,44.0
370.0,15.0,26.0,44.0
370.0,17.0,24.0,43.0
371.0,19.0,22.0,43.0
371.0,20.0,20.0,42.0
372.0,23.0,20.0,41.0
374.0,25.0,21.0,40.0
376.0,27.0,21.0,39.0
377.0,30.0,26.0,39.0
378.0,33.0,30.0,38.0
380.0,35.0,34.0,38.0
388.0,38.0,32.0,38.0
395.0,42.0,31.0,37.0
403.0,45.0,29.0,37.0
408.0,47.0,28.0,39.0
413.0,50.0,27.0,41.0
418.0,53.0,26.0,42.0
420.0,57.0,27.0,41.0
422.0,61.0,28.0,41.0
425.0,65.0,29.0,40.0
426.0,69.0,26.0,38.0
428.0,74.0,23.0,36.0
430.0,78.0,21.0,35.0
425.0,83.0,27.0,35.0
419.0,87.0,32.0,35.0
414.0,91.0,38.0,35.0
413.0,95.0,40.0,34.0
412.0,100.0,42.0,34.0
410.0,104.0,43.0,33.0
411.0,108.0,40.0,33.0
411.0,112.0,36.0,32.0
411.0,116.0,32.0,31.0
408.0,118.0,30.0,31.0
404.0,121.0,28.0,31.0
400.0,124.0,26.0,31.0
391.0,125.0,31.0,32.0
382.0,127.0,35.0,33.0
373.0,129.0,39.0,34.0
368.0,131.0,40.0,35.0
363.0,134.0,41.0,36.0
358.0,137.0,42.0,37.0
352.0,139.0,39.0,35.0
347.0,141.0,36.0,34.0
342.0,144.0,34.0,32.0
338.0,146.0,33.0,36.0
335.0,149.0,31.0,39.0
332.0,152.0,30.0,42.0
328.0,154.0,31.0,43.0
324.0,156.0,32.0,44.0
320.0,158.0,33.0,45.0
321.0,161.0,30.0,43.0
322.0,163.0,28.0,42.0
323.0,165.0,25.0,40.0
326.0,167.0,26.0,38.0
328.0,168.0,27.0,37.0
330.0,169.0,28.0,35.0
334.0,172.0,29.0,39.0
339.0,174.0,30.0,43.0
343.0,176.0,31.0,47.0
351.0,178.0,31.0,46.0
359.0,181.0,30.0,45.0
367.0,183.0,30.0,45.0
372.0,185.0,31.0,42.0
378.0,187.0,32.0,39.0
383.0,189.0,34.0,36.0
392.0,191.0,33.0,41.0
402.0,194.0,33.0,47.0
411.0,196.0,33.0,52.0
415.0,198.0,34.0,53.0
420.0,200.0,36.0,55.0
425.0,203.0,37.0,56.0
430.0,204.0,32.0,53.0
436.0,206.0,28.0,50.0
441.0,208.0,23.0,47.0
441.0,206.0,26.0,46.0
441.0,205.0,29.0,45.0
441.0,204.0,32.0,44.0
438.0,202.0,38.0,48.0
435.0,201.0,44.0,51.0
432.0,200.0,50.0,55.0
433.0,199.0,49.0,55.0
433.0,197.0,48.0,56.0
434.0,196.0,46.0,57.0
432.0,195.0,43.0,55.0
430.0,193.0,39.0,53.0
429.0,191.0,35.0,51.0
427.0,189.0,37.0,53.0
426.0,187.0,39.0,56.0
424.0,185.0,40.0,58.0
419.0,183.0,44.0,57.0
413.0,182.0,48.0,57.0
407.0,180.0,52.0,57.0
409.0,179.0,45.0,56.0
410.0,178.0,37.0,55.0
411.0,177.0,29.0,54.0
406.0,175.0,31.0,55.0
401.0,172.0,32.0,55.0
396.0,170.0,33.0,55.0
766.0,319.0,100.0,129.0
759.0,314.0,105.0,128.0
753.0,311.0,111.0,128.0
749.0,309.0,109.0,128.0
743.0,304.0,111.0,131.0
738.0,300.0,111.0,132.0
733.0,295.0,107.0,134.0
730.0,290.0,101.0,134.0
724.0,286.0,95.0,133.0
717.0,279.0,99.0,135.0
713.0,277.0,97.0,129.0
707.0,272.0,99.0,128.0
699.0,269.0,104.0,126.0
692.0,265.0,109.0,127.0
684.0,261.0,116.0,128.0
685.0,259.0,110.0,127.0
684.0,255.0,104.0,127.0
684.0,252.0,96.0,124.0
682.0,247.0,93.0,123.0
679.0,242.0,89.0,122.0
674.0,237.0,89.0,126.0
672.0,232.0,91.0,129.0
669.0,228.0,93.0,130.0
667.0,223.0,96.0,133.0
660.0,219.0,102.0,135.0
656.0,217.0,104.0,133.0
651.0,214.0,108.0,132.0
647.0,213.0,102.0,130.0
643.0,209.0,101.0,133.0
642.0,208.0,94.0,130.0
634.0,205.0,95.0,134.0
630.0,203.0,93.0,134.0
624.0,200.0,91.0,135.0
617.0,198.0,95.0,135.0
611.0,197.0,98.0,133.0
604.0,195.0,102.0,133.0
602.0,197.0,99.0,127.0
596.0,196.0,100.0,124.0
590.0,195.0,101.0,122.0
585.0,194.0,99.0,123.0
581.0,195.0,95.0,122.0
575.0,193.0,95.0,124.0
571.0,191.0,95.0,127.0
564.0,188.0,96.0,132.0
560.0,187.0,95.0,134.0
556.0,186.0,97.0,135.0
553.0,186.0,98.0,135.0
549.0,185.0,100.0,136.0
548.0,185.0,100.0,134.0
546.0,187.0,99.0,132.0
547.0,189.0,98.0,129.0
549.0,189.0,95.0,128.0
552.0,189.0,92.0,128.0
556.0,190.0,89.0,128.0
563.0,189.0,89.0,127.0
568.0,190.0,90.0,127.0
576.0,191.0,90.0,125.0
583.0,192.0,90.0,124.0
592.0,193.0,91.0,124.0
599.0,196.0,92.0,123.0
607.0,198.0,93.0,122.0
616.0,201.0,93.0,118.0
623.0,202.0,93.0,117.0
628.0,204.0,91.0,117.0
633.0,205.0,91.0,118.0
638.0,205.0,91.0,121.0
644.0,204.0,88.0,123.0
650.0,205.0,85.0,125.0
655.0,204.0,84.0,129.0
659.0,206.0,86.0,130.0
663.0,206.0,88.0,132.0
666.0,208.0,89.0,133.0
670.0,211.0,87.0,130.0
672.0,214.0,88.0,130.0
675.0,216.0,86.0,127.0
676.0,217.0,83.0,125.0
677.0,218.0,79.0,123.0
677.0,219.0,75.0,119.0
676.0,220.0,75.0,120.0
675.0,221.0,75.0,120.0
674.0,223.0,75.0,121.0
671.0,223.0,76.0,119.0
669.0,225.0,78.0,119.0
666.0,227.0,81.0,119.0
662.0,229.0,82.0,117.0
660.0,231.0,83.0,115.0
656.0,231.0,85.0,114.0
335.0,118.0,34.0,53.0
658.0,228.0,64.0,123.0
655.0,227.0,64.0,124.0
652.0,226.0,63.0,128.0
648.0,225.0,62.0,131.0
646.0,226.0,60.0,132.0
643.0,227.0,62.0,133.0
639.0,227.0,64.0,134.0
636.0,228.0,65.0,136.0
633.0,231.0,65.0,135.0
631.0,233.0,65.0,135.0
629.0,235.0,65.0,134.0
626.0,237.0,62.0,132.0
625.0,238.0,59.0,128.0
622.0,239.0,57.0,127.0
619.0,239.0,56.0,126.0
616.0,239.0,56.0,126.0
613.0,239.0,56.0,127.0
610.0,240.0,58.0,127.0
606.0,239.0,60.0,130.0
604.0,239.0,63.0,131.0
600.0,242.0,64.0,130.0
597.0,244.0,67.0,130.0
594.0,246.0,67.0,127.0
592.0,247.0,68.0,125.0
589.0,247.0,69.0,125.0
585.0,248.0,69.0,122.0
584.0,246.0,66.0,125.0
583.0,244.0,63.0,127.0
581.0,242.0,60.0,129.0
578.0,241.0,62.0,131.0
575.0,240.0,63.0,133.0
573.0,240.0,65.0,134.0
571.0,242.0,65.0,134.0
570.0,243.0,65.0,133.0
568.0,245.0,66.0,133.0
567.0,245.0,64.0,132.0
567.0,246.0,63.0,131.0
566.0,247.0,60.0,129.0
565.0,246.0,59.0,128.0
563.0,245.0,59.0,129.0
561.0,243.0,58.0,128.0
559.0,242.0,60.0,129.0
558.0,241.0,61.0,129.0
556.0,241.0,62.0,130.0
555.0,243.0,64.0,129.0
554.0,244.0,66.0,129.0
552.0,245.0,68.0,130.0
550.0,246.0,69.0,130.0
549.0,247.0,69.0,128.0
547.0,248.0,69.0,126.0
546.0,247.0,68.0,127.0
544.0,245.0,66.0,126.0
542.0,244.0,64.0,125.0
540.0,241.0,64.0,129.0
539.0,239.0,63.0,131.0
539.0,238.0,62.0,132.0
538.0,238.0,62.0,132.0
537.0,238.0,63.0,133.0
537.0,239.0,63.0,133.0
536.0,240.0,63.0,132.0
535.0,241.0,63.0,131.0
533.0,240.0,64.0,133.0
534.0,240.0,62.0,133.0
533.0,238.0,61.0,133.0
533.0,238.0,58.0,132.0
533.0,237.0,57.0,130.0
532.0,235.0,58.0,132.0
532.0,234.0,57.0,131.0
531.0,234.0,59.0,131.0
531.0,234.0,59.0,131.0
530.0,235.0,61.0,131.0
529.0,235.0,62.0,132.0
529.0,237.0,63.0,131.0
528.0,237.0,64.0,132.0
528.0,239.0,64.0,130.0
528.0,240.0,64.0,129.0
527.0,240.0,65.0,129.0
526.0,240.0,64.0,128.0
526.0,240.0,62.0,127.0
524.0,238.0,62.0,129.0
523.0,237.0,62.0,131.0
523.0,236.0,61.0,132.0
522.0,235.0,60.0,133.0
521.0,235.0,61.0,134.0
521.0,234.0,62.0,137.0
520.0,235.0,63.0,138.0
519.0,234.0,64.0,140.0
519.0,235.0,65.0,142.0
519.0,235.0,65.0,142.0
519.0,235.0,66.0,143.0
519.0,236.0,66.0,144.0
519.0,235.0,67.0,146.0
519.0,234.0,66.0,146.0
519.0,233.0,64.0,147.0
520.0,233.0,62.0,146.0
519.0,232.0,62.0,146.0
519.0,230.0,62.0,146.0
519.0,231.0,60.0,143.0
518.0,230.0,61.0,144.0
517.0,231.0,60.0,143.0
516.0,231.0,60.0,144.0
515.0,232.0,61.0,145.0
514.0,232.0,62.0,146.0
512.0,233.0,62.0,147.0
510.0,234.0,63.0,147.0
507.0,234.0,63.0,146.0
503.0,234.0,65.0,148.0
502.0,235.0,65.0,147.0
498.0,235.0,65.0,146.0
496.0,234.0,66.0,149.0
492.0,233.0,66.0,146.0
489.0,232.0,65.0,145.0
485.0,230.0,66.0,146.0
480.0,229.0,65.0,146.0
476.0,228.0,66.0,147.0
471.0,227.0,66.0,148.0
468.0,227.0,66.0,148.0
464.0,225.0,68.0,152.0
461.0,223.0,69.0,154.0
458.0,223.0,72.0,156.0
455.0,224.0,73.0,157.0
452.0,224.0,75.0,157.0
449.0,223.0,74.0,157.0
447.0,222.0,74.0,157.0
445.0,221.0,73.0,157.0
445.0,220.0,72.0,157.0
444.0,218.0,70.0,157.0
444.0,216.0,69.0,159.0
442.0,213.0,68.0,158.0
440.0,211.0,67.0,157.0
438.0,208.0,67.0,158.0
436.0,207.0,67.0,158.0
434.0,205.0,67.0,157.0
433.0,204.0,68.0,157.0
431.0,204.0,69.0,157.0
428.0,202.0,69.0,158.0
426.0,202.0,70.0,158.0
424.0,202.0,69.0,157.0
422.0,201.0,68.0,157.0
419.0,200.0,68.0,157.0
415.0,197.0,71.0,160.0
411.0,195.0,73.0,161.0
406.0,192.0,75.0,162.0
404.0,190.0,74.0,162.0
403.0,188.0,72.0,158.0
402.0,187.0,70.0,156.0
206.0,100.0,30.0,66.0
203.0,99.0,31.0,65.0
201.0,98.0,32.0,63.0
