543.0,235.0,36.0,99.0
543.0,234.0,36.0,101.0
541.0,234.0,37.0,103.0
541.0,234.0,37.0,104.0
540.0,235.0,37.0,104.0
538.0,235.0,37.0,105.0
537.0,235.0,38.0,107.0
536.0,236.0,37.0,105.0
534.0,236.0,38.0,107.0
534.0,236.0,38.0,107.0
533.0,237.0,37.0,105.0
532.0,237.0,38.0,107.0
531.0,237.0,38.0,107.0
530.0,236.0,38.0,109.0
530.0,236.0,38.0,109.0
530.0,236.0,38.0,108.0
529.0,236.0,38.0,108.0
528.0,237.0,37.0,105.0
527.0,237.0,37.0,106.0
526.0,237.0,37.0,105.0
526.0,237.0,37.0,106.0
525.0,237.0,37.0,105.0
525.0,238.0,37.0,105.0
524.0,238.0,37.0,105.0
523.0,239.0,37.0,105.0
522.0,240.0,37.0,105.0
521.0,240.0,37.0,105.0
520.0,241.0,37.0,105.0
519.0,241.0,37.0,105.0
518.0,241.0,37.0,105.0
519.0,242.0,36.0,103.0
518.0,242.0,36.0,103.0
518.0,244.0,35.0,101.0
517.0,243.0,36.0,102.0
517.0,244.0,35.0,100.0
516.0,243.0,36.0,103.0
515.0,243.0,36.0,103.0
514.0,243.0,37.0,105.0
514.0,243.0,36.0,103.0
513.0,243.0,37.0,105.0
512.0,244.0,37.0,105.0
511.0,244.0,37.0,105.0
511.0,245.0,37.0,105.0
509.0,246.0,37.0,105.0
509.0,246.0,37.0,105.0
508.0,247.0,37.0,105.0
508.0,247.0,37.0,105.0
507.0,248.0,37.0,105.0
507.0,248.0,37.0,105.0
506.0,247.0,37.0,106.0
504.0,247.0,37.0,106.0
503.0,246.0,38.0,107.0
502.0,246.0,38.0,107.0
502.0,246.0,38.0,107.0
501.0,246.0,38.0,107.0
500.0,247.0,37.0,106.0
500.0,248.0,37.0,105.0
498.0,248.0,37.0,106.0
498.0,250.0,37.0,105.0
497.0,250.0,37.0,105.0
497.0,251.0,37.0,105.0
496.0,252.0,37.0,105.0
495.0,252.0,37.0,105.0
495.0,253.0,37.0,105.0
496.0,253.0,37.0,105.0
496.0,253.0,36.0,103.0
497.0,253.0,36.0,103.0
498.0,253.0,36.0,102.0
497.0,253.0,36.0,103.0
498.0,253.0,36.0,103.0
499.0,253.0,36.0,103.0
499.0,253.0,37.0,105.0
500.0,253.0,37.0,105.0
501.0,253.0,37.0,106.0
501.0,253.0,37.0,106.0
502.0,254.0,37.0,106.0
503.0,254.0,38.0,107.0
503.0,255.0,38.0,107.0
503.0,255.0,38.0,107.0
504.0,256.0,38.0,107.0
505.0,256.0,38.0,108.0
505.0,256.0,38.0,108.0
259.0,135.0,11.0,39.0
513.0,262.0,33.0,92.0
514.0,262.0,34.0,93.0
515.0,261.0,35.0,95.0
516.0,260.0,35.0,96.0
518.0,260.0,35.0,96.0
518.0,260.0,35.0,96.0
519.0,260.0,35.0,96.0
520.0,260.0,36.0,97.0
521.0,261.0,35.0,95.0
522.0,261.0,35.0,96.0
523.0,261.0,35.0,96.0
524.0,263.0,34.0,93.0
525.0,263.0,34.0,93.0
526.0,264.0,33.0,91.0
527.0,264.0,33.0,92.0
529.0,265.0,33.0,91.0
530.0,265.0,33.0,92.0
532.0,265.0,33.0,90.0
533.0,264.0,34.0,92.0
535.0,264.0,33.0,90.0
535.0,264.0,34.0,91.0
536.0,264.0,34.0,91.0
538.0,264.0,33.0,90.0
539.0,264.0,34.0,92.0
539.0,263.0,35.0,94.0
541.0,264.0,34.0,94.0
541.0,264.0,35.0,95.0
543.0,264.0,35.0,95.0
544.0,265.0,35.0,95.0
545.0,265.0,35.0,95.0
546.0,266.0,34.0,93.0
546.0,266.0,34.0,93.0
549.0,266.0,33.0,92.0
549.0,266.0,34.0,93.0
551.0,266.0,33.0,92.0
553.0,266.0,33.0,91.0
554.0,265.0,34.0,93.0
555.0,265.0,34.0,92.0
556.0,265.0,34.0,92.0
557.0,265.0,34.0,92.0
558.0,265.0,34.0,92.0
559.0,265.0,35.0,93.0
560.0,266.0,34.0,92.0
561.0,267.0,34.0,92.0
563.0,267.0,34.0,92.0
565.0,267.0,34.0,92.0
566.0,268.0,34.0,91.0
569.0,268.0,33.0,89.0
570.0,269.0,33.0,89.0
572.0,269.0,33.0,90.0
574.0,269.0,32.0,88.0
576.0,269.0,33.0,89.0
576.0,268.0,33.0,90.0
577.0,268.0,33.0,90.0
580.0,269.0,32.0,88.0
581.0,269.0,33.0,90.0
582.0,269.0,33.0,90.0
584.0,270.0,33.0,89.0
585.0,270.0,33.0,91.0
585.0,270.0,33.0,91.0
586.0,270.0,34.0,92.0
587.0,270.0,35.0,93.0
589.0,271.0,34.0,92.0
591.0,272.0,34.0,91.0
592.0,272.0,34.0,91.0
593.0,272.0,34.0,91.0
595.0,272.0,34.0,91.0
596.0,271.0,34.0,92.0
598.0,271.0,34.0,92.0
599.0,271.0,34.0,92.0
600.0,271.0,34.0,92.0
602.0,271.0,34.0,92.0
604.0,271.0,34.0,92.0
605.0,271.0,34.0,92.0
607.0,271.0,35.0,93.0
608.0,272.0,35.0,93.0
610.0,272.0,35.0,93.0
611.0,272.0,35.0,93.0
613.0,273.0,35.0,93.0
614.0,274.0,34.0,92.0
615.0,274.0,34.0,92.0
617.0,275.0,34.0,91.0
619.0,275.0,33.0,90.0
621.0,275.0,34.0,92.0
623.0,275.0,34.0,91.0
624.0,275.0,34.0,92.0
625.0,275.0,34.0,92.0
626.0,275.0,34.0,92.0
627.0,275.0,34.0,91.0
627.0,275.0,34.0,91.0
626.0,275.0,34.0,92.0
627.0,275.0,34.0,92.0
627.0,275.0,35.0,93.0
628.0,275.0,35.0,93.0
317.0,142.0,12.0,38.0
629.0,285.0,31.0,82.0
629.0,285.0,31.0,82.0
629.0,286.0,31.0,82.0
628.0,286.0,31.0,82.0
628.0,286.0,31.0,82.0
627.0,286.0,32.0,83.0
627.0,286.0,31.0,81.0
628.0,288.0,30.0,79.0
627.0,287.0,31.0,82.0
627.0,287.0,31.0,81.0
627.0,286.0,31.0,82.0
627.0,287.0,30.0,80.0
627.0,287.0,30.0,80.0
625.0,286.0,32.0,83.0
625.0,286.0,32.0,83.0
625.0,287.0,32.0,83.0
624.0,286.0,32.0,84.0
624.0,287.0,32.0,83.0
624.0,287.0,32.0,83.0
624.0,288.0,31.0,82.0
625.0,288.0,31.0,82.0
625.0,288.0,31.0,82.0
625.0,289.0,31.0,82.0
626.0,289.0,32.0,83.0
626.0,289.0,32.0,83.0
626.0,289.0,32.0,84.0
627.0,289.0,32.0,84.0
628.0,290.0,31.0,82.0
627.0,289.0,32.0,83.0
628.0,290.0,31.0,82.0
628.0,290.0,32.0,83.0
628.0,290.0,32.0,84.0
627.0,290.0,32.0,84.0
628.0,291.0,32.0,83.0
628.0,292.0,31.0,82.0
629.0,292.0,31.0,83.0
629.0,292.0,31.0,83.0
630.0,292.0,32.0,85.0
630.0,292.0,32.0,85.0
631.0,292.0,32.0,85.0
631.0,292.0,32.0,84.0
631.0,292.0,32.0,84.0
632.0,292.0,32.0,85.0
633.0,293.0,32.0,85.0
633.0,293.0,32.0,84.0
633.0,292.0,32.0,85.0
634.0,294.0,32.0,84.0
634.0,293.0,32.0,85.0
634.0,294.0,32.0,85.0
635.0,295.0,32.0,84.0
635.0,295.0,31.0,83.0
636.0,295.0,32.0,84.0
638.0,296.0,31.0,83.0
639.0,297.0,31.0,82.0
640.0,297.0,30.0,81.0
641.0,297.0,30.0,81.0
642.0,297.0,31.0,82.0
643.0,297.0,31.0,82.0
645.0,297.0,31.0,83.0
646.0,296.0,32.0,84.0
647.0,296.0,32.0,84.0
648.0,297.0,32.0,84.0
649.0,297.0,32.0,84.0
650.0,298.0,31.0,83.0
652.0,298.0,32.0,84.0
652.0,299.0,32.0,84.0
653.0,299.0,32.0,84.0
654.0,300.0,31.0,83.0
656.0,301.0,32.0,84.0
656.0,301.0,32.0,84.0
657.0,301.0,32.0,84.0
659.0,301.0,32.0,84.0
659.0,301.0,32.0,85.0
661.0,301.0,32.0,85.0
661.0,301.0,32.0,85.0
662.0,301.0,32.0,85.0
663.0,301.0,32.0,85.0
664.0,301.0,32.0,85.0
665.0,301.0,32.0,85.0
665.0,301.0,32.0,85.0
666.0,301.0,32.0,85.0
666.0,301.0,32.0,85.0
665.0,301.0,32.0,85.0
665.0,301.0,32.0,85.0
665.0,302.0,32.0,84.0
665.0,302.0,32.0,84.0
666.0,303.0,31.0,83.0
666.0,304.0,31.0,83.0
665.0,304.0,31.0,83.0
665.0,304.0,31.0,83.0
665.0,304.0,31.0,83.0
664.0,304.0,32.0,84.0
662.0,304.0,31.0,83.0
662.0,304.0,32.0,84.0
660.0,303.0,32.0,85.0
659.0,303.0,32.0,85.0
657.0,303.0,32.0,85.0
655.0,304.0,32.0,85.0
654.0,304.0,32.0,85.0
652.0,304.0,32.0,85.0
650.0,304.0,32.0,85.0
649.0,305.0,32.0,85.0
326.0,152.0,12.0,39.0
646.0,298.0,33.0,90.0
646.0,300.0,32.0,89.0
644.0,299.0,33.0,90.0
643.0,298.0,33.0,91.0
641.0,299.0,32.0,89.0
641.0,298.0,33.0,91.0
639.0,298.0,33.0,90.0
638.0,298.0,33.0,90.0
638.0,299.0,32.0,88.0
638.0,298.0,32.0,89.0
637.0,298.0,32.0,90.0
636.0,298.0,32.0,90.0
636.0,299.0,32.0,89.0
636.0,299.0,32.0,89.0
635.0,299.0,32.0,89.0
635.0,299.0,32.0,89.0
635.0,300.0,31.0,88.0
635.0,301.0,31.0,87.0
636.0,301.0,31.0,86.0
635.0,301.0,31.0,86.0
636.0,302.0,30.0,85.0
636.0,302.0,30.0,85.0
636.0,302.0,30.0,85.0
636.0,302.0,30.0,85.0
636.0,302.0,30.0,85.0
636.0,301.0,31.0,87.0
636.0,302.0,31.0,87.0
636.0,302.0,31.0,88.0
636.0,303.0,31.0,88.0
635.0,303.0,31.0,88.0
635.0,303.0,32.0,90.0
634.0,303.0,32.0,90.0
634.0,303.0,32.0,90.0
633.0,305.0,32.0,89.0
633.0,306.0,32.0,89.0
633.0,306.0,32.0,90.0
633.0,306.0,32.0,89.0
632.0,306.0,32.0,90.0
631.0,305.0,33.0,92.0
631.0,304.0,33.0,92.0
630.0,304.0,33.0,92.0
629.0,304.0,33.0,92.0
629.0,305.0,33.0,91.0
628.0,305.0,32.0,90.0
628.0,305.0,32.0,90.0
627.0,305.0,33.0,91.0
627.0,306.0,32.0,89.0
626.0,306.0,32.0,90.0
626.0,307.0,32.0,89.0
625.0,307.0,32.0,89.0
625.0,308.0,31.0,88.0
625.0,309.0,31.0,87.0
624.0,310.0,31.0,86.0
624.0,310.0,31.0,86.0
623.0,311.0,30.0,85.0
623.0,311.0,31.0,86.0
623.0,311.0,31.0,86.0
622.0,311.0,31.0,86.0
622.0,311.0,31.0,86.0
621.0,311.0,31.0,86.0
620.0,311.0,31.0,87.0
619.0,312.0,31.0,87.0
619.0,312.0,31.0,88.0
617.0,311.0,32.0,90.0
617.0,312.0,32.0,89.0
615.0,312.0,33.0,91.0
614.0,313.0,33.0,90.0
613.0,314.0,34.0,90.0
612.0,315.0,34.0,91.0
610.0,315.0,35.0,92.0
609.0,315.0,36.0,93.0
608.0,315.0,36.0,93.0
607.0,314.0,36.0,93.0
606.0,314.0,36.0,93.0
604.0,314.0,36.0,93.0
604.0,314.0,36.0,93.0
602.0,314.0,36.0,93.0
601.0,314.0,36.0,93.0
600.0,315.0,35.0,92.0
598.0,314.0,36.0,93.0
597.0,314.0,36.0,93.0
595.0,316.0,35.0,92.0
594.0,315.0,36.0,93.0
592.0,316.0,35.0,92.0
590.0,317.0,35.0,92.0
588.0,318.0,35.0,91.0
586.0,320.0,35.0,90.0
584.0,321.0,35.0,90.0
583.0,322.0,34.0,89.0
580.0,321.0,35.0,90.0
579.0,322.0,34.0,89.0
576.0,322.0,34.0,89.0
576.0,322.0,35.0,90.0
287.0,164.0,15.0,42.0
568.0,321.0,37.0,96.0
566.0,321.0,37.0,97.0
565.0,321.0,38.0,99.0
564.0,321.0,39.0,100.0
563.0,321.0,39.0,101.0
562.0,322.0,39.0,101.0
561.0,322.0,40.0,102.0
560.0,323.0,40.0,103.0
559.0,324.0,40.0,103.0
558.0,325.0,40.0,102.0
559.0,325.0,40.0,102.0
558.0,325.0,40.0,104.0
558.0,326.0,39.0,101.0
558.0,326.0,40.0,102.0
559.0,326.0,39.0,101.0
560.0,326.0,39.0,100.0
561.0,326.0,38.0,100.0
562.0,327.0,37.0,100.0
563.0,327.0,37.0,100.0
563.0,327.0,37.0,100.0
564.0,326.0,37.0,101.0
565.0,327.0,37.0,100.0
566.0,328.0,36.0,99.0
568.0,328.0,36.0,99.0
569.0,329.0,36.0,98.0
571.0,330.0,35.0,97.0
573.0,331.0,35.0,96.0
574.0,332.0,34.0,95.0
577.0,332.0,34.0,95.0
578.0,332.0,35.0,96.0
580.0,333.0,34.0,95.0
582.0,333.0,35.0,97.0
583.0,333.0,34.0,95.0
584.0,333.0,35.0,97.0
585.0,333.0,36.0,98.0
588.0,333.0,35.0,97.0
590.0,333.0,35.0,97.0
592.0,334.0,35.0,97.0
593.0,334.0,36.0,98.0
594.0,334.0,36.0,98.0
595.0,335.0,36.0,99.0
596.0,335.0,37.0,101.0
597.0,336.0,37.0,100.0
598.0,336.0,37.0,101.0
599.0,336.0,37.0,101.0
600.0,336.0,37.0,101.0
601.0,337.0,37.0,101.0
602.0,337.0,37.0,100.0
603.0,337.0,37.0,101.0
603.0,337.0,37.0,101.0
604.0,337.0,37.0,100.0
604.0,337.0,37.0,100.0
605.0,337.0,37.0,100.0
606.0,337.0,37.0,99.0
608.0,337.0,37.0,99.0
608.0,336.0,37.0,100.0
608.0,336.0,37.0,100.0
608.0,337.0,37.0,99.0
609.0,338.0,36.0,97.0
610.0,339.0,36.0,96.0
610.0,339.0,35.0,95.0
611.0,340.0,35.0,94.0
612.0,340.0,34.0,93.0
613.0,341.0,34.0,93.0
614.0,341.0,34.0,93.0
615.0,340.0,35.0,94.0
615.0,340.0,35.0,94.0
616.0,340.0,34.0,93.0
617.0,339.0,35.0,95.0
618.0,339.0,35.0,95.0
618.0,339.0,35.0,95.0
619.0,339.0,35.0,95.0
619.0,339.0,36.0,96.0
619.0,339.0,36.0,96.0
618.0,339.0,36.0,97.0
618.0,339.0,36.0,97.0
617.0,339.0,36.0,97.0
617.0,340.0,37.0,99.0
616.0,340.0,37.0,99.0
615.0,339.0,37.0,100.0
615.0,340.0,37.0,99.0
614.0,339.0,37.0,100.0
613.0,339.0,37.0,100.0
611.0,338.0,38.0,101.0
610.0,339.0,37.0,100.0
609.0,338.0,37.0,100.0
608.0,337.0,38.0,101.0
607.0,336.0,37.0,100.0
605.0,337.0,37.0,100.0
306.0,172.0,13.0,41.0
605.0,342.0,34.0,88.0
604.0,342.0,34.0,88.0
602.0,342.0,35.0,89.0
600.0,342.0,34.0,87.0
599.0,343.0,34.0,87.0
597.0,343.0,35.0,89.0
596.0,343.0,35.0,89.0
595.0,343.0,35.0,89.0
593.0,343.0,34.0,88.0
592.0,343.0,34.0,87.0
591.0,344.0,33.0,85.0
590.0,343.0,34.0,86.0
589.0,343.0,34.0,85.0
588.0,342.0,34.0,85.0
587.0,342.0,34.0,86.0
585.0,341.0,34.0,85.0
584.0,343.0,33.0,83.0
583.0,341.0,33.0,85.0
581.0,341.0,34.0,87.0
581.0,341.0,34.0,88.0
579.0,341.0,34.0,88.0
579.0,341.0,34.0,88.0
579.0,341.0,35.0,89.0
579.0,342.0,34.0,88.0
579.0,342.0,34.0,88.0
579.0,343.0,34.0,87.0
580.0,342.0,34.0,88.0
580.0,341.0,35.0,89.0
580.0,341.0,34.0,88.0
580.0,340.0,35.0,89.0
581.0,340.0,34.0,88.0
582.0,339.0,35.0,89.0
584.0,339.0,34.0,87.0
585.0,337.0,35.0,88.0
587.0,337.0,34.0,87.0
589.0,338.0,34.0,86.0
590.0,338.0,34.0,87.0
590.0,337.0,35.0,88.0
591.0,338.0,34.0,87.0
592.0,338.0,34.0,86.0
594.0,338.0,34.0,86.0
594.0,338.0,34.0,86.0
596.0,339.0,34.0,85.0
597.0,339.0,34.0,85.0
599.0,338.0,34.0,86.0
601.0,338.0,34.0,86.0
603.0,337.0,34.0,86.0
605.0,338.0,33.0,84.0
607.0,337.0,33.0,84.0
608.0,337.0,32.0,83.0
610.0,336.0,33.0,85.0
611.0,336.0,33.0,86.0
612.0,336.0,33.0,85.0
613.0,336.0,33.0,86.0
614.0,336.0,33.0,86.0
616.0,336.0,33.0,87.0
617.0,336.0,33.0,87.0
618.0,337.0,33.0,86.0
619.0,337.0,33.0,87.0
620.0,338.0,33.0,86.0
621.0,337.0,33.0,87.0
623.0,336.0,33.0,87.0
624.0,337.0,33.0,86.0
626.0,336.0,33.0,87.0
626.0,336.0,33.0,87.0
626.0,336.0,33.0,86.0
627.0,335.0,33.0,87.0
627.0,336.0,33.0,86.0
628.0,336.0,33.0,87.0
628.0,336.0,33.0,87.0
629.0,336.0,33.0,87.0
629.0,336.0,33.0,86.0
630.0,337.0,32.0,85.0
630.0,337.0,33.0,86.0
629.0,338.0,32.0,85.0
630.0,339.0,32.0,83.0
630.0,338.0,32.0,84.0
630.0,339.0,32.0,84.0
631.0,339.0,32.0,84.0
632.0,339.0,31.0,82.0
633.0,339.0,32.0,83.0
634.0,338.0,32.0,85.0
634.0,338.0,32.0,85.0
634.0,339.0,33.0,86.0
634.0,339.0,33.0,86.0
634.0,340.0,33.0,86.0
634.0,340.0,33.0,87.0
634.0,340.0,33.0,87.0
634.0,341.0,33.0,87.0
634.0,341.0,34.0,87.0
634.0,342.0,34.0,87.0
634.0,342.0,34.0,87.0
635.0,344.0,33.0,85.0
636.0,343.0,34.0,87.0
637.0,345.0,33.0,85.0
639.0,345.0,33.0,85.0
639.0,346.0,33.0,85.0
640.0,345.0,33.0,86.0
641.0,345.0,33.0,86.0
641.0,346.0,33.0,86.0
641.0,346.0,34.0,79.0
641.0,346.0,34.0,71.0
641.0,346.0,34.0,63.0
642.0,347.0,33.0,62.0
641.0,348.0,33.0,62.0
641.0,348.0,33.0,62.0
nan,nan,nan,nan
nan,nan,nan,nan
nan,nan,nan,nan
nan,nan,nan,nan
nan,nan,nan,nan
nan,nan,nan,nan
nan,nan,nan,nan
nan,nan,nan,nan
nan,nan,nan,nan
nan,nan,nan,nan
nan,nan,nan,nan
nan,nan,nan,nan
nan,nan,nan,nan
nan,nan,nan,nan
nan,nan,nan,nan
nan,nan,nan,nan
nan,nan,nan,nan
nan,nan,nan,nan
nan,nan,nan,nan
nan,nan,nan,nan
nan,nan,nan,nan
nan,nan,nan,nan
nan,nan,nan,nan
nan,nan,nan,nan
nan,nan,nan,nan
nan,nan,nan,nan
nan,nan,nan,nan
nan,nan,nan,nan
nan,nan,nan,nan
nan,nan,nan,nan
nan,nan,nan,nan
nan,nan,nan,nan
621.0,366.0,28.0,58.0
621.0,367.0,28.0,58.0
619.0,367.0,29.0,58.0
619.0,368.0,29.0,58.0
619.0,369.0,29.0,58.0
619.0,371.0,28.0,57.0
619.0,372.0,28.0,57.0
619.0,373.0,28.0,59.0
618.0,373.0,28.0,62.0
618.0,373.0,28.0,64.0
618.0,373.0,28.0,66.0
617.0,373.0,28.0,68.0
617.0,373.0,29.0,70.0
617.0,373.0,29.0,70.0
617.0,374.0,29.0,70.0
617.0,374.0,29.0,70.0
617.0,374.0,29.0,72.0
617.0,374.0,29.0,74.0
617.0,374.0,30.0,75.0
617.0,374.0,31.0,77.0
617.0,374.0,32.0,78.0
617.0,374.0,32.0,78.0
617.0,375.0,32.0,79.0
617.0,374.0,33.0,80.0
618.0,374.0,33.0,81.0
618.0,374.0,33.0,82.0
620.0,375.0,33.0,82.0
621.0,375.0,33.0,83.0
621.0,374.0,33.0,83.0
621.0,375.0,33.0,83.0
622.0,375.0,33.0,82.0
622.0,375.0,33.0,83.0
623.0,375.0,33.0,82.0
622.0,375.0,33.0,83.0
623.0,375.0,33.0,83.0
623.0,376.0,33.0,82.0
624.0,376.0,33.0,81.0
624.0,377.0,33.0,80.0
624.0,377.0,33.0,81.0
624.0,377.0,34.0,81.0
624.0,378.0,33.0,80.0
624.0,378.0,33.0,80.0
624.0,378.0,33.0,80.0
624.0,378.0,33.0,80.0
624.0,378.0,33.0,80.0
624.0,378.0,33.0,80.0
624.0,377.0,34.0,81.0
624.0,377.0,34.0,81.0
624.0,377.0,34.0,82.0
623.0,377.0,34.0,82.0
623.0,377.0,34.0,83.0
622.0,377.0,34.0,83.0
621.0,377.0,34.0,84.0
620.0,377.0,34.0,84.0
619.0,378.0,34.0,83.0
618.0,378.0,34.0,84.0
617.0,377.0,34.0,84.0
615.0,377.0,34.0,84.0
614.0,378.0,34.0,84.0
613.0,378.0,34.0,84.0
611.0,377.0,34.0,84.0
611.0,378.0,33.0,82.0
610.0,377.0,33.0,83.0
610.0,377.0,32.0,82.0
609.0,377.0,32.0,83.0
609.0,377.0,32.0,83.0
608.0,376.0,33.0,84.0
306.0,189.0,13.0,40.0
602.0,373.0,36.0,96.0
599.0,372.0,37.0,97.0
598.0,372.0,37.0,97.0
597.0,373.0,37.0,97.0
596.0,373.0,37.0,97.0
596.0,374.0,36.0,95.0
596.0,374.0,36.0,96.0
595.0,374.0,36.0,95.0
595.0,374.0,36.0,95.0
595.0,374.0,36.0,95.0
596.0,374.0,35.0,94.0
594.0,373.0,36.0,96.0
594.0,372.0,37.0,97.0
593.0,372.0,36.0,96.0
592.0,372.0,36.0,96.0
592.0,372.0,36.0,96.0
592.0,372.0,36.0,96.0
591.0,372.0,36.0,96.0
591.0,373.0,36.0,95.0
590.0,373.0,36.0,95.0
589.0,373.0,37.0,97.0
588.0,373.0,37.0,99.0
588.0,372.0,38.0,100.0
588.0,373.0,37.0,98.0
588.0,373.0,37.0,98.0
588.0,373.0,37.0,97.0
589.0,373.0,37.0,97.0
589.0,371.0,37.0,97.0
589.0,371.0,36.0,96.0
590.0,370.0,37.0,98.0
591.0,370.0,37.0,97.0
592.0,370.0,37.0,97.0
592.0,369.0,37.0,98.0
592.0,369.0,38.0,99.0
593.0,369.0,37.0,98.0
593.0,369.0,38.0,99.0
594.0,370.0,37.0,98.0
594.0,369.0,38.0,99.0
595.0,370.0,37.0,98.0
596.0,370.0,37.0,97.0
597.0,370.0,37.0,97.0
598.0,370.0,37.0,97.0
599.0,369.0,37.0,97.0
600.0,369.0,36.0,96.0
601.0,369.0,37.0,97.0
602.0,368.0,37.0,97.0
603.0,368.0,36.0,96.0
604.0,367.0,37.0,98.0
604.0,366.0,37.0,98.0
605.0,366.0,37.0,97.0
605.0,367.0,37.0,97.0
605.0,367.0,37.0,97.0
605.0,367.0,37.0,97.0
604.0,367.0,37.0,97.0
604.0,367.0,37.0,97.0
603.0,367.0,37.0,98.0
602.0,367.0,37.0,98.0
601.0,367.0,37.0,98.0
601.0,366.0,37.0,98.0
600.0,366.0,36.0,96.0
598.0,364.0,38.0,99.0
597.0,363.0,37.0,98.0
598.0,364.0,37.0,97.0
596.0,362.0,37.0,98.0
595.0,363.0,37.0,97.0
594.0,362.0,37.0,98.0
592.0,361.0,38.0,100.0
591.0,361.0,38.0,99.0
590.0,362.0,38.0,99.0
588.0,361.0,38.0,100.0
586.0,361.0,38.0,100.0
586.0,361.0,38.0,100.0
585.0,362.0,38.0,99.0
295.0,184.0,14.0,43.0
585.0,360.0,34.0,99.0
585.0,360.0,35.0,100.0
585.0,360.0,34.0,99.0
584.0,359.0,35.0,100.0
584.0,359.0,35.0,100.0
583.0,358.0,35.0,101.0
583.0,357.0,36.0,103.0
583.0,356.0,36.0,104.0
583.0,356.0,36.0,105.0
583.0,355.0,37.0,106.0
582.0,355.0,37.0,106.0
581.0,355.0,37.0,106.0
581.0,356.0,37.0,106.0
581.0,356.0,37.0,106.0
581.0,356.0,37.0,106.0
581.0,356.0,37.0,106.0
580.0,357.0,37.0,106.0
580.0,356.0,37.0,106.0
580.0,355.0,37.0,107.0
580.0,355.0,37.0,107.0
580.0,355.0,37.0,106.0
581.0,354.0,37.0,106.0
581.0,353.0,37.0,107.0
582.0,352.0,37.0,107.0
581.0,353.0,37.0,107.0
582.0,352.0,37.0,107.0
581.0,351.0,38.0,109.0
581.0,352.0,37.0,106.0
582.0,352.0,37.0,106.0
582.0,352.0,37.0,106.0
582.0,353.0,36.0,104.0
583.0,353.0,36.0,103.0
583.0,353.0,36.0,103.0
583.0,353.0,36.0,103.0
584.0,354.0,35.0,101.0
584.0,354.0,35.0,101.0
585.0,353.0,35.0,101.0
586.0,353.0,35.0,101.0
587.0,353.0,35.0,101.0
587.0,352.0,36.0,103.0
589.0,351.0,36.0,104.0
589.0,350.0,36.0,105.0
590.0,349.0,37.0,106.0
590.0,348.0,38.0,109.0
591.0,347.0,37.0,107.0
592.0,347.0,38.0,109.0
593.0,347.0,38.0,109.0
594.0,348.0,37.0,107.0
595.0,348.0,37.0,107.0
597.0,348.0,37.0,106.0
598.0,348.0,37.0,106.0
598.0,348.0,37.0,106.0
599.0,347.0,37.0,107.0
600.0,347.0,37.0,107.0
601.0,345.0,38.0,109.0
603.0,345.0,37.0,107.0
604.0,345.0,37.0,106.0
606.0,344.0,37.0,106.0
608.0,344.0,37.0,107.0
610.0,343.0,37.0,107.0
612.0,343.0,37.0,106.0
613.0,342.0,37.0,107.0
614.0,342.0,37.0,106.0
614.0,342.0,37.0,106.0
615.0,342.0,36.0,105.0
616.0,343.0,36.0,104.0
617.0,343.0,36.0,104.0
618.0,343.0,36.0,103.0
619.0,344.0,35.0,101.0
620.0,343.0,35.0,101.0
620.0,342.0,36.0,103.0
621.0,341.0,35.0,101.0
621.0,340.0,36.0,103.0
622.0,340.0,36.0,103.0
622.0,339.0,36.0,104.0
622.0,338.0,36.0,104.0
622.0,337.0,37.0,106.0
622.0,337.0,36.0,105.0
622.0,337.0,36.0,105.0
621.0,337.0,37.0,106.0
621.0,337.0,37.0,106.0
621.0,337.0,37.0,106.0
621.0,336.0,37.0,106.0
621.0,337.0,36.0,105.0
620.0,337.0,36.0,105.0
311.0,173.0,14.0,43.0
621.0,338.0,33.0,94.0
620.0,337.0,33.0,95.0
620.0,337.0,34.0,96.0
620.0,336.0,34.0,97.0
619.0,335.0,34.0,97.0
619.0,335.0,34.0,96.0
619.0,335.0,34.0,96.0
618.0,334.0,34.0,97.0
618.0,333.0,33.0,97.0
618.0,333.0,33.0,98.0
617.0,332.0,34.0,99.0
617.0,332.0,34.0,99.0
616.0,332.0,34.0,99.0
616.0,333.0,32.0,97.0
617.0,333.0,32.0,96.0
618.0,334.0,31.0,95.0
618.0,333.0,31.0,95.0
619.0,333.0,31.0,94.0
620.0,334.0,30.0,93.0
620.0,332.0,31.0,93.0
620.0,332.0,31.0,93.0
620.0,331.0,31.0,92.0
621.0,330.0,31.0,93.0
621.0,330.0,31.0,93.0
621.0,330.0,31.0,93.0
622.0,330.0,31.0,92.0
622.0,330.0,31.0,92.0
621.0,328.0,32.0,95.0
621.0,328.0,32.0,95.0
622.0,329.0,31.0,93.0
622.0,328.0,31.0,93.0
623.0,328.0,31.0,92.0
624.0,329.0,31.0,92.0
625.0,328.0,31.0,93.0
625.0,327.0,31.0,93.0
626.0,326.0,31.0,93.0
627.0,326.0,31.0,93.0
628.0,325.0,31.0,93.0
628.0,324.0,32.0,94.0
629.0,324.0,32.0,94.0
630.0,323.0,32.0,95.0
632.0,323.0,32.0,97.0
632.0,322.0,33.0,99.0
633.0,322.0,33.0,99.0
634.0,322.0,33.0,98.0
635.0,323.0,32.0,95.0
636.0,323.0,32.0,94.0
637.0,323.0,31.0,93.0
638.0,324.0,30.0,91.0
639.0,323.0,30.0,91.0
641.0,323.0,30.0,90.0
642.0,324.0,30.0,89.0
642.0,323.0,30.0,89.0
644.0,323.0,29.0,88.0
644.0,322.0,30.0,89.0
645.0,321.0,29.0,88.0
646.0,321.0,30.0,89.0
646.0,320.0,30.0,89.0
646.0,320.0,30.0,89.0
646.0,320.0,30.0,90.0
646.0,319.0,31.0,92.0
645.0,319.0,31.0,92.0
645.0,319.0,31.0,92.0
644.0,319.0,31.0,92.0
643.0,319.0,30.0,91.0
642.0,318.0,30.0,91.0
641.0,319.0,30.0,89.0
640.0,319.0,30.0,90.0
639.0,317.0,31.0,92.0
637.0,316.0,31.0,93.0
636.0,316.0,31.0,92.0
636.0,315.0,31.0,93.0
634.0,315.0,31.0,92.0
634.0,315.0,31.0,93.0
632.0,315.0,31.0,93.0
631.0,314.0,31.0,93.0
630.0,314.0,31.0,93.0
629.0,314.0,31.0,93.0
628.0,315.0,30.0,91.0
627.0,314.0,31.0,92.0
627.0,315.0,30.0,90.0
626.0,315.0,30.0,91.0
626.0,316.0,30.0,89.0
626.0,315.0,30.0,89.0
626.0,315.0,30.0,89.0
626.0,315.0,29.0,88.0
626.0,315.0,29.0,88.0
626.0,315.0,30.0,89.0
625.0,314.0,30.0,89.0
625.0,314.0,30.0,89.0
625.0,314.0,30.0,89.0
313.0,161.0,11.0,40.0
624.0,313.0,31.0,92.0
623.0,313.0,31.0,92.0
622.0,314.0,31.0,92.0
622.0,313.0,31.0,93.0
621.0,314.0,30.0,91.0
621.0,315.0,30.0,90.0
620.0,314.0,31.0,92.0
620.0,314.0,31.0,92.0
620.0,314.0,31.0,92.0
620.0,314.0,31.0,92.0
620.0,314.0,31.0,93.0
620.0,314.0,31.0,93.0
620.0,313.0,32.0,94.0
620.0,313.0,32.0,94.0
620.0,314.0,31.0,93.0
620.0,313.0,32.0,94.0
620.0,314.0,31.0,93.0
620.0,314.0,31.0,93.0
620.0,314.0,31.0,93.0
620.0,314.0,31.0,92.0
619.0,315.0,31.0,93.0
619.0,315.0,31.0,92.0
618.0,316.0,31.0,92.0
618.0,316.0,31.0,92.0
618.0,316.0,30.0,91.0
617.0,316.0,30.0,91.0
616.0,316.0,30.0,91.0
616.0,316.0,30.0,91.0
615.0,316.0,30.0,91.0
614.0,315.0,31.0,92.0
613.0,315.0,31.0,92.0
612.0,315.0,31.0,93.0
610.0,315.0,31.0,92.0
610.0,315.0,31.0,93.0
608.0,315.0,31.0,92.0
608.0,316.0,30.0,91.0
606.0,317.0,30.0,90.0
605.0,317.0,30.0,91.0
603.0,318.0,30.0,90.0
602.0,317.0,30.0,91.0
600.0,318.0,30.0,90.0
599.0,318.0,30.0,91.0
597.0,317.0,30.0,91.0
596.0,317.0,31.0,92.0
595.0,316.0,31.0,93.0
593.0,315.0,32.0,94.0
592.0,316.0,32.0,94.0
590.0,315.0,32.0,94.0
589.0,315.0,32.0,94.0
589.0,316.0,31.0,92.0
587.0,315.0,32.0,94.0
586.0,316.0,31.0,92.0
585.0,316.0,31.0,93.0
584.0,316.0,31.0,92.0
583.0,316.0,31.0,92.0
582.0,317.0,31.0,92.0
581.0,316.0,31.0,93.0
580.0,317.0,31.0,92.0
580.0,317.0,31.0,92.0
579.0,317.0,31.0,92.0
579.0,317.0,31.0,92.0
578.0,317.0,31.0,93.0
578.0,317.0,31.0,92.0
578.0,317.0,31.0,92.0
577.0,317.0,31.0,92.0
577.0,317.0,31.0,92.0
576.0,317.0,31.0,92.0
575.0,317.0,31.0,92.0
575.0,317.0,31.0,92.0
574.0,317.0,31.0,93.0
573.0,317.0,31.0,92.0
573.0,317.0,31.0,92.0
573.0,319.0,30.0,91.0
572.0,318.0,30.0,91.0
572.0,318.0,30.0,91.0
571.0,318.0,31.0,92.0
571.0,318.0,31.0,92.0
571.0,317.0,31.0,93.0
570.0,317.0,31.0,93.0
569.0,316.0,32.0,94.0
568.0,315.0,32.0,95.0
568.0,315.0,32.0,95.0
567.0,315.0,32.0,95.0
566.0,315.0,32.0,95.0
565.0,316.0,32.0,94.0
564.0,316.0,32.0,94.0
562.0,316.0,31.0,93.0
561.0,316.0,31.0,93.0
560.0,317.0,30.0,91.0
558.0,316.0,31.0,92.0
558.0,316.0,31.0,92.0
557.0,316.0,31.0,92.0
555.0,316.0,31.0,93.0
554.0,315.0,31.0,92.0
553.0,316.0,30.0,91.0
551.0,315.0,30.0,91.0
550.0,315.0,30.0,90.0
549.0,314.0,31.0,93.0
546.0,313.0,32.0,94.0
545.0,314.0,31.0,92.0
543.0,314.0,31.0,93.0
272.0,161.0,11.0,40.0
540.0,314.0,31.0,95.0
539.0,314.0,31.0,95.0
537.0,314.0,31.0,95.0
536.0,314.0,31.0,95.0
535.0,314.0,31.0,95.0
534.0,314.0,31.0,95.0
533.0,312.0,31.0,96.0
532.0,312.0,32.0,97.0
531.0,311.0,32.0,97.0
530.0,311.0,32.0,97.0
530.0,309.0,32.0,98.0
529.0,310.0,32.0,97.0
528.0,309.0,32.0,97.0
527.0,309.0,32.0,97.0
527.0,309.0,32.0,98.0
526.0,309.0,32.0,97.0
525.0,309.0,32.0,98.0
525.0,310.0,31.0,96.0
524.0,310.0,31.0,96.0
524.0,310.0,31.0,96.0
524.0,310.0,31.0,96.0
524.0,310.0,31.0,95.0
524.0,311.0,30.0,94.0
524.0,310.0,31.0,95.0
524.0,310.0,30.0,94.0
524.0,310.0,30.0,94.0
524.0,309.0,30.0,94.0
524.0,309.0,30.0,94.0
523.0,309.0,30.0,94.0
523.0,308.0,31.0,95.0
522.0,308.0,31.0,95.0
522.0,307.0,30.0,94.0
522.0,307.0,30.0,94.0
521.0,307.0,30.0,94.0
521.0,307.0,31.0,95.0
521.0,307.0,30.0,94.0
520.0,308.0,30.0,94.0
520.0,308.0,30.0,94.0
519.0,308.0,30.0,94.0
519.0,307.0,30.0,94.0
519.0,307.0,30.0,94.0
519.0,306.0,31.0,95.0
519.0,306.0,31.0,95.0
519.0,305.0,31.0,95.0
519.0,305.0,31.0,96.0
519.0,305.0,31.0,95.0
518.0,304.0,31.0,96.0
519.0,304.0,31.0,96.0
519.0,304.0,31.0,96.0
520.0,303.0,31.0,96.0
520.0,303.0,31.0,95.0
521.0,303.0,30.0,94.0
521.0,304.0,30.0,92.0
523.0,304.0,29.0,91.0
524.0,304.0,29.0,91.0
525.0,304.0,29.0,91.0
527.0,303.0,29.0,90.0
529.0,303.0,29.0,89.0
530.0,302.0,29.0,90.0
532.0,302.0,29.0,90.0
534.0,301.0,29.0,91.0
536.0,300.0,30.0,92.0
537.0,299.0,30.0,93.0
538.0,298.0,30.0,94.0
540.0,298.0,30.0,94.0
542.0,298.0,31.0,95.0
543.0,297.0,31.0,95.0
544.0,297.0,31.0,95.0
546.0,298.0,31.0,95.0
547.0,298.0,31.0,95.0
549.0,298.0,30.0,94.0
550.0,298.0,30.0,94.0
551.0,297.0,31.0,95.0
553.0,295.0,31.0,96.0
555.0,295.0,31.0,96.0
556.0,294.0,32.0,97.0
557.0,293.0,32.0,97.0
559.0,293.0,32.0,97.0
560.0,293.0,31.0,96.0
563.0,293.0,31.0,95.0
564.0,292.0,31.0,96.0
565.0,291.0,32.0,97.0
566.0,292.0,31.0,95.0
566.0,292.0,31.0,95.0
567.0,292.0,31.0,95.0
567.0,292.0,31.0,95.0
568.0,292.0,30.0,93.0
568.0,293.0,30.0,92.0
569.0,292.0,30.0,93.0
569.0,292.0,30.0,92.0
570.0,292.0,30.0,92.0
570.0,291.0,29.0,91.0
571.0,291.0,29.0,91.0
571.0,290.0,30.0,92.0
570.0,289.0,30.0,93.0
571.0,289.0,30.0,93.0
571.0,289.0,30.0,94.0
571.0,288.0,30.0,94.0
571.0,288.0,30.0,94.0
571.0,288.0,30.0,94.0
572.0,288.0,30.0,94.0
572.0,288.0,30.0,94.0
572.0,288.0,30.0,94.0
572.0,288.0,30.0,94.0
573.0,288.0,30.0,93.0
574.0,289.0,30.0,93.0
574.0,288.0,31.0,95.0
575.0,287.0,30.0,93.0
575.0,286.0,31.0,93.0
576.0,285.0,32.0,94.0
577.0,285.0,31.0,92.0
577.0,285.0,31.0,92.0
578.0,284.0,31.0,93.0
578.0,284.0,31.0,93.0
578.0,284.0,31.0,93.0
578.0,284.0,31.0,93.0
579.0,284.0,31.0,93.0
580.0,284.0,31.0,92.0
580.0,285.0,31.0,92.0
580.0,285.0,30.0,91.0
581.0,286.0,30.0,90.0
581.0,286.0,30.0,90.0
582.0,286.0,30.0,89.0
582.0,285.0,30.0,89.0
582.0,285.0,30.0,89.0
583.0,285.0,29.0,88.0
584.0,284.0,30.0,89.0
585.0,284.0,30.0,89.0
585.0,284.0,30.0,90.0
585.0,283.0,31.0,92.0
585.0,283.0,31.0,92.0
585.0,283.0,31.0,92.0
585.0,283.0,31.0,92.0
585.0,283.0,31.0,93.0
585.0,283.0,31.0,93.0
585.0,283.0,31.0,93.0
586.0,284.0,31.0,93.0
586.0,284.0,31.0,92.0
587.0,284.0,31.0,92.0
586.0,283.0,32.0,94.0
587.0,283.0,31.0,93.0
588.0,283.0,31.0,93.0
588.0,282.0,32.0,94.0
588.0,282.0,32.0,94.0
589.0,282.0,31.0,93.0
590.0,282.0,32.0,94.0
590.0,282.0,31.0,92.0
592.0,283.0,30.0,91.0
592.0,283.0,30.0,90.0
593.0,284.0,29.0,89.0
593.0,284.0,29.0,88.0
594.0,284.0,29.0,88.0
595.0,285.0,29.0,87.0
596.0,285.0,29.0,87.0
596.0,285.0,28.0,86.0
598.0,285.0,27.0,85.0
599.0,286.0,27.0,84.0
600.0,286.0,27.0,84.0
601.0,285.0,27.0,84.0
601.0,285.0,27.0,85.0
601.0,285.0,28.0,86.0
602.0,285.0,28.0,87.0
602.0,285.0,28.0,88.0
602.0,284.0,29.0,92.0
603.0,284.0,29.0,92.0
603.0,285.0,29.0,91.0
603.0,285.0,29.0,92.0
603.0,285.0,29.0,92.0
604.0,285.0,29.0,92.0
604.0,285.0,29.0,92.0
605.0,285.0,29.0,91.0
605.0,286.0,29.0,91.0
605.0,285.0,30.0,93.0
606.0,284.0,30.0,93.0
606.0,284.0,30.0,94.0
606.0,283.0,30.0,94.0
606.0,283.0,31.0,95.0
606.0,282.0,31.0,95.0
606.0,282.0,30.0,94.0
607.0,282.0,30.0,94.0
607.0,283.0,30.0,93.0
608.0,283.0,30.0,93.0
608.0,283.0,30.0,93.0
608.0,283.0,30.0,93.0
608.0,284.0,29.0,92.0
608.0,284.0,29.0,92.0
609.0,284.0,29.0,90.0
609.0,284.0,29.0,90.0
609.0,284.0,28.0,89.0
609.0,284.0,28.0,89.0
609.0,284.0,29.0,90.0
610.0,283.0,28.0,89.0
610.0,282.0,29.0,90.0
611.0,281.0,29.0,91.0
611.0,281.0,29.0,91.0
611.0,281.0,30.0,93.0
611.0,281.0,29.0,92.0
610.0,281.0,29.0,92.0
611.0,281.0,29.0,92.0
610.0,281.0,30.0,93.0
611.0,281.0,30.0,93.0
610.0,281.0,30.0,93.0
611.0,281.0,29.0,92.0
610.0,280.0,30.0,93.0
610.0,279.0,30.0,93.0
609.0,278.0,30.0,94.0
608.0,278.0,31.0,95.0
608.0,278.0,30.0,94.0
607.0,277.0,31.0,95.0
606.0,277.0,31.0,95.0
305.0,142.0,10.0,38.0
605.0,279.0,28.0,87.0
604.0,279.0,28.0,87.0
602.0,279.0,28.0,89.0
602.0,279.0,28.0,88.0
601.0,280.0,28.0,88.0
601.0,280.0,28.0,88.0
601.0,280.0,27.0,86.0
600.0,280.0,27.0,86.0
600.0,281.0,27.0,84.0
600.0,281.0,27.0,84.0
599.0,281.0,27.0,84.0
599.0,280.0,27.0,85.0
598.0,280.0,27.0,85.0
597.0,279.0,27.0,86.0
595.0,279.0,28.0,87.0
595.0,279.0,27.0,86.0
593.0,278.0,28.0,87.0
592.0,278.0,27.0,86.0
591.0,278.0,27.0,86.0
589.0,278.0,27.0,86.0
587.0,279.0,27.0,86.0
586.0,279.0,28.0,87.0
585.0,279.0,27.0,85.0
584.0,279.0,27.0,86.0
582.0,279.0,27.0,85.0
580.0,279.0,28.0,87.0
579.0,278.0,27.0,86.0
577.0,278.0,28.0,88.0
577.0,277.0,28.0,87.0
574.0,277.0,28.0,88.0
573.0,276.0,28.0,89.0
572.0,276.0,28.0,89.0
570.0,276.0,28.0,88.0
569.0,276.0,28.0,89.0
567.0,276.0,28.0,87.0
565.0,277.0,28.0,88.0
564.0,277.0,28.0,87.0
562.0,277.0,28.0,88.0
561.0,278.0,28.0,87.0
559.0,278.0,28.0,87.0
558.0,278.0,28.0,87.0
558.0,278.0,27.0,85.0
557.0,278.0,28.0,87.0
556.0,278.0,27.0,85.0
554.0,277.0,28.0,88.0
554.0,277.0,28.0,88.0
552.0,276.0,28.0,89.0
551.0,276.0,28.0,89.0
550.0,276.0,28.0,89.0
549.0,276.0,28.0,88.0
549.0,276.0,28.0,89.0
547.0,276.0,29.0,90.0
547.0,277.0,29.0,90.0
545.0,277.0,30.0,91.0
544.0,278.0,30.0,90.0
544.0,277.0,31.0,92.0
544.0,277.0,31.0,93.0
544.0,277.0,31.0,93.0
543.0,277.0,31.0,93.0
543.0,277.0,32.0,92.0
543.0,276.0,32.0,93.0
544.0,276.0,31.0,92.0
544.0,277.0,31.0,92.0
545.0,277.0,31.0,91.0
546.0,277.0,31.0,91.0
546.0,277.0,31.0,91.0
546.0,277.0,31.0,91.0
547.0,277.0,31.0,91.0
547.0,277.0,30.0,90.0
548.0,278.0,30.0,88.0
548.0,278.0,30.0,88.0
549.0,279.0,30.0,88.0
550.0,280.0,29.0,85.0
551.0,280.0,29.0,86.0
551.0,280.0,29.0,87.0
552.0,280.0,29.0,87.0
552.0,280.0,29.0,87.0
552.0,279.0,29.0,87.0
553.0,279.0,30.0,88.0
552.0,279.0,30.0,88.0
553.0,279.0,30.0,88.0
553.0,279.0,30.0,89.0
553.0,279.0,30.0,89.0
553.0,279.0,30.0,90.0
552.0,279.0,30.0,90.0
551.0,279.0,31.0,91.0
551.0,279.0,31.0,92.0
550.0,280.0,32.0,93.0
550.0,280.0,31.0,92.0
549.0,280.0,31.0,92.0
549.0,280.0,31.0,92.0
549.0,280.0,31.0,92.0
548.0,280.0,31.0,92.0
276.0,143.0,12.0,40.0
551.0,284.0,28.0,83.0
550.0,285.0,29.0,84.0
548.0,285.0,29.0,84.0
548.0,285.0,29.0,84.0
548.0,285.0,28.0,83.0
547.0,285.0,28.0,83.0
546.0,285.0,29.0,85.0
546.0,286.0,28.0,83.0
546.0,287.0,28.0,82.0
545.0,287.0,28.0,82.0
545.0,287.0,28.0,82.0
545.0,288.0,28.0,82.0
545.0,288.0,28.0,82.0
544.0,287.0,28.0,82.0
545.0,287.0,28.0,82.0
545.0,287.0,28.0,82.0
545.0,288.0,27.0,81.0
545.0,287.0,28.0,82.0
545.0,287.0,28.0,82.0
544.0,287.0,28.0,82.0
544.0,287.0,28.0,82.0
544.0,287.0,28.0,82.0
544.0,287.0,28.0,82.0
544.0,288.0,28.0,82.0
544.0,288.0,28.0,83.0
544.0,289.0,27.0,82.0
544.0,289.0,27.0,83.0
544.0,289.0,27.0,83.0
543.0,290.0,27.0,83.0
543.0,290.0,28.0,84.0
542.0,289.0,28.0,83.0
542.0,289.0,28.0,83.0
541.0,289.0,28.0,82.0
540.0,289.0,28.0,83.0
539.0,289.0,28.0,82.0
539.0,288.0,28.0,83.0
538.0,288.0,29.0,84.0
537.0,288.0,28.0,83.0
536.0,288.0,28.0,83.0
535.0,289.0,28.0,83.0
534.0,290.0,28.0,82.0
534.0,291.0,28.0,82.0
533.0,291.0,28.0,82.0
533.0,291.0,28.0,82.0
533.0,291.0,28.0,82.0
532.0,291.0,28.0,82.0
532.0,292.0,28.0,82.0
531.0,292.0,28.0,82.0
531.0,292.0,28.0,82.0
530.0,291.0,28.0,82.0
529.0,291.0,28.0,83.0
529.0,291.0,28.0,83.0
528.0,291.0,28.0,83.0
528.0,291.0,28.0,82.0
527.0,292.0,28.0,82.0
526.0,293.0,28.0,83.0
525.0,293.0,29.0,84.0
525.0,294.0,28.0,83.0
524.0,294.0,28.0,83.0
524.0,294.0,29.0,84.0
524.0,294.0,28.0,83.0
524.0,294.0,29.0,84.0
524.0,294.0,28.0,83.0
524.0,294.0,28.0,83.0
523.0,294.0,28.0,82.0
523.0,294.0,28.0,83.0
523.0,293.0,29.0,84.0
523.0,293.0,29.0,84.0
522.0,293.0,29.0,84.0
522.0,293.0,29.0,85.0
522.0,293.0,29.0,85.0
522.0,293.0,29.0,86.0
522.0,294.0,29.0,86.0
523.0,295.0,29.0,85.0
523.0,296.0,29.0,85.0
nan,nan,nan,nan
nan,nan,nan,nan
nan,nan,nan,nan
nan,nan,nan,nan
nan,nan,nan,nan
nan,nan,nan,nan
nan,nan,nan,nan
nan,nan,nan,nan
nan,nan,nan,nan
nan,nan,nan,nan
nan,nan,nan,nan
nan,nan,nan,nan
nan,nan,nan,nan
nan,nan,nan,nan
nan,nan,nan,nan
nan,nan,nan,nan
nan,nan,nan,nan
nan,nan,nan,nan
nan,nan,nan,nan
nan,nan,nan,nan
nan,nan,nan,nan
nan,nan,nan,nan
nan,nan,nan,nan
nan,nan,nan,nan
nan,nan,nan,nan
nan,nan,nan,nan
545.0,294.0,25.0,55.0
546.0,294.0,25.0,57.0
546.0,294.0,25.0,59.0
547.0,294.0,25.0,61.0
548.0,294.0,26.0,63.0
549.0,294.0,27.0,64.0
549.0,294.0,28.0,66.0
549.0,294.0,28.0,68.0
549.0,294.0,28.0,68.0
550.0,294.0,28.0,69.0
549.0,293.0,29.0,71.0
549.0,293.0,29.0,72.0
549.0,293.0,29.0,71.0
549.0,293.0,29.0,73.0
548.0,292.0,29.0,74.0
547.0,292.0,29.0,75.0
546.0,292.0,30.0,76.0
546.0,291.0,29.0,76.0
545.0,291.0,29.0,77.0
544.0,291.0,29.0,77.0
543.0,291.0,30.0,79.0
543.0,291.0,29.0,79.0
542.0,291.0,30.0,80.0
541.0,291.0,29.0,80.0
540.0,291.0,30.0,81.0
539.0,291.0,30.0,81.0
538.0,291.0,30.0,81.0
537.0,291.0,30.0,81.0
537.0,290.0,30.0,81.0
536.0,289.0,30.0,82.0
535.0,288.0,30.0,82.0
534.0,288.0,30.0,81.0
533.0,289.0,29.0,80.0
532.0,288.0,30.0,82.0
531.0,288.0,30.0,82.0
530.0,288.0,30.0,84.0
529.0,287.0,30.0,86.0
529.0,288.0,29.0,84.0
528.0,288.0,29.0,84.0
528.0,288.0,29.0,85.0
527.0,288.0,29.0,85.0
526.0,287.0,30.0,86.0
526.0,287.0,29.0,85.0
525.0,287.0,29.0,84.0
525.0,286.0,30.0,84.0
524.0,286.0,29.0,82.0
523.0,286.0,30.0,83.0
522.0,285.0,29.0,82.0
521.0,285.0,30.0,84.0
520.0,285.0,30.0,84.0
520.0,285.0,30.0,84.0
519.0,285.0,30.0,84.0
518.0,285.0,30.0,85.0
518.0,285.0,29.0,84.0
517.0,285.0,30.0,86.0
517.0,285.0,30.0,86.0
517.0,285.0,30.0,86.0
516.0,285.0,29.0,85.0
516.0,285.0,29.0,85.0
515.0,285.0,29.0,83.0
515.0,285.0,29.0,82.0
515.0,284.0,29.0,83.0
514.0,284.0,29.0,82.0
514.0,284.0,29.0,82.0
514.0,284.0,29.0,82.0
514.0,284.0,29.0,82.0
514.0,284.0,29.0,82.0
514.0,284.0,28.0,81.0
514.0,284.0,29.0,82.0
514.0,284.0,29.0,82.0
