740.0,214.0,89.0,190.0
740.0,213.0,90.0,191.0
740.0,212.0,90.0,192.0
740.0,210.0,90.0,192.0
741.0,208.0,91.0,195.0
742.0,208.0,90.0,194.0
742.0,206.0,90.0,197.0
743.0,205.0,90.0,197.0
744.0,204.0,90.0,196.0
746.0,202.0,89.0,196.0
747.0,200.0,89.0,196.0
747.0,198.0,88.0,196.0
748.0,196.0,87.0,196.0
749.0,195.0,86.0,194.0
749.0,190.0,89.0,198.0
749.0,188.0,89.0,198.0
750.0,188.0,88.0,194.0
750.0,187.0,88.0,191.0
750.0,185.0,88.0,189.0
752.0,183.0,88.0,189.0
752.0,181.0,88.0,189.0
754.0,179.0,88.0,189.0
755.0,179.0,87.0,186.0
754.0,177.0,89.0,191.0
754.0,176.0,89.0,191.0
755.0,176.0,88.0,189.0
756.0,174.0,88.0,190.0
756.0,173.0,88.0,191.0
758.0,171.0,87.0,191.0
759.0,171.0,86.0,189.0
760.0,168.0,87.0,192.0
762.0,168.0,86.0,190.0
764.0,167.0,85.0,192.0
764.0,164.0,85.0,193.0
765.0,162.0,85.0,193.0
766.0,160.0,85.0,193.0
767.0,158.0,85.0,193.0
769.0,157.0,84.0,190.0
770.0,155.0,84.0,190.0
771.0,154.0,84.0,189.0
772.0,152.0,84.0,187.0
774.0,150.0,84.0,185.0
775.0,150.0,83.0,181.0
775.0,148.0,85.0,183.0
776.0,148.0,84.0,181.0
776.0,147.0,84.0,181.0
777.0,147.0,83.0,179.0
778.0,146.0,83.0,179.0
778.0,145.0,84.0,181.0
778.0,143.0,84.0,182.0
778.0,142.0,85.0,182.0
778.0,140.0,85.0,183.0
778.0,139.0,85.0,184.0
777.0,139.0,84.0,184.0
777.0,138.0,83.0,183.0
777.0,137.0,83.0,183.0
776.0,135.0,82.0,183.0
776.0,135.0,80.0,181.0
774.0,133.0,80.0,181.0
772.0,131.0,80.0,180.0
770.0,130.0,80.0,180.0
769.0,128.0,80.0,178.0
766.0,127.0,81.0,178.0
765.0,126.0,81.0,177.0
764.0,125.0,80.0,174.0
763.0,123.0,79.0,173.0
762.0,122.0,79.0,173.0
387.0,69.0,27.0,67.0
763.0,126.0,72.0,156.0
763.0,126.0,71.0,156.0
761.0,125.0,72.0,159.0
761.0,125.0,72.0,159.0
760.0,124.0,72.0,161.0
759.0,124.0,72.0,161.0
758.0,123.0,73.0,162.0
757.0,123.0,73.0,163.0
756.0,122.0,74.0,164.0
756.0,121.0,75.0,167.0
756.0,120.0,75.0,168.0
756.0,121.0,74.0,168.0
757.0,120.0,74.0,169.0
757.0,120.0,74.0,170.0
758.0,119.0,74.0,170.0
759.0,118.0,74.0,171.0
760.0,118.0,74.0,169.0
759.0,116.0,75.0,172.0
760.0,116.0,75.0,171.0
760.0,115.0,75.0,171.0
761.0,116.0,76.0,169.0
762.0,116.0,77.0,167.0
763.0,116.0,77.0,166.0
764.0,116.0,76.0,163.0
766.0,115.0,76.0,163.0
766.0,114.0,75.0,163.0
766.0,115.0,77.0,163.0
766.0,116.0,77.0,162.0
766.0,116.0,79.0,165.0
767.0,116.0,79.0,165.0
769.0,116.0,78.0,165.0
769.0,116.0,79.0,167.0
770.0,116.0,79.0,169.0
771.0,119.0,77.0,166.0
771.0,118.0,78.0,168.0
771.0,117.0,79.0,170.0
770.0,117.0,80.0,171.0
770.0,117.0,80.0,172.0
771.0,118.0,79.0,171.0
772.0,116.0,79.0,173.0
772.0,117.0,77.0,171.0
772.0,117.0,77.0,170.0
773.0,118.0,76.0,167.0
772.0,118.0,75.0,164.0
771.0,118.0,76.0,165.0
771.0,118.0,75.0,162.0
770.0,118.0,75.0,161.0
769.0,118.0,74.0,160.0
767.0,118.0,74.0,159.0
765.0,118.0,73.0,158.0
762.0,118.0,74.0,160.0
760.0,120.0,72.0,157.0
758.0,120.0,72.0,157.0
756.0,120.0,71.0,156.0
754.0,121.0,71.0,156.0
750.0,120.0,72.0,158.0
749.0,121.0,71.0,158.0
746.0,121.0,71.0,159.0
744.0,122.0,70.0,158.0
742.0,121.0,71.0,161.0
741.0,121.0,71.0,162.0
739.0,121.0,71.0,163.0
737.0,121.0,71.0,163.0
734.0,120.0,72.0,165.0
733.0,120.0,73.0,165.0
731.0,120.0,72.0,164.0
730.0,119.0,73.0,166.0
729.0,119.0,73.0,167.0
729.0,120.0,73.0,164.0
727.0,118.0,74.0,166.0
728.0,119.0,73.0,163.0
728.0,119.0,73.0,162.0
728.0,119.0,73.0,161.0
729.0,119.0,73.0,161.0
728.0,119.0,74.0,161.0
369.0,67.0,26.0,64.0
732.0,125.0,66.0,147.0
733.0,127.0,66.0,148.0
733.0,127.0,65.0,149.0
734.0,128.0,64.0,149.0
734.0,129.0,64.0,150.0
734.0,130.0,64.0,150.0
733.0,129.0,65.0,152.0
734.0,130.0,64.0,151.0
735.0,131.0,63.0,150.0
735.0,130.0,63.0,152.0
736.0,131.0,62.0,151.0
736.0,131.0,62.0,151.0
737.0,132.0,62.0,150.0
737.0,132.0,62.0,149.0
736.0,132.0,63.0,150.0
736.0,133.0,62.0,148.0
736.0,134.0,63.0,147.0
736.0,135.0,63.0,144.0
736.0,136.0,64.0,143.0
735.0,136.0,64.0,143.0
735.0,138.0,64.0,141.0
735.0,139.0,65.0,141.0
736.0,139.0,64.0,142.0
737.0,139.0,63.0,143.0
738.0,140.0,62.0,144.0
739.0,140.0,62.0,145.0
739.0,141.0,62.0,146.0
740.0,142.0,62.0,146.0
741.0,143.0,62.0,146.0
741.0,143.0,62.0,147.0
742.0,145.0,61.0,145.0
741.0,144.0,62.0,148.0
741.0,144.0,62.0,149.0
740.0,144.0,62.0,150.0
740.0,144.0,62.0,149.0
739.0,144.0,62.0,148.0
739.0,144.0,62.0,147.0
738.0,144.0,63.0,149.0
737.0,144.0,62.0,148.0
737.0,145.0,61.0,145.0
736.0,145.0,62.0,144.0
733.0,145.0,63.0,145.0
731.0,145.0,64.0,144.0
728.0,145.0,64.0,144.0
725.0,145.0,65.0,145.0
723.0,146.0,65.0,145.0
720.0,146.0,66.0,146.0
717.0,146.0,66.0,147.0
714.0,146.0,66.0,147.0
711.0,146.0,66.0,148.0
708.0,147.0,66.0,148.0
704.0,146.0,66.0,151.0
702.0,147.0,65.0,149.0
698.0,148.0,64.0,149.0
696.0,148.0,62.0,147.0
693.0,147.0,62.0,148.0
690.0,147.0,62.0,148.0
687.0,147.0,61.0,146.0
685.0,147.0,61.0,145.0
682.0,147.0,60.0,143.0
680.0,147.0,60.0,142.0
678.0,146.0,60.0,142.0
675.0,145.0,61.0,142.0
674.0,145.0,60.0,140.0
673.0,144.0,61.0,142.0
672.0,145.0,60.0,141.0
672.0,144.0,61.0,142.0
672.0,144.0,60.0,142.0
671.0,143.0,61.0,145.0
671.0,143.0,60.0,145.0
671.0,143.0,61.0,146.0
672.0,144.0,60.0,144.0
672.0,144.0,60.0,144.0
672.0,143.0,60.0,145.0
672.0,142.0,61.0,148.0
672.0,141.0,61.0,149.0
672.0,139.0,61.0,149.0
673.0,139.0,60.0,148.0
673.0,138.0,60.0,150.0
673.0,136.0,61.0,150.0
673.0,136.0,62.0,150.0
673.0,136.0,62.0,148.0
674.0,135.0,62.0,148.0
675.0,133.0,63.0,150.0
676.0,134.0,62.0,147.0
676.0,133.0,62.0,146.0
676.0,131.0,63.0,146.0
675.0,130.0,64.0,145.0
676.0,129.0,63.0,145.0
677.0,129.0,62.0,143.0
677.0,128.0,63.0,145.0
676.0,128.0,63.0,144.0
674.0,127.0,63.0,145.0
672.0,127.0,64.0,145.0
670.0,126.0,64.0,145.0
668.0,126.0,64.0,144.0
666.0,126.0,64.0,144.0
664.0,125.0,63.0,145.0
662.0,123.0,63.0,147.0
660.0,123.0,62.0,147.0
659.0,122.0,61.0,147.0
657.0,121.0,60.0,147.0
331.0,63.0,23.0,71.0
654.0,116.0,65.0,160.0
652.0,113.0,66.0,162.0
651.0,113.0,66.0,159.0
650.0,112.0,66.0,159.0
648.0,111.0,67.0,159.0
647.0,110.0,67.0,158.0
646.0,108.0,68.0,160.0
646.0,108.0,67.0,160.0
646.0,107.0,67.0,160.0
645.0,106.0,67.0,161.0
645.0,106.0,66.0,160.0
644.0,104.0,67.0,162.0
643.0,104.0,68.0,162.0
644.0,103.0,68.0,163.0
643.0,103.0,69.0,163.0
645.0,102.0,69.0,163.0
645.0,102.0,69.0,163.0
646.0,101.0,68.0,164.0
648.0,101.0,67.0,162.0
648.0,101.0,67.0,163.0
649.0,100.0,67.0,163.0
651.0,99.0,66.0,163.0
652.0,97.0,67.0,165.0
653.0,96.0,67.0,165.0
655.0,95.0,67.0,165.0
657.0,93.0,68.0,166.0
659.0,92.0,68.0,166.0
660.0,91.0,68.0,165.0
661.0,90.0,70.0,165.0
662.0,89.0,70.0,164.0
665.0,89.0,70.0,164.0
667.0,88.0,69.0,164.0
669.0,88.0,69.0,164.0
670.0,87.0,69.0,164.0
671.0,88.0,69.0,162.0
672.0,88.0,69.0,162.0
673.0,87.0,70.0,162.0
675.0,87.0,69.0,161.0
676.0,88.0,68.0,160.0
677.0,87.0,69.0,160.0
678.0,85.0,70.0,163.0
680.0,86.0,70.0,161.0
681.0,86.0,69.0,161.0
682.0,85.0,68.0,162.0
684.0,85.0,67.0,162.0
685.0,84.0,66.0,161.0
686.0,84.0,66.0,161.0
687.0,83.0,65.0,160.0
688.0,83.0,65.0,158.0
688.0,83.0,65.0,158.0
687.0,81.0,66.0,159.0
688.0,81.0,66.0,158.0
688.0,81.0,66.0,156.0
687.0,80.0,67.0,156.0
687.0,79.0,67.0,157.0
687.0,79.0,68.0,159.0
688.0,79.0,68.0,159.0
688.0,78.0,68.0,160.0
688.0,79.0,68.0,161.0
688.0,78.0,68.0,161.0
687.0,78.0,69.0,164.0
687.0,77.0,69.0,164.0
687.0,77.0,69.0,165.0
687.0,77.0,69.0,165.0
688.0,78.0,69.0,165.0
688.0,79.0,68.0,163.0
688.0,79.0,67.0,162.0
688.0,79.0,67.0,162.0
688.0,79.0,67.0,162.0
688.0,79.0,66.0,162.0
688.0,78.0,66.0,164.0
689.0,77.0,65.0,164.0
689.0,77.0,66.0,163.0
689.0,77.0,66.0,163.0
689.0,77.0,66.0,162.0
690.0,77.0,66.0,161.0
690.0,76.0,67.0,161.0
690.0,76.0,67.0,160.0
690.0,77.0,67.0,160.0
690.0,77.0,68.0,159.0
690.0,78.0,69.0,159.0
690.0,79.0,68.0,157.0
690.0,80.0,67.0,158.0
690.0,80.0,68.0,160.0
689.0,82.0,68.0,158.0
688.0,82.0,69.0,159.0
688.0,84.0,69.0,158.0
687.0,84.0,69.0,158.0
687.0,85.0,68.0,158.0
687.0,86.0,68.0,158.0
687.0,86.0,67.0,159.0
687.0,86.0,67.0,160.0
348.0,49.0,24.0,68.0
690.0,86.0,63.0,155.0
689.0,86.0,63.0,156.0
688.0,85.0,64.0,159.0
688.0,86.0,64.0,158.0
688.0,87.0,64.0,157.0
687.0,87.0,65.0,158.0
687.0,88.0,65.0,157.0
688.0,89.0,64.0,154.0
687.0,90.0,63.0,153.0
687.0,90.0,64.0,156.0
686.0,91.0,65.0,156.0
686.0,91.0,65.0,157.0
685.0,91.0,66.0,159.0
685.0,92.0,66.0,159.0
686.0,94.0,65.0,157.0
685.0,95.0,65.0,158.0
684.0,94.0,66.0,161.0
684.0,96.0,65.0,161.0
683.0,96.0,67.0,163.0
683.0,97.0,66.0,161.0
682.0,98.0,66.0,162.0
682.0,98.0,66.0,162.0
681.0,99.0,66.0,161.0
681.0,100.0,65.0,161.0
680.0,100.0,64.0,160.0
678.0,99.0,65.0,163.0
677.0,99.0,64.0,162.0
675.0,99.0,65.0,162.0
673.0,100.0,65.0,161.0
671.0,101.0,64.0,158.0
668.0,100.0,65.0,159.0
666.0,101.0,65.0,158.0
663.0,101.0,64.0,155.0
660.0,102.0,65.0,157.0
656.0,102.0,65.0,157.0
654.0,103.0,64.0,155.0
650.0,104.0,64.0,155.0
646.0,105.0,64.0,154.0
642.0,105.0,65.0,156.0
638.0,106.0,64.0,154.0
635.0,107.0,64.0,155.0
631.0,108.0,64.0,155.0
627.0,108.0,65.0,157.0
623.0,109.0,65.0,158.0
620.0,111.0,64.0,155.0
616.0,111.0,64.0,155.0
613.0,111.0,65.0,157.0
610.0,111.0,64.0,157.0
607.0,111.0,64.0,156.0
604.0,113.0,63.0,154.0
602.0,113.0,62.0,153.0
599.0,115.0,61.0,151.0
597.0,115.0,61.0,150.0
595.0,115.0,62.0,151.0
592.0,116.0,60.0,150.0
590.0,117.0,60.0,150.0
588.0,118.0,60.0,150.0
587.0,118.0,60.0,151.0
585.0,119.0,62.0,153.0
585.0,120.0,61.0,152.0
585.0,120.0,61.0,152.0
585.0,122.0,61.0,152.0
584.0,122.0,61.0,153.0
584.0,122.0,62.0,155.0
584.0,123.0,62.0,153.0
583.0,123.0,63.0,155.0
584.0,123.0,62.0,156.0
585.0,125.0,61.0,155.0
586.0,125.0,60.0,155.0
586.0,125.0,61.0,157.0
585.0,124.0,62.0,158.0
586.0,124.0,63.0,158.0
587.0,124.0,62.0,160.0
588.0,124.0,62.0,160.0
589.0,124.0,62.0,162.0
590.0,124.0,62.0,161.0
591.0,124.0,62.0,160.0
592.0,125.0,62.0,160.0
592.0,126.0,63.0,159.0
593.0,126.0,63.0,159.0
593.0,127.0,63.0,158.0
593.0,127.0,65.0,160.0
594.0,129.0,64.0,159.0
595.0,130.0,64.0,159.0
595.0,131.0,64.0,158.0
594.0,132.0,65.0,158.0
594.0,133.0,66.0,159.0
596.0,133.0,65.0,159.0
597.0,136.0,64.0,157.0
598.0,136.0,63.0,157.0
599.0,137.0,64.0,157.0
600.0,139.0,63.0,155.0
600.0,139.0,64.0,156.0
601.0,140.0,64.0,155.0
601.0,140.0,64.0,154.0
601.0,139.0,65.0,156.0
602.0,140.0,64.0,154.0
604.0,140.0,62.0,153.0
606.0,142.0,60.0,150.0
606.0,142.0,60.0,151.0
606.0,143.0,61.0,151.0
606.0,143.0,62.0,152.0
608.0,143.0,61.0,152.0
609.0,143.0,61.0,153.0
310.0,77.0,21.0,66.0
611.0,143.0,61.0,159.0
611.0,145.0,61.0,157.0
613.0,146.0,61.0,156.0
613.0,145.0,63.0,160.0
614.0,146.0,64.0,160.0
615.0,147.0,64.0,160.0
617.0,147.0,64.0,161.0
619.0,147.0,64.0,161.0
621.0,147.0,63.0,162.0
622.0,146.0,64.0,164.0
623.0,145.0,65.0,167.0
625.0,145.0,65.0,167.0
628.0,146.0,64.0,165.0
630.0,146.0,63.0,164.0
632.0,145.0,62.0,165.0
635.0,145.0,62.0,163.0
636.0,145.0,62.0,163.0
638.0,145.0,63.0,162.0
639.0,145.0,63.0,161.0
641.0,146.0,63.0,160.0
643.0,147.0,63.0,158.0
643.0,147.0,64.0,159.0
644.0,148.0,65.0,160.0
645.0,148.0,65.0,161.0
645.0,148.0,66.0,162.0
647.0,149.0,67.0,160.0
647.0,150.0,68.0,160.0
647.0,149.0,68.0,162.0
648.0,150.0,68.0,163.0
649.0,151.0,67.0,161.0
650.0,150.0,68.0,162.0
650.0,151.0,68.0,162.0
652.0,152.0,67.0,160.0
652.0,152.0,66.0,159.0
652.0,151.0,66.0,159.0
653.0,151.0,65.0,158.0
651.0,151.0,64.0,157.0
650.0,152.0,63.0,155.0
648.0,151.0,64.0,156.0
648.0,152.0,62.0,154.0
647.0,151.0,63.0,156.0
647.0,152.0,62.0,156.0
644.0,151.0,62.0,157.0
643.0,151.0,61.0,158.0
641.0,151.0,60.0,157.0
638.0,150.0,62.0,159.0
634.0,152.0,62.0,157.0
631.0,151.0,64.0,159.0
628.0,151.0,64.0,160.0
626.0,151.0,64.0,160.0
622.0,150.0,65.0,163.0
620.0,150.0,65.0,163.0
618.0,151.0,65.0,160.0
616.0,151.0,65.0,160.0
615.0,149.0,65.0,163.0
614.0,148.0,64.0,164.0
613.0,146.0,64.0,166.0
612.0,147.0,63.0,164.0
611.0,146.0,63.0,165.0
610.0,145.0,62.0,165.0
610.0,146.0,61.0,162.0
610.0,146.0,61.0,161.0
610.0,146.0,60.0,160.0
610.0,144.0,61.0,161.0
611.0,145.0,61.0,159.0
612.0,145.0,61.0,158.0
612.0,144.0,62.0,159.0
613.0,144.0,63.0,159.0
614.0,145.0,64.0,160.0
615.0,144.0,65.0,160.0
618.0,145.0,64.0,159.0
619.0,144.0,65.0,161.0
621.0,145.0,66.0,161.0
623.0,146.0,66.0,158.0
625.0,146.0,66.0,158.0
629.0,147.0,65.0,155.0
631.0,147.0,65.0,156.0
635.0,147.0,63.0,154.0
637.0,146.0,64.0,155.0
640.0,147.0,62.0,153.0
642.0,146.0,62.0,154.0
644.0,146.0,62.0,152.0
645.0,146.0,63.0,154.0
647.0,146.0,62.0,152.0
648.0,146.0,62.0,152.0
650.0,146.0,61.0,153.0
651.0,147.0,60.0,151.0
652.0,146.0,60.0,152.0
652.0,146.0,60.0,152.0
653.0,146.0,60.0,152.0
653.0,146.0,61.0,152.0
653.0,146.0,61.0,153.0
652.0,147.0,61.0,153.0
652.0,146.0,62.0,153.0
650.0,145.0,62.0,155.0
650.0,145.0,63.0,156.0
649.0,145.0,62.0,155.0
649.0,145.0,62.0,155.0
649.0,147.0,61.0,153.0
648.0,146.0,62.0,154.0
648.0,144.0,62.0,155.0
648.0,144.0,63.0,156.0
328.0,78.0,23.0,65.0
651.0,146.0,56.0,151.0
651.0,145.0,56.0,152.0
651.0,144.0,55.0,152.0
651.0,144.0,55.0,150.0
651.0,142.0,56.0,154.0
649.0,142.0,56.0,154.0
648.0,142.0,56.0,152.0
646.0,142.0,56.0,152.0
646.0,143.0,56.0,149.0
645.0,141.0,58.0,151.0
645.0,142.0,57.0,147.0
643.0,142.0,58.0,148.0
641.0,141.0,58.0,149.0
639.0,141.0,59.0,150.0
638.0,142.0,60.0,148.0
635.0,143.0,60.0,146.0
634.0,143.0,61.0,144.0
633.0,142.0,62.0,146.0
633.0,143.0,60.0,143.0
632.0,142.0,61.0,146.0
632.0,142.0,60.0,144.0
632.0,142.0,58.0,143.0
632.0,142.0,58.0,144.0
632.0,142.0,57.0,141.0
632.0,142.0,57.0,141.0
632.0,142.0,55.0,138.0
630.0,140.0,56.0,143.0
630.0,140.0,55.0,142.0
629.0,139.0,54.0,143.0
629.0,139.0,53.0,142.0
628.0,137.0,53.0,144.0
628.0,136.0,52.0,144.0
628.0,136.0,52.0,143.0
628.0,135.0,54.0,147.0
627.0,135.0,53.0,145.0
626.0,134.0,55.0,147.0
625.0,134.0,56.0,147.0
624.0,134.0,57.0,146.0
624.0,135.0,57.0,144.0
623.0,134.0,57.0,145.0
622.0,134.0,58.0,143.0
622.0,133.0,59.0,146.0
622.0,133.0,59.0,144.0
623.0,133.0,59.0,144.0
624.0,132.0,59.0,144.0
624.0,131.0,58.0,144.0
626.0,131.0,58.0,143.0
626.0,129.0,58.0,145.0
626.0,127.0,57.0,145.0
626.0,127.0,56.0,144.0
625.0,126.0,56.0,145.0
625.0,125.0,55.0,144.0
626.0,125.0,54.0,142.0
624.0,123.0,54.0,144.0
624.0,124.0,53.0,142.0
623.0,123.0,52.0,142.0
622.0,122.0,53.0,142.0
620.0,121.0,55.0,144.0
618.0,121.0,56.0,144.0
616.0,120.0,57.0,143.0
615.0,120.0,57.0,141.0
613.0,120.0,59.0,142.0
612.0,119.0,58.0,140.0
613.0,119.0,58.0,138.0
611.0,118.0,58.0,138.0
611.0,117.0,58.0,140.0
611.0,119.0,58.0,138.0
611.0,118.0,58.0,138.0
610.0,118.0,58.0,138.0
608.0,117.0,59.0,139.0
608.0,116.0,59.0,139.0
607.0,115.0,59.0,139.0
606.0,116.0,57.0,138.0
605.0,115.0,57.0,140.0
605.0,114.0,56.0,140.0
605.0,113.0,54.0,140.0
604.0,113.0,53.0,140.0
603.0,112.0,52.0,140.0
602.0,112.0,51.0,141.0
600.0,112.0,51.0,142.0
599.0,110.0,52.0,143.0
597.0,111.0,52.0,142.0
595.0,109.0,53.0,143.0
593.0,109.0,54.0,143.0
592.0,109.0,55.0,141.0
590.0,110.0,55.0,139.0
588.0,109.0,56.0,139.0
586.0,108.0,58.0,141.0
585.0,108.0,59.0,141.0
585.0,108.0,58.0,139.0
585.0,108.0,58.0,139.0
584.0,107.0,58.0,140.0
585.0,108.0,57.0,139.0
585.0,107.0,57.0,140.0
585.0,106.0,57.0,142.0
585.0,106.0,57.0,140.0
584.0,106.0,56.0,140.0
583.0,105.0,56.0,140.0
583.0,104.0,54.0,139.0
583.0,104.0,52.0,138.0
583.0,102.0,51.0,139.0
582.0,102.0,50.0,140.0
580.0,102.0,50.0,141.0
579.0,102.0,50.0,142.0
577.0,101.0,51.0,142.0
575.0,101.0,52.0,142.0
574.0,101.0,53.0,140.0
572.0,101.0,54.0,140.0
571.0,100.0,54.0,140.0
569.0,101.0,54.0,138.0
568.0,101.0,55.0,137.0
567.0,102.0,55.0,136.0
565.0,102.0,56.0,136.0
282.0,56.0,25.0,58.0
560.0,102.0,59.0,135.0
560.0,103.0,59.0,135.0
559.0,103.0,59.0,135.0
558.0,103.0,59.0,135.0
558.0,103.0,58.0,136.0
556.0,103.0,57.0,136.0
555.0,103.0,57.0,137.0
553.0,104.0,56.0,137.0
551.0,104.0,56.0,137.0
549.0,104.0,55.0,138.0
547.0,104.0,55.0,138.0
545.0,106.0,53.0,137.0
542.0,105.0,52.0,138.0
541.0,106.0,50.0,136.0
539.0,107.0,51.0,136.0
536.0,107.0,52.0,137.0
534.0,107.0,52.0,137.0
532.0,107.0,54.0,137.0
529.0,108.0,55.0,135.0
526.0,108.0,57.0,137.0
525.0,109.0,58.0,136.0
523.0,110.0,59.0,136.0
521.0,111.0,60.0,135.0
520.0,111.0,60.0,135.0
519.0,112.0,60.0,136.0
518.0,112.0,61.0,137.0
517.0,112.0,61.0,137.0
517.0,113.0,60.0,138.0
516.0,112.0,61.0,139.0
515.0,113.0,61.0,139.0
514.0,113.0,61.0,139.0
514.0,115.0,59.0,138.0
513.0,116.0,58.0,138.0
511.0,116.0,57.0,138.0
510.0,117.0,56.0,138.0
509.0,118.0,54.0,137.0
507.0,117.0,53.0,139.0
506.0,118.0,51.0,139.0
505.0,119.0,51.0,139.0
503.0,120.0,52.0,140.0
501.0,121.0,53.0,140.0
500.0,123.0,54.0,138.0
498.0,124.0,55.0,137.0
496.0,125.0,57.0,138.0
495.0,126.0,58.0,136.0
494.0,127.0,58.0,137.0
493.0,128.0,58.0,135.0
492.0,128.0,60.0,137.0
492.0,130.0,59.0,135.0
492.0,131.0,60.0,135.0
491.0,132.0,59.0,134.0
491.0,133.0,59.0,134.0
491.0,134.0,58.0,134.0
490.0,134.0,59.0,135.0
490.0,135.0,57.0,133.0
489.0,135.0,56.0,133.0
489.0,135.0,55.0,134.0
489.0,136.0,54.0,134.0
489.0,136.0,53.0,135.0
488.0,137.0,52.0,134.0
487.0,137.0,51.0,134.0
487.0,138.0,50.0,134.0
485.0,138.0,52.0,134.0
484.0,138.0,54.0,136.0
483.0,139.0,54.0,135.0
481.0,139.0,57.0,136.0
481.0,139.0,58.0,136.0
480.0,141.0,58.0,132.0
479.0,142.0,58.0,132.0
479.0,143.0,59.0,131.0
478.0,144.0,60.0,130.0
477.0,144.0,60.0,130.0
477.0,145.0,60.0,131.0
477.0,146.0,61.0,131.0
477.0,147.0,60.0,129.0
476.0,146.0,61.0,131.0
475.0,146.0,62.0,132.0
474.0,147.0,61.0,132.0
473.0,147.0,61.0,132.0
473.0,147.0,61.0,133.0
473.0,147.0,60.0,134.0
473.0,148.0,58.0,133.0
473.0,148.0,56.0,134.0
474.0,149.0,55.0,132.0
474.0,150.0,53.0,132.0
474.0,151.0,52.0,132.0
475.0,152.0,52.0,133.0
476.0,152.0,51.0,134.0
477.0,153.0,51.0,135.0
478.0,154.0,52.0,134.0
479.0,155.0,53.0,135.0
480.0,155.0,55.0,136.0
482.0,156.0,55.0,135.0
485.0,158.0,55.0,133.0
487.0,159.0,56.0,132.0
490.0,160.0,56.0,132.0
493.0,161.0,55.0,132.0
497.0,162.0,55.0,131.0
501.0,162.0,55.0,132.0
505.0,163.0,54.0,132.0
509.0,164.0,54.0,132.0
513.0,164.0,54.0,132.0
517.0,165.0,52.0,130.0
521.0,165.0,52.0,131.0
526.0,166.0,51.0,130.0
530.0,165.0,52.0,132.0
535.0,165.0,51.0,133.0
541.0,166.0,50.0,130.0
545.0,166.0,52.0,131.0
551.0,168.0,51.0,129.0
556.0,168.0,52.0,130.0
283.0,88.0,20.0,59.0
562.0,165.0,60.0,143.0
567.0,166.0,60.0,142.0
571.0,166.0,62.0,144.0
577.0,167.0,61.0,141.0
582.0,168.0,62.0,141.0
586.0,168.0,63.0,143.0
591.0,167.0,63.0,143.0
596.0,168.0,63.0,141.0
601.0,168.0,65.0,142.0
604.0,168.0,65.0,141.0
611.0,170.0,63.0,138.0
614.0,168.0,64.0,143.0
619.0,168.0,63.0,143.0
622.0,168.0,63.0,143.0
625.0,168.0,63.0,142.0
627.0,168.0,63.0,141.0
631.0,167.0,63.0,143.0
633.0,166.0,62.0,143.0
636.0,167.0,60.0,142.0
637.0,167.0,60.0,142.0
638.0,167.0,59.0,141.0
639.0,168.0,59.0,140.0
639.0,168.0,60.0,141.0
639.0,168.0,60.0,140.0
638.0,168.0,60.0,141.0
636.0,167.0,62.0,143.0
635.0,167.0,61.0,141.0
632.0,167.0,62.0,143.0
631.0,167.0,61.0,141.0
627.0,167.0,62.0,143.0
626.0,167.0,61.0,141.0
624.0,167.0,60.0,140.0
622.0,166.0,59.0,140.0
619.0,165.0,59.0,142.0
617.0,164.0,59.0,141.0
613.0,164.0,60.0,141.0
610.0,164.0,60.0,140.0
608.0,164.0,60.0,140.0
605.0,163.0,60.0,140.0
603.0,163.0,60.0,140.0
601.0,162.0,60.0,139.0
599.0,162.0,60.0,139.0
598.0,162.0,60.0,139.0
596.0,160.0,60.0,140.0
596.0,161.0,60.0,138.0
595.0,160.0,59.0,137.0
595.0,161.0,59.0,135.0
594.0,161.0,60.0,135.0
593.0,161.0,61.0,135.0
593.0,160.0,62.0,135.0
592.0,160.0,63.0,136.0
592.0,160.0,64.0,137.0
594.0,160.0,63.0,137.0
596.0,159.0,63.0,137.0
598.0,160.0,62.0,136.0
599.0,159.0,62.0,136.0
602.0,160.0,60.0,134.0
603.0,160.0,60.0,134.0
604.0,158.0,60.0,135.0
605.0,157.0,60.0,136.0
606.0,156.0,60.0,136.0
607.0,156.0,59.0,134.0
608.0,156.0,59.0,134.0
610.0,156.0,58.0,132.0
610.0,154.0,59.0,134.0
610.0,154.0,59.0,134.0
611.0,153.0,59.0,134.0
611.0,152.0,59.0,134.0
611.0,152.0,59.0,133.0
611.0,151.0,59.0,133.0
609.0,151.0,59.0,135.0
606.0,149.0,60.0,138.0
605.0,148.0,60.0,139.0
603.0,149.0,60.0,138.0
601.0,148.0,59.0,138.0
597.0,148.0,60.0,139.0
594.0,147.0,60.0,139.0
592.0,148.0,59.0,137.0
588.0,148.0,59.0,137.0
585.0,147.0,59.0,137.0
581.0,147.0,59.0,138.0
577.0,146.0,59.0,138.0
575.0,146.0,58.0,137.0
570.0,144.0,59.0,139.0
568.0,144.0,59.0,139.0
566.0,144.0,59.0,139.0
564.0,143.0,60.0,140.0
562.0,143.0,60.0,140.0
561.0,142.0,60.0,139.0
560.0,142.0,60.0,139.0
559.0,142.0,58.0,137.0
558.0,142.0,60.0,138.0
556.0,141.0,60.0,138.0
555.0,141.0,60.0,138.0
555.0,141.0,60.0,137.0
553.0,141.0,60.0,138.0
553.0,141.0,60.0,139.0
553.0,142.0,60.0,137.0
552.0,142.0,59.0,137.0
551.0,141.0,60.0,138.0
552.0,141.0,59.0,138.0
551.0,141.0,58.0,138.0
552.0,141.0,58.0,137.0
