664.0,31.0,49.0,145.0
664.0,30.0,49.0,145.0
664.0,31.0,49.0,145.0
664.0,30.0,49.0,145.0
664.0,31.0,49.0,145.0
664.0,30.0,49.0,145.0
664.0,31.0,49.0,145.0
664.0,29.0,49.0,145.0
666.0,29.0,49.0,145.0
665.0,28.0,48.0,145.0
666.0,29.0,48.0,145.0
666.0,28.0,49.0,145.0
666.0,29.0,49.0,145.0
668.0,28.0,49.0,145.0
670.0,29.0,49.0,145.0
670.0,28.0,49.0,145.0
670.0,29.0,49.0,145.0
670.0,28.0,49.0,145.0
672.0,29.0,50.0,145.0
673.0,30.0,50.0,145.0
674.0,31.0,49.0,145.0
674.0,30.0,49.0,145.0
676.0,31.0,49.0,145.0
678.0,30.0,49.0,145.0
678.0,31.0,49.0,145.0
678.0,30.0,49.0,145.0
678.0,31.0,49.0,145.0
678.0,30.0,49.0,145.0
680.0,31.0,49.0,145.0
682.0,32.0,49.0,145.0
682.0,33.0,49.0,145.0
682.0,32.0,49.0,145.0
682.0,33.0,49.0,145.0
684.0,32.0,49.0,145.0
686.0,33.0,49.0,145.0
684.0,34.0,49.0,145.0
686.0,35.0,49.0,145.0
684.0,34.0,49.0,145.0
686.0,35.0,49.0,145.0
684.0,36.0,49.0,145.0
686.0,37.0,49.0,145.0
685.0,36.0,49.0,146.0
686.0,39.0,49.0,146.0
686.0,38.0,49.0,146.0
686.0,39.0,49.0,146.0
688.0,40.0,49.0,146.0
690.0,41.0,49.0,146.0
690.0,40.0,49.0,146.0
692.0,43.0,49.0,146.0
694.0,42.0,49.0,146.0
694.0,43.0,49.0,146.0
694.0,42.0,49.0,146.0
694.0,45.0,49.0,146.0
696.0,44.0,49.0,146.0
698.0,47.0,49.0,146.0
696.0,46.0,49.0,146.0
698.0,49.0,49.0,145.0
696.0,48.0,49.0,145.0
698.0,49.0,49.0,145.0
696.0,50.0,49.0,146.0
698.0,51.0,49.0,146.0
696.0,52.0,49.0,146.0
696.0,53.0,49.0,146.0
696.0,54.0,50.0,146.0
694.0,55.0,50.0,146.0
692.0,56.0,50.0,146.0
692.0,59.0,50.0,146.0
691.0,60.0,50.0,146.0
690.0,61.0,50.0,146.0
686.0,62.0,50.0,146.0
684.0,63.0,50.0,146.0
684.0,64.0,49.0,146.0
682.0,65.0,49.0,146.0
678.0,66.0,49.0,146.0
676.0,67.0,49.0,146.0
674.0,68.0,49.0,146.0
670.0,69.0,49.0,145.0
668.0,70.0,49.0,145.0
666.0,73.0,49.0,145.0
662.0,72.0,49.0,145.0
660.0,75.0,49.0,145.0
660.0,76.0,49.0,145.0
658.0,77.0,49.0,145.0
654.0,78.0,50.0,145.0
652.0,81.0,50.0,145.0
652.0,82.0,50.0,146.0
650.0,83.0,49.0,146.0
648.0,84.0,49.0,146.0
648.0,86.0,50.0,146.0
648.0,88.0,50.0,146.0
646.0,89.0,50.0,146.0
644.0,90.0,50.0,146.0
646.0,93.0,50.0,146.0
644.0,94.0,50.0,146.0
646.0,95.0,50.0,146.0
646.0,96.0,50.0,146.0
648.0,98.0,49.0,146.0
652.0,98.0,49.0,146.0
654.0,101.0,50.0,146.0
656.0,102.0,50.0,146.0
660.0,103.0,49.0,146.0
664.0,104.0,49.0,146.0
668.0,106.0,49.0,146.0
672.0,108.0,49.0,145.0
676.0,110.0,49.0,145.0
680.0,112.0,49.0,145.0
686.0,114.0,50.0,145.0
690.0,115.0,50.0,146.0
694.0,118.0,50.0,146.0
700.0,119.0,50.0,146.0
707.0,122.0,50.0,146.0
713.0,124.0,50.0,146.0
717.0,126.0,50.0,146.0
722.0,128.0,50.0,146.0
726.0,132.0,50.0,146.0
732.0,133.0,50.0,146.0
737.0,136.0,50.0,146.0
740.0,138.0,50.0,146.0
744.0,139.0,50.0,146.0
746.0,139.0,50.0,147.0
746.0,142.0,50.0,147.0
746.0,143.0,50.0,146.0
746.0,146.0,50.0,146.0
746.0,148.0,50.0,146.0
744.0,149.0,50.0,146.0
744.0,149.0,50.0,146.0
742.0,152.0,50.0,146.0
738.0,153.0,50.0,146.0
736.0,154.0,50.0,146.0
734.0,155.0,50.0,146.0
728.0,158.0,50.0,146.0
726.0,159.0,50.0,146.0
722.0,160.0,50.0,146.0
718.0,161.0,50.0,146.0
714.0,164.0,50.0,146.0
710.0,163.0,50.0,146.0
708.0,166.0,50.0,146.0
705.0,167.0,50.0,147.0
700.0,170.0,50.0,147.0
698.0,171.0,50.0,147.0
694.0,172.0,50.0,147.0
690.0,173.0,50.0,147.0
686.0,174.0,50.0,147.0
684.0,175.0,50.0,147.0
682.0,176.0,50.0,147.0
678.0,177.0,50.0,147.0
674.0,180.0,50.0,147.0
672.0,179.0,50.0,146.0
672.0,182.0,50.0,146.0
670.0,183.0,50.0,146.0
668.0,186.0,50.0,146.0
670.0,185.0,50.0,146.0
668.0,188.0,50.0,145.0
670.0,189.0,50.0,145.0
670.0,192.0,50.0,146.0
670.0,193.0,50.0,146.0
672.0,196.0,50.0,146.0
674.0,197.0,50.0,146.0
674.0,198.0,50.0,147.0
676.0,199.0,50.0,147.0
680.0,202.0,50.0,147.0
680.0,203.0,50.0,147.0
682.0,206.0,50.0,147.0
682.0,205.0,50.0,147.0
682.0,208.0,50.0,147.0
684.0,209.0,50.0,147.0
687.0,210.0,50.0,147.0
688.0,211.0,50.0,147.0
690.0,214.0,50.0,146.0
690.0,213.0,50.0,146.0
690.0,216.0,50.0,146.0
692.0,217.0,50.0,146.0
694.0,218.0,50.0,146.0
694.0,219.0,50.0,146.0
694.0,222.0,50.0,145.0
696.0,221.0,50.0,146.0
698.0,224.0,50.0,146.0
88.0,30.0,5.0,12.0
693.0,228.0,53.0,136.0
692.0,230.0,53.0,137.0
691.0,232.0,53.0,137.0
692.0,232.0,53.0,137.0
691.0,232.0,53.0,137.0
690.0,234.0,53.0,137.0
689.0,236.0,53.0,137.0
688.0,236.0,53.0,137.0
687.0,236.0,53.0,137.0
686.0,236.0,53.0,137.0
683.0,236.0,53.0,137.0
684.0,238.0,53.0,137.0
681.0,239.0,53.0,137.0
680.0,238.0,53.0,137.0
679.0,240.0,53.0,137.0
678.0,238.0,53.0,137.0
675.0,240.0,53.0,137.0
674.0,240.0,53.0,136.0
673.0,240.0,53.0,136.0
672.0,240.0,53.0,136.0
671.0,240.0,53.0,136.0
670.0,242.0,53.0,136.0
667.0,244.0,53.0,136.0
666.0,242.0,53.0,136.0
665.0,245.0,53.0,136.0
664.0,246.0,53.0,136.0
661.0,246.0,53.0,136.0
662.0,246.0,53.0,137.0
659.0,247.0,53.0,137.0
658.0,246.0,53.0,137.0
657.0,248.0,53.0,137.0
656.0,246.0,53.0,137.0
655.0,248.0,53.0,137.0
654.0,246.0,53.0,137.0
653.0,248.0,53.0,137.0
652.0,246.0,53.0,137.0
651.0,248.0,53.0,137.0
650.0,246.0,53.0,137.0
649.0,248.0,53.0,137.0
650.0,246.0,53.0,137.0
649.0,248.0,53.0,136.0
648.0,246.0,52.0,136.0
648.0,248.0,53.0,136.0
648.0,246.0,53.0,136.0
647.0,248.0,53.0,136.0
648.0,246.0,53.0,136.0
647.0,248.0,53.0,137.0
648.0,246.0,53.0,137.0
647.0,248.0,53.0,137.0
648.0,248.0,53.0,137.0
647.0,248.0,53.0,137.0
648.0,248.0,53.0,137.0
647.0,248.0,53.0,137.0
648.0,248.0,53.0,137.0
647.0,248.0,53.0,137.0
648.0,248.0,53.0,137.0
647.0,246.0,53.0,137.0
646.0,248.0,53.0,137.0
645.0,246.0,53.0,137.0
646.0,246.0,53.0,137.0
645.0,246.0,53.0,137.0
644.0,246.0,53.0,137.0
643.0,246.0,53.0,136.0
642.0,246.0,53.0,136.0
639.0,246.0,53.0,136.0
638.0,244.0,53.0,136.0
637.0,242.0,53.0,136.0
636.0,244.0,53.0,136.0
633.0,242.0,53.0,136.0
632.0,244.0,53.0,136.0
629.0,242.0,53.0,136.0
628.0,244.0,53.0,136.0
625.0,242.0,53.0,137.0
624.0,242.0,53.0,137.0
621.0,242.0,53.0,137.0
620.0,242.0,53.0,137.0
617.0,242.0,53.0,137.0
616.0,240.0,53.0,137.0
613.0,238.0,53.0,137.0
612.0,238.0,53.0,137.0
609.0,237.0,53.0,137.0
608.0,236.0,53.0,137.0
606.0,234.0,53.0,137.0
604.0,234.0,53.0,137.0
602.0,234.0,53.0,136.0
600.0,234.0,53.0,136.0
599.0,232.0,53.0,136.0
598.0,230.0,53.0,136.0
595.0,232.0,53.0,136.0
594.0,228.0,53.0,136.0
593.0,228.0,53.0,136.0
592.0,228.0,53.0,136.0
591.0,228.0,53.0,137.0
590.0,228.0,53.0,137.0
588.0,226.0,53.0,137.0
588.0,228.0,53.0,137.0
586.0,226.0,53.0,137.0
586.0,227.0,53.0,137.0
584.0,226.0,53.0,137.0
584.0,227.0,53.0,137.0
582.0,226.0,53.0,137.0
582.0,226.0,53.0,137.0
580.0,226.0,53.0,137.0
579.0,224.0,53.0,137.0
578.0,222.0,53.0,137.0
577.0,224.0,53.0,137.0
574.0,222.0,53.0,136.0
572.0,224.0,53.0,136.0
571.0,222.0,53.0,136.0
570.0,224.0,53.0,136.0
567.0,222.0,53.0,136.0
566.0,222.0,53.0,136.0
563.0,222.0,53.0,136.0
562.0,222.0,53.0,136.0
559.0,222.0,53.0,136.0
558.0,222.0,53.0,136.0
556.0,222.0,53.0,136.0
554.0,222.0,53.0,136.0
552.0,222.0,53.0,137.0
550.0,222.0,53.0,137.0
549.0,222.0,53.0,137.0
549.0,222.0,52.0,137.0
548.0,222.0,52.0,137.0
547.0,220.0,52.0,137.0
546.0,218.0,52.0,137.0
545.0,220.0,52.0,137.0
544.0,218.0,53.0,137.0
544.0,218.0,53.0,136.0
543.0,218.0,53.0,136.0
545.0,218.0,53.0,136.0
546.0,218.0,53.0,136.0
547.0,218.0,53.0,136.0
548.0,218.0,53.0,136.0
551.0,217.0,53.0,136.0
552.0,217.0,53.0,136.0
555.0,217.0,53.0,136.0
556.0,217.0,53.0,136.0
559.0,217.0,53.0,136.0
562.0,217.0,53.0,136.0
565.0,217.0,53.0,136.0
568.0,217.0,53.0,136.0
571.0,217.0,53.0,136.0
572.0,217.0,53.0,136.0
577.0,217.0,53.0,136.0
578.0,216.0,53.0,136.0
583.0,214.0,53.0,136.0
584.0,216.0,53.0,136.0
589.0,214.0,53.0,136.0
590.0,216.0,53.0,136.0
593.0,214.0,53.0,136.0
594.0,216.0,53.0,135.0
597.0,214.0,53.0,135.0
598.0,216.0,53.0,135.0
601.0,214.0,53.0,135.0
602.0,216.0,53.0,135.0
603.0,214.0,53.0,135.0
604.0,216.0,52.0,135.0
605.0,214.0,52.0,135.0
606.0,216.0,52.0,136.0
607.0,216.0,52.0,136.0
608.0,216.0,53.0,136.0
609.0,216.0,53.0,136.0
608.0,216.0,53.0,136.0
609.0,216.0,52.0,136.0
608.0,218.0,52.0,136.0
609.0,220.0,52.0,136.0
608.0,218.0,53.0,136.0
609.0,220.0,53.0,136.0
610.0,218.0,53.0,136.0
611.0,220.0,52.0,136.0
610.0,218.0,52.0,136.0
611.0,220.0,52.0,136.0
612.0,218.0,52.0,136.0
79.0,29.0,4.0,11.0
624.0,216.0,49.0,135.0
626.0,217.0,49.0,135.0
624.0,217.0,49.0,135.0
628.0,218.0,49.0,135.0
630.0,220.0,49.0,135.0
630.0,218.0,50.0,135.0
630.0,220.0,50.0,135.0
632.0,220.0,50.0,135.0
636.0,220.0,50.0,135.0
638.0,222.0,50.0,135.0
638.0,224.0,50.0,135.0
640.0,222.0,50.0,135.0
644.0,224.0,51.0,135.0
647.0,224.0,51.0,135.0
649.0,225.0,51.0,135.0
649.0,226.0,51.0,135.0
651.0,228.0,51.0,135.0
655.0,226.0,51.0,135.0
655.0,228.0,51.0,135.0
657.0,227.0,51.0,135.0
657.0,230.0,50.0,135.0
657.0,230.0,50.0,135.0
659.0,230.0,50.0,135.0
661.0,230.0,50.0,135.0
660.0,232.0,50.0,135.0
662.0,230.0,49.0,135.0
660.0,232.0,49.0,135.0
660.0,232.0,49.0,135.0
658.0,232.0,49.0,135.0
654.0,232.0,49.0,135.0
652.0,232.0,50.0,135.0
650.0,234.0,50.0,135.0
646.0,236.0,50.0,135.0
642.0,236.0,50.0,135.0
636.0,236.0,50.0,135.0
633.0,236.0,50.0,135.0
626.0,238.0,50.0,135.0
619.0,240.0,50.0,135.0
615.0,240.0,50.0,135.0
609.0,240.0,50.0,136.0
601.0,242.0,50.0,136.0
595.0,244.0,50.0,136.0
591.0,244.0,50.0,136.0
585.0,244.0,50.0,136.0
578.0,246.0,50.0,136.0
572.0,250.0,50.0,136.0
568.0,252.0,49.0,136.0
562.0,252.0,49.0,136.0
554.0,252.0,49.0,136.0
546.0,254.0,49.0,135.0
540.0,258.0,49.0,135.0
538.0,260.0,50.0,135.0
534.0,260.0,50.0,135.0
532.0,260.0,50.0,135.0
532.0,262.0,50.0,135.0
534.0,264.0,51.0,135.0
534.0,264.0,51.0,135.0
536.0,264.0,51.0,135.0
540.0,266.0,51.0,135.0
544.0,268.0,51.0,135.0
548.0,268.0,51.0,135.0
551.0,268.0,51.0,135.0
555.0,270.0,51.0,135.0
559.0,272.0,51.0,135.0
565.0,272.0,51.0,135.0
568.0,272.0,50.0,135.0
574.0,274.0,50.0,135.0
576.0,278.0,49.0,135.0
582.0,278.0,49.0,135.0
584.0,280.0,49.0,135.0
588.0,280.0,49.0,135.0
592.0,282.0,49.0,135.0
594.0,284.0,49.0,135.0
594.0,284.0,49.0,136.0
597.0,286.0,49.0,136.0
598.0,288.0,50.0,135.0
598.0,288.0,50.0,135.0
598.0,290.0,50.0,135.0
600.0,292.0,50.0,135.0
602.0,292.0,51.0,135.0
600.0,294.0,51.0,135.0
600.0,296.0,51.0,135.0
599.0,296.0,51.0,135.0
599.0,296.0,51.0,135.0
597.0,298.0,51.0,135.0
595.0,300.0,51.0,136.0
593.0,300.0,51.0,136.0
589.0,302.0,51.0,136.0
587.0,304.0,51.0,135.0
587.0,302.0,50.0,135.0
585.0,306.0,50.0,135.0
582.0,308.0,50.0,135.0
580.0,308.0,50.0,135.0
580.0,308.0,49.0,136.0
578.0,310.0,49.0,136.0
576.0,312.0,49.0,136.0
576.0,312.0,49.0,136.0
576.0,312.0,49.0,136.0
574.0,314.0,50.0,136.0
572.0,316.0,50.0,136.0
574.0,316.0,50.0,136.0
574.0,316.0,50.0,136.0
576.0,318.0,50.0,136.0
578.0,320.0,51.0,136.0
580.0,320.0,51.0,136.0
584.0,320.0,51.0,136.0
586.0,322.0,51.0,136.0
588.0,324.0,51.0,136.0
591.0,324.0,51.0,136.0
595.0,326.0,51.0,136.0
599.0,328.0,50.0,136.0
601.0,328.0,50.0,136.0
604.0,328.0,50.0,136.0
608.0,330.0,50.0,136.0
612.0,332.0,50.0,136.0
614.0,332.0,50.0,136.0
615.0,334.0,50.0,136.0
616.0,336.0,50.0,136.0
620.0,336.0,50.0,136.0
622.0,338.0,50.0,136.0
620.0,340.0,50.0,136.0
622.0,340.0,50.0,136.0
622.0,342.0,50.0,135.0
622.0,344.0,50.0,135.0
622.0,344.0,51.0,135.0
622.0,346.0,51.0,135.0
622.0,348.0,51.0,135.0
622.0,348.0,51.0,136.0
622.0,350.0,51.0,136.0
622.0,352.0,51.0,136.0
622.0,352.0,51.0,136.0
622.0,352.0,51.0,136.0
622.0,354.0,51.0,136.0
622.0,356.0,51.0,136.0
622.0,355.0,51.0,136.0
622.0,358.0,51.0,136.0
622.0,358.0,50.0,136.0
620.0,360.0,50.0,136.0
622.0,359.0,50.0,136.0
620.0,362.0,50.0,136.0
620.0,362.0,50.0,136.0
620.0,364.0,50.0,136.0
618.0,362.0,50.0,137.0
616.0,364.0,50.0,137.0
616.0,364.0,51.0,137.0
616.0,365.0,51.0,137.0
614.0,367.0,51.0,137.0
612.0,368.0,51.0,137.0
612.0,369.0,50.0,137.0
610.0,369.0,50.0,137.0
608.0,371.0,50.0,137.0
608.0,373.0,50.0,137.0
608.0,373.0,50.0,137.0
608.0,374.0,50.0,137.0
608.0,376.0,50.0,137.0
608.0,375.0,50.0,137.0
608.0,378.0,50.0,137.0
608.0,378.0,50.0,137.0
606.0,378.0,50.0,137.0
606.0,378.0,50.0,137.0
606.0,379.0,50.0,136.0
606.0,380.0,50.0,136.0
606.0,379.0,50.0,136.0
606.0,380.0,51.0,136.0
608.0,379.0,51.0,136.0
610.0,380.0,51.0,136.0
608.0,379.0,51.0,136.0
610.0,381.0,50.0,136.0
610.0,379.0,50.0,136.0
610.0,381.0,50.0,137.0
610.0,379.0,50.0,137.0
612.0,381.0,50.0,137.0
614.0,381.0,50.0,137.0
614.0,381.0,50.0,137.0
616.0,381.0,51.0,137.0
618.0,381.0,51.0,137.0
78.0,50.0,5.0,13.0
619.0,379.0,64.0,157.0
620.0,380.0,64.0,157.0
621.0,381.0,64.0,157.0
622.0,380.0,64.0,157.0
623.0,381.0,64.0,157.0
626.0,382.0,64.0,157.0
625.0,383.0,64.0,156.0
628.0,382.0,64.0,156.0
629.0,383.0,64.0,156.0
630.0,382.0,64.0,156.0
629.0,383.0,64.0,156.0
630.0,382.0,64.0,156.0
631.0,383.0,64.0,156.0
632.0,382.0,64.0,156.0
631.0,383.0,64.0,156.0
632.0,384.0,64.0,157.0
631.0,385.0,64.0,157.0
632.0,385.0,64.0,157.0
631.0,386.0,64.0,157.0
632.0,385.0,64.0,157.0
631.0,388.0,64.0,157.0
632.0,387.0,64.0,157.0
631.0,387.0,64.0,157.0
632.0,386.0,64.0,157.0
631.0,387.0,64.0,157.0
630.0,386.0,64.0,157.0
630.0,387.0,64.0,157.0
628.0,386.0,64.0,157.0
627.0,387.0,64.0,156.0
626.0,387.0,64.0,156.0
624.0,386.0,63.0,156.0
623.0,385.0,63.0,156.0
622.0,386.0,63.0,156.0
623.0,385.0,63.0,156.0
621.0,384.0,63.0,155.0
622.0,383.0,63.0,155.0
621.0,383.0,63.0,156.0
622.0,381.0,63.0,156.0
623.0,382.0,63.0,156.0
624.0,381.0,63.0,157.0
625.0,381.0,63.0,157.0
626.0,380.0,63.0,157.0
627.0,381.0,63.0,157.0
628.0,380.0,63.0,157.0
629.0,381.0,63.0,157.0
630.0,380.0,63.0,157.0
631.0,381.0,63.0,157.0
632.0,380.0,63.0,157.0
634.0,381.0,63.0,157.0
635.0,380.0,63.0,156.0
636.0,381.0,63.0,156.0
637.0,380.0,63.0,156.0
638.0,381.0,63.0,156.0
641.0,380.0,63.0,156.0
640.0,379.0,63.0,156.0
641.0,378.0,63.0,156.0
642.0,379.0,63.0,156.0
643.0,378.0,63.0,156.0
644.0,379.0,63.0,155.0
644.0,377.0,63.0,155.0
645.0,377.0,63.0,155.0
646.0,376.0,63.0,155.0
645.0,377.0,64.0,155.0
646.0,376.0,64.0,155.0
647.0,375.0,64.0,155.0
648.0,375.0,64.0,155.0
647.0,375.0,64.0,155.0
648.0,375.0,64.0,155.0
649.0,375.0,64.0,155.0
650.0,375.0,64.0,155.0
649.0,374.0,64.0,155.0
650.0,373.0,64.0,155.0
649.0,373.0,64.0,155.0
650.0,373.0,64.0,155.0
649.0,373.0,64.0,155.0
650.0,372.0,64.0,155.0
650.0,373.0,64.0,155.0
651.0,372.0,63.0,155.0
650.0,371.0,63.0,155.0
651.0,370.0,63.0,155.0
652.0,371.0,63.0,155.0
653.0,370.0,63.0,156.0
652.0,371.0,63.0,156.0
652.0,370.0,63.0,156.0
653.0,371.0,63.0,156.0
654.0,370.0,63.0,156.0
653.0,371.0,63.0,156.0
654.0,371.0,64.0,156.0
653.0,372.0,64.0,156.0
654.0,373.0,64.0,155.0
653.0,374.0,64.0,155.0
652.0,373.0,64.0,155.0
651.0,374.0,64.0,155.0
652.0,375.0,64.0,155.0
650.0,375.0,64.0,155.0
650.0,375.0,64.0,155.0
650.0,376.0,64.0,155.0
649.0,375.0,64.0,155.0
648.0,376.0,63.0,155.0
647.0,375.0,63.0,155.0
646.0,376.0,63.0,155.0
645.0,377.0,63.0,155.0
642.0,377.0,63.0,155.0
640.0,377.0,63.0,155.0
637.0,377.0,62.0,155.0
634.0,377.0,63.0,155.0
629.0,376.0,63.0,155.0
626.0,375.0,63.0,155.0
621.0,376.0,63.0,155.0
617.0,377.0,64.0,155.0
610.0,378.0,64.0,155.0
605.0,377.0,64.0,155.0
598.0,378.0,64.0,155.0
591.0,377.0,65.0,155.0
584.0,378.0,64.0,155.0
578.0,377.0,64.0,155.0
569.0,378.0,64.0,155.0
560.0,377.0,64.0,155.0
551.0,378.0,64.0,155.0
544.0,377.0,64.0,155.0
535.0,380.0,64.0,155.0
528.0,379.0,64.0,155.0
519.0,380.0,63.0,155.0
512.0,381.0,63.0,155.0
503.0,382.0,63.0,155.0
496.0,383.0,63.0,155.0
489.0,384.0,63.0,155.0
484.0,385.0,63.0,156.0
477.0,386.0,63.0,156.0
472.0,385.0,63.0,156.0
467.0,387.0,64.0,156.0
464.0,387.0,64.0,156.0
461.0,388.0,64.0,155.0
458.0,387.0,64.0,155.0
457.0,388.0,64.0,155.0
456.0,387.0,64.0,155.0
453.0,388.0,65.0,155.0
454.0,387.0,65.0,155.0
453.0,388.0,65.0,155.0
452.0,387.0,65.0,155.0
451.0,386.0,65.0,156.0
452.0,385.0,65.0,155.0
451.0,386.0,65.0,155.0
452.0,383.0,65.0,155.0
451.0,384.0,65.0,155.0
452.0,383.0,65.0,155.0
451.0,382.0,64.0,155.0
450.0,381.0,64.0,155.0
449.0,382.0,64.0,155.0
448.0,379.0,64.0,155.0
445.0,380.0,64.0,155.0
444.0,379.0,64.0,155.0
441.0,378.0,64.0,155.0
440.0,377.0,64.0,155.0
439.0,376.0,64.0,155.0
437.0,375.0,64.0,155.0
435.0,374.0,64.0,155.0
434.0,371.0,65.0,155.0
431.0,370.0,65.0,156.0
430.0,367.0,65.0,156.0
427.0,366.0,65.0,156.0
426.0,363.0,65.0,156.0
54.0,48.0,6.0,11.0
425.0,369.0,64.0,140.0
423.0,366.0,64.0,140.0
422.0,365.0,64.0,140.0
420.0,362.0,64.0,140.0
418.0,359.0,64.0,140.0
418.0,356.0,64.0,140.0
418.0,355.0,63.0,140.0
416.0,350.0,63.0,140.0
414.0,349.0,63.0,140.0
414.0,346.0,63.0,140.0
414.0,343.0,63.0,140.0
414.0,340.0,63.0,140.0
412.0,339.0,63.0,140.0
410.0,334.0,63.0,140.0
412.0,333.0,63.0,140.0
410.0,330.0,63.0,140.0
412.0,327.0,63.0,141.0
410.0,324.0,63.0,140.0
410.0,321.0,63.0,140.0
410.0,318.0,64.0,140.0
410.0,317.0,64.0,140.0
411.0,312.0,64.0,140.0
411.0,311.0,64.0,140.0
411.0,306.0,64.0,141.0
413.0,303.0,64.0,141.0
411.0,298.0,64.0,141.0
415.0,297.0,63.0,141.0
415.0,292.0,63.0,140.0
417.0,289.0,63.0,140.0
417.0,286.0,63.0,140.0
421.0,283.0,63.0,140.0
423.0,278.0,63.0,140.0
427.0,275.0,63.0,140.0
431.0,270.0,62.0,140.0
433.0,269.0,62.0,140.0
435.0,264.0,62.0,141.0
441.0,261.0,62.0,141.0
443.0,258.0,63.0,141.0
447.0,255.0,63.0,141.0
451.0,250.0,63.0,141.0
455.0,247.0,63.0,141.0
457.0,244.0,62.0,141.0
459.0,241.0,62.0,141.0
465.0,236.0,62.0,141.0
467.0,233.0,62.0,141.0
471.0,230.0,62.0,141.0
475.0,226.0,62.0,141.0
479.0,222.0,62.0,141.0
483.0,219.0,62.0,141.0
487.0,216.0,62.0,141.0
489.0,213.0,62.0,141.0
491.0,210.0,62.0,140.0
495.0,207.0,62.0,140.0
499.0,202.0,62.0,140.0
503.0,200.0,62.0,140.0
505.0,196.0,62.0,140.0
507.0,194.0,62.0,140.0
513.0,190.0,62.0,140.0
515.0,189.0,62.0,140.0
521.0,186.0,62.0,140.0
525.0,183.0,62.0,141.0
529.0,180.0,62.0,141.0
535.0,177.0,62.0,141.0
541.0,174.0,62.0,141.0
543.0,171.0,62.0,141.0
549.0,168.0,62.0,141.0
553.0,165.0,62.0,141.0
557.0,162.0,62.0,141.0
561.0,159.0,62.0,141.0
565.0,156.0,62.0,141.0
569.0,153.0,62.0,141.0
571.0,150.0,62.0,140.0
577.0,147.0,62.0,140.0
577.0,144.0,62.0,140.0
579.0,143.0,62.0,140.0
581.0,140.0,62.0,140.0
579.0,137.0,62.0,140.0
581.0,134.0,62.0,140.0
579.0,133.0,62.0,140.0
579.0,130.0,62.0,140.0
577.0,128.0,62.0,140.0
573.0,126.0,62.0,140.0
571.0,124.0,62.0,140.0
569.0,121.0,62.0,140.0
565.0,120.0,62.0,141.0
563.0,118.0,62.0,141.0
563.0,116.0,62.0,141.0
561.0,114.0,62.0,140.0
557.0,113.0,62.0,140.0
555.0,110.0,62.0,140.0
555.0,107.0,62.0,140.0
553.0,104.0,62.0,140.0
551.0,102.0,62.0,140.0
551.0,100.0,62.0,140.0
549.0,99.0,62.0,140.0
545.0,96.0,62.0,140.0
545.0,95.0,62.0,140.0
543.0,92.0,61.0,139.0
543.0,91.0,62.0,139.0
541.0,88.0,62.0,139.0
539.0,86.0,62.0,139.0
539.0,84.0,62.0,139.0
537.0,82.0,62.0,140.0
535.0,80.0,62.0,140.0
535.0,78.0,62.0,140.0
533.0,76.0,62.0,140.0
531.0,74.0,62.0,140.0
531.0,72.0,62.0,140.0
529.0,71.0,62.0,140.0
527.0,70.0,62.0,140.0
527.0,69.0,62.0,140.0
527.0,66.0,62.0,140.0
525.0,64.0,62.0,140.0
523.0,62.0,62.0,140.0
523.0,61.0,62.0,140.0
521.0,59.0,62.0,140.0
519.0,58.0,62.0,140.0
519.0,56.0,62.0,140.0
519.0,55.0,61.0,140.0
517.0,54.0,62.0,140.0
515.0,52.0,62.0,139.0
515.0,50.0,62.0,139.0
515.0,50.0,62.0,139.0
515.0,48.0,62.0,139.0
513.0,47.0,62.0,139.0
512.0,46.0,62.0,139.0
513.0,45.0,61.0,139.0
511.0,44.0,61.0,140.0
511.0,43.0,61.0,140.0
511.0,42.0,61.0,140.0
511.0,41.0,61.0,140.0
511.0,40.0,61.0,140.0
511.0,39.0,62.0,140.0
509.0,38.0,62.0,140.0
508.0,37.0,62.0,140.0
509.0,35.0,62.0,140.0
507.0,34.0,62.0,140.0
509.0,33.0,62.0,140.0
507.0,32.0,62.0,140.0
507.0,31.0,62.0,140.0
507.0,31.0,62.0,140.0
507.0,30.0,61.0,139.0
507.0,29.0,61.0,139.0
507.0,28.0,61.0,139.0
507.0,27.0,61.0,139.0
507.0,26.0,61.0,139.0
507.0,26.0,61.0,139.0
507.0,24.0,61.0,139.0
507.0,24.0,61.0,139.0
507.0,22.0,61.0,139.0
507.0,22.0,62.0,139.0
507.0,22.0,62.0,139.0
507.0,22.0,62.0,139.0
505.0,20.0,61.0,139.0
503.0,20.0,61.0,139.0
505.0,19.0,61.0,139.0
503.0,20.0,61.0,140.0
505.0,18.0,61.0,140.0
503.0,18.0,61.0,140.0
505.0,17.0,61.0,140.0
504.0,16.0,61.0,140.0
505.0,15.0,61.0,140.0
503.0,16.0,61.0,140.0
505.0,13.0,61.0,139.0
503.0,14.0,61.0,139.0
505.0,13.0,61.0,139.0
503.0,12.0,61.0,139.0
505.0,11.0,61.0,139.0
504.0,12.0,61.0,139.0
505.0,9.0,61.0,139.0
504.0,10.0,61.0,139.0
505.0,9.0,61.0,139.0
504.0,10.0,61.0,139.0
505.0,9.0,61.0,139.0
64.0,2.0,4.0,10.0
508.0,2.0,44.0,119.0
508.0,2.0,44.0,119.0
509.0,2.0,44.0,118.0
509.0,2.0,44.0,118.0
510.0,2.0,44.0,117.0
511.0,2.0,44.0,117.0
511.0,2.0,44.0,116.0
512.0,2.0,44.0,115.0
512.0,2.0,44.0,115.0
513.0,1.0,44.0,114.0
513.0,1.0,44.0,114.0
514.0,1.0,44.0,113.0
514.0,1.0,44.0,112.0
515.0,1.0,44.0,112.0
515.0,1.0,44.0,112.0
516.0,1.0,44.0,111.0
516.0,1.0,44.0,110.0
517.0,1.0,44.0,110.0
517.0,1.0,44.0,109.0
517.0,1.0,44.0,109.0
517.0,0.0,44.0,108.0
518.0,0.0,44.0,108.0
518.0,0.0,44.0,107.0
518.0,0.0,44.0,107.0
518.0,0.0,44.0,106.0
518.0,0.0,44.0,106.0
518.0,0.0,44.0,105.0
518.0,-0.0,44.0,105.0
518.0,-0.0,44.0,104.0
518.0,-0.0,44.0,103.0
519.0,-0.0,44.0,102.0
519.0,-0.0,44.0,101.0
519.0,-0.0,44.0,100.0
519.0,-0.0,44.0,99.0
