884, 377, 29, 46
884, 377, 29, 46
882, 375, 31, 49
882, 378, 29, 46
881, 377, 30, 48
880, 377, 30, 48
880, 378, 29, 46
879, 379, 27, 43
879, 378, 28, 45
878, 378, 28, 45
876, 377, 30, 47
875, 377, 29, 46
875, 377, 29, 46
874, 378, 28, 44
874, 379, 27, 42
872, 378, 27, 43
872, 378, 27, 43
871, 378, 27, 43
870, 378, 27, 43
869, 377, 28, 44
869, 378, 28, 44
869, 379, 27, 42
867, 378, 27, 42
866, 378, 26, 42
866, 378, 26, 42
866, 378, 26, 42
864, 378, 27, 43
863, 377, 28, 44
862, 377, 28, 44
861, 376, 28, 45
859, 376, 28, 45
858, 377, 28, 45
858, 376, 28, 44
857, 377, 28, 45
856, 375, 29, 46
855, 376, 29, 46
855, 376, 29, 46
854, 376, 29, 46
852, 376, 28, 45
852, 377, 28, 45
852, 377, 28, 44
851, 377, 28, 44
850, 377, 27, 43
850, 378, 27, 42
848, 378, 26, 42
848, 378, 26, 42
847, 378, 26, 42
847, 378, 26, 42
846, 378, 26, 42
845, 377, 27, 42
844, 377, 26, 42
843, 377, 26, 42
843, 377, 26, 42
842, 377, 27, 42
841, 376, 27, 42
840, 376, 27, 42
840, 377, 26, 42
839, 376, 27, 42
837, 376, 27, 42
837, 375, 27, 43
836, 376, 28, 44
835, 376, 28, 44
834, 376, 28, 44
833, 376, 28, 44
833, 376, 27, 43
832, 376, 27, 43
831, 375, 27, 43
830, 375, 27, 43
829, 374, 28, 44
828, 374, 28, 45
827, 372, 29, 46
828, 373, 29, 46
826, 373, 29, 46
826, 373, 29, 46
825, 374, 29, 46
825, 374, 28, 45
824, 374, 28, 45
823, 374, 28, 45
822, 373, 28, 45
821, 373, 28, 45
820, 373, 28, 45
819, 373, 28, 45
819, 374, 28, 44
818, 374, 28, 44
818, 374, 28, 44
817, 373, 28, 44
817, 373, 28, 44
817, 374, 28, 44
816, 374, 28, 44
815, 373, 28, 44
815, 373, 28, 44
814, 373, 28, 45
813, 373, 28, 44
813, 373, 28, 44
812, 373, 27, 43
812, 373, 27, 42
809, 372, 27, 42
809, 371, 27, 42
808, 371, 27, 42
807, 371, 27, 42
805, 370, 27, 42
805, 370, 27, 42
805, 370, 26, 42
805, 371, 26, 42
805, 370, 26, 42
804, 370, 26, 42
804, 370, 26, 42
804, 370, 26, 42
803, 370, 26, 42
802, 369, 26, 41
803, 369, 26, 41
801, 369, 25, 40
801, 369, 25, 39
800, 368, 25, 39
798, 371, 25, 39
797, 370, 24, 38
797, 370, 24, 38
795, 371, 24, 38
795, 371, 24, 38
794, 370, 24, 38
793, 370, 24, 38
791, 370, 24, 38
791, 370, 24, 38
791, 370, 24, 38
791, 370, 24, 38
789, 370, 24, 38
788, 370, 24, 38
787, 370, 24, 38
785, 371, 24, 38
785, 370, 24, 38
784, 370, 24, 38
783, 370, 24, 38
782, 370, 24, 38
782, 369, 24, 38
781, 369, 24, 38
781, 369, 24, 38
780, 369, 24, 38
779, 369, 24, 38
778, 369, 24, 38
778, 370, 24, 38
777, 370, 24, 38
776, 370, 24, 38
776, 370, 24, 38
775, 370, 24, 38
773, 371, 24, 38
773, 371, 24, 38
772, 370, 24, 38
771, 370, 24, 38
770, 369, 24, 38
770, 370, 24, 38
768, 370, 24, 38
768, 370, 24, 38
767, 369, 24, 38
767, 369, 24, 38
766, 370, 24, 38
765, 369, 24, 38
763, 370, 24, 38
763, 370, 24, 38
761, 371, 24, 38
761, 370, 24, 38
760, 370, 24, 38
759, 370, 24, 38
758, 370, 24, 38
758, 370, 24, 38
757, 369, 24, 38
756, 369, 24, 38
755, 369, 24, 38
755, 369, 24, 38
754, 369, 24, 38
753, 369, 24, 38
752, 369, 24, 38
752, 368, 24, 38
751, 369, 24, 38
750, 369, 24, 38
749, 369, 24, 38
749, 369, 24, 38
748, 368, 24, 38
746, 369, 24, 38
746, 369, 24, 38
745, 369, 24, 38
744, 368, 24, 38
743, 368, 24, 38
742, 368, 24, 38
742, 368, 24, 38
741, 368, 24, 38
741, 368, 24, 38
740, 368, 24, 38
739, 368, 24, 38
737, 369, 24, 38
737, 369, 24, 38
736, 369, 24, 38
736, 368, 24, 38
735, 369, 24, 38
734, 368, 24, 38
732, 369, 24, 38
732, 368, 24, 38
731, 368, 24, 38
730, 368, 24, 38
730, 368, 24, 38
729, 368, 24, 38
728, 368, 24, 38
727, 368, 24, 38
727, 368, 24, 38
726, 368, 24, 38
725, 368, 24, 38
724, 368, 24, 38
723, 368, 24, 38
723, 368, 24, 38
722, 367, 24, 38
722, 368, 24, 38
720, 368, 24, 38
719, 369, 24, 38
719, 370, 24, 38
718, 370, 24, 38
717, 370, 24, 38
716, 371, 24, 38
715, 372, 24, 38
714, 372, 24, 38
714, 373, 24, 38
713, 374, 24, 38
711, 374, 24, 38
711, 375, 24, 38
710, 375, 24, 38
709, 376, 24, 38
708, 376, 24, 38
708, 377, 24, 38
707, 379, 24, 38
706, 381, 24, 38
705, 384, 24, 38
704, 386, 24, 38
704, 387, 24, 38
703, 390, 24, 38
702, 391, 24, 38
701, 394, 24, 38
700, 397, 24, 38
700, 399, 24, 38
699, 402, 24, 38
698, 404, 24, 38
697, 407, 24, 38
697, 408, 24, 38
696, 409, 24, 38
695, 409, 24, 38
694, 409, 24, 38
694, 409, 24, 38
693, 408, 24, 38
692, 408, 24, 38
691, 408, 24, 38
690, 409, 24, 38
689, 409, 24, 38
689, 409, 24, 38
688, 409, 24, 38
688, 409, 24, 38
687, 409, 24, 38
686, 409, 24, 38
685, 409, 24, 38
684, 409, 24, 38
684, 409, 24, 38
683, 409, 24, 38
682, 410, 24, 38
681, 410, 24, 38
681, 410, 24, 38
680, 410, 24, 38
679, 410, 24, 38
678, 410, 24, 38
678, 410, 24, 38
677, 409, 24, 38
676, 410, 24, 38
675, 410, 24, 38
675, 410, 24, 38
674, 410, 24, 38
673, 410, 24, 38
673, 409, 24, 38
672, 410, 24, 38
671, 410, 24, 38
671, 410, 24, 38
670, 410, 24, 38
668, 410, 24, 38
668, 409, 24, 38
667, 410, 24, 38
666, 410, 24, 38
665, 409, 24, 38
665, 410, 24, 38
665, 409, 24, 38
664, 409, 24, 38
663, 409, 24, 38
662, 409, 24, 38
661, 409, 24, 38
661, 409, 24, 38
660, 410, 24, 38
660, 410, 24, 38
659, 410, 24, 38
658, 410, 24, 38
657, 410, 24, 38
657, 410, 24, 38
655, 410, 24, 38
655, 410, 24, 38
654, 410, 24, 38
653, 409, 24, 38
652, 410, 24, 38
652, 410, 24, 38
651, 410, 24, 38
650, 409, 24, 38
650, 409, 24, 38
649, 409, 24, 38
648, 410, 24, 38
647, 410, 24, 38
647, 410, 24, 38
646, 410, 24, 38
644, 410, 24, 38
644, 410, 24, 38
644, 410, 24, 38
643, 410, 24, 38
642, 409, 24, 38
640, 409, 24, 38
640, 409, 24, 38
639, 408, 24, 38
638, 408, 24, 38
638, 408, 24, 38
637, 408, 24, 38
636, 408, 24, 38
635, 408, 24, 38
635, 408, 24, 38
634, 407, 24, 38
633, 406, 24, 38
632, 406, 24, 38
632, 406, 24, 38
631, 405, 24, 38
629, 404, 24, 38
629, 404, 24, 38
629, 402, 24, 38
627, 401, 24, 38
626, 401, 24, 38
625, 401, 24, 38
624, 400, 24, 38
624, 399, 24, 38
622, 399, 24, 38
622, 398, 24, 38
622, 397, 24, 38
621, 396, 24, 38
619, 396, 24, 38
619, 395, 24, 38
617, 394, 24, 38
617, 393, 24, 38
617, 392, 24, 38
617, 391, 24, 38
615, 391, 24, 38
614, 389, 24, 38
613, 389, 24, 38
613, 388, 24, 38
612, 386, 24, 38
611, 385, 24, 38
610, 385, 24, 38
610, 384, 24, 38
609, 384, 24, 38
607, 382, 24, 38
606, 381, 24, 38
606, 381, 24, 38
604, 378, 24, 38
604, 378, 24, 38
604, 377, 24, 38
602, 375, 24, 38
601, 375, 24, 38
600, 374, 24, 38
600, 373, 24, 38
599, 373, 24, 38
598, 373, 24, 38
597, 371, 24, 38
596, 371, 24, 38
596, 369, 24, 38
595, 369, 24, 38
594, 368, 24, 38
594, 368, 24, 38
592, 366, 24, 38
591, 365, 24, 38
590, 364, 24, 38
589, 363, 24, 38
588, 362, 24, 38
588, 361, 24, 38
587, 360, 24, 38
586, 359, 24, 38
584, 359, 24, 38
584, 358, 24, 38
583, 358, 24, 38
582, 357, 24, 38
580, 355, 24, 38
579, 355, 24, 38
579, 354, 24, 38
578, 352, 24, 38
576, 352, 24, 38
575, 351, 24, 38
574, 350, 24, 38
573, 349, 24, 38
572, 348, 24, 38
570, 348, 24, 38
570, 346, 24, 38
569, 345, 24, 38
567, 344, 24, 38
566, 344, 24, 38
565, 344, 24, 38
563, 343, 24, 38
563, 343, 24, 38
562, 342, 24, 38
560, 339, 24, 38
560, 339, 24, 38
559, 338, 24, 38
557, 337, 24, 38
556, 337, 24, 38
556, 336, 24, 38
554, 335, 24, 38
553, 334, 24, 38
551, 334, 24, 38
550, 333, 24, 38
549, 332, 24, 38
548, 331, 24, 38
547, 330, 24, 38
544, 329, 24, 38
543, 328, 24, 38
541, 327, 24, 38
540, 326, 24, 38
537, 325, 24, 38
536, 324, 24, 38
534, 323, 24, 38
532, 323, 24, 38
531, 322, 24, 38
528, 321, 24, 38
525, 322, 24, 38
524, 319, 24, 38
521, 319, 24, 38
519, 318, 24, 38
518, 316, 24, 38
516, 316, 24, 38
514, 315, 24, 38
512, 314, 24, 38
511, 313, 24, 38
509, 312, 24, 38
508, 312, 24, 38
506, 311, 24, 38
505, 311, 24, 38
502, 309, 24, 38
500, 309, 24, 38
498, 308, 24, 38
496, 306, 24, 38
493, 305, 24, 38
489, 305, 24, 38
486, 305, 24, 38
483, 303, 24, 38
482, 302, 24, 38
480, 301, 24, 38
479, 300, 24, 38
477, 299, 24, 38
476, 298, 24, 38
474, 297, 24, 38
473, 296, 24, 38
473, 296, 24, 38
472, 297, 24, 38
471, 296, 24, 38
469, 296, 24, 38
468, 297, 24, 38
466, 297, 24, 38
464, 298, 24, 38
463, 298, 24, 38
461, 298, 24, 38
459, 298, 24, 38
457, 298, 24, 38
456, 298, 24, 38
455, 298, 24, 38
452, 298, 24, 38
451, 297, 24, 38
449, 297, 24, 38
446, 298, 24, 38
445, 298, 24, 38
443, 298, 24, 38
441, 297, 24, 38
438, 298, 24, 38
436, 298, 24, 38
434, 298, 24, 38
432, 298, 24, 38
429, 298, 24, 38
427, 299, 24, 38
425, 299, 24, 38
422, 299, 24, 38
420, 299, 24, 38
418, 298, 24, 38
415, 298, 24, 38
412, 297, 24, 38
411, 298, 24, 38
408, 298, 24, 38
406, 298, 24, 38
403, 299, 24, 38
402, 299, 24, 38
399, 299, 24, 38
396, 299, 24, 38
394, 300, 24, 38
392, 300, 24, 38
389, 300, 24, 38
387, 301, 24, 38
384, 301, 24, 38
382, 300, 24, 38
380, 301, 24, 38
378, 301, 24, 38
375, 302, 24, 38
372, 302, 24, 38
370, 302, 24, 38
368, 302, 24, 38
366, 303, 24, 38
363, 303, 24, 38
361, 302, 24, 38
358, 303, 24, 38
355, 304, 24, 38
352, 304, 24, 38
