660, 352, 47, 96
661, 353, 47, 96
661, 353, 47, 96
662, 353, 47, 96
661, 351, 49, 100
662, 352, 47, 96
661, 350, 50, 102
661, 350, 49, 100
662, 353, 47, 96
661, 353, 48, 98
661, 352, 48, 98
661, 353, 48, 98
659, 352, 49, 100
659, 352, 49, 100
658, 353, 48, 98
658, 354, 48, 98
657, 353, 48, 98
656, 353, 49, 100
655, 352, 49, 100
654, 351, 50, 102
654, 352, 49, 100
654, 352, 49, 100
652, 350, 51, 104
652, 351, 52, 106
651, 350, 54, 110
651, 351, 53, 108
651, 351, 53, 108
651, 351, 53, 108
651, 351, 53, 108
651, 351, 54, 110
650, 349, 55, 112
651, 348, 55, 112
651, 347, 54, 110
652, 347, 53, 108
653, 344, 54, 110
652, 341, 55, 112
652, 338, 57, 117
652, 338, 57, 117
653, 339, 55, 112
654, 337, 54, 110
654, 337, 53, 108
654, 337, 52, 106
654, 337, 52, 106
655, 337, 51, 104
655, 338, 50, 102
654, 337, 50, 102
654, 336, 50, 102
654, 336, 50, 102
655, 339, 48, 98
654, 340, 47, 96
654, 339, 48, 98
653, 340, 47, 96
652, 339, 48, 98
652, 340, 47, 96
651, 340, 48, 98
650, 338, 49, 100
651, 339, 48, 98
651, 341, 47, 96
651, 341, 47, 96
652, 342, 47, 96
651, 342, 47, 96
652, 343, 47, 96
653, 343, 47, 96
652, 343, 48, 98
653, 344, 47, 96
654, 345, 48, 98
655, 344, 48, 98
655, 344, 48, 98
655, 343, 49, 100
657, 344, 48, 98
658, 343, 48, 98
658, 343, 48, 98
659, 342, 48, 98
659, 340, 48, 98
659, 339, 49, 100
659, 340, 49, 100
659, 339, 50, 102
659, 340, 50, 102
659, 341, 50, 102
659, 340, 50, 102
659, 342, 49, 100
659, 343, 49, 100
658, 343, 49, 100
658, 344, 48, 98
657, 343, 49, 100
655, 343, 49, 100
654, 341, 50, 102
654, 342, 49, 100
653, 341, 49, 100
653, 341, 48, 98
652, 340, 49, 100
652, 340, 49, 100
652, 340, 49, 100
652, 341, 49, 100
652, 342, 49, 100
652, 342, 49, 100
652, 343, 49, 100
653, 344, 49, 100
653, 344, 49, 100
654, 344, 49, 100
655, 343, 49, 100
655, 342, 49, 100
655, 342, 49, 100
656, 342, 49, 100
656, 341, 49, 100
656, 341, 49, 100
657, 341, 49, 100
656, 340, 49, 100
657, 340, 49, 100
657, 341, 49, 100
657, 341, 49, 100
657, 342, 49, 100
656, 342, 49, 100
655, 341, 50, 102
655, 342, 50, 102
655, 342, 50, 102
654, 342, 51, 104
653, 342, 51, 104
653, 342, 51, 104
652, 341, 51, 104
651, 340, 51, 104
651, 339, 51, 104
651, 337, 51, 104
650, 336, 51, 104
650, 336, 51, 104
649, 335, 51, 104
649, 333, 52, 106
649, 333, 52, 106
649, 333, 52, 106
649, 333, 52, 106
649, 331, 53, 108
648, 331, 54, 110
650, 333, 52, 106
650, 332, 53, 108
651, 332, 53, 108
651, 332, 53, 108
652, 331, 53, 108
653, 330, 53, 108
653, 329, 53, 108
654, 329, 53, 108
653, 327, 54, 110
654, 327, 53, 108
654, 327, 53, 108
655, 327, 53, 108
655, 326, 53, 108
655, 326, 52, 106
656, 327, 51, 104
655, 327, 51, 104
655, 328, 51, 104
655, 329, 51, 104
654, 331, 51, 104
653, 331, 51, 104
653, 332, 51, 104
652, 332, 51, 104
652, 333, 50, 102
651, 333, 50, 102
651, 331, 51, 104
651, 332, 50, 102
650, 331, 50, 102
650, 330, 50, 102
650, 330, 50, 102
650, 331, 49, 100
650, 330, 50, 102
650, 330, 50, 102
650, 331, 50, 102
650, 332, 50, 102
651, 333, 50, 102
651, 334, 50, 102
652, 335, 50, 102
653, 335, 50, 102
654, 336, 50, 102
654, 335, 51, 104
655, 335, 51, 104
655, 334, 52, 106
656, 333, 52, 106
657, 332, 53, 108
656, 331, 54, 110
656, 331, 53, 108
656, 330, 54, 110
656, 330, 54, 110
656, 332, 53, 108
657, 332, 53, 108
657, 332, 53, 108
656, 333, 53, 108
656, 334, 53, 108
655, 335, 53, 108
655, 336, 53, 108
654, 336, 53, 108
653, 336, 53, 108
653, 337, 53, 108
651, 338, 53, 108
651, 338, 53, 108
649, 336, 54, 110
648, 335, 54, 110
647, 334, 55, 112
645, 332, 56, 115
645, 332, 56, 115
645, 332, 56, 115
646, 332, 55, 112
646, 333, 55, 112
645, 331, 56, 115
646, 332, 56, 115
646, 331, 57, 117
646, 330, 58, 119
647, 331, 58, 119
647, 332, 58, 119
648, 333, 57, 117
648, 334, 57, 117
648, 334, 58, 119
649, 334, 58, 119
649, 334, 58, 119
651, 336, 58, 119
651, 334, 60, 122
651, 335, 60, 122
652, 335, 60, 122
652, 333, 61, 124
652, 333, 61, 124
652, 333, 61, 124
652, 333, 61, 124
652, 333, 61, 124
652, 334, 61, 124
652, 334, 61, 124
651, 334, 62, 127
650, 334, 62, 127
650, 334, 62, 127
649, 334, 62, 127
650, 335, 61, 124
648, 334, 62, 127
647, 332, 62, 127
648, 332, 61, 124
648, 331, 61, 124
647, 330, 61, 124
647, 328, 62, 127
646, 327, 62, 127
647, 328, 61, 124
647, 329, 61, 124
646, 329, 62, 127
646, 328, 62, 127
646, 329, 62, 127
647, 329, 62, 127
647, 330, 62, 127
648, 330, 62, 127
648, 329, 63, 129
649, 330, 62, 127
649, 330, 62, 127
649, 330, 62, 127
649, 330, 62, 127
649, 330, 63, 129
649, 331, 63, 129
650, 332, 62, 127
650, 333, 62, 127
650, 334, 62, 127
649, 335, 62, 127
649, 337, 62, 127
649, 338, 62, 127
649, 339, 62, 127
649, 341, 62, 127
649, 342, 62, 127
648, 341, 63, 129
647, 343, 63, 129
646, 343, 65, 132
647, 344, 65, 132
646, 343, 66, 134
645, 344, 66, 134
644, 345, 65, 132
645, 347, 63, 129
645, 347, 62, 127
644, 347, 62, 127
643, 347, 62, 127
642, 348, 62, 127
642, 347, 62, 127
641, 347, 62, 127
642, 347, 62, 127
642, 347, 62, 127
642, 347, 62, 127
642, 346, 62, 127
642, 346, 62, 127
643, 347, 62, 127
643, 347, 62, 127
643, 346, 62, 127
643, 347, 62, 127
642, 346, 62, 127
641, 345, 62, 127
641, 345, 62, 127
642, 345, 62, 127
641, 344, 62, 127
641, 343, 63, 129
643, 344, 63, 129
642, 344, 63, 129
642, 344, 63, 129
642, 344, 63, 129
642, 347, 62, 127
641, 346, 62, 127
641, 346, 62, 127
641, 346, 62, 127
641, 346, 62, 127
641, 346, 62, 127
641, 347, 62, 127
640, 347, 62, 127
640, 347, 62, 127
640, 348, 62, 127
639, 348, 62, 127
639, 348, 62, 127
639, 348, 62, 127
639, 348, 62, 127
640, 349, 62, 127
640, 349, 62, 127
640, 349, 62, 127
640, 350, 62, 127
640, 350, 62, 127
641, 350, 62, 127
642, 350, 62, 127
642, 349, 63, 129
644, 350, 63, 129
644, 349, 63, 129
645, 348, 63, 129
645, 347, 65, 132
645, 345, 66, 134
645, 345, 66, 134
645, 344, 66, 134
645, 344, 66, 134
645, 344, 66, 134
645, 343, 66, 134
645, 343, 66, 134
645, 342, 66, 134
646, 341, 66, 134
646, 341, 66, 134
646, 342, 65, 132
647, 341, 65, 132
646, 339, 66, 134
645, 339, 66, 134
646, 338, 66, 134
647, 340, 65, 132
647, 338, 66, 134
647, 339, 66, 134
648, 339, 66, 134
648, 339, 66, 134
649, 339, 66, 134
649, 339, 66, 134
650, 339, 66, 134
650, 340, 66, 134
650, 340, 66, 134
650, 340, 66, 134
650, 341, 66, 134
651, 341, 66, 134
650, 342, 66, 134
650, 343, 66, 134
650, 344, 66, 134
651, 347, 65, 132
651, 347, 65, 132
650, 347, 65, 132
651, 348, 65, 132
650, 348, 65, 132
650, 349, 65, 132
649, 349, 65, 132
650, 350, 65, 132
649, 350, 65, 132
649, 350, 65, 132
649, 350, 65, 132
649, 350, 65, 132
647, 348, 66, 134
647, 348, 66, 134
647, 348, 66, 134
647, 348, 66, 134
646, 347, 66, 134
646, 347, 66, 134
647, 346, 66, 134
646, 346, 66, 134
646, 346, 66, 134
647, 346, 66, 134
647, 345, 66, 134
647, 345, 66, 134
647, 345, 66, 134
646, 343, 67, 137
646, 342, 67, 137
646, 343, 67, 137
647, 342, 67, 137
646, 342, 68, 140
647, 343, 67, 137
647, 343, 67, 137
646, 343, 67, 137
646, 342, 67, 137
647, 342, 67, 137
646, 342, 67, 137
646, 342, 67, 137
645, 342, 67, 137
646, 341, 67, 137
645, 342, 67, 137
646, 343, 66, 134
646, 343, 66, 134
646, 343, 66, 134
646, 344, 66, 134
646, 343, 66, 134
646, 343, 66, 134
647, 343, 66, 134
647, 343, 66, 134
647, 342, 67, 137
646, 342, 67, 137
647, 342, 67, 137
647, 343, 67, 137
647, 343, 67, 137
647, 343, 67, 137
646, 343, 67, 137
647, 343, 67, 137
647, 343, 67, 137
646, 343, 67, 137
647, 344, 67, 137
648, 343, 67, 137
647, 344, 67, 137
647, 343, 67, 137
647, 343, 67, 137
647, 343, 67, 137
647, 342, 67, 137
647, 342, 67, 137
646, 343, 67, 137
647, 342, 67, 137
646, 342, 67, 137
645, 341, 67, 137
645, 341, 67, 137
646, 341, 67, 137
645, 340, 67, 137
646, 341, 67, 137
645, 340, 67, 137
646, 341, 66, 134
645, 341, 66, 134
645, 341, 66, 134
645, 341, 66, 134
645, 341, 66, 134
645, 341, 66, 134
645, 342, 66, 134
645, 342, 66, 134
645, 342, 66, 134
644, 342, 66, 134
644, 342, 66, 134
644, 342, 66, 134
644, 341, 66, 134
644, 342, 66, 134
644, 342, 66, 134
644, 342, 66, 134
644, 343, 66, 134
643, 342, 67, 137
643, 341, 68, 140
643, 342, 68, 140
644, 342, 68, 140
644, 343, 67, 137
644, 343, 67, 137
643, 343, 67, 137
644, 343, 67, 137
644, 344, 66, 134
644, 344, 66, 134
645, 346, 65, 132
645, 346, 65, 132
645, 346, 65, 132
645, 346, 65, 132
645, 346, 65, 132
646, 347, 63, 129
647, 348, 62, 127
647, 349, 61, 124
648, 350, 60, 122
649, 351, 58, 119
649, 351, 58, 119
650, 351, 58, 119
650, 351, 57, 117
651, 352, 57, 117
651, 352, 56, 115
651, 353, 55, 112
651, 353, 54, 110
650, 353, 54, 110
650, 353, 54, 110
652, 355, 52, 106
651, 354, 54, 110
651, 355, 53, 108
652, 355, 54, 110
652, 354, 54, 110
653, 355, 53, 108
654, 356, 52, 106
655, 356, 52, 106
656, 357, 51, 104
656, 357, 51, 104
656, 356, 51, 104
656, 355, 51, 104
657, 354, 51, 104
657, 354, 52, 106
656, 353, 53, 108
657, 353, 53, 108
657, 354, 53, 108
657, 353, 53, 108
658, 354, 52, 106
657, 354, 52, 106
657, 354, 52, 106
657, 354, 52, 106
657, 354, 52, 106
656, 354, 52, 106
655, 355, 52, 106
654, 355, 52, 106
654, 354, 53, 108
652, 354, 53, 108
653, 354, 53, 108
652, 354, 53, 108
652, 353, 53, 108
651, 354, 52, 106
651, 354, 52, 106
651, 353, 52, 106
651, 353, 52, 106
651, 353, 52, 106
650, 352, 52, 106
650, 353, 52, 106
650, 353, 52, 106
650, 353, 52, 106
650, 353, 52, 106
651, 353, 52, 106
651, 352, 52, 106
652, 353, 51, 104
653, 354, 50, 102
654, 354, 50, 102
654, 353, 51, 104
654, 353, 51, 104
654, 353, 51, 104
655, 353, 51, 104
654, 352, 52, 106
655, 352, 51, 104
655, 353, 51, 104
654, 352, 52, 106
654, 353, 52, 106
654, 352, 53, 108
654, 353, 52, 106
654, 352, 53, 108
654, 352, 53, 108
653, 353, 53, 108
653, 352, 53, 108
652, 352, 53, 108
652, 352, 53, 108
651, 352, 53, 108
650, 352, 53, 108
650, 352, 53, 108
650, 351, 53, 108
649, 350, 53, 108
649, 350, 53, 108
649, 350, 53, 108
649, 350, 53, 108
649, 349, 53, 108
649, 349, 53, 108
648, 349, 53, 108
649, 349, 53, 108
649, 349, 53, 108
649, 348, 54, 110
650, 348, 53, 108
650, 348, 53, 108
651, 349, 53, 108
652, 349, 53, 108
652, 349, 53, 108
653, 350, 53, 108
653, 351, 53, 108
653, 350, 54, 110
652, 350, 54, 110
653, 351, 54, 110
653, 352, 54, 110
653, 353, 54, 110
653, 354, 53, 108
653, 355, 53, 108
653, 356, 53, 108
653, 356, 53, 108
652, 357, 53, 108
653, 357, 53, 108
652, 357, 54, 110
651, 357, 54, 110
652, 357, 54, 110
653, 357, 54, 110
652, 358, 54, 110
652, 358, 54, 110
651, 358, 55, 112
652, 358, 55, 112
652, 359, 55, 112
651, 358, 56, 115
651, 358, 56, 115
651, 359, 56, 115
651, 359, 56, 115
651, 359, 56, 115
651, 360, 56, 115
652, 361, 56, 115
651, 359, 57, 117
652, 360, 57, 117
653, 359, 58, 119
653, 359, 58, 119
653, 359, 60, 122
653, 359, 60, 122
653, 358, 60, 122
654, 358, 61, 124
654, 358, 61, 124
654, 358, 61, 124
654, 356, 62, 127
653, 355, 63, 129
653, 355, 63, 129
654, 354, 63, 129
653, 353, 65, 132
653, 352, 65, 132
652, 352, 65, 132
652, 352, 65, 132
651, 352, 65, 132
649, 351, 65, 132
649, 351, 65, 132
647, 350, 66, 134
647, 349, 66, 134
646, 349, 66, 134
644, 348, 67, 137
644, 348, 67, 137
643, 347, 67, 137
643, 347, 67, 137
642, 347, 67, 137
641, 345, 68, 140
641, 344, 70, 143
641, 344, 70, 143
641, 342, 71, 146
641, 343, 70, 143
641, 342, 71, 146
641, 343, 70, 143
641, 342, 71, 146
641, 341, 71, 146
641, 341, 71, 146
641, 341, 71, 146
641, 341, 71, 146
641, 341, 71, 146
641, 340, 71, 146
642, 341, 70, 143
642, 340, 71, 146
641, 340, 71, 146
641, 340, 71, 146
642, 340, 71, 146
642, 340, 71, 146
643, 341, 71, 146
643, 341, 71, 146
643, 342, 71, 146
643, 343, 71, 146
644, 344, 71, 146
644, 345, 71, 146
644, 346, 71, 146
644, 346, 73, 148
644, 349, 71, 146
644, 351, 71, 146
645, 352, 73, 148
645, 355, 73, 148
644, 354, 76, 154
645, 354, 79, 161
645, 357, 79, 161
644, 359, 79, 161
644, 361, 79, 161
642, 361, 80, 164
641, 363, 80, 164
640, 366, 80, 164
641, 368, 80, 164
639, 369, 80, 164
638, 371, 82, 167
638, 371, 82, 167
636, 374, 82, 167
640, 376, 82, 167
635, 377, 82, 167
636, 378, 82, 167
639, 381, 82, 167
640, 384, 82, 167
640, 388, 82, 167
641, 391, 82, 167
642, 394, 82, 167
644, 396, 82, 167
643, 398, 83, 170
643, 400, 82, 167
646, 403, 82, 167
643, 406, 80, 164
645, 407, 79, 161
647, 411, 77, 157
646, 412, 79, 161
648, 413, 79, 161
647, 417, 79, 161
647, 418, 80, 164
650, 420, 79, 161
616, 426, 80, 164
617, 426, 80, 164
617, 430, 80, 164
646, 431, 79, 161
617, 437, 80, 164
647, 439, 79, 161
620, 447, 79, 161
620, 457, 79, 161
620, 466, 79, 161
621, 475, 79, 161
621, 485, 79, 161
621, 495, 79, 161
649, 503, 80, 164
649, 515, 80, 164
623, 533, 82, 167
648, 543, 82, 167
628, 559, 83, 170
0.0, 0.0, 0.0, 0.0
578, 632, 51, 104
582, 646, 50, 102
581, 660, 50, 102
581, 676, 49, 100
604, 657, 49, 100
614, 668, 48, 98
617, 682, 47, 96
642, 661, 46, 94
621, 642, 48, 98
624, 623, 49, 100
627, 622, 51, 104
626, 638, 51, 104
625, 646, 55, 112
625, 659, 54, 110
643, 665, 54, 110
674, 667, 55, 112
674, 668, 56, 114
0.0, 0.0, 0.0, 0.0
657, 672, 53, 108
654, 668, 57, 117
655, 673, 54, 110
655, 674, 53, 108
654, 674, 52, 106
653, 672, 53, 108
654, 671, 54, 110
654, 668, 55, 112
652, 663, 56, 114
651, 660, 57, 117
649, 653, 62, 126
650, 654, 62, 126
671, 659, 63, 129
650, 659, 62, 126
648, 656, 62, 126
644, 657, 62, 126
694, 658, 62, 126
694, 650, 65, 131
693, 647, 65, 131
691, 635, 67, 137
692, 627, 67, 137
690, 622, 67, 137
692, 614, 67, 137
692, 607, 66, 134
693, 600, 67, 137
692, 592, 67, 137
692, 588, 67, 137
692, 580, 67, 137
693, 574, 67, 137
692, 568, 67, 137
692, 561, 67, 137
693, 560, 66, 134
693, 553, 66, 134
693, 550, 66, 134
692, 543, 67, 137
691, 538, 70, 142
692, 534, 68, 140
693, 531, 67, 137
692, 526, 70, 142
692, 522, 70, 142
691, 520, 70, 142
692, 518, 68, 140
693, 516, 67, 137
693, 514, 67, 137
693, 511, 67, 137
694, 510, 67, 137
693, 508, 67, 137
692, 507, 67, 137
693, 507, 67, 137
693, 506, 67, 137
693, 505, 67, 137
693, 506, 67, 137
694, 505, 67, 137
694, 506, 67, 137
694, 507, 67, 137
694, 509, 67, 137
694, 509, 67, 137
693, 511, 67, 137
693, 515, 67, 137
693, 516, 67, 137
694, 518, 67, 137
693, 521, 67, 137
693, 523, 68, 140
693, 527, 68, 140
694, 531, 68, 140
693, 534, 70, 142
694, 538, 68, 140
693, 542, 70, 142
694, 546, 70, 142
694, 551, 70, 142
693, 555, 71, 145
694, 560, 71, 145
694, 566, 71, 145
695, 570, 71, 145
694, 576, 73, 148
695, 581, 73, 148
695, 587, 73, 148
696, 591, 74, 151
696, 599, 74, 151
696, 605, 74, 151
697, 611, 74, 151
697, 619, 74, 151
698, 623, 76, 154
698, 629, 77, 157
698, 637, 77, 157
698, 642, 77, 157
698, 648, 79, 160
699, 656, 79, 160
699, 663, 79, 160
701, 669, 79, 160
702, 675, 79, 160
702, 676, 77, 157
704, 676, 77, 157
700, 676, 77, 157
704, 675, 79, 160
658, 663, 80, 163
659, 672, 79, 160
659, 676, 77, 157
662, 680, 74, 151
664, 680, 73, 148
665, 674, 77, 157
661, 672, 80, 163
665, 674, 79, 160
667, 670, 79, 160
668, 666, 80, 163
666, 660, 83, 170
669, 661, 80, 163
666, 651, 83, 170
670, 649, 82, 167
670, 644, 83, 170
671, 640, 85, 173
670, 639, 85, 173
674, 636, 85, 173
674, 632, 87, 177
672, 631, 89, 180
675, 625, 90, 184
674, 622, 92, 188
678, 627, 89, 180
675, 619, 90, 184
720, 656, 92, 188
719, 656, 94, 192
719, 654, 96, 195
721, 654, 94, 192
728, 658, 92, 188
734, 658, 92, 188
732, 653, 92, 188
736, 652, 92, 188
740, 651, 92, 188
744, 652, 90, 184
748, 653, 89, 180
752, 654, 87, 177
756, 654, 87, 177
758, 653, 89, 180
760, 653, 89, 180
764, 654, 87, 177
766, 654, 87, 177
766, 653, 89, 180
768, 654, 89, 180
769, 654, 89, 180
772, 655, 87, 177
773, 654, 89, 180
771, 653, 90, 184
774, 654, 89, 180
775, 655, 89, 180
778, 656, 87, 177
778, 656, 89, 180
777, 656, 89, 180
778, 655, 89, 180
778, 655, 89, 180
778, 656, 89, 180
778, 656, 89, 180
779, 655, 89, 180
778, 653, 90, 184
778, 655, 89, 180
779, 655, 89, 180
778, 653, 90, 184
777, 653, 90, 184
776, 650, 92, 188
776, 650, 92, 188
777, 652, 90, 184
777, 651, 90, 184
778, 651, 90, 184
777, 650, 92, 188
777, 649, 92, 188
776, 649, 92, 188
775, 647, 94, 192
776, 649, 92, 188
777, 648, 92, 188
777, 648, 92, 188
777, 648, 92, 188
776, 646, 94, 192
776, 647, 94, 192
776, 647, 94, 192
776, 647, 94, 192
774, 645, 96, 195
773, 644, 98, 199
774, 644, 98, 199
774, 644, 98, 199
773, 644, 98, 199
774, 643, 98, 199
773, 642, 100, 203
773, 642, 100, 203
773, 642, 100, 203
774, 643, 98, 199
775, 643, 98, 199
775, 643, 98, 199
775, 643, 98, 199
774, 642, 100, 203
775, 643, 98, 199
776, 643, 98, 199
777, 643, 98, 199
777, 643, 98, 199
775, 639, 102, 207
774, 639, 102, 207
776, 643, 98, 199
778, 644, 96, 195
777, 644, 96, 195
778, 644, 96, 195
779, 646, 94, 192
780, 644, 96, 195
780, 645, 94, 192
781, 645, 94, 192
781, 647, 92, 188
782, 647, 92, 188
781, 645, 94, 192
782, 645, 94, 192
782, 645, 94, 192
782, 645, 94, 192
782, 645, 94, 192
783, 647, 92, 188
781, 645, 94, 192
782, 646, 94, 192
782, 648, 92, 188
783, 647, 92, 188
783, 647, 92, 188
784, 649, 90, 184
785, 649, 90, 184
784, 649, 90, 184
783, 648, 92, 188
783, 648, 92, 188
784, 650, 90, 184
784, 649, 90, 184
785, 648, 90, 184
786, 650, 89, 180
786, 649, 90, 184
785, 649, 90, 184
786, 650, 89, 180
788, 650, 89, 180
788, 649, 90, 184
786, 649, 90, 184
788, 651, 89, 180
789, 650, 89, 180
791, 651, 89, 180
791, 651, 89, 180
792, 651, 89, 180
793, 651, 89, 180
792, 649, 90, 184
792, 649, 90, 184
792, 649, 90, 184
792, 649, 90, 184
793, 649, 90, 184
794, 650, 90, 184
795, 651, 89, 180
796, 651, 89, 180
794, 650, 90, 184
795, 651, 89, 180
796, 651, 89, 180
796, 651, 89, 180
796, 652, 89, 180
795, 650, 90, 184
795, 651, 89, 180
796, 652, 89, 180
797, 652, 89, 180
797, 650, 90, 184
797, 651, 89, 180
798, 653, 87, 177
798, 653, 87, 177
798, 653, 87, 177
798, 652, 89, 180
799, 655, 85, 173
798, 654, 87, 177
798, 655, 85, 173
798, 655, 85, 173
798, 654, 87, 177
797, 655, 85, 173
799, 655, 85, 173
799, 655, 85, 173
799, 655, 85, 173
799, 655, 85, 173
799, 655, 85, 173
800, 655, 85, 173
800, 655, 85, 173
801, 655, 85, 173
801, 655, 85, 173
801, 653, 87, 177
801, 654, 85, 173
802, 654, 85, 173
802, 654, 85, 173
803, 657, 83, 170
805, 660, 82, 167
804, 660, 83, 170
801, 654, 90, 184
800, 657, 94, 192
795, 657, 96, 195
797, 657, 96, 195
777, 647, 94, 192
773, 650, 94, 192
768, 651, 94, 192
756, 642, 94, 192
756, 647, 92, 188
755, 651, 92, 188
753, 653, 92, 188
743, 651, 92, 188
740, 653, 92, 188
738, 656, 92, 188
739, 663, 90, 184
703, 650, 89, 180
705, 657, 89, 180
705, 661, 90, 184
672, 649, 90, 184
650, 648, 90, 184
638, 649, 90, 184
632, 650, 90, 184
712, 651, 90, 184
713, 655, 90, 184
767, 653, 89, 180
819, 654, 89, 180
839, 654, 89, 180
850, 655, 89, 180
871, 662, 87, 177
938, 653, 85, 173
934, 654, 87, 177
933, 656, 87, 177
930, 659, 87, 177
916, 652, 87, 177
914, 654, 87, 177
914, 657, 85, 173
915, 657, 87, 177
964, 658, 87, 177
955, 655, 87, 177
943, 653, 87, 177
909, 655, 87, 177
901, 655, 87, 177
907, 656, 87, 177
898, 653, 89, 180
899, 653, 90, 184
881, 647, 90, 184
937, 647, 92, 188
947, 649, 92, 188
951, 651, 92, 188
949, 651, 94, 192
