539.0,529.0,66.0,141.0
530.0,525.0,67.0,144.0
521.0,523.0,67.0,144.0
511.0,518.0,70.0,150.0
501.0,515.0,70.0,150.0
492.0,511.0,70.0,151.0
483.0,508.0,70.0,151.0
475.0,505.0,69.0,148.0
467.0,501.0,70.0,151.0
458.0,498.0,70.0,151.0
450.0,495.0,70.0,150.0
441.0,492.0,71.0,152.0
431.0,487.0,74.0,158.0
422.0,483.0,74.0,160.0
411.0,479.0,78.0,169.0
403.0,474.0,81.0,175.0
393.0,470.0,84.0,182.0
387.0,468.0,84.0,182.0
378.0,466.0,86.0,186.0
371.0,466.0,84.0,183.0
365.0,466.0,83.0,180.0
357.0,465.0,83.0,180.0
350.0,466.0,81.0,177.0
343.0,464.0,81.0,177.0
337.0,462.0,81.0,174.0
331.0,460.0,81.0,174.0
324.0,456.0,82.0,176.0
317.0,453.0,82.0,176.0
312.0,450.0,82.0,175.0
307.0,445.0,84.0,178.0
302.0,440.0,87.0,185.0
298.0,436.0,88.0,188.0
296.0,432.0,88.0,189.0
294.0,428.0,90.0,192.0
293.0,425.0,89.0,189.0
292.0,424.0,88.0,186.0
291.0,418.0,89.0,190.0
288.0,414.0,90.0,193.0
289.0,412.0,88.0,190.0
288.0,408.0,88.0,190.0
287.0,402.0,90.0,193.0
285.0,397.0,90.0,193.0
285.0,394.0,88.0,190.0
286.0,392.0,87.0,186.0
283.0,386.0,86.0,186.0
282.0,381.0,87.0,189.0
283.0,376.0,89.0,192.0
281.0,373.0,89.0,192.0
281.0,370.0,88.0,192.0
279.0,364.0,92.0,199.0
279.0,361.0,92.0,199.0
280.0,361.0,90.0,196.0
279.0,357.0,92.0,200.0
278.0,356.0,92.0,200.0
278.0,356.0,90.0,196.0
278.0,354.0,90.0,196.0
276.0,350.0,92.0,200.0
274.0,348.0,92.0,200.0
272.0,343.0,93.0,203.0
271.0,340.0,93.0,203.0
270.0,339.0,92.0,200.0
268.0,333.0,93.0,203.0
267.0,334.0,92.0,199.0
266.0,333.0,90.0,195.0
267.0,331.0,88.0,191.0
267.0,328.0,87.0,188.0
270.0,326.0,87.0,187.0
274.0,324.0,87.0,187.0
279.0,321.0,87.0,187.0
284.0,319.0,87.0,183.0
290.0,317.0,88.0,187.0
298.0,314.0,88.0,187.0
302.0,308.0,87.0,183.0
311.0,308.0,87.0,183.0
318.0,306.0,87.0,183.0
320.0,297.0,88.0,187.0
330.0,300.0,87.0,183.0
337.0,297.0,87.0,183.0
339.0,290.0,87.0,183.0
348.0,290.0,87.0,183.0
356.0,287.0,87.0,183.0
359.0,280.0,87.0,183.0
369.0,284.0,85.0,180.0
377.0,282.0,85.0,180.0
379.0,274.0,87.0,183.0
387.0,276.0,87.0,183.0
395.0,273.0,87.0,183.0
397.0,268.0,87.0,183.0
406.0,272.0,85.0,180.0
411.0,270.0,84.0,180.0
414.0,263.0,86.0,184.0
419.0,265.0,86.0,184.0
56.0,38.0,5.0,11.0
451.0,299.0,54.0,107.0
456.0,297.0,55.0,108.0
462.0,298.0,53.0,105.0
466.0,296.0,54.0,108.0
471.0,295.0,54.0,108.0
475.0,293.0,55.0,111.0
478.0,292.0,55.0,111.0
483.0,292.0,55.0,112.0
488.0,292.0,55.0,112.0
490.0,290.0,58.0,115.0
495.0,291.0,58.0,115.0
498.0,289.0,59.0,118.0
501.0,288.0,60.0,119.0
506.0,289.0,60.0,119.0
511.0,290.0,59.0,117.0
514.0,290.0,60.0,119.0
519.0,291.0,59.0,117.0
522.0,290.0,62.0,120.0
527.0,292.0,62.0,120.0
531.0,292.0,63.0,122.0
536.0,293.0,63.0,120.0
542.0,294.0,61.0,118.0
547.0,295.0,63.0,120.0
552.0,296.0,63.0,120.0
558.0,297.0,62.0,120.0
563.0,299.0,62.0,120.0
569.0,300.0,62.0,120.0
575.0,302.0,62.0,120.0
580.0,304.0,62.0,120.0
585.0,306.0,62.0,120.0
590.0,308.0,62.0,120.0
596.0,311.0,60.0,118.0
602.0,313.0,62.0,120.0
604.0,314.0,63.0,122.0
611.0,317.0,62.0,120.0
616.0,321.0,60.0,118.0
620.0,322.0,63.0,122.0
624.0,325.0,63.0,122.0
629.0,329.0,63.0,122.0
632.0,332.0,63.0,122.0
635.0,335.0,63.0,122.0
640.0,339.0,60.0,118.0
642.0,342.0,63.0,122.0
645.0,345.0,62.0,120.0
646.0,347.0,65.0,127.0
648.0,350.0,65.0,127.0
649.0,352.0,67.0,129.0
651.0,356.0,65.0,127.0
653.0,360.0,65.0,127.0
654.0,364.0,65.0,127.0
656.0,368.0,65.0,127.0
657.0,372.0,64.0,125.0
659.0,378.0,63.0,119.0
660.0,382.0,63.0,119.0
660.0,386.0,62.0,119.0
661.0,390.0,61.0,118.0
662.0,394.0,62.0,119.0
662.0,399.0,60.0,116.0
662.0,403.0,60.0,116.0
663.0,409.0,59.0,114.0
663.0,414.0,58.0,112.0
663.0,419.0,56.0,111.0
663.0,423.0,56.0,111.0
663.0,428.0,56.0,111.0
663.0,434.0,55.0,109.0
662.0,438.0,56.0,111.0
662.0,443.0,56.0,111.0
661.0,449.0,56.0,111.0
659.0,453.0,58.0,113.0
658.0,459.0,59.0,114.0
657.0,462.0,60.0,118.0
657.0,467.0,60.0,118.0
656.0,472.0,62.0,120.0
655.0,477.0,62.0,120.0
655.0,483.0,61.0,118.0
655.0,488.0,62.0,120.0
654.0,492.0,62.0,120.0
654.0,497.0,62.0,120.0
654.0,502.0,62.0,119.0
653.0,507.0,63.0,122.0
652.0,511.0,64.0,125.0
653.0,516.0,64.0,125.0
652.0,521.0,64.0,125.0
651.0,526.0,65.0,127.0
650.0,529.0,67.0,130.0
650.0,533.0,67.0,133.0
649.0,538.0,67.0,133.0
649.0,543.0,67.0,133.0
648.0,549.0,67.0,133.0
647.0,552.0,69.0,135.0
647.0,557.0,69.0,135.0
647.0,563.0,69.0,135.0
646.0,567.0,69.0,134.0
645.0,572.0,69.0,134.0
645.0,578.0,69.0,134.0
644.0,582.0,70.0,134.0
642.0,587.0,70.0,136.0
641.0,592.0,70.0,136.0
640.0,597.0,71.0,136.0
639.0,602.0,71.0,136.0
636.0,607.0,71.0,136.0
635.0,612.0,70.0,136.0
632.0,617.0,70.0,135.0
632.0,623.0,71.0,135.0
632.0,629.0,71.0,134.0
632.0,639.0,72.0,134.0
638.0,648.0,70.0,131.0
625.0,645.0,70.0,130.0
633.0,651.0,69.0,129.0
nan,nan,nan,nan
nan,nan,nan,nan
nan,nan,nan,nan
nan,nan,nan,nan
nan,nan,nan,nan
nan,nan,nan,nan
nan,nan,nan,nan
nan,nan,nan,nan
nan,nan,nan,nan
nan,nan,nan,nan
nan,nan,nan,nan
nan,nan,nan,nan
nan,nan,nan,nan
nan,nan,nan,nan
nan,nan,nan,nan
nan,nan,nan,nan
nan,nan,nan,nan
nan,nan,nan,nan
nan,nan,nan,nan
nan,nan,nan,nan
nan,nan,nan,nan
nan,nan,nan,nan
nan,nan,nan,nan
nan,nan,nan,nan
nan,nan,nan,nan
nan,nan,nan,nan
nan,nan,nan,nan
nan,nan,nan,nan
nan,nan,nan,nan
nan,nan,nan,nan
nan,nan,nan,nan
nan,nan,nan,nan
nan,nan,nan,nan
nan,nan,nan,nan
nan,nan,nan,nan
nan,nan,nan,nan
nan,nan,nan,nan
nan,nan,nan,nan
nan,nan,nan,nan
nan,nan,nan,nan
nan,nan,nan,nan
nan,nan,nan,nan
nan,nan,nan,nan
nan,nan,nan,nan
nan,nan,nan,nan
nan,nan,nan,nan
nan,nan,nan,nan
nan,nan,nan,nan
nan,nan,nan,nan
nan,nan,nan,nan
nan,nan,nan,nan
nan,nan,nan,nan
nan,nan,nan,nan
nan,nan,nan,nan
nan,nan,nan,nan
nan,nan,nan,nan
nan,nan,nan,nan
nan,nan,nan,nan
nan,nan,nan,nan
nan,nan,nan,nan
nan,nan,nan,nan
nan,nan,nan,nan
nan,nan,nan,nan
nan,nan,nan,nan
nan,nan,nan,nan
nan,nan,nan,nan
nan,nan,nan,nan
nan,nan,nan,nan
67.0,83.0,5.0,6.0
67.0,83.0,6.0,6.0
66.0,82.0,6.0,7.0
66.0,82.0,6.0,7.0
67.0,81.0,6.0,8.0
67.0,80.0,6.0,9.0
67.0,79.0,6.0,10.0
68.0,78.0,6.0,10.0
68.0,77.0,6.0,10.0
69.0,76.0,6.0,10.0
69.0,76.0,6.0,11.0
70.0,75.0,6.0,11.0
70.0,74.0,6.0,12.0
71.0,73.0,6.0,12.0
72.0,72.0,5.0,13.0
72.0,72.0,5.0,13.0
73.0,71.0,5.0,12.0
74.0,70.0,5.0,12.0
75.0,69.0,5.0,11.0
75.0,68.0,5.0,11.0
76.0,68.0,5.0,12.0
77.0,67.0,5.0,12.0
77.0,66.0,5.0,12.0
78.0,65.0,5.0,12.0
78.0,65.0,5.0,12.0
79.0,64.0,5.0,12.0
80.0,64.0,5.0,12.0
81.0,63.0,5.0,12.0
81.0,63.0,5.0,12.0
82.0,62.0,6.0,12.0
82.0,62.0,6.0,13.0
83.0,61.0,6.0,13.0
84.0,60.0,6.0,13.0
84.0,59.0,6.0,14.0
85.0,59.0,6.0,14.0
86.0,58.0,6.0,14.0
87.0,57.0,6.0,14.0
88.0,57.0,5.0,13.0
89.0,56.0,5.0,13.0
90.0,56.0,5.0,12.0
90.0,55.0,5.0,12.0
91.0,54.0,5.0,12.0
91.0,54.0,5.0,12.0
91.0,53.0,5.0,13.0
92.0,52.0,5.0,13.0
92.0,51.0,5.0,14.0
92.0,51.0,5.0,14.0
92.0,50.0,5.0,14.0
92.0,49.0,5.0,14.0
92.0,49.0,5.0,13.0
92.0,48.0,5.0,13.0
92.0,48.0,5.0,12.0
91.0,47.0,5.0,12.0
91.0,47.0,5.0,12.0
90.0,46.0,5.0,12.0
90.0,45.0,5.0,13.0
90.0,44.0,5.0,13.0
89.0,44.0,5.0,13.0
89.0,43.0,5.0,13.0
89.0,43.0,5.0,13.0
88.0,42.0,5.0,13.0
88.0,42.0,5.0,13.0
88.0,41.0,5.0,13.0
88.0,41.0,5.0,12.0
88.0,40.0,5.0,12.0
87.0,40.0,5.0,12.0
87.0,40.0,5.0,12.0
87.0,39.0,4.0,12.0
87.0,38.0,4.0,13.0
86.0,38.0,4.0,13.0
86.0,37.0,4.0,13.0
86.0,37.0,4.0,13.0
86.0,36.0,4.0,13.0
85.0,36.0,4.0,12.0
85.0,36.0,4.0,12.0
85.0,36.0,4.0,11.0
85.0,36.0,4.0,11.0
84.0,35.0,4.0,11.0
84.0,35.0,4.0,11.0
84.0,34.0,4.0,12.0
83.0,34.0,4.0,12.0
83.0,33.0,5.0,13.0
83.0,33.0,5.0,13.0
83.0,33.0,4.0,13.0
83.0,33.0,4.0,13.0
653.0,250.0,47.0,124.0
651.0,250.0,47.0,124.0
649.0,248.0,47.0,124.0
649.0,249.0,46.0,121.0
646.0,243.0,48.0,125.0
644.0,243.0,48.0,125.0
640.0,238.0,48.0,127.0
635.0,233.0,51.0,134.0
633.0,230.0,51.0,137.0
632.0,232.0,50.0,132.0
630.0,231.0,50.0,132.0
628.0,232.0,49.0,130.0
625.0,233.0,49.0,130.0
623.0,230.0,51.0,134.0
621.0,230.0,51.0,134.0
619.0,232.0,51.0,134.0
617.0,230.0,53.0,139.0
615.0,229.0,53.0,142.0
613.0,228.0,53.0,139.0
610.0,227.0,54.0,142.0
607.0,225.0,54.0,143.0
605.0,226.0,52.0,138.0
603.0,223.0,53.0,141.0
602.0,223.0,53.0,141.0
599.0,222.0,54.0,143.0
595.0,224.0,54.0,143.0
594.0,227.0,54.0,140.0
591.0,227.0,54.0,140.0
588.0,226.0,54.0,142.0
587.0,226.0,53.0,139.0
583.0,225.0,54.0,142.0
582.0,224.0,53.0,140.0
579.0,222.0,54.0,143.0
576.0,221.0,54.0,143.0
574.0,221.0,54.0,143.0
571.0,223.0,52.0,138.0
570.0,224.0,52.0,138.0
566.0,225.0,52.0,138.0
564.0,227.0,52.0,138.0
561.0,231.0,51.0,135.0
557.0,232.0,51.0,134.0
554.0,232.0,52.0,136.0
551.0,231.0,53.0,139.0
547.0,232.0,52.0,137.0
544.0,232.0,53.0,140.0
541.0,230.0,54.0,142.0
537.0,231.0,55.0,143.0
534.0,232.0,54.0,140.0
533.0,233.0,54.0,140.0
530.0,235.0,54.0,140.0
527.0,238.0,54.0,140.0
523.0,240.0,55.0,143.0
521.0,241.0,54.0,142.0
520.0,245.0,53.0,139.0
518.0,247.0,52.0,137.0
515.0,248.0,51.0,134.0
510.0,246.0,53.0,139.0
506.0,247.0,54.0,141.0
501.0,249.0,54.0,141.0
497.0,254.0,54.0,141.0
493.0,255.0,54.0,141.0
489.0,258.0,56.0,144.0
486.0,261.0,57.0,146.0
482.0,265.0,56.0,143.0
479.0,268.0,56.0,143.0
475.0,269.0,57.0,143.0
472.0,272.0,57.0,144.0
468.0,274.0,58.0,147.0
465.0,275.0,58.0,147.0
461.0,279.0,58.0,150.0
458.0,282.0,58.0,150.0
454.0,285.0,59.0,153.0
451.0,288.0,60.0,156.0
447.0,292.0,59.0,153.0
444.0,296.0,60.0,156.0
442.0,298.0,59.0,154.0
439.0,303.0,59.0,151.0
435.0,305.0,58.0,148.0
432.0,309.0,58.0,148.0
428.0,311.0,58.0,148.0
425.0,315.0,58.0,147.0
421.0,319.0,58.0,147.0
419.0,323.0,58.0,146.0
416.0,328.0,58.0,146.0
412.0,333.0,58.0,146.0
410.0,339.0,59.0,146.0
407.0,344.0,59.0,146.0
402.0,348.0,60.0,149.0
401.0,352.0,60.0,149.0
398.0,356.0,60.0,149.0
400.0,361.0,60.0,147.0
51.0,48.0,7.0,12.0
396.0,382.0,77.0,125.0
400.0,385.0,77.0,125.0
405.0,388.0,76.0,125.0
411.0,391.0,76.0,125.0
416.0,393.0,76.0,125.0
422.0,394.0,76.0,125.0
428.0,397.0,73.0,122.0
436.0,400.0,71.0,118.0
444.0,402.0,70.0,115.0
452.0,405.0,67.0,111.0
459.0,409.0,67.0,111.0
465.0,410.0,67.0,111.0
472.0,415.0,66.0,109.0
477.0,416.0,66.0,109.0
483.0,419.0,65.0,108.0
489.0,423.0,65.0,108.0
494.0,424.0,65.0,108.0
498.0,426.0,65.0,108.0
501.0,429.0,67.0,110.0
505.0,430.0,67.0,111.0
510.0,435.0,65.0,109.0
514.0,437.0,64.0,107.0
517.0,437.0,67.0,111.0
521.0,442.0,65.0,109.0
524.0,442.0,67.0,111.0
527.0,446.0,67.0,111.0
530.0,447.0,65.0,109.0
533.0,449.0,67.0,110.0
536.0,451.0,67.0,110.0
539.0,454.0,66.0,110.0
543.0,457.0,63.0,106.0
544.0,462.0,64.0,106.0
546.0,463.0,65.0,108.0
549.0,466.0,67.0,110.0
550.0,469.0,68.0,112.0
554.0,470.0,70.0,114.0
556.0,474.0,69.0,112.0
559.0,478.0,69.0,112.0
562.0,479.0,70.0,114.0
564.0,482.0,68.0,112.0
568.0,486.0,70.0,114.0
570.0,485.0,70.0,114.0
572.0,486.0,70.0,113.0
574.0,489.0,68.0,111.0
578.0,494.0,65.0,108.0
583.0,493.0,64.0,108.0
585.0,497.0,64.0,109.0
588.0,499.0,63.0,107.0
592.0,502.0,62.0,106.0
595.0,501.0,62.0,106.0
599.0,505.0,62.0,107.0
601.0,502.0,63.0,109.0
602.0,501.0,66.0,113.0
609.0,511.0,63.0,109.0
610.0,505.0,64.0,112.0
612.0,505.0,66.0,113.0
617.0,510.0,66.0,115.0
619.0,509.0,66.0,114.0
621.0,508.0,68.0,117.0
624.0,509.0,68.0,116.0
630.0,516.0,68.0,116.0
634.0,515.0,66.0,113.0
635.0,515.0,68.0,115.0
637.0,516.0,69.0,117.0
640.0,518.0,69.0,117.0
645.0,525.0,68.0,115.0
648.0,524.0,68.0,115.0
650.0,527.0,68.0,116.0
655.0,531.0,68.0,116.0
656.0,532.0,68.0,116.0
658.0,534.0,68.0,116.0
659.0,536.0,68.0,116.0
662.0,539.0,66.0,113.0
667.0,543.0,66.0,112.0
668.0,545.0,66.0,112.0
670.0,547.0,66.0,111.0
672.0,548.0,66.0,111.0
675.0,550.0,68.0,113.0
677.0,553.0,66.0,110.0
679.0,556.0,66.0,110.0
682.0,558.0,66.0,110.0
684.0,560.0,66.0,110.0
686.0,562.0,66.0,110.0
688.0,566.0,66.0,111.0
691.0,569.0,66.0,109.0
692.0,571.0,66.0,109.0
694.0,573.0,65.0,109.0
696.0,576.0,65.0,110.0
698.0,578.0,65.0,110.0
701.0,579.0,65.0,110.0
702.0,582.0,65.0,110.0
706.0,582.0,65.0,111.0
708.0,584.0,65.0,111.0
710.0,585.0,65.0,111.0
713.0,586.0,65.0,111.0
715.0,588.0,66.0,113.0
719.0,592.0,66.0,113.0
722.0,593.0,66.0,113.0
723.0,595.0,68.0,115.0
725.0,597.0,68.0,115.0
730.0,602.0,68.0,115.0
730.0,604.0,68.0,115.0
93.0,77.0,5.0,12.0
738.0,606.0,61.0,122.0
741.0,609.0,61.0,122.0
744.0,611.0,61.0,122.0
746.0,616.0,60.0,120.0
749.0,619.0,59.0,117.0
752.0,623.0,57.0,114.0
756.0,630.0,53.0,106.0
760.0,631.0,55.0,109.0
761.0,635.0,54.0,107.0
763.0,639.0,53.0,105.0
768.0,640.0,55.0,108.0
767.0,644.0,55.0,108.0
772.0,646.0,55.0,107.0
771.0,651.0,56.0,109.0
775.0,657.0,55.0,106.0
nan,nan,nan,nan
nan,nan,nan,nan
nan,nan,nan,nan
nan,nan,nan,nan
nan,nan,nan,nan
nan,nan,nan,nan
nan,nan,nan,nan
nan,nan,nan,nan
nan,nan,nan,nan
nan,nan,nan,nan
nan,nan,nan,nan
nan,nan,nan,nan
nan,nan,nan,nan
nan,nan,nan,nan
nan,nan,nan,nan
nan,nan,nan,nan
nan,nan,nan,nan
nan,nan,nan,nan
nan,nan,nan,nan
nan,nan,nan,nan
nan,nan,nan,nan
nan,nan,nan,nan
nan,nan,nan,nan
nan,nan,nan,nan
nan,nan,nan,nan
nan,nan,nan,nan
nan,nan,nan,nan
nan,nan,nan,nan
nan,nan,nan,nan
nan,nan,nan,nan
nan,nan,nan,nan
nan,nan,nan,nan
nan,nan,nan,nan
nan,nan,nan,nan
nan,nan,nan,nan
nan,nan,nan,nan
nan,nan,nan,nan
nan,nan,nan,nan
nan,nan,nan,nan
nan,nan,nan,nan
nan,nan,nan,nan
nan,nan,nan,nan
nan,nan,nan,nan
nan,nan,nan,nan
nan,nan,nan,nan
nan,nan,nan,nan
nan,nan,nan,nan
nan,nan,nan,nan
nan,nan,nan,nan
nan,nan,nan,nan
nan,nan,nan,nan
nan,nan,nan,nan
nan,nan,nan,nan
nan,nan,nan,nan
nan,nan,nan,nan
nan,nan,nan,nan
nan,nan,nan,nan
nan,nan,nan,nan
nan,nan,nan,nan
nan,nan,nan,nan
nan,nan,nan,nan
nan,nan,nan,nan
nan,nan,nan,nan
nan,nan,nan,nan
nan,nan,nan,nan
nan,nan,nan,nan
nan,nan,nan,nan
nan,nan,nan,nan
nan,nan,nan,nan
nan,nan,nan,nan
nan,nan,nan,nan
nan,nan,nan,nan
nan,nan,nan,nan
nan,nan,nan,nan
nan,nan,nan,nan
nan,nan,nan,nan
nan,nan,nan,nan
nan,nan,nan,nan
nan,nan,nan,nan
nan,nan,nan,nan
nan,nan,nan,nan
nan,nan,nan,nan
nan,nan,nan,nan
nan,nan,nan,nan
nan,nan,nan,nan
nan,nan,nan,nan
nan,nan,nan,nan
nan,nan,nan,nan
nan,nan,nan,nan
nan,nan,nan,nan
nan,nan,nan,nan
nan,nan,nan,nan
nan,nan,nan,nan
nan,nan,nan,nan
nan,nan,nan,nan
nan,nan,nan,nan
nan,nan,nan,nan
nan,nan,nan,nan
91.0,82.0,7.0,8.0
91.0,81.0,7.0,8.0
90.0,80.0,7.0,9.0
89.0,80.0,7.0,10.0
89.0,79.0,6.0,10.0
88.0,78.0,6.0,11.0
87.0,77.0,6.0,12.0
87.0,77.0,6.0,12.0
86.0,76.0,6.0,12.0
86.0,75.0,6.0,12.0
85.0,75.0,6.0,13.0
84.0,74.0,5.0,13.0
84.0,73.0,5.0,13.0
83.0,72.0,5.0,13.0
82.0,72.0,5.0,13.0
82.0,71.0,5.0,13.0
81.0,70.0,5.0,13.0
81.0,70.0,5.0,13.0
80.0,69.0,5.0,13.0
80.0,68.0,5.0,13.0
79.0,68.0,5.0,13.0
79.0,67.0,5.0,13.0
78.0,66.0,5.0,13.0
600.0,517.0,55.0,156.0
596.0,511.0,58.0,162.0
589.0,507.0,59.0,164.0
587.0,504.0,59.0,164.0
585.0,506.0,55.0,155.0
583.0,502.0,55.0,155.0
577.0,502.0,55.0,155.0
576.0,499.0,54.0,149.0
571.0,502.0,53.0,147.0
570.0,495.0,49.0,136.0
566.0,484.0,53.0,147.0
561.0,485.0,53.0,147.0
556.0,485.0,54.0,149.0
553.0,476.0,56.0,155.0
546.0,474.0,57.0,158.0
542.0,470.0,58.0,160.0
540.0,465.0,58.0,160.0
535.0,463.0,59.0,160.0
533.0,460.0,59.0,160.0
527.0,457.0,60.0,163.0
526.0,454.0,59.0,160.0
523.0,451.0,59.0,160.0
520.0,447.0,60.0,163.0
517.0,444.0,62.0,169.0
514.0,437.0,64.0,176.0
512.0,435.0,64.0,176.0
510.0,434.0,63.0,173.0
504.0,429.0,65.0,180.0
503.0,430.0,63.0,174.0
497.0,426.0,63.0,174.0
495.0,425.0,63.0,174.0
490.0,419.0,64.0,177.0
489.0,419.0,64.0,177.0
486.0,420.0,64.0,177.0
483.0,415.0,64.0,181.0
481.0,413.0,64.0,181.0
479.0,412.0,64.0,181.0
475.0,409.0,66.0,184.0
473.0,408.0,66.0,184.0
470.0,407.0,66.0,184.0
468.0,405.0,66.0,184.0
465.0,404.0,66.0,184.0
462.0,404.0,64.0,181.0
460.0,403.0,64.0,181.0
458.0,402.0,64.0,181.0
454.0,399.0,66.0,184.0
451.0,398.0,66.0,184.0
449.0,396.0,66.0,183.0
447.0,396.0,64.0,181.0
444.0,395.0,66.0,183.0
442.0,394.0,64.0,180.0
440.0,394.0,64.0,180.0
438.0,393.0,64.0,180.0
435.0,392.0,65.0,180.0
432.0,391.0,65.0,180.0
431.0,390.0,65.0,180.0
429.0,390.0,64.0,177.0
428.0,390.0,64.0,177.0
428.0,388.0,64.0,177.0
429.0,388.0,63.0,173.0
430.0,387.0,63.0,173.0
432.0,386.0,62.0,169.0
434.0,384.0,62.0,169.0
436.0,382.0,62.0,169.0
440.0,382.0,61.0,166.0
443.0,380.0,61.0,166.0
446.0,378.0,61.0,166.0
449.0,376.0,61.0,166.0
453.0,375.0,60.0,166.0
456.0,375.0,59.0,163.0
460.0,375.0,58.0,160.0
462.0,374.0,58.0,160.0
466.0,372.0,59.0,163.0
469.0,369.0,59.0,163.0
472.0,370.0,58.0,160.0
477.0,369.0,58.0,160.0
478.0,366.0,59.0,163.0
483.0,366.0,58.0,160.0
486.0,365.0,58.0,160.0
490.0,364.0,58.0,160.0
494.0,363.0,58.0,160.0
497.0,362.0,58.0,160.0
501.0,360.0,58.0,160.0
504.0,359.0,58.0,160.0
508.0,359.0,58.0,161.0
511.0,357.0,58.0,161.0
66.0,44.0,5.0,11.0
499.0,449.0,42.0,99.0
503.0,449.0,42.0,99.0
505.0,447.0,43.0,100.0
509.0,448.0,42.0,99.0
513.0,447.0,42.0,99.0
517.0,446.0,42.0,99.0
520.0,447.0,41.0,97.0
525.0,449.0,39.0,92.0
529.0,448.0,39.0,92.0
532.0,446.0,40.0,94.0
536.0,446.0,40.0,94.0
539.0,446.0,39.0,93.0
543.0,446.0,39.0,93.0
547.0,446.0,38.0,92.0
551.0,446.0,38.0,92.0
554.0,445.0,39.0,93.0
558.0,445.0,39.0,93.0
562.0,446.0,38.0,92.0
566.0,446.0,38.0,92.0
570.0,446.0,38.0,92.0
573.0,445.0,39.0,93.0
577.0,444.0,40.0,95.0
581.0,443.0,40.0,96.0
585.0,443.0,40.0,96.0
589.0,443.0,40.0,96.0
593.0,443.0,40.0,96.0
597.0,443.0,40.0,96.0
601.0,443.0,40.0,96.0
605.0,443.0,40.0,95.0
608.0,441.0,43.0,101.0
612.0,443.0,43.0,101.0
616.0,442.0,43.0,102.0
620.0,441.0,44.0,104.0
624.0,443.0,43.0,102.0
629.0,444.0,43.0,101.0
633.0,445.0,43.0,101.0
636.0,446.0,43.0,101.0
641.0,447.0,43.0,101.0
644.0,448.0,43.0,101.0
649.0,449.0,43.0,101.0
652.0,451.0,42.0,99.0
656.0,452.0,42.0,99.0
660.0,453.0,41.0,97.0
663.0,454.0,42.0,99.0
667.0,455.0,42.0,99.0
670.0,456.0,42.0,99.0
673.0,458.0,43.0,99.0
675.0,459.0,43.0,99.0
677.0,461.0,43.0,99.0
680.0,461.0,43.0,99.0
682.0,463.0,43.0,98.0
686.0,464.0,44.0,98.0
688.0,467.0,43.0,96.0
689.0,469.0,42.0,94.0
691.0,470.0,42.0,94.0
692.0,470.0,43.0,96.0
694.0,472.0,42.0,92.0
695.0,475.0,41.0,91.0
694.0,476.0,40.0,91.0
695.0,479.0,39.0,90.0
694.0,479.0,40.0,91.0
692.0,480.0,40.0,91.0
690.0,481.0,40.0,91.0
688.0,483.0,40.0,92.0
685.0,484.0,41.0,94.0
681.0,485.0,40.0,93.0
676.0,487.0,41.0,96.0
673.0,488.0,41.0,97.0
670.0,490.0,41.0,97.0
665.0,491.0,42.0,98.0
660.0,492.0,42.0,98.0
656.0,493.0,42.0,98.0
653.0,496.0,41.0,94.0
649.0,499.0,40.0,92.0
644.0,501.0,40.0,92.0
640.0,503.0,40.0,91.0
636.0,504.0,40.0,91.0
631.0,506.0,40.0,91.0
626.0,509.0,39.0,91.0
622.0,511.0,39.0,91.0
616.0,513.0,39.0,91.0
611.0,515.0,39.0,91.0
607.0,518.0,38.0,89.0
601.0,519.0,38.0,89.0
596.0,522.0,38.0,89.0
590.0,523.0,38.0,89.0
585.0,526.0,38.0,89.0
578.0,527.0,38.0,89.0
572.0,531.0,38.0,89.0
567.0,532.0,37.0,89.0
561.0,534.0,37.0,89.0
555.0,537.0,37.0,89.0
549.0,538.0,37.0,89.0
87.0,45.0,5.0,11.0
686.0,349.0,57.0,111.0
681.0,348.0,58.0,114.0
677.0,349.0,58.0,114.0
671.0,348.0,61.0,118.0
665.0,348.0,61.0,120.0
660.0,347.0,62.0,121.0
655.0,347.0,61.0,119.0
650.0,346.0,64.0,124.0
646.0,349.0,60.0,117.0
643.0,350.0,57.0,114.0
637.0,347.0,57.0,115.0
631.0,346.0,56.0,113.0
627.0,345.0,55.0,112.0
626.0,350.0,55.0,110.0
621.0,349.0,55.0,109.0
617.0,349.0,54.0,107.0
612.0,348.0,55.0,109.0
609.0,346.0,57.0,112.0
605.0,345.0,57.0,114.0
601.0,345.0,57.0,112.0
600.0,349.0,56.0,110.0
598.0,346.0,58.0,115.0
596.0,347.0,58.0,115.0
594.0,348.0,58.0,115.0
593.0,347.0,58.0,115.0
592.0,346.0,58.0,115.0
591.0,344.0,60.0,117.0
591.0,345.0,58.0,115.0
590.0,343.0,60.0,116.0
590.0,341.0,61.0,118.0
589.0,339.0,61.0,118.0
587.0,337.0,61.0,121.0
586.0,336.0,61.0,121.0
585.0,336.0,61.0,118.0
583.0,334.0,61.0,118.0
583.0,334.0,60.0,117.0
581.0,333.0,60.0,116.0
578.0,331.0,61.0,118.0
577.0,331.0,58.0,115.0
575.0,329.0,58.0,115.0
575.0,330.0,56.0,111.0
573.0,329.0,56.0,111.0
571.0,327.0,57.0,113.0
570.0,327.0,56.0,112.0
566.0,325.0,56.0,112.0
563.0,323.0,56.0,112.0
561.0,321.0,56.0,112.0
558.0,320.0,54.0,108.0
556.0,318.0,54.0,108.0
553.0,316.0,54.0,105.0
552.0,314.0,54.0,105.0
550.0,311.0,54.0,107.0
545.0,309.0,54.0,107.0
545.0,307.0,54.0,107.0
542.0,305.0,54.0,104.0
540.0,304.0,54.0,107.0
538.0,302.0,54.0,104.0
536.0,302.0,54.0,104.0
533.0,299.0,54.0,107.0
531.0,298.0,54.0,105.0
529.0,296.0,54.0,108.0
527.0,294.0,53.0,105.0
524.0,291.0,54.0,107.0
522.0,289.0,54.0,106.0
519.0,286.0,54.0,106.0
517.0,283.0,55.0,108.0
514.0,281.0,55.0,108.0
512.0,279.0,53.0,104.0
511.0,277.0,52.0,102.0
508.0,275.0,51.0,100.0
506.0,273.0,51.0,101.0
503.0,271.0,52.0,102.0
502.0,269.0,51.0,101.0
499.0,268.0,51.0,101.0
496.0,266.0,52.0,103.0
493.0,264.0,52.0,103.0
492.0,262.0,52.0,103.0
489.0,261.0,51.0,102.0
488.0,258.0,51.0,102.0
485.0,254.0,51.0,102.0
484.0,252.0,50.0,100.0
482.0,249.0,49.0,98.0
480.0,246.0,49.0,98.0
479.0,243.0,48.0,96.0
476.0,240.0,48.0,95.0
474.0,237.0,49.0,97.0
471.0,234.0,49.0,97.0
59.0,29.0,4.0,11.0
466.0,216.0,52.0,125.0
463.0,213.0,53.0,127.0
461.0,211.0,54.0,130.0
460.0,209.0,54.0,130.0
457.0,207.0,54.0,130.0
457.0,207.0,52.0,126.0
455.0,205.0,51.0,122.0
453.0,203.0,50.0,119.0
452.0,201.0,48.0,115.0
450.0,197.0,49.0,117.0
449.0,195.0,49.0,117.0
446.0,192.0,48.0,114.0
444.0,189.0,49.0,116.0
441.0,186.0,48.0,113.0
439.0,183.0,50.0,118.0
437.0,181.0,50.0,118.0
435.0,180.0,50.0,118.0
432.0,177.0,51.0,121.0
431.0,177.0,50.0,118.0
427.0,173.0,51.0,121.0
427.0,172.0,51.0,121.0
425.0,170.0,50.0,121.0
423.0,167.0,51.0,123.0
423.0,165.0,49.0,118.0
422.0,163.0,49.0,118.0
420.0,160.0,49.0,118.0
419.0,158.0,49.0,118.0
418.0,156.0,48.0,116.0
416.0,154.0,49.0,117.0
412.0,149.0,50.0,120.0
410.0,149.0,49.0,118.0
409.0,148.0,49.0,118.0
407.0,145.0,48.0,118.0
406.0,144.0,48.0,118.0
405.0,143.0,48.0,118.0
404.0,141.0,48.0,117.0
403.0,139.0,48.0,117.0
402.0,137.0,48.0,117.0
402.0,135.0,47.0,114.0
402.0,134.0,46.0,112.0
401.0,132.0,47.0,113.0
401.0,130.0,45.0,110.0
401.0,128.0,45.0,110.0
401.0,125.0,46.0,111.0
400.0,122.0,47.0,113.0
401.0,121.0,46.0,111.0
401.0,120.0,45.0,109.0
401.0,118.0,45.0,109.0
401.0,116.0,45.0,109.0
400.0,116.0,45.0,109.0
400.0,114.0,45.0,109.0
401.0,114.0,45.0,109.0
401.0,114.0,44.0,107.0
402.0,113.0,43.0,104.0
401.0,112.0,44.0,107.0
402.0,110.0,44.0,107.0
402.0,108.0,44.0,107.0
401.0,106.0,44.0,107.0
402.0,104.0,44.0,107.0
400.0,100.0,46.0,111.0
401.0,99.0,44.0,108.0
402.0,98.0,43.0,105.0
402.0,97.0,43.0,105.0
402.0,97.0,43.0,104.0
404.0,98.0,41.0,100.0
404.0,98.0,41.0,100.0
