424.0,458.0,53.0,67.0
424.0,461.0,53.0,67.0
423.0,464.0,56.0,70.0
420.0,465.0,57.0,71.0
421.0,469.0,56.0,70.0
422.0,473.0,54.0,67.0
421.0,475.0,54.0,67.0
420.0,476.0,55.0,69.0
420.0,479.0,54.0,68.0
420.0,480.0,54.0,68.0
418.0,478.0,57.0,72.0
418.0,479.0,57.0,73.0
420.0,481.0,55.0,70.0
419.0,480.0,57.0,73.0
418.0,481.0,57.0,72.0
418.0,483.0,54.0,68.0
418.0,482.0,54.0,68.0
418.0,479.0,55.0,69.0
417.0,479.0,57.0,71.0
417.0,479.0,58.0,72.0
417.0,480.0,57.0,71.0
417.0,481.0,58.0,71.0
418.0,482.0,58.0,71.0
418.0,480.0,58.0,71.0
418.0,478.0,59.0,73.0
420.0,474.0,60.0,73.0
420.0,469.0,62.0,75.0
425.0,467.0,60.0,73.0
426.0,463.0,62.0,74.0
422.0,469.0,63.0,75.0
424.0,470.0,62.0,73.0
425.0,469.0,62.0,73.0
425.0,467.0,63.0,74.0
424.0,466.0,64.0,75.0
426.0,467.0,63.0,74.0
426.0,467.0,63.0,74.0
427.0,466.0,64.0,74.0
427.0,465.0,64.0,74.0
428.0,465.0,64.0,74.0
428.0,465.0,64.0,74.0
427.0,464.0,64.0,75.0
427.0,463.0,65.0,75.0
428.0,464.0,65.0,76.0
428.0,462.0,65.0,76.0
429.0,462.0,65.0,76.0
430.0,462.0,64.0,76.0
430.0,462.0,64.0,75.0
432.0,462.0,63.0,75.0
433.0,463.0,62.0,74.0
432.0,463.0,62.0,74.0
433.0,463.0,61.0,74.0
435.0,464.0,60.0,72.0
434.0,463.0,60.0,72.0
434.0,464.0,61.0,73.0
435.0,464.0,61.0,73.0
435.0,464.0,61.0,73.0
435.0,465.0,59.0,72.0
435.0,464.0,61.0,73.0
436.0,465.0,59.0,72.0
436.0,466.0,58.0,71.0
436.0,466.0,57.0,69.0
437.0,467.0,56.0,69.0
437.0,466.0,58.0,69.0
438.0,466.0,59.0,69.0
437.0,466.0,60.0,70.0
438.0,466.0,61.0,70.0
439.0,465.0,60.0,70.0
439.0,465.0,60.0,70.0
438.0,464.0,61.0,72.0
439.0,464.0,61.0,71.0
437.0,462.0,63.0,73.0
438.0,462.0,62.0,73.0
439.0,462.0,62.0,73.0
440.0,461.0,63.0,75.0
441.0,458.0,60.0,71.0
440.0,454.0,59.0,71.0
441.0,450.0,58.0,69.0
441.0,448.0,58.0,68.0
441.0,444.0,58.0,68.0
441.0,443.0,59.0,69.0
440.0,442.0,61.0,71.0
440.0,442.0,60.0,71.0
440.0,443.0,60.0,69.0
440.0,443.0,60.0,69.0
439.0,442.0,61.0,71.0
439.0,441.0,60.0,71.0
438.0,441.0,61.0,71.0
439.0,440.0,61.0,71.0
438.0,439.0,60.0,70.0
438.0,438.0,62.0,73.0
438.0,438.0,61.0,72.0
438.0,437.0,61.0,72.0
438.0,437.0,61.0,72.0
438.0,436.0,60.0,70.0
439.0,436.0,60.0,70.0
438.0,435.0,61.0,72.0
438.0,434.0,61.0,71.0
438.0,434.0,60.0,71.0
439.0,431.0,59.0,68.0
126.0,96.0,13.0,11.0
500.0,372.0,60.0,53.0
500.0,363.0,61.0,54.0
501.0,355.0,60.0,53.0
499.0,351.0,63.0,55.0
501.0,350.0,61.0,54.0
501.0,349.0,61.0,54.0
502.0,348.0,61.0,54.0
501.0,347.0,60.0,53.0
501.0,346.0,61.0,54.0
500.0,345.0,63.0,55.0
500.0,345.0,62.0,54.0
501.0,343.0,61.0,52.0
501.0,343.0,61.0,52.0
500.0,342.0,61.0,52.0
500.0,341.0,61.0,53.0
500.0,340.0,61.0,53.0
500.0,340.0,61.0,53.0
498.0,340.0,61.0,53.0
497.0,340.0,62.0,54.0
494.0,339.0,65.0,55.0
492.0,340.0,68.0,58.0
491.0,341.0,68.0,58.0
489.0,342.0,68.0,58.0
486.0,344.0,68.0,56.0
481.0,346.0,68.0,56.0
475.0,347.0,70.0,58.0
471.0,351.0,70.0,56.0
464.0,352.0,71.0,58.0
461.0,356.0,70.0,57.0
455.0,359.0,70.0,57.0
449.0,361.0,70.0,59.0
446.0,365.0,69.0,57.0
440.0,369.0,68.0,57.0
435.0,373.0,68.0,58.0
430.0,376.0,67.0,57.0
425.0,380.0,67.0,57.0
421.0,384.0,65.0,56.0
418.0,388.0,63.0,55.0
413.0,393.0,63.0,55.0
407.0,397.0,63.0,55.0
402.0,400.0,63.0,55.0
397.0,403.0,62.0,54.0
391.0,409.0,62.0,54.0
386.0,411.0,61.0,54.0
380.0,414.0,63.0,55.0
375.0,417.0,65.0,56.0
370.0,423.0,66.0,57.0
364.0,428.0,69.0,59.0
358.0,433.0,69.0,59.0
353.0,438.0,71.0,60.0
348.0,444.0,72.0,61.0
341.0,453.0,72.0,61.0
336.0,457.0,74.0,62.0
329.0,463.0,74.0,62.0
324.0,470.0,72.0,60.0
319.0,474.0,71.0,59.0
313.0,479.0,70.0,59.0
307.0,484.0,70.0,59.0
302.0,485.0,70.0,59.0
301.0,487.0,69.0,59.0
293.0,493.0,68.0,59.0
290.0,496.0,68.0,60.0
285.0,499.0,69.0,60.0
283.0,502.0,69.0,60.0
279.0,506.0,69.0,61.0
274.0,510.0,68.0,61.0
270.0,515.0,67.0,60.0
270.0,518.0,66.0,60.0
269.0,523.0,64.0,59.0
269.0,528.0,63.0,58.0
268.0,532.0,62.0,57.0
267.0,534.0,62.0,57.0
265.0,535.0,63.0,59.0
265.0,541.0,63.0,59.0
264.0,545.0,63.0,59.0
260.0,550.0,63.0,59.0
260.0,555.0,63.0,59.0
259.0,559.0,65.0,60.0
257.0,563.0,65.0,60.0
257.0,564.0,65.0,60.0
255.0,566.0,64.0,60.0
255.0,566.0,66.0,61.0
254.0,564.0,67.0,61.0
253.0,565.0,67.0,61.0
253.0,565.0,68.0,62.0
253.0,564.0,68.0,62.0
253.0,564.0,68.0,62.0
254.0,565.0,68.0,62.0
255.0,567.0,67.0,62.0
254.0,569.0,66.0,62.0
255.0,570.0,65.0,62.0
256.0,570.0,65.0,63.0
256.0,567.0,65.0,63.0
256.0,564.0,65.0,64.0
257.0,562.0,65.0,64.0
258.0,559.0,66.0,64.0
258.0,555.0,66.0,64.0
260.0,553.0,66.0,64.0
261.0,549.0,66.0,63.0
68.0,136.0,12.0,16.0
268.0,537.0,55.0,74.0
269.0,535.0,56.0,74.0
270.0,532.0,59.0,75.0
272.0,531.0,59.0,73.0
273.0,526.0,63.0,75.0
273.0,523.0,65.0,77.0
275.0,521.0,64.0,74.0
275.0,519.0,65.0,75.0
275.0,514.0,65.0,77.0
277.0,513.0,63.0,75.0
277.0,512.0,62.0,75.0
277.0,510.0,63.0,75.0
275.0,507.0,65.0,79.0
277.0,507.0,64.0,78.0
276.0,504.0,64.0,79.0
276.0,503.0,64.0,80.0
276.0,502.0,64.0,80.0
277.0,501.0,64.0,80.0
278.0,502.0,63.0,78.0
278.0,503.0,60.0,75.0
278.0,505.0,60.0,74.0
279.0,504.0,60.0,74.0
278.0,504.0,62.0,75.0
279.0,506.0,60.0,72.0
279.0,507.0,60.0,72.0
279.0,506.0,62.0,74.0
279.0,506.0,62.0,75.0
281.0,511.0,62.0,75.0
281.0,514.0,61.0,75.0
281.0,515.0,60.0,73.0
283.0,516.0,58.0,72.0
282.0,516.0,58.0,71.0
282.0,517.0,60.0,72.0
283.0,518.0,59.0,71.0
282.0,519.0,59.0,70.0
283.0,520.0,58.0,69.0
283.0,520.0,60.0,71.0
282.0,519.0,62.0,72.0
283.0,521.0,63.0,72.0
282.0,522.0,63.0,72.0
282.0,522.0,63.0,72.0
283.0,522.0,63.0,72.0
283.0,521.0,63.0,72.0
283.0,521.0,62.0,72.0
284.0,521.0,62.0,72.0
284.0,521.0,62.0,72.0
285.0,522.0,60.0,72.0
286.0,521.0,60.0,72.0
286.0,521.0,60.0,72.0
286.0,520.0,61.0,73.0
286.0,520.0,61.0,73.0
286.0,520.0,61.0,73.0
287.0,521.0,61.0,74.0
287.0,519.0,61.0,76.0
287.0,519.0,62.0,78.0
286.0,518.0,64.0,80.0
288.0,520.0,61.0,76.0
289.0,520.0,60.0,74.0
289.0,519.0,60.0,74.0
288.0,519.0,60.0,74.0
288.0,518.0,60.0,73.0
289.0,518.0,60.0,73.0
289.0,518.0,60.0,73.0
288.0,516.0,61.0,76.0
288.0,515.0,62.0,76.0
287.0,512.0,64.0,79.0
288.0,513.0,63.0,77.0
290.0,513.0,60.0,74.0
288.0,510.0,62.0,76.0
288.0,509.0,61.0,75.0
288.0,505.0,63.0,78.0
290.0,506.0,61.0,74.0
290.0,504.0,58.0,72.0
289.0,500.0,62.0,75.0
289.0,496.0,64.0,78.0
288.0,494.0,64.0,78.0
288.0,488.0,65.0,79.0
287.0,486.0,64.0,78.0
287.0,483.0,65.0,79.0
288.0,480.0,66.0,81.0
290.0,480.0,64.0,78.0
291.0,479.0,63.0,76.0
292.0,475.0,65.0,79.0
290.0,462.0,65.0,80.0
292.0,455.0,63.0,77.0
292.0,450.0,63.0,77.0
293.0,447.0,62.0,76.0
295.0,442.0,62.0,76.0
295.0,436.0,64.0,78.0
294.0,430.0,66.0,81.0
294.0,424.0,65.0,81.0
296.0,420.0,62.0,77.0
298.0,416.0,59.0,74.0
298.0,411.0,59.0,73.0
299.0,405.0,57.0,72.0
301.0,401.0,57.0,72.0
301.0,394.0,57.0,71.0
303.0,390.0,57.0,71.0
304.0,386.0,57.0,70.0
91.0,120.0,12.0,11.0
361.0,476.0,60.0,51.0
361.0,473.0,63.0,53.0
366.0,475.0,59.0,51.0
367.0,474.0,60.0,52.0
367.0,473.0,63.0,54.0
369.0,472.0,63.0,53.0
370.0,471.0,63.0,53.0
374.0,470.0,63.0,53.0
375.0,467.0,62.0,53.0
376.0,465.0,62.0,54.0
378.0,461.0,62.0,55.0
379.0,458.0,60.0,55.0
378.0,454.0,59.0,55.0
379.0,451.0,58.0,54.0
379.0,447.0,57.0,54.0
376.0,439.0,56.0,54.0
375.0,434.0,58.0,55.0
374.0,429.0,59.0,55.0
374.0,424.0,59.0,55.0
374.0,421.0,58.0,53.0
374.0,415.0,58.0,53.0
374.0,411.0,59.0,53.0
373.0,407.0,59.0,53.0
373.0,403.0,59.0,52.0
375.0,400.0,57.0,50.0
375.0,396.0,56.0,50.0
377.0,394.0,56.0,49.0
379.0,391.0,55.0,49.0
380.0,388.0,52.0,47.0
380.0,385.0,53.0,48.0
379.0,382.0,53.0,48.0
378.0,379.0,54.0,49.0
379.0,377.0,55.0,50.0
379.0,374.0,54.0,49.0
378.0,370.0,54.0,50.0
377.0,367.0,53.0,50.0
376.0,364.0,52.0,50.0
374.0,359.0,53.0,51.0
373.0,356.0,54.0,51.0
372.0,353.0,54.0,51.0
369.0,349.0,54.0,51.0
369.0,346.0,53.0,50.0
368.0,344.0,54.0,51.0
366.0,339.0,55.0,52.0
364.0,336.0,56.0,52.0
364.0,333.0,55.0,51.0
362.0,329.0,57.0,53.0
360.0,325.0,59.0,54.0
360.0,322.0,59.0,54.0
358.0,319.0,60.0,54.0
357.0,316.0,60.0,54.0
356.0,315.0,59.0,53.0
353.0,314.0,59.0,52.0
352.0,312.0,59.0,52.0
351.0,310.0,59.0,52.0
350.0,310.0,59.0,52.0
349.0,308.0,58.0,51.0
348.0,308.0,58.0,51.0
347.0,307.0,58.0,52.0
346.0,306.0,57.0,51.0
346.0,304.0,58.0,52.0
345.0,303.0,58.0,52.0
345.0,303.0,57.0,52.0
345.0,301.0,57.0,52.0
346.0,300.0,57.0,51.0
347.0,299.0,57.0,52.0
348.0,297.0,56.0,52.0
349.0,297.0,55.0,52.0
349.0,294.0,54.0,52.0
350.0,294.0,53.0,52.0
352.0,294.0,54.0,51.0
352.0,294.0,53.0,50.0
353.0,294.0,53.0,49.0
353.0,293.0,54.0,49.0
355.0,292.0,54.0,49.0
358.0,292.0,54.0,48.0
359.0,292.0,53.0,46.0
359.0,292.0,53.0,46.0
359.0,294.0,52.0,45.0
357.0,295.0,53.0,45.0
354.0,297.0,54.0,45.0
350.0,299.0,54.0,44.0
348.0,300.0,54.0,44.0
344.0,303.0,53.0,44.0
340.0,306.0,53.0,45.0
337.0,309.0,52.0,46.0
334.0,314.0,51.0,46.0
332.0,319.0,51.0,46.0
331.0,325.0,50.0,46.0
330.0,330.0,51.0,46.0
330.0,336.0,52.0,46.0
330.0,340.0,52.0,45.0
330.0,345.0,52.0,44.0
331.0,349.0,53.0,45.0
331.0,353.0,53.0,45.0
331.0,354.0,54.0,45.0
330.0,356.0,54.0,45.0
331.0,359.0,53.0,45.0
330.0,361.0,52.0,45.0
82.0,90.0,14.0,12.0
326.0,361.0,68.0,57.0
324.0,364.0,69.0,58.0
323.0,367.0,70.0,58.0
324.0,370.0,69.0,56.0
324.0,374.0,68.0,55.0
323.0,377.0,68.0,55.0
323.0,379.0,68.0,54.0
321.0,380.0,70.0,55.0
322.0,384.0,71.0,56.0
321.0,386.0,71.0,56.0
318.0,383.0,73.0,57.0
315.0,407.0,73.0,57.0
318.0,407.0,73.0,57.0
319.0,407.0,73.0,55.0
319.0,404.0,72.0,55.0
319.0,403.0,73.0,55.0
318.0,403.0,76.0,55.0
317.0,403.0,77.0,55.0
317.0,403.0,74.0,53.0
315.0,402.0,74.0,55.0
312.0,399.0,75.0,56.0
312.0,400.0,75.0,56.0
311.0,399.0,74.0,56.0
311.0,399.0,73.0,55.0
311.0,401.0,70.0,53.0
311.0,401.0,68.0,52.0
311.0,402.0,67.0,52.0
312.0,401.0,68.0,52.0
312.0,401.0,66.0,51.0
311.0,400.0,68.0,53.0
310.0,399.0,69.0,54.0
310.0,398.0,67.0,53.0
310.0,397.0,67.0,53.0
309.0,394.0,70.0,55.0
309.0,393.0,70.0,55.0
308.0,390.0,70.0,55.0
308.0,390.0,69.0,55.0
308.0,388.0,68.0,55.0
309.0,386.0,69.0,55.0
308.0,384.0,69.0,57.0
309.0,382.0,70.0,58.0
310.0,377.0,69.0,58.0
311.0,374.0,70.0,60.0
311.0,372.0,72.0,61.0
313.0,371.0,72.0,61.0
315.0,371.0,71.0,60.0
315.0,370.0,69.0,60.0
315.0,369.0,69.0,60.0
318.0,368.0,68.0,58.0
318.0,365.0,68.0,60.0
320.0,363.0,68.0,60.0
320.0,363.0,68.0,60.0
322.0,362.0,69.0,61.0
323.0,361.0,69.0,60.0
326.0,360.0,69.0,60.0
328.0,360.0,69.0,59.0
331.0,357.0,69.0,59.0
333.0,357.0,69.0,58.0
336.0,357.0,69.0,58.0
335.0,357.0,70.0,58.0
338.0,357.0,71.0,59.0
340.0,357.0,71.0,58.0
343.0,359.0,72.0,59.0
345.0,359.0,72.0,59.0
347.0,357.0,73.0,61.0
348.0,357.0,74.0,61.0
351.0,356.0,73.0,60.0
353.0,358.0,72.0,60.0
355.0,359.0,73.0,60.0
358.0,358.0,73.0,60.0
359.0,359.0,73.0,60.0
362.0,360.0,73.0,62.0
364.0,362.0,73.0,62.0
367.0,364.0,73.0,62.0
368.0,365.0,75.0,63.0
371.0,365.0,75.0,63.0
372.0,366.0,75.0,63.0
375.0,368.0,73.0,63.0
376.0,369.0,74.0,63.0
379.0,372.0,74.0,63.0
380.0,374.0,74.0,63.0
382.0,375.0,74.0,63.0
383.0,377.0,74.0,63.0
385.0,380.0,73.0,63.0
387.0,382.0,73.0,62.0
388.0,384.0,73.0,62.0
390.0,387.0,73.0,62.0
391.0,389.0,73.0,61.0
392.0,391.0,73.0,61.0
393.0,393.0,73.0,61.0
394.0,396.0,73.0,60.0
397.0,399.0,72.0,59.0
397.0,401.0,73.0,62.0
398.0,405.0,72.0,61.0
400.0,408.0,72.0,61.0
401.0,411.0,72.0,62.0
402.0,412.0,72.0,62.0
403.0,415.0,72.0,63.0
405.0,418.0,72.0,63.0
81.0,117.0,13.0,14.0
321.0,466.0,58.0,62.0
323.0,469.0,56.0,60.0
324.0,471.0,57.0,61.0
322.0,469.0,60.0,65.0
322.0,469.0,63.0,67.0
323.0,472.0,62.0,66.0
324.0,473.0,64.0,69.0
323.0,475.0,66.0,71.0
325.0,479.0,66.0,69.0
326.0,481.0,64.0,69.0
326.0,484.0,66.0,70.0
328.0,486.0,65.0,69.0
329.0,490.0,65.0,69.0
329.0,490.0,67.0,71.0
329.0,492.0,69.0,72.0
330.0,492.0,70.0,73.0
331.0,493.0,70.0,73.0
332.0,495.0,70.0,73.0
333.0,496.0,70.0,73.0
335.0,497.0,71.0,73.0
336.0,499.0,70.0,72.0
339.0,501.0,68.0,70.0
342.0,503.0,65.0,67.0
343.0,504.0,63.0,64.0
345.0,506.0,63.0,64.0
346.0,506.0,63.0,64.0
348.0,507.0,63.0,64.0
350.0,507.0,63.0,64.0
351.0,508.0,65.0,66.0
355.0,508.0,63.0,64.0
357.0,510.0,62.0,63.0
359.0,511.0,61.0,63.0
360.0,510.0,63.0,65.0
361.0,510.0,64.0,66.0
362.0,510.0,65.0,65.0
364.0,510.0,64.0,65.0
366.0,511.0,65.0,64.0
368.0,511.0,65.0,64.0
370.0,512.0,64.0,62.0
372.0,512.0,65.0,64.0
374.0,512.0,64.0,62.0
375.0,513.0,65.0,64.0
376.0,513.0,65.0,64.0
378.0,512.0,66.0,64.0
380.0,513.0,65.0,64.0
384.0,513.0,63.0,62.0
387.0,513.0,62.0,61.0
388.0,514.0,63.0,62.0
391.0,515.0,62.0,61.0
392.0,515.0,62.0,61.0
394.0,515.0,62.0,61.0
396.0,515.0,61.0,61.0
396.0,513.0,63.0,64.0
397.0,513.0,63.0,64.0
399.0,513.0,62.0,62.0
401.0,513.0,62.0,62.0
403.0,513.0,62.0,62.0
404.0,513.0,64.0,64.0
407.0,512.0,64.0,64.0
410.0,511.0,64.0,63.0
412.0,513.0,62.0,61.0
414.0,513.0,62.0,62.0
416.0,512.0,64.0,64.0
417.0,510.0,64.0,64.0
418.0,510.0,63.0,64.0
420.0,509.0,63.0,64.0
421.0,510.0,63.0,64.0
423.0,510.0,63.0,64.0
424.0,509.0,63.0,65.0
426.0,509.0,64.0,66.0
429.0,509.0,64.0,67.0
431.0,510.0,63.0,65.0
432.0,510.0,64.0,65.0
433.0,509.0,66.0,66.0
435.0,509.0,67.0,66.0
437.0,508.0,67.0,66.0
439.0,509.0,66.0,66.0
441.0,508.0,66.0,68.0
441.0,507.0,67.0,68.0
441.0,506.0,67.0,70.0
441.0,506.0,67.0,70.0
442.0,507.0,67.0,69.0
443.0,505.0,68.0,70.0
443.0,505.0,67.0,70.0
443.0,506.0,67.0,69.0
444.0,505.0,67.0,69.0
443.0,505.0,66.0,69.0
442.0,505.0,68.0,70.0
442.0,504.0,68.0,70.0
441.0,504.0,68.0,70.0
442.0,504.0,67.0,69.0
442.0,503.0,66.0,68.0
441.0,502.0,67.0,70.0
440.0,501.0,68.0,71.0
438.0,501.0,69.0,71.0
437.0,501.0,69.0,71.0
437.0,502.0,69.0,71.0
435.0,500.0,70.0,71.0
434.0,499.0,69.0,71.0
110.0,125.0,14.0,13.0
437.0,499.0,63.0,60.0
436.0,498.0,63.0,60.0
435.0,498.0,63.0,60.0
434.0,497.0,65.0,62.0
435.0,498.0,63.0,61.0
434.0,499.0,63.0,61.0
433.0,499.0,64.0,62.0
433.0,499.0,64.0,62.0
433.0,500.0,64.0,62.0
432.0,501.0,63.0,60.0
433.0,502.0,62.0,59.0
431.0,503.0,63.0,60.0
430.0,504.0,63.0,60.0
428.0,505.0,65.0,62.0
427.0,507.0,65.0,62.0
424.0,509.0,65.0,61.0
424.0,509.0,67.0,62.0
423.0,511.0,65.0,61.0
424.0,512.0,65.0,61.0
425.0,514.0,64.0,60.0
422.0,514.0,64.0,60.0
422.0,515.0,65.0,60.0
421.0,516.0,65.0,60.0
420.0,517.0,65.0,60.0
420.0,518.0,64.0,60.0
419.0,518.0,65.0,60.0
418.0,519.0,65.0,60.0
417.0,520.0,65.0,60.0
416.0,521.0,66.0,61.0
413.0,523.0,67.0,63.0
412.0,524.0,66.0,61.0
411.0,526.0,65.0,61.0
412.0,528.0,64.0,60.0
408.0,529.0,66.0,61.0
409.0,531.0,65.0,60.0
406.0,534.0,64.0,58.0
406.0,535.0,63.0,58.0
404.0,536.0,63.0,58.0
402.0,538.0,64.0,58.0
399.0,539.0,64.0,58.0
398.0,540.0,64.0,58.0
398.0,541.0,64.0,58.0
396.0,542.0,64.0,58.0
394.0,542.0,65.0,58.0
393.0,542.0,65.0,58.0
393.0,542.0,65.0,58.0
392.0,542.0,65.0,59.0
392.0,542.0,65.0,58.0
391.0,541.0,65.0,59.0
390.0,540.0,67.0,60.0
390.0,540.0,67.0,60.0
390.0,539.0,67.0,60.0
390.0,538.0,67.0,60.0
389.0,537.0,68.0,61.0
390.0,537.0,68.0,61.0
390.0,534.0,67.0,61.0
391.0,533.0,66.0,60.0
391.0,532.0,66.0,60.0
392.0,530.0,66.0,60.0
392.0,528.0,65.0,60.0
391.0,524.0,65.0,60.0
391.0,519.0,65.0,60.0
391.0,517.0,63.0,58.0
392.0,514.0,62.0,58.0
391.0,512.0,63.0,59.0
391.0,510.0,64.0,59.0
390.0,508.0,64.0,59.0
390.0,506.0,64.0,59.0
387.0,503.0,66.0,60.0
387.0,498.0,66.0,60.0
386.0,495.0,66.0,60.0
387.0,492.0,65.0,60.0
387.0,489.0,65.0,60.0
385.0,488.0,65.0,60.0
385.0,485.0,64.0,60.0
384.0,484.0,64.0,61.0
384.0,482.0,64.0,61.0
383.0,482.0,65.0,61.0
383.0,479.0,65.0,62.0
382.0,479.0,65.0,62.0
381.0,477.0,63.0,61.0
381.0,475.0,63.0,61.0
381.0,474.0,63.0,61.0
381.0,473.0,62.0,61.0
380.0,471.0,62.0,61.0
380.0,471.0,62.0,61.0
379.0,468.0,62.0,61.0
379.0,468.0,61.0,60.0
379.0,466.0,61.0,60.0
379.0,465.0,61.0,60.0
379.0,463.0,61.0,60.0
378.0,462.0,61.0,60.0
378.0,461.0,61.0,60.0
377.0,459.0,61.0,61.0
376.0,458.0,62.0,61.0
375.0,457.0,63.0,61.0
373.0,457.0,64.0,62.0
370.0,456.0,63.0,59.0
368.0,455.0,64.0,58.0
92.0,116.0,17.0,13.0
364.0,461.0,78.0,60.0
364.0,460.0,79.0,61.0
364.0,460.0,78.0,60.0
364.0,461.0,75.0,59.0
364.0,460.0,76.0,59.0
363.0,460.0,77.0,59.0
364.0,460.0,75.0,57.0
364.0,460.0,76.0,58.0
364.0,458.0,79.0,61.0
362.0,457.0,82.0,62.0
363.0,457.0,79.0,61.0
361.0,454.0,84.0,64.0
362.0,455.0,80.0,61.0
363.0,454.0,78.0,60.0
363.0,454.0,77.0,60.0
364.0,453.0,74.0,58.0
363.0,453.0,72.0,56.0
362.0,452.0,72.0,57.0
363.0,453.0,71.0,55.0
359.0,452.0,70.0,55.0
360.0,453.0,68.0,54.0
360.0,452.0,65.0,51.0
359.0,451.0,64.0,50.0
358.0,450.0,65.0,51.0
357.0,449.0,65.0,52.0
357.0,450.0,63.0,49.0
356.0,448.0,63.0,49.0
355.0,448.0,63.0,50.0
354.0,447.0,64.0,51.0
353.0,446.0,65.0,51.0
351.0,445.0,66.0,52.0
351.0,445.0,65.0,51.0
349.0,443.0,65.0,52.0
348.0,442.0,68.0,53.0
347.0,441.0,69.0,54.0
347.0,441.0,69.0,55.0
347.0,441.0,68.0,54.0
347.0,440.0,67.0,54.0
347.0,440.0,66.0,53.0
347.0,439.0,66.0,53.0
348.0,439.0,64.0,51.0
350.0,440.0,63.0,50.0
350.0,440.0,61.0,50.0
350.0,440.0,62.0,50.0
350.0,440.0,62.0,50.0
351.0,440.0,63.0,49.0
351.0,441.0,63.0,49.0
351.0,441.0,64.0,49.0
353.0,442.0,66.0,49.0
354.0,443.0,65.0,48.0
357.0,443.0,66.0,48.0
359.0,444.0,65.0,48.0
361.0,443.0,66.0,49.0
363.0,445.0,65.0,49.0
367.0,446.0,65.0,49.0
370.0,448.0,64.0,49.0
374.0,450.0,63.0,48.0
378.0,451.0,63.0,49.0
381.0,452.0,62.0,48.0
384.0,454.0,60.0,48.0
388.0,454.0,60.0,48.0
391.0,455.0,60.0,48.0
395.0,455.0,59.0,47.0
398.0,456.0,59.0,47.0
402.0,457.0,59.0,47.0
406.0,458.0,59.0,47.0
410.0,459.0,60.0,48.0
413.0,459.0,62.0,48.0
415.0,460.0,62.0,48.0
419.0,460.0,63.0,48.0
422.0,460.0,64.0,49.0
425.0,461.0,63.0,49.0
428.0,462.0,63.0,50.0
431.0,463.0,63.0,52.0
434.0,463.0,63.0,52.0
437.0,464.0,62.0,52.0
441.0,466.0,63.0,53.0
445.0,467.0,62.0,53.0
449.0,470.0,62.0,52.0
452.0,471.0,64.0,53.0
456.0,473.0,64.0,52.0
459.0,475.0,63.0,52.0
462.0,476.0,63.0,51.0
465.0,476.0,62.0,51.0
468.0,477.0,62.0,51.0
471.0,476.0,61.0,51.0
473.0,476.0,60.0,50.0
478.0,476.0,59.0,49.0
481.0,475.0,58.0,50.0
484.0,474.0,60.0,51.0
488.0,473.0,61.0,52.0
491.0,474.0,61.0,52.0
494.0,471.0,61.0,53.0
496.0,470.0,62.0,53.0
498.0,466.0,60.0,53.0
502.0,464.0,60.0,53.0
504.0,460.0,60.0,53.0
505.0,458.0,60.0,53.0
507.0,455.0,62.0,53.0
129.0,111.0,15.0,17.0
516.0,437.0,68.0,78.0
518.0,437.0,66.0,74.0
522.0,434.0,63.0,72.0
523.0,431.0,66.0,74.0
525.0,428.0,65.0,73.0
528.0,424.0,66.0,75.0
531.0,420.0,66.0,76.0
532.0,418.0,66.0,76.0
536.0,414.0,68.0,76.0
538.0,413.0,66.0,75.0
539.0,410.0,68.0,76.0
541.0,409.0,66.0,75.0
543.0,410.0,63.0,71.0
542.0,408.0,65.0,73.0
543.0,408.0,63.0,70.0
543.0,407.0,64.0,72.0
542.0,407.0,65.0,72.0
556.0,423.0,66.0,73.0
555.0,424.0,66.0,73.0
553.0,422.0,66.0,73.0
551.0,422.0,67.0,73.0
549.0,422.0,68.0,74.0
547.0,422.0,69.0,75.0
545.0,420.0,70.0,76.0
543.0,420.0,70.0,76.0
543.0,421.0,68.0,74.0
541.0,423.0,67.0,74.0
541.0,423.0,66.0,73.0
540.0,424.0,66.0,73.0
538.0,425.0,66.0,73.0
538.0,426.0,66.0,72.0
534.0,427.0,67.0,72.0
535.0,429.0,67.0,72.0
536.0,433.0,65.0,70.0
534.0,435.0,66.0,70.0
535.0,439.0,65.0,69.0
536.0,441.0,64.0,67.0
534.0,441.0,64.0,67.0
535.0,442.0,64.0,67.0
533.0,442.0,64.0,67.0
533.0,443.0,66.0,69.0
532.0,442.0,66.0,69.0
532.0,443.0,64.0,68.0
531.0,444.0,64.0,68.0
531.0,443.0,64.0,68.0
531.0,443.0,66.0,69.0
530.0,444.0,66.0,71.0
530.0,443.0,66.0,71.0
532.0,443.0,65.0,71.0
532.0,444.0,66.0,71.0
532.0,443.0,65.0,72.0
532.0,443.0,65.0,72.0
532.0,442.0,66.0,74.0
532.0,439.0,65.0,73.0
534.0,440.0,62.0,70.0
534.0,440.0,61.0,69.0
535.0,439.0,59.0,68.0
537.0,439.0,57.0,66.0
538.0,439.0,55.0,65.0
539.0,438.0,54.0,64.0
539.0,438.0,55.0,65.0
540.0,436.0,56.0,67.0
539.0,434.0,57.0,70.0
539.0,434.0,58.0,71.0
541.0,432.0,56.0,71.0
541.0,431.0,56.0,71.0
542.0,430.0,56.0,70.0
543.0,428.0,56.0,70.0
543.0,426.0,56.0,68.0
543.0,424.0,56.0,68.0
544.0,422.0,55.0,66.0
545.0,421.0,55.0,65.0
546.0,420.0,55.0,64.0
546.0,417.0,55.0,65.0
548.0,417.0,55.0,65.0
548.0,415.0,55.0,65.0
548.0,414.0,56.0,65.0
549.0,414.0,55.0,63.0
549.0,414.0,55.0,63.0
549.0,414.0,55.0,63.0
550.0,413.0,55.0,63.0
550.0,414.0,55.0,63.0
550.0,413.0,55.0,63.0
550.0,413.0,56.0,65.0
550.0,412.0,56.0,65.0
550.0,411.0,56.0,65.0
551.0,411.0,56.0,65.0
551.0,411.0,56.0,65.0
550.0,411.0,58.0,67.0
551.0,410.0,56.0,65.0
551.0,410.0,57.0,65.0
551.0,409.0,57.0,65.0
551.0,409.0,57.0,65.0
551.0,409.0,57.0,64.0
551.0,408.0,57.0,64.0
551.0,408.0,57.0,64.0
551.0,408.0,57.0,63.0
552.0,407.0,58.0,63.0
552.0,407.0,58.0,64.0
128.0,63.0,13.0,12.0
510.0,249.0,59.0,57.0
509.0,248.0,60.0,58.0
507.0,247.0,62.0,59.0
504.0,244.0,65.0,64.0
502.0,243.0,66.0,65.0
499.0,243.0,66.0,65.0
498.0,243.0,64.0,63.0
496.0,242.0,66.0,65.0
494.0,242.0,65.0,64.0
491.0,241.0,68.0,68.0
490.0,241.0,68.0,68.0
490.0,242.0,70.0,69.0
490.0,244.0,69.0,69.0
490.0,246.0,68.0,68.0
491.0,249.0,67.0,68.0
492.0,252.0,64.0,66.0
493.0,255.0,65.0,66.0
492.0,257.0,67.0,69.0
494.0,261.0,64.0,66.0
495.0,264.0,63.0,65.0
497.0,266.0,62.0,64.0
497.0,269.0,61.0,62.0
497.0,269.0,63.0,64.0
500.0,273.0,62.0,62.0
501.0,277.0,61.0,60.0
501.0,279.0,63.0,60.0
503.0,281.0,64.0,63.0
504.0,284.0,67.0,67.0
504.0,286.0,67.0,69.0
506.0,290.0,68.0,69.0
507.0,292.0,69.0,70.0
510.0,297.0,68.0,68.0
510.0,299.0,70.0,70.0
512.0,302.0,70.0,71.0
514.0,305.0,67.0,67.0
516.0,310.0,63.0,64.0
517.0,312.0,63.0,64.0
516.0,313.0,66.0,66.0
516.0,316.0,65.0,65.0
516.0,320.0,64.0,62.0
515.0,322.0,65.0,63.0
515.0,326.0,65.0,62.0
515.0,327.0,65.0,62.0
513.0,330.0,67.0,65.0
512.0,332.0,68.0,66.0
511.0,335.0,68.0,66.0
511.0,337.0,67.0,65.0
509.0,339.0,68.0,65.0
507.0,342.0,69.0,65.0
505.0,345.0,70.0,66.0
504.0,348.0,71.0,67.0
503.0,351.0,71.0,66.0
501.0,354.0,72.0,67.0
499.0,357.0,71.0,67.0
499.0,360.0,69.0,66.0
499.0,363.0,67.0,66.0
498.0,365.0,67.0,65.0
497.0,367.0,67.0,66.0
496.0,370.0,67.0,66.0
496.0,373.0,67.0,66.0
495.0,376.0,67.0,66.0
494.0,379.0,65.0,65.0
493.0,382.0,66.0,66.0
494.0,384.0,64.0,64.0
492.0,387.0,65.0,64.0
491.0,388.0,64.0,64.0
491.0,393.0,61.0,61.0
491.0,394.0,61.0,60.0
488.0,398.0,60.0,60.0
487.0,399.0,59.0,58.0
487.0,400.0,60.0,60.0
485.0,403.0,60.0,60.0
484.0,405.0,60.0,59.0
484.0,407.0,60.0,59.0
481.0,409.0,62.0,61.0
480.0,410.0,62.0,62.0
480.0,413.0,63.0,62.0
478.0,415.0,63.0,62.0
476.0,417.0,62.0,60.0
476.0,418.0,63.0,61.0
473.0,419.0,63.0,60.0
473.0,421.0,63.0,60.0
473.0,423.0,63.0,60.0
470.0,424.0,63.0,61.0
470.0,425.0,64.0,63.0
469.0,427.0,65.0,64.0
470.0,429.0,63.0,63.0
469.0,431.0,65.0,66.0
469.0,432.0,65.0,66.0
468.0,435.0,67.0,67.0
470.0,438.0,65.0,67.0
470.0,440.0,64.0,66.0
470.0,443.0,64.0,65.0
471.0,446.0,63.0,63.0
472.0,448.0,63.0,63.0
472.0,451.0,63.0,62.0
473.0,453.0,62.0,61.0
475.0,456.0,61.0,60.0
476.0,458.0,61.0,58.0
121.0,114.0,12.0,12.0
483.0,457.0,57.0,56.0
484.0,458.0,58.0,56.0
485.0,460.0,59.0,57.0
486.0,460.0,60.0,58.0
488.0,461.0,62.0,61.0
491.0,462.0,60.0,58.0
491.0,463.0,60.0,59.0
491.0,465.0,62.0,60.0
493.0,467.0,60.0,58.0
494.0,470.0,59.0,57.0
495.0,471.0,60.0,58.0
495.0,474.0,58.0,56.0
496.0,476.0,57.0,56.0
496.0,478.0,59.0,57.0
497.0,481.0,59.0,57.0
497.0,484.0,58.0,55.0
497.0,485.0,58.0,55.0
496.0,487.0,58.0,56.0
496.0,487.0,59.0,57.0
496.0,488.0,58.0,55.0
494.0,488.0,57.0,55.0
495.0,489.0,55.0,53.0
496.0,491.0,53.0,51.0
495.0,491.0,53.0,51.0
494.0,491.0,52.0,52.0
494.0,491.0,52.0,52.0
494.0,491.0,52.0,52.0
494.0,491.0,53.0,52.0
494.0,492.0,54.0,54.0
496.0,494.0,54.0,52.0
496.0,496.0,53.0,52.0
496.0,499.0,54.0,52.0
496.0,501.0,54.0,52.0
496.0,503.0,56.0,51.0
496.0,505.0,57.0,53.0
496.0,509.0,57.0,52.0
495.0,512.0,59.0,53.0
493.0,516.0,59.0,54.0
491.0,520.0,59.0,53.0
487.0,523.0,59.0,53.0
483.0,527.0,61.0,54.0
478.0,530.0,63.0,55.0
476.0,533.0,62.0,55.0
471.0,534.0,64.0,56.0
468.0,537.0,65.0,58.0
467.0,542.0,67.0,60.0
466.0,546.0,65.0,59.0
466.0,552.0,66.0,60.0
468.0,557.0,63.0,60.0
469.0,561.0,62.0,61.0
471.0,566.0,62.0,63.0
471.0,570.0,62.0,65.0
472.0,578.0,62.0,63.0
475.0,585.0,61.0,60.0
477.0,591.0,61.0,58.0
478.0,596.0,62.0,56.0
478.0,599.0,62.0,56.0
479.0,600.0,62.0,56.0
478.0,601.0,63.0,56.0
477.0,603.0,63.0,55.0
456.0,597.0,62.0,54.0
459.0,598.0,61.0,54.0
462.0,598.0,61.0,53.0
460.0,598.0,60.0,53.0
437.0,583.0,61.0,53.0
440.0,583.0,60.0,53.0
442.0,585.0,60.0,53.0
445.0,585.0,59.0,53.0
455.0,591.0,60.0,54.0
458.0,590.0,60.0,53.0
459.0,591.0,59.0,53.0
460.0,590.0,59.0,54.0
462.0,590.0,59.0,54.0
464.0,591.0,59.0,54.0
464.0,590.0,61.0,56.0
465.0,589.0,61.0,57.0
465.0,589.0,61.0,58.0
466.0,587.0,61.0,58.0
467.0,587.0,61.0,60.0
467.0,586.0,61.0,61.0
469.0,587.0,61.0,61.0
471.0,586.0,61.0,62.0
472.0,586.0,61.0,62.0
472.0,585.0,61.0,63.0
474.0,586.0,61.0,63.0
476.0,586.0,61.0,63.0
476.0,586.0,61.0,62.0
477.0,587.0,61.0,62.0
478.0,588.0,61.0,61.0
480.0,587.0,61.0,61.0
480.0,588.0,61.0,60.0
483.0,586.0,59.0,59.0
484.0,587.0,61.0,60.0
485.0,585.0,61.0,59.0
486.0,587.0,59.0,57.0
487.0,587.0,59.0,56.0
488.0,587.0,60.0,55.0
488.0,588.0,60.0,54.0
489.0,588.0,61.0,55.0
118.0,176.0,13.0,9.0
470.0,705.0,60.0,40.0
471.0,708.0,57.0,40.0
469.0,710.0,60.0,42.0
468.0,712.0,62.0,44.0
467.0,715.0,64.0,46.0
468.0,717.0,62.0,44.0
469.0,720.0,61.0,43.0
468.0,722.0,64.0,46.0
469.0,725.0,63.0,45.0
470.0,729.0,61.0,43.0
471.0,731.0,65.0,46.0
472.0,734.0,63.0,44.0
473.0,736.0,65.0,45.0
475.0,740.0,61.0,43.0
478.0,742.0,61.0,43.0
480.0,744.0,62.0,45.0
480.0,746.0,62.0,46.0
481.0,748.0,63.0,46.0
483.0,749.0,65.0,47.0
485.0,750.0,63.0,47.0
486.0,751.0,62.0,47.0
490.0,753.0,61.0,45.0
492.0,754.0,62.0,45.0
494.0,755.0,64.0,45.0
496.0,755.0,67.0,46.0
498.0,756.0,69.0,48.0
500.0,756.0,71.0,49.0
501.0,755.0,72.0,50.0
503.0,755.0,70.0,49.0
506.0,754.0,70.0,50.0
507.0,754.0,71.0,50.0
508.0,752.0,74.0,54.0
511.0,752.0,73.0,53.0
515.0,753.0,71.0,50.0
516.0,752.0,73.0,52.0
520.0,752.0,74.0,52.0
523.0,752.0,72.0,50.0
527.0,751.0,73.0,50.0
528.0,748.0,76.0,52.0
532.0,747.0,76.0,50.0
536.0,747.0,74.0,49.0
540.0,745.0,73.0,48.0
544.0,746.0,71.0,47.0
548.0,744.0,69.0,46.0
551.0,743.0,68.0,45.0
555.0,741.0,65.0,44.0
556.0,740.0,63.0,43.0
559.0,738.0,63.0,43.0
562.0,735.0,63.0,44.0
563.0,732.0,63.0,45.0
566.0,730.0,63.0,45.0
567.0,727.0,63.0,46.0
569.0,724.0,64.0,48.0
571.0,722.0,65.0,49.0
573.0,718.0,65.0,50.0
574.0,715.0,67.0,49.0
576.0,712.0,67.0,49.0
578.0,710.0,67.0,48.0
580.0,707.0,68.0,48.0
581.0,704.0,69.0,49.0
583.0,701.0,68.0,47.0
586.0,698.0,68.0,47.0
587.0,695.0,70.0,47.0
590.0,692.0,68.0,47.0
593.0,688.0,68.0,48.0
596.0,685.0,67.0,48.0
598.0,682.0,67.0,49.0
600.0,679.0,67.0,50.0
604.0,675.0,66.0,50.0
606.0,675.0,64.0,49.0
607.0,671.0,64.0,48.0
608.0,668.0,64.0,47.0
610.0,665.0,64.0,46.0
612.0,663.0,64.0,44.0
613.0,661.0,64.0,43.0
614.0,657.0,64.0,45.0
616.0,654.0,64.0,46.0
616.0,649.0,65.0,48.0
617.0,646.0,65.0,49.0
617.0,642.0,66.0,49.0
618.0,639.0,66.0,50.0
619.0,636.0,66.0,51.0
619.0,631.0,67.0,51.0
620.0,628.0,66.0,51.0
622.0,625.0,66.0,51.0
623.0,622.0,66.0,50.0
624.0,619.0,66.0,50.0
626.0,615.0,65.0,51.0
628.0,613.0,63.0,49.0
630.0,610.0,61.0,48.0
632.0,606.0,61.0,48.0
634.0,604.0,61.0,47.0
636.0,600.0,61.0,47.0
636.0,597.0,61.0,48.0
639.0,594.0,61.0,47.0
638.0,590.0,62.0,47.0
639.0,587.0,62.0,47.0
639.0,584.0,63.0,47.0
640.0,582.0,63.0,47.0
161.0,145.0,11.0,11.0
641.0,574.0,52.0,54.0
