799.0,373.0,156.0,310.0
798.0,362.0,156.0,310.0
796.0,350.0,155.0,310.0
795.0,336.0,154.0,310.0
793.0,322.0,155.0,311.0
791.0,308.0,155.0,313.0
788.0,294.0,156.0,315.0
786.0,283.0,155.0,315.0
784.0,274.0,155.0,315.0
780.0,267.0,154.0,315.0
777.0,261.0,153.0,314.0
774.0,255.0,153.0,313.0
771.0,249.0,152.0,311.0
768.0,243.0,151.0,309.0
766.0,235.0,151.0,307.0
765.0,227.0,150.0,304.0
765.0,219.0,150.0,306.0
763.0,209.0,150.0,308.0
761.0,200.0,150.0,310.0
761.0,194.0,151.0,311.0
759.0,188.0,151.0,312.0
756.0,182.0,151.0,313.0
754.0,177.0,152.0,313.0
754.0,171.0,152.0,313.0
752.0,165.0,153.0,313.0
752.0,159.0,152.0,313.0
751.0,151.0,152.0,313.0
751.0,145.0,151.0,312.0
750.0,137.0,151.0,310.0
748.0,131.0,151.0,309.0
747.0,125.0,151.0,307.0
745.0,119.0,150.0,307.0
745.0,115.0,149.0,308.0
745.0,111.0,148.0,308.0
744.0,107.0,147.0,309.0
744.0,105.0,146.0,309.0
742.0,103.0,145.0,310.0
739.0,101.0,145.0,309.0
738.0,99.0,144.0,309.0
736.0,96.0,144.0,308.0
733.0,92.0,143.0,307.0
731.0,90.0,142.0,306.0
730.0,86.0,142.0,305.0
728.0,82.0,141.0,305.0
726.0,76.0,141.0,305.0
724.0,72.0,141.0,305.0
722.0,69.0,141.0,305.0
720.0,65.0,142.0,305.0
717.0,63.0,142.0,305.0
715.0,63.0,143.0,306.0
712.0,61.0,144.0,307.0
709.0,61.0,145.0,307.0
707.0,61.0,145.0,308.0
705.0,61.0,146.0,308.0
703.0,61.0,146.0,308.0
702.0,60.0,147.0,309.0
700.0,58.0,147.0,309.0
698.0,57.0,148.0,309.0
698.0,55.0,148.0,308.0
696.0,53.0,147.0,308.0
696.0,49.0,147.0,307.0
696.0,47.0,148.0,305.0
694.0,46.0,148.0,304.0
693.0,45.0,148.0,303.0
692.0,45.0,148.0,303.0
692.0,45.0,149.0,304.0
690.0,46.0,149.0,305.0
688.0,46.0,149.0,305.0
688.0,46.0,150.0,306.0
686.0,46.0,150.0,307.0
686.0,46.0,150.0,307.0
684.0,49.0,150.0,307.0
684.0,51.0,150.0,307.0
683.0,52.0,150.0,307.0
683.0,53.0,150.0,307.0
681.0,51.0,150.0,307.0
680.0,50.0,151.0,307.0
680.0,48.0,152.0,306.0
679.0,46.0,152.0,306.0
678.0,46.0,152.0,305.0
678.0,46.0,151.0,304.0
676.0,47.0,150.0,304.0
674.0,49.0,149.0,304.0
672.0,51.0,149.0,304.0
672.0,53.0,148.0,305.0
670.0,55.0,147.0,306.0
668.0,55.0,146.0,306.0
665.0,57.0,145.0,307.0
663.0,58.0,145.0,307.0
660.0,60.0,144.0,308.0
658.0,62.0,144.0,308.0
654.0,62.0,144.0,308.0
652.0,62.0,144.0,307.0
650.0,60.0,144.0,306.0
648.0,60.0,145.0,305.0
646.0,59.0,145.0,304.0
644.0,59.0,146.0,303.0
642.0,59.0,147.0,303.0
641.0,61.0,149.0,304.0
639.0,63.0,150.0,305.0
637.0,65.0,150.0,305.0
636.0,69.0,151.0,306.0
634.0,71.0,151.0,306.0
633.0,73.0,151.0,307.0
631.0,76.0,151.0,308.0
631.0,78.0,151.0,309.0
629.0,80.0,151.0,309.0
627.0,82.0,151.0,309.0
627.0,84.0,150.0,309.0
625.0,85.0,151.0,309.0
624.0,85.0,151.0,309.0
622.0,85.0,151.0,309.0
620.0,85.0,151.0,307.0
159.0,31.0,26.0,54.0
636.0,86.0,114.0,296.0
634.0,87.0,114.0,296.0
633.0,90.0,114.0,296.0
631.0,93.0,113.0,295.0
630.0,94.0,113.0,296.0
630.0,97.0,112.0,297.0
628.0,98.0,112.0,297.0
625.0,101.0,111.0,298.0
623.0,102.0,111.0,299.0
621.0,105.0,110.0,300.0
617.0,106.0,110.0,300.0
613.0,108.0,109.0,299.0
609.0,109.0,109.0,299.0
608.0,109.0,109.0,298.0
607.0,108.0,109.0,297.0
605.0,108.0,108.0,296.0
602.0,108.0,109.0,295.0
601.0,110.0,109.0,294.0
599.0,111.0,109.0,293.0
599.0,114.0,110.0,294.0
598.0,115.0,110.0,295.0
596.0,118.0,111.0,295.0
594.0,119.0,111.0,296.0
593.0,122.0,112.0,297.0
593.0,124.0,112.0,298.0
592.0,126.0,113.0,299.0
591.0,127.0,113.0,299.0
590.0,130.0,114.0,300.0
590.0,131.0,114.0,300.0
589.0,134.0,114.0,300.0
587.0,136.0,114.0,300.0
588.0,136.0,114.0,300.0
587.0,135.0,115.0,299.0
586.0,134.0,115.0,299.0
586.0,134.0,115.0,297.0
585.0,134.0,115.0,296.0
583.0,134.0,115.0,294.0
584.0,137.0,115.0,294.0
583.0,140.0,115.0,294.0
582.0,143.0,114.0,294.0
581.0,144.0,113.0,295.0
580.0,146.0,112.0,296.0
577.0,148.0,111.0,297.0
575.0,149.0,110.0,297.0
573.0,150.0,109.0,297.0
570.0,151.0,107.0,297.0
567.0,153.0,108.0,297.0
567.0,154.0,109.0,297.0
565.0,153.0,109.0,296.0
561.0,154.0,108.0,295.0
560.0,153.0,107.0,295.0
559.0,153.0,106.0,294.0
559.0,153.0,107.0,293.0
557.0,155.0,107.0,293.0
556.0,156.0,107.0,292.0
555.0,159.0,107.0,293.0
555.0,160.0,108.0,294.0
553.0,163.0,109.0,295.0
551.0,164.0,109.0,295.0
553.0,167.0,109.0,296.0
551.0,168.0,110.0,297.0
552.0,169.0,110.0,298.0
551.0,169.0,110.0,298.0
552.0,171.0,110.0,299.0
551.0,170.0,110.0,299.0
553.0,173.0,110.0,299.0
551.0,172.0,110.0,299.0
553.0,173.0,110.0,298.0
551.0,172.0,110.0,298.0
553.0,171.0,110.0,297.0
551.0,172.0,110.0,295.0
553.0,173.0,110.0,293.0
551.0,174.0,110.0,291.0
553.0,176.0,110.0,292.0
551.0,177.0,110.0,293.0
553.0,180.0,110.0,293.0
551.0,181.0,109.0,294.0
552.0,182.0,109.0,295.0
551.0,184.0,109.0,296.0
552.0,186.0,108.0,296.0
551.0,188.0,108.0,297.0
552.0,189.0,107.0,297.0
551.0,190.0,107.0,297.0
553.0,193.0,107.0,297.0
553.0,194.0,106.0,297.0
553.0,195.0,106.0,296.0
555.0,194.0,106.0,296.0
559.0,195.0,106.0,295.0
561.0,196.0,107.0,294.0
563.0,197.0,108.0,292.0
566.0,198.0,109.0,290.0
568.0,201.0,109.0,291.0
571.0,202.0,110.0,292.0
574.0,204.0,110.0,293.0
579.0,205.0,110.0,294.0
583.0,208.0,110.0,295.0
587.0,207.0,110.0,296.0
592.0,210.0,110.0,297.0
596.0,212.0,110.0,297.0
599.0,214.0,110.0,298.0
605.0,216.0,111.0,298.0
612.0,217.0,111.0,298.0
616.0,218.0,112.0,298.0
621.0,219.0,112.0,298.0
624.0,219.0,112.0,297.0
630.0,219.0,112.0,297.0
634.0,218.0,112.0,296.0
638.0,218.0,112.0,295.0
643.0,217.0,112.0,294.0
646.0,220.0,112.0,294.0
650.0,221.0,112.0,293.0
654.0,223.0,112.0,292.0
658.0,224.0,112.0,293.0
662.0,227.0,111.0,294.0
666.0,228.0,111.0,294.0
670.0,229.0,111.0,295.0
672.0,230.0,110.0,296.0
675.0,231.0,110.0,297.0
680.0,232.0,110.0,298.0
682.0,233.0,110.0,299.0
685.0,233.0,110.0,299.0
690.0,234.0,110.0,299.0
692.0,233.0,109.0,299.0
695.0,234.0,109.0,299.0
700.0,234.0,108.0,298.0
704.0,235.0,108.0,297.0
180.0,68.0,19.0,52.0
713.0,231.0,99.0,291.0
717.0,233.0,99.0,290.0
720.0,233.0,100.0,288.0
724.0,235.0,100.0,289.0
727.0,237.0,100.0,290.0
731.0,239.0,101.0,290.0
735.0,241.0,100.0,291.0
739.0,243.0,100.0,292.0
744.0,245.0,99.0,292.0
748.0,247.0,100.0,293.0
753.0,249.0,101.0,293.0
757.0,251.0,101.0,294.0
761.0,253.0,102.0,294.0
765.0,255.0,102.0,295.0
768.0,257.0,103.0,295.0
770.0,259.0,103.0,295.0
774.0,261.0,104.0,295.0
776.0,261.0,104.0,295.0
776.0,263.0,104.0,293.0
778.0,263.0,104.0,291.0
780.0,265.0,104.0,289.0
779.0,267.0,105.0,289.0
778.0,269.0,106.0,289.0
776.0,271.0,107.0,289.0
778.0,273.0,106.0,290.0
777.0,274.0,105.0,291.0
778.0,276.0,104.0,292.0
778.0,278.0,104.0,293.0
777.0,280.0,103.0,293.0
776.0,281.0,102.0,294.0
776.0,283.0,102.0,295.0
776.0,285.0,101.0,296.0
774.0,286.0,100.0,297.0
773.0,288.0,100.0,297.0
773.0,290.0,99.0,297.0
771.0,293.0,99.0,297.0
769.0,294.0,99.0,297.0
769.0,295.0,99.0,296.0
769.0,295.0,99.0,296.0
769.0,296.0,99.0,294.0
769.0,296.0,99.0,292.0
769.0,296.0,99.0,290.0
768.0,298.0,100.0,290.0
770.0,298.0,101.0,289.0
768.0,300.0,101.0,289.0
767.0,302.0,102.0,290.0
767.0,304.0,103.0,291.0
765.0,304.0,105.0,291.0
764.0,306.0,104.0,292.0
764.0,308.0,104.0,292.0
766.0,308.0,104.0,293.0
764.0,309.0,104.0,294.0
766.0,311.0,104.0,294.0
766.0,311.0,104.0,294.0
768.0,312.0,104.0,295.0
769.0,312.0,105.0,295.0
768.0,312.0,105.0,296.0
769.0,312.0,105.0,295.0
769.0,310.0,105.0,294.0
771.0,310.0,105.0,293.0
772.0,308.0,106.0,291.0
770.0,307.0,107.0,290.0
771.0,307.0,108.0,288.0
768.0,307.0,108.0,288.0
769.0,307.0,109.0,288.0
767.0,306.0,110.0,288.0
767.0,304.0,110.0,289.0
765.0,303.0,110.0,290.0
763.0,301.0,109.0,291.0
762.0,299.0,108.0,292.0
761.0,297.0,107.0,293.0
760.0,295.0,106.0,294.0
756.0,293.0,106.0,295.0
753.0,289.0,105.0,296.0
751.0,287.0,105.0,296.0
746.0,284.0,104.0,297.0
742.0,280.0,103.0,298.0
738.0,278.0,103.0,298.0
734.0,274.0,103.0,298.0
729.0,268.0,104.0,297.0
723.0,263.0,104.0,297.0
720.0,256.0,105.0,294.0
713.0,252.0,106.0,292.0
710.0,247.0,107.0,289.0
705.0,244.0,107.0,290.0
702.0,240.0,106.0,290.0
697.0,238.0,106.0,291.0
694.0,234.0,105.0,291.0
689.0,232.0,105.0,292.0
687.0,227.0,105.0,293.0
682.0,221.0,104.0,293.0
680.0,215.0,103.0,294.0
677.0,209.0,103.0,295.0
674.0,203.0,102.0,293.0
672.0,196.0,101.0,292.0
670.0,189.0,101.0,290.0
666.0,181.0,100.0,290.0
662.0,174.0,99.0,290.0
660.0,168.0,99.0,289.0
658.0,162.0,98.0,289.0
654.0,158.0,98.0,289.0
650.0,154.0,98.0,288.0
647.0,152.0,98.0,289.0
643.0,150.0,98.0,289.0
639.0,148.0,98.0,290.0
636.0,144.0,98.0,291.0
632.0,138.0,98.0,292.0
628.0,133.0,97.0,294.0
622.0,127.0,97.0,294.0
619.0,121.0,97.0,294.0
612.0,115.0,97.0,294.0
607.0,109.0,98.0,293.0
599.0,101.0,98.0,292.0
593.0,95.0,99.0,290.0
587.0,87.0,100.0,290.0
577.0,81.0,100.0,290.0
571.0,75.0,101.0,289.0
563.0,72.0,101.0,289.0
557.0,70.0,101.0,289.0
140.0,27.0,22.0,47.0
559.0,74.0,73.0,235.0
554.0,75.0,73.0,233.0
548.0,74.0,73.0,232.0
543.0,74.0,72.0,232.0
539.0,71.0,70.0,233.0
532.0,68.0,69.0,234.0
529.0,61.0,68.0,235.0
523.0,57.0,67.0,236.0
519.0,52.0,67.0,238.0
515.0,49.0,67.0,238.0
512.0,46.0,67.0,239.0
508.0,46.0,67.0,240.0
505.0,46.0,67.0,239.0
502.0,48.0,68.0,239.0
500.0,50.0,69.0,239.0
497.0,50.0,68.0,238.0
496.0,50.0,68.0,236.0
494.0,50.0,68.0,235.0
493.0,48.0,68.0,236.0
492.0,46.0,67.0,236.0
491.0,45.0,67.0,236.0
489.0,46.0,68.0,237.0
488.0,46.0,68.0,237.0
485.0,48.0,69.0,238.0
485.0,51.0,70.0,238.0
482.0,54.0,71.0,238.0
480.0,57.0,72.0,239.0
479.0,60.0,72.0,239.0
478.0,61.0,73.0,239.0
475.0,63.0,73.0,239.0
474.0,63.0,73.0,238.0
472.0,66.0,72.0,238.0
471.0,67.0,72.0,238.0
469.0,70.0,72.0,237.0
467.0,69.0,71.0,236.0
465.0,72.0,71.0,235.0
466.0,73.0,71.0,236.0
463.0,76.0,70.0,237.0
464.0,78.0,69.0,237.0
463.0,82.0,70.0,238.0
463.0,83.0,70.0,238.0
463.0,88.0,70.0,238.0
464.0,89.0,70.0,239.0
461.0,91.0,70.0,239.0
462.0,91.0,70.0,240.0
462.0,92.0,69.0,240.0
462.0,91.0,68.0,239.0
462.0,94.0,67.0,239.0
462.0,93.0,67.0,238.0
462.0,94.0,67.0,236.0
463.0,95.0,67.0,235.0
462.0,96.0,68.0,236.0
461.0,96.0,68.0,237.0
460.0,98.0,68.0,238.0
460.0,99.0,69.0,238.0
457.0,102.0,70.0,239.0
456.0,103.0,71.0,239.0
455.0,106.0,72.0,240.0
454.0,108.0,73.0,240.0
452.0,112.0,75.0,241.0
452.0,113.0,74.0,240.0
452.0,116.0,73.0,240.0
452.0,115.0,73.0,240.0
451.0,118.0,71.0,238.0
451.0,117.0,70.0,237.0
450.0,118.0,69.0,236.0
451.0,119.0,68.0,236.0
451.0,122.0,68.0,237.0
453.0,123.0,67.0,238.0
452.0,127.0,67.0,239.0
453.0,129.0,68.0,240.0
454.0,133.0,68.0,240.0
455.0,135.0,67.0,241.0
456.0,138.0,67.0,241.0
459.0,139.0,67.0,241.0
460.0,142.0,66.0,241.0
463.0,143.0,66.0,241.0
464.0,146.0,66.0,241.0
464.0,147.0,67.0,240.0
465.0,150.0,68.0,238.0
467.0,151.0,69.0,237.0
467.0,153.0,70.0,237.0
468.0,154.0,71.0,236.0
468.0,157.0,72.0,236.0
469.0,158.0,72.0,237.0
470.0,161.0,73.0,238.0
471.0,162.0,73.0,240.0
472.0,166.0,73.0,240.0
475.0,168.0,72.0,241.0
474.0,170.0,72.0,242.0
477.0,171.0,72.0,243.0
477.0,174.0,72.0,243.0
479.0,175.0,72.0,244.0
479.0,177.0,71.0,244.0
480.0,177.0,71.0,245.0
481.0,178.0,70.0,245.0
482.0,178.0,70.0,243.0
483.0,179.0,70.0,242.0
484.0,179.0,70.0,240.0
484.0,180.0,71.0,240.0
485.0,180.0,71.0,240.0
484.0,181.0,72.0,240.0
487.0,183.0,73.0,241.0
488.0,186.0,73.0,242.0
488.0,187.0,73.0,242.0
489.0,190.0,74.0,243.0
490.0,191.0,74.0,244.0
491.0,193.0,74.0,245.0
493.0,193.0,74.0,245.0
494.0,193.0,75.0,245.0
494.0,191.0,76.0,245.0
495.0,192.0,76.0,245.0
497.0,191.0,77.0,244.0
497.0,190.0,77.0,243.0
498.0,188.0,77.0,242.0
497.0,187.0,77.0,241.0
498.0,186.0,77.0,240.0
499.0,187.0,77.0,241.0
500.0,187.0,76.0,242.0
499.0,189.0,76.0,243.0
500.0,189.0,76.0,244.0
500.0,191.0,76.0,245.0
500.0,192.0,76.0,246.0
500.0,193.0,75.0,246.0
499.0,194.0,75.0,246.0
499.0,195.0,75.0,246.0
500.0,193.0,74.0,245.0
499.0,194.0,74.0,243.0
500.0,193.0,74.0,242.0
500.0,192.0,74.0,241.0
501.0,190.0,74.0,241.0
501.0,191.0,74.0,240.0
503.0,190.0,74.0,241.0
504.0,191.0,73.0,242.0
505.0,192.0,73.0,243.0
506.0,195.0,73.0,244.0
509.0,196.0,74.0,244.0
511.0,197.0,74.0,245.0
514.0,198.0,73.0,245.0
517.0,199.0,73.0,246.0
520.0,198.0,73.0,246.0
523.0,199.0,73.0,245.0
128.0,55.0,21.0,54.0
505.0,186.0,100.0,293.0
508.0,187.0,100.0,291.0
510.0,188.0,101.0,290.0
513.0,187.0,101.0,288.0
517.0,190.0,101.0,289.0
521.0,189.0,101.0,290.0
523.0,192.0,101.0,291.0
524.0,193.0,102.0,292.0
529.0,196.0,103.0,293.0
531.0,197.0,104.0,294.0
534.0,200.0,104.0,294.0
538.0,201.0,105.0,295.0
541.0,202.0,106.0,295.0
546.0,201.0,105.0,295.0
551.0,202.0,105.0,295.0
554.0,203.0,104.0,295.0
561.0,204.0,103.0,294.0
567.0,203.0,101.0,293.0
572.0,204.0,99.0,292.0
577.0,205.0,98.0,291.0
582.0,206.0,97.0,290.0
587.0,208.0,96.0,289.0
592.0,211.0,98.0,289.0
597.0,212.0,100.0,290.0
600.0,215.0,102.0,290.0
606.0,218.0,102.0,291.0
612.0,221.0,103.0,291.0
618.0,224.0,104.0,291.0
625.0,227.0,103.0,291.0
632.0,229.0,102.0,291.0
637.0,232.0,102.0,291.0
642.0,233.0,102.0,290.0
648.0,236.0,102.0,289.0
654.0,237.0,103.0,288.0
658.0,239.0,103.0,288.0
662.0,240.0,102.0,288.0
667.0,242.0,102.0,288.0
671.0,243.0,102.0,289.0
673.0,246.0,101.0,290.0
679.0,247.0,101.0,291.0
679.0,250.0,102.0,292.0
682.0,251.0,103.0,292.0
685.0,254.0,105.0,292.0
687.0,255.0,106.0,293.0
690.0,258.0,107.0,294.0
693.0,257.0,108.0,294.0
699.0,258.0,108.0,294.0
705.0,260.0,107.0,294.0
709.0,262.0,107.0,294.0
714.0,263.0,106.0,293.0
720.0,264.0,105.0,292.0
725.0,263.0,104.0,291.0
730.0,264.0,105.0,289.0
735.0,265.0,107.0,287.0
737.0,268.0,108.0,286.0
742.0,270.0,111.0,286.0
743.0,273.0,114.0,285.0
746.0,273.0,118.0,285.0
751.0,277.0,119.0,285.0
752.0,280.0,120.0,285.0
758.0,283.0,121.0,285.0
763.0,284.0,121.0,284.0
767.0,286.0,121.0,283.0
772.0,289.0,122.0,282.0
781.0,292.0,121.0,282.0
788.0,295.0,120.0,281.0
793.0,298.0,119.0,280.0
799.0,299.0,118.0,281.0
805.0,300.0,117.0,282.0
811.0,301.0,115.0,282.0
814.0,302.0,116.0,283.0
817.0,301.0,117.0,283.0
819.0,303.0,118.0,284.0
822.0,302.0,118.0,284.0
823.0,305.0,119.0,285.0
824.0,304.0,120.0,285.0
826.0,306.0,121.0,286.0
827.0,305.0,122.0,287.0
827.0,305.0,123.0,288.0
830.0,302.0,123.0,289.0
832.0,300.0,124.0,291.0
836.0,297.0,124.0,292.0
842.0,296.0,122.0,292.0
846.0,291.0,120.0,292.0
850.0,289.0,117.0,291.0
854.0,285.0,116.0,291.0
857.0,283.0,115.0,290.0
860.0,280.0,114.0,289.0
861.0,278.0,115.0,289.0
862.0,275.0,117.0,289.0
864.0,272.0,118.0,289.0
865.0,270.0,119.0,289.0
866.0,269.0,120.0,289.0
869.0,266.0,121.0,289.0
874.0,265.0,122.0,289.0
876.0,261.0,123.0,290.0
882.0,259.0,124.0,290.0
888.0,255.0,124.0,290.0
893.0,251.0,124.0,289.0
899.0,246.0,124.0,289.0
907.0,241.0,122.0,289.0
913.0,236.0,120.0,289.0
920.0,232.0,118.0,289.0
925.0,229.0,117.0,290.0
930.0,226.0,116.0,291.0
935.0,221.0,114.0,292.0
938.0,220.0,115.0,292.0
939.0,217.0,116.0,293.0
943.0,214.0,116.0,293.0
943.0,211.0,117.0,293.0
944.0,207.0,117.0,294.0
947.0,203.0,118.0,294.0
951.0,199.0,117.0,295.0
953.0,192.0,116.0,295.0
954.0,187.0,116.0,295.0
958.0,181.0,114.0,295.0
962.0,175.0,113.0,294.0
964.0,168.0,112.0,293.0
964.0,163.0,112.0,292.0
240.0,47.0,32.0,52.0
949.0,150.0,140.0,280.0
947.0,146.0,140.0,281.0
946.0,142.0,140.0,281.0
944.0,139.0,140.0,282.0
941.0,134.0,141.0,282.0
940.0,133.0,141.0,282.0
938.0,129.0,142.0,282.0
937.0,125.0,142.0,283.0
936.0,120.0,142.0,283.0
935.0,114.0,143.0,283.0
934.0,111.0,142.0,282.0
934.0,104.0,142.0,281.0
931.0,100.0,141.0,280.0
931.0,96.0,140.0,280.0
929.0,90.0,140.0,279.0
929.0,87.0,139.0,279.0
927.0,82.0,138.0,280.0
924.0,79.0,137.0,281.0
920.0,74.0,136.0,281.0
916.0,73.0,136.0,282.0
911.0,71.0,136.0,283.0
907.0,67.0,137.0,283.0
902.0,64.0,136.0,283.0
899.0,61.0,136.0,283.0
894.0,59.0,136.0,283.0
891.0,54.0,135.0,283.0
887.0,51.0,134.0,283.0
884.0,46.0,134.0,283.0
880.0,41.0,133.0,282.0
875.0,37.0,132.0,280.0
871.0,33.0,131.0,278.0
866.0,29.0,131.0,279.0
861.0,23.0,131.0,279.0
857.0,19.0,130.0,279.0
852.0,17.0,130.0,279.0
847.0,16.0,130.0,279.0
842.0,14.0,130.0,279.0
837.0,13.0,130.0,279.0
830.0,12.0,130.0,280.0
827.0,12.0,130.0,277.0
820.0,11.0,130.0,276.0
816.0,10.0,130.0,274.0
811.0,9.0,130.0,272.0
806.0,8.0,130.0,268.0
801.0,7.0,130.0,265.0
797.0,7.0,130.0,263.0
792.0,6.0,130.0,258.0
787.0,5.0,129.0,256.0
783.0,4.0,129.0,253.0
777.0,3.0,129.0,252.0
770.0,3.0,129.0,250.0
765.0,2.0,129.0,249.0
758.0,2.0,129.0,250.0
753.0,2.0,129.0,249.0
746.0,1.0,129.0,247.0
739.0,1.0,129.0,247.0
733.0,1.0,128.0,247.0
727.0,0.0,128.0,246.0
721.0,0.0,128.0,242.0
714.0,0.0,128.0,240.0
707.0,-0.0,127.0,238.0
700.0,-0.0,127.0,233.0
693.0,-0.0,126.0,230.0
687.0,-0.0,126.0,228.0
678.0,-0.0,125.0,225.0
671.0,-0.0,125.0,223.0
665.0,-0.0,125.0,221.0
657.0,-0.0,125.0,221.0
649.0,-0.0,125.0,221.0
641.0,-0.0,125.0,221.0
633.0,-0.0,125.0,221.0
626.0,-0.0,125.0,221.0
617.0,-0.0,125.0,221.0
610.0,-0.0,125.0,220.0
603.0,-0.0,125.0,218.0
596.0,-0.0,125.0,218.0
589.0,-0.0,125.0,216.0
582.0,-0.0,125.0,212.0
574.0,-0.0,125.0,209.0
567.0,-0.0,125.0,208.0
560.0,-0.0,125.0,204.0
554.0,-0.0,126.0,202.0
547.0,-0.0,126.0,201.0
542.0,-0.0,126.0,201.0
535.0,-0.0,126.0,203.0
530.0,-0.0,125.0,204.0
523.0,-0.0,125.0,207.0
520.0,-0.0,125.0,210.0
515.0,-0.0,125.0,211.0
512.0,-0.0,125.0,211.0
508.0,-0.0,125.0,212.0
506.0,-0.0,125.0,212.0
503.0,-0.0,125.0,211.0
502.0,-0.0,125.0,211.0
133.0,-0.0,16.0,38.0
528.0,-0.0,82.0,180.0
528.0,-0.0,82.0,178.0
528.0,-0.0,82.0,179.0
530.0,-0.0,83.0,178.0
532.0,-0.0,83.0,179.0
534.0,-0.0,83.0,180.0
536.0,-0.0,83.0,182.0
540.0,-0.0,83.0,183.0
543.0,-0.0,83.0,184.0
546.0,-0.0,83.0,185.0
549.0,-0.0,83.0,187.0
553.0,-0.0,83.0,186.0
555.0,-0.0,83.0,187.0
559.0,-0.0,83.0,187.0
562.0,-0.0,83.0,187.0
565.0,-0.0,83.0,185.0
568.0,-0.0,83.0,184.0
570.0,-0.0,83.0,182.0
574.0,-0.0,83.0,183.0
576.0,-0.0,83.0,181.0
580.0,-0.0,83.0,183.0
582.0,-0.0,83.0,183.0
584.0,-0.0,83.0,186.0
587.0,-0.0,83.0,186.0
589.0,-0.0,84.0,189.0
591.0,-0.0,84.0,191.0
595.0,-0.0,83.0,193.0
597.0,-0.0,83.0,195.0
599.0,-0.0,83.0,196.0
601.0,-0.0,83.0,195.0
603.0,-0.0,83.0,195.0
606.0,-0.0,83.0,194.0
608.0,-0.0,83.0,194.0
610.0,-0.0,83.0,193.0
612.0,-0.0,82.0,193.0
615.0,-0.0,82.0,192.0
617.0,-0.0,82.0,193.0
620.0,-0.0,81.0,194.0
622.0,-0.0,81.0,197.0
624.0,-0.0,81.0,198.0
626.0,-0.0,81.0,200.0
629.0,-0.0,81.0,201.0
631.0,-0.0,82.0,204.0
633.0,-0.0,82.0,206.0
635.0,-0.0,82.0,207.0
639.0,-0.0,81.0,206.0
641.0,-0.0,81.0,207.0
643.0,-0.0,82.0,205.0
646.0,-0.0,82.0,205.0
648.0,-0.0,83.0,204.0
651.0,-0.0,83.0,203.0
653.0,-0.0,83.0,202.0
657.0,-0.0,83.0,202.0
659.0,-0.0,83.0,202.0
662.0,-0.0,83.0,203.0
664.0,-0.0,83.0,203.0
666.0,-0.0,83.0,206.0
669.0,-0.0,84.0,206.0
671.0,-0.0,84.0,209.0
673.0,-0.0,84.0,210.0
676.0,-0.0,84.0,211.0
678.0,-0.0,84.0,212.0
681.0,-0.0,84.0,213.0
685.0,-0.0,84.0,213.0
689.0,-0.0,84.0,214.0
691.0,0.0,83.0,214.0
696.0,0.0,83.0,214.0
698.0,1.0,82.0,212.0
703.0,1.0,81.0,211.0
706.0,1.0,81.0,209.0
711.0,1.0,80.0,209.0
712.0,1.0,80.0,209.0
716.0,1.0,81.0,209.0
717.0,1.0,82.0,210.0
719.0,1.0,82.0,211.0
723.0,2.0,82.0,212.0
725.0,3.0,83.0,212.0
728.0,4.0,84.0,213.0
731.0,4.0,85.0,213.0
734.0,4.0,85.0,213.0
738.0,4.0,85.0,213.0
742.0,4.0,85.0,213.0
746.0,3.0,85.0,213.0
751.0,2.0,85.0,213.0
755.0,2.0,85.0,212.0
757.0,1.0,84.0,211.0
761.0,2.0,85.0,211.0
765.0,1.0,85.0,212.0
768.0,2.0,86.0,212.0
771.0,3.0,86.0,213.0
774.0,4.0,87.0,213.0
776.0,3.0,88.0,213.0
780.0,6.0,88.0,214.0
782.0,6.0,88.0,214.0
785.0,8.0,88.0,214.0
788.0,9.0,88.0,214.0
790.0,10.0,88.0,215.0
794.0,9.0,88.0,215.0
796.0,10.0,87.0,215.0
801.0,11.0,86.0,215.0
803.0,12.0,86.0,215.0
807.0,11.0,86.0,215.0
809.0,11.0,85.0,214.0
812.0,10.0,85.0,213.0
814.0,11.0,84.0,213.0
818.0,10.0,84.0,213.0
821.0,11.0,84.0,213.0
824.0,11.0,83.0,213.0
826.0,11.0,83.0,213.0
828.0,12.0,82.0,213.0
830.0,13.0,83.0,213.0
832.0,13.0,83.0,214.0
834.0,15.0,83.0,214.0
836.0,14.0,83.0,214.0
839.0,15.0,84.0,214.0
841.0,15.0,84.0,214.0
843.0,16.0,84.0,214.0
845.0,15.0,84.0,214.0
849.0,14.0,85.0,214.0
851.0,15.0,85.0,214.0
855.0,14.0,85.0,213.0
857.0,12.0,85.0,213.0
859.0,13.0,85.0,213.0
862.0,13.0,85.0,213.0
864.0,14.0,85.0,213.0
863.0,14.0,85.0,214.0
861.0,15.0,86.0,214.0
859.0,15.0,86.0,215.0
855.0,16.0,86.0,215.0
851.0,16.0,86.0,215.0
845.0,17.0,86.0,215.0
839.0,16.0,86.0,215.0
833.0,17.0,86.0,215.0
825.0,15.0,85.0,215.0
817.0,13.0,85.0,216.0
809.0,12.0,84.0,216.0
802.0,10.0,84.0,217.0
791.0,8.0,84.0,216.0
780.0,7.0,84.0,214.0
769.0,4.0,84.0,213.0
758.0,3.0,83.0,213.0
746.0,2.0,83.0,213.0
735.0,1.0,83.0,213.0
723.0,1.0,82.0,213.0
712.0,1.0,82.0,213.0
700.0,1.0,82.0,213.0
688.0,1.0,82.0,213.0
677.0,1.0,82.0,214.0
665.0,1.0,82.0,214.0
655.0,1.0,82.0,214.0
644.0,1.0,82.0,214.0
633.0,1.0,82.0,214.0
623.0,1.0,82.0,214.0
613.0,1.0,82.0,213.0
603.0,-0.0,82.0,213.0
593.0,-0.0,82.0,211.0
148.0,-0.0,16.0,42.0
582.0,-0.0,84.0,194.0
573.0,-0.0,84.0,195.0
564.0,-0.0,84.0,195.0
554.0,-0.0,84.0,198.0
545.0,-0.0,84.0,198.0
534.0,-0.0,84.0,202.0
525.0,-0.0,84.0,204.0
516.0,-0.0,85.0,207.0
507.0,-0.0,85.0,208.0
497.0,-0.0,85.0,211.0
488.0,0.0,85.0,210.0
478.0,1.0,85.0,210.0
470.0,1.0,85.0,210.0
460.0,1.0,85.0,210.0
451.0,2.0,85.0,211.0
440.0,2.0,85.0,211.0
430.0,2.0,85.0,210.0
420.0,2.0,86.0,212.0
410.0,2.0,86.0,213.0
399.0,3.0,86.0,216.0
388.0,3.0,87.0,218.0
377.0,4.0,87.0,221.0
366.0,5.0,87.0,222.0
355.0,6.0,88.0,227.0
343.0,6.0,88.0,228.0
332.0,10.0,89.0,229.0
321.0,11.0,89.0,229.0
310.0,14.0,89.0,230.0
298.0,15.0,89.0,230.0
285.0,18.0,89.0,230.0
274.0,19.0,89.0,230.0
263.0,21.0,89.0,230.0
252.0,22.0,89.0,229.0
241.0,25.0,89.0,228.0
231.0,28.0,90.0,228.0
218.0,30.0,90.0,228.0
208.0,33.0,90.0,229.0
197.0,38.0,90.0,229.0
187.0,41.0,91.0,229.0
176.0,46.0,91.0,230.0
166.0,49.0,92.0,230.0
155.0,54.0,92.0,231.0
144.0,59.0,93.0,231.0
133.0,63.0,94.0,231.0
121.0,67.0,94.0,232.0
110.0,73.0,95.0,232.0
98.0,76.0,95.0,232.0
87.0,82.0,95.0,231.0
76.0,85.0,95.0,231.0
64.0,91.0,96.0,230.0
52.0,96.0,96.0,229.0
41.0,103.0,96.0,228.0
32.0,113.0,94.0,226.0
24.0,124.0,91.0,224.0
16.0,134.0,88.0,222.0
7.0,147.0,85.0,218.0
-0.0,52.0,13.0,32.0
-0.0,58.0,10.0,28.0
nan,nan,nan,nan
nan,nan,nan,nan
nan,nan,nan,nan
nan,nan,nan,nan
nan,nan,nan,nan
nan,nan,nan,nan
nan,nan,nan,nan
nan,nan,nan,nan
nan,nan,nan,nan
nan,nan,nan,nan
nan,nan,nan,nan
nan,nan,nan,nan
nan,nan,nan,nan
nan,nan,nan,nan
nan,nan,nan,nan
nan,nan,nan,nan
nan,nan,nan,nan
nan,nan,nan,nan
nan,nan,nan,nan
nan,nan,nan,nan
nan,nan,nan,nan
nan,nan,nan,nan
nan,nan,nan,nan
nan,nan,nan,nan
nan,nan,nan,nan
nan,nan,nan,nan
nan,nan,nan,nan
nan,nan,nan,nan
nan,nan,nan,nan
nan,nan,nan,nan
nan,nan,nan,nan
nan,nan,nan,nan
nan,nan,nan,nan
nan,nan,nan,nan
nan,nan,nan,nan
nan,nan,nan,nan
nan,nan,nan,nan
nan,nan,nan,nan
nan,nan,nan,nan
nan,nan,nan,nan
nan,nan,nan,nan
nan,nan,nan,nan
nan,nan,nan,nan
nan,nan,nan,nan
nan,nan,nan,nan
nan,nan,nan,nan
nan,nan,nan,nan
nan,nan,nan,nan
nan,nan,nan,nan
nan,nan,nan,nan
nan,nan,nan,nan
nan,nan,nan,nan
nan,nan,nan,nan
nan,nan,nan,nan
nan,nan,nan,nan
nan,nan,nan,nan
nan,nan,nan,nan
nan,nan,nan,nan
nan,nan,nan,nan
nan,nan,nan,nan
nan,nan,nan,nan
nan,nan,nan,nan
nan,nan,nan,nan
nan,nan,nan,nan
nan,nan,nan,nan
nan,nan,nan,nan
nan,nan,nan,nan
nan,nan,nan,nan
nan,nan,nan,nan
nan,nan,nan,nan
nan,nan,nan,nan
nan,nan,nan,nan
nan,nan,nan,nan
nan,nan,nan,nan
nan,nan,nan,nan
nan,nan,nan,nan
nan,nan,nan,nan
nan,nan,nan,nan
nan,nan,nan,nan
nan,nan,nan,nan
-0.0,68.0,6.0,24.0
-0.0,59.0,10.0,31.0
-0.0,50.0,14.0,38.0
-0.0,41.0,19.0,45.0
1.0,36.0,22.0,49.0
2.0,30.0,25.0,52.0
2.0,25.0,28.0,55.0
8.0,23.0,27.0,54.0
13.0,21.0,26.0,52.0
19.0,19.0,25.0,51.0
22.0,18.0,26.0,51.0
26.0,17.0,26.0,50.0
30.0,16.0,26.0,50.0
35.0,14.0,26.0,50.0
41.0,13.0,27.0,50.0
46.0,12.0,27.0,50.0
52.0,11.0,27.0,50.0
58.0,10.0,26.0,50.0
229.0,9.0,96.0,260.0
246.0,8.0,95.0,257.0
265.0,8.0,94.0,255.0
283.0,7.0,92.0,251.0
303.0,6.0,91.0,249.0
323.0,5.0,90.0,245.0
342.0,4.0,89.0,244.0
358.0,3.0,88.0,239.0
374.0,3.0,87.0,237.0
390.0,2.0,86.0,233.0
404.0,2.0,86.0,233.0
417.0,2.0,85.0,231.0
427.0,1.0,85.0,230.0
436.0,1.0,86.0,230.0
444.0,1.0,86.0,232.0
450.0,0.0,87.0,231.0
457.0,0.0,87.0,232.0
463.0,0.0,87.0,233.0
465.0,0.0,87.0,234.0
471.0,0.0,87.0,234.0
474.0,1.0,87.0,235.0
478.0,1.0,87.0,236.0
482.0,0.0,87.0,237.0
486.0,0.0,86.0,237.0
489.0,0.0,86.0,239.0
492.0,0.0,85.0,237.0
493.0,0.0,84.0,237.0
496.0,0.0,83.0,237.0
500.0,1.0,83.0,237.0
502.0,1.0,84.0,237.0
504.0,1.0,84.0,237.0
508.0,1.0,84.0,238.0
512.0,2.0,84.0,241.0
514.0,2.0,85.0,242.0
516.0,3.0,86.0,244.0
519.0,3.0,88.0,245.0
521.0,4.0,89.0,247.0
523.0,4.0,90.0,250.0
526.0,5.0,91.0,252.0
529.0,6.0,91.0,254.0
533.0,6.0,91.0,257.0
536.0,6.0,90.0,258.0
540.0,7.0,90.0,261.0
