774.0,98.0,50.0,141.0
771.0,98.0,50.0,141.0
768.0,98.0,50.0,141.0
765.0,98.0,50.0,141.0
762.0,100.0,50.0,141.0
758.0,102.0,50.0,141.0
755.0,100.0,50.0,141.0
752.0,102.0,50.0,141.0
749.0,102.0,50.0,141.0
746.0,102.0,50.0,141.0
741.0,102.0,50.0,141.0
738.0,104.0,50.0,141.0
735.0,105.0,50.0,141.0
732.0,104.0,50.0,141.0
727.0,104.0,50.0,141.0
724.0,104.0,50.0,141.0
722.0,104.0,50.0,141.0
719.0,104.0,50.0,141.0
716.0,104.0,49.0,141.0
713.0,104.0,50.0,141.0
710.0,104.0,50.0,141.0
708.0,104.0,50.0,141.0
706.0,106.0,50.0,141.0
705.0,104.0,50.0,141.0
702.0,105.0,50.0,141.0
701.0,104.0,50.0,141.0
700.0,106.0,50.0,141.0
698.0,106.0,50.0,141.0
695.0,106.0,50.0,141.0
694.0,106.0,50.0,141.0
691.0,106.0,50.0,141.0
690.0,106.0,50.0,141.0
687.0,106.0,50.0,141.0
684.0,104.0,50.0,141.0
682.0,105.0,50.0,141.0
680.0,104.0,50.0,141.0
678.0,103.0,50.0,141.0
676.0,103.0,50.0,141.0
674.0,103.0,50.0,141.0
673.0,103.0,50.0,141.0
670.0,103.0,50.0,141.0
669.0,104.0,50.0,141.0
666.0,104.0,50.0,141.0
665.0,104.0,50.0,141.0
664.0,104.0,50.0,141.0
663.0,104.0,49.0,141.0
660.0,105.0,49.0,141.0
658.0,104.0,49.0,141.0
656.0,105.0,49.0,141.0
654.0,104.0,49.0,141.0
652.0,105.0,49.0,141.0
651.0,104.0,49.0,141.0
649.0,104.0,50.0,140.0
648.0,104.0,50.0,139.0
646.0,104.0,51.0,139.0
646.0,104.0,51.0,139.0
644.0,104.0,51.0,139.0
644.0,104.0,51.0,139.0
643.0,104.0,51.0,139.0
642.0,103.0,51.0,139.0
642.0,103.0,51.0,139.0
642.0,103.0,51.0,139.0
641.0,104.0,51.0,140.0
640.0,104.0,51.0,140.0
639.0,104.0,51.0,140.0
640.0,105.0,51.0,140.0
639.0,104.0,51.0,140.0
640.0,105.0,51.0,140.0
639.0,104.0,51.0,140.0
638.0,106.0,51.0,140.0
637.0,104.0,51.0,140.0
638.0,105.0,51.0,140.0
637.0,103.0,51.0,140.0
636.0,103.0,51.0,140.0
635.0,103.0,51.0,140.0
636.0,103.0,51.0,140.0
635.0,103.0,51.0,140.0
636.0,103.0,51.0,140.0
635.0,103.0,51.0,140.0
634.0,103.0,50.0,140.0
634.0,104.0,50.0,140.0
635.0,103.0,49.0,140.0
633.0,105.0,49.0,140.0
632.0,103.0,49.0,140.0
631.0,107.0,49.0,140.0
630.0,107.0,49.0,140.0
629.0,107.0,49.0,140.0
628.0,109.0,49.0,140.0
627.0,107.0,49.0,140.0
626.0,109.0,49.0,140.0
625.0,107.0,49.0,140.0
624.0,109.0,49.0,140.0
623.0,107.0,49.0,140.0
622.0,109.0,49.0,140.0
621.0,107.0,49.0,140.0
622.0,109.0,49.0,140.0
621.0,108.0,49.0,140.0
622.0,109.0,49.0,140.0
622.0,109.0,49.0,140.0
623.0,109.0,49.0,140.0
623.0,109.0,49.0,140.0
624.0,110.0,49.0,140.0
623.0,112.0,49.0,140.0
624.0,111.0,49.0,140.0
626.0,113.0,49.0,140.0
627.0,113.0,49.0,140.0
628.0,113.0,49.0,140.0
629.0,113.0,49.0,140.0
630.0,114.0,49.0,140.0
631.0,113.0,49.0,140.0
632.0,113.0,49.0,140.0
633.0,113.0,49.0,140.0
634.0,113.0,49.0,140.0
634.0,112.0,49.0,140.0
634.0,112.0,49.0,140.0
635.0,112.0,49.0,140.0
636.0,112.0,49.0,140.0
637.0,112.0,49.0,140.0
638.0,112.0,49.0,140.0
639.0,112.0,49.0,140.0
638.0,112.0,49.0,140.0
639.0,112.0,49.0,140.0
638.0,114.0,49.0,140.0
639.0,116.0,49.0,140.0
640.0,115.0,49.0,140.0
641.0,116.0,49.0,140.0
640.0,117.0,49.0,140.0
641.0,117.0,49.0,140.0
640.0,117.0,49.0,140.0
641.0,118.0,49.0,140.0
640.0,120.0,49.0,140.0
641.0,118.0,49.0,140.0
641.0,120.0,49.0,140.0
642.0,120.0,49.0,140.0
641.0,120.0,49.0,140.0
642.0,121.0,49.0,140.0
641.0,123.0,49.0,140.0
642.0,121.0,49.0,140.0
641.0,124.0,49.0,140.0
641.0,125.0,49.0,140.0
640.0,125.0,49.0,140.0
641.0,127.0,49.0,140.0
640.0,126.0,49.0,140.0
641.0,127.0,49.0,140.0
640.0,127.0,49.0,140.0
641.0,127.0,49.0,140.0
640.0,127.0,49.0,140.0
641.0,127.0,49.0,140.0
640.0,127.0,49.0,140.0
640.0,127.0,49.0,140.0
640.0,125.0,49.0,140.0
639.0,125.0,49.0,140.0
638.0,124.0,49.0,140.0
638.0,124.0,49.0,140.0
639.0,124.0,49.0,140.0
640.0,124.0,49.0,140.0
640.0,124.0,49.0,140.0
641.0,124.0,49.0,140.0
640.0,126.0,49.0,140.0
640.0,124.0,49.0,140.0
640.0,126.0,49.0,140.0
641.0,124.0,49.0,140.0
640.0,126.0,49.0,140.0
641.0,124.0,49.0,140.0
640.0,126.0,49.0,140.0
641.0,124.0,49.0,140.0
640.0,126.0,49.0,141.0
639.0,124.0,49.0,141.0
638.0,126.0,49.0,142.0
638.0,124.0,49.0,142.0
638.0,126.0,49.0,142.0
637.0,124.0,49.0,142.0
636.0,126.0,49.0,142.0
637.0,126.0,49.0,142.0
636.0,126.0,49.0,142.0
637.0,126.0,49.0,142.0
636.0,126.0,49.0,142.0
637.0,128.0,49.0,142.0
636.0,129.0,49.0,142.0
637.0,128.0,49.0,142.0
637.0,130.0,49.0,142.0
638.0,130.0,49.0,142.0
638.0,130.0,49.0,142.0
639.0,130.0,49.0,142.0
640.0,130.0,49.0,142.0
641.0,130.0,49.0,142.0
642.0,130.0,49.0,142.0
643.0,130.0,49.0,142.0
642.0,130.0,49.0,142.0
645.0,129.0,49.0,142.0
646.0,129.0,49.0,142.0
647.0,129.0,49.0,142.0
648.0,129.0,49.0,142.0
649.0,131.0,49.0,142.0
650.0,133.0,49.0,142.0
651.0,131.0,49.0,142.0
652.0,133.0,49.0,142.0
654.0,133.0,49.0,142.0
655.0,133.0,49.0,142.0
656.0,133.0,49.0,142.0
656.0,134.0,49.0,142.0
657.0,135.0,49.0,142.0
658.0,137.0,49.0,142.0
659.0,135.0,49.0,142.0
658.0,137.0,49.0,142.0
659.0,135.0,49.0,142.0
660.0,137.0,49.0,142.0
660.0,135.0,49.0,142.0
660.0,137.0,49.0,142.0
661.0,135.0,49.0,142.0
662.0,137.0,49.0,142.0
663.0,135.0,49.0,142.0
662.0,137.0,49.0,142.0
663.0,137.0,49.0,142.0
662.0,137.0,49.0,142.0
663.0,137.0,49.0,142.0
662.0,137.0,49.0,142.0
663.0,137.0,49.0,142.0
662.0,137.0,49.0,142.0
661.0,137.0,49.0,142.0
660.0,137.0,49.0,142.0
659.0,137.0,49.0,142.0
659.0,137.0,49.0,142.0
658.0,136.0,49.0,142.0
656.0,135.0,49.0,142.0
655.0,136.0,49.0,142.0
654.0,135.0,49.0,142.0
654.0,136.0,49.0,142.0
653.0,135.0,49.0,142.0
653.0,136.0,49.0,142.0
652.0,136.0,49.0,142.0
651.0,136.0,49.0,142.0
651.0,136.0,49.0,142.0
651.0,137.0,49.0,142.0
650.0,137.0,49.0,142.0
651.0,137.0,49.0,142.0
650.0,137.0,49.0,142.0
651.0,139.0,49.0,142.0
650.0,140.0,49.0,142.0
651.0,139.0,49.0,142.0
650.0,140.0,49.0,142.0
651.0,139.0,49.0,142.0
652.0,140.0,49.0,142.0
655.0,139.0,49.0,142.0
656.0,140.0,49.0,142.0
659.0,139.0,49.0,142.0
167.0,35.0,8.0,26.0
660.0,124.0,49.0,152.0
661.0,124.0,49.0,152.0
664.0,124.0,49.0,152.0
665.0,126.0,49.0,152.0
666.0,126.0,49.0,152.0
667.0,126.0,49.0,152.0
668.0,127.0,49.0,152.0
667.0,128.0,49.0,152.0
668.0,128.0,49.0,152.0
667.0,128.0,49.0,152.0
668.0,127.0,49.0,152.0
668.0,127.0,49.0,152.0
668.0,126.0,49.0,152.0
667.0,126.0,49.0,152.0
668.0,126.0,49.0,152.0
667.0,126.0,49.0,152.0
666.0,125.0,49.0,152.0
665.0,125.0,49.0,152.0
666.0,125.0,49.0,152.0
665.0,126.0,50.0,152.0
663.0,127.0,50.0,152.0
662.0,127.0,50.0,152.0
661.0,127.0,50.0,152.0
660.0,128.0,50.0,152.0
659.0,128.0,50.0,152.0
658.0,129.0,50.0,152.0
657.0,129.0,50.0,152.0
656.0,129.0,50.0,152.0
655.0,129.0,50.0,152.0
654.0,129.0,50.0,152.0
653.0,129.0,50.0,152.0
653.0,129.0,50.0,152.0
653.0,129.0,50.0,152.0
653.0,129.0,50.0,152.0
654.0,129.0,50.0,152.0
653.0,129.0,50.0,152.0
654.0,129.0,50.0,152.0
653.0,129.0,50.0,152.0
653.0,129.0,50.0,152.0
654.0,129.0,50.0,152.0
655.0,129.0,50.0,152.0
655.0,131.0,50.0,152.0
656.0,131.0,50.0,152.0
657.0,131.0,50.0,152.0
658.0,131.0,50.0,152.0
657.0,133.0,50.0,152.0
660.0,131.0,50.0,152.0
659.0,131.0,50.0,152.0
660.0,131.0,50.0,152.0
661.0,131.0,50.0,152.0
662.0,131.0,50.0,152.0
663.0,131.0,50.0,152.0
666.0,131.0,50.0,152.0
667.0,131.0,50.0,152.0
670.0,132.0,50.0,152.0
671.0,132.0,49.0,152.0
674.0,133.0,49.0,152.0
675.0,134.0,49.0,152.0
678.0,134.0,49.0,152.0
679.0,136.0,49.0,152.0
680.0,136.0,49.0,152.0
681.0,138.0,49.0,152.0
684.0,138.0,49.0,152.0
685.0,140.0,49.0,152.0
686.0,141.0,49.0,152.0
687.0,141.0,49.0,152.0
688.0,142.0,49.0,152.0
687.0,141.0,49.0,152.0
688.0,141.0,49.0,153.0
687.0,141.0,49.0,153.0
688.0,141.0,49.0,153.0
687.0,141.0,49.0,153.0
688.0,141.0,49.0,153.0
687.0,142.0,49.0,153.0
688.0,142.0,49.0,153.0
687.0,143.0,49.0,153.0
686.0,143.0,49.0,153.0
685.0,143.0,49.0,153.0
685.0,145.0,49.0,153.0
685.0,145.0,49.0,153.0
684.0,145.0,49.0,153.0
683.0,147.0,49.0,153.0
684.0,147.0,49.0,153.0
683.0,147.0,49.0,153.0
682.0,147.0,49.0,153.0
681.0,147.0,49.0,153.0
682.0,147.0,49.0,153.0
681.0,147.0,49.0,153.0
682.0,147.0,49.0,153.0
681.0,145.0,49.0,153.0
682.0,145.0,49.0,153.0
681.0,145.0,49.0,153.0
682.0,145.0,49.0,153.0
681.0,143.0,49.0,153.0
682.0,143.0,49.0,153.0
681.0,143.0,49.0,153.0
682.0,143.0,49.0,153.0
681.0,143.0,49.0,153.0
681.0,144.0,49.0,153.0
681.0,143.0,49.0,153.0
681.0,143.0,49.0,153.0
681.0,143.0,49.0,153.0
681.0,145.0,49.0,153.0
681.0,145.0,49.0,153.0
681.0,145.0,49.0,153.0
681.0,144.0,49.0,153.0
680.0,143.0,49.0,153.0
679.0,143.0,49.0,153.0
680.0,143.0,49.0,153.0
679.0,141.0,49.0,153.0
680.0,141.0,49.0,153.0
679.0,141.0,49.0,153.0
680.0,141.0,49.0,153.0
679.0,141.0,49.0,153.0
680.0,141.0,49.0,153.0
681.0,141.0,49.0,153.0
681.0,141.0,49.0,153.0
681.0,141.0,49.0,153.0
682.0,141.0,49.0,153.0
681.0,141.0,49.0,153.0
682.0,142.0,49.0,153.0
683.0,143.0,49.0,153.0
684.0,143.0,49.0,153.0
684.0,142.0,49.0,153.0
686.0,141.0,49.0,153.0
685.0,141.0,49.0,153.0
688.0,139.0,49.0,153.0
688.0,139.0,49.0,153.0
690.0,139.0,49.0,153.0
690.0,139.0,49.0,153.0
692.0,139.0,49.0,153.0
693.0,137.0,49.0,153.0
694.0,137.0,49.0,153.0
695.0,137.0,49.0,153.0
696.0,137.0,49.0,153.0
697.0,137.0,49.0,153.0
698.0,139.0,49.0,153.0
699.0,139.0,49.0,153.0
700.0,139.0,49.0,153.0
699.0,139.0,49.0,153.0
700.0,139.0,49.0,153.0
699.0,139.0,49.0,153.0
700.0,139.0,49.0,153.0
699.0,139.0,49.0,153.0
697.0,139.0,49.0,153.0
695.0,137.0,49.0,153.0
695.0,137.0,49.0,153.0
692.0,137.0,49.0,153.0
691.0,137.0,49.0,153.0
689.0,135.0,49.0,153.0
687.0,135.0,49.0,153.0
686.0,135.0,49.0,153.0
685.0,135.0,49.0,153.0
683.0,135.0,49.0,153.0
681.0,135.0,49.0,153.0
679.0,135.0,49.0,153.0
678.0,135.0,49.0,153.0
675.0,135.0,49.0,153.0
674.0,135.0,48.0,153.0
671.0,135.0,48.0,153.0
670.0,135.0,48.0,153.0
668.0,135.0,48.0,153.0
666.0,134.0,49.0,153.0
663.0,133.0,49.0,153.0
662.0,133.0,49.0,153.0
659.0,133.0,49.0,153.0
658.0,131.0,49.0,153.0
655.0,131.0,49.0,153.0
654.0,131.0,49.0,153.0
651.0,129.0,49.0,153.0
650.0,129.0,49.0,153.0
647.0,129.0,49.0,153.0
646.0,129.0,49.0,153.0
645.0,131.0,49.0,153.0
643.0,131.0,49.0,153.0
640.0,131.0,49.0,153.0
639.0,133.0,49.0,153.0
636.0,133.0,49.0,153.0
633.0,132.0,49.0,153.0
630.0,132.0,49.0,153.0
628.0,132.0,49.0,153.0
625.0,133.0,49.0,153.0
624.0,133.0,49.0,153.0
621.0,132.0,49.0,153.0
619.0,131.0,49.0,153.0
616.0,132.0,49.0,153.0
615.0,132.0,49.0,153.0
612.0,132.0,49.0,153.0
609.0,132.0,49.0,153.0
606.0,132.0,49.0,153.0
605.0,132.0,49.0,153.0
602.0,134.0,49.0,153.0
601.0,134.0,49.0,153.0
598.0,134.0,49.0,153.0
597.0,135.0,49.0,153.0
594.0,136.0,49.0,153.0
593.0,136.0,49.0,153.0
590.0,136.0,49.0,153.0
587.0,136.0,49.0,153.0
584.0,134.0,49.0,153.0
583.0,134.0,49.0,153.0
580.0,134.0,49.0,153.0
577.0,132.0,49.0,153.0
574.0,132.0,49.0,153.0
573.0,132.0,49.0,153.0
570.0,132.0,49.0,153.0
569.0,132.0,49.0,153.0
566.0,132.0,49.0,153.0
565.0,134.0,49.0,153.0
562.0,134.0,49.0,153.0
560.0,134.0,49.0,153.0
557.0,136.0,49.0,153.0
554.0,136.0,49.0,153.0
552.0,136.0,49.0,153.0
550.0,136.0,49.0,153.0
548.0,136.0,49.0,153.0
546.0,136.0,49.0,153.0
543.0,136.0,49.0,153.0
542.0,136.0,49.0,153.0
539.0,136.0,49.0,153.0
538.0,136.0,49.0,153.0
536.0,136.0,49.0,153.0
534.0,136.0,49.0,153.0
532.0,136.0,49.0,153.0
531.0,136.0,49.0,153.0
530.0,136.0,49.0,153.0
531.0,136.0,49.0,153.0
530.0,136.0,49.0,153.0
530.0,136.0,49.0,153.0
530.0,136.0,49.0,153.0
531.0,136.0,49.0,153.0
532.0,136.0,49.0,153.0
533.0,136.0,49.0,153.0
534.0,136.0,49.0,153.0
535.0,134.0,49.0,153.0
537.0,132.0,49.0,153.0
538.0,132.0,49.0,153.0
539.0,130.0,49.0,153.0
542.0,130.0,49.0,153.0
543.0,130.0,49.0,153.0
546.0,128.0,49.0,153.0
548.0,127.0,49.0,153.0
140.0,34.0,7.0,27.0
548.0,117.0,50.0,156.0
551.0,117.0,50.0,156.0
554.0,117.0,50.0,156.0
557.0,117.0,50.0,156.0
560.0,117.0,50.0,156.0
563.0,117.0,50.0,156.0
566.0,117.0,50.0,156.0
567.0,117.0,50.0,156.0
570.0,117.0,50.0,156.0
571.0,117.0,50.0,156.0
574.0,115.0,50.0,156.0
575.0,115.0,50.0,156.0
578.0,113.0,51.0,155.0
579.0,113.0,51.0,154.0
582.0,112.0,51.0,153.0
583.0,111.0,51.0,153.0
586.0,111.0,51.0,153.0
587.0,109.0,51.0,153.0
590.0,109.0,51.0,153.0
592.0,109.0,51.0,153.0
595.0,109.0,51.0,153.0
597.0,109.0,51.0,153.0
599.0,109.0,51.0,153.0
601.0,109.0,51.0,153.0
604.0,109.0,51.0,153.0
606.0,109.0,50.0,153.0
609.0,109.0,50.0,153.0
610.0,109.0,50.0,153.0
611.0,107.0,50.0,153.0
612.0,106.0,50.0,153.0
614.0,106.0,50.0,153.0
616.0,105.0,50.0,153.0
617.0,105.0,50.0,153.0
618.0,104.0,50.0,153.0
621.0,103.0,50.0,153.0
622.0,102.0,50.0,153.0
625.0,102.0,50.0,153.0
626.0,101.0,50.0,153.0
627.0,101.0,50.0,153.0
628.0,101.0,50.0,153.0
628.0,101.0,50.0,153.0
629.0,101.0,50.0,153.0
630.0,101.0,50.0,153.0
629.0,100.0,50.0,153.0
630.0,100.0,50.0,153.0
629.0,99.0,50.0,153.0
628.0,98.0,50.0,153.0
627.0,97.0,50.0,153.0
628.0,97.0,50.0,153.0
627.0,96.0,50.0,153.0
626.0,95.0,50.0,153.0
625.0,94.0,50.0,153.0
624.0,94.0,50.0,153.0
624.0,94.0,50.0,153.0
623.0,94.0,50.0,153.0
622.0,94.0,50.0,153.0
622.0,94.0,50.0,153.0
621.0,94.0,50.0,153.0
621.0,94.0,50.0,153.0
620.0,94.0,50.0,153.0
620.0,94.0,50.0,153.0
620.0,94.0,50.0,153.0
620.0,92.0,50.0,153.0
620.0,92.0,50.0,153.0
621.0,91.0,50.0,153.0
620.0,91.0,50.0,153.0
621.0,90.0,50.0,153.0
620.0,89.0,50.0,153.0
620.0,89.0,50.0,153.0
620.0,88.0,50.0,153.0
621.0,88.0,50.0,153.0
622.0,86.0,50.0,153.0
623.0,86.0,50.0,153.0
624.0,85.0,50.0,153.0
625.0,85.0,50.0,153.0
626.0,85.0,50.0,153.0
627.0,85.0,50.0,153.0
628.0,85.0,50.0,153.0
631.0,85.0,50.0,153.0
632.0,85.0,50.0,153.0
633.0,85.0,50.0,153.0
634.0,85.0,50.0,153.0
635.0,84.0,50.0,153.0
635.0,83.0,50.0,153.0
638.0,83.0,50.0,153.0
639.0,81.0,50.0,153.0
641.0,81.0,50.0,153.0
642.0,81.0,50.0,153.0
642.0,79.0,50.0,153.0
643.0,79.0,50.0,153.0
644.0,79.0,50.0,153.0
644.0,79.0,50.0,153.0
645.0,79.0,50.0,153.0
644.0,79.0,50.0,153.0
645.0,81.0,50.0,153.0
644.0,80.0,50.0,153.0
645.0,80.0,50.0,153.0
644.0,80.0,50.0,153.0
645.0,80.0,50.0,153.0
644.0,80.0,50.0,153.0
643.0,79.0,50.0,153.0
642.0,79.0,50.0,153.0
643.0,79.0,50.0,153.0
642.0,77.0,50.0,153.0
641.0,77.0,50.0,153.0
640.0,75.0,50.0,153.0
641.0,75.0,50.0,153.0
640.0,74.0,50.0,153.0
639.0,74.0,50.0,153.0
638.0,74.0,50.0,153.0
637.0,74.0,50.0,153.0
636.0,75.0,50.0,153.0
637.0,76.0,50.0,153.0
636.0,76.0,50.0,153.0
635.0,76.0,50.0,153.0
634.0,76.0,50.0,153.0
633.0,76.0,50.0,153.0
632.0,76.0,50.0,153.0
632.0,76.0,50.0,153.0
632.0,76.0,50.0,153.0
631.0,74.0,50.0,153.0
630.0,74.0,50.0,153.0
629.0,74.0,50.0,153.0
628.0,73.0,50.0,153.0
629.0,72.0,50.0,153.0
628.0,72.0,50.0,153.0
628.0,74.0,50.0,153.0
628.0,74.0,50.0,153.0
628.0,74.0,50.0,153.0
627.0,74.0,50.0,153.0
628.0,75.0,50.0,153.0
627.0,75.0,50.0,153.0
627.0,76.0,50.0,153.0
626.0,76.0,50.0,153.0
627.0,77.0,50.0,153.0
626.0,76.0,50.0,154.0
627.0,76.0,50.0,154.0
626.0,75.0,50.0,154.0
627.0,75.0,50.0,154.0
626.0,74.0,50.0,154.0
627.0,74.0,50.0,154.0
626.0,74.0,50.0,154.0
627.0,74.0,50.0,154.0
626.0,74.0,50.0,154.0
627.0,74.0,50.0,154.0
626.0,74.0,50.0,154.0
627.0,74.0,50.0,154.0
626.0,76.0,50.0,154.0
626.0,76.0,50.0,154.0
625.0,76.0,50.0,154.0
626.0,78.0,50.0,154.0
625.0,78.0,50.0,154.0
625.0,77.0,50.0,154.0
624.0,77.0,50.0,154.0
624.0,77.0,50.0,154.0
624.0,77.0,50.0,154.0
624.0,77.0,50.0,154.0
624.0,75.0,50.0,154.0
624.0,75.0,50.0,154.0
624.0,75.0,50.0,154.0
625.0,75.0,50.0,154.0
624.0,75.0,50.0,154.0
625.0,75.0,50.0,154.0
625.0,75.0,50.0,154.0
626.0,77.0,50.0,154.0
626.0,77.0,50.0,154.0
626.0,78.0,50.0,154.0
627.0,79.0,50.0,154.0
629.0,80.0,50.0,154.0
630.0,80.0,50.0,154.0
631.0,81.0,50.0,154.0
632.0,81.0,50.0,154.0
634.0,82.0,50.0,154.0
635.0,82.0,50.0,154.0
636.0,82.0,50.0,154.0
637.0,82.0,50.0,154.0
638.0,83.0,50.0,154.0
639.0,83.0,50.0,154.0
640.0,83.0,50.0,154.0
641.0,83.0,50.0,154.0
644.0,83.0,50.0,154.0
645.0,85.0,50.0,154.0
646.0,87.0,50.0,154.0
647.0,87.0,50.0,154.0
649.0,87.0,50.0,155.0
650.0,88.0,51.0,155.0
651.0,89.0,51.0,155.0
652.0,90.0,51.0,155.0
654.0,92.0,51.0,155.0
655.0,93.0,51.0,155.0
658.0,93.0,51.0,155.0
659.0,93.0,51.0,155.0
662.0,93.0,51.0,155.0
663.0,93.0,51.0,155.0
666.0,93.0,51.0,155.0
669.0,93.0,50.0,155.0
670.0,95.0,50.0,155.0
673.0,95.0,50.0,155.0
676.0,95.0,50.0,155.0
677.0,96.0,50.0,155.0
680.0,98.0,50.0,155.0
681.0,99.0,51.0,155.0
681.0,99.0,52.0,154.0
682.0,99.0,53.0,154.0
685.0,101.0,52.0,154.0
687.0,101.0,52.0,154.0
690.0,102.0,52.0,154.0
692.0,103.0,52.0,154.0
697.0,103.0,52.0,154.0
700.0,105.0,52.0,154.0
705.0,105.0,52.0,154.0
708.0,107.0,52.0,154.0
711.0,107.0,52.0,154.0
714.0,109.0,52.0,154.0
719.0,110.0,52.0,154.0
722.0,112.0,52.0,154.0
725.0,114.0,52.0,154.0
728.0,114.0,52.0,154.0
733.0,116.0,52.0,154.0
736.0,116.0,52.0,154.0
739.0,118.0,52.0,154.0
742.0,118.0,52.0,154.0
745.0,118.0,52.0,154.0
746.0,119.0,52.0,154.0
193.0,31.0,9.0,25.0
761.0,104.0,56.0,145.0
764.0,106.0,56.0,145.0
767.0,106.0,56.0,145.0
771.0,106.0,56.0,145.0
774.0,108.0,56.0,145.0
775.0,108.0,55.0,145.0
778.0,108.0,55.0,145.0
779.0,107.0,55.0,145.0
778.0,106.0,55.0,145.0
776.0,106.0,56.0,145.0
775.0,106.0,56.0,145.0
772.0,106.0,56.0,145.0
768.0,106.0,56.0,145.0
763.0,106.0,56.0,145.0
758.0,106.0,56.0,145.0
754.0,107.0,56.0,145.0
749.0,107.0,56.0,145.0
742.0,107.0,56.0,145.0
737.0,107.0,56.0,145.0
730.0,106.0,57.0,146.0
722.0,105.0,57.0,146.0
715.0,104.0,57.0,146.0
708.0,103.0,57.0,146.0
699.0,103.0,57.0,146.0
690.0,102.0,57.0,146.0
681.0,102.0,57.0,146.0
672.0,100.0,57.0,146.0
663.0,100.0,57.0,146.0
653.0,102.0,57.0,145.0
642.0,102.0,57.0,145.0
633.0,102.0,57.0,145.0
624.0,102.0,57.0,145.0
615.0,104.0,57.0,145.0
606.0,104.0,57.0,145.0
597.0,104.0,57.0,145.0
589.0,104.0,57.0,145.0
582.0,104.0,57.0,145.0
575.0,106.0,56.0,144.0
569.0,106.0,56.0,144.0
563.0,106.0,56.0,144.0
560.0,106.0,56.0,144.0
555.0,106.0,56.0,144.0
553.0,106.0,56.0,144.0
550.0,105.0,56.0,144.0
549.0,105.0,56.0,144.0
548.0,105.0,56.0,144.0
549.0,107.0,56.0,144.0
550.0,107.0,56.0,145.0
553.0,108.0,56.0,145.0
555.0,109.0,56.0,146.0
558.0,109.0,56.0,146.0
560.0,109.0,56.0,146.0
563.0,111.0,56.0,146.0
565.0,111.0,56.0,146.0
569.0,111.0,56.0,146.0
573.0,111.0,56.0,146.0
576.0,111.0,56.0,146.0
579.0,111.0,56.0,146.0
582.0,110.0,56.0,146.0
586.0,109.0,56.0,146.0
589.0,109.0,56.0,146.0
592.0,109.0,56.0,146.0
596.0,109.0,56.0,146.0
598.0,109.0,56.0,146.0
600.0,108.0,56.0,146.0
603.0,108.0,56.0,146.0
607.0,108.0,56.0,146.0
610.0,108.0,56.0,146.0
615.0,108.0,56.0,146.0
618.0,108.0,56.0,146.0
621.0,108.0,56.0,146.0
624.0,108.0,56.0,146.0
627.0,108.0,56.0,146.0
630.0,107.0,56.0,146.0
632.0,106.0,56.0,146.0
633.0,105.0,56.0,146.0
636.0,105.0,56.0,146.0
635.0,103.0,56.0,146.0
636.0,103.0,56.0,146.0
635.0,101.0,56.0,146.0
634.0,101.0,56.0,146.0
633.0,99.0,56.0,146.0
632.0,98.0,56.0,146.0
629.0,97.0,56.0,146.0
628.0,97.0,56.0,146.0
625.0,96.0,56.0,146.0
624.0,96.0,56.0,146.0
621.0,96.0,56.0,146.0
620.0,95.0,56.0,146.0
617.0,95.0,56.0,146.0
616.0,95.0,56.0,146.0
613.0,95.0,56.0,146.0
610.0,93.0,56.0,146.0
607.0,92.0,56.0,146.0
604.0,91.0,56.0,146.0
600.0,90.0,56.0,146.0
597.0,88.0,56.0,146.0
593.0,87.0,56.0,146.0
589.0,86.0,56.0,146.0
587.0,85.0,56.0,146.0
584.0,84.0,55.0,146.0
581.0,84.0,55.0,146.0
578.0,84.0,55.0,146.0
576.0,84.0,55.0,146.0
575.0,84.0,55.0,146.0
574.0,84.0,55.0,146.0
572.0,84.0,55.0,146.0
571.0,84.0,55.0,146.0
572.0,84.0,55.0,146.0
573.0,82.0,55.0,146.0
574.0,82.0,55.0,146.0
573.0,80.0,55.0,146.0
574.0,78.0,55.0,146.0
575.0,78.0,55.0,146.0
576.0,76.0,55.0,146.0
575.0,74.0,55.0,146.0
576.0,73.0,55.0,146.0
576.0,71.0,55.0,146.0
576.0,70.0,55.0,146.0
575.0,70.0,55.0,146.0
576.0,68.0,55.0,146.0
575.0,68.0,55.0,146.0
575.0,68.0,55.0,146.0
574.0,66.0,55.0,146.0
575.0,66.0,55.0,146.0
574.0,66.0,55.0,146.0
575.0,64.0,55.0,146.0
575.0,62.0,55.0,146.0
576.0,62.0,55.0,146.0
576.0,60.0,55.0,146.0
577.0,58.0,55.0,146.0
578.0,58.0,55.0,146.0
579.0,56.0,55.0,146.0
580.0,54.0,55.0,146.0
583.0,53.0,55.0,146.0
584.0,52.0,55.0,146.0
585.0,51.0,55.0,146.0
586.0,51.0,55.0,146.0
588.0,51.0,55.0,146.0
589.0,51.0,55.0,146.0
591.0,50.0,55.0,146.0
592.0,49.0,55.0,146.0
592.0,49.0,55.0,146.0
593.0,47.0,55.0,146.0
596.0,45.0,55.0,147.0
597.0,43.0,55.0,147.0
598.0,41.0,55.0,147.0
599.0,39.0,55.0,147.0
600.0,37.0,55.0,147.0
601.0,35.0,55.0,147.0
602.0,33.0,55.0,147.0
603.0,33.0,55.0,147.0
604.0,31.0,55.0,147.0
604.0,29.0,55.0,147.0
606.0,29.0,55.0,147.0
606.0,28.0,55.0,147.0
607.0,27.0,55.0,147.0
608.0,27.0,55.0,147.0
609.0,25.0,55.0,147.0
610.0,23.0,55.0,147.0
611.0,21.0,55.0,147.0
612.0,21.0,55.0,147.0
613.0,19.0,55.0,147.0
614.0,17.0,55.0,147.0
615.0,15.0,55.0,147.0
614.0,13.0,55.0,147.0
615.0,11.0,55.0,147.0
616.0,9.0,55.0,147.0
617.0,9.0,55.0,147.0
616.0,7.0,55.0,147.0
617.0,7.0,55.0,147.0
616.0,5.0,55.0,147.0
617.0,5.0,55.0,147.0
616.0,5.0,55.0,147.0
617.0,5.0,55.0,147.0
616.0,5.0,55.0,147.0
615.0,3.0,55.0,147.0
614.0,3.0,55.0,147.0
615.0,1.0,55.0,147.0
614.0,0.0,55.0,146.0
613.0,0.0,55.0,146.0
612.0,0.0,55.0,144.0
613.0,-0.0,55.0,144.0
612.0,-0.0,55.0,143.0
611.0,-0.0,55.0,143.0
610.0,-0.0,55.0,141.0
609.0,-0.0,55.0,141.0
607.0,-0.0,55.0,140.0
606.0,-0.0,55.0,140.0
605.0,-0.0,55.0,138.0
604.0,-0.0,55.0,138.0
603.0,-0.0,55.0,138.0
602.0,-0.0,55.0,138.0
601.0,-0.0,55.0,138.0
602.0,-0.0,55.0,138.0
602.0,-0.0,55.0,138.0
603.0,-0.0,55.0,137.0
603.0,-0.0,54.0,137.0
603.0,-0.0,54.0,135.0
604.0,-0.0,54.0,135.0
605.0,-0.0,54.0,135.0
604.0,-0.0,55.0,135.0
605.0,-0.0,55.0,135.0
606.0,-0.0,55.0,135.0
607.0,-0.0,55.0,135.0
608.0,-0.0,55.0,135.0
609.0,-0.0,55.0,135.0
610.0,-0.0,55.0,135.0
613.0,-0.0,55.0,135.0
614.0,-0.0,55.0,137.0
615.0,-0.0,55.0,137.0
616.0,-0.0,55.0,137.0
619.0,-0.0,55.0,137.0
620.0,-0.0,55.0,138.0
621.0,-0.0,55.0,138.0
623.0,-0.0,55.0,137.0
625.0,-0.0,55.0,137.0
626.0,-0.0,55.0,137.0
627.0,-0.0,55.0,137.0
628.0,-0.0,55.0,137.0
630.0,-0.0,55.0,137.0
631.0,-0.0,55.0,137.0
633.0,-0.0,55.0,137.0
634.0,-0.0,55.0,137.0
637.0,-0.0,55.0,137.0
638.0,-0.0,55.0,137.0
639.0,-0.0,55.0,138.0
640.0,-0.0,55.0,138.0
641.0,-0.0,55.0,140.0
642.0,-0.0,55.0,140.0
645.0,-0.0,55.0,140.0
646.0,-0.0,55.0,141.0
647.0,-0.0,55.0,141.0
648.0,-0.0,55.0,140.0
651.0,-0.0,55.0,140.0
652.0,-0.0,55.0,140.0
653.0,-0.0,55.0,140.0
167.0,-0.0,8.0,26.0
654.0,-0.0,54.0,122.0
655.0,-0.0,54.0,122.0
656.0,-0.0,53.0,124.0
658.0,-0.0,53.0,124.0
659.0,-0.0,52.0,124.0
660.0,-0.0,52.0,124.0
661.0,-0.0,52.0,125.0
664.0,-0.0,52.0,125.0
664.0,-0.0,52.0,127.0
666.0,-0.0,52.0,127.0
666.0,-0.0,52.0,127.0
668.0,-0.0,52.0,128.0
668.0,-0.0,52.0,128.0
668.0,-0.0,52.0,127.0
669.0,-0.0,52.0,127.0
670.0,-0.0,52.0,127.0
671.0,-0.0,52.0,127.0
672.0,-0.0,52.0,127.0
673.0,-0.0,52.0,127.0
674.0,-0.0,52.0,127.0
675.0,-0.0,52.0,127.0
678.0,-0.0,52.0,127.0
679.0,-0.0,52.0,128.0
680.0,-0.0,52.0,128.0
682.0,-0.0,52.0,130.0
683.0,-0.0,52.0,130.0
684.0,-0.0,52.0,130.0
687.0,-0.0,52.0,131.0
688.0,-0.0,52.0,131.0
689.0,-0.0,52.0,131.0
691.0,-0.0,52.0,131.0
693.0,-0.0,52.0,131.0
694.0,-0.0,52.0,131.0
697.0,-0.0,52.0,131.0
698.0,-0.0,52.0,131.0
701.0,-0.0,52.0,131.0
702.0,-0.0,52.0,131.0
705.0,-0.0,52.0,131.0
706.0,-0.0,52.0,131.0
709.0,-0.0,52.0,133.0
710.0,-0.0,52.0,133.0
711.0,-0.0,53.0,135.0
711.0,-0.0,53.0,136.0
713.0,-0.0,54.0,137.0
714.0,-0.0,54.0,139.0
715.0,0.0,54.0,139.0
716.0,0.0,54.0,139.0
719.0,0.0,54.0,139.0
720.0,0.0,54.0,139.0
721.0,0.0,54.0,139.0
720.0,0.0,54.0,139.0
721.0,0.0,54.0,139.0
721.0,0.0,54.0,139.0
721.0,0.0,54.0,139.0
721.0,0.0,54.0,139.0
722.0,1.0,54.0,140.0
721.0,1.0,54.0,140.0
721.0,1.0,54.0,142.0
720.0,1.0,54.0,142.0
721.0,1.0,54.0,143.0
719.0,1.0,54.0,143.0
720.0,2.0,54.0,144.0
719.0,2.0,54.0,144.0
718.0,2.0,54.0,144.0
716.0,2.0,54.0,144.0
716.0,2.0,54.0,143.0
713.0,1.0,54.0,143.0
713.0,1.0,54.0,143.0
711.0,1.0,54.0,142.0
710.0,1.0,54.0,142.0
709.0,1.0,54.0,142.0
708.0,1.0,54.0,143.0
707.0,1.0,54.0,143.0
706.0,1.0,54.0,143.0
705.0,1.0,54.0,143.0
704.0,2.0,54.0,144.0
703.0,2.0,54.0,144.0
702.0,4.0,54.0,144.0
700.0,4.0,54.0,144.0
701.0,6.0,54.0,144.0
698.0,6.0,54.0,144.0
699.0,6.0,54.0,144.0
698.0,7.0,54.0,144.0
697.0,7.0,54.0,144.0
696.0,7.0,54.0,144.0
695.0,7.0,54.0,144.0
694.0,7.0,54.0,144.0
695.0,7.0,54.0,144.0
692.0,7.0,54.0,144.0
693.0,8.0,54.0,144.0
692.0,8.0,54.0,144.0
692.0,10.0,54.0,144.0
690.0,10.0,54.0,144.0
689.0,10.0,54.0,144.0
688.0,12.0,54.0,144.0
687.0,12.0,54.0,144.0
685.0,12.0,54.0,144.0
684.0,12.0,54.0,144.0
681.0,12.0,54.0,144.0
680.0,12.0,54.0,144.0
677.0,12.0,54.0,144.0
676.0,12.0,54.0,144.0
673.0,12.0,54.0,144.0
670.0,13.0,54.0,144.0
667.0,14.0,54.0,144.0
665.0,15.0,54.0,144.0
662.0,15.0,54.0,144.0
659.0,16.0,54.0,144.0
655.0,18.0,54.0,144.0
652.0,18.0,54.0,144.0
647.0,20.0,54.0,144.0
644.0,20.0,54.0,144.0
639.0,21.0,54.0,144.0
634.0,21.0,54.0,144.0
629.0,22.0,54.0,144.0
626.0,23.0,54.0,144.0
622.0,23.0,54.0,144.0
619.0,23.0,54.0,144.0
616.0,25.0,54.0,144.0
613.0,25.0,54.0,144.0
610.0,27.0,54.0,144.0
609.0,29.0,54.0,144.0
608.0,29.0,54.0,144.0
607.0,31.0,54.0,144.0
606.0,33.0,54.0,144.0
605.0,33.0,54.0,144.0
604.0,35.0,54.0,144.0
605.0,37.0,54.0,144.0
604.0,37.0,54.0,144.0
605.0,38.0,54.0,144.0
606.0,38.0,54.0,144.0
607.0,38.0,54.0,144.0
607.0,38.0,54.0,144.0
609.0,38.0,54.0,144.0
610.0,38.0,54.0,144.0
611.0,38.0,54.0,144.0
612.0,40.0,54.0,144.0
613.0,42.0,54.0,144.0
615.0,44.0,54.0,144.0
617.0,45.0,54.0,144.0
618.0,45.0,54.0,144.0
619.0,47.0,54.0,144.0
620.0,49.0,54.0,144.0
621.0,51.0,54.0,144.0
622.0,51.0,54.0,144.0
623.0,53.0,54.0,144.0
623.0,54.0,54.0,144.0
624.0,55.0,54.0,144.0
624.0,56.0,54.0,144.0
625.0,56.0,54.0,144.0
626.0,56.0,54.0,144.0
627.0,58.0,54.0,144.0
628.0,58.0,54.0,144.0
629.0,60.0,54.0,144.0
630.0,62.0,54.0,144.0
631.0,64.0,54.0,145.0
633.0,64.0,54.0,145.0
634.0,66.0,54.0,146.0
635.0,68.0,54.0,146.0
636.0,70.0,54.0,146.0
637.0,70.0,54.0,146.0
638.0,71.0,54.0,146.0
639.0,71.0,54.0,146.0
640.0,73.0,54.0,146.0
641.0,73.0,54.0,146.0
642.0,73.0,54.0,146.0
643.0,73.0,54.0,146.0
645.0,73.0,54.0,146.0
646.0,74.0,54.0,146.0
647.0,76.0,54.0,146.0
648.0,78.0,54.0,146.0
651.0,78.0,54.0,146.0
652.0,80.0,54.0,146.0
653.0,82.0,54.0,146.0
653.0,83.0,54.0,146.0
654.0,85.0,54.0,146.0
653.0,87.0,54.0,146.0
654.0,88.0,54.0,146.0
655.0,90.0,54.0,146.0
656.0,90.0,54.0,146.0
655.0,92.0,54.0,146.0
656.0,93.0,54.0,146.0
655.0,94.0,54.0,146.0
657.0,96.0,54.0,146.0
656.0,96.0,54.0,146.0
657.0,98.0,54.0,146.0
658.0,100.0,54.0,146.0
659.0,101.0,54.0,146.0
659.0,104.0,54.0,146.0
660.0,106.0,54.0,146.0
659.0,106.0,54.0,146.0
659.0,108.0,54.0,146.0
658.0,110.0,54.0,146.0
657.0,111.0,54.0,146.0
654.0,111.0,54.0,146.0
653.0,113.0,54.0,146.0
651.0,114.0,54.0,146.0
649.0,114.0,54.0,146.0
646.0,114.0,54.0,146.0
643.0,114.0,54.0,146.0
640.0,114.0,54.0,146.0
639.0,115.0,54.0,146.0
636.0,116.0,54.0,146.0
632.0,118.0,54.0,146.0
629.0,118.0,54.0,146.0
628.0,119.0,54.0,146.0
625.0,121.0,54.0,146.0
622.0,123.0,54.0,146.0
619.0,123.0,54.0,146.0
616.0,125.0,54.0,146.0
613.0,125.0,54.0,146.0
610.0,126.0,54.0,146.0
607.0,126.0,54.0,146.0
605.0,126.0,54.0,146.0
602.0,126.0,54.0,146.0
599.0,126.0,54.0,146.0
597.0,126.0,54.0,146.0
596.0,126.0,54.0,146.0
593.0,127.0,54.0,146.0
594.0,128.0,54.0,146.0
593.0,129.0,54.0,146.0
593.0,129.0,54.0,146.0
592.0,130.0,54.0,146.0
593.0,130.0,54.0,146.0
592.0,131.0,54.0,146.0
592.0,131.0,54.0,146.0
591.0,131.0,54.0,146.0
590.0,131.0,54.0,146.0
589.0,131.0,54.0,146.0
150.0,31.0,8.0,30.0
592.0,102.0,49.0,161.0
591.0,103.0,49.0,161.0
592.0,102.0,49.0,161.0
591.0,101.0,49.0,161.0
592.0,101.0,49.0,161.0
591.0,102.0,49.0,161.0
590.0,103.0,49.0,161.0
589.0,102.0,49.0,161.0
589.0,103.0,49.0,161.0
589.0,104.0,49.0,161.0
588.0,105.0,49.0,161.0
587.0,105.0,49.0,161.0
585.0,105.0,49.0,161.0
584.0,104.0,49.0,161.0
583.0,105.0,49.0,161.0
580.0,104.0,49.0,161.0
579.0,105.0,49.0,161.0
578.0,104.0,49.0,161.0
577.0,103.0,49.0,161.0
575.0,103.0,49.0,161.0
575.0,103.0,49.0,161.0
573.0,102.0,49.0,161.0
573.0,103.0,49.0,161.0
572.0,102.0,49.0,161.0
571.0,105.0,49.0,161.0
570.0,104.0,49.0,161.0
569.0,105.0,49.0,161.0
568.0,106.0,49.0,161.0
567.0,107.0,49.0,161.0
566.0,106.0,49.0,161.0
565.0,106.0,49.0,161.0
564.0,106.0,49.0,161.0
563.0,106.0,49.0,161.0
560.0,105.0,49.0,161.0
559.0,104.0,49.0,161.0
558.0,103.0,49.0,161.0
559.0,104.0,49.0,161.0
558.0,103.0,49.0,161.0
557.0,104.0,49.0,161.0
558.0,103.0,49.0,161.0
557.0,105.0,49.0,161.0
558.0,105.0,49.0,161.0
559.0,106.0,49.0,161.0
558.0,107.0,49.0,161.0
559.0,108.0,49.0,161.0
558.0,109.0,49.0,161.0
558.0,110.0,49.0,161.0
557.0,109.0,49.0,161.0
557.0,110.0,49.0,161.0
556.0,109.0,49.0,161.0
557.0,110.0,49.0,161.0
556.0,109.0,49.0,161.0
555.0,108.0,49.0,161.0
554.0,107.0,49.0,161.0
555.0,108.0,49.0,161.0
554.0,110.0,49.0,161.0
555.0,112.0,49.0,161.0
554.0,112.0,49.0,161.0
555.0,114.0,49.0,161.0
554.0,116.0,49.0,161.0
553.0,117.0,49.0,161.0
552.0,118.0,49.0,161.0
553.0,120.0,49.0,161.0
552.0,119.0,49.0,161.0
551.0,120.0,49.0,161.0
550.0,121.0,49.0,161.0
551.0,122.0,49.0,161.0
550.0,121.0,49.0,161.0
551.0,123.0,49.0,161.0
550.0,123.0,49.0,161.0
551.0,123.0,49.0,161.0
552.0,124.0,49.0,161.0
552.0,127.0,49.0,161.0
553.0,129.0,49.0,161.0
554.0,130.0,49.0,161.0
554.0,131.0,49.0,161.0
554.0,134.0,49.0,161.0
555.0,135.0,49.0,161.0
556.0,138.0,49.0,161.0
556.0,139.0,49.0,161.0
556.0,142.0,49.0,161.0
555.0,143.0,49.0,161.0
556.0,144.0,49.0,161.0
555.0,146.0,49.0,161.0
554.0,148.0,49.0,161.0
553.0,149.0,49.0,161.0
554.0,150.0,49.0,161.0
553.0,151.0,49.0,161.0
552.0,152.0,49.0,161.0
551.0,153.0,49.0,161.0
550.0,154.0,49.0,161.0
548.0,155.0,49.0,161.0
549.0,156.0,49.0,161.0
548.0,157.0,49.0,161.0
547.0,160.0,49.0,161.0
545.0,161.0,49.0,161.0
544.0,164.0,49.0,161.0
543.0,165.0,49.0,161.0
542.0,168.0,49.0,161.0
541.0,169.0,49.0,161.0
540.0,172.0,49.0,161.0
539.0,172.0,49.0,161.0
538.0,174.0,49.0,161.0
535.0,173.0,50.0,161.0
534.0,174.0,50.0,161.0
531.0,175.0,50.0,161.0
530.0,176.0,50.0,161.0
527.0,175.0,50.0,161.0
528.0,178.0,50.0,161.0
527.0,178.0,50.0,161.0
526.0,180.0,50.0,161.0
525.0,180.0,50.0,161.0
525.0,182.0,50.0,161.0
524.0,183.0,50.0,161.0
523.0,184.0,50.0,161.0
522.0,186.0,50.0,161.0
523.0,189.0,50.0,161.0
522.0,190.0,50.0,161.0
521.0,192.0,50.0,161.0
520.0,193.0,50.0,161.0
519.0,194.0,50.0,161.0
516.0,195.0,50.0,161.0
514.0,197.0,50.0,161.0
513.0,196.0,50.0,161.0
512.0,197.0,50.0,161.0
509.0,197.0,50.0,161.0
508.0,198.0,50.0,161.0
506.0,197.0,50.0,161.0
504.0,198.0,50.0,161.0
502.0,197.0,50.0,161.0
501.0,199.0,50.0,161.0
500.0,200.0,50.0,161.0
498.0,201.0,51.0,161.0
495.0,202.0,51.0,160.0
494.0,203.0,52.0,160.0
492.0,204.0,52.0,160.0
491.0,205.0,52.0,160.0
488.0,204.0,52.0,160.0
487.0,205.0,52.0,160.0
486.0,204.0,52.0,160.0
483.0,204.0,52.0,160.0
480.0,205.0,52.0,160.0
478.0,205.0,52.0,160.0
475.0,204.0,52.0,160.0
473.0,203.0,52.0,160.0
470.0,202.0,52.0,160.0
469.0,201.0,52.0,160.0
466.0,200.0,52.0,160.0
465.0,200.0,52.0,160.0
462.0,199.0,52.0,160.0
461.0,200.0,52.0,160.0
458.0,199.0,52.0,160.0
457.0,200.0,52.0,160.0
454.0,199.0,52.0,160.0
452.0,200.0,52.0,160.0
449.0,199.0,52.0,160.0
447.0,198.0,52.0,160.0
444.0,197.0,52.0,160.0
442.0,198.0,52.0,160.0
440.0,197.0,52.0,160.0
439.0,195.0,52.0,160.0
438.0,192.0,52.0,160.0
439.0,191.0,52.0,160.0
439.0,189.0,52.0,160.0
440.0,186.0,52.0,160.0
442.0,185.0,52.0,160.0
446.0,185.0,52.0,160.0
447.0,184.0,52.0,160.0
450.0,183.0,52.0,160.0
451.0,182.0,53.0,160.0
454.0,180.0,53.0,160.0
455.0,179.0,53.0,160.0
458.0,178.0,53.0,160.0
459.0,175.0,53.0,160.0
460.0,174.0,53.0,160.0
460.0,173.0,53.0,160.0
460.0,171.0,53.0,160.0
459.0,168.0,53.0,160.0
458.0,167.0,53.0,160.0
456.0,164.0,52.0,161.0
454.0,163.0,52.0,161.0
451.0,162.0,52.0,161.0
450.0,161.0,52.0,161.0
447.0,160.0,52.0,161.0
444.0,160.0,52.0,161.0
441.0,159.0,52.0,161.0
439.0,159.0,52.0,161.0
435.0,159.0,52.0,161.0
431.0,158.0,52.0,161.0
428.0,157.0,52.0,161.0
425.0,157.0,52.0,161.0
421.0,157.0,52.0,161.0
417.0,155.0,52.0,161.0
414.0,154.0,52.0,161.0
411.0,154.0,52.0,161.0
100.0,41.0,11.0,29.0
100.0,40.0,11.0,29.0
99.0,40.0,11.0,29.0
98.0,40.0,11.0,29.0
97.0,40.0,11.0,29.0
97.0,41.0,11.0,29.0
96.0,40.0,11.0,29.0
95.0,40.0,11.0,29.0
94.0,40.0,11.0,28.0
92.0,40.0,11.0,28.0
91.0,39.0,11.0,28.0
90.0,39.0,11.0,28.0
89.0,39.0,11.0,28.0
88.0,38.0,11.0,28.0
87.0,38.0,12.0,28.0
86.0,37.0,12.0,28.0
86.0,37.0,12.0,28.0
85.0,36.0,12.0,28.0
84.0,36.0,12.0,28.0
83.0,36.0,12.0,28.0
82.0,36.0,12.0,28.0
80.0,36.0,12.0,28.0
79.0,36.0,12.0,28.0
78.0,36.0,12.0,29.0
77.0,36.0,12.0,29.0
75.0,36.0,12.0,29.0
74.0,36.0,12.0,30.0
73.0,36.0,12.0,30.0
72.0,36.0,12.0,30.0
70.0,36.0,12.0,30.0
69.0,36.0,12.0,30.0
68.0,35.0,12.0,30.0
67.0,35.0,12.0,30.0
66.0,35.0,12.0,30.0
65.0,34.0,12.0,30.0
64.0,34.0,12.0,31.0
63.0,34.0,12.0,31.0
61.0,34.0,12.0,31.0
60.0,33.0,12.0,31.0
59.0,33.0,13.0,31.0
58.0,33.0,13.0,31.0
56.0,33.0,14.0,31.0
55.0,33.0,14.0,31.0
54.0,33.0,14.0,31.0
53.0,33.0,15.0,31.0
52.0,32.0,15.0,31.0
51.0,32.0,15.0,31.0
50.0,31.0,15.0,31.0
49.0,31.0,15.0,31.0
48.0,31.0,15.0,31.0
47.0,31.0,15.0,31.0
46.0,31.0,15.0,31.0
45.0,30.0,15.0,31.0
44.0,30.0,15.0,31.0
42.0,30.0,15.0,31.0
41.0,30.0,15.0,31.0
40.0,30.0,15.0,31.0
