925.9053955078125, 213.47604370117188, 179.0, 339.0
924.5435180664062, 213.68142700195312, 179.0, 339.0
922.565185546875, 214.18124389648438, 179.0, 339.0
918.23974609375, 212.38072204589844, 182.5800018310547, 345.7799987792969
916.0463256835938, 214.5209197998047, 182.5800018310547, 345.7799987792969
911.07763671875, 211.36558532714844, 189.95620727539062, 359.7494812011719
906.0714111328125, 211.43618774414062, 193.75534057617188, 366.9444580078125
903.0599365234375, 209.1198272705078, 197.6304473876953, 374.2833557128906
903.0355834960938, 213.67617797851562, 193.75534057617188, 366.9444580078125
899.2474975585938, 211.7954864501953, 197.6304473876953, 374.2833557128906
895.7035522460938, 212.80043029785156, 197.6304473876953, 374.2833557128906
892.8606567382812, 213.00181579589844, 197.6304473876953, 374.2833557128906
890.5718994140625, 214.26756286621094, 197.6304473876953, 374.2833557128906
888.2103271484375, 214.2827911376953, 197.6304473876953, 374.2833557128906
886.6593627929688, 213.63230895996094, 197.6304473876953, 374.2833557128906
883.11376953125, 211.34877014160156, 201.5830535888672, 381.7690124511719
882.7117919921875, 211.4885711669922, 201.5830535888672, 381.7690124511719
882.6647338867188, 210.6453094482422, 201.5830535888672, 381.7690124511719
884.4733276367188, 213.66429138183594, 197.6304473876953, 374.2833557128906
883.1572265625, 213.3132781982422, 197.6304473876953, 374.2833557128906
882.3427734375, 211.8820343017578, 197.6304473876953, 374.2833557128906
883.7897338867188, 215.3927001953125, 193.75534057617188, 366.9444580078125
884.1246948242188, 216.1258544921875, 193.75534057617188, 366.9444580078125
885.6190795898438, 217.58204650878906, 189.95620727539062, 359.7494812011719
887.5997314453125, 218.90841674804688, 186.23158264160156, 352.695556640625
891.7650756835938, 225.3864288330078, 178.99998474121094, 338.9999694824219
892.294189453125, 226.0478057861328, 175.4901885986328, 332.3529357910156
893.7562866210938, 228.70233154296875, 172.0491943359375, 325.836181640625
894.7628173828125, 231.0458221435547, 168.67568969726562, 319.4472351074219
895.2933959960938, 233.54551696777344, 165.36831665039062, 313.1835632324219
895.7139892578125, 236.5086669921875, 162.12579345703125, 307.042724609375
896.4224243164062, 239.45413208007812, 158.9468536376953, 301.02227783203125
895.8680419921875, 239.9107666015625, 158.9468536376953, 301.02227783203125
893.0128173828125, 239.90609741210938, 158.9468536376953, 301.02227783203125
890.7448120117188, 241.7421875, 158.9468536376953, 301.02227783203125
886.0556030273438, 237.45541381835938, 165.36830139160156, 313.18353271484375
883.8591918945312, 238.22940063476562, 165.36830139160156, 313.18353271484375
879.1111450195312, 233.34646606445312, 172.0491485595703, 325.83612060546875
875.2919921875, 230.9165802001953, 175.49012756347656, 332.3528137207031
872.6531982421875, 228.93991088867188, 178.99993896484375, 338.9998779296875
870.3797607421875, 230.9334716796875, 178.99993896484375, 338.9998779296875
868.3118896484375, 229.4494171142578, 182.57992553710938, 345.7798767089844
867.3865356445312, 230.71788024902344, 182.57992553710938, 345.7798767089844
866.3837280273438, 231.9045867919922, 182.57992553710938, 345.7798767089844
862.9542236328125, 229.96026611328125, 186.2315216064453, 352.6954345703125
860.4458618164062, 231.10443115234375, 186.2315216064453, 352.6954345703125
857.4913330078125, 231.6505584716797, 189.95614624023438, 359.7493591308594
854.46044921875, 230.33209228515625, 193.75526428222656, 366.9443359375
851.3353881835938, 229.2545623779297, 197.63037109375, 374.2832336425781
851.8154296875, 234.35140991210938, 193.75526428222656, 366.9443359375
849.2276611328125, 233.9709014892578, 197.63037109375, 374.2832336425781
847.32373046875, 235.64015197753906, 197.63037109375, 374.2832336425781
847.1319580078125, 237.8356170654297, 197.63037109375, 374.2832336425781
849.9402465820312, 237.61985778808594, 197.63037109375, 374.2832336425781
850.2846069335938, 238.8569793701172, 197.63037109375, 374.2832336425781
851.49755859375, 237.9657440185547, 197.63037109375, 374.2832336425781
853.0618896484375, 237.30494689941406, 197.63037109375, 374.2832336425781
854.2113037109375, 236.7828826904297, 201.58299255371094, 381.7688903808594
855.43994140625, 239.4915008544922, 197.63037109375, 374.2832336425781
857.0164184570312, 239.20460510253906, 197.63037109375, 374.2832336425781
860.6347045898438, 241.06202697753906, 197.63037109375, 374.2832336425781
861.655029296875, 242.99368286132812, 193.75526428222656, 366.9443359375
865.7901000976562, 244.60739135742188, 193.75526428222656, 366.9443359375
867.3187866210938, 247.77552795410156, 189.95614624023438, 359.7493591308594
870.0779418945312, 251.58575439453125, 186.2315216064453, 352.6954345703125
874.2119750976562, 255.7247314453125, 182.5799102783203, 345.77984619140625
877.3427734375, 257.84832763671875, 178.99990844726562, 338.9998474121094
878.8345336914062, 258.4317626953125, 178.99990844726562, 338.9998474121094
879.7672119140625, 260.75518798828125, 178.99990844726562, 338.9998474121094
879.5609130859375, 261.87738037109375, 178.99990844726562, 338.9998474121094
881.9617919921875, 266.746337890625, 175.4901123046875, 332.352783203125
881.252197265625, 267.5238952636719, 175.4901123046875, 332.352783203125
880.9500732421875, 267.8641052246094, 175.4901123046875, 332.352783203125
879.904296875, 264.74066162109375, 178.99990844726562, 338.9998474121094
880.20068359375, 266.7785339355469, 175.4901123046875, 332.352783203125
878.4689331054688, 264.4202880859375, 178.99990844726562, 338.9998474121094
878.1392822265625, 264.7978515625, 178.99990844726562, 338.9998474121094
878.1381225585938, 264.89703369140625, 178.99990844726562, 338.9998474121094
878.507080078125, 265.6668701171875, 178.99990844726562, 338.9998474121094
877.9931640625, 265.7156982421875, 178.99990844726562, 338.9998474121094
878.8128051757812, 266.74725341796875, 178.99990844726562, 338.9998474121094
878.7688598632812, 267.7056884765625, 178.99990844726562, 338.9998474121094
879.3441162109375, 269.42779541015625, 178.99990844726562, 338.9998474121094
880.5095825195312, 271.33673095703125, 178.99990844726562, 338.9998474121094
879.2896728515625, 272.6190185546875, 178.99990844726562, 338.9998474121094
880.66015625, 275.43768310546875, 178.99990844726562, 338.9998474121094
880.3391723632812, 277.99542236328125, 178.99990844726562, 338.9998474121094
882.06591796875, 280.5413818359375, 178.99990844726562, 338.9998474121094
882.1250610351562, 282.498291015625, 178.99990844726562, 338.9998474121094
884.1270141601562, 284.956787109375, 178.99990844726562, 338.9998474121094
885.3397827148438, 287.1220703125, 178.99990844726562, 338.9998474121094
887.7112426757812, 288.4017333984375, 178.99990844726562, 338.9998474121094
886.990478515625, 285.6203308105469, 182.5799102783203, 345.77984619140625
888.0333862304688, 286.710205078125, 182.5799102783203, 345.77984619140625
890.6455078125, 286.745849609375, 182.5799102783203, 345.77984619140625
894.7352294921875, 286.901123046875, 182.5799102783203, 345.77984619140625
897.0562744140625, 287.02801513671875, 182.5799102783203, 345.77984619140625
901.6422119140625, 290.3729248046875, 178.99990844726562, 338.9998474121094
905.1630249023438, 290.697509765625, 178.99990844726562, 338.9998474121094
908.8432006835938, 290.52679443359375, 178.99990844726562, 338.9998474121094
911.4091796875, 294.4803161621094, 175.4901123046875, 332.352783203125
912.9756469726562, 292.53826904296875, 178.99990844726562, 338.9998474121094
914.4841918945312, 296.62689208984375, 175.4901123046875, 332.352783203125
918.3008422851562, 297.99383544921875, 175.4901123046875, 332.352783203125
918.375732421875, 299.0376892089844, 175.4901123046875, 332.352783203125
921.124267578125, 303.29742431640625, 172.0491180419922, 325.8360595703125
922.5472412109375, 304.6813659667969, 172.0491180419922, 325.8360595703125
925.2272338867188, 309.2049560546875, 168.6756134033203, 319.4471130371094
926.1535034179688, 309.8826904296875, 168.6756134033203, 319.4471130371094
925.4498291015625, 309.66339111328125, 168.6756134033203, 319.4471130371094
924.671875, 309.33197021484375, 168.6756134033203, 319.4471130371094
922.993408203125, 307.75628662109375, 168.6756134033203, 319.4471130371094
922.8134765625, 307.1241455078125, 168.6756134033203, 319.4471130371094
920.5383911132812, 304.23974609375, 172.0491180419922, 325.8360290527344
918.6648559570312, 304.67254638671875, 172.0491180419922, 325.8360290527344
917.7245483398438, 304.85687255859375, 172.0491180419922, 325.8360290527344
914.733642578125, 302.107666015625, 175.49009704589844, 332.3527526855469
912.7199096679688, 303.51251220703125, 175.49009704589844, 332.3527526855469
909.6941528320312, 301.517333984375, 178.99989318847656, 338.9997863769531
909.9760131835938, 304.4453125, 175.49009704589844, 332.3527526855469
909.6741333007812, 305.37310791015625, 175.49009704589844, 332.3527526855469
908.016845703125, 305.89404296875, 175.49009704589844, 332.3527526855469
908.8134765625, 309.03912353515625, 172.04910278320312, 325.83599853515625
908.2069702148438, 309.8890380859375, 172.04910278320312, 325.83599853515625
906.8154296875, 310.6402893066406, 172.04910278320312, 325.83599853515625
906.51904296875, 311.7215576171875, 172.04910278320312, 325.83599853515625
905.28857421875, 312.08123779296875, 172.04910278320312, 325.83599853515625
904.1343383789062, 312.64105224609375, 172.04910278320312, 325.83599853515625
903.8796997070312, 312.4018859863281, 172.04910278320312, 325.83599853515625
904.520751953125, 311.99700927734375, 172.04910278320312, 325.83599853515625
903.9251098632812, 310.4078369140625, 172.04910278320312, 325.83599853515625
904.4418334960938, 308.3913879394531, 172.04910278320312, 325.83599853515625
904.2030029296875, 306.28271484375, 172.04910278320312, 325.83599853515625
906.201416015625, 307.259521484375, 168.6755828857422, 319.4470520019531
907.1319580078125, 306.71014404296875, 168.6755828857422, 319.4470520019531
907.0719604492188, 303.884033203125, 168.6755828857422, 319.4470520019531
908.0850830078125, 305.6053466796875, 165.36822509765625, 313.1833801269531
908.76123046875, 305.5235595703125, 162.12570190429688, 307.04254150390625
909.2447509765625, 303.78265380859375, 162.12570190429688, 307.04254150390625
908.4354858398438, 305.32318115234375, 158.94676208496094, 301.0220947265625
909.8348999023438, 304.608154296875, 158.94676208496094, 301.0220947265625
907.0158081054688, 303.71246337890625, 158.94676208496094, 301.0220947265625
904.6170654296875, 303.465087890625, 158.94676208496094, 301.0220947265625
900.9849853515625, 300.65185546875, 162.1256866455078, 307.0425109863281
899.3377075195312, 303.08984375, 158.94674682617188, 301.0220642089844
897.0360717773438, 299.84246826171875, 162.1256866455078, 307.04248046875
893.1145629882812, 301.475341796875, 158.94674682617188, 301.0220642089844
890.52294921875, 298.6112365722656, 162.1256866455078, 307.04248046875
886.9849243164062, 296.866455078125, 162.1256866455078, 307.04248046875
883.19140625, 295.3653564453125, 162.1256866455078, 307.04248046875
877.5626831054688, 290.769775390625, 165.36819458007812, 313.1833190917969
871.780517578125, 285.89166259765625, 168.67555236816406, 319.4469909667969
869.2713012695312, 284.99884033203125, 168.67555236816406, 319.4469909667969
867.828125, 283.04705810546875, 168.67555236816406, 319.4469909667969
864.1049194335938, 281.0286865234375, 168.67555236816406, 319.4469909667969
862.885986328125, 279.0208740234375, 168.67555236816406, 319.4469909667969
859.7000732421875, 276.807373046875, 168.67555236816406, 319.4469909667969
858.3593139648438, 275.406982421875, 168.67555236816406, 319.4469909667969
857.0426635742188, 273.662841796875, 168.67555236816406, 319.4469909667969
855.7781982421875, 274.98492431640625, 165.36819458007812, 313.1833190917969
853.5453491210938, 273.83367919921875, 165.36819458007812, 313.1833190917969
853.5301513671875, 276.1650085449219, 162.12567138671875, 307.04248046875
850.5196533203125, 272.53704833984375, 165.36817932128906, 313.1833190917969
850.4585571289062, 274.6671142578125, 162.1256561279297, 307.0424499511719
849.7484741210938, 273.67877197265625, 162.1256561279297, 307.0424499511719
848.7046508789062, 272.19873046875, 162.1256561279297, 307.0424499511719
848.5039672851562, 271.8907470703125, 162.1256561279297, 307.0424499511719
848.2103271484375, 269.546875, 162.1256561279297, 307.0424499511719
847.5277709960938, 267.04095458984375, 162.1256561279297, 307.0424499511719
848.1243286132812, 266.0460205078125, 162.1256561279297, 307.0424499511719
847.44189453125, 261.65313720703125, 162.1256561279297, 307.0424499511719
847.67333984375, 260.00042724609375, 162.1256561279297, 307.0424499511719
847.4435424804688, 257.83636474609375, 162.1256561279297, 307.0424499511719
846.2028198242188, 256.32830810546875, 162.1256561279297, 307.0424499511719
845.4642944335938, 255.0656280517578, 162.1256561279297, 307.0424499511719
843.4452514648438, 254.2433319091797, 162.1256561279297, 307.0424499511719
841.466064453125, 249.50567626953125, 165.3681640625, 313.18328857421875
838.8701782226562, 247.88525390625, 165.3681640625, 313.18328857421875
837.5985717773438, 247.21258544921875, 165.3681640625, 313.18328857421875
836.0966796875, 246.76409912109375, 165.3681640625, 313.18328857421875
834.7410278320312, 244.9481201171875, 165.3681640625, 313.18328857421875
832.822509765625, 243.54562377929688, 165.3681640625, 313.18328857421875
831.5199584960938, 241.7926025390625, 165.3681640625, 313.18328857421875
829.0309448242188, 239.90591430664062, 165.3681640625, 313.18328857421875
826.5762939453125, 236.2424774169922, 168.67552185058594, 319.4469299316406
824.2852172851562, 234.1467742919922, 168.67552185058594, 319.4469299316406
822.06591796875, 230.6714324951172, 168.67552185058594, 319.4469299316406
822.4651489257812, 229.08607482910156, 165.3681640625, 313.1832580566406
821.6936645507812, 225.58407592773438, 162.1256561279297, 307.04241943359375
823.483154296875, 225.02374267578125, 155.8301239013672, 295.11962890625
823.2699584960938, 220.96109008789062, 152.77462768554688, 289.33294677734375
820.3031005859375, 217.72308349609375, 152.77462768554688, 289.33294677734375
821.2894287109375, 215.59120178222656, 149.77903747558594, 283.6597595214844
819.1273193359375, 212.4973907470703, 149.77903747558594, 283.6597595214844
819.39501953125, 211.6557159423828, 146.84219360351562, 278.0978088378906
819.5636596679688, 206.8011932373047, 146.84219360351562, 278.0978088378906
816.6649169921875, 203.6186981201172, 149.77903747558594, 283.6597595214844
814.9728393554688, 200.9117889404297, 149.77903747558594, 283.6597595214844
814.0462646484375, 199.5623321533203, 149.77903747558594, 283.6597595214844
813.3262939453125, 197.2333221435547, 149.77903747558594, 283.6597595214844
812.9691162109375, 196.4663848876953, 146.84219360351562, 278.0978088378906
811.4495849609375, 193.5939178466797, 149.77903747558594, 283.6597595214844
810.3969116210938, 192.3332977294922, 149.77903747558594, 283.6597595214844
809.3527221679688, 190.10765075683594, 149.77903747558594, 283.6597595214844
808.3668212890625, 189.82017517089844, 149.77903747558594, 283.6597595214844
808.4666748046875, 186.54624938964844, 149.77903747558594, 283.6597595214844
807.3159790039062, 182.49560546875, 152.77462768554688, 289.33294677734375
807.6161499023438, 180.16571044921875, 152.77462768554688, 289.33294677734375
807.5459594726562, 179.00247192382812, 152.77462768554688, 289.33294677734375
808.4447631835938, 176.28231811523438, 152.77462768554688, 289.33294677734375
808.8628540039062, 174.07269287109375, 152.77462768554688, 289.33294677734375
809.1688232421875, 171.94595336914062, 152.77462768554688, 289.33294677734375
809.4440307617188, 169.93588256835938, 152.77462768554688, 289.33294677734375
809.477294921875, 168.2408447265625, 152.77462768554688, 289.33294677734375
809.8494262695312, 167.21804809570312, 152.77462768554688, 289.33294677734375
809.7698364257812, 165.06790161132812, 152.77462768554688, 289.33294677734375
809.8336181640625, 163.75872802734375, 152.77462768554688, 289.33294677734375
809.8585815429688, 162.15554809570312, 152.77462768554688, 289.33294677734375
810.1580810546875, 161.23184204101562, 152.77462768554688, 289.33294677734375
809.5805053710938, 160.98489379882812, 152.77462768554688, 289.33294677734375
808.620361328125, 160.5196533203125, 152.77462768554688, 289.33294677734375
807.0191650390625, 160.9867706298828, 149.77903747558594, 283.6597595214844
806.2114868164062, 157.51431274414062, 152.77462768554688, 289.33294677734375
804.0018310546875, 155.55758666992188, 152.77462768554688, 289.33294677734375
802.827880859375, 154.53179931640625, 152.77462768554688, 289.33294677734375
804.4901733398438, 153.9347686767578, 146.8422088623047, 278.0978088378906
803.477294921875, 150.31478881835938, 149.779052734375, 283.6597900390625
804.15625, 150.36769104003906, 143.96295166015625, 272.6449279785156
803.4447021484375, 149.42604064941406, 143.96295166015625, 272.6449279785156
802.9822998046875, 147.56407165527344, 143.96295166015625, 272.6449279785156
802.1898193359375, 145.24928283691406, 143.96295166015625, 272.6449279785156
799.3363037109375, 143.2218780517578, 143.96295166015625, 272.6449279785156
798.673583984375, 143.3577117919922, 143.96295166015625, 272.6449279785156
798.2412109375, 142.5571746826172, 143.96295166015625, 272.6449279785156
796.7418212890625, 141.25672912597656, 143.96295166015625, 272.6449279785156
796.0460205078125, 139.1457061767578, 143.96295166015625, 272.6449279785156
794.5684814453125, 138.27442932128906, 143.96295166015625, 272.6449279785156
794.2664794921875, 137.5509490966797, 143.96295166015625, 272.6449279785156
793.737060546875, 137.04200744628906, 143.96295166015625, 272.6449279785156
793.5263671875, 135.8314666748047, 143.96295166015625, 272.6449279785156
792.747802734375, 133.9788055419922, 143.96295166015625, 272.6449279785156
792.213623046875, 133.2104034423828, 143.96295166015625, 272.6449279785156
791.9263916015625, 131.91416931152344, 143.96295166015625, 272.6449279785156
793.170166015625, 130.55287170410156, 143.96295166015625, 272.6449279785156
793.2982177734375, 127.70875549316406, 143.96295166015625, 272.6449279785156
795.3929443359375, 126.10980224609375, 141.14015197753906, 267.2989501953125
794.691162109375, 122.72999572753906, 143.96295166015625, 272.6449279785156
795.0006103515625, 120.37886047363281, 143.96295166015625, 272.6449279785156
794.923583984375, 119.63583374023438, 143.96295166015625, 272.6449279785156
793.4498291015625, 115.01768493652344, 146.8422088623047, 278.0978088378906
793.0431518554688, 113.65907287597656, 146.8422088623047, 278.0978088378906
792.1354370117188, 112.80258178710938, 146.8422088623047, 278.0978088378906
791.8764038085938, 111.34977722167969, 146.8422088623047, 278.0978088378906
791.1198120117188, 109.91169738769531, 146.8422088623047, 278.0978088378906
790.9019165039062, 109.32781982421875, 146.8422088623047, 278.0978088378906
791.3079833984375, 109.01046752929688, 143.96295166015625, 272.6449279785156
790.6978759765625, 107.30958557128906, 143.96295166015625, 272.6449279785156
789.725341796875, 106.05171203613281, 143.96295166015625, 272.6449279785156
788.3548583984375, 103.97319030761719, 143.96295166015625, 272.6449279785156
786.7608642578125, 103.05522155761719, 143.96295166015625, 272.6449279785156
787.4622192382812, 102.0181884765625, 141.14015197753906, 267.2989501953125
787.7824096679688, 100.80366516113281, 138.37269592285156, 262.05780029296875
788.068603515625, 99.0242919921875, 135.65951538085938, 256.9194030761719
787.1675415039062, 95.17852783203125, 135.65951538085938, 256.9194030761719
786.2774658203125, 92.87612915039062, 135.65951538085938, 256.9194030761719
783.166748046875, 88.58132934570312, 135.65951538085938, 256.9194030761719
783.9786987304688, 88.94357299804688, 132.99952697753906, 251.88177490234375
782.0081176757812, 86.74252319335938, 132.99952697753906, 251.88177490234375
780.7745361328125, 84.450927734375, 132.99952697753906, 251.88177490234375
779.0556640625, 82.2880859375, 132.99952697753906, 251.88177490234375
777.799072265625, 80.9302978515625, 132.99952697753906, 251.88177490234375
775.47998046875, 80.93594360351562, 132.99952697753906, 251.88177490234375
774.6930541992188, 80.56709289550781, 132.99952697753906, 251.88177490234375
773.4946899414062, 83.91461944580078, 130.39169311523438, 246.9429168701172
774.28466796875, 88.56979370117188, 127.8349838256836, 242.10089111328125
773.1693115234375, 95.32315063476562, 125.32842254638672, 237.35382080078125
773.492919921875, 104.02691650390625, 122.8709945678711, 232.6998291015625
772.1744995117188, 110.00434875488281, 122.8709945678711, 232.6998291015625
772.1691284179688, 118.81100463867188, 120.4617691040039, 228.1370849609375
771.1648559570312, 125.14520263671875, 120.4617691040039, 228.1370849609375
770.9127807617188, 135.32254028320312, 120.4617691040039, 228.1370849609375
771.5924072265625, 143.91000366210938, 115.78410339355469, 219.2782745361328
772.5955810546875, 149.60833740234375, 113.51382446289062, 214.97869873046875
773.011962890625, 154.64425659179688, 113.51382446289062, 214.97869873046875
774.2866821289062, 162.32272338867188, 111.2880630493164, 210.763427734375
773.0060424804688, 169.00662231445312, 113.51382446289062, 214.97869873046875
770.4428100585938, 174.46502685546875, 115.78410339355469, 219.2782745361328
770.3522338867188, 181.91583251953125, 111.2880630493164, 210.763427734375
772.5499877929688, 188.9886016845703, 109.10594940185547, 206.63082885742188
770.6690673828125, 195.55284118652344, 109.10594940185547, 206.63082885742188
769.3034057617188, 201.38095092773438, 111.2880630493164, 210.763427734375
768.4230346679688, 205.54843139648438, 111.2880630493164, 210.763427734375
766.2096557617188, 208.67599487304688, 111.2880630493164, 210.763427734375
767.5914916992188, 214.08677673339844, 109.10594940185547, 206.63082885742188
767.3824462890625, 220.62564086914062, 106.96662139892578, 202.57923889160156
766.8194580078125, 225.3416290283203, 109.10594940185547, 206.63082885742188
763.3633422851562, 230.24154663085938, 106.96662139892578, 202.57923889160156
764.4093627929688, 234.47970581054688, 106.96662139892578, 202.57923889160156
762.9454345703125, 238.33343505859375, 106.96662139892578, 202.57923889160156
760.1547241210938, 239.86119079589844, 109.10594940185547, 206.63082885742188
758.8377075195312, 244.5424346923828, 109.10594940185547, 206.63082885742188
758.0069580078125, 249.53817749023438, 106.96662139892578, 202.57923889160156
757.398681640625, 252.8533935546875, 106.96662139892578, 202.57923889160156
756.5919799804688, 256.0079650878906, 106.96662139892578, 202.57923889160156
754.5557861328125, 260.3675537109375, 106.96662139892578, 202.57923889160156
754.5653076171875, 265.59906005859375, 109.10594940185547, 206.63082885742188
752.1746215820312, 269.1014404296875, 109.10594940185547, 206.63082885742188
754.5813598632812, 276.64361572265625, 104.8692398071289, 198.60711669921875
752.225830078125, 279.67230224609375, 106.96662139892578, 202.57923889160156
753.9349365234375, 285.11273193359375, 104.86923217773438, 198.60708618164062
753.2298583984375, 290.9420166015625, 106.96660614013672, 202.5792236328125
753.2059936523438, 296.0849304199219, 104.86921691894531, 198.60707092285156
753.2406616210938, 299.787353515625, 104.86921691894531, 198.60707092285156
753.47900390625, 305.4113464355469, 104.86921691894531, 198.60707092285156
753.822509765625, 309.88104248046875, 104.86921691894531, 198.60707092285156
754.4052734375, 315.9254455566406, 104.86921691894531, 198.60707092285156
755.4924926757812, 321.4136047363281, 102.81295776367188, 194.7128143310547
756.831787109375, 326.9664001464844, 100.7970199584961, 190.89491271972656
757.0073852539062, 329.72064208984375, 100.7970199584961, 190.89491271972656
758.7103271484375, 335.16119384765625, 98.82061004638672, 187.15188598632812
759.7052001953125, 340.2910461425781, 100.7970199584961, 190.89491271972656
758.7586059570312, 344.1982116699219, 100.7970199584961, 190.89491271972656
758.9471435546875, 347.7207946777344, 100.7970199584961, 190.89491271972656
760.7389526367188, 353.79510498046875, 98.82061004638672, 187.15188598632812
761.5609130859375, 358.521240234375, 98.82061004638672, 187.15188598632812
763.315185546875, 364.783935546875, 98.82061004638672, 187.15188598632812
762.9891967773438, 370.4168701171875, 98.82061004638672, 187.15188598632812
763.1156005859375, 376.0712890625, 98.82061004638672, 187.15188598632812
762.5277709960938, 380.32769775390625, 98.82061004638672, 187.15188598632812
763.15478515625, 385.72674560546875, 98.82061004638672, 187.15188598632812
762.4575805664062, 392.2449645996094, 100.7970199584961, 190.89491271972656
761.0885009765625, 396.8940734863281, 100.7970199584961, 190.89491271972656
761.5392456054688, 403.5240478515625, 98.82061004638672, 187.15188598632812
763.52734375, 410.0251159667969, 96.88294982910156, 183.48223876953125
764.1781005859375, 415.99835205078125, 96.88294982910156, 183.48223876953125
762.59228515625, 420.86444091796875, 98.82061004638672, 187.15188598632812
761.0118408203125, 425.277099609375, 98.82061004638672, 187.15188598632812
760.4487915039062, 429.4095458984375, 100.7970199584961, 190.89491271972656
760.5272216796875, 434.0189208984375, 98.82061004638672, 187.15188598632812
759.321044921875, 436.7548828125, 100.7970199584961, 190.89491271972656
759.8777465820312, 442.95745849609375, 100.7970199584961, 190.89491271972656
760.250244140625, 449.6977844238281, 96.88294982910156, 183.48223876953125
762.1359252929688, 455.79498291015625, 94.98328399658203, 179.88453674316406
761.0087890625, 460.26275634765625, 94.98328399658203, 179.88453674316406
762.3013916015625, 464.3520812988281, 93.12085723876953, 176.3573760986328
762.5835571289062, 467.7423400878906, 93.12085723876953, 176.3573760986328
762.3892822265625, 469.2413635253906, 93.12085723876953, 176.3573760986328
763.5489501953125, 470.0179748535156, 93.12085723876953, 176.3573760986328
761.7830200195312, 469.3006591796875, 94.98326873779297, 179.884521484375
762.4862060546875, 469.30426025390625, 94.98326873779297, 179.884521484375
763.79541015625, 469.1817626953125, 94.98326873779297, 179.884521484375
764.3798828125, 470.6134338378906, 93.120849609375, 176.35736083984375
764.6629028320312, 468.38690185546875, 94.98326110839844, 179.88449096679688
765.5073852539062, 469.5482482910156, 93.12084197998047, 176.3573455810547
766.42138671875, 468.5372619628906, 93.12084197998047, 176.3573455810547
767.9052734375, 466.0379333496094, 93.12084197998047, 176.3573455810547
768.2903442382812, 465.3890075683594, 93.12084197998047, 176.3573455810547
769.3406372070312, 464.0794982910156, 93.12084197998047, 176.3573455810547
769.9899291992188, 463.0005798339844, 93.12084197998047, 176.3573455810547
769.7268676757812, 462.6794128417969, 93.12084197998047, 176.3573455810547
768.5047607421875, 460.4719543457031, 94.98324584960938, 179.8844757080078
769.1484375, 459.5963439941406, 94.98324584960938, 179.8844757080078
768.12109375, 457.263427734375, 96.88291931152344, 183.482177734375
768.2593383789062, 457.32757568359375, 96.88291931152344, 183.482177734375
768.3926391601562, 456.99176025390625, 96.88291931152344, 183.482177734375
767.5269165039062, 455.62554931640625, 98.8205795288086, 187.15182495117188
768.5363159179688, 457.0667724609375, 96.88291931152344, 183.482177734375
767.5557250976562, 455.03656005859375, 98.8205795288086, 187.15182495117188
767.0053100585938, 455.31622314453125, 98.8205795288086, 187.15182495117188
766.1554565429688, 455.03729248046875, 98.8205795288086, 187.15182495117188
765.7960815429688, 453.6092529296875, 98.8205795288086, 187.15182495117188
766.0875854492188, 454.0665283203125, 96.88291931152344, 183.482177734375
765.6185913085938, 453.08056640625, 96.88291931152344, 183.482177734375
764.95458984375, 451.73016357421875, 96.88291931152344, 183.482177734375
764.9450073242188, 449.4615478515625, 96.88291931152344, 183.482177734375
766.6112060546875, 450.7741394042969, 93.12084197998047, 176.3573455810547
766.2623291015625, 449.1423645019531, 93.12084197998047, 176.3573455810547
769.0176391601562, 450.23858642578125, 89.50484466552734, 169.50917053222656
767.8013916015625, 447.6436462402344, 91.29493713378906, 172.89935302734375
768.766357421875, 447.87445068359375, 89.50484466552734, 169.50917053222656
770.3011474609375, 448.83447265625, 87.74984741210938, 166.18545532226562
770.0982055664062, 448.17034912109375, 87.74984741210938, 166.18545532226562
773.0347900390625, 448.4865417480469, 86.02925872802734, 162.9269256591797
770.46484375, 446.96234130859375, 87.74984741210938, 166.18545532226562
772.8150634765625, 447.7350769042969, 86.02925872802734, 162.9269256591797
774.7756958007812, 448.45458984375, 84.34241485595703, 159.73228454589844
775.66845703125, 448.470703125, 84.34241485595703, 159.73228454589844
776.3475341796875, 448.4229736328125, 84.34241485595703, 159.73228454589844
776.9649047851562, 448.4638671875, 84.34241485595703, 159.73228454589844
777.6041259765625, 448.4097900390625, 84.34241485595703, 159.73228454589844
778.3119506835938, 447.1898498535156, 86.02925872802734, 162.9269256591797
780.1639404296875, 447.6265869140625, 84.34241485595703, 159.73228454589844
781.7182006835938, 446.6009521484375, 84.34241485595703, 159.73228454589844
782.43603515625, 444.6510314941406, 86.02925872802734, 162.9269256591797
785.1936645507812, 445.5154113769531, 82.68864440917969, 156.60028076171875
786.610107421875, 443.142578125, 84.34242248535156, 159.73228454589844
788.0531616210938, 443.2083740234375, 84.34242248535156, 159.73228454589844
788.8411865234375, 442.5933837890625, 84.34242248535156, 159.73228454589844
789.4465942382812, 442.541748046875, 84.34242248535156, 159.73228454589844
790.6446533203125, 441.98687744140625, 84.34242248535156, 159.73228454589844
791.6821899414062, 441.85211181640625, 84.34242248535156, 159.73228454589844
792.7555541992188, 441.79290771484375, 84.34242248535156, 159.73228454589844
793.6254272460938, 441.29278564453125, 84.34242248535156, 159.73228454589844
795.0551147460938, 442.6572570800781, 82.68864440917969, 156.60028076171875
795.3836669921875, 442.3424377441406, 82.68864440917969, 156.60028076171875
796.8803100585938, 443.07379150390625, 81.06729888916016, 153.52969360351562
797.4801025390625, 443.0987548828125, 81.06729888916016, 153.52969360351562
796.7325439453125, 441.8977966308594, 82.68864440917969, 156.60028076171875
797.4115600585938, 443.10174560546875, 81.06729888916016, 153.52969360351562
799.5541381835938, 443.6556396484375, 79.47774505615234, 150.51930236816406
798.9288330078125, 441.41912841796875, 81.06729888916016, 153.52969360351562
799.1541137695312, 440.53155517578125, 81.06729888916016, 153.52969360351562
800.3909301757812, 441.4854736328125, 79.47774505615234, 150.51930236816406
800.5693359375, 440.51776123046875, 79.47774505615234, 150.51930236816406
800.9454345703125, 440.13787841796875, 79.47774505615234, 150.51930236816406
803.152587890625, 440.0591125488281, 77.91935729980469, 147.5679473876953
802.6276245117188, 439.33380126953125, 79.47774505615234, 150.51930236816406
802.7003784179688, 438.76348876953125, 79.47774505615234, 150.51930236816406
803.2380981445312, 437.92803955078125, 79.47774505615234, 150.51930236816406
804.1182250976562, 437.96978759765625, 79.47774505615234, 150.51930236816406
804.6582641601562, 438.322509765625, 79.47774505615234, 150.51930236816406
804.6121826171875, 438.6400146484375, 79.47774505615234, 150.51930236816406
804.4563598632812, 437.5263671875, 81.06729888916016, 153.52969360351562
806.2786254882812, 439.1805419921875, 79.47774505615234, 150.51930236816406
805.3472900390625, 437.878662109375, 81.06729888916016, 153.52969360351562
806.8148193359375, 438.35595703125, 81.06729888916016, 153.52969360351562
808.1548461914062, 439.58013916015625, 79.47774505615234, 150.51930236816406
809.19189453125, 439.8853759765625, 79.47774505615234, 150.51930236816406
810.1243286132812, 439.128662109375, 79.47774505615234, 150.51930236816406
811.0382690429688, 439.328125, 79.47774505615234, 150.51930236816406
811.533447265625, 438.6002197265625, 81.06729888916016, 153.52969360351562
812.4006958007812, 437.7841796875, 81.06729888916016, 153.52969360351562
813.895751953125, 438.1927490234375, 81.06729888916016, 153.52969360351562
814.1625366210938, 436.3399353027344, 82.68864440917969, 156.60028076171875
815.3482666015625, 435.8845520019531, 82.68864440917969, 156.60028076171875
816.7470092773438, 435.6271667480469, 82.68864440917969, 156.60028076171875
817.4395751953125, 435.8915100097656, 82.68864440917969, 156.60028076171875
818.6605224609375, 434.9101257324219, 82.68864440917969, 156.60028076171875
819.3636474609375, 435.1835632324219, 82.68864440917969, 156.60028076171875
820.3464965820312, 435.2955017089844, 82.68864440917969, 156.60028076171875
821.2693481445312, 435.5870056152344, 82.68864440917969, 156.60028076171875
822.0159912109375, 436.0765686035156, 82.68864440917969, 156.60028076171875
822.3922119140625, 435.7285461425781, 82.68864440917969, 156.60028076171875
823.8749389648438, 437.1317138671875, 81.06729888916016, 153.52969360351562
824.3861083984375, 437.48553466796875, 81.06729888916016, 153.52969360351562
824.9938354492188, 437.35003662109375, 81.06729888916016, 153.52969360351562
825.2197265625, 437.48822021484375, 81.06729888916016, 153.52969360351562
825.3776245117188, 437.52239990234375, 81.06729888916016, 153.52969360351562
825.5451049804688, 437.32623291015625, 81.06729888916016, 153.52969360351562
825.2227783203125, 436.5379638671875, 81.06729888916016, 153.52969360351562
825.9321899414062, 435.24822998046875, 81.06729888916016, 153.52969360351562
826.7869873046875, 436.2825012207031, 79.47774505615234, 150.51930236816406
827.1720581054688, 435.54638671875, 79.47774505615234, 150.51930236816406
827.7001342773438, 435.38616943359375, 79.47774505615234, 150.51930236816406
827.4267578125, 435.2188720703125, 79.47774505615234, 150.51930236816406
827.50146484375, 434.7499694824219, 79.47774505615234, 150.51930236816406
827.7680053710938, 433.98858642578125, 79.47774505615234, 150.51930236816406
828.1195678710938, 434.2279968261719, 79.47774505615234, 150.51930236816406
828.6580810546875, 434.3635559082031, 79.47774505615234, 150.51930236816406
828.5201416015625, 434.670166015625, 79.47774505615234, 150.51930236816406
828.6436157226562, 434.91943359375, 79.47774505615234, 150.51930236816406
829.0786743164062, 434.8874206542969, 79.47774505615234, 150.51930236816406
829.63916015625, 435.0203857421875, 79.47774505615234, 150.51930236816406
830.6627807617188, 436.75115966796875, 77.91935729980469, 147.5679473876953
830.7988891601562, 436.40545654296875, 79.47774505615234, 150.51930236816406
831.1923828125, 436.93701171875, 79.47774505615234, 150.51930236816406
831.99560546875, 437.5699462890625, 79.47774505615234, 150.51930236816406
831.9129638671875, 436.655517578125, 81.06729888916016, 153.52969360351562
832.636962890625, 436.48486328125, 81.06729888916016, 153.52969360351562
833.3110961914062, 435.93951416015625, 81.06729888916016, 153.52969360351562
834.7300415039062, 436.1370849609375, 81.06729888916016, 153.52969360351562
834.84228515625, 434.8758239746094, 82.68864440917969, 156.60028076171875
835.7467651367188, 433.8325500488281, 82.68864440917969, 156.60028076171875
837.3574829101562, 435.05169677734375, 81.06729888916016, 153.52969360351562
838.017578125, 433.7606506347656, 82.68864440917969, 156.60028076171875
839.778076171875, 435.13433837890625, 81.06729888916016, 153.52969360351562
840.498779296875, 435.1951904296875, 81.06729888916016, 153.52969360351562
841.1133422851562, 435.35919189453125, 81.06729888916016, 153.52969360351562
842.588134765625, 436.5111999511719, 79.47774505615234, 150.51930236816406
843.1736450195312, 436.90478515625, 79.47774505615234, 150.51930236816406
844.7382202148438, 438.7228088378906, 77.91935729980469, 147.5679473876953
844.9397583007812, 437.76568603515625, 79.47774505615234, 150.51930236816406
846.077880859375, 439.4670104980469, 77.91935729980469, 147.5679473876953
846.8795166015625, 441.41497802734375, 76.39153289794922, 144.67446899414062
846.8560791015625, 441.3275146484375, 76.39153289794922, 144.67446899414062
846.76171875, 440.9273681640625, 76.39153289794922, 144.67446899414062
847.9281616210938, 440.6942138671875, 74.8936538696289, 141.83770751953125
846.8723754882812, 439.86199951171875, 76.39152526855469, 144.67445373535156
845.9992065429688, 438.6947937011719, 76.39152526855469, 144.67445373535156
846.54248046875, 439.9958190917969, 74.8936538696289, 141.8376922607422
847.0203857421875, 439.7811584472656, 74.8936538696289, 141.8376922607422
846.3414916992188, 439.4676208496094, 74.8936538696289, 141.8376922607422
846.1757202148438, 439.31103515625, 74.8936538696289, 141.8376922607422
845.7129516601562, 439.2161865234375, 74.8936538696289, 141.8376922607422
844.86865234375, 439.6386413574219, 74.8936538696289, 141.8376922607422
844.394775390625, 440.03497314453125, 74.8936538696289, 141.8376922607422
843.7959594726562, 439.66796875, 76.39151763916016, 144.6744384765625
843.8843994140625, 440.11273193359375, 76.39151763916016, 144.6744384765625
842.5659790039062, 439.4126892089844, 77.91934967041016, 147.56793212890625
843.293212890625, 441.61322021484375, 76.39151763916016, 144.6744384765625
843.1279296875, 442.3551025390625, 76.39151763916016, 144.6744384765625
842.2628173828125, 441.5184631347656, 77.91934967041016, 147.56793212890625
843.2333374023438, 443.20654296875, 76.39151763916016, 144.6744384765625
843.3275146484375, 443.09454345703125, 76.39151763916016, 144.6744384765625
843.6381225585938, 443.3768310546875, 76.39151763916016, 144.6744384765625
842.9955444335938, 440.84185791015625, 79.47772979736328, 150.51927185058594
843.3167114257812, 441.01617431640625, 79.47772979736328, 150.51927185058594
843.6423950195312, 440.85302734375, 79.47772979736328, 150.51927185058594
844.1701049804688, 440.17657470703125, 79.47772979736328, 150.51927185058594
845.1495361328125, 440.47418212890625, 79.47772979736328, 150.51927185058594
844.769775390625, 439.3211669921875, 81.0672836303711, 153.5296630859375
845.4443359375, 440.353759765625, 79.47772979736328, 150.51927185058594
845.51318359375, 440.27691650390625, 79.47772979736328, 150.51927185058594
846.5005493164062, 441.7472839355469, 77.91934204101562, 147.5679168701172
847.2268676757812, 441.8536071777344, 77.91934204101562, 147.5679168701172
847.4240112304688, 442.4088439941406, 77.91934204101562, 147.5679168701172
847.5155029296875, 442.4672546386719, 77.91934204101562, 147.5679168701172
848.4913330078125, 444.256103515625, 76.39151763916016, 144.6744384765625
849.1536865234375, 445.6632080078125, 74.89363861083984, 141.83767700195312
849.48974609375, 447.46044921875, 73.42514038085938, 139.05654907226562
848.1375122070312, 446.5758056640625, 74.89363861083984, 141.83767700195312
848.3444213867188, 448.24200439453125, 73.42514038085938, 139.05654907226562
847.6578979492188, 448.4447021484375, 73.42514038085938, 139.05654907226562
846.5379028320312, 446.8551025390625, 74.89363861083984, 141.83767700195312
845.744873046875, 445.27117919921875, 76.39151000976562, 144.67442321777344
844.816162109375, 445.1715087890625, 76.39151000976562, 144.67442321777344
843.6494750976562, 444.92962646484375, 76.39151000976562, 144.67442321777344
844.5044555664062, 445.970703125, 74.89363861083984, 141.83766174316406
843.8783569335938, 445.09613037109375, 76.3915023803711, 144.67440795898438
842.9208374023438, 445.58447265625, 76.3915023803711, 144.67440795898438
841.5196533203125, 444.8206787109375, 77.9193344116211, 147.56790161132812
841.7507934570312, 445.1768798828125, 77.9193344116211, 147.56790161132812
841.0416259765625, 444.337890625, 79.47772216796875, 150.51925659179688
840.8707275390625, 444.88653564453125, 79.47772216796875, 150.51925659179688
840.66357421875, 445.117919921875, 79.47772216796875, 150.51925659179688
840.1842041015625, 445.94952392578125, 79.47772216796875, 150.51925659179688
841.4227294921875, 447.743408203125, 77.9193344116211, 147.56790161132812
842.1275024414062, 449.56695556640625, 76.3915023803711, 144.67440795898438
841.2240600585938, 448.51605224609375, 77.9193344116211, 147.56790161132812
842.3250122070312, 450.3331298828125, 76.3915023803711, 144.67440795898438
842.5966796875, 449.9893798828125, 76.3915023803711, 144.67440795898438
843.9464111328125, 450.82666015625, 74.89363098144531, 141.83766174316406
844.3863525390625, 450.3455810546875, 74.89363098144531, 141.83766174316406
846.2514038085938, 451.06243896484375, 73.42512512207031, 139.05653381347656
847.0105590820312, 450.78277587890625, 73.42512512207031, 139.05653381347656
847.4567260742188, 450.84051513671875, 73.42512512207031, 139.05653381347656
846.4180908203125, 450.10784912109375, 74.89363098144531, 141.83766174316406
847.649169921875, 451.31585693359375, 73.42512512207031, 139.05653381347656
846.9511108398438, 450.16436767578125, 74.89363098144531, 141.83766174316406
847.3810424804688, 451.715087890625, 73.42512512207031, 139.05653381347656
847.0410766601562, 451.6527099609375, 73.42512512207031, 139.05653381347656
847.4810180664062, 451.507080078125, 73.42512512207031, 139.05653381347656
847.73193359375, 452.9608154296875, 71.98542022705078, 136.32992553710938
848.4202270507812, 454.4385681152344, 70.57394409179688, 133.65679931640625
848.9924926757812, 456.0075378417969, 69.19013977050781, 131.03607177734375
848.9754638671875, 457.4134216308594, 67.83346557617188, 128.46673583984375
849.8999633789062, 458.86004638671875, 66.50340270996094, 125.9477767944336
848.572509765625, 457.9020690917969, 67.83346557617188, 128.46673583984375
848.3212280273438, 457.9037780761719, 67.83346557617188, 128.46673583984375
848.0612182617188, 457.8721008300781, 67.83346557617188, 128.46673583984375
847.3067016601562, 456.6502990722656, 69.19013977050781, 131.03607177734375
845.8250122070312, 455.4729309082031, 70.57393646240234, 133.6567840576172
844.4281005859375, 456.0850524902344, 70.57393646240234, 133.6567840576172
843.4991455078125, 454.7723693847656, 71.98541259765625, 136.3299102783203
842.0723266601562, 454.1396484375, 73.42511749267578, 139.05650329589844
840.7576904296875, 453.3095703125, 74.89361572265625, 141.83763122558594
839.1378784179688, 452.3769226074219, 76.39148712158203, 144.67437744140625
837.9876708984375, 451.43377685546875, 77.91931915283203, 147.56787109375
839.2364501953125, 453.0041198730469, 76.39148712158203, 144.67437744140625
837.439208984375, 452.2530517578125, 77.91931915283203, 147.56787109375
838.0350341796875, 453.9339904785156, 76.39148712158203, 144.67437744140625
838.2955322265625, 455.9205322265625, 74.89361572265625, 141.83763122558594
838.37451171875, 456.18927001953125, 74.89361572265625, 141.83763122558594
839.2274169921875, 457.93243408203125, 73.42510986328125, 139.05650329589844
839.524658203125, 458.29718017578125, 73.42510986328125, 139.05650329589844
839.3558349609375, 458.9464111328125, 73.42510986328125, 139.05650329589844
839.408935546875, 458.92974853515625, 73.42510986328125, 139.05650329589844
839.7677001953125, 458.5635986328125, 73.42510986328125, 139.05650329589844
841.3171997070312, 459.0293273925781, 71.98540496826172, 136.32989501953125
842.6219482421875, 459.73095703125, 70.57392883300781, 133.65676879882812
843.975341796875, 460.42919921875, 69.19011688232422, 131.03604125976562
844.7897338867188, 461.62799072265625, 67.83345031738281, 128.46670532226562
845.0882568359375, 461.67950439453125, 67.83345031738281, 128.46670532226562
843.2825317382812, 460.8616943359375, 69.19011688232422, 131.03604125976562
842.4102783203125, 460.679443359375, 69.19011688232422, 131.03604125976562
839.7052001953125, 462.35198974609375, 67.83345031738281, 128.46670532226562
839.4828491210938, 462.3385009765625, 67.83345031738281, 128.46670532226562
838.2560424804688, 463.69140625, 66.50338745117188, 125.94774627685547
836.979736328125, 465.1114807128906, 65.19939422607422, 123.47818756103516
835.921142578125, 466.3186950683594, 63.92097473144531, 121.05704498291016
834.4862060546875, 466.8600769042969, 63.92097473144531, 121.05704498291016
832.7711181640625, 468.18377685546875, 62.667625427246094, 118.68338012695312
829.8937377929688, 469.1611633300781, 61.43885040283203, 116.35625457763672
829.544189453125, 469.2658996582031, 61.43885040283203, 116.35625457763672
826.7648315429688, 469.3223571777344, 61.43885040283203, 116.35625457763672
823.6304321289062, 469.1603088378906, 61.43885040283203, 116.35625457763672
821.2655639648438, 469.0398254394531, 61.43885040283203, 116.35625457763672
819.6624145507812, 468.4174499511719, 61.43885040283203, 116.35625457763672
815.4989013671875, 466.91607666015625, 62.667625427246094, 118.68338012695312
812.2544555664062, 467.7000427246094, 61.43885040283203, 116.35625457763672
808.3096923828125, 467.2403259277344, 61.43885040283203, 116.35625457763672
804.4650268554688, 467.9452819824219, 60.23416519165039, 114.07476043701172
800.7230224609375, 467.6832580566406, 61.43885040283203, 116.35625457763672
795.4970703125, 465.2786865234375, 65.19939422607422, 123.4781723022461
791.3350830078125, 466.34771728515625, 63.92097091674805, 121.05703735351562
786.9098510742188, 466.74530029296875, 63.92097091674805, 121.05703735351562
783.8248291015625, 466.56793212890625, 65.19939422607422, 123.4781723022461
779.8163452148438, 468.60089111328125, 62.66761779785156, 118.68336486816406
775.3931884765625, 468.37548828125, 62.66761779785156, 118.68336486816406
771.546630859375, 469.5434875488281, 61.4388427734375, 116.35624694824219
765.7862548828125, 470.4548645019531, 60.234161376953125, 114.07475280761719
760.9678955078125, 469.9928283691406, 60.234161376953125, 114.07475280761719
756.774169921875, 471.7204895019531, 57.895198822021484, 109.64509582519531
753.2786865234375, 470.1585998535156, 60.234161376953125, 114.07475280761719
748.3698120117188, 470.34259033203125, 59.053096771240234, 111.8379898071289
744.67041015625, 471.0896911621094, 57.89519119262695, 109.64508056640625
741.6089477539062, 469.14874267578125, 60.234153747558594, 114.07473754882812
737.627197265625, 469.3015441894531, 59.05309295654297, 111.83797454833984
734.0126342773438, 468.159423828125, 60.234153747558594, 114.07473754882812
731.6871948242188, 470.0332946777344, 57.89519119262695, 109.64508056640625
728.36572265625, 469.5578308105469, 57.89519119262695, 109.64508056640625
725.2557983398438, 470.2402038574219, 56.75999069213867, 107.49517822265625
721.9396362304688, 469.2599792480469, 57.89519119262695, 109.64508056640625
719.013916015625, 469.6428527832031, 56.75999069213867, 107.49517822265625
716.1812133789062, 471.22760009765625, 54.55593490600586, 103.3210220336914
712.4737548828125, 471.9394836425781, 53.48621368408203, 101.29512023925781
709.4650268554688, 472.69073486328125, 52.43746566772461, 99.3089370727539
706.8059692382812, 473.2357177734375, 52.43746566772461, 99.3089370727539
703.2551879882812, 474.0989990234375, 51.40928268432617, 97.36170959472656
700.9119873046875, 474.23486328125, 51.40928268432617, 97.36170959472656
696.6641845703125, 473.65313720703125, 51.40928268432617, 97.36170959472656
693.436767578125, 473.7039794921875, 50.4012565612793, 95.4526596069336
690.4966430664062, 473.3221435546875, 49.41299819946289, 93.58103942871094
687.49560546875, 473.7997131347656, 47.494232177734375, 89.94718170166016
685.14599609375, 473.09661865234375, 48.444114685058594, 91.7461166381836
681.8505249023438, 472.9625244140625, 47.49422836303711, 89.9471664428711
678.9918212890625, 471.6669921875, 49.412986755371094, 93.58102416992188
677.131591796875, 472.707275390625, 46.562965393066406, 88.18348693847656
675.294921875, 472.8873291015625, 46.562965393066406, 88.18348693847656
672.7876586914062, 471.2554931640625, 48.4441032409668, 91.74609375
667.4041137695312, 471.27264404296875, 48.4441032409668, 91.74609375
665.3787231445312, 472.46759033203125, 46.562965393066406, 88.18348693847656
662.1945190429688, 473.6176452636719, 44.7548713684082, 84.75922393798828
658.4485473632812, 474.218994140625, 43.877323150634766, 83.09727478027344
654.7862548828125, 475.1407470703125, 43.01698303222656, 81.4679183959961
649.0747680664062, 474.867919921875, 43.877323150634766, 83.09727478027344
645.5902709960938, 475.69384765625, 43.01698303222656, 81.4679183959961
643.9423217773438, 476.466552734375, 41.34658432006836, 78.30442810058594
642.1884765625, 476.7742919921875, 42.17351531982422, 79.87051391601562
639.2413330078125, 476.168701171875, 42.17351531982422, 79.87051391601562
637.0345458984375, 476.589599609375, 42.17351531982422, 79.87051391601562
634.36962890625, 476.107421875, 43.01698684692383, 81.46792602539062
633.183837890625, 475.9627685546875, 43.01698684692383, 81.46792602539062
631.0830688476562, 475.07818603515625, 42.17351531982422, 79.87051391601562
629.3671264648438, 476.2373046875, 39.741050720214844, 75.2637710571289
626.0283813476562, 475.6099853515625, 39.741050720214844, 75.2637710571289
623.7169799804688, 475.0794677734375, 40.53586959838867, 76.76905059814453
620.9186401367188, 474.73822021484375, 40.53586959838867, 76.76905059814453
617.36474609375, 475.0457763671875, 39.741050720214844, 75.2637710571289
614.4899291992188, 475.3013610839844, 38.961814880371094, 73.78801727294922
612.8904418945312, 475.3434143066406, 38.961814880371094, 73.78801727294922
609.8832397460938, 477.0537414550781, 36.7145881652832, 69.53209686279297
608.12353515625, 476.986083984375, 37.44887924194336, 70.92273712158203
605.9235229492188, 476.82159423828125, 37.44887924194336, 70.92273712158203
602.7271118164062, 477.61749267578125, 36.7145881652832, 69.53209686279297
599.3577880859375, 479.4225158691406, 35.288917541503906, 66.83208465576172
597.3345336914062, 479.76531982421875, 35.994693756103516, 68.1687240600586
595.16845703125, 478.68572998046875, 37.448875427246094, 70.92273712158203
594.9596557617188, 479.15655517578125, 36.71458435058594, 69.53208923339844
592.702392578125, 478.039306640625, 38.197853088378906, 72.34117889404297
592.4007568359375, 477.180419921875, 38.197853088378906, 72.34117889404297
591.7509155273438, 477.52471923828125, 37.448875427246094, 70.9227294921875
590.4983520507812, 476.70416259765625, 38.197853088378906, 72.34117889404297
589.4468383789062, 475.8726501464844, 38.96180725097656, 73.78800964355469
588.5840454101562, 475.7442932128906, 38.96180725097656, 73.78800964355469
587.2523803710938, 475.8068542480469, 38.96180725097656, 73.78800964355469
586.9442749023438, 475.5228576660156, 38.96180725097656, 73.78800964355469
586.2197265625, 475.6243591308594, 38.96180725097656, 73.78800964355469
586.18310546875, 476.454833984375, 38.197853088378906, 72.34117889404297
586.1895751953125, 477.46502685546875, 37.448875427246094, 70.9227294921875
585.589599609375, 476.89202880859375, 38.197853088378906, 72.34117889404297
585.4090576171875, 477.021484375, 38.197853088378906, 72.34117889404297
584.864501953125, 478.32733154296875, 37.448875427246094, 70.9227294921875
584.797607421875, 478.76593017578125, 37.448875427246094, 70.9227294921875
584.6298828125, 479.0562744140625, 37.448875427246094, 70.9227294921875
583.8362426757812, 478.869140625, 38.197853088378906, 72.34117889404297
585.369873046875, 480.9063720703125, 35.99468994140625, 68.16871643066406
584.8463134765625, 480.48406982421875, 36.71458435058594, 69.53208923339844
585.3756103515625, 480.7850341796875, 35.99468994140625, 68.16871643066406
585.1484375, 479.7308349609375, 36.71458435058594, 69.53208923339844
585.4428100585938, 478.8267822265625, 36.71458435058594, 69.53208923339844
585.4971923828125, 478.52630615234375, 36.71458435058594, 69.53208923339844
586.0169677734375, 478.787109375, 35.99468994140625, 68.16871643066406
584.9271240234375, 478.8031005859375, 35.99468994140625, 68.16871643066406
585.105712890625, 478.48980712890625, 35.99468994140625, 68.16871643066406
584.5146484375, 478.26220703125, 35.99468994140625, 68.16871643066406
584.2591552734375, 477.990234375, 35.99468994140625, 68.16871643066406
584.4515380859375, 479.21624755859375, 34.59697341918945, 65.52164459228516
583.3042602539062, 478.06005859375, 35.994686126708984, 68.16870880126953
582.7711181640625, 478.9421691894531, 35.288909912109375, 66.83206939697266
582.6322021484375, 479.7200927734375, 34.59696960449219, 65.52163696289062
582.7695922851562, 481.2626037597656, 33.2535285949707, 62.97735595703125
581.6962890625, 482.51129150390625, 31.962257385253906, 60.5318717956543
581.8431396484375, 483.31805419921875, 31.335546493530273, 59.344970703125
579.6969604492188, 483.097900390625, 31.962257385253906, 60.5318717956543
579.5235595703125, 483.268798828125, 31.962257385253906, 60.5318717956543
578.3272705078125, 484.113525390625, 31.335546493530273, 59.344970703125
577.4134521484375, 483.47283935546875, 31.962257385253906, 60.5318717956543
575.3541259765625, 482.8442687988281, 32.60150146484375, 61.74250793457031
574.870849609375, 482.55194091796875, 31.962257385253906, 60.5318717956543
573.9417114257812, 482.3731689453125, 31.962257385253906, 60.5318717956543
572.81005859375, 481.6629943847656, 32.60150146484375, 61.74250793457031
571.5545043945312, 482.2626647949219, 31.335546493530273, 59.344970703125
570.0520629882812, 481.3492736816406, 32.601497650146484, 61.74250411987305
570.6527099609375, 482.8717346191406, 30.721120834350586, 58.181339263916016
568.8042602539062, 482.033935546875, 31.962251663208008, 60.5318603515625
568.8858032226562, 482.75537109375, 31.335540771484375, 59.34496307373047
568.74658203125, 483.5670471191406, 30.721118927001953, 58.18133544921875
567.9116821289062, 484.4124755859375, 30.118743896484375, 57.04052734375
567.8074951171875, 484.44305419921875, 30.118743896484375, 57.04052734375
567.508056640625, 485.5013732910156, 29.528181076049805, 55.92208480834961
567.5459594726562, 486.36920166015625, 28.949195861816406, 54.8255729675293
567.2785034179688, 487.1141052246094, 28.381563186645508, 53.75056076049805
566.9036254882812, 487.10107421875, 28.949193954467773, 54.82556915283203
567.0335693359375, 486.9722900390625, 28.949193954467773, 54.82556915283203
567.4221801757812, 487.4014587402344, 28.381561279296875, 53.750553131103516
567.8623046875, 487.2912902832031, 28.381561279296875, 53.750553131103516
567.59130859375, 487.6151428222656, 27.82505989074707, 52.69662094116211
567.7481689453125, 486.7641906738281, 28.381561279296875, 53.750553131103516
568.1947021484375, 486.9142761230469, 28.381561279296875, 53.750553131103516
567.5478515625, 486.1781005859375, 28.949190139770508, 54.8255615234375
566.2181396484375, 485.1577453613281, 29.528175354003906, 55.92207717895508
567.51806640625, 486.0046691894531, 28.381561279296875, 53.750553131103516
566.7350463867188, 485.0524597167969, 29.528173446655273, 55.92206954956055
566.8768920898438, 485.9720764160156, 28.381559371948242, 53.75054931640625
565.3637084960938, 485.739990234375, 28.949188232421875, 54.825557708740234
566.5072021484375, 486.1803283691406, 27.825056076049805, 52.696617126464844
565.1339111328125, 486.6656494140625, 27.27946662902832, 51.66334915161133
565.7124633789062, 488.027587890625, 26.220172882080078, 49.657196044921875
565.1788940429688, 487.9292297363281, 26.74457550048828, 50.65034103393555
563.6384887695312, 488.27362060546875, 26.220172882080078, 49.657196044921875
563.5928955078125, 489.2410583496094, 25.706050872802734, 48.683528900146484
562.3413696289062, 489.9298400878906, 25.202011108398438, 47.728946685791016
562.1812133789062, 490.7778625488281, 25.202011108398438, 47.728946685791016
562.0211791992188, 491.1289978027344, 25.202011108398438, 47.728946685791016
559.992431640625, 489.8197937011719, 26.74457359313965, 50.65033721923828
560.5900268554688, 489.3899230957031, 26.220169067382812, 49.65719223022461
559.94091796875, 488.8867492675781, 26.74457359313965, 50.65033721923828
559.873046875, 489.6200866699219, 25.7060489654541, 48.68352127075195
559.074951171875, 489.6328430175781, 25.7060489654541, 48.68352127075195
559.69189453125, 489.3282165527344, 25.7060489654541, 48.68352127075195
558.138427734375, 489.0156555175781, 25.7060489654541, 48.68352127075195
557.77978515625, 488.7341613769531, 25.7060489654541, 48.68352127075195
558.0498657226562, 488.7730407714844, 25.7060489654541, 48.68352127075195
557.5281982421875, 488.9941101074219, 25.7060489654541, 48.68352127075195
557.1023559570312, 490.0251159667969, 25.202007293701172, 47.72894287109375
556.0572509765625, 490.2065124511719, 25.706045150756836, 48.68351745605469
556.91357421875, 490.1921691894531, 25.706045150756836, 48.68351745605469
555.6708984375, 490.8553771972656, 25.20200538635254, 47.72893524169922
554.9398803710938, 491.7313537597656, 25.20200538635254, 47.72893524169922
556.198486328125, 492.563232421875, 24.707849502563477, 46.79307556152344
556.1416015625, 492.5688781738281, 25.20200538635254, 47.72893524169922
557.0826416015625, 493.3426513671875, 24.707849502563477, 46.79307556152344
557.9120483398438, 493.55462646484375, 24.707849502563477, 46.79307556152344
558.4290771484375, 493.2860412597656, 25.20200538635254, 47.72893524169922
559.422119140625, 492.0156555175781, 26.74456787109375, 50.650325775146484
559.956787109375, 490.9801940917969, 26.74456787109375, 50.650325775146484
559.1077880859375, 490.2635498046875, 27.27945899963379, 51.663333892822266
560.5626220703125, 491.0463562011719, 26.220165252685547, 49.65718460083008
560.864501953125, 491.0397033691406, 26.220165252685547, 49.65718460083008
562.0001831054688, 490.9291076660156, 26.220165252685547, 49.65718460083008
560.95703125, 490.5409851074219, 26.74456787109375, 50.650325775146484
561.3280029296875, 489.9582824707031, 26.74456787109375, 50.650325775146484
562.1390991210938, 491.0552673339844, 25.20200538635254, 47.72893524169922
562.0296630859375, 490.7991027832031, 25.706043243408203, 48.68351364135742
563.5906982421875, 491.27691650390625, 24.707849502563477, 46.79307556152344
562.7225952148438, 492.2589416503906, 24.22338104248047, 45.87556457519531
563.7658081054688, 493.0902404785156, 23.282756805419922, 44.09415817260742
563.7158813476562, 493.7471618652344, 22.826231002807617, 43.22956466674805
563.0737915039062, 493.7537536621094, 23.28275489807129, 44.094154357910156
566.8375244140625, 496.1091613769531, 22.826229095458984, 43.22956085205078
566.3169555664062, 496.5760803222656, 22.826229095458984, 43.22956085205078
567.2992553710938, 495.8916320800781, 22.826229095458984, 43.22956085205078
566.6846923828125, 495.6469421386719, 22.826229095458984, 43.22956085205078
565.4066772460938, 493.8059387207031, 23.282751083374023, 44.09415054321289
565.549072265625, 493.6200866699219, 23.282751083374023, 44.09415054321289
566.2039794921875, 493.0774841308594, 23.282751083374023, 44.09415054321289
567.36474609375, 492.5604553222656, 22.82622528076172, 43.229557037353516
567.3053588867188, 492.4602355957031, 22.82622528076172, 43.229557037353516
567.298828125, 492.3309020996094, 22.82622528076172, 43.229557037353516
567.3432006835938, 492.7309875488281, 22.82622528076172, 43.229557037353516
568.0895385742188, 492.6471862792969, 22.82622528076172, 43.229557037353516
568.2294921875, 492.7823791503906, 22.82622528076172, 43.229557037353516
568.7951049804688, 492.9975280761719, 22.82622528076172, 43.229557037353516
569.051025390625, 493.5645446777344, 22.82622528076172, 43.229557037353516
570.7758178710938, 494.1324768066406, 22.82622528076172, 43.229557037353516
571.16015625, 494.9739685058594, 22.82622528076172, 43.229557037353516
572.7132568359375, 495.8412170410156, 22.82622528076172, 43.229557037353516
573.5248413085938, 495.9021301269531, 22.82622528076172, 43.229557037353516
575.4595336914062, 496.3978576660156, 22.82622528076172, 43.229557037353516
577.2545776367188, 496.4657897949219, 22.82622528076172, 43.229557037353516
578.3182983398438, 496.1339416503906, 22.82622528076172, 43.229557037353516
579.3184204101562, 496.0626525878906, 22.82622528076172, 43.229557037353516
580.9805297851562, 495.9427795410156, 22.82622528076172, 43.229557037353516
580.7870483398438, 494.6661682128906, 22.82622528076172, 43.229557037353516
582.3936767578125, 494.4239807128906, 22.82622528076172, 43.229557037353516
583.6730346679688, 493.8437194824219, 22.82622528076172, 43.229557037353516
583.3890380859375, 493.6893005371094, 22.82622528076172, 43.229557037353516
584.8087158203125, 493.3960266113281, 22.82622528076172, 43.229557037353516
584.61572265625, 493.2146911621094, 22.378650665283203, 42.38191604614258
585.6978149414062, 493.3799743652344, 22.378650665283203, 42.38191604614258
585.4864501953125, 493.2467346191406, 22.826223373413086, 43.229549407958984
584.5431518554688, 493.09820556640625, 23.282745361328125, 44.094139099121094
585.5013427734375, 493.02655029296875, 23.282745361328125, 44.094139099121094
584.97265625, 493.9839782714844, 22.826223373413086, 43.229549407958984
583.195556640625, 494.1752014160156, 22.826223373413086, 43.229549407958984
588.0564575195312, 496.5342712402344, 22.826223373413086, 43.229549407958984
588.296875, 496.3326110839844, 22.826223373413086, 43.229549407958984
587.6383666992188, 496.8411560058594, 22.826223373413086, 43.229549407958984
588.6033935546875, 495.8836975097656, 22.826223373413086, 43.229549407958984
588.308349609375, 495.4499206542969, 22.826223373413086, 43.229549407958984
587.1509399414062, 493.7851867675781, 22.826223373413086, 43.229549407958984
588.5690307617188, 494.1697082519531, 22.826223373413086, 43.229549407958984
589.344970703125, 493.8721008300781, 22.826223373413086, 43.229549407958984
589.5059204101562, 493.6929016113281, 22.826223373413086, 43.229549407958984
590.2862548828125, 493.3662414550781, 22.826223373413086, 43.229549407958984
589.3605346679688, 493.8517761230469, 22.826223373413086, 43.229549407958984
590.9908447265625, 493.9421691894531, 22.826223373413086, 43.229549407958984
590.5737915039062, 493.9587707519531, 22.826223373413086, 43.229549407958984
591.031005859375, 493.9208068847656, 22.826223373413086, 43.229549407958984
591.6126098632812, 494.1661071777344, 22.826223373413086, 43.229549407958984
589.8390502929688, 494.0499572753906, 22.826223373413086, 43.229549407958984
590.2671508789062, 494.1799011230469, 22.826223373413086, 43.229549407958984
590.9475708007812, 494.7110290527344, 22.826223373413086, 43.229549407958984
593.431640625, 495.2411804199219, 22.826223373413086, 43.229549407958984
598.3040771484375, 497.7011413574219, 22.826223373413086, 43.229549407958984
600.983642578125, 497.4700622558594, 22.826223373413086, 43.229549407958984
602.449462890625, 497.7057189941406, 22.826223373413086, 43.229549407958984
604.3729858398438, 497.2414245605469, 22.826223373413086, 43.229549407958984
605.4136962890625, 496.5422058105469, 22.826223373413086, 43.229549407958984
605.1858520507812, 494.4880065917969, 22.826223373413086, 43.229549407958984
607.174560546875, 494.3624572753906, 22.826223373413086, 43.229549407958984
607.0643920898438, 494.3150939941406, 22.826223373413086, 43.229549407958984
608.9214477539062, 494.3584289550781, 22.826223373413086, 43.229549407958984
610.6559448242188, 494.3891906738281, 22.826223373413086, 43.229549407958984
609.9462890625, 492.5270690917969, 22.826223373413086, 43.229549407958984
611.8836059570312, 492.8730773925781, 22.826223373413086, 43.229549407958984
612.3433227539062, 492.9467468261719, 22.826223373413086, 43.229549407958984
614.0164794921875, 493.5163269042969, 22.826223373413086, 43.229549407958984
614.8563232421875, 493.2798156738281, 22.826223373413086, 43.229549407958984
616.6384887695312, 495.3913269042969, 22.826223373413086, 43.229549407958984
616.9108276367188, 494.6351013183594, 22.826223373413086, 43.229549407958984
616.3886108398438, 495.2055358886719, 22.826223373413086, 43.229549407958984
616.71142578125, 495.8904724121094, 22.826223373413086, 43.229549407958984
617.4761962890625, 496.0287780761719, 22.826223373413086, 43.229549407958984
618.1758422851562, 496.1424255371094, 22.826223373413086, 43.229549407958984
618.429931640625, 496.1662902832031, 22.826223373413086, 43.229549407958984
619.753173828125, 496.3289489746094, 22.826223373413086, 43.229549407958984
619.6157836914062, 495.7249450683594, 22.826223373413086, 43.229549407958984
620.218994140625, 494.6791076660156, 22.826223373413086, 43.229549407958984
620.9149780273438, 494.5215148925781, 22.826223373413086, 43.229549407958984
620.9971923828125, 494.6560974121094, 22.826223373413086, 43.229549407958984
621.0109252929688, 494.9358825683594, 22.826223373413086, 43.229549407958984
620.9108276367188, 495.5066223144531, 22.826223373413086, 43.229549407958984
622.474853515625, 496.2666320800781, 22.826223373413086, 43.229549407958984
625.734130859375, 498.0168762207031, 22.826223373413086, 43.229549407958984
624.5139770507812, 498.7779235839844, 22.826223373413086, 43.229549407958984
626.2200317382812, 499.5347595214844, 22.826223373413086, 43.229549407958984
626.7474975585938, 499.7342834472656, 22.826223373413086, 43.229549407958984
629.0046997070312, 502.1463317871094, 22.826223373413086, 43.229549407958984
630.9143676757812, 504.3802185058594, 22.826223373413086, 43.229549407958984
630.49658203125, 504.9475402832031, 22.826223373413086, 43.229549407958984
632.2669677734375, 505.7818298339844, 22.826223373413086, 43.229549407958984
633.7972412109375, 506.5886535644531, 22.826223373413086, 43.229549407958984
635.4064331054688, 507.4242248535156, 22.826223373413086, 43.229549407958984
637.9584350585938, 507.5483093261719, 22.826223373413086, 43.229549407958984
639.1093139648438, 507.6874084472656, 22.826223373413086, 43.229549407958984
640.9495239257812, 508.7767028808594, 22.37864875793457, 42.38191223144531
640.966552734375, 508.8948669433594, 22.82621955871582, 43.22954559326172
643.2392578125, 509.6250305175781, 22.37864875793457, 42.38191223144531
647.177001953125, 511.4695129394531, 22.82621955871582, 43.22954559326172
648.09716796875, 510.3153381347656, 22.82621955871582, 43.22954559326172
649.2896728515625, 512.0327758789062, 22.82621955871582, 43.22954559326172
649.2037963867188, 512.4085693359375, 22.82621955871582, 43.22954559326172
649.4363403320312, 512.7835693359375, 22.82621955871582, 43.22954559326172
651.9886474609375, 515.2874755859375, 22.82621955871582, 43.22954559326172
653.0233764648438, 517.03076171875, 22.82621955871582, 43.22954559326172
652.1488037109375, 517.9033813476562, 22.82621955871582, 43.22954559326172
654.2225952148438, 520.2969360351562, 22.82621955871582, 43.22954559326172
654.8846435546875, 521.889404296875, 22.82621955871582, 43.22954559326172
655.1444091796875, 524.0582275390625, 22.82621955871582, 43.22954559326172
653.9208984375, 525.2291870117188, 22.82621955871582, 43.22954559326172
655.7373046875, 527.5608520507812, 22.82621955871582, 43.22954559326172
655.482177734375, 527.4730224609375, 22.82621955871582, 43.22954559326172
655.4425659179688, 527.9223022460938, 22.82621955871582, 43.22954559326172
655.0747680664062, 528.7823486328125, 22.82621955871582, 43.22954559326172
655.8240966796875, 529.1964721679688, 22.37864875793457, 42.38191223144531
657.69384765625, 530.799560546875, 22.82621955871582, 43.22954559326172
656.8094482421875, 531.0188598632812, 22.82621955871582, 43.22954559326172
656.2230834960938, 531.8025512695312, 22.82621955871582, 43.22954559326172
659.4890747070312, 533.4868774414062, 22.82621955871582, 43.22954559326172
658.9696044921875, 534.162109375, 22.82621955871582, 43.22954559326172
660.066650390625, 535.81494140625, 22.82621955871582, 43.22954559326172
659.0209350585938, 536.8274536132812, 22.82621955871582, 43.22954559326172
661.3169555664062, 538.6815185546875, 22.82621955871582, 43.22954559326172
660.2047729492188, 539.7344970703125, 22.82621955871582, 43.22954559326172
663.3541870117188, 541.6956176757812, 22.82621955871582, 43.22954559326172
665.1195068359375, 543.899169921875, 22.82621955871582, 43.22954559326172
664.3790893554688, 544.9691772460938, 22.82621955871582, 43.22954559326172
667.2793579101562, 547.1016845703125, 22.82621955871582, 43.22954559326172
668.8682250976562, 549.5164794921875, 22.82621955871582, 43.22954559326172
669.2592163085938, 549.502197265625, 22.82621955871582, 43.22954559326172
669.997314453125, 549.8978271484375, 22.82621955871582, 43.22954559326172
672.7139892578125, 551.8782348632812, 22.82621955871582, 43.22954559326172
673.4889526367188, 551.6676025390625, 22.82621955871582, 43.22954559326172
676.0113525390625, 551.5809936523438, 22.82621955871582, 43.22954559326172
676.8329467773438, 551.6686401367188, 22.82621955871582, 43.22954559326172
677.094482421875, 551.9586181640625, 22.82621955871582, 43.22954559326172
680.825439453125, 553.343505859375, 22.82621955871582, 43.22954559326172
680.07568359375, 554.4264526367188, 22.82621955871582, 43.22954559326172
682.7794799804688, 554.6635131835938, 22.82621955871582, 43.22954559326172
684.8947143554688, 556.470947265625, 22.82621955871582, 43.22954559326172
684.986328125, 556.637939453125, 22.82621955871582, 43.22954559326172
687.2857666015625, 558.4385375976562, 22.82621955871582, 43.22954559326172
687.1558227539062, 558.642578125, 22.82621955871582, 43.22954559326172
689.3489379882812, 560.9378662109375, 22.82621955871582, 43.22954559326172
691.0528564453125, 563.0369262695312, 22.82621955871582, 43.22954559326172
690.1034545898438, 563.7125854492188, 22.82621955871582, 43.22954559326172
690.307861328125, 564.3926391601562, 22.82621955871582, 43.22954559326172
692.6054077148438, 566.1353759765625, 22.82621955871582, 43.22954559326172
692.7738037109375, 568.0751342773438, 22.82621955871582, 43.22954559326172
692.6605834960938, 568.1433715820312, 22.82621955871582, 43.22954559326172
692.964111328125, 568.2354736328125, 22.82621955871582, 43.22954559326172
693.8395385742188, 568.2142944335938, 22.82621955871582, 43.22954559326172
694.1024169921875, 568.2984008789062, 22.82621955871582, 43.22954559326172
696.8218994140625, 569.7981567382812, 22.82621955871582, 43.22954559326172
696.6068725585938, 570.0067138671875, 22.82621955871582, 43.22954559326172
696.406005859375, 570.9450073242188, 22.82621955871582, 43.22954559326172
698.0558471679688, 571.9949951171875, 22.82621955871582, 43.22954559326172
700.7762451171875, 573.7843017578125, 22.82621955871582, 43.22954559326172
700.18310546875, 574.7421875, 22.82621955871582, 43.22954559326172
703.159912109375, 576.1589965820312, 22.82621955871582, 43.22954559326172
704.1724853515625, 577.9534301757812, 22.82621955871582, 43.22954559326172
706.0543823242188, 580.048828125, 22.82621955871582, 43.22954559326172
705.4122314453125, 580.6434326171875, 22.82621955871582, 43.22954559326172
709.0844116210938, 582.7637939453125, 22.82621955871582, 43.22954559326172
710.63427734375, 585.2008056640625, 22.82621955871582, 43.22954559326172
712.1444091796875, 587.4529418945312, 22.82621955871582, 43.22954559326172
713.6651611328125, 587.5723876953125, 22.82621955871582, 43.22954559326172
713.3413696289062, 588.0496826171875, 22.82621955871582, 43.22954559326172
718.12353515625, 590.6253051757812, 22.82621955871582, 43.22954559326172
719.6142578125, 590.74462890625, 22.82621955871582, 43.22954559326172
720.6607666015625, 590.7308349609375, 22.82621955871582, 43.22954559326172
722.2041625976562, 591.4544677734375, 22.82621955871582, 43.22954559326172
724.94580078125, 591.37841796875, 22.82621955871582, 43.22954559326172
727.2595825195312, 593.4989013671875, 22.82621955871582, 43.22954559326172
729.2642211914062, 593.4894409179688, 22.82621955871582, 43.22954559326172
730.3917846679688, 593.51025390625, 22.82621955871582, 43.22954559326172
733.2332153320312, 595.1635131835938, 22.82621955871582, 43.22954559326172
734.7861328125, 597.3343505859375, 22.82621955871582, 43.22954559326172
734.6841430664062, 598.2263793945312, 22.82621955871582, 43.22954559326172
737.4893798828125, 600.036865234375, 22.82621955871582, 43.22954559326172
737.7915649414062, 600.5664672851562, 22.82621955871582, 43.22954559326172
740.2791748046875, 602.396240234375, 22.82621955871582, 43.22954559326172
740.38525390625, 603.2510986328125, 22.82621955871582, 43.22954559326172
742.1875610351562, 606.734130859375, 22.82621955871582, 43.22954559326172
742.12353515625, 607.4560546875, 22.82621955871582, 43.22954559326172
744.570556640625, 608.5140991210938, 23.282743453979492, 44.09413528442383
743.715087890625, 610.2164306640625, 22.82621955871582, 43.22954559326172
744.7987060546875, 610.616943359375, 22.82621955871582, 43.22954559326172
745.994873046875, 610.3242797851562, 22.82621955871582, 43.22954559326172
748.0103759765625, 612.1456909179688, 22.82621955871582, 43.22954559326172
748.0401000976562, 612.0100708007812, 22.82621955871582, 43.22954559326172
747.94677734375, 612.7401123046875, 22.82621955871582, 43.22954559326172
750.388427734375, 614.4176025390625, 22.82621955871582, 43.22954559326172
750.1941528320312, 615.0049438476562, 22.82621955871582, 43.22954559326172
752.0477294921875, 617.3786010742188, 22.82621955871582, 43.22954559326172
751.312255859375, 618.454833984375, 22.82621955871582, 43.22954559326172
752.9619750976562, 619.09033203125, 22.82621955871582, 43.22954559326172
754.6915283203125, 621.6953125, 22.82621955871582, 43.22954559326172
756.451416015625, 623.9290161132812, 22.82621955871582, 43.22954559326172
756.103515625, 624.5541381835938, 22.82621955871582, 43.22954559326172
758.6156005859375, 626.7283325195312, 22.82621955871582, 43.22954559326172
760.0634155273438, 629.111083984375, 22.82621955871582, 43.22954559326172
762.0670776367188, 631.2855224609375, 22.82621955871582, 43.22954559326172
764.1937255859375, 633.2908325195312, 22.82621955871582, 43.22954559326172
764.22119140625, 633.5501708984375, 22.82621955871582, 43.22954559326172
765.92626953125, 633.8665161132812, 22.82621955871582, 43.22954559326172
766.6943969726562, 634.1814575195312, 22.82621955871582, 43.22954559326172
767.7171630859375, 634.6337890625, 22.82621955871582, 43.22954559326172
769.821533203125, 634.92919921875, 22.82621955871582, 43.22954559326172
771.4986572265625, 635.9138793945312, 22.82621955871582, 43.22954559326172
773.440673828125, 636.6209106445312, 22.82621955871582, 43.22954559326172
774.7880859375, 637.3698120117188, 22.82621955871582, 43.22954559326172
776.5918579101562, 639.5869140625, 22.82621955871582, 43.22954559326172
777.222412109375, 639.6068725585938, 22.82621955871582, 43.22954559326172
780.0089721679688, 641.1892700195312, 22.82621955871582, 43.22954559326172
780.4280395507812, 643.0466918945312, 22.82621955871582, 43.22954559326172
782.0531616210938, 644.9867553710938, 22.82621955871582, 43.22954559326172
781.3236083984375, 645.8576049804688, 22.82621955871582, 43.22954559326172
783.155517578125, 648.2470092773438, 22.82621955871582, 43.22954559326172
783.6361694335938, 650.1767578125, 22.82621955871582, 43.22954559326172
783.9453735351562, 652.0721435546875, 22.82621955871582, 43.22954559326172
784.9464721679688, 653.578369140625, 22.82621955871582, 43.22954559326172
783.69970703125, 654.6738891601562, 22.82621955871582, 43.22954559326172
784.791259765625, 656.1231079101562, 22.82621955871582, 43.22954559326172
784.722412109375, 657.1498413085938, 23.282743453979492, 44.09413528442383
784.2342529296875, 657.39697265625, 22.82621955871582, 43.22954559326172
784.5289306640625, 657.2048950195312, 22.82621955871582, 43.22954559326172
785.6476440429688, 658.6757202148438, 22.82621955871582, 43.22954559326172
784.1395874023438, 659.0121459960938, 22.82621955871582, 43.22954559326172
785.9974975585938, 661.4157104492188, 22.82621955871582, 43.22954559326172
785.8914794921875, 661.643310546875, 22.82621955871582, 43.22954559326172
787.3959350585938, 664.0468139648438, 22.82621955871582, 43.22954559326172
786.5043334960938, 665.0057983398438, 22.82621955871582, 43.22954559326172
788.915771484375, 667.2222290039062, 22.82621955871582, 43.22954559326172
789.280517578125, 669.3214111328125, 22.82621955871582, 43.22954559326172
790.4628295898438, 671.3135375976562, 22.82621955871582, 43.22954559326172
791.30419921875, 673.2599487304688, 22.82621955871582, 43.22954559326172
792.2072143554688, 675.3228759765625, 22.82621955871582, 43.22954559326172
792.51953125, 678.1875, 22.82621955871582, 43.22954559326172
794.1260986328125, 681.0413818359375, 22.82621955871582, 43.22954559326172
795.4039306640625, 683.6522216796875, 22.82621955871582, 43.22954559326172
797.5406494140625, 685.682373046875, 22.82621955871582, 43.22954559326172
797.0217895507812, 686.8875732421875, 22.82621955871582, 43.22954559326172
798.8959350585938, 689.41845703125, 22.82621955871582, 43.22954559326172
799.41162109375, 690.08154296875, 22.37864875793457, 42.38191223144531
801.7887573242188, 691.474365234375, 22.82621955871582, 43.22954559326172
801.2789916992188, 691.7046508789062, 22.82621955871582, 43.22954559326172
801.8990478515625, 692.3935546875, 22.82621955871582, 43.22954559326172
802.3235473632812, 693.24755859375, 22.82621955871582, 43.22954559326172
804.4466552734375, 695.2727661132812, 22.82621955871582, 43.22954559326172
804.1353759765625, 695.876708984375, 22.82621955871582, 43.22954559326172
804.3632202148438, 696.0613403320312, 22.82621955871582, 43.22954559326172
804.4739990234375, 697.0179443359375, 22.82621955871582, 43.22954559326172
804.5234985351562, 698.1949462890625, 22.82621955871582, 43.22954559326172
805.1099853515625, 697.38525390625, 22.82621955871582, 43.22954559326172
802.7330932617188, 697.38525390625, 22.82621955871582, 43.22954559326172
795.5526733398438, 697.38525390625, 22.82621955871582, 43.22954559326172
786.6419067382812, 694.245361328125, 22.82621955871582, 43.22954559326172
782.9984741210938, 694.4758911132812, 22.37864875793457, 42.38191223144531
783.6232299804688, 696.0120239257812, 22.37864875793457, 42.38191223144531
783.143798828125, 695.54833984375, 22.37864875793457, 42.38191223144531
778.4976196289062, 694.3361206054688, 22.82621955871582, 43.22954559326172
779.4312744140625, 693.69189453125, 22.82621955871582, 43.22954559326172
780.0457153320312, 692.6832275390625, 22.82621955871582, 43.22954559326172
780.489013671875, 694.3396606445312, 22.82621955871582, 43.22954559326172
780.1926879882812, 693.77197265625, 22.82621955871582, 43.22954559326172
779.6942138671875, 693.4202880859375, 22.82621955871582, 43.22954559326172
779.0006103515625, 693.4782104492188, 22.82621955871582, 43.22954559326172
777.9569091796875, 694.6207885742188, 22.82621955871582, 43.22954559326172
777.9945068359375, 694.8276977539062, 22.82621955871582, 43.22954559326172
778.0243530273438, 695.8411254882812, 22.82621955871582, 43.22954559326172
778.626220703125, 696.2962646484375, 22.82621955871582, 43.22954559326172
779.7064819335938, 697.646240234375, 22.82621955871582, 43.22954559326172
780.1464233398438, 698.3760375976562, 22.82621955871582, 43.22954559326172
782.3004150390625, 697.38525390625, 22.82621955871582, 43.22954559326172
772.4967651367188, 698.0501708984375, 22.37864875793457, 42.38191223144531
783.5902099609375, 698.7205810546875, 22.37864875793457, 42.38191223144531
785.0840454101562, 697.8090209960938, 22.37864875793457, 42.38191223144531
785.761962890625, 697.8090209960938, 22.37864875793457, 42.38191223144531
787.6954345703125, 697.8090209960938, 22.37864875793457, 42.38191223144531
788.5562744140625, 697.8090209960938, 22.37864875793457, 42.38191223144531
789.2897338867188, 697.8090209960938, 22.37864875793457, 42.38191223144531
790.0171508789062, 697.8090209960938, 22.37864875793457, 42.38191223144531
790.496826171875, 697.8090209960938, 22.37864875793457, 42.38191223144531
791.365966796875, 698.7639770507812, 22.37864875793457, 42.38191223144531
791.4869384765625, 697.8090209960938, 22.37864875793457, 42.38191223144531
791.5512084960938, 698.3837280273438, 22.37864875793457, 42.38191223144531
791.7490844726562, 697.8090209960938, 22.37864875793457, 42.38191223144531
791.4998779296875, 698.5001220703125, 22.37864875793457, 42.38191223144531
791.278076171875, 697.8090209960938, 22.37864875793457, 42.38191223144531
791.2410888671875, 698.7493286132812, 22.37864875793457, 42.38191223144531
791.46240234375, 697.8090209960938, 22.37864875793457, 42.38191223144531
791.3407592773438, 697.8090209960938, 22.37864875793457, 42.38191223144531
791.3748779296875, 697.8090209960938, 22.37864875793457, 42.38191223144531
791.418212890625, 698.2245483398438, 21.939851760864258, 41.5508918762207
789.8590087890625, 698.2245483398438, 21.939851760864258, 41.5508918762207
789.5397338867188, 698.2245483398438, 21.939851760864258, 41.5508918762207
788.8494873046875, 698.2245483398438, 21.939851760864258, 41.5508918762207
788.6859741210938, 699.1675415039062, 21.939851760864258, 41.5508918762207
787.7296142578125, 698.2245483398438, 21.939851760864258, 41.5508918762207
787.6591186523438, 698.3961181640625, 21.939851760864258, 41.5508918762207
787.4436645507812, 699.1022338867188, 21.939851760864258, 41.5508918762207
787.0753173828125, 698.2245483398438, 21.939851760864258, 41.5508918762207
787.0991821289062, 698.7428588867188, 21.939851760864258, 41.5508918762207
787.006591796875, 699.039306640625, 21.939851760864258, 41.5508918762207
787.7234497070312, 698.2245483398438, 21.939851760864258, 41.5508918762207
787.4160766601562, 698.5383911132812, 21.939851760864258, 41.5508918762207
787.2459106445312, 699.2041625976562, 21.939851760864258, 41.5508918762207
787.1564331054688, 698.2245483398438, 21.939851760864258, 41.5508918762207
787.578369140625, 698.2245483398438, 21.939851760864258, 41.5508918762207
788.30419921875, 698.2245483398438, 21.939851760864258, 41.5508918762207
788.28564453125, 698.2245483398438, 21.939851760864258, 41.5508918762207
788.8458862304688, 698.2245483398438, 21.939851760864258, 41.5508918762207
789.9855346679688, 698.2245483398438, 21.939851760864258, 41.5508918762207
790.557373046875, 698.2245483398438, 21.939851760864258, 41.5508918762207
790.5875244140625, 698.2245483398438, 21.939851760864258, 41.5508918762207
0.0, 0.0, 0.0, 0.0
0.0, 0.0, 0.0, 0.0
0.0, 0.0, 0.0, 0.0
0.0, 0.0, 0.0, 0.0
0.0, 0.0, 0.0, 0.0
0.0, 0.0, 0.0, 0.0
0.0, 0.0, 0.0, 0.0
0.0, 0.0, 0.0, 0.0
0.0, 0.0, 0.0, 0.0
0.0, 0.0, 0.0, 0.0
0.0, 0.0, 0.0, 0.0
0.0, 0.0, 0.0, 0.0
0.0, 0.0, 0.0, 0.0
0.0, 0.0, 0.0, 0.0
0.0, 0.0, 0.0, 0.0
0.0, 0.0, 0.0, 0.0
0.0, 0.0, 0.0, 0.0
0.0, 0.0, 0.0, 0.0
0.0, 0.0, 0.0, 0.0
0.0, 0.0, 0.0, 0.0
0.0, 0.0, 0.0, 0.0
0.0, 0.0, 0.0, 0.0
0.0, 0.0, 0.0, 0.0
0.0, 0.0, 0.0, 0.0
0.0, 0.0, 0.0, 0.0
0.0, 0.0, 0.0, 0.0
0.0, 0.0, 0.0, 0.0
0.0, 0.0, 0.0, 0.0
0.0, 0.0, 0.0, 0.0
0.0, 0.0, 0.0, 0.0
0.0, 0.0, 0.0, 0.0
0.0, 0.0, 0.0, 0.0
0.0, 0.0, 0.0, 0.0
0.0, 0.0, 0.0, 0.0
0.0, 0.0, 0.0, 0.0
0.0, 0.0, 0.0, 0.0
0.0, 0.0, 0.0, 0.0
0.0, 0.0, 0.0, 0.0
0.0, 0.0, 0.0, 0.0
0.0, 0.0, 0.0, 0.0
0.0, 0.0, 0.0, 0.0
0.0, 0.0, 0.0, 0.0
0.0, 0.0, 0.0, 0.0
0.0, 0.0, 0.0, 0.0
0.0, 0.0, 0.0, 0.0
0.0, 0.0, 0.0, 0.0
0.0, 0.0, 0.0, 0.0
0.0, 0.0, 0.0, 0.0
0.0, 0.0, 0.0, 0.0
0.0, 0.0, 0.0, 0.0
-0.48458003997802734, -2.8519668579101562, 21.939851760864258, 41.5508918762207
-2.1536827087402344, -2.2145919799804688, 21.939851760864258, 41.5508918762207
-2.8919496536254883, -1.9189815521240234, 21.939851760864258, 41.5508918762207
-4.124185085296631, -1.7105274200439453, 21.939851760864258, 41.5508918762207
-3.8790183067321777, -2.0813751220703125, 21.939851760864258, 41.5508918762207
-6.237022876739502, -1.8358192443847656, 21.939851760864258, 41.5508918762207
-6.554189682006836, -1.4683284759521484, 21.939851760864258, 41.5508918762207
-8.027868270874023, -2.051431655883789, 21.939851760864258, 41.5508918762207
-8.601908683776855, -1.6474590301513672, 21.939851760864258, 41.5508918762207
-9.717741966247559, -1.6061878204345703, 21.939851760864258, 41.5508918762207
-10.423419952392578, -1.5720081329345703, 21.939851760864258, 41.5508918762207
-10.969925880432129, -1.3248176574707031, 21.939851760864258, 41.5508918762207
-10.969925880432129, -1.362375259399414, 21.939851760864258, 41.5508918762207
-10.969925880432129, -1.4951400756835938, 21.939851760864258, 41.5508918762207
-10.969925880432129, -2.1836299896240234, 21.939851760864258, 41.5508918762207
-1.6873607635498047, 1.2867279052734375, 21.939851760864258, 41.5508918762207
-2.3902816772460938, -2.861143112182617, 21.939851760864258, 41.5508918762207
-4.2080888748168945, -8.08668327331543, 21.939851760864258, 41.5508918762207
-5.831583023071289, -14.192275047302246, 21.939851760864258, 41.5508918762207
9.317896842956543, -15.278467178344727, 21.939851760864258, 41.5508918762207
-9.198287010192871, 5.915376663208008, 21.939851760864258, 41.5508918762207
-10.969925880432129, -4.034112930297852, 21.939851760864258, 41.5508918762207
1.4715957641601562, -15.308595657348633, 21.939851760864258, 41.5508918762207
2.3181467056274414, 6.617633819580078, 21.939851760864258, 41.5508918762207
-2.031521797180176, -13.618953704833984, 21.939851760864258, 41.5508918762207
-2.1786375045776367, 0.5668792724609375, 21.939851760864258, 41.5508918762207
-2.0607519149780273, 14.616262435913086, 21.939851760864258, 41.5508918762207
-1.5842247009277344, 20.800901412963867, 21.939851760864258, 41.5508918762207
-6.992598533630371, -1.4326972961425781, 21.939851760864258, 41.5508918762207
-10.969925880432129, -20.77544593811035, 21.939851760864258, 41.5508918762207
0.0, 0.0, 0.0, 0.0
0.0, 0.0, 0.0, 0.0
0.0, 0.0, 0.0, 0.0
0.0, 0.0, 0.0, 0.0
0.0, 0.0, 0.0, 0.0
0.0, 0.0, 0.0, 0.0
0.0, 0.0, 0.0, 0.0
0.0, 0.0, 0.0, 0.0
0.0, 0.0, 0.0, 0.0
0.0, 0.0, 0.0, 0.0
0.0, 0.0, 0.0, 0.0
0.0, 0.0, 0.0, 0.0
0.0, 0.0, 0.0, 0.0
0.0, 0.0, 0.0, 0.0
0.0, 0.0, 0.0, 0.0
0.0, 0.0, 0.0, 0.0
0.0, 0.0, 0.0, 0.0
0.0, 0.0, 0.0, 0.0
0.0, 0.0, 0.0, 0.0
0.0, 0.0, 0.0, 0.0
0.0, 0.0, 0.0, 0.0
0.0, 0.0, 0.0, 0.0
0.0, 0.0, 0.0, 0.0
0.0, 0.0, 0.0, 0.0
0.0, 0.0, 0.0, 0.0
0.0, 0.0, 0.0, 0.0
0.0, 0.0, 0.0, 0.0
0.0, 0.0, 0.0, 0.0
0.0, 0.0, 0.0, 0.0
0.0, 0.0, 0.0, 0.0
0.0, 0.0, 0.0, 0.0
0.0, 0.0, 0.0, 0.0
0.0, 0.0, 0.0, 0.0
0.0, 0.0, 0.0, 0.0
0.0, 0.0, 0.0, 0.0
0.0, 0.0, 0.0, 0.0
0.0, 0.0, 0.0, 0.0
0.0, 0.0, 0.0, 0.0
0.0, 0.0, 0.0, 0.0
0.0, 0.0, 0.0, 0.0
0.0, 0.0, 0.0, 0.0
0.0, 0.0, 0.0, 0.0
0.0, 0.0, 0.0, 0.0
0.0, 0.0, 0.0, 0.0
0.0, 0.0, 0.0, 0.0
0.0, 0.0, 0.0, 0.0
0.0, 0.0, 0.0, 0.0
0.0, 0.0, 0.0, 0.0
0.0, 0.0, 0.0, 0.0
0.0, 0.0, 0.0, 0.0
0.0, 0.0, 0.0, 0.0
0.0, 0.0, 0.0, 0.0
0.0, 0.0, 0.0, 0.0
0.0, 0.0, 0.0, 0.0
0.0, 0.0, 0.0, 0.0
0.0, 0.0, 0.0, 0.0
0.0, 0.0, 0.0, 0.0
0.0, 0.0, 0.0, 0.0
0.0, 0.0, 0.0, 0.0
0.0, 0.0, 0.0, 0.0
0.0, 0.0, 0.0, 0.0
0.0, 0.0, 0.0, 0.0
0.0, 0.0, 0.0, 0.0
0.0, 0.0, 0.0, 0.0
0.0, 0.0, 0.0, 0.0
