436.0,436.0,258.0,274.0
439.0,427.0,257.0,273.0
439.0,424.0,257.0,273.0
445.0,418.0,254.0,271.0
451.0,408.0,252.0,269.0
461.0,401.0,250.0,266.0
461.0,399.0,250.0,266.0
469.0,392.0,249.0,265.0
481.0,384.0,247.0,262.0
483.0,385.0,247.0,263.0
493.0,378.0,246.0,261.0
503.0,375.0,245.0,261.0
505.0,374.0,245.0,261.0
515.0,373.0,245.0,260.0
525.0,368.0,244.0,260.0
524.0,369.0,246.0,260.0
535.0,364.0,245.0,260.0
549.0,361.0,244.0,261.0
559.0,360.0,243.0,261.0
559.0,360.0,244.0,261.0
85.0,51.0,11.0,13.0
537.0,344.0,277.0,297.0
536.0,344.0,277.0,297.0
545.0,349.0,277.0,297.0
551.0,351.0,276.0,296.0
551.0,352.0,277.0,297.0
557.0,355.0,276.0,296.0
562.0,357.0,276.0,296.0
561.0,357.0,276.0,296.0
566.0,359.0,276.0,295.0
567.0,359.0,277.0,295.0
568.0,359.0,277.0,295.0
569.0,356.0,277.0,295.0
568.0,356.0,276.0,294.0
568.0,353.0,276.0,294.0
569.0,354.0,275.0,293.0
568.0,349.0,275.0,293.0
566.0,348.0,275.0,293.0
565.0,347.0,275.0,293.0
564.0,344.0,275.0,293.0
561.0,340.0,274.0,292.0
560.0,341.0,274.0,292.0
557.0,338.0,274.0,292.0
90.0,50.0,7.0,7.0
551.0,330.0,274.0,292.0
548.0,329.0,273.0,292.0
543.0,328.0,273.0,292.0
538.0,325.0,273.0,292.0
537.0,325.0,273.0,292.0
532.0,324.0,273.0,292.0
528.0,323.0,271.0,291.0
527.0,322.0,271.0,291.0
522.0,321.0,271.0,291.0
515.0,318.0,271.0,291.0
516.0,319.0,271.0,291.0
510.0,318.0,271.0,291.0
505.0,316.0,271.0,291.0
504.0,316.0,271.0,291.0
499.0,316.0,270.0,291.0
491.0,313.0,270.0,291.0
492.0,314.0,270.0,290.0
483.0,313.0,270.0,290.0
477.0,312.0,270.0,290.0
470.0,311.0,270.0,290.0
469.0,312.0,270.0,290.0
464.0,311.0,270.0,289.0
459.0,310.0,270.0,289.0
459.0,309.0,270.0,289.0
454.0,310.0,270.0,289.0
447.0,307.0,270.0,289.0
448.0,308.0,270.0,288.0
443.0,307.0,270.0,288.0
440.0,306.0,270.0,288.0
439.0,305.0,270.0,288.0
436.0,306.0,270.0,288.0
432.0,303.0,270.0,288.0
429.0,304.0,270.0,288.0
428.0,303.0,270.0,288.0
425.0,302.0,270.0,288.0
422.0,301.0,270.0,288.0
421.0,302.0,270.0,287.0
419.0,301.0,270.0,287.0
416.0,301.0,270.0,287.0
415.0,300.0,270.0,287.0
412.0,301.0,270.0,287.0
410.0,300.0,270.0,288.0
411.0,299.0,270.0,288.0
406.0,298.0,270.0,288.0
404.0,299.0,270.0,288.0
403.0,298.0,270.0,288.0
403.0,297.0,269.0,289.0
398.0,296.0,269.0,289.0
395.0,296.0,269.0,289.0
395.0,295.0,269.0,289.0
394.0,296.0,269.0,289.0
390.0,295.0,269.0,289.0
389.0,294.0,269.0,289.0
386.0,293.0,269.0,289.0
383.0,293.0,269.0,289.0
81.0,46.0,2.0,4.0
647.0,364.0,22.0,47.0
646.0,364.0,22.0,47.0
646.0,364.0,22.0,47.0
645.0,364.0,22.0,47.0
645.0,365.0,22.0,47.0
645.0,366.0,22.0,46.0
645.0,365.0,22.0,46.0
644.0,365.0,22.0,46.0
644.0,365.0,22.0,46.0
