1178.0,349.0,42.0,115.0
1153.0,341.0,43.0,117.0
1129.0,335.0,44.0,120.0
1107.0,330.0,43.0,117.0
1086.0,326.0,42.0,115.0
1068.0,323.0,41.0,113.0
1049.0,319.0,42.0,115.0
1033.0,317.0,42.0,115.0
1020.0,313.0,41.0,113.0
1007.0,311.0,42.0,115.0
996.0,311.0,44.0,116.0
988.0,310.0,44.0,116.0
981.0,309.0,44.0,116.0
974.0,308.0,44.0,116.0
970.0,307.0,44.0,116.0
965.0,307.0,44.0,116.0
959.0,307.0,43.0,114.0
952.0,307.0,43.0,114.0
945.0,304.0,44.0,116.0
935.0,304.0,45.0,118.0
924.0,302.0,46.0,120.0
910.0,300.0,46.0,120.0
896.0,298.0,45.0,120.0
880.0,297.0,45.0,120.0
862.0,296.0,44.0,119.0
842.0,292.0,44.0,120.0
823.0,291.0,44.0,120.0
803.0,289.0,44.0,120.0
785.0,288.0,45.0,120.0
768.0,287.0,45.0,120.0
754.0,286.0,46.0,120.0
742.0,286.0,46.0,120.0
731.0,285.0,46.0,120.0
725.0,285.0,46.0,120.0
720.0,285.0,46.0,120.0
716.0,285.0,46.0,120.0
711.0,284.0,47.0,123.0
707.0,285.0,46.0,120.0
702.0,285.0,46.0,120.0
696.0,284.0,46.0,120.0
690.0,284.0,47.0,123.0
682.0,284.0,46.0,120.0
673.0,283.0,46.0,123.0
662.0,283.0,46.0,123.0
650.0,282.0,45.0,120.0
637.0,283.0,45.0,120.0
620.0,283.0,45.0,120.0
601.0,283.0,45.0,120.0
582.0,282.0,46.0,122.0
562.0,282.0,46.0,122.0
539.0,283.0,45.0,120.0
520.0,284.0,45.0,120.0
497.0,285.0,46.0,120.0
474.0,286.0,46.0,123.0
451.0,288.0,46.0,120.0
430.0,290.0,46.0,120.0
410.0,291.0,46.0,120.0
390.0,292.0,46.0,123.0
374.0,294.0,45.0,120.0
362.0,295.0,46.0,123.0
354.0,296.0,45.0,120.0
348.0,298.0,45.0,120.0
342.0,300.0,46.0,123.0
336.0,299.0,47.0,124.0
332.0,300.0,46.0,122.0
330.0,301.0,46.0,123.0
328.0,301.0,46.0,122.0
327.0,302.0,46.0,123.0
324.0,302.0,47.0,124.0
324.0,304.0,46.0,122.0
323.0,304.0,46.0,122.0
322.0,304.0,46.0,122.0
322.0,303.0,47.0,123.0
322.0,304.0,47.0,122.0
321.0,304.0,47.0,122.0
320.0,304.0,47.0,122.0
320.0,304.0,47.0,123.0
320.0,305.0,47.0,122.0
320.0,305.0,47.0,122.0
320.0,305.0,47.0,122.0
320.0,306.0,47.0,122.0
320.0,304.0,48.0,124.0
320.0,306.0,46.0,123.0
320.0,306.0,46.0,123.0
319.0,306.0,46.0,123.0
320.0,305.0,47.0,125.0
320.0,307.0,46.0,123.0
320.0,307.0,46.0,123.0
320.0,307.0,46.0,123.0
319.0,306.0,47.0,125.0
320.0,308.0,46.0,123.0
320.0,308.0,46.0,123.0
320.0,308.0,46.0,123.0
320.0,308.0,46.0,123.0
321.0,309.0,46.0,123.0
321.0,309.0,46.0,123.0
320.0,309.0,46.0,123.0
318.0,309.0,46.0,123.0
315.0,310.0,46.0,123.0
55.0,39.0,4.0,10.0
429.0,302.0,48.0,104.0
424.0,304.0,48.0,105.0
418.0,303.0,49.0,108.0
411.0,303.0,49.0,108.0
406.0,305.0,48.0,107.0
399.0,303.0,50.0,111.0
395.0,304.0,50.0,111.0
390.0,306.0,49.0,108.0
385.0,305.0,51.0,113.0
383.0,305.0,51.0,113.0
381.0,305.0,52.0,115.0
382.0,306.0,51.0,113.0
381.0,306.0,52.0,113.0
382.0,306.0,52.0,113.0
383.0,307.0,52.0,111.0
384.0,307.0,51.0,109.0
385.0,306.0,52.0,111.0
386.0,306.0,53.0,113.0
388.0,304.0,55.0,118.0
389.0,304.0,54.0,115.0
390.0,302.0,55.0,120.0
392.0,304.0,54.0,115.0
394.0,305.0,51.0,113.0
395.0,304.0,52.0,114.0
397.0,303.0,54.0,119.0
398.0,302.0,54.0,119.0
400.0,303.0,54.0,119.0
402.0,304.0,53.0,117.0
404.0,305.0,52.0,114.0
406.0,304.0,52.0,114.0
410.0,305.0,51.0,112.0
412.0,306.0,50.0,110.0
414.0,306.0,51.0,108.0
416.0,306.0,51.0,108.0
417.0,306.0,51.0,111.0
419.0,305.0,51.0,111.0
420.0,304.0,52.0,113.0
422.0,303.0,53.0,114.0
422.0,301.0,54.0,117.0
425.0,303.0,52.0,112.0
427.0,302.0,52.0,113.0
428.0,301.0,53.0,114.0
431.0,298.0,53.0,117.0
433.0,299.0,51.0,113.0
434.0,300.0,50.0,111.0
435.0,299.0,50.0,111.0
438.0,299.0,50.0,108.0
439.0,298.0,50.0,111.0
440.0,296.0,51.0,113.0
442.0,295.0,51.0,113.0
445.0,294.0,52.0,114.0
445.0,293.0,52.0,114.0
447.0,295.0,51.0,111.0
449.0,295.0,49.0,107.0
449.0,290.0,52.0,113.0
451.0,289.0,52.0,115.0
451.0,287.0,54.0,119.0
452.0,285.0,56.0,122.0
453.0,285.0,56.0,121.0
454.0,285.0,57.0,123.0
456.0,283.0,57.0,123.0
457.0,283.0,56.0,121.0
459.0,284.0,55.0,119.0
461.0,283.0,55.0,118.0
462.0,282.0,55.0,118.0
463.0,282.0,54.0,117.0
467.0,282.0,52.0,112.0
468.0,282.0,52.0,112.0
470.0,282.0,51.0,110.0
472.0,281.0,51.0,111.0
472.0,280.0,52.0,112.0
473.0,278.0,54.0,117.0
475.0,278.0,52.0,117.0
476.0,277.0,52.0,117.0
477.0,276.0,52.0,117.0
479.0,275.0,52.0,117.0
480.0,274.0,52.0,117.0
481.0,273.0,53.0,119.0
484.0,274.0,51.0,114.0
486.0,274.0,51.0,114.0
488.0,274.0,50.0,112.0
489.0,273.0,51.0,114.0
490.0,272.0,53.0,115.0
491.0,270.0,54.0,117.0
492.0,268.0,55.0,119.0
493.0,267.0,55.0,119.0
495.0,266.0,55.0,119.0
495.0,265.0,55.0,119.0
497.0,264.0,55.0,119.0
499.0,265.0,54.0,117.0
499.0,263.0,55.0,119.0
501.0,262.0,55.0,119.0
502.0,262.0,54.0,120.0
504.0,262.0,53.0,118.0
505.0,262.0,53.0,118.0
505.0,261.0,53.0,118.0
506.0,261.0,53.0,118.0
508.0,260.0,53.0,118.0
509.0,260.0,52.0,115.0
64.0,34.0,4.0,11.0
513.0,259.0,44.0,114.0
515.0,259.0,44.0,114.0
516.0,259.0,46.0,115.0
515.0,257.0,47.0,118.0
516.0,257.0,47.0,118.0
516.0,255.0,49.0,122.0
517.0,254.0,49.0,122.0
517.0,252.0,50.0,124.0
519.0,253.0,49.0,122.0
519.0,251.0,50.0,127.0
521.0,252.0,50.0,124.0
522.0,252.0,49.0,123.0
524.0,250.0,48.0,122.0
524.0,249.0,47.0,120.0
526.0,251.0,46.0,115.0
526.0,248.0,47.0,120.0
526.0,248.0,47.0,120.0
526.0,247.0,48.0,122.0
527.0,246.0,48.0,122.0
526.0,245.0,49.0,124.0
527.0,244.0,50.0,127.0
527.0,243.0,50.0,127.0
528.0,242.0,50.0,127.0
529.0,242.0,49.0,124.0
530.0,241.0,49.0,124.0
531.0,241.0,48.0,122.0
531.0,242.0,47.0,120.0
532.0,242.0,46.0,118.0
533.0,242.0,47.0,120.0
534.0,243.0,46.0,118.0
534.0,242.0,47.0,120.0
536.0,242.0,47.0,120.0
536.0,243.0,47.0,118.0
538.0,244.0,46.0,115.0
539.0,244.0,46.0,115.0
540.0,244.0,47.0,118.0
542.0,244.0,46.0,115.0
542.0,243.0,47.0,118.0
542.0,242.0,49.0,122.0
544.0,241.0,51.0,127.0
545.0,240.0,51.0,127.0
547.0,239.0,51.0,127.0
548.0,239.0,49.0,127.0
549.0,239.0,49.0,127.0
551.0,240.0,48.0,124.0
552.0,239.0,49.0,127.0
553.0,239.0,48.0,124.0
555.0,238.0,48.0,123.0
557.0,239.0,47.0,122.0
558.0,240.0,46.0,119.0
559.0,240.0,46.0,119.0
561.0,240.0,45.0,117.0
562.0,239.0,48.0,120.0
563.0,238.0,49.0,122.0
564.0,237.0,49.0,124.0
566.0,236.0,49.0,123.0
568.0,236.0,49.0,124.0
570.0,235.0,50.0,124.0
572.0,235.0,49.0,122.0
573.0,235.0,49.0,122.0
575.0,235.0,48.0,120.0
576.0,234.0,49.0,122.0
579.0,237.0,46.0,118.0
580.0,236.0,46.0,118.0
582.0,237.0,45.0,115.0
584.0,238.0,43.0,111.0
586.0,239.0,43.0,108.0
588.0,240.0,43.0,108.0
590.0,240.0,43.0,108.0
591.0,239.0,43.0,111.0
593.0,239.0,44.0,113.0
595.0,237.0,45.0,114.0
596.0,237.0,46.0,115.0
597.0,235.0,48.0,119.0
598.0,234.0,49.0,124.0
601.0,233.0,49.0,122.0
602.0,233.0,49.0,124.0
603.0,232.0,49.0,124.0
604.0,232.0,49.0,124.0
606.0,232.0,49.0,124.0
607.0,232.0,49.0,122.0
609.0,233.0,47.0,118.0
612.0,234.0,46.0,118.0
613.0,234.0,45.0,115.0
614.0,235.0,45.0,115.0
616.0,234.0,45.0,115.0
618.0,234.0,45.0,115.0
618.0,233.0,45.0,115.0
620.0,233.0,45.0,115.0
621.0,232.0,46.0,118.0
622.0,231.0,46.0,117.0
624.0,231.0,45.0,115.0
625.0,232.0,45.0,115.0
627.0,230.0,46.0,117.0
628.0,231.0,45.0,115.0
628.0,230.0,46.0,117.0
632.0,231.0,45.0,115.0
632.0,230.0,45.0,115.0
634.0,232.0,43.0,111.0
79.0,30.0,4.0,10.0
635.0,235.0,42.0,101.0
637.0,235.0,42.0,101.0
639.0,235.0,44.0,101.0
641.0,235.0,44.0,101.0
642.0,235.0,44.0,101.0
643.0,235.0,44.0,102.0
644.0,233.0,47.0,108.0
645.0,231.0,47.0,110.0
646.0,231.0,47.0,110.0
650.0,232.0,44.0,104.0
651.0,233.0,44.0,102.0
653.0,233.0,44.0,102.0
655.0,233.0,43.0,101.0
655.0,232.0,44.0,103.0
656.0,233.0,44.0,103.0
657.0,232.0,45.0,104.0
658.0,233.0,44.0,103.0
660.0,232.0,45.0,104.0
660.0,232.0,45.0,104.0
661.0,232.0,45.0,104.0
663.0,232.0,45.0,104.0
664.0,231.0,45.0,104.0
666.0,231.0,45.0,104.0
668.0,231.0,44.0,102.0
669.0,231.0,43.0,101.0
671.0,231.0,43.0,101.0
672.0,231.0,43.0,101.0
672.0,229.0,44.0,102.0
675.0,230.0,42.0,99.0
677.0,231.0,41.0,97.0
678.0,230.0,42.0,99.0
679.0,231.0,41.0,97.0
683.0,231.0,42.0,97.0
683.0,231.0,42.0,97.0
684.0,231.0,42.0,97.0
688.0,233.0,41.0,93.0
690.0,234.0,40.0,91.0
692.0,233.0,41.0,93.0
693.0,234.0,40.0,91.0
695.0,233.0,42.0,95.0
697.0,231.0,43.0,98.0
698.0,232.0,43.0,98.0
700.0,231.0,43.0,100.0
701.0,230.0,44.0,102.0
703.0,231.0,44.0,102.0
704.0,230.0,44.0,102.0
705.0,231.0,43.0,100.0
706.0,230.0,43.0,103.0
707.0,230.0,43.0,102.0
708.0,230.0,43.0,102.0
710.0,230.0,43.0,102.0
711.0,231.0,43.0,101.0
712.0,232.0,43.0,100.0
712.0,232.0,43.0,100.0
713.0,231.0,44.0,102.0
715.0,230.0,44.0,104.0
716.0,230.0,44.0,104.0
717.0,231.0,44.0,102.0
719.0,230.0,43.0,100.0
721.0,231.0,42.0,99.0
721.0,230.0,42.0,99.0
721.0,230.0,42.0,99.0
722.0,231.0,42.0,99.0
723.0,232.0,41.0,97.0
724.0,230.0,43.0,100.0
725.0,230.0,43.0,100.0
727.0,231.0,43.0,100.0
727.0,231.0,43.0,100.0
728.0,231.0,43.0,100.0
729.0,231.0,43.0,99.0
731.0,233.0,41.0,96.0
732.0,233.0,41.0,96.0
734.0,233.0,42.0,97.0
734.0,232.0,43.0,98.0
736.0,234.0,42.0,95.0
738.0,232.0,43.0,98.0
738.0,232.0,43.0,98.0
741.0,232.0,42.0,98.0
741.0,231.0,43.0,100.0
744.0,231.0,43.0,100.0
745.0,233.0,41.0,96.0
747.0,232.0,42.0,98.0
747.0,232.0,41.0,96.0
748.0,232.0,41.0,98.0
749.0,232.0,41.0,98.0
750.0,233.0,40.0,96.0
751.0,233.0,41.0,98.0
752.0,235.0,41.0,95.0
753.0,235.0,41.0,97.0
754.0,235.0,41.0,97.0
754.0,233.0,43.0,100.0
755.0,232.0,43.0,100.0
757.0,233.0,42.0,98.0
757.0,232.0,41.0,96.0
759.0,232.0,41.0,96.0
760.0,232.0,41.0,94.0
762.0,232.0,41.0,94.0
762.0,231.0,41.0,96.0
763.0,231.0,41.0,96.0
95.0,30.0,4.0,9.0
761.0,231.0,42.0,91.0
764.0,232.0,41.0,89.0
764.0,231.0,43.0,90.0
765.0,232.0,42.0,88.0
767.0,233.0,41.0,87.0
768.0,232.0,42.0,88.0
770.0,232.0,41.0,86.0
773.0,234.0,40.0,86.0
772.0,232.0,42.0,89.0
773.0,231.0,43.0,90.0
774.0,230.0,44.0,94.0
774.0,230.0,44.0,94.0
775.0,229.0,44.0,94.0
779.0,232.0,42.0,89.0
779.0,232.0,42.0,89.0
780.0,231.0,42.0,89.0
781.0,230.0,43.0,91.0
783.0,232.0,41.0,89.0
783.0,230.0,42.0,91.0
784.0,232.0,41.0,89.0
784.0,231.0,42.0,91.0
785.0,231.0,43.0,93.0
787.0,230.0,43.0,93.0
787.0,231.0,42.0,91.0
788.0,230.0,42.0,91.0
789.0,229.0,42.0,91.0
790.0,229.0,41.0,89.0
791.0,230.0,40.0,87.0
793.0,230.0,39.0,86.0
792.0,230.0,39.0,86.0
793.0,229.0,39.0,86.0
794.0,229.0,39.0,86.0
795.0,229.0,40.0,86.0
796.0,229.0,40.0,86.0
796.0,228.0,41.0,87.0
797.0,229.0,40.0,86.0
798.0,230.0,40.0,84.0
799.0,231.0,40.0,84.0
801.0,230.0,40.0,86.0
802.0,229.0,40.0,86.0
803.0,229.0,41.0,87.0
805.0,230.0,40.0,86.0
806.0,229.0,40.0,87.0
806.0,227.0,42.0,90.0
806.0,227.0,43.0,92.0
807.0,226.0,44.0,94.0
807.0,226.0,44.0,94.0
809.0,225.0,44.0,95.0
811.0,225.0,43.0,93.0
810.0,224.0,43.0,93.0
812.0,226.0,41.0,90.0
813.0,225.0,43.0,93.0
813.0,225.0,44.0,93.0
814.0,226.0,43.0,91.0
815.0,226.0,43.0,91.0
815.0,226.0,44.0,93.0
815.0,225.0,44.0,93.0
816.0,225.0,43.0,92.0
818.0,226.0,42.0,90.0
819.0,226.0,42.0,90.0
820.0,225.0,42.0,90.0
820.0,226.0,41.0,88.0
822.0,226.0,40.0,86.0
822.0,225.0,41.0,88.0
823.0,225.0,40.0,86.0
824.0,226.0,39.0,85.0
825.0,226.0,39.0,85.0
826.0,227.0,39.0,84.0
826.0,227.0,39.0,84.0
827.0,227.0,39.0,84.0
828.0,228.0,38.0,82.0
828.0,228.0,39.0,84.0
829.0,229.0,39.0,82.0
831.0,229.0,40.0,84.0
832.0,229.0,39.0,83.0
832.0,230.0,39.0,82.0
835.0,230.0,38.0,81.0
836.0,230.0,39.0,84.0
836.0,230.0,39.0,83.0
837.0,230.0,39.0,84.0
838.0,230.0,39.0,85.0
839.0,230.0,39.0,85.0
840.0,230.0,40.0,86.0
841.0,229.0,41.0,88.0
841.0,230.0,40.0,86.0
843.0,231.0,39.0,85.0
844.0,231.0,39.0,85.0
846.0,233.0,39.0,84.0
846.0,232.0,39.0,85.0
846.0,233.0,39.0,85.0
847.0,232.0,40.0,86.0
848.0,232.0,40.0,86.0
850.0,233.0,39.0,86.0
850.0,233.0,39.0,84.0
851.0,234.0,39.0,83.0
852.0,233.0,39.0,85.0
853.0,233.0,39.0,83.0
855.0,233.0,38.0,82.0
856.0,233.0,39.0,83.0
107.0,30.0,3.0,7.0
857.0,234.0,34.0,77.0
857.0,235.0,34.0,78.0
859.0,235.0,34.0,78.0
858.0,234.0,35.0,79.0
859.0,235.0,35.0,79.0
861.0,235.0,35.0,79.0
861.0,237.0,34.0,78.0
863.0,236.0,36.0,79.0
865.0,239.0,34.0,75.0
868.0,238.0,34.0,75.0
868.0,238.0,35.0,77.0
870.0,239.0,34.0,76.0
872.0,239.0,33.0,75.0
874.0,243.0,31.0,71.0
874.0,242.0,31.0,71.0
877.0,242.0,31.0,72.0
877.0,242.0,31.0,72.0
879.0,243.0,31.0,70.0
880.0,242.0,31.0,72.0
882.0,244.0,30.0,69.0
883.0,247.0,29.0,67.0
884.0,249.0,28.0,65.0
885.0,251.0,28.0,64.0
885.0,250.0,29.0,66.0
886.0,252.0,28.0,64.0
886.0,251.0,29.0,66.0
888.0,253.0,28.0,64.0
888.0,252.0,27.0,62.0
891.0,252.0,27.0,62.0
891.0,252.0,27.0,62.0
892.0,252.0,27.0,63.0
892.0,251.0,28.0,64.0
895.0,250.0,27.0,63.0
896.0,250.0,26.0,62.0
898.0,252.0,26.0,61.0
898.0,249.0,26.0,62.0
900.0,250.0,26.0,61.0
899.0,250.0,27.0,61.0
899.0,251.0,26.0,59.0
900.0,252.0,27.0,61.0
900.0,251.0,27.0,62.0
903.0,251.0,27.0,63.0
904.0,251.0,27.0,61.0
904.0,252.0,27.0,61.0
907.0,253.0,27.0,61.0
907.0,253.0,27.0,61.0
909.0,252.0,28.0,62.0
910.0,253.0,27.0,62.0
911.0,254.0,26.0,61.0
913.0,254.0,27.0,62.0
913.0,254.0,27.0,62.0
914.0,254.0,27.0,63.0
916.0,253.0,27.0,63.0
916.0,253.0,27.0,63.0
917.0,254.0,28.0,65.0
918.0,254.0,28.0,66.0
918.0,254.0,28.0,65.0
919.0,255.0,28.0,67.0
919.0,254.0,29.0,67.0
919.0,255.0,29.0,67.0
919.0,256.0,29.0,67.0
920.0,256.0,29.0,68.0
922.0,258.0,29.0,67.0
922.0,257.0,30.0,69.0
923.0,258.0,30.0,69.0
923.0,258.0,29.0,69.0
924.0,259.0,29.0,69.0
924.0,259.0,29.0,68.0
924.0,260.0,30.0,69.0
925.0,261.0,30.0,69.0
925.0,262.0,30.0,69.0
926.0,263.0,29.0,68.0
926.0,264.0,30.0,69.0
926.0,265.0,30.0,69.0
927.0,266.0,30.0,69.0
927.0,267.0,31.0,70.0
927.0,268.0,30.0,69.0
929.0,269.0,31.0,70.0
929.0,270.0,31.0,70.0
930.0,272.0,31.0,72.0
930.0,273.0,31.0,72.0
931.0,274.0,32.0,72.0
932.0,275.0,32.0,73.0
932.0,277.0,32.0,73.0
934.0,278.0,32.0,73.0
934.0,279.0,33.0,74.0
936.0,280.0,32.0,74.0
938.0,283.0,31.0,72.0
939.0,285.0,31.0,71.0
939.0,285.0,31.0,71.0
941.0,287.0,31.0,72.0
942.0,289.0,31.0,70.0
944.0,290.0,30.0,69.0
945.0,291.0,30.0,69.0
945.0,292.0,30.0,69.0
947.0,293.0,30.0,69.0
946.0,294.0,30.0,69.0
947.0,294.0,31.0,69.0
947.0,295.0,31.0,70.0
119.0,37.0,3.0,6.0
952.0,295.0,31.0,61.0
953.0,296.0,30.0,60.0
954.0,297.0,28.0,57.0
954.0,298.0,29.0,58.0
955.0,297.0,30.0,60.0
955.0,298.0,29.0,60.0
955.0,299.0,30.0,60.0
955.0,297.0,32.0,65.0
958.0,298.0,32.0,64.0
960.0,298.0,31.0,63.0
964.0,299.0,31.0,63.0
968.0,300.0,30.0,61.0
974.0,301.0,29.0,60.0
981.0,304.0,29.0,59.0
988.0,305.0,28.0,57.0
998.0,306.0,28.0,57.0
1006.0,308.0,28.0,57.0
1021.0,311.0,28.0,57.0
1036.0,316.0,28.0,58.0
1058.0,318.0,29.0,60.0
1085.0,325.0,29.0,60.0
1114.0,333.0,29.0,60.0
1144.0,340.0,29.0,61.0
1175.0,348.0,29.0,60.0
1206.0,357.0,29.0,61.0
1236.0,368.0,29.0,60.0
