549.0,305.0,85.0,179.0
523.0,308.0,85.0,179.0
503.0,313.0,83.0,176.0
484.0,314.0,83.0,176.0
470.0,318.0,82.0,173.0
461.0,317.0,82.0,176.0
451.0,316.0,82.0,176.0
442.0,319.0,82.0,176.0
436.0,318.0,82.0,175.0
430.0,322.0,82.0,176.0
425.0,325.0,86.0,180.0
420.0,330.0,84.0,177.0
416.0,329.0,88.0,184.0
412.0,333.0,86.0,180.0
407.0,335.0,88.0,184.0
405.0,333.0,87.0,187.0
403.0,338.0,83.0,180.0
399.0,334.0,87.0,187.0
395.0,335.0,88.0,190.0
395.0,335.0,87.0,186.0
393.0,337.0,92.0,194.0
394.0,339.0,90.0,190.0
394.0,343.0,89.0,186.0
394.0,346.0,87.0,184.0
392.0,347.0,88.0,185.0
391.0,346.0,88.0,186.0
389.0,345.0,88.0,186.0
387.0,347.0,87.0,185.0
383.0,343.0,90.0,193.0
384.0,346.0,86.0,183.0
382.0,349.0,91.0,189.0
380.0,349.0,91.0,189.0
381.0,356.0,91.0,189.0
381.0,359.0,90.0,185.0
380.0,362.0,90.0,185.0
379.0,363.0,87.0,185.0
377.0,362.0,88.0,188.0
376.0,363.0,88.0,188.0
373.0,359.0,92.0,195.0
372.0,358.0,92.0,195.0
372.0,360.0,93.0,193.0
369.0,359.0,95.0,197.0
369.0,362.0,95.0,197.0
366.0,361.0,97.0,200.0
366.0,365.0,94.0,194.0
365.0,367.0,94.0,197.0
365.0,367.0,94.0,197.0
362.0,366.0,96.0,200.0
361.0,369.0,94.0,197.0
357.0,369.0,94.0,197.0
353.0,368.0,96.0,201.0
349.0,368.0,96.0,201.0
345.0,369.0,94.0,197.0
342.0,370.0,94.0,197.0
339.0,369.0,96.0,201.0
334.0,372.0,95.0,198.0
331.0,376.0,94.0,194.0
323.0,376.0,95.0,198.0
318.0,379.0,94.0,195.0
311.0,382.0,94.0,195.0
304.0,385.0,95.0,194.0
298.0,389.0,93.0,191.0
291.0,390.0,93.0,191.0
281.0,392.0,93.0,191.0
271.0,393.0,93.0,191.0
259.0,394.0,97.0,194.0
277.0,394.0,97.0,194.0
267.0,398.0,97.0,194.0
256.0,401.0,97.0,194.0
248.0,407.0,97.0,194.0
234.0,412.0,99.0,194.0
232.0,423.0,99.0,194.0
219.0,423.0,99.0,194.0
207.0,418.0,100.0,198.0
194.0,417.0,102.0,200.0
183.0,416.0,103.0,203.0
174.0,419.0,101.0,199.0
163.0,423.0,101.0,199.0
152.0,427.0,101.0,199.0
141.0,430.0,103.0,203.0
133.0,437.0,101.0,202.0
126.0,443.0,102.0,202.0
115.0,450.0,101.0,202.0
107.0,448.0,101.0,202.0
95.0,446.0,101.0,202.0
84.0,445.0,100.0,204.0
76.0,448.0,100.0,204.0
65.0,448.0,102.0,208.0
58.0,450.0,102.0,208.0
50.0,456.0,102.0,208.0
47.0,464.0,99.0,207.0
40.0,464.0,99.0,207.0
34.0,465.0,101.0,211.0
29.0,469.0,101.0,211.0
22.0,469.0,101.0,211.0
14.0,466.0,102.0,210.0
8.0,465.0,102.0,210.0
-0.0,464.0,102.0,210.0
-7.0,464.0,102.0,210.0
-0.0,63.0,11.0,19.0
-13.0,487.0,113.0,195.0
-15.0,492.0,108.0,188.0
-16.0,497.0,102.0,179.0
-20.0,492.0,105.0,184.0
-28.0,485.0,113.0,199.0
-28.0,482.0,113.0,199.0
-31.0,483.0,112.0,198.0
-34.0,481.0,114.0,201.0
-35.0,476.0,118.0,209.0
-38.0,474.0,121.0,216.0
-43.0,470.0,129.0,228.0
-41.0,478.0,121.0,215.0
-52.0,465.0,121.0,216.0
-55.0,470.0,121.0,215.0
-53.0,470.0,117.0,207.0
-55.0,471.0,117.0,207.0
-54.0,473.0,115.0,202.0
-53.0,473.0,115.0,202.0
-49.0,477.0,109.0,191.0
-47.0,477.0,106.0,187.0
-48.0,471.0,112.0,199.0
-47.0,471.0,113.0,198.0
-48.0,469.0,115.0,201.0
-48.0,469.0,115.0,201.0
-48.0,469.0,115.0,201.0
-47.0,465.0,115.0,202.0
-46.0,459.0,117.0,207.0
-44.0,463.0,113.0,200.0
-42.0,460.0,113.0,200.0
-44.0,456.0,118.0,208.0
-43.0,451.0,125.0,221.0
-37.0,451.0,121.0,214.0
-30.0,462.0,121.0,214.0
-27.0,461.0,122.0,214.0
-23.0,461.0,122.0,213.0
-17.0,462.0,121.0,210.0
-13.0,463.0,121.0,209.0
-8.0,463.0,120.0,206.0
-3.0,464.0,117.0,202.0
-0.0,460.0,120.0,206.0
7.0,461.0,116.0,199.0
12.0,462.0,116.0,199.0
18.0,464.0,116.0,199.0
29.0,471.0,114.0,194.0
32.0,471.0,114.0,195.0
37.0,471.0,114.0,195.0
44.0,471.0,114.0,195.0
48.0,467.0,116.0,199.0
58.0,469.0,114.0,195.0
64.0,465.0,118.0,204.0
73.0,461.0,121.0,207.0
83.0,459.0,121.0,207.0
94.0,455.0,121.0,207.0
106.0,454.0,120.0,207.0
119.0,450.0,121.0,212.0
134.0,448.0,121.0,212.0
149.0,449.0,119.0,208.0
163.0,445.0,119.0,208.0
176.0,446.0,116.0,204.0
185.0,442.0,119.0,207.0
191.0,434.0,121.0,212.0
200.0,436.0,121.0,211.0
205.0,429.0,121.0,211.0
214.0,431.0,121.0,211.0
222.0,429.0,121.0,211.0
227.0,427.0,121.0,212.0
232.0,426.0,123.0,215.0
238.0,424.0,123.0,215.0
243.0,423.0,123.0,215.0
251.0,421.0,120.0,211.0
256.0,418.0,120.0,212.0
263.0,415.0,120.0,211.0
273.0,410.0,120.0,212.0
281.0,406.0,120.0,212.0
291.0,405.0,118.0,213.0
297.0,408.0,119.0,213.0
307.0,404.0,119.0,214.0
315.0,402.0,119.0,213.0
323.0,402.0,118.0,213.0
331.0,397.0,120.0,215.0
337.0,397.0,120.0,215.0
348.0,396.0,117.0,211.0
350.0,394.0,118.0,212.0
362.0,391.0,117.0,211.0
365.0,391.0,118.0,212.0
376.0,389.0,118.0,212.0
381.0,389.0,118.0,213.0
391.0,384.0,118.0,213.0
398.0,381.0,118.0,212.0
407.0,377.0,121.0,215.0
418.0,375.0,121.0,215.0
429.0,370.0,121.0,215.0
440.0,366.0,121.0,215.0
452.0,363.0,121.0,215.0
464.0,361.0,120.0,215.0
476.0,359.0,120.0,216.0
488.0,359.0,120.0,215.0
500.0,359.0,120.0,215.0
512.0,357.0,120.0,215.0
69.0,47.0,7.0,18.0
555.0,358.0,75.0,187.0
567.0,354.0,76.0,188.0
580.0,350.0,77.0,191.0
590.0,344.0,78.0,194.0
601.0,342.0,78.0,195.0
612.0,340.0,78.0,195.0
622.0,340.0,78.0,195.0
632.0,341.0,77.0,192.0
643.0,341.0,76.0,189.0
655.0,341.0,74.0,182.0
665.0,338.0,74.0,182.0
676.0,334.0,75.0,185.0
687.0,333.0,74.0,183.0
698.0,328.0,73.0,179.0
711.0,329.0,73.0,176.0
719.0,327.0,74.0,180.0
729.0,328.0,73.0,176.0
740.0,331.0,72.0,173.0
751.0,330.0,71.0,170.0
763.0,330.0,68.0,164.0
772.0,329.0,69.0,165.0
780.0,325.0,70.0,168.0
792.0,324.0,70.0,168.0
802.0,322.0,68.0,164.0
812.0,319.0,69.0,166.0
821.0,318.0,70.0,169.0
832.0,317.0,71.0,172.0
840.0,318.0,71.0,172.0
849.0,321.0,71.0,172.0
858.0,321.0,72.0,174.0
868.0,320.0,73.0,177.0
876.0,319.0,72.0,174.0
886.0,319.0,72.0,174.0
896.0,319.0,72.0,174.0
903.0,317.0,75.0,180.0
911.0,318.0,73.0,174.0
921.0,319.0,74.0,174.0
932.0,323.0,71.0,168.0
940.0,326.0,69.0,163.0
947.0,328.0,68.0,164.0
954.0,328.0,70.0,167.0
960.0,327.0,71.0,170.0
967.0,328.0,70.0,167.0
973.0,326.0,73.0,173.0
980.0,326.0,72.0,174.0
987.0,326.0,72.0,174.0
995.0,327.0,72.0,174.0
1001.0,328.0,72.0,173.0
1008.0,329.0,72.0,174.0
1015.0,332.0,71.0,173.0
1022.0,333.0,70.0,170.0
1028.0,336.0,69.0,167.0
1034.0,336.0,69.0,167.0
1039.0,336.0,69.0,167.0
1046.0,337.0,67.0,164.0
1053.0,338.0,65.0,159.0
1059.0,339.0,63.0,156.0
1065.0,339.0,63.0,156.0
1070.0,342.0,62.0,153.0
1073.0,346.0,64.0,156.0
1079.0,346.0,64.0,156.0
1082.0,354.0,63.0,153.0
1089.0,351.0,64.0,156.0
1094.0,353.0,63.0,153.0
1101.0,355.0,62.0,152.0
1106.0,357.0,62.0,152.0
1109.0,356.0,63.0,155.0
1116.0,358.0,63.0,155.0
1120.0,360.0,63.0,155.0
1125.0,362.0,64.0,154.0
1129.0,368.0,64.0,154.0
1135.0,369.0,64.0,155.0
1140.0,371.0,64.0,154.0
1144.0,375.0,64.0,154.0
1149.0,375.0,63.0,153.0
1153.0,377.0,63.0,153.0
1159.0,378.0,62.0,151.0
1164.0,381.0,61.0,148.0
1166.0,382.0,61.0,148.0
1170.0,384.0,61.0,149.0
1174.0,386.0,59.0,146.0
1176.0,390.0,61.0,150.0
1178.0,392.0,62.0,152.0
1184.0,396.0,61.0,149.0
1185.0,399.0,61.0,151.0
1188.0,399.0,62.0,154.0
1190.0,400.0,63.0,157.0
1193.0,400.0,63.0,156.0
1195.0,402.0,63.0,156.0
1197.0,402.0,63.0,156.0
1199.0,403.0,63.0,155.0
1201.0,405.0,63.0,156.0
1205.0,409.0,62.0,153.0
1207.0,413.0,61.0,150.0
1208.0,416.0,62.0,151.0
1209.0,417.0,62.0,151.0
1210.0,422.0,60.0,148.0
1210.0,423.0,60.0,148.0
1210.0,424.0,60.0,148.0
150.0,54.0,7.0,17.0
1198.0,421.0,77.0,174.0
1197.0,422.0,79.0,178.0
1194.0,416.0,83.0,187.0
1195.0,424.0,79.0,177.0
1194.0,428.0,77.0,172.0
1192.0,428.0,78.0,176.0
1189.0,433.0,76.0,170.0
1187.0,436.0,76.0,170.0
1186.0,442.0,73.0,163.0
1181.0,451.0,71.0,158.0
1180.0,449.0,71.0,158.0
1174.0,453.0,72.0,161.0
1174.0,453.0,71.0,158.0
1167.0,456.0,72.0,161.0
1165.0,452.0,74.0,167.0
1159.0,458.0,74.0,167.0
1157.0,455.0,77.0,172.0
1154.0,457.0,74.0,167.0
1148.0,460.0,76.0,170.0
1144.0,461.0,77.0,171.0
1141.0,463.0,75.0,168.0
1137.0,466.0,74.0,165.0
1134.0,470.0,72.0,162.0
1126.0,475.0,74.0,164.0
1120.0,481.0,73.0,163.0
1113.0,480.0,76.0,169.0
1108.0,484.0,76.0,169.0
1100.0,484.0,77.0,171.0
1094.0,489.0,78.0,174.0
1088.0,491.0,79.0,173.0
1082.0,495.0,80.0,176.0
1078.0,493.0,82.0,180.0
1072.0,496.0,83.0,183.0
1068.0,501.0,82.0,180.0
1060.0,499.0,88.0,186.0
1058.0,503.0,88.0,186.0
1052.0,505.0,90.0,189.0
1048.0,512.0,89.0,189.0
1046.0,516.0,90.0,189.0
1043.0,521.0,88.0,188.0
1040.0,523.0,89.0,192.0
1034.0,527.0,90.0,195.0
1031.0,534.0,90.0,195.0
1027.0,538.0,90.0,195.0
1026.0,542.0,90.0,194.0
1024.0,546.0,90.0,193.0
1023.0,549.0,90.0,193.0
1022.0,548.0,92.0,197.0
1020.0,553.0,90.0,193.0
1017.0,554.0,91.0,190.0
1012.0,552.0,91.0,190.0
1009.0,554.0,92.0,193.0
1006.0,557.0,92.0,192.0
1003.0,557.0,94.0,195.0
999.0,557.0,95.0,199.0
998.0,563.0,94.0,195.0
997.0,564.0,92.0,191.0
995.0,564.0,92.0,191.0
993.0,563.0,94.0,195.0
994.0,561.0,91.0,195.0
994.0,560.0,90.0,195.0
994.0,560.0,90.0,195.0
994.0,561.0,90.0,195.0
993.0,562.0,90.0,195.0
992.0,564.0,91.0,195.0
991.0,566.0,91.0,195.0
991.0,568.0,89.0,191.0
989.0,567.0,89.0,191.0
987.0,561.0,91.0,195.0
986.0,557.0,91.0,200.0
985.0,554.0,91.0,200.0
985.0,553.0,89.0,196.0
983.0,547.0,91.0,200.0
982.0,547.0,91.0,199.0
982.0,545.0,91.0,202.0
982.0,544.0,91.0,202.0
980.0,544.0,89.0,198.0
979.0,539.0,90.0,199.0
980.0,540.0,89.0,198.0
981.0,535.0,91.0,199.0
980.0,531.0,91.0,199.0
982.0,527.0,89.0,195.0
989.0,519.0,90.0,198.0
987.0,518.0,90.0,198.0
986.0,516.0,94.0,200.0
986.0,515.0,94.0,200.0
986.0,514.0,94.0,200.0
988.0,514.0,94.0,200.0
990.0,515.0,92.0,197.0
992.0,512.0,90.0,195.0
993.0,509.0,92.0,198.0
995.0,504.0,92.0,199.0
998.0,500.0,92.0,198.0
1001.0,493.0,94.0,203.0
1004.0,489.0,93.0,204.0
1005.0,484.0,93.0,204.0
1007.0,482.0,93.0,204.0
1011.0,479.0,93.0,204.0
1013.0,479.0,93.0,204.0
126.0,61.0,12.0,22.0
1002.0,463.0,120.0,229.0
1006.0,464.0,118.0,225.0
1010.0,462.0,116.0,221.0
1018.0,465.0,112.0,213.0
1024.0,460.0,111.0,208.0
1025.0,457.0,109.0,205.0
1033.0,455.0,107.0,200.0
1036.0,453.0,109.0,205.0
1038.0,452.0,109.0,204.0
1040.0,446.0,117.0,215.0
1043.0,453.0,112.0,207.0
1048.0,451.0,112.0,207.0
1052.0,449.0,111.0,204.0
1055.0,447.0,111.0,204.0
1062.0,432.0,113.0,210.0
1061.0,424.0,119.0,221.0
1073.0,422.0,113.0,210.0
1078.0,430.0,108.0,203.0
1083.0,437.0,101.0,189.0
1086.0,441.0,104.0,190.0
1089.0,440.0,105.0,192.0
1092.0,438.0,107.0,196.0
1095.0,436.0,109.0,199.0
1098.0,435.0,111.0,203.0
1106.0,437.0,106.0,198.0
1110.0,438.0,104.0,195.0
1109.0,434.0,108.0,203.0
1113.0,431.0,110.0,206.0
1115.0,428.0,112.0,209.0
1116.0,428.0,114.0,212.0
1119.0,430.0,114.0,212.0
1121.0,429.0,117.0,220.0
1129.0,434.0,116.0,216.0
1136.0,434.0,113.0,212.0
1148.0,432.0,112.0,211.0
1154.0,431.0,112.0,211.0
1154.0,433.0,112.0,211.0
1155.0,432.0,113.0,215.0
1156.0,432.0,113.0,215.0
1156.0,433.0,116.0,220.0
1155.0,430.0,119.0,224.0
1155.0,436.0,116.0,220.0
1158.0,436.0,116.0,220.0
1157.0,441.0,117.0,221.0
1154.0,442.0,119.0,222.0
1154.0,445.0,119.0,222.0
1153.0,446.0,122.0,225.0
1153.0,450.0,122.0,226.0
1153.0,455.0,121.0,226.0
1152.0,458.0,122.0,225.0
1151.0,460.0,122.0,224.0
1149.0,462.0,122.0,224.0
1147.0,464.0,122.0,224.0
1147.0,467.0,122.0,224.0
1145.0,468.0,121.0,228.0
1143.0,474.0,121.0,227.0
1138.0,478.0,121.0,228.0
1132.0,483.0,123.0,232.0
1126.0,488.0,125.0,236.0
1124.0,492.0,125.0,236.0
1119.0,497.0,125.0,236.0
1116.0,500.0,123.0,231.0
1110.0,501.0,125.0,235.0
1105.0,503.0,123.0,231.0
1096.0,501.0,129.0,235.0
1090.0,498.0,132.0,240.0
1082.0,501.0,132.0,239.0
1076.0,497.0,132.0,239.0
1069.0,502.0,132.0,239.0
1056.0,496.0,136.0,245.0
1049.0,487.0,138.0,249.0
1039.0,483.0,136.0,244.0
1033.0,471.0,138.0,249.0
1023.0,471.0,136.0,244.0
1018.0,467.0,135.0,248.0
1007.0,465.0,136.0,252.0
999.0,466.0,136.0,252.0
989.0,465.0,139.0,257.0
979.0,463.0,142.0,262.0
966.0,464.0,145.0,262.0
954.0,467.0,147.0,266.0
943.0,470.0,147.0,266.0
933.0,474.0,147.0,265.0
918.0,475.0,150.0,271.0
908.0,477.0,146.0,269.0
897.0,480.0,146.0,269.0
885.0,480.0,143.0,264.0
872.0,474.0,146.0,269.0
856.0,470.0,149.0,274.0
843.0,467.0,148.0,276.0
828.0,466.0,148.0,275.0
812.0,462.0,150.0,281.0
796.0,463.0,150.0,280.0
781.0,464.0,150.0,281.0
765.0,467.0,148.0,275.0
750.0,467.0,148.0,275.0
734.0,466.0,147.0,275.0
718.0,463.0,148.0,275.0
702.0,461.0,148.0,275.0
83.0,59.0,22.0,30.0
619.0,437.0,225.0,314.0
602.0,436.0,225.0,313.0
588.0,437.0,221.0,309.0
575.0,443.0,213.0,297.0
556.0,439.0,214.0,301.0
536.0,438.0,214.0,301.0
513.0,433.0,222.0,311.0
496.0,439.0,214.0,301.0
480.0,437.0,214.0,301.0
467.0,432.0,201.0,293.0
455.0,424.0,198.0,288.0
440.0,417.0,194.0,283.0
422.0,414.0,190.0,277.0
406.0,407.0,186.0,273.0
390.0,406.0,188.0,268.0
375.0,400.0,184.0,263.0
362.0,393.0,184.0,263.0
348.0,389.0,181.0,259.0
331.0,378.0,184.0,263.0
319.0,370.0,185.0,265.0
302.0,365.0,187.0,270.0
290.0,362.0,187.0,270.0
277.0,358.0,188.0,270.0
267.0,360.0,185.0,265.0
261.0,365.0,181.0,254.0
252.0,369.0,177.0,249.0
245.0,371.0,178.0,249.0
234.0,372.0,181.0,254.0
223.0,372.0,184.0,258.0
216.0,375.0,178.0,252.0
205.0,373.0,181.0,257.0
196.0,368.0,181.0,256.0
184.0,364.0,187.0,266.0
174.0,359.0,187.0,266.0
165.0,356.0,189.0,268.0
153.0,351.0,193.0,272.0
147.0,347.0,193.0,272.0
142.0,347.0,193.0,272.0
138.0,352.0,186.0,262.0
135.0,352.0,183.0,255.0
126.0,352.0,183.0,255.0
121.0,353.0,179.0,250.0
110.0,347.0,182.0,254.0
105.0,349.0,182.0,254.0
100.0,349.0,182.0,255.0
97.0,347.0,182.0,255.0
90.0,347.0,182.0,255.0
87.0,347.0,185.0,259.0
83.0,350.0,182.0,255.0
76.0,344.0,186.0,261.0
72.0,343.0,186.0,261.0
68.0,343.0,186.0,261.0
67.0,346.0,182.0,256.0
62.0,344.0,182.0,256.0
59.0,345.0,184.0,253.0
54.0,341.0,184.0,253.0
52.0,338.0,184.0,253.0
48.0,337.0,180.0,249.0
47.0,334.0,180.0,248.0
45.0,334.0,180.0,247.0
42.0,330.0,180.0,247.0
38.0,326.0,180.0,247.0
33.0,321.0,183.0,251.0
31.0,321.0,183.0,251.0
29.0,319.0,179.0,245.0
23.0,316.0,179.0,245.0
16.0,308.0,179.0,245.0
12.0,307.0,179.0,245.0
9.0,303.0,179.0,245.0
7.0,301.0,179.0,246.0
6.0,304.0,175.0,241.0
5.0,306.0,176.0,241.0
6.0,309.0,175.0,241.0
6.0,311.0,175.0,241.0
4.0,314.0,177.0,243.0
-0.0,313.0,177.0,243.0
-3.0,311.0,177.0,243.0
-1.0,323.0,177.0,243.0
-4.0,324.0,174.0,239.0
-7.0,325.0,175.0,240.0
-8.0,329.0,175.0,239.0
-10.0,333.0,175.0,240.0
-11.0,334.0,175.0,239.0
-14.0,336.0,175.0,240.0
-16.0,337.0,171.0,238.0
-21.0,337.0,171.0,238.0
-23.0,339.0,171.0,238.0
-24.0,341.0,171.0,239.0
-27.0,343.0,174.0,243.0
-29.0,343.0,179.0,251.0
-31.0,348.0,179.0,251.0
-30.0,355.0,179.0,251.0
-30.0,362.0,183.0,255.0
-29.0,369.0,180.0,251.0
-27.0,374.0,178.0,252.0
-24.0,377.0,177.0,251.0
-21.0,376.0,174.0,247.0
-20.0,371.0,174.0,247.0
-19.0,370.0,177.0,251.0
5.0,51.0,11.0,22.0
32.0,392.0,112.0,231.0
39.0,396.0,110.0,227.0
46.0,399.0,115.0,235.0
49.0,403.0,115.0,236.0
54.0,403.0,121.0,243.0
61.0,411.0,117.0,235.0
68.0,420.0,111.0,222.0
78.0,428.0,111.0,222.0
84.0,429.0,111.0,222.0
95.0,438.0,112.0,225.0
102.0,442.0,110.0,222.0
115.0,452.0,110.0,222.0
123.0,463.0,108.0,219.0
137.0,472.0,110.0,223.0
154.0,484.0,115.0,224.0
173.0,498.0,113.0,221.0
191.0,509.0,115.0,225.0
201.0,508.0,121.0,237.0
215.0,519.0,121.0,237.0
