1124.0,179.0,120.0,189.0
1058.0,149.0,118.0,186.0
986.0,124.0,114.0,180.0
909.0,94.0,120.0,189.0
829.0,72.0,125.0,196.0
747.0,55.0,129.0,203.0
663.0,47.0,129.0,203.0
582.0,44.0,129.0,203.0
502.0,47.0,125.0,196.0
420.0,52.0,129.0,203.0
348.0,53.0,132.0,212.0
285.0,63.0,134.0,216.0
244.0,82.0,129.0,208.0
201.0,90.0,134.0,215.0
174.0,90.0,144.0,232.0
153.0,97.0,145.0,231.0
140.0,110.0,145.0,231.0
124.0,113.0,148.0,235.0
113.0,126.0,142.0,227.0
106.0,141.0,145.0,230.0
92.0,138.0,151.0,239.0
90.0,149.0,148.0,235.0
75.0,135.0,148.0,235.0
71.0,146.0,148.0,235.0
68.0,151.0,145.0,230.0
62.0,143.0,139.0,223.0
57.0,145.0,144.0,231.0
56.0,144.0,144.0,231.0
57.0,139.0,145.0,231.0
64.0,138.0,145.0,231.0
72.0,139.0,148.0,236.0
78.0,122.0,151.0,240.0
97.0,121.0,148.0,235.0
127.0,111.0,148.0,235.0
168.0,93.0,145.0,230.0
211.0,83.0,143.0,228.0
258.0,65.0,145.0,231.0
304.0,48.0,148.0,236.0
351.0,41.0,145.0,231.0
397.0,37.0,143.0,228.0
440.0,32.0,144.0,232.0
485.0,31.0,141.0,229.0
530.0,30.0,144.0,232.0
572.0,30.0,141.0,229.0
616.0,35.0,139.0,224.0
649.0,43.0,139.0,227.0
690.0,42.0,133.0,219.0
718.0,43.0,134.0,219.0
741.0,42.0,134.0,220.0
754.0,46.0,134.0,219.0
766.0,45.0,134.0,219.0
775.0,54.0,130.0,212.0
786.0,48.0,132.0,216.0
787.0,54.0,130.0,212.0
798.0,52.0,130.0,212.0
803.0,56.0,130.0,212.0
808.0,62.0,130.0,212.0
808.0,56.0,132.0,215.0
811.0,56.0,132.0,215.0
814.0,53.0,134.0,219.0
813.0,49.0,136.0,222.0
813.0,46.0,136.0,222.0
823.0,36.0,136.0,222.0
821.0,37.0,137.0,222.0
816.0,31.0,139.0,226.0
812.0,30.0,139.0,227.0
802.0,34.0,137.0,222.0
789.0,32.0,137.0,223.0
775.0,27.0,137.0,222.0
763.0,27.0,134.0,218.0
750.0,27.0,134.0,217.0
735.0,22.0,134.0,217.0
720.0,21.0,131.0,214.0
706.0,18.0,129.0,210.0
691.0,17.0,129.0,211.0
679.0,14.0,131.0,213.0
668.0,11.0,134.0,217.0
662.0,3.0,134.0,217.0
651.0,3.0,137.0,221.0
648.0,-0.0,136.0,221.0
638.0,11.0,135.0,216.0
638.0,6.0,135.0,216.0
635.0,1.0,135.0,216.0
631.0,-1.0,135.0,216.0
628.0,-5.0,135.0,216.0
626.0,-8.0,133.0,216.0
623.0,-12.0,133.0,216.0
620.0,-14.0,133.0,216.0
617.0,-17.0,133.0,217.0
616.0,-16.0,131.0,212.0
615.0,-15.0,132.0,214.0
612.0,-16.0,132.0,214.0
610.0,-12.0,131.0,213.0
606.0,-14.0,131.0,213.0
603.0,-12.0,132.0,213.0
600.0,-11.0,130.0,212.0
598.0,-12.0,130.0,212.0
594.0,-15.0,130.0,212.0
594.0,-17.0,130.0,212.0
80.0,1.0,6.0,16.0
630.0,-5.0,65.0,167.0
627.0,-6.0,64.0,164.0
623.0,-13.0,69.0,175.0
620.0,-13.0,70.0,179.0
617.0,-12.0,70.0,179.0
616.0,-11.0,69.0,178.0
616.0,-4.0,65.0,168.0
616.0,-4.0,63.0,162.0
616.0,-6.0,62.0,159.0
614.0,-12.0,64.0,165.0
614.0,-17.0,66.0,172.0
612.0,-19.0,67.0,174.0
610.0,-20.0,67.0,174.0
610.0,-20.0,66.0,171.0
610.0,-16.0,64.0,167.0
609.0,-13.0,63.0,165.0
607.0,-17.0,67.0,173.0
606.0,-16.0,66.0,173.0
605.0,-19.0,67.0,173.0
603.0,-21.0,67.0,177.0
601.0,-23.0,70.0,180.0
601.0,-27.0,71.0,184.0
601.0,-25.0,70.0,180.0
600.0,-27.0,71.0,184.0
601.0,-23.0,70.0,180.0
601.0,-23.0,70.0,183.0
602.0,-18.0,69.0,179.0
601.0,-13.0,70.0,183.0
600.0,-8.0,72.0,185.0
602.0,-1.0,73.0,189.0
603.0,5.0,73.0,190.0
604.0,11.0,75.0,194.0
605.0,20.0,75.0,197.0
606.0,30.0,75.0,194.0
607.0,40.0,75.0,194.0
607.0,51.0,74.0,194.0
608.0,60.0,74.0,193.0
608.0,73.0,74.0,194.0
611.0,85.0,74.0,194.0
612.0,99.0,72.0,190.0
615.0,111.0,73.0,191.0
617.0,124.0,73.0,191.0
618.0,137.0,72.0,188.0
621.0,144.0,72.0,188.0
622.0,143.0,73.0,188.0
625.0,146.0,72.0,187.0
627.0,147.0,72.0,186.0
629.0,147.0,72.0,187.0
631.0,146.0,73.0,190.0
634.0,146.0,73.0,187.0
638.0,144.0,73.0,190.0
640.0,141.0,76.0,196.0
645.0,141.0,76.0,197.0
649.0,143.0,75.0,193.0
652.0,142.0,75.0,193.0
657.0,146.0,74.0,189.0
660.0,147.0,74.0,189.0
666.0,148.0,73.0,186.0
671.0,148.0,74.0,189.0
675.0,154.0,73.0,185.0
681.0,147.0,72.0,189.0
683.0,150.0,72.0,189.0
688.0,151.0,72.0,186.0
694.0,153.0,70.0,184.0
700.0,153.0,69.0,181.0
705.0,152.0,70.0,180.0
706.0,157.0,70.0,180.0
714.0,159.0,68.0,177.0
718.0,163.0,67.0,174.0
723.0,165.0,67.0,173.0
728.0,164.0,67.0,173.0
731.0,166.0,67.0,172.0
736.0,165.0,67.0,172.0
740.0,165.0,67.0,173.0
745.0,166.0,66.0,170.0
750.0,168.0,65.0,167.0
753.0,170.0,65.0,167.0
760.0,175.0,64.0,164.0
764.0,177.0,64.0,164.0
767.0,177.0,64.0,164.0
770.0,180.0,63.0,165.0
776.0,180.0,63.0,162.0
778.0,181.0,63.0,162.0
780.0,181.0,61.0,158.0
782.0,187.0,61.0,158.0
787.0,183.0,62.0,162.0
789.0,187.0,63.0,165.0
792.0,188.0,63.0,167.0
796.0,190.0,63.0,167.0
801.0,193.0,63.0,167.0
803.0,192.0,64.0,166.0
804.0,192.0,64.0,166.0
806.0,191.0,64.0,166.0
808.0,191.0,64.0,166.0
807.0,190.0,66.0,170.0
807.0,189.0,67.0,174.0
807.0,188.0,67.0,174.0
808.0,191.0,66.0,171.0
809.0,191.0,66.0,171.0
102.0,25.0,5.0,15.0
814.0,189.0,57.0,160.0
815.0,191.0,57.0,160.0
814.0,192.0,58.0,162.0
811.0,193.0,58.0,163.0
809.0,195.0,56.0,155.0
803.0,200.0,53.0,146.0
796.0,201.0,52.0,144.0
789.0,203.0,50.0,139.0
781.0,205.0,48.0,134.0
770.0,204.0,49.0,136.0
763.0,206.0,49.0,133.0
755.0,208.0,48.0,128.0
745.0,212.0,47.0,126.0
734.0,217.0,45.0,121.0
723.0,220.0,44.0,119.0
715.0,223.0,44.0,118.0
709.0,225.0,43.0,116.0
704.0,228.0,41.0,112.0
703.0,230.0,40.0,109.0
699.0,231.0,38.0,105.0
694.0,233.0,42.0,110.0
692.0,236.0,40.0,106.0
689.0,241.0,40.0,106.0
687.0,248.0,40.0,103.0
686.0,248.0,40.0,106.0
684.0,255.0,40.0,105.0
681.0,256.0,40.0,105.0
680.0,257.0,40.0,106.0
680.0,261.0,40.0,106.0
680.0,261.0,40.0,105.0
679.0,263.0,42.0,108.0
676.0,270.0,41.0,106.0
676.0,274.0,42.0,108.0
675.0,280.0,42.0,110.0
674.0,287.0,42.0,108.0
674.0,292.0,41.0,106.0
673.0,297.0,41.0,106.0
672.0,299.0,41.0,107.0
672.0,301.0,41.0,107.0
671.0,306.0,41.0,107.0
670.0,311.0,41.0,113.0
670.0,316.0,42.0,114.0
671.0,328.0,41.0,113.0
670.0,339.0,41.0,113.0
671.0,346.0,42.0,114.0
672.0,353.0,42.0,112.0
672.0,358.0,42.0,112.0
673.0,364.0,41.0,110.0
673.0,369.0,42.0,112.0
672.0,376.0,42.0,112.0
673.0,382.0,43.0,117.0
674.0,392.0,43.0,117.0
675.0,404.0,43.0,118.0
677.0,419.0,43.0,117.0
677.0,430.0,42.0,115.0
678.0,440.0,43.0,116.0
680.0,448.0,42.0,113.0
680.0,456.0,42.0,114.0
680.0,464.0,42.0,117.0
678.0,476.0,43.0,119.0
