1178.6488037109375, 359.93670654296875, 36.0, 99.0
1153.9432373046875, 352.9950256347656, 36.0, 99.0
1129.8616943359375, 347.2651062011719, 36.0, 99.0
1108.78662109375, 342.2539367675781, 35.29411697387695, 97.05882263183594
1086.792236328125, 338.0900573730469, 34.602073669433594, 95.15570831298828
1068.527099609375, 333.4870910644531, 34.602073669433594, 95.15570831298828
1052.7662353515625, 330.2835388183594, 33.92360305786133, 93.28990936279297
1037.8868408203125, 329.2468566894531, 33.2584342956543, 91.460693359375
1022.123291015625, 321.9565124511719, 35.999996185302734, 98.99998474121094
1008.89306640625, 320.9795837402344, 35.999996185302734, 98.99998474121094
999.400390625, 319.59271240234375, 35.999996185302734, 98.99998474121094
990.0549926757812, 317.13201904296875, 36.719993591308594, 100.97998809814453
981.99072265625, 317.0206604003906, 36.719993591308594, 100.97998809814453
978.9943237304688, 315.90252685546875, 36.719993591308594, 100.97998809814453
977.767578125, 315.9945068359375, 36.719993591308594, 100.97998809814453
974.668212890625, 314.1260986328125, 36.719993591308594, 100.97998809814453
970.2664184570312, 312.468017578125, 37.45439147949219, 102.99958038330078
966.8310546875, 310.19427490234375, 38.96754455566406, 107.16075134277344
960.2906494140625, 313.5782165527344, 37.45438766479492, 102.99956512451172
951.7471313476562, 310.4605712890625, 38.20347595214844, 105.05955505371094
940.9095458984375, 309.9085693359375, 38.96754455566406, 107.16075134277344
930.0233154296875, 308.6845703125, 38.96754455566406, 107.16075134277344
919.1121826171875, 303.13525390625, 39.74689483642578, 109.30396270751953
902.4849853515625, 303.6614685058594, 38.96754455566406, 107.16075134277344
886.6066284179688, 300.96624755859375, 38.96754455566406, 107.16075134277344
866.0139770507812, 299.4256286621094, 39.74689483642578, 109.30396270751953
845.8814697265625, 299.3112487792969, 39.74689483642578, 109.30396270751953
832.7948608398438, 290.9210205078125, 41.35266876220703, 113.71983337402344
810.1152954101562, 290.91455078125, 41.35266876220703, 113.71983337402344
789.4715576171875, 293.08380126953125, 41.35266876220703, 113.71983337402344
779.5069580078125, 288.6138000488281, 41.35266876220703, 113.71983337402344
766.71435546875, 286.91949462890625, 42.179718017578125, 115.99423217773438
760.4970703125, 286.55670166015625, 42.179718017578125, 115.99423217773438
754.9122314453125, 284.93963623046875, 43.0233154296875, 118.31411743164062
750.4813232421875, 284.8050537109375, 43.88378143310547, 120.6803970336914
748.2892456054688, 284.215087890625, 43.0233154296875, 118.31411743164062
747.1516723632812, 285.32342529296875, 42.179718017578125, 115.99423217773438
745.01513671875, 285.0850830078125, 42.179718017578125, 115.99423217773438
740.4089965820312, 284.88311767578125, 43.0233154296875, 118.31411743164062
737.2057495117188, 284.4267578125, 43.0233154296875, 118.31411743164062
731.309326171875, 282.8875427246094, 43.88378143310547, 120.6803970336914
723.8831176757812, 281.678466796875, 44.76145553588867, 123.09400177001953
716.6939697265625, 282.50164794921875, 43.88378143310547, 120.6803970336914
708.8529052734375, 282.48248291015625, 43.88378143310547, 120.6803970336914
697.1321411132812, 281.8949279785156, 43.88378143310547, 120.6803970336914
683.6026000976562, 279.7291564941406, 43.88378143310547, 120.6803970336914
670.20361328125, 280.5313720703125, 43.0233154296875, 118.31411743164062
653.064697265625, 281.136962890625, 43.0233154296875, 118.31411743164062
634.4620361328125, 280.82244873046875, 43.0233154296875, 118.31411743164062
615.739501953125, 280.62420654296875, 43.0233154296875, 118.31411743164062
594.1060180664062, 280.9975891113281, 43.88378143310547, 120.6803970336914
573.7833251953125, 280.55029296875, 43.0233154296875, 118.31411743164062
553.9581298828125, 281.532958984375, 42.179718017578125, 115.99423217773438
531.6239013671875, 283.72698974609375, 42.179718017578125, 115.99423217773438
511.55645751953125, 283.0277099609375, 42.179718017578125, 115.99423217773438
491.22747802734375, 285.9309387207031, 41.35266876220703, 113.71983337402344
471.3981018066406, 286.87139892578125, 41.35266876220703, 113.71983337402344
453.69891357421875, 289.1699523925781, 39.74689483642578, 109.30396270751953
440.7349853515625, 289.7877502441406, 40.541831970214844, 111.49004364013672
429.4004821777344, 290.3071594238281, 40.541831970214844, 111.49004364013672
422.3506774902344, 290.89105224609375, 39.74689483642578, 109.30396270751953
416.2655944824219, 291.2296142578125, 41.35266876220703, 113.71983337402344
412.72552490234375, 292.23101806640625, 39.74689483642578, 109.30396270751953
408.18072509765625, 292.2891540527344, 41.35266876220703, 113.71983337402344
406.1144104003906, 292.54522705078125, 41.35266876220703, 113.71983337402344
404.9205017089844, 293.63824462890625, 40.54182815551758, 111.49002838134766
403.11785888671875, 295.0093688964844, 39.746891021728516, 109.303955078125
402.45135498046875, 294.9058837890625, 40.54182815551758, 111.49002838134766
400.79241943359375, 294.1639099121094, 41.352664947509766, 113.7198257446289
400.8248596191406, 295.8671875, 39.746891021728516, 109.303955078125
401.6891784667969, 296.6632080078125, 39.746891021728516, 109.303955078125
401.46484375, 296.57611083984375, 40.54182815551758, 111.49002838134766
401.4622802734375, 296.7268371582031, 40.54182815551758, 111.49002838134766
402.1332702636719, 296.76141357421875, 40.54182815551758, 111.49002838134766
402.2149658203125, 296.4496154785156, 41.352664947509766, 113.7198257446289
403.4510498046875, 296.3077087402344, 41.352664947509766, 113.7198257446289
404.31500244140625, 297.07489013671875, 40.54182434082031, 111.49002075195312
407.0373229980469, 298.34515380859375, 39.74688720703125, 109.30393981933594
408.33782958984375, 296.6392517089844, 41.3526611328125, 113.71981048583984
408.4325866699219, 296.2893371582031, 41.3526611328125, 113.71981048583984
410.3289794921875, 296.52044677734375, 40.54182052612305, 111.49000549316406
412.310791015625, 296.4289245605469, 40.54182052612305, 111.49000549316406
412.9859313964844, 295.4006652832031, 41.35265350341797, 113.71980285644531
414.09344482421875, 295.7045593261719, 41.35265350341797, 113.71980285644531
414.68994140625, 295.5852355957031, 42.17970657348633, 115.99419403076172
416.3646240234375, 295.42486572265625, 43.02329635620117, 118.31407165527344
417.2978210449219, 294.0754699707031, 43.88376235961914, 120.68035125732422
417.6015930175781, 294.21728515625, 43.88376235961914, 120.68035125732422
418.77178955078125, 294.985595703125, 43.88376235961914, 120.68035125732422
420.2648620605469, 295.4687194824219, 43.88376235961914, 120.68035125732422
421.1801452636719, 296.1754150390625, 43.88376235961914, 120.68035125732422
422.2051696777344, 296.19256591796875, 43.88376235961914, 120.68035125732422
424.1295471191406, 297.591064453125, 43.02329635620117, 118.31407165527344
426.51690673828125, 297.76885986328125, 43.02329635620117, 118.31407165527344
427.5009765625, 298.4402160644531, 43.02329635620117, 118.31407165527344
428.56805419921875, 298.1650695800781, 43.02329635620117, 118.31407165527344
430.1529541015625, 299.5421142578125, 42.17970275878906, 115.99417877197266
430.818359375, 299.9661560058594, 42.17970275878906, 115.99417877197266
429.80328369140625, 298.9248352050781, 43.883758544921875, 120.68033599853516
427.1336669921875, 299.0435791015625, 43.883758544921875, 120.68033599853516
421.93994140625, 299.1820068359375, 43.883758544921875, 120.68033599853516
417.7336120605469, 300.75286865234375, 43.023292541503906, 118.31405639648438
411.81982421875, 301.6263427734375, 42.1796989440918, 115.99417114257812
406.9461975097656, 302.8764343261719, 41.35264587402344, 113.71977996826172
400.91778564453125, 303.35015869140625, 41.35264587402344, 113.71977996826172
395.3138427734375, 303.3148193359375, 41.35264587402344, 113.71977996826172
391.3667907714844, 303.32086181640625, 41.35264587402344, 113.71977996826172
385.6247863769531, 305.0899658203125, 41.35264587402344, 113.71977996826172
380.8486633300781, 304.9506530761719, 41.35264587402344, 113.71977996826172
378.5802917480469, 306.9982604980469, 41.35264587402344, 113.71977996826172
376.6169738769531, 306.48199462890625, 42.1796989440918, 115.99417114257812
376.2818908691406, 306.6595458984375, 42.1796989440918, 115.99417114257812
375.4336242675781, 305.9407958984375, 43.02328872680664, 118.31404876708984
377.1333923339844, 306.5768127441406, 42.17969512939453, 115.99415588378906
377.15496826171875, 306.0054931640625, 43.023284912109375, 118.31403350830078
379.9191589355469, 307.28753662109375, 41.35264205932617, 113.71976470947266
381.67047119140625, 307.8143310546875, 40.54180908203125, 111.48997497558594
383.1302490234375, 307.59228515625, 41.35264205932617, 113.71976470947266
385.2280578613281, 308.25848388671875, 41.35264205932617, 113.71976470947266
386.5159912109375, 307.15399169921875, 42.17969512939453, 115.99415588378906
387.9888916015625, 307.18743896484375, 43.023284912109375, 118.31403350830078
388.9696044921875, 306.73431396484375, 43.023284912109375, 118.31403350830078
390.99371337890625, 305.4722900390625, 43.023284912109375, 118.31403350830078
391.76776123046875, 304.5819091796875, 43.023284912109375, 118.31403350830078
393.214111328125, 305.7806701660156, 42.1796875, 115.99414825439453
395.5682067871094, 304.8557434082031, 42.1796875, 115.99414825439453
397.56341552734375, 305.7808532714844, 42.1796875, 115.99414825439453
399.5748596191406, 306.70703125, 41.352638244628906, 113.71975708007812
400.56640625, 306.2994384765625, 41.352638244628906, 113.71975708007812
402.55364990234375, 306.83221435546875, 40.541805267333984, 111.48995971679688
405.4289855957031, 307.25213623046875, 41.352638244628906, 113.71975708007812
406.41259765625, 305.529296875, 41.352638244628906, 113.71975708007812
408.7271728515625, 304.85980224609375, 41.352638244628906, 113.71975708007812
411.7818603515625, 307.3919677734375, 41.352638244628906, 113.71975708007812
412.91815185546875, 304.0838623046875, 42.1796875, 115.99414825439453
414.15594482421875, 303.6799011230469, 42.1796875, 115.99414825439453
416.81097412109375, 303.9017639160156, 42.1796875, 115.99414825439453
418.57708740234375, 303.88134765625, 43.02328109741211, 118.31401824951172
418.87530517578125, 301.3526306152344, 43.88374710083008, 120.68030548095703
421.9964599609375, 301.70465087890625, 43.02328109741211, 118.31401824951172
422.5136413574219, 299.8617248535156, 43.88374710083008, 120.68030548095703
424.38629150390625, 300.3304138183594, 43.02328109741211, 118.31401824951172
427.7270202636719, 300.9181823730469, 42.179683685302734, 115.99413299560547
428.5447998046875, 299.4078063964844, 42.179683685302734, 115.99413299560547
430.15936279296875, 299.1869812011719, 41.35263442993164, 113.71974182128906
432.8611755371094, 300.1986999511719, 39.74686050415039, 109.30387115478516
434.9866638183594, 300.00250244140625, 39.74686050415039, 109.30387115478516
437.0544128417969, 299.1004333496094, 39.74686050415039, 109.30387115478516
438.4290771484375, 297.8124084472656, 40.54180145263672, 111.48995208740234
439.18402099609375, 296.9967041015625, 40.54180145263672, 111.48995208740234
440.3780822753906, 295.6965637207031, 41.35263442993164, 113.71974182128906
440.83477783203125, 294.4129333496094, 42.179683685302734, 115.99413299560547
444.6037292480469, 296.6315612792969, 41.35263442993164, 113.71974182128906
445.20794677734375, 296.8823547363281, 40.54180145263672, 111.48995208740234
446.9396057128906, 295.7178039550781, 40.54180145263672, 111.48995208740234
448.2846984863281, 295.0913391113281, 38.96751403808594, 107.1606674194336
450.87127685546875, 294.69970703125, 39.746864318847656, 109.30387878417969
451.1421813964844, 293.531005859375, 40.541805267333984, 111.48995971679688
451.5793151855469, 292.391845703125, 39.746864318847656, 109.30387878417969
453.9416809082031, 292.71044921875, 38.96751403808594, 107.1606674194336
454.61273193359375, 293.427490234375, 38.20344543457031, 105.05947875976562
456.11602783203125, 292.69696044921875, 37.4543571472168, 102.99948120117188
458.8157653808594, 292.92041015625, 37.4543571472168, 102.99948120117188
459.7088317871094, 292.2857666015625, 36.7199592590332, 100.97988891601562
460.7062683105469, 293.2384338378906, 35.29408264160156, 97.05872344970703
463.2935485839844, 293.25054931640625, 35.29408264160156, 97.05872344970703
466.1864013671875, 292.720947265625, 35.29408264160156, 97.05872344970703
467.62188720703125, 292.2108154296875, 34.60204315185547, 95.1556167602539
470.50823974609375, 292.0007629394531, 35.29408264160156, 97.05872344970703
469.8725891113281, 289.55596923828125, 35.999961853027344, 98.99989318847656
473.7347106933594, 289.3059997558594, 35.999961853027344, 98.99989318847656
474.730712890625, 288.43878173828125, 35.999961853027344, 98.99989318847656
475.9956359863281, 287.08868408203125, 35.999961853027344, 98.99989318847656
476.8160705566406, 285.2940673828125, 35.2940788269043, 97.0587158203125
478.7619323730469, 286.15496826171875, 33.92356872558594, 93.2898178100586
480.75, 285.13177490234375, 35.99995803833008, 98.99988555908203
481.5431823730469, 283.64617919921875, 34.6020393371582, 95.15560913085938
484.39227294921875, 284.25103759765625, 33.258399963378906, 91.46060180664062
485.11865234375, 284.38873291015625, 33.258399963378906, 91.46060180664062
487.2874450683594, 283.88818359375, 32.60627746582031, 89.6672592163086
488.43017578125, 283.2838134765625, 32.60627746582031, 89.6672592163086
489.71441650390625, 282.1726989746094, 32.60627746582031, 89.6672592163086
490.6127624511719, 281.41204833984375, 33.258399963378906, 91.46060180664062
491.88616943359375, 280.49847412109375, 33.92356872558594, 93.28981018066406
494.86822509765625, 279.13153076171875, 35.29407501220703, 97.05870819091797
494.4516296386719, 277.21539306640625, 35.99995422363281, 98.9998779296875
495.14996337890625, 275.6673583984375, 36.71995162963867, 100.97986602783203
496.0625305175781, 275.2296447753906, 35.99995422363281, 98.99987030029297
497.1914978027344, 273.57708740234375, 35.99995422363281, 98.99987030029297
499.7162780761719, 273.599609375, 35.99995422363281, 98.99987030029297
501.17828369140625, 272.576904296875, 35.294071197509766, 97.0586929321289
501.91375732421875, 272.021484375, 35.294071197509766, 97.0586929321289
503.0909423828125, 272.40765380859375, 34.60203170776367, 95.15558624267578
504.00140380859375, 272.20379638671875, 35.294071197509766, 97.0586929321289
505.25384521484375, 271.68585205078125, 35.294071197509766, 97.0586929321289
506.16510009765625, 270.5605773925781, 35.294071197509766, 97.0586929321289
507.6016845703125, 272.0755310058594, 33.923561096191406, 93.28978729248047
508.69061279296875, 271.3071594238281, 34.60203170776367, 95.15558624267578
510.8876953125, 271.2027587890625, 35.294071197509766, 97.0586929321289
510.83160400390625, 269.569580078125, 35.294071197509766, 97.0586929321289
512.0182495117188, 269.69842529296875, 34.60203170776367, 95.15558624267578
513.931396484375, 269.6438903808594, 34.60203170776367, 95.15558624267578
515.3129272460938, 269.36297607421875, 34.60203170776367, 95.15558624267578
515.3443603515625, 267.1280517578125, 35.99994659423828, 98.9998550415039
515.3319091796875, 265.82147216796875, 36.719947814941406, 100.9798583984375
516.2838134765625, 265.2959899902344, 35.99994659423828, 98.9998550415039
516.8695068359375, 263.81829833984375, 36.719947814941406, 100.9798583984375
518.0166625976562, 263.97821044921875, 35.2940673828125, 97.05868530273438
519.754638671875, 264.0852355957031, 34.602027893066406, 95.15557861328125
520.5608520507812, 264.19158935546875, 34.602027893066406, 95.15557861328125
521.8510131835938, 262.81317138671875, 35.2940673828125, 97.05868530273438
522.1580810546875, 262.33203125, 35.2940673828125, 97.05868530273438
522.32763671875, 260.6810302734375, 35.99994659423828, 98.9998550415039
522.8939208984375, 259.796875, 35.99994659423828, 98.9998550415039
524.0055541992188, 260.2591552734375, 35.2940673828125, 97.05868530273438
524.513916015625, 259.80987548828125, 35.2940673828125, 97.05868530273438
524.5855712890625, 259.19915771484375, 35.2940673828125, 97.05868530273438
524.6218872070312, 257.96368408203125, 35.99994659423828, 98.9998550415039
525.6324462890625, 256.7792663574219, 36.71994400024414, 100.97984313964844
525.7649536132812, 255.77597045898438, 36.71994400024414, 100.97984313964844
525.5189208984375, 255.389892578125, 36.71994400024414, 100.97984313964844
526.5291137695312, 254.25564575195312, 36.71994400024414, 100.97984313964844
527.0003051757812, 252.791259765625, 36.71994400024414, 100.97984313964844
527.9453125, 252.76377868652344, 35.999942779541016, 98.99984741210938
530.0332641601562, 253.33558654785156, 35.294063568115234, 97.05867767333984
529.9309692382812, 253.3131561279297, 35.294063568115234, 97.05867767333984
530.8060302734375, 253.42166137695312, 34.60202407836914, 95.15556335449219
530.4979858398438, 252.2327423095703, 35.999942779541016, 98.99983978271484
531.1356201171875, 252.36659240722656, 35.999942779541016, 98.99983978271484
530.92138671875, 251.61875915527344, 36.719940185546875, 100.9798355102539
531.7132568359375, 251.62982177734375, 35.99993896484375, 98.99983215332031
534.0183715820312, 251.93568420410156, 36.719940185546875, 100.9798355102539
533.7326049804688, 251.60435485839844, 36.719940185546875, 100.9798355102539
535.5299072265625, 253.0552978515625, 35.294063568115234, 97.05867004394531
537.0816040039062, 253.32696533203125, 35.294063568115234, 97.05867004394531
539.1915893554688, 252.8668670654297, 35.999942779541016, 98.99983978271484
540.3762817382812, 252.66786193847656, 35.999942779541016, 98.99983978271484
541.3330078125, 252.41517639160156, 35.999942779541016, 98.99983978271484
542.0353393554688, 252.4359588623047, 36.719940185546875, 100.9798355102539
542.8904418945312, 250.9900360107422, 37.45433807373047, 102.99942779541016
544.8276977539062, 249.78797912597656, 38.20342254638672, 105.05941772460938
545.3465576171875, 249.84767150878906, 37.45433807373047, 102.99942779541016
546.9547119140625, 250.02830505371094, 36.719940185546875, 100.9798355102539
548.7025146484375, 250.3990478515625, 35.99993896484375, 98.99983215332031
550.4453125, 250.0732879638672, 36.719940185546875, 100.9798355102539
550.9920654296875, 250.34307861328125, 35.99993896484375, 98.99983215332031
552.1437377929688, 248.5615692138672, 37.45433044433594, 102.9994125366211
553.8717041015625, 248.90391540527344, 36.71993637084961, 100.97982025146484
554.688720703125, 249.74755859375, 35.2940559387207, 97.05865478515625
556.9678955078125, 250.31785583496094, 34.60201644897461, 95.15554809570312
558.5191040039062, 250.18560791015625, 35.2940559387207, 97.05865478515625
559.59912109375, 249.60952758789062, 35.2940559387207, 97.05865478515625
561.6884765625, 250.17372131347656, 34.60201644897461, 95.15554809570312
564.3482055664062, 249.5755615234375, 35.2940559387207, 97.05865478515625
565.47705078125, 249.3717498779297, 34.60201644897461, 95.15554809570312
566.9330444335938, 247.89981079101562, 35.999935150146484, 98.99982452392578
568.2220458984375, 246.95779418945312, 35.999935150146484, 98.99982452392578
569.3602905273438, 245.98825073242188, 35.999935150146484, 98.99982452392578
570.937255859375, 245.54995727539062, 35.999935150146484, 98.99982452392578
572.9151000976562, 246.0382080078125, 35.2940559387207, 97.05865478515625
574.3966064453125, 246.2987518310547, 34.60201644897461, 95.1555404663086
576.43505859375, 245.5792236328125, 35.2940559387207, 97.05865478515625
576.6420288085938, 246.96763610839844, 34.60201644897461, 95.1555404663086
580.18115234375, 246.9298095703125, 33.923545837402344, 93.28974914550781
580.4464721679688, 246.66354370117188, 33.923545837402344, 93.28974914550781
582.9530029296875, 247.6958465576172, 33.25837707519531, 91.46053314208984
584.4044799804688, 247.6568603515625, 32.60625076293945, 89.66719055175781
587.2269287109375, 248.42221069335938, 31.966915130615234, 87.90901184082031
588.7967529296875, 249.37802124023438, 31.340112686157227, 86.18531036376953
592.0851440429688, 249.0084228515625, 31.340112686157227, 86.18531036376953
593.964111328125, 248.28802490234375, 31.966915130615234, 87.90901184082031
595.1170654296875, 247.37413024902344, 33.25837326049805, 91.46053314208984
595.8931274414062, 246.64053344726562, 33.92354202270508, 93.28974151611328
597.8942260742188, 245.82220458984375, 34.602012634277344, 95.15553283691406
597.849853515625, 244.60205078125, 35.99992752075195, 98.99980163574219
601.2789916992188, 244.58396911621094, 35.29404830932617, 97.05863189697266
602.3062133789062, 244.91290283203125, 34.60200881958008, 95.15552520751953
604.2387084960938, 244.33810424804688, 34.60200881958008, 95.15552520751953
606.0707397460938, 244.51498413085938, 34.60200881958008, 95.15552520751953
607.3252563476562, 245.20953369140625, 33.25837326049805, 91.46052551269531
608.2991943359375, 244.73123168945312, 33.92353820800781, 93.28973388671875
609.5296630859375, 245.11587524414062, 33.92353820800781, 93.28973388671875
611.3798217773438, 245.2708740234375, 33.92353820800781, 93.28973388671875
612.1465454101562, 244.84390258789062, 33.92353820800781, 93.28973388671875
613.224365234375, 244.49978637695312, 33.92353820800781, 93.28973388671875
615.7500610351562, 245.1688232421875, 33.25837326049805, 91.46052551269531
616.1499633789062, 243.919189453125, 33.92353820800781, 93.28973388671875
617.4705200195312, 242.735595703125, 34.60200881958008, 95.15552520751953
619.9422607421875, 243.07168579101562, 33.92353820800781, 93.28973388671875
621.5481567382812, 242.34552001953125, 33.92353820800781, 93.28973388671875
622.163818359375, 241.42947387695312, 33.92353820800781, 93.28973388671875
623.4683837890625, 242.01873779296875, 32.60624694824219, 89.66718292236328
626.0867309570312, 241.78598022460938, 32.60624694824219, 89.66718292236328
626.2557983398438, 241.07192993164062, 32.60624694824219, 89.66718292236328
627.18212890625, 240.5439453125, 33.25837326049805, 91.46052551269531
628.9093017578125, 240.89016723632812, 32.60624694824219, 89.66718292236328
630.0021362304688, 241.12527465820312, 32.60624694824219, 89.66718292236328
631.2129516601562, 241.0440673828125, 32.60624694824219, 89.66718292236328
632.765869140625, 241.75192260742188, 31.96691131591797, 87.90900421142578
635.4853515625, 241.62100219726562, 31.96691131591797, 87.90900421142578
636.5960083007812, 241.52920532226562, 31.96691131591797, 87.90900421142578
638.4692993164062, 242.599853515625, 31.34010887145996, 86.18529510498047
640.3605346679688, 243.4868621826172, 30.725597381591797, 84.49539184570312
643.37353515625, 243.2604217529297, 30.725597381591797, 84.49539184570312
644.0186157226562, 242.69650268554688, 31.34010887145996, 86.18529510498047
645.9850463867188, 241.60247802734375, 31.96691131591797, 87.90900421142578
647.3165893554688, 240.995849609375, 32.60624694824219, 89.66718292236328
647.5746459960938, 241.14279174804688, 32.60624694824219, 89.66718292236328
648.863525390625, 239.43182373046875, 33.92353820800781, 93.28972625732422
651.0406494140625, 239.0196533203125, 33.92353820800781, 93.28972625732422
651.546142578125, 239.17227172851562, 33.25836944580078, 91.46051788330078
652.5161743164062, 238.51034545898438, 33.25836944580078, 91.46051788330078
654.2734985351562, 239.66458129882812, 31.966907501220703, 87.90899658203125
657.1334838867188, 239.37567138671875, 31.966907501220703, 87.90899658203125
657.6536254882812, 240.02020263671875, 31.966907501220703, 87.90899658203125
658.8270874023438, 239.84048461914062, 32.60624694824219, 89.66717529296875
659.1300048828125, 239.84646606445312, 31.966907501220703, 87.90899658203125
661.5988159179688, 239.71755981445312, 31.966907501220703, 87.90899658203125
662.7744750976562, 239.98995971679688, 31.966907501220703, 87.90899658203125
663.42529296875, 238.34854125976562, 33.25836944580078, 91.46051025390625
664.206787109375, 238.99053955078125, 31.96690559387207, 87.90898895263672
667.0108642578125, 238.9608154296875, 31.96690559387207, 87.90898895263672
667.9654541015625, 237.81365966796875, 32.60624313354492, 89.66716766357422
668.1725463867188, 237.41033935546875, 31.96690559387207, 87.90898895263672
670.183349609375, 237.15643310546875, 31.96690559387207, 87.90898895263672
671.4718627929688, 237.19549560546875, 31.340103149414062, 86.18528747558594
672.844970703125, 237.48391723632812, 31.340103149414062, 86.18528747558594
673.8052368164062, 236.4637451171875, 31.96690559387207, 87.90898895263672
675.4161376953125, 236.32589721679688, 31.96690559387207, 87.90898895263672
676.5697021484375, 236.8548583984375, 31.340103149414062, 86.18528747558594
677.62451171875, 236.12039184570312, 31.96690559387207, 87.90898895263672
680.1533203125, 237.21728515625, 30.72559356689453, 84.49537658691406
682.199462890625, 237.28244018554688, 30.72559356689453, 84.49537658691406
683.717041015625, 238.05831909179688, 30.123130798339844, 82.83860778808594
686.6244506835938, 237.674072265625, 30.123130798339844, 82.83860778808594
688.4652709960938, 238.57167053222656, 29.532480239868164, 81.21431732177734
690.4075317382812, 238.5547637939453, 29.532480239868164, 81.21431732177734
693.52490234375, 239.20083618164062, 28.953411102294922, 79.62187957763672
694.9973754882812, 239.52981567382812, 28.953411102294922, 79.62187957763672
698.5262451171875, 239.35098266601562, 28.953411102294922, 79.62187957763672
698.5487670898438, 239.12376403808594, 30.123126983642578, 82.8386001586914
701.25390625, 238.64852905273438, 30.725589752197266, 84.49537658691406
701.871337890625, 237.76370239257812, 31.966901779174805, 87.90898132324219
702.9881591796875, 237.88064575195312, 31.966901779174805, 87.90898132324219
704.6237182617188, 237.97882080078125, 31.966901779174805, 87.90898132324219
705.6407470703125, 237.63775634765625, 31.966901779174805, 87.90898132324219
706.9682006835938, 237.29620361328125, 31.966901779174805, 87.90898132324219
708.50927734375, 237.8678436279297, 31.340099334716797, 86.18527221679688
708.5390014648438, 237.45523071289062, 31.966901779174805, 87.90898132324219
709.4529418945312, 237.60821533203125, 31.966901779174805, 87.90898132324219
710.74072265625, 237.89407348632812, 31.966901779174805, 87.90898132324219
712.0318603515625, 237.453369140625, 32.606239318847656, 89.66716003417969
712.442626953125, 238.2937774658203, 31.34010124206543, 86.1852798461914
714.0186767578125, 238.6472930908203, 31.34010124206543, 86.1852798461914
715.3446655273438, 238.183837890625, 31.966903686523438, 87.90898895263672
716.4188842773438, 238.8657684326172, 31.34010124206543, 86.1852798461914
716.5322875976562, 237.41513061523438, 32.606239318847656, 89.66716003417969
718.3432006835938, 237.9051055908203, 31.34010124206543, 86.1852798461914
719.0042724609375, 237.4061279296875, 31.966903686523438, 87.90898895263672
721.4075317382812, 237.44691467285156, 31.34010124206543, 86.1852798461914
721.14599609375, 237.13133239746094, 31.34010124206543, 86.1852798461914
724.0372314453125, 238.4692840576172, 30.123126983642578, 82.8386001586914
723.7945556640625, 238.01190185546875, 30.725589752197266, 84.49537658691406
723.8052368164062, 236.9384307861328, 31.34010124206543, 86.1852798461914
724.8757934570312, 236.9867706298828, 31.34010124206543, 86.1852798461914
726.2484130859375, 237.0741729736328, 31.34010124206543, 86.1852798461914
727.7069091796875, 236.95652770996094, 31.34010124206543, 86.1852798461914
728.3223266601562, 238.31053161621094, 30.123126983642578, 82.8386001586914
729.2667236328125, 238.75775146484375, 30.725589752197266, 84.49537658691406
730.5859985351562, 238.69227600097656, 30.123126983642578, 82.8386001586914
732.2762451171875, 239.07508850097656, 30.123126983642578, 82.8386001586914
733.2972412109375, 239.61782836914062, 29.53247833251953, 81.21430969238281
734.4842529296875, 239.8880615234375, 29.53247833251953, 81.21430969238281
737.114990234375, 239.84918212890625, 29.53247833251953, 81.21430969238281
738.3994750976562, 240.10064697265625, 29.53247833251953, 81.21430969238281
738.403076171875, 238.79464721679688, 30.7255859375, 84.495361328125
741.1712036132812, 238.9763641357422, 30.123123168945312, 82.83859252929688
741.0999755859375, 238.60365295410156, 31.34009552001953, 86.18526458740234
742.6660766601562, 238.39430236816406, 31.96689796447754, 87.90896606445312
743.5859375, 238.2809295654297, 31.34009552001953, 86.18526458740234
744.6091918945312, 238.30970764160156, 31.34009552001953, 86.18526458740234
746.03369140625, 238.30213928222656, 31.34009552001953, 86.18526458740234
747.1318359375, 238.08570861816406, 31.34009552001953, 86.18526458740234
747.9951782226562, 238.08995056152344, 31.34009552001953, 86.18526458740234
749.2015380859375, 239.15875244140625, 30.725584030151367, 84.49535369873047
750.4666137695312, 240.48570251464844, 30.12312126159668, 82.83858489990234
752.1807861328125, 240.99082946777344, 30.12312126159668, 82.83858489990234
752.3285522460938, 240.60560607910156, 30.12312126159668, 82.83858489990234
753.547119140625, 241.37680053710938, 29.532470703125, 81.21429443359375
754.2791137695312, 240.83554077148438, 30.7255802154541, 84.49534606933594
755.0721435546875, 240.09567260742188, 30.7255802154541, 84.49534606933594
756.375244140625, 239.82943725585938, 30.7255802154541, 84.49534606933594
758.1370239257812, 240.29690551757812, 29.532468795776367, 81.21428680419922
759.3111572265625, 240.026123046875, 29.532468795776367, 81.21428680419922
759.5198974609375, 240.1671905517578, 28.953401565551758, 79.62185668945312
761.7117919921875, 240.1691131591797, 28.953401565551758, 79.62185668945312
761.6697998046875, 239.8631134033203, 28.953401565551758, 79.62185668945312
762.0193481445312, 238.72354125976562, 29.532468795776367, 81.21428680419922
763.4390869140625, 239.0701446533203, 28.953401565551758, 79.62185668945312
763.75146484375, 237.64193725585938, 30.123117446899414, 82.83856964111328
764.6881713867188, 237.69876098632812, 29.532466888427734, 81.21428680419922
766.1454467773438, 238.24644470214844, 28.953399658203125, 79.6218490600586
767.7147216796875, 239.47979736328125, 27.829105377197266, 76.53003692626953
768.4908447265625, 239.0011444091797, 28.38568687438965, 78.06063842773438
770.0205688476562, 240.10060119628906, 27.283435821533203, 75.02944946289062
771.296142578125, 239.91685485839844, 27.283435821533203, 75.02944946289062
774.2273559570312, 240.346923828125, 26.223989486694336, 72.11597442626953
774.3341064453125, 240.6949005126953, 25.709793090820312, 70.70193481445312
776.9051513671875, 241.11862182617188, 25.205678939819336, 69.31562042236328
778.3639526367188, 240.27865600585938, 26.223987579345703, 72.115966796875
778.8712158203125, 242.41909790039062, 25.205678939819336, 69.31562042236328
781.1911010742188, 243.03329467773438, 24.711450576782227, 67.95648956298828
781.5584106445312, 243.05230712890625, 24.711450576782227, 67.95648956298828
783.5800170898438, 243.19119262695312, 24.226913452148438, 66.62400817871094
784.7083129882812, 243.47222900390625, 24.226913452148438, 66.62400817871094
785.7890014648438, 243.40292358398438, 24.711450576782227, 67.95648956298828
785.7646484375, 243.07846069335938, 24.226913452148438, 66.62400817871094
788.2352905273438, 242.70872497558594, 23.751874923706055, 65.31765747070312
789.0657348632812, 244.0106964111328, 23.751874923706055, 65.31765747070312
790.123779296875, 244.516357421875, 24.226911544799805, 66.62400817871094
789.2259521484375, 243.20062255859375, 24.711448669433594, 67.95648193359375
789.6514892578125, 242.45767211914062, 25.205677032470703, 69.31561279296875
790.4199829101562, 242.393310546875, 25.205677032470703, 69.31561279296875
791.16455078125, 242.51910400390625, 25.205677032470703, 69.31561279296875
793.1808471679688, 242.6119384765625, 24.711448669433594, 67.95648193359375
793.4116821289062, 242.10595703125, 24.226911544799805, 66.62400817871094
794.2826538085938, 241.86790466308594, 23.751874923706055, 65.31765747070312
795.1009521484375, 241.3790283203125, 24.226911544799805, 66.62400817871094
795.7781372070312, 241.23939514160156, 23.751874923706055, 65.31765747070312
797.4610595703125, 240.7161407470703, 23.751874923706055, 65.31765747070312
797.9620361328125, 240.92987060546875, 23.286151885986328, 64.03691864013672
798.6985473632812, 240.6553955078125, 23.286151885986328, 64.03691864013672
799.5028686523438, 240.9625701904297, 22.829559326171875, 62.781288146972656
801.4763793945312, 240.99171447753906, 22.829559326171875, 62.781288146972656
802.04248046875, 241.12037658691406, 22.829559326171875, 62.781288146972656
802.3818359375, 241.16969299316406, 22.829559326171875, 62.781288146972656
803.705322265625, 242.1875, 22.381919860839844, 61.5502815246582
804.2598266601562, 242.05050659179688, 22.381919860839844, 61.5502815246582
805.113525390625, 242.5515899658203, 21.94305992126465, 60.343414306640625
806.767578125, 242.82313537597656, 21.94305992126465, 60.343414306640625
808.3619384765625, 242.60574340820312, 22.381919860839844, 61.5502815246582
808.7992553710938, 241.7283935546875, 22.381919860839844, 61.5502815246582
811.0073852539062, 240.8271026611328, 22.829557418823242, 62.78128433227539
812.1436157226562, 242.51197814941406, 22.38191795349121, 61.55027389526367
812.0979614257812, 240.62400817871094, 23.28614616394043, 64.03690338134766
813.6751708984375, 240.02493286132812, 23.751869201660156, 65.31763458251953
815.0609741210938, 240.62503051757812, 23.751869201660156, 65.31763458251953
815.8445434570312, 238.79173278808594, 24.226905822753906, 66.62398529052734
816.4049682617188, 238.25848388671875, 23.751869201660156, 65.31763458251953
816.8709716796875, 239.19284057617188, 23.751869201660156, 65.31763458251953
817.6956787109375, 238.77076721191406, 24.226905822753906, 66.62398529052734
818.187744140625, 238.76223754882812, 23.751869201660156, 65.31763458251953
818.4310913085938, 239.07461547851562, 23.751869201660156, 65.31763458251953
819.115234375, 239.1824188232422, 24.226905822753906, 66.62398529052734
819.541015625, 238.6685791015625, 23.751869201660156, 65.31763458251953
820.9863891601562, 239.17788696289062, 23.751869201660156, 65.31763458251953
821.9918212890625, 239.66912841796875, 23.751869201660156, 65.31763458251953
822.755126953125, 239.18898010253906, 24.226905822753906, 66.62398529052734
823.1176147460938, 239.23159790039062, 23.751869201660156, 65.31763458251953
825.0700073242188, 239.1932373046875, 23.751869201660156, 65.31763458251953
825.3168334960938, 238.2378387451172, 24.226905822753906, 66.62398529052734
825.08544921875, 237.81228637695312, 23.751869201660156, 65.31763458251953
826.6597290039062, 237.59246826171875, 23.751869201660156, 65.31763458251953
827.2734375, 237.73338317871094, 23.286144256591797, 64.03689575195312
827.94091796875, 237.9735565185547, 22.829553604125977, 62.781272888183594
828.52734375, 237.9329071044922, 22.829553604125977, 62.781272888183594
829.794921875, 238.0170135498047, 22.829553604125977, 62.781272888183594
830.0899047851562, 238.1395721435547, 22.829553604125977, 62.781272888183594
830.9818725585938, 239.13340759277344, 22.381914138793945, 61.550262451171875
830.9176025390625, 238.9107208251953, 22.381914138793945, 61.550262451171875
831.598876953125, 239.59832763671875, 21.94305419921875, 60.3433952331543
833.3387451171875, 240.360595703125, 21.94305419921875, 60.3433952331543
833.8817138671875, 240.55731201171875, 21.94305419921875, 60.3433952331543
835.4814453125, 240.25514221191406, 22.381914138793945, 61.550262451171875
835.7393798828125, 240.35311889648438, 21.94305419921875, 60.3433952331543
837.5174560546875, 241.23397827148438, 21.94305419921875, 60.3433952331543
838.1036376953125, 241.33731079101562, 21.94305419921875, 60.3433952331543
839.3599853515625, 242.3803253173828, 21.51279640197754, 59.16019058227539
839.964111328125, 242.27737426757812, 21.94305419921875, 60.3433952331543
842.8912353515625, 242.4061279296875, 21.94305419921875, 60.3433952331543
843.678955078125, 242.86952209472656, 22.381914138793945, 61.550262451171875
843.9837036132812, 242.14212036132812, 22.829551696777344, 62.78126525878906
844.7775268554688, 242.02345275878906, 23.286142349243164, 64.03689575195312
845.3565673828125, 242.281005859375, 22.829551696777344, 62.78126525878906
847.5029296875, 242.2308807373047, 23.286142349243164, 64.03689575195312
847.6381225585938, 243.0555877685547, 22.381914138793945, 61.550262451171875
849.7330322265625, 243.4335479736328, 22.381914138793945, 61.550262451171875
850.3753051757812, 243.5636749267578, 22.381914138793945, 61.550262451171875
850.7906494140625, 244.04505920410156, 22.381914138793945, 61.550262451171875
851.7269287109375, 244.77159118652344, 22.381914138793945, 61.550262451171875
852.3475952148438, 244.62998962402344, 22.381914138793945, 61.550262451171875
853.1174926757812, 244.69651794433594, 22.381914138793945, 61.550262451171875
853.6737060546875, 244.7958221435547, 22.381914138793945, 61.550262451171875
855.4729614257812, 244.64671325683594, 22.381914138793945, 61.550262451171875
855.884521484375, 245.7113037109375, 21.94305419921875, 60.3433952331543
857.9825439453125, 245.77801513671875, 21.94305419921875, 60.3433952331543
858.8167724609375, 245.54837036132812, 21.94305419921875, 60.3433952331543
859.0248413085938, 244.39683532714844, 22.381914138793945, 61.550262451171875
859.130126953125, 244.124267578125, 21.94305419921875, 60.3433952331543
860.4253540039062, 245.1410369873047, 21.51279640197754, 59.16019058227539
860.5780029296875, 244.8411865234375, 21.94305419921875, 60.3433952331543
862.639892578125, 245.0276336669922, 21.51279640197754, 59.16019058227539
863.232421875, 245.3656768798828, 21.51279640197754, 59.16019058227539
864.9512939453125, 245.03982543945312, 21.94305419921875, 60.3433952331543
865.756103515625, 245.85104370117188, 21.94305419921875, 60.3433952331543
866.377685546875, 246.0604248046875, 21.94305419921875, 60.3433952331543
867.1702880859375, 246.50271606445312, 21.94305419921875, 60.3433952331543
868.4156494140625, 247.239501953125, 21.94305419921875, 60.3433952331543
869.8790283203125, 247.43679809570312, 21.94305419921875, 60.3433952331543
872.0499267578125, 247.75111389160156, 21.51279640197754, 59.16019058227539
873.2606201171875, 247.9033966064453, 21.51279640197754, 59.16019058227539
874.0607299804688, 248.16001892089844, 21.51279640197754, 59.16019058227539
876.210205078125, 248.49937438964844, 21.51279640197754, 59.16019058227539
877.1890869140625, 248.80242919921875, 21.94305419921875, 60.3433952331543
878.9014892578125, 248.8097686767578, 22.381914138793945, 61.550262451171875
879.1411743164062, 249.1459197998047, 22.381914138793945, 61.550262451171875
880.4181518554688, 248.871337890625, 22.829551696777344, 62.78126525878906
882.6704711914062, 248.49563598632812, 22.829551696777344, 62.78126525878906
882.7356567382812, 249.27755737304688, 22.829551696777344, 62.78126525878906
884.2052612304688, 250.1415252685547, 22.381912231445312, 61.55025863647461
884.8062133789062, 250.4570770263672, 22.381912231445312, 61.55025863647461
886.459716796875, 250.08937072753906, 22.381912231445312, 61.55025863647461
886.5892333984375, 251.8816680908203, 22.381912231445312, 61.55025863647461
887.478271484375, 251.8748016357422, 22.381912231445312, 61.55025863647461
887.937255859375, 251.64727783203125, 22.82954978942871, 62.7812614440918
888.7547607421875, 251.89837646484375, 22.82954978942871, 62.7812614440918
889.5503540039062, 251.82965087890625, 22.82954978942871, 62.7812614440918
891.2216796875, 251.466064453125, 22.82954978942871, 62.7812614440918
892.3546752929688, 252.09368896484375, 22.82954978942871, 62.7812614440918
893.6244506835938, 252.16590881347656, 22.38191032409668, 61.55025100708008
894.264892578125, 251.61241149902344, 22.38191032409668, 61.55025100708008
894.9539184570312, 250.43885803222656, 22.38191032409668, 61.55025100708008
895.5233764648438, 250.0571746826172, 22.38191032409668, 61.55025100708008
896.587890625, 250.4318084716797, 22.38191032409668, 61.55025100708008
897.377197265625, 249.8822479248047, 22.38191032409668, 61.55025100708008
898.3112182617188, 250.45343017578125, 21.94304847717285, 60.3433837890625
899.1311645507812, 250.29588317871094, 22.38191032409668, 61.55025100708008
899.3238525390625, 250.3037109375, 21.94304847717285, 60.3433837890625
900.8756713867188, 250.65245056152344, 22.38191032409668, 61.55025100708008
900.6126098632812, 250.6111602783203, 22.38191032409668, 61.55025100708008
902.5542602539062, 250.75315856933594, 22.38191032409668, 61.55025100708008
903.622802734375, 251.78070068359375, 21.94304847717285, 60.3433837890625
905.7815551757812, 252.51113891601562, 21.94304847717285, 60.3433837890625
906.6215209960938, 253.35458374023438, 21.94304847717285, 60.3433837890625
907.4082641601562, 253.50070190429688, 21.94304847717285, 60.3433837890625
909.3883056640625, 253.60418701171875, 21.94304847717285, 60.3433837890625
910.4850463867188, 254.22003173828125, 21.94304847717285, 60.3433837890625
912.0858154296875, 253.6268768310547, 22.38191032409668, 61.55025100708008
912.6527099609375, 253.79820251464844, 22.38191032409668, 61.55025100708008
914.8432006835938, 254.28602600097656, 22.38191032409668, 61.55025100708008
914.841796875, 254.0342254638672, 22.38191032409668, 61.55025100708008
915.8902587890625, 254.4660186767578, 22.38191032409668, 61.55025100708008
916.6094360351562, 254.0091094970703, 22.38191032409668, 61.55025100708008
918.6388549804688, 254.19944763183594, 22.38191032409668, 61.55025100708008
919.4007568359375, 254.8618621826172, 22.38191032409668, 61.55025100708008
920.0930786132812, 255.07286071777344, 22.38191032409668, 61.55025100708008
920.6807250976562, 256.1688232421875, 22.38191032409668, 61.55025100708008
921.4885864257812, 257.2013854980469, 22.38191032409668, 61.55025100708008
921.7005615234375, 257.61248779296875, 22.38191032409668, 61.55025100708008
922.5263061523438, 258.0151672363281, 22.38191032409668, 61.55025100708008
923.0787353515625, 259.0395812988281, 22.38191032409668, 61.55025100708008
923.3767700195312, 259.4347839355469, 22.38191032409668, 61.55025100708008
924.1066284179688, 259.9872741699219, 22.38191032409668, 61.55025100708008
924.72607421875, 261.4260559082031, 22.38191032409668, 61.55025100708008
926.0037231445312, 261.78424072265625, 22.38191032409668, 61.55025100708008
925.973388671875, 262.4339294433594, 22.38191032409668, 61.55025100708008
926.1705322265625, 262.8555908203125, 22.38191032409668, 61.55025100708008
926.6762084960938, 263.7520446777344, 22.38191032409668, 61.55025100708008
927.6965942382812, 264.4996337890625, 22.38191032409668, 61.55025100708008
928.4890747070312, 265.1219177246094, 22.38191032409668, 61.55025100708008
928.7826538085938, 266.31707763671875, 22.38191032409668, 61.55025100708008
929.3030395507812, 266.67218017578125, 22.38191032409668, 61.55025100708008
929.0829467773438, 268.4718933105469, 22.38191032409668, 61.55025100708008
929.6158447265625, 269.3441467285156, 22.38191032409668, 61.55025100708008
930.5191650390625, 270.5265808105469, 22.38191032409668, 61.55025100708008
930.5978393554688, 272.438720703125, 22.38191032409668, 61.55025100708008
931.2180786132812, 273.3370666503906, 22.38191032409668, 61.55025100708008
931.4683837890625, 274.32281494140625, 22.38191032409668, 61.55025100708008
932.3480224609375, 275.8365173339844, 22.38191032409668, 61.55025100708008
932.6340942382812, 277.612548828125, 22.38191032409668, 61.55025100708008
933.8292846679688, 278.6787109375, 22.38191032409668, 61.55025100708008
933.6696166992188, 280.26214599609375, 22.38191032409668, 61.55025100708008
936.0352172851562, 281.0871276855469, 22.38191032409668, 61.55025100708008
935.998046875, 283.5184631347656, 22.38191032409668, 61.55025100708008
937.8366088867188, 284.0753479003906, 22.38191032409668, 61.55025100708008
938.3383178710938, 286.417724609375, 22.38191032409668, 61.55025100708008
940.7389526367188, 286.979736328125, 22.38191032409668, 61.55025100708008
941.9019165039062, 289.60137939453125, 22.38191032409668, 61.55025100708008
942.857666015625, 290.1794128417969, 22.38191032409668, 61.55025100708008
943.3225708007812, 292.4285888671875, 22.38191032409668, 61.55025100708008
944.9981689453125, 292.8084411621094, 22.38191032409668, 61.55025100708008
945.1568603515625, 294.2577209472656, 22.38191032409668, 61.55025100708008
946.5026245117188, 294.9459533691406, 22.38191032409668, 61.55025100708008
947.3381958007812, 296.95086669921875, 22.38191032409668, 61.55025100708008
948.1943359375, 298.01776123046875, 22.38191032409668, 61.55025100708008
949.0077514648438, 299.0017395019531, 22.38191032409668, 61.55025100708008
949.3067626953125, 299.4999694824219, 22.38191032409668, 61.55025100708008
950.3016967773438, 299.99029541015625, 22.38191032409668, 61.55025100708008
950.5762329101562, 301.57830810546875, 22.38191032409668, 61.55025100708008
951.8556518554688, 302.3185729980469, 22.38191032409668, 61.55025100708008
951.89892578125, 302.9153747558594, 22.38191032409668, 61.55025100708008
952.6497192382812, 304.2696228027344, 22.38191032409668, 61.55025100708008
953.9757690429688, 304.57666015625, 22.38191032409668, 61.55025100708008
954.1389770507812, 304.66937255859375, 22.38191032409668, 61.55025100708008
954.9189453125, 305.5091857910156, 22.38191032409668, 61.55025100708008
955.4619750976562, 305.6880798339844, 22.38191032409668, 61.55025100708008
956.4761962890625, 306.2673034667969, 22.38191032409668, 61.55025100708008
956.992431640625, 306.07421875, 22.38191032409668, 61.55025100708008
958.9545288085938, 306.1098327636719, 22.38191032409668, 61.55025100708008
960.9378662109375, 306.1972961425781, 22.38191032409668, 61.55025100708008
963.714599609375, 307.5078125, 22.38191032409668, 61.55025100708008
968.2122802734375, 308.3585510253906, 22.38191032409668, 61.55025100708008
973.0670776367188, 308.31298828125, 22.38191032409668, 61.55025100708008
979.6903686523438, 309.6022033691406, 22.38191032409668, 61.55025100708008
986.964599609375, 312.03350830078125, 22.38191032409668, 61.55025100708008
995.499267578125, 313.05535888671875, 22.38191032409668, 61.55025100708008
1005.4612426757812, 315.7072448730469, 22.38191032409668, 61.55025100708008
1018.2534790039062, 317.8099060058594, 22.38191032409668, 61.55025100708008
1035.6497802734375, 320.81494140625, 22.38191032409668, 61.55025100708008
1057.6783447265625, 326.2513732910156, 22.38191032409668, 61.55025100708008
1084.22900390625, 331.58367919921875, 22.38191032409668, 61.55025100708008
1112.635009765625, 338.7725524902344, 22.38191032409668, 61.55025100708008
1143.391357421875, 345.7856140136719, 22.38191032409668, 61.55025100708008
1173.5135498046875, 354.67852783203125, 22.38191032409668, 61.55025100708008
1204.3095703125, 363.9017333984375, 22.38191032409668, 61.55025100708008
1234.65283203125, 373.75164794921875, 22.38191032409668, 61.55025100708008
