668, 456, 26, 48
669, 456, 26, 48
671, 456, 26, 48
0.0, 0.0, 0.0, 0.0
677, 464, 29, 55
679, 464, 29, 55
682, 463, 29, 55
685, 463, 29, 55
0.0, 0.0, 0.0, 0.0
685, 461, 29, 55
687, 461, 29, 55
689, 461, 29, 55
692, 462, 29, 55
0.0, 0.0, 0.0, 0.0
695, 463, 29, 55
697, 463, 29, 55
700, 464, 29, 55
702, 465, 29, 55
705, 465, 29, 55
0.0, 0.0, 0.0, 0.0
708, 464, 29, 55
709, 463, 29, 55
0.0, 0.0, 0.0, 0.0
708, 461, 29, 55
710, 461, 29, 55
0.0, 0.0, 0.0, 0.0
713, 462, 29, 55
713, 462, 29, 55
713, 461, 29, 55
713, 460, 29, 55
713, 461, 29, 55
714, 460, 29, 55
714, 461, 29, 55
0.0, 0.0, 0.0, 0.0
712, 463, 29, 55
712, 463, 29, 55
712, 462, 29, 55
712, 463, 29, 55
712, 462, 29, 55
712, 462, 29, 55
712, 462, 29, 55
712, 461, 29, 55
712, 460, 29, 55
712, 460, 29, 55
712, 460, 29, 55
712, 459, 29, 55
712, 458, 29, 55
712, 458, 29, 55
712, 458, 29, 55
711, 457, 29, 55
712, 455, 29, 55
711, 455, 29, 55
711, 454, 29, 55
711, 454, 29, 55
712, 454, 29, 55
711, 453, 29, 55
712, 452, 29, 55
712, 453, 29, 55
711, 451, 29, 55
712, 450, 29, 55
712, 451, 29, 55
712, 450, 29, 55
712, 450, 29, 55
712, 450, 29, 55
712, 449, 29, 55
712, 448, 29, 55
712, 448, 29, 55
713, 448, 29, 55
714, 447, 29, 55
714, 447, 29, 55
715, 447, 29, 55
716, 446, 29, 55
717, 447, 29, 55
718, 446, 29, 55
718, 446, 29, 55
719, 446, 29, 55
720, 446, 29, 55
721, 446, 29, 55
0.0, 0.0, 0.0, 0.0
721, 445, 29, 55
723, 445, 29, 55
724, 445, 29, 55
725, 445, 29, 55
726, 445, 29, 55
728, 445, 29, 55
729, 445, 29, 55
0.0, 0.0, 0.0, 0.0
727, 444, 29, 55
728, 443, 29, 55
728, 442, 29, 55
727, 442, 29, 55
727, 441, 29, 55
726, 440, 29, 55
725, 440, 29, 55
725, 439, 29, 55
725, 438, 29, 55
725, 438, 29, 55
725, 437, 29, 55
724, 436, 29, 55
0.0, 0.0, 0.0, 0.0
810, 426, 20, 37
810, 425, 20, 37
810, 425, 20, 37
811, 424, 20, 37
811, 423, 20, 37
811, 423, 20, 37
811, 422, 20, 37
811, 420, 20, 37
811, 418, 20, 37
811, 417, 20, 37
0.0, 0.0, 0.0, 0.0
804, 407, 29, 55
804, 406, 29, 55
803, 406, 29, 55
804, 405, 29, 55
803, 404, 29, 55
803, 404, 29, 55
803, 403, 29, 55
803, 401, 29, 55
803, 401, 29, 55
802, 400, 29, 55
801, 401, 29, 55
802, 399, 29, 55
801, 399, 29, 55
801, 398, 29, 55
801, 399, 29, 55
800, 397, 29, 55
799, 397, 29, 55
800, 396, 29, 55
799, 396, 29, 55
799, 396, 29, 55
799, 395, 29, 55
799, 394, 29, 55
799, 395, 29, 55
799, 394, 29, 55
799, 394, 29, 55
799, 394, 29, 55
798, 393, 29, 55
797, 392, 29, 55
798, 392, 29, 55
797, 392, 29, 55
797, 391, 29, 55
797, 390, 29, 55
797, 390, 29, 55
797, 389, 29, 55
797, 388, 29, 55
797, 388, 29, 55
797, 388, 29, 55
797, 387, 29, 55
797, 386, 29, 55
797, 386, 29, 55
797, 386, 29, 55
798, 384, 29, 55
797, 382, 29, 55
798, 382, 29, 55
798, 382, 29, 55
798, 382, 29, 55
798, 381, 29, 55
798, 379, 29, 55
798, 379, 29, 55
799, 378, 29, 55
800, 378, 29, 55
800, 377, 29, 55
800, 376, 29, 55
800, 376, 29, 55
801, 375, 29, 55
802, 373, 29, 55
802, 373, 29, 55
802, 372, 29, 55
802, 372, 29, 55
802, 371, 29, 55
803, 370, 29, 55
804, 371, 29, 55
803, 369, 29, 55
804, 369, 29, 55
804, 368, 29, 55
804, 368, 29, 55
804, 367, 29, 55
804, 366, 29, 55
804, 366, 29, 55
804, 365, 29, 55
804, 364, 29, 55
804, 364, 29, 55
804, 363, 29, 55
804, 362, 29, 55
805, 362, 29, 55
805, 361, 29, 55
805, 359, 29, 55
805, 359, 29, 55
805, 358, 29, 55
805, 358, 29, 55
805, 358, 29, 55
805, 358, 29, 55
805, 357, 29, 55
805, 356, 29, 55
804, 356, 29, 55
803, 355, 29, 55
804, 354, 29, 55
803, 354, 29, 55
0.0, 0.0, 0.0, 0.0
811, 353, 19, 37
811, 353, 19, 37
811, 352, 19, 37
811, 351, 19, 37
811, 352, 19, 37
811, 350, 19, 37
811, 350, 19, 37
811, 350, 19, 37
811, 350, 19, 37
811, 349, 19, 37
811, 350, 19, 37
811, 348, 19, 37
811, 348, 19, 37
811, 347, 19, 37
811, 347, 19, 37
811, 347, 19, 37
811, 347, 19, 37
811, 347, 19, 37
811, 346, 19, 37
811, 345, 19, 37
811, 346, 19, 37
811, 345, 19, 37
812, 345, 19, 37
813, 345, 19, 37
812, 345, 19, 37
813, 345, 19, 37
813, 344, 19, 37
813, 343, 19, 37
813, 343, 19, 37
814, 343, 19, 37
815, 342, 19, 37
815, 341, 19, 37
815, 341, 19, 37
