652.0,562.0,40.0,66.0
654.0,560.0,40.0,66.0
656.0,557.0,40.0,66.0
658.0,555.0,40.0,66.0
661.0,551.0,40.0,66.0
662.0,548.0,40.0,66.0
665.0,545.0,40.0,66.0
666.0,541.0,40.0,66.0
669.0,538.0,40.0,66.0
670.0,533.0,40.0,66.0
672.0,528.0,40.0,66.0
674.0,523.0,40.0,66.0
676.0,518.0,40.0,66.0
678.0,512.0,40.0,66.0
680.0,507.0,40.0,66.0
683.0,501.0,40.0,65.0
686.0,495.0,39.0,64.0
688.0,490.0,39.0,62.0
691.0,484.0,38.0,61.0
348.0,241.0,16.0,25.0
349.0,238.0,16.0,25.0
349.0,235.0,16.0,25.0
350.0,232.0,16.0,25.0
351.0,232.0,16.0,25.0
352.0,232.0,16.0,25.0
353.0,232.0,16.0,25.0
354.0,232.0,16.0,25.0
355.0,232.0,16.0,25.0
356.0,232.0,16.0,25.0
357.0,232.0,16.0,25.0
358.0,233.0,16.0,25.0
360.0,233.0,16.0,25.0
361.0,233.0,16.0,25.0
362.0,233.0,16.0,25.0
363.0,234.0,16.0,25.0
364.0,234.0,16.0,25.0
365.0,234.0,16.0,25.0
366.0,234.0,16.0,25.0
367.0,235.0,16.0,25.0
368.0,235.0,16.0,25.0
370.0,235.0,16.0,25.0
371.0,236.0,16.0,26.0
372.0,236.0,16.0,26.0
373.0,237.0,16.0,27.0
374.0,237.0,16.0,27.0
375.0,238.0,16.0,28.0
376.0,238.0,16.0,28.0
377.0,239.0,16.0,29.0
379.0,239.0,16.0,29.0
379.0,239.0,16.0,29.0
380.0,240.0,16.0,29.0
381.0,240.0,16.0,29.0
382.0,240.0,16.0,29.0
382.0,241.0,16.0,29.0
383.0,241.0,16.0,29.0
384.0,241.0,16.0,29.0
385.0,242.0,16.0,29.0
385.0,242.0,16.0,29.0
386.0,242.0,16.0,29.0
387.0,243.0,16.0,29.0
388.0,243.0,16.0,29.0
389.0,244.0,16.0,29.0
390.0,244.0,16.0,29.0
391.0,245.0,16.0,29.0
392.0,246.0,16.0,29.0
392.0,246.0,16.0,30.0
392.0,247.0,16.0,30.0
393.0,247.0,16.0,31.0
393.0,247.0,16.0,31.0
394.0,247.0,16.0,32.0
394.0,248.0,16.0,32.0
395.0,248.0,16.0,33.0
395.0,248.0,17.0,33.0
396.0,249.0,17.0,33.0
398.0,249.0,17.0,33.0
399.0,250.0,17.0,33.0
400.0,251.0,17.0,33.0
402.0,251.0,17.0,33.0
403.0,252.0,17.0,33.0
404.0,253.0,17.0,33.0
406.0,253.0,17.0,33.0
407.0,254.0,17.0,33.0
408.0,255.0,17.0,33.0
410.0,256.0,17.0,33.0
411.0,256.0,17.0,33.0
412.0,257.0,17.0,33.0
414.0,257.0,17.0,33.0
415.0,258.0,17.0,33.0
416.0,259.0,17.0,33.0
418.0,259.0,17.0,33.0
419.0,260.0,17.0,33.0
420.0,260.0,17.0,33.0
422.0,261.0,17.0,33.0
423.0,262.0,17.0,33.0
424.0,262.0,17.0,33.0
424.0,263.0,17.0,33.0
425.0,263.0,17.0,33.0
426.0,264.0,17.0,33.0
427.0,265.0,17.0,33.0
427.0,265.0,17.0,33.0
428.0,266.0,17.0,33.0
429.0,267.0,17.0,33.0
429.0,267.0,17.0,33.0
430.0,268.0,17.0,33.0
431.0,268.0,17.0,33.0
432.0,269.0,17.0,33.0
432.0,270.0,17.0,33.0
433.0,271.0,17.0,33.0
434.0,271.0,17.0,33.0
435.0,272.0,17.0,33.0
435.0,273.0,18.0,33.0
436.0,274.0,18.0,33.0
437.0,274.0,18.0,33.0
438.0,275.0,18.0,33.0
438.0,276.0,18.0,33.0
439.0,277.0,18.0,33.0
440.0,277.0,19.0,33.0
441.0,278.0,19.0,33.0
442.0,279.0,19.0,33.0
443.0,279.0,19.0,33.0
444.0,280.0,19.0,33.0
445.0,280.0,19.0,33.0
446.0,281.0,19.0,33.0
447.0,282.0,19.0,33.0
449.0,282.0,19.0,33.0
450.0,283.0,19.0,33.0
451.0,283.0,19.0,33.0
452.0,284.0,19.0,33.0
453.0,285.0,19.0,33.0
454.0,285.0,19.0,33.0
455.0,286.0,19.0,33.0
456.0,287.0,19.0,33.0
457.0,288.0,19.0,33.0
458.0,288.0,19.0,33.0
459.0,289.0,19.0,33.0
460.0,290.0,19.0,33.0
461.0,291.0,19.0,33.0
462.0,291.0,19.0,33.0
463.0,292.0,19.0,33.0
464.0,293.0,19.0,33.0
465.0,294.0,19.0,33.0
466.0,294.0,19.0,33.0
467.0,295.0,19.0,33.0
468.0,295.0,19.0,33.0
469.0,296.0,19.0,33.0
471.0,296.0,19.0,33.0
472.0,297.0,19.0,33.0
473.0,297.0,19.0,33.0
474.0,298.0,19.0,33.0
475.0,298.0,19.0,33.0
476.0,299.0,19.0,33.0
477.0,299.0,19.0,33.0
478.0,300.0,19.0,33.0
480.0,301.0,19.0,33.0
480.0,301.0,19.0,33.0
481.0,302.0,19.0,33.0
482.0,302.0,19.0,33.0
482.0,303.0,19.0,33.0
483.0,304.0,19.0,33.0
484.0,304.0,19.0,33.0
484.0,305.0,19.0,33.0
485.0,305.0,19.0,33.0
486.0,306.0,19.0,33.0
487.0,307.0,19.0,33.0
487.0,307.0,19.0,33.0
488.0,308.0,19.0,33.0
489.0,309.0,19.0,33.0
489.0,309.0,19.0,33.0
490.0,310.0,19.0,33.0
491.0,310.0,19.0,33.0
492.0,311.0,19.0,33.0
492.0,311.0,19.0,33.0
493.0,312.0,19.0,33.0
494.0,312.0,19.0,33.0
494.0,313.0,19.0,33.0
495.0,313.0,19.0,33.0
496.0,314.0,19.0,33.0
496.0,314.0,19.0,33.0
497.0,315.0,19.0,33.0
498.0,315.0,19.0,33.0
498.0,316.0,19.0,33.0
499.0,316.0,19.0,33.0
500.0,317.0,19.0,33.0
501.0,317.0,19.0,33.0
501.0,318.0,19.0,33.0
502.0,318.0,19.0,33.0
503.0,319.0,19.0,33.0
504.0,319.0,19.0,33.0
505.0,320.0,19.0,33.0
506.0,320.0,19.0,33.0
507.0,321.0,19.0,33.0
508.0,321.0,19.0,33.0
509.0,322.0,19.0,33.0
510.0,322.0,19.0,33.0
511.0,323.0,19.0,33.0
512.0,323.0,19.0,33.0
513.0,324.0,19.0,33.0
514.0,324.0,19.0,33.0
515.0,325.0,19.0,33.0
516.0,326.0,19.0,33.0
518.0,326.0,19.0,33.0
519.0,327.0,19.0,33.0
520.0,327.0,19.0,33.0
521.0,328.0,19.0,33.0
523.0,328.0,19.0,33.0
524.0,329.0,19.0,33.0
525.0,329.0,19.0,33.0
526.0,330.0,19.0,33.0
528.0,330.0,19.0,33.0
529.0,331.0,19.0,33.0
530.0,331.0,19.0,33.0
531.0,332.0,19.0,33.0
533.0,332.0,19.0,33.0
533.0,332.0,19.0,33.0
534.0,333.0,19.0,33.0
535.0,333.0,19.0,33.0
536.0,333.0,19.0,33.0
537.0,333.0,19.0,33.0
538.0,334.0,19.0,33.0
539.0,334.0,19.0,33.0
540.0,334.0,19.0,33.0
541.0,335.0,19.0,33.0
542.0,335.0,19.0,33.0
542.0,335.0,19.0,33.0
543.0,335.0,19.0,33.0
544.0,336.0,19.0,33.0
545.0,336.0,19.0,33.0
546.0,336.0,19.0,33.0
547.0,337.0,19.0,33.0
548.0,337.0,19.0,33.0
548.0,338.0,19.0,33.0
549.0,338.0,19.0,33.0
549.0,339.0,19.0,33.0
550.0,339.0,19.0,33.0
550.0,340.0,19.0,33.0
551.0,340.0,19.0,33.0
552.0,341.0,19.0,33.0
552.0,341.0,19.0,33.0
553.0,342.0,19.0,33.0
553.0,342.0,19.0,33.0
554.0,343.0,19.0,33.0
554.0,343.0,19.0,33.0
555.0,344.0,19.0,33.0
556.0,345.0,19.0,33.0
557.0,345.0,19.0,33.0
558.0,346.0,19.0,33.0
559.0,346.0,19.0,33.0
560.0,347.0,19.0,33.0
561.0,347.0,19.0,33.0
563.0,348.0,19.0,33.0
564.0,348.0,19.0,33.0
565.0,349.0,19.0,33.0
566.0,349.0,19.0,33.0
567.0,350.0,19.0,33.0
568.0,350.0,19.0,33.0
570.0,351.0,19.0,33.0
571.0,351.0,19.0,33.0
572.0,352.0,19.0,33.0
573.0,352.0,19.0,33.0
574.0,353.0,19.0,33.0
576.0,353.0,18.0,33.0
577.0,354.0,19.0,34.0
578.0,355.0,18.0,33.0
579.0,355.0,19.0,34.0
581.0,356.0,18.0,34.0
582.0,357.0,18.0,34.0
583.0,357.0,18.0,34.0
584.0,358.0,18.0,35.0
586.0,359.0,18.0,35.0
587.0,359.0,18.0,35.0
588.0,359.0,18.0,35.0
589.0,360.0,18.0,35.0
590.0,360.0,18.0,35.0
591.0,361.0,18.0,35.0
592.0,361.0,18.0,35.0
593.0,361.0,18.0,35.0
594.0,362.0,18.0,35.0
595.0,362.0,18.0,35.0
596.0,363.0,18.0,35.0
597.0,363.0,18.0,35.0
598.0,364.0,18.0,35.0
599.0,364.0,18.0,35.0
600.0,364.0,18.0,35.0
601.0,364.0,18.0,35.0
602.0,365.0,18.0,35.0
603.0,365.0,18.0,35.0
604.0,365.0,18.0,35.0
605.0,365.0,18.0,35.0
606.0,366.0,18.0,35.0
