466.0,290.0,52.0,101.0
467.0,289.0,52.0,101.0
469.0,288.0,52.0,101.0
471.0,286.0,52.0,101.0
473.0,286.0,52.0,101.0
475.0,284.0,53.0,100.0
477.0,284.0,53.0,100.0
478.0,282.0,53.0,100.0
480.0,282.0,53.0,100.0
482.0,280.0,53.0,100.0
484.0,280.0,53.0,100.0
486.0,278.0,53.0,100.0
487.0,278.0,53.0,100.0
489.0,276.0,52.0,100.0
491.0,276.0,52.0,100.0
493.0,274.0,52.0,100.0
494.0,274.0,52.0,99.0
495.0,272.0,52.0,99.0
497.0,272.0,52.0,99.0
498.0,270.0,51.0,99.0
499.0,268.0,51.0,99.0
501.0,268.0,50.0,99.0
501.0,266.0,50.0,99.0
503.0,266.0,50.0,99.0
504.0,264.0,49.0,99.0
505.0,264.0,49.0,99.0
506.0,262.0,49.0,99.0
508.0,261.0,49.0,99.0
509.0,261.0,49.0,98.0
510.0,259.0,48.0,98.0
512.0,259.0,48.0,99.0
513.0,257.0,48.0,99.0
514.0,257.0,48.0,98.0
515.0,257.0,48.0,98.0
517.0,255.0,47.0,98.0
518.0,255.0,47.0,98.0
519.0,255.0,47.0,98.0
520.0,253.0,47.0,98.0
521.0,253.0,47.0,98.0
522.0,253.0,47.0,98.0
523.0,252.0,48.0,97.0
524.0,251.0,48.0,97.0
525.0,251.0,48.0,97.0
526.0,250.0,48.0,97.0
527.0,250.0,48.0,97.0
528.0,248.0,48.0,97.0
529.0,248.0,48.0,96.0
530.0,248.0,48.0,96.0
531.0,247.0,49.0,96.0
532.0,246.0,49.0,96.0
532.0,246.0,49.0,96.0
534.0,245.0,49.0,96.0
534.0,245.0,50.0,95.0
536.0,244.0,50.0,95.0
536.0,243.0,50.0,95.0
538.0,243.0,50.0,95.0
538.0,243.0,50.0,95.0
540.0,242.0,50.0,95.0
541.0,241.0,50.0,94.0
542.0,241.0,50.0,94.0
543.0,241.0,51.0,94.0
544.0,240.0,50.0,94.0
545.0,240.0,50.0,94.0
546.0,239.0,49.0,94.0
547.0,238.0,49.0,94.0
548.0,238.0,48.0,94.0
549.0,238.0,48.0,94.0
550.0,238.0,48.0,94.0
551.0,237.0,47.0,94.0
553.0,237.0,46.0,94.0
553.0,236.0,46.0,94.0
554.0,236.0,46.0,94.0
555.0,235.0,45.0,94.0
556.0,235.0,45.0,94.0
556.0,234.0,45.0,93.0
557.0,234.0,45.0,93.0
558.0,234.0,45.0,93.0
558.0,234.0,45.0,93.0
559.0,234.0,45.0,93.0
559.0,234.0,45.0,93.0
560.0,233.0,45.0,93.0
560.0,233.0,45.0,93.0
560.0,233.0,45.0,93.0
561.0,233.0,46.0,93.0
561.0,233.0,46.0,93.0
562.0,233.0,46.0,93.0
562.0,233.0,46.0,93.0
562.0,233.0,46.0,93.0
563.0,233.0,46.0,93.0
564.0,233.0,46.0,93.0
564.0,233.0,46.0,93.0
564.0,233.0,46.0,93.0
564.0,233.0,46.0,93.0
565.0,233.0,46.0,93.0
565.0,233.0,46.0,93.0
566.0,233.0,46.0,93.0
566.0,233.0,46.0,93.0
566.0,233.0,46.0,93.0
567.0,233.0,46.0,93.0
567.0,233.0,46.0,93.0
567.0,233.0,46.0,93.0
567.0,234.0,46.0,93.0
567.0,234.0,46.0,93.0
569.0,234.0,46.0,93.0
569.0,234.0,46.0,93.0
569.0,234.0,46.0,93.0
569.0,234.0,46.0,93.0
570.0,234.0,46.0,93.0
570.0,234.0,46.0,93.0
570.0,234.0,46.0,93.0
571.0,235.0,46.0,93.0
569.0,235.0,46.0,93.0
569.0,236.0,46.0,93.0
569.0,236.0,46.0,93.0
568.0,236.0,46.0,93.0
568.0,237.0,46.0,93.0
568.0,238.0,46.0,93.0
567.0,238.0,46.0,93.0
567.0,238.0,46.0,93.0
567.0,238.0,46.0,93.0
567.0,239.0,46.0,93.0
567.0,239.0,46.0,93.0
568.0,239.0,46.0,93.0
568.0,241.0,46.0,93.0
568.0,241.0,46.0,93.0
570.0,241.0,46.0,93.0
570.0,241.0,46.0,93.0
570.0,242.0,46.0,93.0
571.0,242.0,46.0,93.0
572.0,242.0,46.0,93.0
572.0,243.0,46.0,93.0
573.0,244.0,46.0,93.0
574.0,245.0,46.0,93.0
575.0,245.0,46.0,93.0
575.0,247.0,46.0,93.0
576.0,247.0,46.0,93.0
577.0,247.0,46.0,94.0
577.0,247.0,46.0,94.0
578.0,248.0,46.0,94.0
579.0,248.0,46.0,94.0
579.0,248.0,46.0,94.0
580.0,250.0,46.0,94.0
580.0,250.0,46.0,94.0
581.0,250.0,46.0,95.0
582.0,251.0,46.0,95.0
582.0,251.0,46.0,95.0
583.0,251.0,46.0,95.0
584.0,252.0,46.0,95.0
584.0,253.0,46.0,95.0
585.0,253.0,46.0,95.0
586.0,253.0,46.0,95.0
586.0,253.0,46.0,96.0
586.0,255.0,46.0,95.0
587.0,255.0,46.0,96.0
588.0,255.0,46.0,96.0
588.0,256.0,46.0,96.0
589.0,256.0,46.0,96.0
590.0,257.0,46.0,96.0
590.0,257.0,46.0,96.0
591.0,258.0,46.0,96.0
591.0,258.0,46.0,96.0
592.0,258.0,46.0,96.0
593.0,259.0,46.0,96.0
593.0,260.0,46.0,96.0
593.0,260.0,46.0,96.0
595.0,260.0,46.0,96.0
595.0,260.0,46.0,96.0
595.0,261.0,46.0,96.0
596.0,261.0,46.0,96.0
597.0,261.0,46.0,96.0
597.0,262.0,46.0,96.0
597.0,262.0,46.0,96.0
597.0,262.0,46.0,96.0
597.0,262.0,46.0,96.0
597.0,262.0,46.0,96.0
597.0,262.0,46.0,96.0
598.0,262.0,46.0,96.0
598.0,262.0,46.0,96.0
598.0,262.0,46.0,96.0
598.0,262.0,46.0,96.0
598.0,262.0,46.0,96.0
598.0,262.0,46.0,96.0
598.0,262.0,46.0,96.0
598.0,262.0,46.0,96.0
598.0,262.0,46.0,96.0
598.0,262.0,46.0,96.0
598.0,262.0,46.0,96.0
598.0,262.0,46.0,96.0
598.0,262.0,46.0,96.0
598.0,262.0,46.0,96.0
599.0,262.0,46.0,96.0
599.0,262.0,46.0,96.0
600.0,262.0,46.0,96.0
600.0,262.0,46.0,96.0
600.0,262.0,46.0,96.0
600.0,262.0,46.0,96.0
600.0,262.0,46.0,96.0
600.0,262.0,46.0,96.0
600.0,262.0,46.0,96.0
600.0,262.0,46.0,96.0
600.0,262.0,46.0,96.0
601.0,262.0,46.0,96.0
601.0,262.0,46.0,96.0
602.0,263.0,46.0,96.0
602.0,262.0,46.0,96.0
602.0,262.0,46.0,96.0
602.0,262.0,46.0,96.0
602.0,262.0,46.0,96.0
603.0,261.0,46.0,96.0
603.0,261.0,46.0,96.0
603.0,261.0,46.0,96.0
603.0,261.0,46.0,96.0
604.0,261.0,46.0,96.0
604.0,261.0,46.0,96.0
604.0,261.0,46.0,96.0
604.0,261.0,46.0,96.0
604.0,261.0,46.0,96.0
604.0,261.0,46.0,96.0
604.0,261.0,46.0,96.0
605.0,261.0,46.0,96.0
605.0,261.0,46.0,96.0
606.0,261.0,46.0,96.0
606.0,261.0,46.0,96.0
606.0,261.0,46.0,96.0
606.0,261.0,46.0,96.0
606.0,261.0,46.0,96.0
606.0,261.0,46.0,96.0
606.0,261.0,46.0,96.0
606.0,261.0,46.0,96.0
608.0,260.0,46.0,96.0
608.0,260.0,46.0,96.0
608.0,260.0,46.0,96.0
608.0,260.0,46.0,96.0
608.0,260.0,46.0,96.0
608.0,259.0,46.0,96.0
609.0,259.0,46.0,96.0
609.0,259.0,46.0,96.0
609.0,259.0,46.0,96.0
609.0,259.0,46.0,96.0
609.0,259.0,46.0,96.0
609.0,259.0,46.0,95.0
611.0,258.0,46.0,96.0
611.0,257.0,46.0,96.0
611.0,257.0,46.0,95.0
611.0,257.0,46.0,95.0
611.0,257.0,46.0,96.0
611.0,257.0,46.0,96.0
611.0,257.0,46.0,95.0
611.0,257.0,46.0,95.0
611.0,256.0,46.0,96.0
611.0,256.0,46.0,95.0
611.0,256.0,46.0,95.0
611.0,256.0,46.0,95.0
611.0,256.0,46.0,95.0
611.0,255.0,46.0,95.0
611.0,255.0,46.0,95.0
612.0,255.0,46.0,95.0
612.0,254.0,46.0,95.0
612.0,254.0,46.0,94.0
612.0,254.0,46.0,94.0
612.0,253.0,46.0,93.0
612.0,253.0,45.0,93.0
612.0,253.0,45.0,93.0
612.0,253.0,45.0,93.0
611.0,253.0,45.0,93.0
611.0,253.0,45.0,94.0
610.0,253.0,46.0,94.0
610.0,253.0,45.0,94.0
609.0,252.0,46.0,94.0
609.0,252.0,45.0,95.0
609.0,252.0,46.0,95.0
609.0,252.0,46.0,95.0
608.0,252.0,45.0,95.0
607.0,252.0,46.0,95.0
607.0,252.0,45.0,95.0
607.0,252.0,46.0,96.0
606.0,252.0,46.0,96.0
605.0,252.0,46.0,96.0
605.0,252.0,46.0,96.0
605.0,252.0,46.0,96.0
605.0,252.0,46.0,96.0
605.0,251.0,46.0,97.0
604.0,250.0,46.0,97.0
603.0,250.0,46.0,96.0
603.0,249.0,46.0,96.0
603.0,249.0,47.0,96.0
603.0,248.0,47.0,96.0
603.0,248.0,47.0,95.0
602.0,248.0,47.0,95.0
602.0,248.0,47.0,95.0
602.0,248.0,47.0,95.0
601.0,248.0,47.0,95.0
601.0,248.0,47.0,95.0
601.0,249.0,47.0,95.0
599.0,249.0,47.0,95.0
599.0,250.0,47.0,95.0
599.0,250.0,47.0,95.0
598.0,250.0,47.0,95.0
598.0,250.0,47.0,95.0
598.0,249.0,47.0,95.0
598.0,249.0,47.0,95.0
597.0,249.0,47.0,95.0
597.0,249.0,47.0,95.0
597.0,249.0,48.0,94.0
597.0,249.0,48.0,94.0
596.0,249.0,48.0,94.0
596.0,249.0,48.0,94.0
596.0,249.0,48.0,94.0
596.0,249.0,48.0,94.0
595.0,249.0,48.0,94.0
595.0,249.0,48.0,94.0
595.0,250.0,48.0,94.0
594.0,251.0,48.0,94.0
594.0,251.0,48.0,94.0
593.0,251.0,48.0,94.0
593.0,251.0,48.0,94.0
592.0,251.0,48.0,94.0
592.0,252.0,48.0,94.0
592.0,252.0,48.0,94.0
591.0,253.0,48.0,94.0
590.0,253.0,48.0,94.0
590.0,254.0,48.0,94.0
589.0,255.0,47.0,94.0
588.0,256.0,47.0,94.0
587.0,257.0,47.0,94.0
587.0,259.0,47.0,94.0
585.0,259.0,47.0,94.0
585.0,261.0,47.0,93.0
584.0,261.0,47.0,94.0
583.0,262.0,47.0,95.0
583.0,261.0,47.0,96.0
583.0,261.0,47.0,96.0
583.0,260.0,47.0,97.0
582.0,260.0,47.0,97.0
582.0,260.0,47.0,97.0
582.0,260.0,47.0,97.0
582.0,261.0,47.0,97.0
582.0,261.0,47.0,97.0
581.0,262.0,47.0,97.0
580.0,262.0,47.0,97.0
580.0,262.0,47.0,97.0
580.0,262.0,47.0,97.0
579.0,264.0,47.0,97.0
578.0,264.0,47.0,97.0
578.0,264.0,47.0,97.0
577.0,265.0,47.0,97.0
577.0,266.0,47.0,97.0
576.0,267.0,47.0,97.0
575.0,268.0,48.0,97.0
574.0,270.0,48.0,97.0
574.0,270.0,48.0,97.0
572.0,272.0,48.0,97.0
572.0,273.0,48.0,97.0
570.0,275.0,48.0,97.0
570.0,276.0,49.0,97.0
568.0,277.0,49.0,97.0
568.0,278.0,49.0,97.0
566.0,279.0,49.0,98.0
566.0,279.0,49.0,99.0
566.0,279.0,48.0,100.0
566.0,279.0,48.0,100.0
566.0,279.0,49.0,100.0
566.0,279.0,48.0,100.0
566.0,279.0,49.0,100.0
568.0,279.0,48.0,100.0
568.0,281.0,49.0,99.0
568.0,281.0,48.0,99.0
568.0,281.0,49.0,99.0
569.0,281.0,48.0,99.0
570.0,281.0,49.0,99.0
570.0,282.0,49.0,99.0
574.0,282.0,49.0,99.0
578.0,283.0,49.0,99.0
581.0,284.0,49.0,100.0
585.0,284.0,49.0,100.0
590.0,284.0,50.0,100.0
595.0,286.0,50.0,100.0
600.0,286.0,50.0,99.0
605.0,286.0,50.0,100.0
610.0,288.0,51.0,99.0
614.0,288.0,51.0,99.0
620.0,288.0,51.0,99.0
624.0,290.0,51.0,99.0
629.0,290.0,51.0,99.0
630.0,290.0,51.0,99.0
631.0,291.0,52.0,99.0
632.0,291.0,51.0,100.0
632.0,291.0,52.0,100.0
633.0,292.0,51.0,100.0
633.0,292.0,52.0,100.0
633.0,293.0,52.0,100.0
631.0,293.0,51.0,101.0
629.0,293.0,51.0,101.0
627.0,293.0,50.0,101.0
624.0,294.0,50.0,102.0
620.0,294.0,50.0,102.0
614.0,295.0,51.0,103.0
610.0,295.0,52.0,103.0
604.0,295.0,51.0,104.0
598.0,295.0,51.0,104.0
592.0,295.0,51.0,104.0
586.0,295.0,51.0,104.0
580.0,294.0,50.0,104.0
574.0,294.0,50.0,104.0
568.0,294.0,50.0,104.0
562.0,294.0,50.0,104.0
557.0,294.0,50.0,104.0
549.0,294.0,50.0,104.0
543.0,293.0,50.0,105.0
536.0,293.0,50.0,105.0
530.0,293.0,50.0,105.0
522.0,292.0,50.0,106.0
516.0,292.0,50.0,106.0
508.0,291.0,51.0,106.0
502.0,290.0,51.0,106.0
495.0,289.0,52.0,105.0
489.0,289.0,52.0,105.0
482.0,288.0,53.0,105.0
477.0,287.0,54.0,105.0
472.0,287.0,56.0,105.0
467.0,286.0,57.0,105.0
466.0,285.0,57.0,105.0
466.0,283.0,57.0,105.0
466.0,283.0,56.0,105.0
465.0,281.0,56.0,105.0
466.0,281.0,56.0,105.0
467.0,280.0,55.0,106.0
467.0,278.0,55.0,106.0
468.0,278.0,55.0,106.0
468.0,277.0,54.0,106.0
469.0,276.0,54.0,106.0
470.0,275.0,54.0,106.0
470.0,274.0,53.0,106.0
471.0,273.0,53.0,106.0
472.0,271.0,53.0,106.0
471.0,271.0,52.0,106.0
468.0,269.0,52.0,107.0
465.0,268.0,53.0,107.0
462.0,268.0,53.0,108.0
458.0,266.0,53.0,108.0
454.0,266.0,54.0,109.0
448.0,265.0,54.0,109.0
439.0,265.0,54.0,109.0
430.0,265.0,54.0,109.0
420.0,265.0,54.0,109.0
410.0,265.0,55.0,109.0
400.0,265.0,55.0,109.0
389.0,265.0,55.0,109.0
381.0,265.0,55.0,108.0
370.0,265.0,55.0,108.0
360.0,265.0,55.0,108.0
352.0,265.0,56.0,108.0
343.0,265.0,56.0,108.0
335.0,265.0,56.0,108.0
331.0,264.0,56.0,108.0
326.0,264.0,56.0,107.0
320.0,263.0,56.0,107.0
314.0,263.0,56.0,107.0
309.0,263.0,56.0,106.0
302.0,263.0,56.0,106.0
299.0,261.0,56.0,106.0
296.0,260.0,56.0,106.0
293.0,260.0,56.0,106.0
293.0,258.0,55.0,106.0
295.0,258.0,55.0,106.0
297.0,256.0,56.0,107.0
299.0,255.0,55.0,107.0
303.0,254.0,55.0,107.0
307.0,252.0,55.0,107.0
311.0,251.0,55.0,107.0
316.0,250.0,55.0,106.0
322.0,248.0,55.0,106.0
326.0,247.0,55.0,105.0
332.0,246.0,54.0,105.0
337.0,245.0,54.0,104.0
343.0,243.0,54.0,104.0
349.0,242.0,53.0,103.0
354.0,241.0,53.0,103.0
360.0,240.0,53.0,102.0
365.0,238.0,53.0,102.0
371.0,238.0,52.0,101.0
377.0,236.0,52.0,101.0
382.0,234.0,52.0,101.0
388.0,233.0,52.0,101.0
394.0,232.0,52.0,101.0
400.0,230.0,52.0,101.0
406.0,229.0,52.0,101.0
410.0,228.0,52.0,101.0
416.0,226.0,52.0,101.0
421.0,226.0,52.0,101.0
426.0,224.0,52.0,100.0
431.0,224.0,52.0,100.0
436.0,222.0,52.0,100.0
440.0,222.0,51.0,100.0
445.0,220.0,51.0,100.0
450.0,220.0,51.0,99.0
454.0,218.0,50.0,99.0
459.0,218.0,50.0,99.0
463.0,216.0,50.0,99.0
467.0,216.0,49.0,99.0
472.0,214.0,49.0,99.0
475.0,214.0,49.0,98.0
478.0,212.0,48.0,98.0
482.0,212.0,48.0,98.0
486.0,210.0,48.0,98.0
489.0,210.0,48.0,98.0
493.0,209.0,48.0,98.0
496.0,208.0,48.0,98.0
499.0,208.0,48.0,98.0
503.0,206.0,47.0,97.0
507.0,206.0,48.0,97.0
511.0,205.0,47.0,97.0
515.0,204.0,47.0,97.0
518.0,203.0,47.0,97.0
522.0,202.0,47.0,97.0
526.0,202.0,47.0,97.0
529.0,201.0,47.0,96.0
533.0,200.0,47.0,96.0
537.0,200.0,47.0,96.0
540.0,198.0,47.0,96.0
544.0,198.0,47.0,96.0
547.0,197.0,47.0,96.0
550.0,196.0,46.0,96.0
552.0,196.0,46.0,96.0
555.0,195.0,46.0,95.0
558.0,195.0,46.0,95.0
559.0,194.0,46.0,95.0
560.0,194.0,45.0,95.0
560.0,193.0,45.0,94.0
560.0,193.0,45.0,94.0
559.0,193.0,45.0,94.0
558.0,191.0,45.0,94.0
556.0,191.0,45.0,94.0
553.0,191.0,45.0,94.0
548.0,190.0,45.0,94.0
544.0,189.0,45.0,94.0
539.0,189.0,45.0,94.0
533.0,189.0,45.0,94.0
527.0,189.0,45.0,94.0
522.0,188.0,45.0,94.0
516.0,187.0,45.0,94.0
510.0,187.0,45.0,94.0
505.0,187.0,45.0,94.0
499.0,187.0,46.0,94.0
494.0,187.0,46.0,93.0
489.0,187.0,46.0,93.0
484.0,187.0,46.0,93.0
480.0,187.0,46.0,93.0
476.0,187.0,46.0,93.0
472.0,187.0,46.0,93.0
468.0,187.0,46.0,93.0
464.0,187.0,46.0,93.0
462.0,187.0,46.0,93.0
461.0,187.0,46.0,93.0
460.0,187.0,46.0,93.0
460.0,186.0,46.0,93.0
460.0,186.0,46.0,93.0
460.0,186.0,46.0,92.0
460.0,186.0,46.0,92.0
460.0,186.0,46.0,92.0
460.0,185.0,46.0,92.0
461.0,185.0,46.0,92.0
461.0,185.0,46.0,92.0
461.0,185.0,46.0,92.0
461.0,185.0,46.0,92.0
461.0,185.0,46.0,91.0
461.0,185.0,46.0,91.0
461.0,184.0,46.0,92.0
461.0,184.0,46.0,91.0
461.0,184.0,46.0,91.0
461.0,184.0,46.0,91.0
461.0,184.0,46.0,91.0
461.0,183.0,46.0,91.0
461.0,183.0,45.0,91.0
460.0,183.0,46.0,91.0
459.0,182.0,46.0,91.0
458.0,182.0,46.0,91.0
456.0,182.0,46.0,91.0
454.0,181.0,46.0,91.0
452.0,181.0,46.0,91.0
450.0,181.0,46.0,91.0
448.0,181.0,46.0,91.0
445.0,181.0,46.0,91.0
443.0,181.0,46.0,91.0
442.0,181.0,46.0,91.0
440.0,181.0,46.0,91.0
438.0,181.0,46.0,91.0
436.0,181.0,46.0,91.0
434.0,181.0,46.0,91.0
432.0,181.0,46.0,91.0
430.0,181.0,46.0,92.0
428.0,181.0,46.0,92.0
426.0,181.0,46.0,92.0
422.0,181.0,46.0,92.0
420.0,181.0,46.0,92.0
417.0,181.0,46.0,92.0
414.0,181.0,46.0,92.0
411.0,181.0,46.0,91.0
408.0,181.0,46.0,91.0
405.0,181.0,46.0,90.0
402.0,182.0,46.0,90.0
399.0,182.0,46.0,90.0
396.0,182.0,45.0,90.0
394.0,182.0,45.0,90.0
391.0,182.0,44.0,90.0
389.0,182.0,43.0,89.0
385.0,182.0,44.0,89.0
381.0,182.0,44.0,89.0
377.0,182.0,44.0,89.0
374.0,182.0,44.0,89.0
371.0,183.0,44.0,89.0
367.0,183.0,45.0,89.0
364.0,183.0,45.0,89.0
360.0,183.0,45.0,89.0
356.0,183.0,45.0,89.0
353.0,183.0,45.0,89.0
350.0,183.0,44.0,89.0
347.0,183.0,44.0,89.0
344.0,184.0,43.0,89.0
340.0,184.0,43.0,89.0
337.0,184.0,43.0,89.0
334.0,184.0,43.0,89.0
330.0,184.0,43.0,89.0
327.0,184.0,43.0,89.0
322.0,184.0,44.0,89.0
318.0,184.0,44.0,89.0
314.0,185.0,45.0,89.0
310.0,185.0,45.0,89.0
306.0,185.0,45.0,89.0
301.0,185.0,45.0,89.0
295.0,185.0,46.0,89.0
289.0,185.0,46.0,89.0
284.0,185.0,46.0,89.0
277.0,186.0,46.0,89.0
271.0,186.0,47.0,90.0
264.0,186.0,47.0,90.0
256.0,186.0,47.0,90.0
250.0,188.0,47.0,90.0
242.0,188.0,47.0,90.0
