911.0,511.0,37.0,69.0
911.0,510.0,37.0,69.0
911.0,509.0,37.0,70.0
911.0,508.0,38.0,70.0
912.0,507.0,38.0,71.0
912.0,506.0,38.0,72.0
455.0,255.0,17.0,40.0
454.0,254.0,17.0,40.0
454.0,254.0,18.0,41.0
454.0,254.0,18.0,42.0
453.0,253.0,18.0,42.0
452.0,253.0,18.0,42.0
452.0,253.0,18.0,42.0
451.0,253.0,18.0,42.0
451.0,253.0,18.0,42.0
450.0,253.0,18.0,42.0
450.0,253.0,18.0,42.0
449.0,253.0,18.0,42.0
449.0,253.0,18.0,42.0
448.0,253.0,18.0,42.0
448.0,253.0,18.0,42.0
447.0,253.0,18.0,42.0
447.0,253.0,18.0,42.0
446.0,253.0,18.0,42.0
446.0,253.0,18.0,42.0
446.0,254.0,18.0,42.0
445.0,253.0,18.0,42.0
444.0,253.0,18.0,43.0
444.0,253.0,18.0,43.0
443.0,253.0,18.0,43.0
443.0,253.0,18.0,44.0
442.0,253.0,17.0,44.0
442.0,253.0,17.0,44.0
441.0,253.0,17.0,45.0
440.0,253.0,18.0,46.0
440.0,253.0,18.0,46.0
439.0,253.0,18.0,46.0
439.0,253.0,17.0,47.0
438.0,253.0,17.0,47.0
438.0,253.0,17.0,47.0
437.0,253.0,17.0,48.0
437.0,253.0,17.0,48.0
436.0,253.0,17.0,49.0
435.0,253.0,19.0,48.0
433.0,253.0,20.0,48.0
432.0,253.0,22.0,48.0
430.0,253.0,23.0,48.0
429.0,253.0,25.0,48.0
428.0,253.0,25.0,48.0
428.0,253.0,25.0,48.0
427.0,253.0,25.0,48.0
427.0,253.0,25.0,48.0
426.0,253.0,25.0,48.0
426.0,253.0,25.0,48.0
426.0,253.0,25.0,48.0
425.0,253.0,25.0,48.0
425.0,253.0,25.0,48.0
424.0,253.0,25.0,48.0
424.0,253.0,25.0,48.0
423.0,253.0,25.0,48.0
423.0,253.0,25.0,48.0
423.0,254.0,25.0,48.0
422.0,254.0,25.0,48.0
421.0,254.0,25.0,48.0
421.0,254.0,25.0,48.0
420.0,254.0,25.0,48.0
419.0,254.0,25.0,48.0
419.0,255.0,25.0,48.0
418.0,255.0,25.0,48.0
417.0,255.0,25.0,48.0
417.0,255.0,25.0,48.0
416.0,255.0,25.0,48.0
415.0,255.0,25.0,48.0
415.0,256.0,25.0,48.0
414.0,256.0,25.0,48.0
413.0,256.0,25.0,48.0
412.0,256.0,25.0,48.0
412.0,256.0,25.0,48.0
411.0,257.0,25.0,48.0
410.0,257.0,25.0,48.0
410.0,257.0,25.0,48.0
412.0,257.0,22.0,48.0
412.0,257.0,22.0,48.0
412.0,257.0,22.0,48.0
412.0,257.0,22.0,48.0
412.0,257.0,22.0,48.0
412.0,257.0,22.0,48.0
412.0,257.0,22.0,48.0
412.0,257.0,22.0,48.0
404.0,259.0,25.0,48.0
403.0,259.0,25.0,48.0
403.0,259.0,25.0,48.0
402.0,259.0,25.0,48.0
402.0,259.0,25.0,48.0
401.0,259.0,25.0,48.0
400.0,259.0,25.0,48.0
400.0,259.0,25.0,48.0
399.0,260.0,25.0,48.0
399.0,260.0,25.0,48.0
398.0,260.0,25.0,48.0
397.0,260.0,25.0,48.0
397.0,260.0,25.0,48.0
396.0,260.0,25.0,48.0
396.0,260.0,25.0,48.0
395.0,260.0,25.0,48.0
395.0,260.0,25.0,48.0
394.0,260.0,25.0,48.0
393.0,261.0,25.0,48.0
393.0,261.0,25.0,48.0
392.0,261.0,25.0,48.0
392.0,261.0,25.0,48.0
391.0,261.0,25.0,48.0
390.0,261.0,25.0,48.0
390.0,261.0,25.0,48.0
389.0,261.0,25.0,48.0
389.0,261.0,25.0,48.0
388.0,261.0,25.0,48.0
388.0,261.0,25.0,48.0
387.0,261.0,25.0,48.0
387.0,261.0,25.0,48.0
386.0,261.0,25.0,48.0
386.0,261.0,25.0,48.0
385.0,261.0,25.0,48.0
385.0,261.0,25.0,48.0
384.0,261.0,25.0,48.0
383.0,261.0,25.0,48.0
383.0,261.0,25.0,48.0
382.0,261.0,25.0,48.0
382.0,261.0,25.0,48.0
381.0,261.0,25.0,48.0
381.0,261.0,25.0,48.0
380.0,261.0,25.0,48.0
380.0,261.0,25.0,48.0
379.0,261.0,25.0,48.0
379.0,261.0,25.0,48.0
378.0,261.0,25.0,48.0
378.0,261.0,25.0,48.0
377.0,261.0,25.0,48.0
377.0,261.0,25.0,48.0
376.0,260.0,25.0,48.0
375.0,260.0,25.0,48.0
375.0,260.0,25.0,48.0
374.0,260.0,25.0,48.0
373.0,260.0,25.0,48.0
373.0,260.0,25.0,48.0
372.0,260.0,25.0,48.0
372.0,260.0,25.0,48.0
371.0,260.0,25.0,48.0
370.0,260.0,25.0,48.0
370.0,259.0,25.0,48.0
369.0,259.0,25.0,48.0
368.0,259.0,25.0,48.0
368.0,259.0,25.0,48.0
367.0,259.0,25.0,48.0
367.0,259.0,25.0,48.0
366.0,259.0,25.0,48.0
365.0,259.0,25.0,48.0
365.0,259.0,25.0,48.0
364.0,259.0,25.0,48.0
364.0,259.0,25.0,48.0
363.0,258.0,25.0,48.0
362.0,258.0,25.0,48.0
361.0,258.0,25.0,48.0
361.0,258.0,25.0,48.0
360.0,258.0,25.0,48.0
359.0,258.0,25.0,48.0
358.0,258.0,25.0,48.0
358.0,258.0,25.0,48.0
357.0,258.0,25.0,48.0
356.0,258.0,25.0,48.0
355.0,258.0,25.0,48.0
355.0,258.0,25.0,48.0
354.0,258.0,25.0,48.0
353.0,258.0,25.0,48.0
352.0,258.0,25.0,48.0
352.0,258.0,25.0,48.0
351.0,258.0,25.0,48.0
350.0,258.0,25.0,48.0
350.0,258.0,25.0,48.0
349.0,257.0,25.0,48.0
348.0,257.0,25.0,48.0
348.0,257.0,25.0,48.0
347.0,257.0,25.0,48.0
347.0,257.0,25.0,48.0
346.0,256.0,25.0,48.0
346.0,256.0,25.0,48.0
345.0,256.0,25.0,48.0
345.0,256.0,25.0,48.0
344.0,256.0,25.0,48.0
344.0,255.0,25.0,48.0
343.0,255.0,25.0,48.0
343.0,255.0,25.0,48.0
342.0,255.0,25.0,48.0
342.0,255.0,25.0,48.0
341.0,254.0,25.0,48.0
341.0,254.0,25.0,48.0
340.0,254.0,25.0,48.0
340.0,254.0,25.0,48.0
339.0,254.0,25.0,48.0
338.0,253.0,25.0,48.0
338.0,253.0,25.0,48.0
337.0,253.0,25.0,48.0
337.0,253.0,25.0,48.0
336.0,253.0,25.0,48.0
336.0,252.0,25.0,48.0
335.0,252.0,25.0,48.0
334.0,252.0,25.0,48.0
334.0,252.0,25.0,48.0
333.0,252.0,25.0,48.0
333.0,251.0,25.0,48.0
332.0,251.0,25.0,48.0
332.0,251.0,25.0,48.0
331.0,251.0,25.0,48.0
330.0,251.0,25.0,48.0
330.0,250.0,25.0,48.0
329.0,250.0,25.0,48.0
329.0,250.0,25.0,48.0
328.0,250.0,25.0,48.0
328.0,250.0,25.0,48.0
327.0,250.0,25.0,48.0
326.0,250.0,25.0,48.0
325.0,250.0,25.0,48.0
324.0,249.0,25.0,48.0
323.0,249.0,25.0,48.0
322.0,249.0,25.0,48.0
321.0,249.0,25.0,48.0
320.0,248.0,25.0,48.0
319.0,248.0,25.0,48.0
318.0,248.0,25.0,48.0
317.0,248.0,25.0,48.0
317.0,248.0,25.0,48.0
316.0,247.0,25.0,48.0
316.0,247.0,25.0,48.0
315.0,247.0,25.0,48.0
315.0,247.0,25.0,48.0
314.0,247.0,25.0,48.0
314.0,247.0,25.0,48.0
313.0,247.0,25.0,48.0
313.0,247.0,25.0,48.0
312.0,247.0,25.0,48.0
311.0,246.0,25.0,48.0
310.0,246.0,25.0,48.0
310.0,246.0,25.0,48.0
309.0,246.0,25.0,48.0
308.0,245.0,25.0,48.0
307.0,245.0,25.0,48.0
306.0,245.0,25.0,48.0
305.0,245.0,25.0,48.0
305.0,245.0,25.0,48.0
304.0,244.0,25.0,48.0
304.0,244.0,25.0,48.0
303.0,244.0,25.0,48.0
303.0,244.0,25.0,48.0
303.0,244.0,25.0,48.0
302.0,244.0,25.0,48.0
302.0,244.0,25.0,48.0
302.0,244.0,25.0,48.0
301.0,244.0,25.0,48.0
301.0,244.0,25.0,48.0
301.0,244.0,25.0,48.0
300.0,244.0,25.0,48.0
300.0,244.0,25.0,48.0
299.0,244.0,25.0,48.0
299.0,244.0,25.0,48.0
299.0,244.0,25.0,48.0
298.0,244.0,25.0,48.0
298.0,244.0,25.0,48.0
297.0,243.0,25.0,48.0
297.0,243.0,25.0,48.0
296.0,243.0,25.0,48.0
296.0,243.0,25.0,48.0
295.0,242.0,25.0,48.0
295.0,242.0,25.0,48.0
294.0,242.0,25.0,48.0
293.0,242.0,25.0,48.0
293.0,241.0,25.0,48.0
292.0,241.0,25.0,48.0
292.0,241.0,25.0,48.0
291.0,241.0,25.0,48.0
291.0,241.0,25.0,48.0
290.0,240.0,25.0,48.0
290.0,240.0,25.0,48.0
289.0,239.0,25.0,48.0
289.0,239.0,25.0,48.0
288.0,238.0,25.0,48.0
288.0,238.0,25.0,48.0
287.0,237.0,25.0,48.0
287.0,237.0,25.0,48.0
287.0,237.0,25.0,48.0
286.0,236.0,25.0,48.0
286.0,236.0,25.0,48.0
285.0,235.0,25.0,48.0
285.0,235.0,25.0,48.0
284.0,234.0,25.0,48.0
284.0,234.0,25.0,48.0
283.0,233.0,25.0,48.0
283.0,233.0,25.0,48.0
283.0,233.0,25.0,48.0
282.0,233.0,25.0,48.0
282.0,233.0,25.0,48.0
282.0,233.0,25.0,48.0
281.0,232.0,25.0,48.0
281.0,232.0,24.0,48.0
281.0,232.0,24.0,47.0
281.0,232.0,24.0,47.0
281.0,232.0,24.0,46.0
280.0,232.0,24.0,46.0
280.0,232.0,23.0,45.0
280.0,232.0,23.0,46.0
280.0,232.0,23.0,45.0
280.0,232.0,23.0,45.0
279.0,232.0,23.0,44.0
279.0,232.0,22.0,44.0
279.0,232.0,22.0,43.0
279.0,232.0,22.0,43.0
279.0,232.0,22.0,43.0
278.0,231.0,22.0,43.0
278.0,231.0,22.0,43.0
278.0,230.0,22.0,43.0
278.0,230.0,22.0,43.0
278.0,230.0,22.0,43.0
278.0,229.0,22.0,43.0
278.0,229.0,22.0,43.0
278.0,229.0,22.0,43.0
278.0,228.0,22.0,43.0
278.0,228.0,22.0,43.0
278.0,227.0,22.0,43.0
278.0,227.0,22.0,43.0
278.0,227.0,22.0,43.0
277.0,226.0,22.0,43.0
277.0,226.0,22.0,43.0
277.0,226.0,22.0,43.0
277.0,225.0,22.0,43.0
277.0,225.0,22.0,43.0
277.0,224.0,22.0,43.0
277.0,224.0,22.0,43.0
277.0,224.0,22.0,43.0
277.0,223.0,22.0,43.0
277.0,223.0,22.0,43.0
278.0,223.0,22.0,43.0
278.0,223.0,22.0,43.0
278.0,222.0,22.0,43.0
278.0,222.0,22.0,43.0
278.0,222.0,22.0,43.0
278.0,221.0,22.0,43.0
278.0,221.0,22.0,43.0
279.0,221.0,22.0,43.0
279.0,220.0,22.0,43.0
279.0,220.0,22.0,43.0
279.0,220.0,22.0,43.0
279.0,220.0,22.0,43.0
279.0,219.0,22.0,43.0
279.0,219.0,22.0,43.0
280.0,219.0,22.0,43.0
280.0,218.0,22.0,43.0
280.0,218.0,22.0,43.0
280.0,218.0,22.0,43.0
280.0,217.0,22.0,43.0
280.0,217.0,22.0,43.0
280.0,217.0,22.0,43.0
281.0,217.0,22.0,43.0
281.0,216.0,22.0,43.0
281.0,216.0,22.0,43.0
281.0,216.0,22.0,43.0
281.0,215.0,22.0,43.0
281.0,215.0,22.0,43.0
281.0,215.0,22.0,43.0
282.0,215.0,22.0,43.0
282.0,214.0,22.0,43.0
282.0,214.0,22.0,43.0
282.0,213.0,22.0,43.0
282.0,213.0,22.0,43.0
283.0,213.0,22.0,43.0
283.0,212.0,22.0,43.0
283.0,212.0,22.0,43.0
283.0,211.0,22.0,43.0
283.0,211.0,22.0,43.0
284.0,211.0,22.0,43.0
284.0,210.0,22.0,43.0
284.0,210.0,22.0,43.0
284.0,209.0,22.0,43.0
284.0,209.0,22.0,43.0
285.0,209.0,22.0,43.0
285.0,208.0,22.0,43.0
285.0,208.0,22.0,43.0
285.0,207.0,22.0,43.0
285.0,207.0,22.0,43.0
286.0,207.0,22.0,43.0
286.0,206.0,22.0,43.0
286.0,206.0,22.0,43.0
286.0,205.0,22.0,43.0
286.0,205.0,22.0,43.0
287.0,205.0,22.0,43.0
287.0,204.0,22.0,43.0
287.0,204.0,22.0,43.0
287.0,203.0,22.0,43.0
288.0,203.0,22.0,43.0
288.0,202.0,22.0,43.0
288.0,201.0,22.0,43.0
289.0,200.0,22.0,43.0
289.0,199.0,22.0,43.0
289.0,198.0,22.0,43.0
290.0,197.0,22.0,43.0
290.0,196.0,22.0,43.0
290.0,195.0,22.0,43.0
291.0,194.0,22.0,43.0
291.0,193.0,22.0,43.0
291.0,192.0,22.0,43.0
292.0,191.0,22.0,43.0
292.0,191.0,22.0,43.0
293.0,190.0,22.0,43.0
293.0,189.0,22.0,43.0
293.0,188.0,22.0,43.0
294.0,187.0,22.0,43.0
294.0,186.0,22.0,43.0
294.0,185.0,22.0,43.0
295.0,184.0,22.0,43.0
295.0,183.0,22.0,43.0
295.0,182.0,22.0,43.0
296.0,181.0,22.0,43.0
296.0,180.0,22.0,43.0
297.0,179.0,22.0,43.0
297.0,178.0,22.0,43.0
297.0,178.0,22.0,43.0
298.0,177.0,22.0,43.0
298.0,176.0,22.0,43.0
298.0,176.0,22.0,43.0
299.0,175.0,22.0,43.0
299.0,174.0,22.0,43.0
299.0,174.0,22.0,43.0
300.0,173.0,22.0,43.0
300.0,172.0,22.0,43.0
301.0,172.0,22.0,43.0
301.0,171.0,22.0,43.0
301.0,170.0,22.0,43.0
302.0,170.0,22.0,43.0
302.0,169.0,22.0,43.0
302.0,168.0,22.0,43.0
303.0,168.0,22.0,43.0
303.0,167.0,22.0,43.0
304.0,166.0,22.0,43.0
304.0,166.0,22.0,43.0
304.0,165.0,22.0,43.0
305.0,164.0,22.0,43.0
305.0,164.0,22.0,43.0
306.0,163.0,22.0,43.0
306.0,162.0,22.0,43.0
307.0,162.0,22.0,43.0
307.0,161.0,22.0,42.0
308.0,161.0,22.0,42.0
308.0,160.0,22.0,42.0
309.0,160.0,22.0,42.0
309.0,159.0,22.0,42.0
310.0,159.0,22.0,42.0
310.0,158.0,22.0,42.0
311.0,158.0,22.0,42.0
311.0,157.0,22.0,41.0
312.0,157.0,22.0,41.0
312.0,156.0,22.0,41.0
313.0,156.0,22.0,41.0
313.0,155.0,22.0,41.0
314.0,155.0,22.0,41.0
315.0,154.0,21.0,41.0
315.0,153.0,21.0,41.0
316.0,153.0,21.0,41.0
316.0,152.0,21.0,41.0
317.0,152.0,21.0,41.0
317.0,151.0,21.0,41.0
318.0,151.0,21.0,40.0
318.0,150.0,21.0,40.0
319.0,150.0,21.0,40.0
319.0,149.0,21.0,40.0
320.0,149.0,21.0,40.0
320.0,148.0,21.0,40.0
321.0,148.0,21.0,40.0
321.0,147.0,21.0,40.0
322.0,147.0,21.0,39.0
322.0,146.0,21.0,39.0
323.0,146.0,21.0,39.0
324.0,145.0,21.0,39.0
324.0,144.0,21.0,39.0
324.0,144.0,21.0,39.0
325.0,143.0,21.0,39.0
325.0,142.0,21.0,39.0
326.0,142.0,21.0,39.0
326.0,141.0,21.0,39.0
327.0,141.0,21.0,39.0
327.0,140.0,21.0,39.0
328.0,139.0,21.0,39.0
328.0,139.0,21.0,39.0
329.0,138.0,21.0,39.0
329.0,137.0,21.0,39.0
330.0,137.0,21.0,39.0
330.0,136.0,21.0,39.0
331.0,136.0,21.0,39.0
331.0,135.0,21.0,39.0
332.0,135.0,21.0,39.0
332.0,135.0,21.0,39.0
333.0,135.0,21.0,39.0
333.0,134.0,21.0,39.0
334.0,134.0,21.0,39.0
335.0,134.0,21.0,39.0
335.0,134.0,21.0,39.0
336.0,134.0,21.0,39.0
336.0,133.0,21.0,39.0
337.0,133.0,21.0,39.0
338.0,133.0,21.0,39.0
338.0,133.0,21.0,39.0
343.0,132.0,18.0,39.0
343.0,132.0,18.0,39.0
343.0,132.0,18.0,39.0
343.0,132.0,18.0,39.0
343.0,132.0,18.0,39.0
345.0,137.0,18.0,39.0
345.0,137.0,18.0,39.0
345.0,137.0,18.0,39.0
347.0,145.0,17.0,39.0
347.0,147.0,17.0,39.0
347.0,147.0,17.0,39.0
349.0,155.0,16.0,39.0
349.0,155.0,16.0,39.0
350.0,158.0,18.0,39.0
350.0,158.0,18.0,39.0
353.0,162.0,15.0,39.0
352.0,164.0,17.0,39.0
353.0,166.0,18.0,39.0
353.0,168.0,18.0,39.0
353.0,168.0,18.0,39.0
353.0,168.0,18.0,39.0
353.0,168.0,18.0,39.0
356.0,166.0,18.0,39.0
356.0,166.0,18.0,39.0
356.0,166.0,18.0,39.0
356.0,166.0,18.0,39.0
356.0,166.0,18.0,39.0
357.0,163.0,17.0,39.0
357.0,163.0,17.0,39.0
359.0,163.0,17.0,39.0
359.0,163.0,17.0,39.0
358.0,162.0,17.0,39.0
361.0,162.0,17.0,39.0
361.0,162.0,17.0,39.0
361.0,161.0,21.0,39.0
361.0,161.0,21.0,39.0
362.0,160.0,21.0,39.0
363.0,160.0,21.0,39.0
364.0,159.0,21.0,39.0
364.0,159.0,21.0,39.0
365.0,158.0,21.0,39.0
366.0,158.0,21.0,39.0
367.0,157.0,21.0,39.0
367.0,157.0,21.0,39.0
368.0,156.0,21.0,39.0
369.0,156.0,21.0,39.0
370.0,155.0,21.0,39.0
370.0,155.0,21.0,39.0
371.0,154.0,21.0,39.0
372.0,154.0,21.0,39.0
373.0,153.0,21.0,39.0
373.0,153.0,21.0,39.0
374.0,152.0,21.0,39.0
375.0,152.0,21.0,39.0
376.0,151.0,21.0,39.0
377.0,151.0,21.0,39.0
378.0,150.0,21.0,39.0
379.0,150.0,21.0,39.0
380.0,149.0,21.0,39.0
381.0,149.0,21.0,39.0
382.0,148.0,21.0,39.0
383.0,148.0,21.0,39.0
384.0,147.0,21.0,39.0
385.0,147.0,21.0,39.0
390.0,143.0,15.0,39.0
390.0,143.0,15.0,39.0
390.0,143.0,15.0,39.0
390.0,145.0,16.0,39.0
390.0,145.0,16.0,39.0
392.0,146.0,16.0,39.0
396.0,143.0,16.0,39.0
396.0,143.0,16.0,39.0
396.0,143.0,16.0,39.0
399.0,142.0,16.0,39.0
399.0,142.0,16.0,39.0
399.0,142.0,16.0,39.0
402.0,141.0,19.0,39.0
402.0,141.0,19.0,39.0
402.0,141.0,19.0,39.0
402.0,141.0,19.0,39.0
402.0,141.0,19.0,39.0
410.0,139.0,15.0,39.0
410.0,139.0,15.0,39.0
410.0,139.0,15.0,39.0
410.0,137.0,17.0,39.0
410.0,137.0,17.0,39.0
410.0,137.0,17.0,39.0
411.0,136.0,21.0,39.0
412.0,136.0,21.0,39.0
413.0,135.0,21.0,39.0
414.0,135.0,21.0,39.0
415.0,134.0,21.0,39.0
417.0,134.0,21.0,39.0
418.0,134.0,21.0,39.0
419.0,134.0,20.0,39.0
421.0,133.0,20.0,39.0
422.0,133.0,19.0,38.0
424.0,133.0,19.0,38.0
425.0,133.0,18.0,38.0
426.0,132.0,18.0,38.0
428.0,132.0,17.0,37.0
429.0,132.0,17.0,37.0
431.0,132.0,16.0,37.0
432.0,131.0,16.0,37.0
433.0,131.0,15.0,36.0
435.0,131.0,15.0,36.0
436.0,131.0,14.0,36.0
438.0,130.0,14.0,36.0
439.0,130.0,13.0,35.0
441.0,130.0,13.0,35.0
442.0,130.0,13.0,35.0
443.0,129.0,13.0,35.0
444.0,129.0,13.0,35.0
445.0,129.0,13.0,35.0
446.0,128.0,13.0,35.0
447.0,128.0,13.0,35.0
448.0,128.0,13.0,35.0
449.0,127.0,13.0,35.0
450.0,127.0,13.0,35.0
451.0,127.0,13.0,35.0
452.0,126.0,13.0,35.0
453.0,126.0,13.0,35.0
454.0,126.0,13.0,35.0
455.0,125.0,13.0,35.0
456.0,125.0,13.0,35.0
457.0,124.0,13.0,35.0
458.0,124.0,13.0,35.0
459.0,124.0,13.0,35.0
460.0,123.0,13.0,35.0
461.0,123.0,13.0,35.0
462.0,123.0,13.0,35.0
464.0,122.0,13.0,35.0
465.0,122.0,13.0,35.0
466.0,122.0,13.0,35.0
467.0,121.0,13.0,35.0
468.0,121.0,13.0,35.0
469.0,121.0,13.0,35.0
470.0,120.0,13.0,35.0
471.0,120.0,13.0,35.0
472.0,120.0,13.0,35.0
473.0,119.0,13.0,35.0
474.0,119.0,13.0,34.0
475.0,119.0,13.0,34.0
476.0,119.0,13.0,34.0
477.0,118.0,13.0,34.0
478.0,118.0,13.0,33.0
479.0,118.0,12.0,33.0
480.0,118.0,12.0,33.0
481.0,117.0,12.0,33.0
482.0,117.0,12.0,32.0
483.0,117.0,12.0,32.0
484.0,117.0,12.0,32.0
485.0,117.0,12.0,32.0
485.0,116.0,12.0,32.0
486.0,116.0,12.0,32.0
487.0,116.0,12.0,32.0
488.0,116.0,12.0,32.0
489.0,116.0,12.0,32.0
490.0,116.0,12.0,32.0
491.0,116.0,12.0,32.0
492.0,116.0,12.0,32.0
493.0,116.0,12.0,32.0
494.0,116.0,12.0,32.0
495.0,116.0,12.0,32.0
495.0,116.0,12.0,32.0
