882.0,569.0,33.0,80.0
882.0,569.0,33.0,80.0
882.0,570.0,33.0,80.0
883.0,570.0,33.0,80.0
883.0,571.0,33.0,80.0
884.0,571.0,33.0,80.0
884.0,572.0,33.0,80.0
884.0,572.0,33.0,80.0
885.0,572.0,33.0,80.0
885.0,573.0,33.0,80.0
885.0,573.0,33.0,80.0
885.0,574.0,33.0,80.0
442.0,287.0,14.0,39.0
442.0,287.0,14.0,39.0
442.0,288.0,14.0,39.0
442.0,288.0,14.0,39.0
442.0,288.0,14.0,39.0
441.0,289.0,14.0,39.0
441.0,289.0,14.0,39.0
441.0,289.0,14.0,39.0
441.0,290.0,14.0,39.0
440.0,290.0,14.0,39.0
439.0,290.0,14.0,39.0
438.0,290.0,14.0,39.0
437.0,290.0,14.0,39.0
436.0,290.0,14.0,39.0
435.0,290.0,14.0,39.0
435.0,290.0,14.0,39.0
434.0,290.0,14.0,39.0
434.0,291.0,14.0,39.0
434.0,291.0,14.0,39.0
433.0,292.0,14.0,39.0
433.0,292.0,14.0,39.0
433.0,292.0,14.0,39.0
432.0,293.0,14.0,39.0
432.0,293.0,14.0,39.0
432.0,293.0,14.0,39.0
433.0,294.0,14.0,39.0
433.0,294.0,14.0,39.0
433.0,294.0,14.0,39.0
433.0,295.0,14.0,39.0
434.0,295.0,14.0,39.0
434.0,295.0,14.0,39.0
434.0,296.0,14.0,39.0
434.0,296.0,14.0,39.0
435.0,296.0,14.0,39.0
435.0,297.0,14.0,39.0
435.0,297.0,14.0,39.0
435.0,298.0,14.0,39.0
436.0,298.0,14.0,39.0
436.0,299.0,14.0,39.0
436.0,299.0,14.0,39.0
437.0,300.0,14.0,39.0
437.0,300.0,14.0,39.0
437.0,301.0,15.0,39.0
437.0,301.0,16.0,40.0
437.0,302.0,17.0,40.0
438.0,303.0,18.0,40.0
439.0,303.0,17.0,40.0
441.0,303.0,16.0,39.0
442.0,303.0,15.0,39.0
444.0,303.0,14.0,38.0
444.0,303.0,14.0,38.0
444.0,304.0,14.0,38.0
444.0,304.0,14.0,38.0
444.0,305.0,14.0,38.0
444.0,305.0,14.0,38.0
444.0,305.0,14.0,38.0
444.0,306.0,14.0,38.0
444.0,306.0,14.0,38.0
445.0,307.0,14.0,38.0
445.0,307.0,14.0,38.0
446.0,307.0,14.0,38.0
447.0,308.0,14.0,38.0
448.0,308.0,14.0,38.0
448.0,309.0,14.0,38.0
449.0,309.0,14.0,38.0
449.0,310.0,14.0,38.0
449.0,311.0,14.0,38.0
450.0,311.0,14.0,38.0
450.0,312.0,14.0,38.0
450.0,313.0,14.0,38.0
450.0,314.0,15.0,38.0
450.0,316.0,16.0,37.0
451.0,317.0,16.0,38.0
451.0,318.0,17.0,37.0
451.0,319.0,18.0,37.0
451.0,321.0,19.0,37.0
451.0,321.0,19.0,37.0
451.0,322.0,19.0,37.0
451.0,323.0,19.0,37.0
451.0,324.0,19.0,37.0
451.0,325.0,19.0,37.0
451.0,326.0,19.0,37.0
450.0,326.0,19.0,37.0
450.0,327.0,19.0,37.0
450.0,328.0,19.0,37.0
449.0,329.0,19.0,37.0
449.0,330.0,19.0,37.0
449.0,330.0,19.0,37.0
448.0,331.0,19.0,37.0
448.0,332.0,19.0,37.0
448.0,332.0,19.0,37.0
448.0,332.0,19.0,37.0
448.0,332.0,19.0,37.0
448.0,332.0,19.0,37.0
448.0,332.0,19.0,37.0
448.0,332.0,19.0,37.0
448.0,332.0,19.0,37.0
448.0,332.0,19.0,37.0
448.0,332.0,19.0,37.0
448.0,332.0,19.0,37.0
448.0,332.0,19.0,37.0
448.0,332.0,19.0,38.0
447.0,333.0,19.0,39.0
447.0,333.0,19.0,40.0
447.0,333.0,18.0,40.0
448.0,331.0,18.0,39.0
449.0,329.0,18.0,39.0
445.0,332.0,18.0,38.0
445.0,332.0,18.0,38.0
