471.0,221.0,74.0,111.0
471.0,222.0,74.0,111.0
469.0,221.0,74.0,111.0
467.0,222.0,74.0,111.0
467.0,221.0,74.0,112.0
465.0,222.0,74.0,112.0
463.0,221.0,74.0,112.0
463.0,224.0,74.0,112.0
463.0,223.0,74.0,112.0
461.0,224.0,74.0,112.0
459.0,224.0,74.0,112.0
459.0,226.0,74.0,112.0
459.0,226.0,74.0,112.0
457.0,226.0,74.0,112.0
453.0,227.0,74.0,112.0
453.0,228.0,74.0,112.0
451.0,227.0,74.0,112.0
451.0,230.0,75.0,112.0
451.0,229.0,75.0,112.0
449.0,230.0,75.0,112.0
447.0,230.0,74.0,112.0
447.0,231.0,74.0,111.0
445.0,231.0,74.0,112.0
443.0,232.0,74.0,112.0
443.0,231.0,74.0,112.0
441.0,232.0,74.0,112.0
437.0,231.0,74.0,112.0
435.0,232.0,74.0,112.0
434.0,231.0,74.0,111.0
434.0,232.0,74.0,111.0
432.0,231.0,74.0,111.0
430.0,232.0,74.0,111.0
428.0,231.0,74.0,111.0
424.0,232.0,74.0,111.0
422.0,231.0,74.0,111.0
420.0,232.0,74.0,111.0
416.0,231.0,74.0,112.0
414.0,230.0,74.0,112.0
412.0,229.0,74.0,112.0
408.0,230.0,74.0,112.0
406.0,231.0,74.0,112.0
404.0,231.0,74.0,112.0
400.0,231.0,74.0,112.0
398.0,230.0,74.0,112.0
396.0,229.0,74.0,112.0
392.0,229.0,74.0,112.0
390.0,229.0,74.0,112.0
390.0,230.0,74.0,112.0
388.0,229.0,74.0,112.0
384.0,230.0,74.0,112.0
382.0,229.0,74.0,112.0
381.0,230.0,74.0,112.0
379.0,229.0,74.0,112.0
376.0,228.0,74.0,112.0
372.0,227.0,74.0,112.0
370.0,228.0,74.0,112.0
367.0,229.0,74.0,112.0
363.0,230.0,74.0,112.0
360.0,229.0,74.0,112.0
357.0,230.0,74.0,112.0
355.0,229.0,74.0,112.0
352.0,230.0,74.0,112.0
348.0,229.0,74.0,112.0
346.0,230.0,74.0,112.0
344.0,229.0,74.0,111.0
342.0,230.0,74.0,111.0
340.0,229.0,74.0,111.0
338.0,230.0,74.0,111.0
335.0,229.0,74.0,111.0
333.0,230.0,74.0,111.0
331.0,229.0,74.0,111.0
329.0,230.0,74.0,111.0
327.0,229.0,74.0,112.0
323.0,230.0,74.0,112.0
321.0,229.0,74.0,112.0
319.0,229.0,74.0,112.0
315.0,230.0,74.0,112.0
313.0,231.0,74.0,112.0
311.0,230.0,74.0,112.0
307.0,231.0,75.0,112.0
305.0,230.0,75.0,112.0
303.0,231.0,76.0,112.0
301.0,232.0,76.0,112.0
299.0,233.0,76.0,112.0
297.0,233.0,76.0,112.0
296.0,234.0,75.0,112.0
294.0,233.0,75.0,112.0
290.0,234.0,74.0,112.0
288.0,233.0,74.0,112.0
286.0,234.0,74.0,112.0
282.0,233.0,74.0,112.0
278.0,236.0,75.0,112.0
276.0,235.0,75.0,112.0
274.0,236.0,75.0,112.0
270.0,235.0,75.0,112.0
268.0,236.0,75.0,112.0
266.0,235.0,75.0,112.0
262.0,236.0,75.0,112.0
258.0,237.0,75.0,112.0
256.0,238.0,74.0,112.0
254.0,237.0,74.0,112.0
250.0,238.0,74.0,112.0
248.0,237.0,74.0,112.0
250.0,238.0,74.0,112.0
250.0,237.0,74.0,112.0
252.0,236.0,74.0,112.0
256.0,233.0,74.0,112.0
260.0,232.0,74.0,112.0
264.0,229.0,74.0,112.0
268.0,228.0,74.0,112.0
274.0,224.0,74.0,112.0
279.0,223.0,74.0,112.0
287.0,220.0,74.0,112.0
295.0,217.0,74.0,112.0
303.0,214.0,74.0,112.0
311.0,211.0,74.0,112.0
319.0,208.0,74.0,112.0
330.0,205.0,74.0,112.0
339.0,202.0,74.0,112.0
349.0,199.0,74.0,112.0
359.0,196.0,74.0,112.0
367.0,193.0,74.0,112.0
377.0,188.0,74.0,112.0
387.0,187.0,74.0,112.0
395.0,184.0,74.0,112.0
403.0,181.0,74.0,112.0
411.0,178.0,74.0,112.0
419.0,177.0,74.0,112.0
425.0,174.0,74.0,112.0
433.0,173.0,74.0,112.0
439.0,172.0,74.0,112.0
441.0,171.0,74.0,112.0
447.0,169.0,74.0,112.0
449.0,167.0,74.0,112.0
453.0,166.0,74.0,112.0
455.0,165.0,74.0,112.0
455.0,164.0,74.0,112.0
457.0,163.0,74.0,112.0
461.0,162.0,74.0,112.0
461.0,161.0,75.0,111.0
463.0,160.0,75.0,111.0
461.0,159.0,75.0,110.0
461.0,158.0,75.0,111.0
461.0,159.0,75.0,111.0
461.0,156.0,74.0,112.0
461.0,156.0,74.0,112.0
459.0,156.0,74.0,112.0
457.0,155.0,74.0,112.0
457.0,154.0,74.0,112.0
457.0,152.0,74.0,112.0
457.0,151.0,74.0,112.0
457.0,151.0,74.0,112.0
457.0,150.0,74.0,112.0
456.0,149.0,74.0,112.0
456.0,148.0,74.0,111.0
455.0,149.0,74.0,111.0
453.0,146.0,74.0,110.0
453.0,147.0,74.0,110.0
452.0,146.0,74.0,110.0
451.0,145.0,74.0,110.0
449.0,144.0,74.0,111.0
449.0,145.0,74.0,111.0
447.0,144.0,74.0,112.0
445.0,144.0,74.0,112.0
445.0,144.0,74.0,112.0
443.0,144.0,74.0,112.0
441.0,143.0,74.0,112.0
442.0,144.0,74.0,112.0
441.0,144.0,74.0,112.0
442.0,145.0,74.0,112.0
441.0,144.0,74.0,112.0
441.0,145.0,74.0,112.0
440.0,144.0,74.0,112.0
438.0,144.0,74.0,112.0
435.0,143.0,74.0,112.0
433.0,144.0,74.0,112.0
432.0,143.0,74.0,112.0
430.0,144.0,74.0,112.0
427.0,143.0,74.0,111.0
423.0,144.0,74.0,111.0
421.0,145.0,74.0,111.0
421.0,146.0,74.0,111.0
421.0,146.0,74.0,111.0
419.0,147.0,74.0,112.0
417.0,146.0,74.0,112.0
416.0,147.0,74.0,112.0
416.0,146.0,74.0,112.0
416.0,147.0,74.0,112.0
414.0,148.0,74.0,112.0
412.0,150.0,74.0,112.0
412.0,150.0,74.0,112.0
410.0,151.0,74.0,111.0
406.0,152.0,74.0,111.0
404.0,153.0,74.0,111.0
404.0,154.0,74.0,111.0
402.0,157.0,74.0,111.0
401.0,158.0,74.0,111.0
402.0,158.0,74.0,111.0
402.0,158.0,74.0,111.0
402.0,158.0,74.0,111.0
404.0,159.0,74.0,111.0
408.0,160.0,74.0,111.0
409.0,159.0,74.0,111.0
411.0,161.0,74.0,111.0
415.0,160.0,74.0,111.0
419.0,161.0,74.0,111.0
422.0,160.0,74.0,111.0
425.0,161.0,74.0,111.0
427.0,160.0,74.0,111.0
431.0,161.0,74.0,111.0
434.0,160.0,74.0,111.0
438.0,161.0,74.0,111.0
442.0,160.0,74.0,111.0
445.0,161.0,74.0,111.0
449.0,160.0,74.0,111.0
453.0,161.0,74.0,111.0
457.0,160.0,74.0,111.0
459.0,163.0,74.0,111.0
461.0,162.0,74.0,111.0
465.0,164.0,74.0,111.0
466.0,165.0,74.0,111.0
466.0,165.0,74.0,111.0
468.0,166.0,74.0,111.0
469.0,167.0,74.0,111.0
469.0,168.0,74.0,111.0
469.0,169.0,74.0,111.0
471.0,170.0,74.0,111.0
473.0,173.0,74.0,111.0
473.0,174.0,74.0,111.0
472.0,175.0,74.0,111.0
472.0,176.0,74.0,111.0
472.0,179.0,74.0,111.0
472.0,180.0,74.0,111.0
471.0,183.0,74.0,111.0
469.0,184.0,74.0,111.0
469.0,185.0,74.0,111.0
468.0,186.0,74.0,111.0
466.0,188.0,74.0,111.0
464.0,189.0,74.0,111.0
464.0,190.0,74.0,111.0
462.0,191.0,74.0,111.0
459.0,194.0,74.0,111.0
459.0,195.0,74.0,111.0
459.0,198.0,74.0,111.0
458.0,199.0,74.0,111.0
460.0,202.0,74.0,111.0
460.0,204.0,74.0,111.0
461.0,207.0,74.0,111.0
464.0,210.0,74.0,111.0
466.0,212.0,74.0,111.0
466.0,213.0,74.0,111.0
468.0,216.0,74.0,111.0
472.0,217.0,74.0,111.0
474.0,220.0,74.0,111.0
476.0,221.0,74.0,111.0
479.0,223.0,74.0,111.0
483.0,224.0,74.0,111.0
487.0,227.0,74.0,111.0
491.0,227.0,74.0,111.0
495.0,230.0,74.0,111.0
500.0,231.0,74.0,111.0
503.0,233.0,74.0,111.0
508.0,234.0,74.0,111.0
513.0,237.0,74.0,111.0
517.0,238.0,74.0,111.0
521.0,241.0,74.0,111.0
524.0,241.0,74.0,111.0
530.0,244.0,74.0,111.0
534.0,245.0,74.0,111.0
538.0,248.0,74.0,111.0
542.0,250.0,74.0,111.0
546.0,253.0,74.0,112.0
548.0,254.0,74.0,112.0
550.0,256.0,74.0,113.0
553.0,259.0,74.0,112.0
555.0,261.0,74.0,112.0
555.0,262.0,74.0,111.0
557.0,265.0,74.0,111.0
559.0,267.0,74.0,111.0
561.0,270.0,74.0,111.0
563.0,273.0,74.0,111.0
563.0,275.0,74.0,111.0
564.0,276.0,74.0,111.0
566.0,281.0,74.0,111.0
567.0,282.0,74.0,111.0
568.0,285.0,74.0,111.0
570.0,287.0,74.0,111.0
572.0,290.0,74.0,111.0
574.0,293.0,74.0,111.0
574.0,295.0,74.0,111.0
576.0,298.0,74.0,111.0
579.0,301.0,74.0,111.0
581.0,303.0,74.0,111.0
583.0,306.0,74.0,111.0
587.0,308.0,74.0,111.0
589.0,311.0,74.0,111.0
591.0,314.0,74.0,111.0
595.0,317.0,74.0,111.0
597.0,319.0,74.0,111.0
599.0,322.0,74.0,111.0
603.0,324.0,74.0,111.0
607.0,327.0,74.0,111.0
609.0,330.0,74.0,111.0
611.0,332.0,74.0,111.0
615.0,335.0,74.0,111.0
617.0,337.0,74.0,111.0
619.0,340.0,74.0,111.0
623.0,344.0,74.0,111.0
625.0,345.0,74.0,111.0
626.0,349.0,74.0,111.0
627.0,352.0,74.0,111.0
631.0,354.0,74.0,111.0
633.0,357.0,74.0,111.0
633.0,361.0,74.0,111.0
633.0,364.0,74.0,111.0
635.0,367.0,74.0,111.0
637.0,369.0,74.0,111.0
637.0,374.0,74.0,111.0
637.0,377.0,74.0,111.0
637.0,379.0,74.0,111.0
639.0,382.0,74.0,111.0
641.0,386.0,74.0,111.0
639.0,389.0,74.0,111.0
641.0,391.0,74.0,111.0
639.0,394.0,74.0,111.0
641.0,398.0,74.0,111.0
639.0,401.0,74.0,111.0
641.0,405.0,74.0,111.0
638.0,408.0,74.0,111.0
638.0,411.0,74.0,111.0
638.0,414.0,74.0,111.0
638.0,418.0,74.0,111.0
636.0,421.0,74.0,111.0
634.0,425.0,74.0,111.0
634.0,428.0,74.0,111.0
634.0,432.0,74.0,111.0
632.0,435.0,74.0,111.0
630.0,439.0,74.0,111.0
630.0,442.0,74.0,111.0
629.0,444.0,74.0,111.0
627.0,447.0,74.0,111.0
625.0,451.0,74.0,111.0
625.0,454.0,74.0,111.0
623.0,458.0,74.0,111.0
621.0,461.0,74.0,111.0
621.0,465.0,74.0,111.0
621.0,468.0,74.0,111.0
621.0,472.0,74.0,111.0
619.0,475.0,73.0,111.0
617.0,480.0,74.0,111.0
619.0,482.0,74.0,111.0
617.0,487.0,74.0,111.0
617.0,490.0,74.0,111.0
617.0,492.0,74.0,111.0
617.0,495.0,74.0,111.0
617.0,499.0,74.0,111.0
619.0,502.0,74.0,111.0
617.0,506.0,74.0,111.0
619.0,509.0,74.0,111.0
619.0,511.0,75.0,111.0
619.0,514.0,75.0,111.0
620.0,518.0,75.0,111.0
621.0,521.0,75.0,111.0
623.0,524.0,75.0,111.0
624.0,526.0,74.0,111.0
624.0,531.0,74.0,111.0
626.0,533.0,74.0,111.0
628.0,536.0,74.0,111.0
629.0,539.0,74.0,111.0
629.0,543.0,74.0,111.0
630.0,545.0,74.0,111.0
632.0,548.0,74.0,111.0
634.0,550.0,74.0,111.0
634.0,554.0,74.0,111.0
634.0,557.0,74.0,108.0
634.0,559.0,74.0,106.0
635.0,562.0,74.0,103.0
635.0,566.0,74.0,99.0
635.0,566.0,74.0,98.0
636.0,571.0,74.0,93.0
636.0,574.0,74.0,91.0
636.0,576.0,74.0,88.0
636.0,579.0,74.0,85.0
635.0,581.0,74.0,83.0
635.0,582.0,74.0,82.0
635.0,584.0,74.0,79.0
633.0,587.0,74.0,77.0
632.0,589.0,74.0,74.0
632.0,592.0,74.0,71.0
631.0,594.0,74.0,69.0
627.0,597.0,74.0,66.0
626.0,599.0,74.0,64.0
626.0,600.0,74.0,63.0
624.0,604.0,74.0,58.0
621.0,607.0,74.0,56.0
620.0,610.0,74.0,53.0
620.0,610.0,74.0,52.0
618.0,613.0,74.0,50.0
70.0,22.0,4.0,10.0
70.0,22.0,4.0,10.0
70.0,22.0,4.0,10.0
70.0,21.0,4.0,10.0
71.0,21.0,4.0,10.0
71.0,21.0,4.0,10.0
71.0,21.0,4.0,10.0
71.0,21.0,4.0,10.0
71.0,21.0,4.0,10.0
72.0,21.0,4.0,10.0
72.0,21.0,4.0,10.0
72.0,20.0,4.0,10.0
72.0,20.0,4.0,10.0
73.0,20.0,4.0,10.0
73.0,20.0,4.0,10.0
73.0,20.0,4.0,10.0
73.0,20.0,4.0,10.0
74.0,20.0,4.0,10.0
74.0,20.0,4.0,10.0
75.0,20.0,4.0,10.0
75.0,20.0,4.0,10.0
75.0,20.0,4.0,10.0
76.0,20.0,4.0,10.0
76.0,19.0,4.0,10.0
76.0,19.0,4.0,10.0
77.0,19.0,4.0,10.0
77.0,19.0,4.0,10.0
77.0,19.0,4.0,10.0
78.0,19.0,4.0,10.0
78.0,18.0,4.0,10.0
78.0,18.0,4.0,10.0
79.0,18.0,4.0,10.0
79.0,18.0,4.0,10.0
79.0,18.0,4.0,10.0
79.0,18.0,4.0,10.0
80.0,18.0,4.0,10.0
80.0,18.0,4.0,10.0
80.0,18.0,4.0,10.0
80.0,18.0,4.0,10.0
80.0,18.0,4.0,10.0
81.0,17.0,4.0,10.0
81.0,17.0,4.0,10.0
81.0,17.0,4.0,10.0
81.0,17.0,4.0,10.0
81.0,17.0,4.0,10.0
82.0,17.0,4.0,10.0
82.0,17.0,4.0,10.0
82.0,17.0,4.0,10.0
82.0,17.0,4.0,10.0
82.0,17.0,4.0,10.0
82.0,17.0,4.0,10.0
82.0,17.0,4.0,10.0
82.0,17.0,4.0,10.0
82.0,17.0,4.0,10.0
82.0,17.0,4.0,10.0
82.0,16.0,4.0,10.0
82.0,17.0,4.0,10.0
82.0,17.0,4.0,10.0
82.0,17.0,4.0,10.0
82.0,17.0,4.0,10.0
82.0,17.0,4.0,10.0
82.0,17.0,4.0,10.0
82.0,16.0,4.0,10.0
81.0,16.0,4.0,10.0
81.0,16.0,4.0,10.0
81.0,16.0,4.0,10.0
81.0,16.0,4.0,10.0
81.0,16.0,4.0,10.0
81.0,16.0,4.0,10.0
81.0,16.0,4.0,10.0
81.0,16.0,4.0,10.0
81.0,16.0,4.0,10.0
81.0,16.0,4.0,10.0
81.0,16.0,4.0,10.0
81.0,16.0,4.0,10.0
82.0,16.0,4.0,10.0
82.0,16.0,4.0,10.0
83.0,16.0,4.0,10.0
83.0,15.0,4.0,10.0
83.0,15.0,4.0,10.0
84.0,15.0,4.0,10.0
84.0,15.0,4.0,10.0
84.0,15.0,4.0,10.0
85.0,15.0,4.0,10.0
86.0,15.0,4.0,10.0
86.0,15.0,4.0,10.0
87.0,15.0,4.0,10.0
87.0,15.0,4.0,10.0
87.0,15.0,4.0,10.0
88.0,15.0,4.0,10.0
88.0,15.0,4.0,10.0
88.0,15.0,4.0,10.0
89.0,15.0,4.0,10.0
89.0,15.0,4.0,10.0
89.0,15.0,4.0,10.0
89.0,15.0,4.0,10.0
90.0,15.0,4.0,10.0
90.0,15.0,4.0,10.0
90.0,15.0,4.0,10.0
90.0,15.0,4.0,10.0
90.0,15.0,4.0,10.0
91.0,15.0,4.0,10.0
91.0,15.0,4.0,10.0
91.0,15.0,4.0,10.0
91.0,15.0,4.0,10.0
91.0,15.0,4.0,10.0
90.0,15.0,4.0,10.0
90.0,15.0,4.0,10.0
90.0,15.0,4.0,10.0
90.0,15.0,4.0,10.0
90.0,15.0,4.0,10.0
90.0,15.0,4.0,10.0
90.0,15.0,4.0,10.0
90.0,15.0,4.0,10.0
90.0,15.0,4.0,10.0
90.0,15.0,4.0,10.0
90.0,15.0,4.0,10.0
90.0,15.0,4.0,10.0
90.0,15.0,4.0,10.0
89.0,15.0,4.0,10.0
89.0,15.0,4.0,10.0
89.0,15.0,4.0,10.0
88.0,15.0,4.0,10.0
88.0,15.0,4.0,10.0
87.0,15.0,4.0,10.0
699.0,101.0,46.0,102.0
697.0,101.0,46.0,102.0
695.0,101.0,46.0,102.0
693.0,102.0,46.0,102.0
691.0,103.0,46.0,102.0
689.0,103.0,46.0,102.0
687.0,103.0,46.0,102.0
686.0,102.0,46.0,102.0
686.0,102.0,46.0,102.0
685.0,102.0,46.0,102.0
686.0,102.0,46.0,102.0
687.0,102.0,46.0,102.0
688.0,102.0,46.0,102.0
689.0,102.0,46.0,102.0
691.0,102.0,46.0,102.0
693.0,102.0,46.0,102.0
696.0,102.0,46.0,102.0
698.0,103.0,46.0,102.0
700.0,105.0,46.0,102.0
702.0,106.0,46.0,102.0
705.0,106.0,46.0,102.0
707.0,107.0,46.0,102.0
709.0,108.0,46.0,102.0
711.0,108.0,46.0,102.0
712.0,108.0,46.0,102.0
714.0,108.0,46.0,102.0
715.0,108.0,46.0,102.0
716.0,108.0,46.0,102.0
717.0,108.0,46.0,102.0
718.0,108.0,46.0,102.0
718.0,108.0,46.0,102.0
719.0,108.0,46.0,102.0
719.0,108.0,46.0,102.0
720.0,108.0,46.0,102.0
720.0,109.0,46.0,102.0
720.0,110.0,46.0,102.0
720.0,110.0,46.0,102.0
720.0,111.0,46.0,102.0
719.0,112.0,46.0,102.0
719.0,111.0,46.0,102.0
718.0,112.0,46.0,102.0
718.0,111.0,46.0,102.0
717.0,111.0,46.0,102.0
716.0,111.0,46.0,102.0
715.0,111.0,46.0,102.0
714.0,111.0,46.0,102.0
713.0,111.0,46.0,102.0
711.0,111.0,46.0,102.0
710.0,111.0,46.0,102.0
709.0,111.0,46.0,102.0
707.0,112.0,46.0,102.0
705.0,111.0,46.0,102.0
703.0,113.0,46.0,102.0
702.0,113.0,46.0,102.0
700.0,113.0,46.0,102.0
698.0,113.0,46.0,102.0
697.0,113.0,46.0,102.0
695.0,113.0,46.0,102.0
693.0,113.0,46.0,102.0
691.0,113.0,46.0,102.0
689.0,112.0,46.0,102.0
687.0,111.0,46.0,102.0
685.0,112.0,46.0,102.0
683.0,111.0,46.0,102.0
682.0,112.0,46.0,102.0
680.0,112.0,46.0,102.0
678.0,113.0,46.0,102.0
676.0,114.0,46.0,102.0
674.0,115.0,46.0,102.0
673.0,115.0,46.0,102.0
671.0,116.0,46.0,102.0
669.0,115.0,46.0,102.0
668.0,116.0,46.0,102.0
666.0,116.0,46.0,102.0
664.0,117.0,46.0,102.0
663.0,117.0,46.0,102.0
661.0,117.0,46.0,102.0
660.0,117.0,46.0,102.0
