957, 630, 46, 87
956, 627, 46, 87
954, 622, 46, 87
953, 619, 46, 87
952, 615, 46, 87
951, 611, 46, 87
950, 607, 46, 87
948, 603, 46, 87
947, 599, 46, 87
946, 596, 46, 87
945, 594, 46, 87
944, 592, 46, 87
943, 592, 46, 87
942, 591, 46, 87
941, 590, 46, 87
940, 590, 46, 87
939, 589, 46, 87
938, 588, 46, 87
938, 588, 46, 87
937, 587, 46, 87
936, 585, 46, 87
935, 584, 46, 87
934, 584, 46, 87
933, 583, 46, 87
932, 581, 46, 87
931, 581, 46, 87
930, 580, 46, 87
930, 580, 46, 87
929, 579, 46, 87
928, 578, 46, 87
927, 578, 46, 87
927, 577, 46, 87
926, 576, 46, 87
925, 577, 46, 87
924, 575, 46, 87
923, 575, 46, 87
922, 574, 46, 87
921, 574, 46, 87
920, 573, 46, 87
919, 572, 46, 87
918, 572, 46, 87
917, 571, 46, 87
916, 569, 46, 87
915, 568, 46, 87
914, 568, 46, 87
912, 567, 46, 87
912, 566, 46, 87
911, 566, 46, 87
910, 565, 46, 87
909, 563, 46, 87
908, 562, 46, 87
907, 562, 46, 87
906, 561, 46, 87
906, 559, 46, 87
905, 558, 46, 87
905, 558, 46, 87
904, 556, 46, 87
903, 556, 46, 87
903, 555, 46, 87
902, 552, 46, 87
902, 551, 46, 87
901, 549, 46, 87
901, 547, 46, 87
900, 546, 46, 87
900, 545, 46, 87
899, 543, 46, 87
899, 541, 46, 87
898, 540, 46, 87
898, 539, 46, 87
897, 537, 46, 87
896, 536, 46, 87
895, 536, 46, 87
895, 535, 46, 87
894, 533, 46, 87
893, 532, 46, 87
893, 532, 46, 87
892, 531, 46, 87
891, 529, 46, 87
890, 527, 46, 87
889, 525, 46, 87
888, 523, 46, 87
887, 522, 46, 87
886, 521, 46, 87
886, 519, 46, 87
885, 518, 46, 87
884, 517, 46, 87
884, 515, 46, 87
883, 514, 46, 87
882, 513, 46, 87
882, 511, 46, 87
881, 510, 46, 87
880, 510, 46, 87
880, 509, 46, 87
879, 507, 46, 87
879, 506, 46, 87
878, 505, 46, 87
878, 503, 46, 87
877, 502, 46, 87
877, 501, 46, 87
0.0, 0.0, 0.0, 0.0
879, 501, 42, 94
879, 500, 42, 94
878, 498, 42, 94
878, 497, 42, 94
877, 495, 42, 94
877, 494, 42, 94
876, 493, 42, 94
876, 491, 42, 94
875, 490, 42, 94
875, 489, 42, 94
874, 488, 42, 94
873, 487, 42, 94
873, 486, 42, 94
872, 485, 42, 94
871, 484, 42, 94
870, 483, 42, 94
869, 482, 42, 94
868, 481, 42, 94
867, 479, 42, 94
866, 478, 42, 94
865, 477, 42, 94
865, 476, 42, 94
864, 474, 42, 94
863, 473, 42, 94
862, 472, 42, 94
862, 471, 42, 94
861, 470, 42, 94
860, 469, 42, 94
860, 468, 42, 94
859, 467, 42, 94
858, 466, 42, 94
858, 465, 42, 94
857, 464, 42, 94
857, 463, 42, 94
857, 462, 42, 94
856, 462, 42, 94
856, 461, 42, 94
856, 460, 42, 94
856, 459, 42, 94
855, 459, 42, 94
855, 458, 42, 94
855, 457, 42, 94
855, 456, 42, 94
854, 456, 42, 94
854, 455, 42, 94
854, 454, 42, 94
854, 454, 42, 94
854, 453, 42, 94
853, 453, 42, 94
853, 453, 42, 94
852, 452, 42, 94
851, 452, 42, 94
851, 452, 42, 94
850, 452, 42, 94
850, 452, 42, 94
850, 452, 42, 94
849, 452, 42, 94
848, 452, 42, 94
848, 451, 42, 94
848, 451, 42, 94
847, 451, 42, 94
847, 451, 42, 94
846, 451, 42, 94
846, 451, 42, 94
846, 451, 42, 94
846, 451, 42, 94
845, 451, 42, 94
845, 451, 42, 94
845, 451, 42, 94
844, 452, 42, 94
844, 452, 42, 94
844, 453, 42, 94
844, 453, 42, 94
844, 454, 42, 94
844, 454, 42, 94
844, 455, 42, 94
844, 456, 42, 94
844, 456, 42, 94
845, 456, 42, 94
845, 456, 42, 94
845, 457, 42, 94
845, 457, 42, 94
845, 457, 42, 94
845, 458, 42, 94
845, 459, 42, 94
845, 460, 42, 94
845, 460, 42, 94
845, 461, 42, 94
844, 462, 42, 94
844, 463, 42, 94
844, 464, 42, 94
844, 465, 42, 94
843, 466, 42, 94
843, 467, 42, 94
842, 468, 42, 94
842, 469, 42, 94
842, 470, 42, 94
841, 471, 42, 94
841, 471, 42, 94
0.0, 0.0, 0.0, 0.0
842, 473, 38, 79
842, 474, 38, 79
841, 477, 38, 79
841, 477, 38, 79
840, 478, 38, 79
840, 481, 38, 79
839, 481, 38, 79
839, 481, 38, 79
839, 482, 38, 79
838, 483, 38, 79
838, 483, 38, 79
838, 483, 38, 79
837, 484, 38, 79
837, 485, 38, 79
836, 484, 38, 79
836, 485, 38, 79
836, 483, 38, 79
835, 483, 38, 79
835, 483, 38, 79
834, 482, 38, 79
834, 482, 38, 79
834, 482, 38, 79
833, 481, 38, 79
833, 480, 38, 79
832, 480, 38, 79
832, 480, 38, 79
831, 479, 38, 79
831, 477, 38, 79
830, 477, 38, 79
829, 477, 38, 79
829, 477, 38, 79
828, 476, 38, 79
827, 477, 38, 79
826, 476, 38, 79
825, 476, 38, 79
824, 475, 38, 79
823, 474, 38, 79
822, 474, 38, 79
822, 473, 38, 79
821, 472, 38, 79
820, 472, 38, 79
819, 471, 38, 79
818, 470, 38, 79
818, 471, 38, 79
817, 469, 38, 79
817, 469, 38, 79
816, 468, 38, 79
815, 468, 38, 79
815, 468, 38, 79
814, 468, 38, 79
814, 467, 38, 79
813, 466, 38, 79
813, 466, 38, 79
0.0, 0.0, 0.0, 0.0
806, 456, 51, 98
805, 453, 54, 104
804, 451, 55, 106
803, 450, 56, 108
803, 451, 55, 106
803, 450, 55, 106
802, 449, 55, 106
802, 450, 54, 104
802, 450, 53, 102
801, 450, 53, 102
802, 450, 53, 102
801, 450, 52, 100
801, 451, 51, 98
800, 449, 52, 100
799, 450, 51, 98
798, 448, 53, 102
798, 449, 52, 100
796, 448, 53, 102
797, 447, 53, 102
796, 448, 53, 102
796, 448, 53, 102
795, 447, 53, 102
794, 447, 52, 100
794, 446, 52, 100
794, 445, 52, 100
793, 447, 51, 98
792, 442, 52, 100
791, 442, 52, 100
790, 441, 52, 100
790, 440, 52, 100
788, 439, 53, 102
787, 438, 53, 102
787, 436, 54, 104
