54.0,293.0,44.0,81.0
47.0,144.0,17.0,36.0
63.0,140.0,18.0,37.0
77.0,137.0,16.0,36.0
88.0,136.0,19.0,36.0
98.0,134.0,17.0,37.0
104.0,133.0,17.0,36.0
109.0,132.0,17.0,37.0
114.0,131.0,16.0,37.0
119.0,131.0,16.0,36.0
123.0,131.0,16.0,36.0
127.0,130.0,17.0,36.0
133.0,129.0,16.0,37.0
138.0,129.0,16.0,36.0
143.0,128.0,16.0,37.0
151.0,128.0,17.0,35.0
162.0,126.0,17.0,37.0
174.0,125.0,17.0,36.0
188.0,123.0,17.0,36.0
206.0,122.0,16.0,36.0
228.0,120.0,16.0,36.0
250.0,119.0,17.0,36.0
274.0,119.0,15.0,35.0
299.0,118.0,16.0,37.0
326.0,118.0,15.0,38.0
352.0,120.0,15.0,36.0
375.0,121.0,16.0,37.0
398.0,122.0,15.0,38.0
417.0,124.0,15.0,37.0
433.0,125.0,16.0,38.0
445.0,127.0,15.0,38.0
452.0,127.0,14.0,38.0
459.0,128.0,15.0,38.0
465.0,129.0,13.0,37.0
470.0,130.0,14.0,38.0
473.0,131.0,15.0,39.0
477.0,132.0,16.0,37.0
481.0,132.0,14.0,38.0
483.0,132.0,14.0,37.0
487.0,133.0,14.0,37.0
489.0,134.0,14.0,37.0
492.0,134.0,14.0,37.0
495.0,134.0,14.0,39.0
496.0,134.0,14.0,38.0
498.0,135.0,14.0,38.0
500.0,135.0,14.0,38.0
502.0,135.0,14.0,38.0
503.0,136.0,15.0,38.0
504.0,137.0,15.0,38.0
505.0,137.0,15.0,38.0
505.0,137.0,15.0,38.0
506.0,137.0,15.0,38.0
507.0,138.0,13.0,38.0
507.0,138.0,13.0,38.0
507.0,138.0,13.0,38.0
508.0,138.0,13.0,38.0
508.0,138.0,13.0,38.0
509.0,138.0,14.0,38.0
509.0,138.0,14.0,37.0
510.0,138.0,14.0,37.0
510.0,138.0,14.0,37.0
511.0,138.0,14.0,37.0
513.0,139.0,15.0,39.0
513.0,138.0,15.0,38.0
513.0,139.0,15.0,38.0
514.0,139.0,15.0,38.0
515.0,139.0,15.0,38.0
515.0,140.0,14.0,38.0
515.0,140.0,14.0,37.0
516.0,140.0,14.0,37.0
517.0,140.0,14.0,37.0
517.0,141.0,14.0,37.0
519.0,141.0,15.0,38.0
519.0,141.0,15.0,38.0
519.0,142.0,15.0,38.0
520.0,142.0,15.0,38.0
521.0,142.0,15.0,38.0
522.0,141.0,14.0,40.0
522.0,141.0,14.0,40.0
522.0,142.0,14.0,40.0
523.0,142.0,14.0,40.0
524.0,142.0,14.0,40.0
525.0,143.0,13.0,39.0
526.0,143.0,13.0,39.0
526.0,144.0,13.0,39.0
527.0,144.0,13.0,39.0
528.0,144.0,13.0,39.0
528.0,144.0,14.0,38.0
528.0,144.0,14.0,38.0
529.0,145.0,14.0,38.0
530.0,145.0,14.0,38.0
530.0,146.0,14.0,38.0
532.0,146.0,14.0,40.0
533.0,146.0,14.0,40.0
534.0,147.0,14.0,40.0
535.0,147.0,14.0,40.0
535.0,148.0,14.0,40.0
536.0,147.0,14.0,41.0
537.0,147.0,14.0,40.0
538.0,147.0,14.0,40.0
538.0,147.0,14.0,40.0
539.0,147.0,14.0,40.0
540.0,149.0,14.0,40.0
540.0,149.0,14.0,39.0
541.0,149.0,14.0,39.0
542.0,150.0,14.0,39.0
542.0,150.0,14.0,39.0
541.0,152.0,15.0,38.0
541.0,152.0,15.0,37.0
542.0,152.0,15.0,37.0
543.0,152.0,15.0,37.0
543.0,153.0,15.0,37.0
545.0,155.0,14.0,35.0
545.0,155.0,14.0,34.0
546.0,156.0,14.0,34.0
547.0,156.0,14.0,34.0
547.0,156.0,14.0,34.0
548.0,162.0,15.0,30.0
548.0,162.0,15.0,30.0
549.0,163.0,14.0,29.0
550.0,163.0,14.0,28.0
550.0,164.0,14.0,28.0
552.0,166.0,12.0,28.0
552.0,167.0,12.0,28.0
553.0,167.0,12.0,28.0
554.0,167.0,12.0,28.0
554.0,168.0,12.0,28.0
555.0,170.0,12.0,26.0
555.0,170.0,12.0,25.0
556.0,170.0,12.0,25.0
556.0,171.0,12.0,24.0
557.0,171.0,12.0,25.0
557.0,172.0,13.0,26.0
558.0,172.0,13.0,26.0
559.0,172.0,13.0,26.0
559.0,172.0,13.0,26.0
560.0,173.0,13.0,26.0
560.0,171.0,14.0,27.0
561.0,171.0,14.0,27.0
562.0,171.0,14.0,27.0
561.0,171.0,14.0,28.0
562.0,171.0,14.0,28.0
565.0,171.0,13.0,30.0
565.0,170.0,13.0,29.0
566.0,171.0,13.0,29.0
567.0,171.0,13.0,29.0
567.0,171.0,13.0,31.0
568.0,167.0,14.0,34.0
569.0,167.0,14.0,34.0
570.0,167.0,14.0,34.0
570.0,167.0,14.0,34.0
571.0,168.0,14.0,34.0
571.0,166.0,14.0,40.0
571.0,166.0,14.0,39.0
572.0,166.0,14.0,39.0
572.0,167.0,14.0,40.0
573.0,167.0,14.0,39.0
576.0,166.0,15.0,42.0
577.0,167.0,15.0,42.0
577.0,167.0,15.0,42.0
578.0,168.0,14.0,41.0
579.0,168.0,14.0,41.0
580.0,169.0,13.0,42.0
581.0,169.0,13.0,42.0
581.0,170.0,13.0,42.0
583.0,170.0,13.0,41.0
583.0,171.0,13.0,41.0
584.0,170.0,14.0,42.0
584.0,171.0,14.0,42.0
585.0,171.0,14.0,42.0
586.0,172.0,14.0,42.0
587.0,172.0,14.0,41.0
588.0,172.0,14.0,42.0
589.0,172.0,14.0,42.0
589.0,173.0,14.0,42.0
590.0,173.0,14.0,42.0
591.0,174.0,14.0,42.0
594.0,175.0,15.0,43.0
594.0,175.0,15.0,42.0
595.0,176.0,15.0,42.0
596.0,176.0,15.0,43.0
597.0,176.0,15.0,43.0
598.0,177.0,15.0,42.0
598.0,177.0,15.0,42.0
599.0,178.0,15.0,42.0
600.0,178.0,15.0,42.0
600.0,178.0,15.0,42.0
602.0,180.0,15.0,43.0
602.0,180.0,15.0,43.0
603.0,181.0,15.0,43.0
604.0,181.0,15.0,43.0
604.0,182.0,15.0,43.0
606.0,184.0,17.0,41.0
606.0,184.0,17.0,41.0
607.0,184.0,17.0,41.0
608.0,184.0,17.0,41.0
609.0,185.0,16.0,40.0
609.0,186.0,15.0,41.0
609.0,187.0,15.0,41.0
609.0,187.0,15.0,41.0
610.0,188.0,15.0,41.0
611.0,188.0,15.0,41.0
612.0,187.0,16.0,45.0
612.0,188.0,16.0,45.0
613.0,188.0,16.0,45.0
613.0,188.0,16.0,45.0
614.0,188.0,16.0,45.0
614.0,189.0,15.0,43.0
614.0,189.0,15.0,43.0
615.0,189.0,15.0,43.0
615.0,189.0,15.0,43.0
616.0,189.0,15.0,43.0
616.0,191.0,16.0,43.0
616.0,191.0,16.0,43.0
616.0,191.0,16.0,43.0
617.0,192.0,16.0,43.0
619.0,192.0,16.0,43.0
621.0,192.0,16.0,43.0
