1424, 250, 32, 76
1419, 250, 32, 76
1413, 251, 31, 75
1407, 252, 32, 76
1406, 253, 32, 76
1407, 254, 32, 76
1408, 254, 34, 81
1410, 255, 33, 78
1412, 258, 32, 76
1413, 259, 33, 79
1415, 261, 33, 78
1416, 263, 32, 76
1419, 268, 30, 70
1420, 267, 30, 72
1423, 271, 29, 69
1423, 269, 32, 76
1426, 274, 30, 72
1426, 270, 33, 78
1426, 271, 33, 79
1426, 272, 34, 81
1426, 273, 34, 81
1424, 275, 34, 81
1421, 276, 34, 81
1418, 275, 35, 82
1411, 276, 34, 81
1405, 277, 33, 79
1397, 277, 34, 81
1388, 277, 34, 81
1379, 278, 33, 79
1369, 277, 35, 82
1360, 278, 34, 81
1351, 278, 34, 81
1341, 278, 35, 82
1331, 279, 34, 81
1323, 279, 35, 82
1319, 280, 34, 81
1317, 282, 35, 82
1316, 283, 35, 84
1319, 284, 35, 82
1319, 286, 35, 84
1321, 287, 35, 84
1322, 289, 35, 82
1324, 291, 34, 81
1325, 292, 35, 84
1328, 294, 34, 81
1328, 294, 36, 86
1329, 296, 36, 86
1328, 297, 36, 86
1328, 299, 35, 84
1325, 301, 34, 81
1319, 302, 35, 84
1313, 301, 36, 86
1305, 303, 35, 84
1297, 304, 35, 84
1289, 305, 35, 84
1281, 306, 35, 82
1272, 305, 36, 86
1265, 307, 35, 84
1256, 307, 37, 87
1252, 308, 37, 89
1253, 311, 35, 84
1254, 312, 37, 87
1255, 313, 37, 89
1256, 315, 37, 89
1260, 319, 35, 82
1261, 319, 37, 87
1263, 321, 36, 86
1264, 323, 37, 87
1263, 325, 36, 86
1262, 325, 38, 91
1261, 327, 37, 89
1259, 330, 35, 84
1257, 331, 37, 87
1255, 332, 37, 89
1253, 334, 37, 87
1252, 336, 37, 87
1247, 336, 39, 93
1247, 339, 37, 87
1244, 340, 38, 91
1240, 341, 38, 91
1237, 343, 39, 93
1233, 343, 40, 94
1234, 346, 37, 89
1233, 347, 40, 94
1235, 349, 39, 93
1237, 351, 40, 94
1238, 353, 41, 96
1239, 354, 42, 100
1240, 356, 41, 96
1239, 357, 42, 100
1239, 362, 39, 93
1235, 362, 41, 98
1233, 365, 40, 94
1228, 366, 40, 94
1224, 369, 37, 89
1217, 371, 37, 89
1209, 372, 38, 91
1203, 374, 37, 89
1195, 376, 37, 89
0.0, 0.0, 0.0, 0.0
1184, 380, 31, 81
1175, 380, 34, 88
1170, 381, 34, 88
1162, 382, 35, 90
1157, 385, 34, 88
1153, 386, 36, 93
1151, 387, 38, 97
1150, 386, 40, 103
1151, 390, 39, 101
1151, 393, 38, 99
1151, 395, 38, 99
1150, 397, 38, 99
1145, 400, 38, 99
1140, 402, 39, 101
1134, 403, 40, 103
1128, 406, 39, 101
1122, 410, 38, 97
1113, 412, 38, 99
1105, 411, 40, 103
1097, 414, 40, 103
1089, 418, 39, 101
1082, 422, 38, 99
1073, 423, 38, 99
1066, 426, 39, 101
1059, 427, 41, 105
1052, 429, 40, 103
1042, 432, 41, 105
1035, 434, 41, 105
1028, 439, 40, 103
1021, 442, 40, 103
1017, 445, 40, 103
1016, 448, 40, 103
1016, 452, 40, 103
1017, 456, 39, 101
1017, 460, 39, 101
1017, 463, 39, 101
1017, 466, 40, 103
1017, 470, 40, 103
1018, 473, 40, 103
1020, 478, 39, 101
1022, 482, 39, 101
1023, 486, 39, 101
1025, 490, 39, 101
1027, 494, 39, 101
1027, 497, 40, 103
1028, 500, 40, 103
1029, 504, 40, 103
1030, 508, 39, 101
1029, 511, 40, 103
1026, 514, 41, 105
1024, 517, 41, 107
1020, 521, 41, 107
1016, 524, 43, 112
1011, 527, 43, 112
1006, 529, 45, 116
1002, 532, 46, 118
996, 536, 47, 121
991, 540, 47, 121
986, 544, 47, 121
982, 548, 47, 121
977, 553, 46, 118
972, 558, 46, 118
969, 563, 46, 118
969, 567, 46, 118
969, 569, 47, 121
970, 575, 47, 121
972, 580, 46, 118
973, 585, 46, 118
973, 590, 46, 118
974, 594, 47, 121
975, 597, 47, 121
976, 602, 47, 121
978, 606, 46, 118
978, 611, 46, 118
978, 614, 46, 118
977, 618, 46, 118
977, 622, 46, 118
977, 628, 46, 118
975, 632, 46, 118
972, 635, 46, 118
970, 640, 46, 118
965, 641, 47, 121
961, 643, 47, 121
959, 649, 47, 121
955, 651, 47, 121
953, 653, 48, 123
948, 654, 49, 126
947, 658, 49, 126
947, 662, 49, 126
948, 663, 50, 128
951, 669, 50, 128
952, 673, 50, 128
955, 678, 50, 128
958, 683, 50, 128
961, 687, 50, 128
966, 691, 50, 128
971, 695, 50, 128
976, 700, 50, 128
981, 705, 50, 128
0.0, 0.0, 0.0, 0.0
962, 709, 76, 135
965, 715, 76, 135
972, 715, 76, 135
975, 719, 78, 138
975, 722, 79, 140
978, 725, 79, 140
978, 726, 81, 143
979, 730, 81, 143
983, 738, 75, 132
984, 740, 76, 135
984, 740, 78, 138
986, 746, 75, 132
985, 746, 78, 138
986, 752, 76, 135
987, 754, 76, 135
992, 764, 72, 127
996, 765, 72, 127
997, 769, 72, 127
1005, 775, 66, 118
1008, 778, 65, 115
1009, 782, 66, 118
1012, 782, 67, 120
1014, 784, 70, 125
1017, 786, 72, 127
1018, 791, 75, 132
1021, 799, 72, 127
1024, 801, 72, 127
1028, 805, 70, 125
1026, 807, 70, 125
1024, 810, 69, 122
1023, 813, 66, 118
1014, 815, 67, 120
1008, 820, 67, 120
1000, 820, 69, 122
991, 823, 69, 122
984, 825, 69, 122
977, 829, 67, 120
970, 831, 69, 122
963, 834, 69, 122
956, 839, 69, 122
954, 840, 69, 122
956, 849, 67, 120
961, 854, 69, 122
968, 857, 67, 120
975, 862, 69, 122
982, 864, 69, 122
988, 869, 69, 122
995, 874, 67, 120
1002, 880, 67, 120
1009, 886, 66, 118
1013, 887, 69, 122
1019, 890, 69, 122
1023, 891, 73, 130
1026, 895, 72, 127
1029, 897, 73, 130
1033, 900, 72, 127
1035, 900, 73, 130
1036, 902, 75, 132
1036, 904, 75, 132
1036, 906, 76, 135
1035, 906, 78, 138
1034, 909, 78, 138
1032, 910, 78, 138
1031, 912, 78, 138
1030, 913, 78, 138
1030, 913, 78, 138
1030, 915, 76, 135
1028, 917, 78, 138
1027, 918, 78, 138
1026, 919, 78, 138
1026, 920, 76, 135
1025, 922, 76, 135
1027, 923, 75, 132
1028, 926, 73, 130
1028, 928, 73, 130
1029, 930, 72, 127
1029, 932, 75, 132
1031, 934, 73, 130
1033, 936, 73, 130
1034, 937, 73, 130
1036, 938, 73, 130
1038, 939, 73, 130
1039, 939, 73, 130
1040, 940, 73, 130
1041, 940, 75, 132
1041, 941, 75, 132
1042, 944, 73, 130
1043, 944, 75, 132
1045, 947, 72, 127
1045, 948, 73, 130
1045, 949, 73, 130
1045, 950, 72, 127
1045, 951, 72, 127
1046, 951, 72, 127
1046, 951, 72, 127
1045, 951, 72, 127
1045, 951, 72, 127
1044, 951, 73, 130
1045, 952, 73, 130
0.0, 0.0, 0.0, 0.0
1065, 949, 75, 129
1067, 952, 73, 127
1066, 950, 76, 132
1070, 953, 73, 127
1071, 954, 73, 127
1072, 955, 73, 127
1074, 955, 73, 127
1076, 957, 73, 127
1078, 958, 73, 127
1080, 959, 73, 127
1081, 960, 73, 127
1083, 961, 73, 127
1084, 962, 73, 127
1085, 964, 73, 127
1085, 965, 73, 127
1086, 967, 72, 124
1086, 967, 73, 127
1086, 968, 73, 127
1085, 969, 73, 127
1085, 971, 73, 127
1086, 974, 72, 124
1086, 975, 72, 124
1086, 976, 72, 124
1087, 979, 70, 122
1087, 980, 69, 120
1088, 983, 67, 117
1089, 988, 65, 113
1087, 988, 65, 113
1089, 991, 64, 110
1089, 994, 61, 106
1089, 996, 59, 102
1088, 993, 62, 108
1089, 998, 61, 106
1090, 999, 60, 104
1090, 1000, 60, 104
1090, 1001, 60, 104
1089, 1003, 59, 102
1088, 1005, 59, 102
1087, 1004, 60, 104
1087, 1007, 59, 102
1086, 1006, 59, 102
1087, 1010, 58, 100
1086, 1009, 58, 100
1084, 1011, 59, 102
1083, 1010, 60, 104
1082, 1011, 60, 104
1082, 1012, 60, 104
1081, 1014, 59, 102
1079, 1015, 60, 104
1079, 1016, 60, 104
1076, 1017, 61, 106
1075, 1017, 61, 106
1072, 1017, 61, 106
1072, 1017, 61, 106
1069, 1017, 61, 106
1069, 1017, 61, 106
1065, 1017, 61, 106
1066, 1018, 60, 104
1061, 1017, 61, 106
1061, 1017, 61, 106
