789.0, 216.0, 85.0, 144.0
790.0, 216.0, 85.0, 144.0
789.0, 216.0, 85.0, 144.0
790.0, 216.0, 85.0, 144.0
789.0, 218.0, 85.0, 144.0
790.0, 218.0, 85.0, 144.0
791.0, 218.0, 85.0, 144.0
792.0, 218.0, 85.0, 144.0
791.0, 218.0, 85.0, 144.0
792.0, 218.0, 85.0, 144.0
791.0, 218.0, 85.0, 144.0
792.0, 218.0, 85.0, 144.0
791.0, 218.0, 85.0, 144.0
792.0, 216.0, 85.0, 144.0
791.0, 216.0, 85.0, 144.0
792.0, 216.0, 85.0, 144.0
793.0, 216.0, 85.0, 144.0
794.0, 214.0, 85.0, 144.0
793.0, 214.0, 85.0, 144.0
794.0, 214.0, 85.0, 144.0
793.0, 214.0, 85.0, 144.0
794.0, 214.0, 85.0, 144.0
795.0, 212.0, 85.0, 144.0
796.0, 212.0, 85.0, 144.0
795.0, 210.0, 85.0, 144.0
796.0, 210.0, 85.0, 144.0
795.0, 210.0, 85.0, 144.0
796.0, 208.0, 85.0, 144.0
795.0, 208.0, 85.0, 144.0
796.0, 208.0, 85.0, 144.0
795.0, 208.0, 85.0, 144.0
796.0, 206.0, 85.0, 144.0
795.0, 206.0, 85.0, 144.0
796.0, 204.0, 85.0, 144.0
795.0, 204.0, 85.0, 144.0
794.0, 204.0, 85.0, 144.0
793.0, 204.0, 85.0, 144.0
794.0, 202.0, 85.0, 144.0
793.0, 202.0, 85.0, 144.0
794.0, 202.0, 85.0, 144.0
793.0, 202.0, 85.0, 144.0
792.0, 202.0, 85.0, 144.0
791.0, 202.0, 85.0, 144.0
792.0, 202.0, 85.0, 144.0
791.0, 202.0, 85.0, 144.0
792.0, 202.0, 85.0, 144.0
791.0, 202.0, 85.0, 144.0
792.0, 202.0, 85.0, 144.0
791.0, 202.0, 85.0, 144.0
792.0, 202.0, 85.0, 144.0
791.0, 200.0, 85.0, 144.0
792.0, 200.0, 85.0, 144.0
791.0, 200.0, 85.0, 144.0
792.0, 200.0, 85.0, 144.0
791.0, 200.0, 85.0, 144.0
792.0, 198.0, 85.0, 144.0
793.0, 198.0, 85.0, 144.0
794.0, 198.0, 85.0, 144.0
793.0, 198.0, 85.0, 144.0
794.0, 196.0, 85.0, 144.0
795.0, 196.0, 85.0, 144.0
796.0, 196.0, 85.0, 144.0
795.0, 194.0, 85.0, 144.0
796.0, 194.0, 85.0, 144.0
797.0, 192.0, 85.0, 144.0
798.0, 192.0, 85.0, 144.0
797.0, 190.0, 85.0, 144.0
798.0, 190.0, 85.0, 144.0
797.0, 188.0, 85.0, 144.0
798.0, 188.0, 85.0, 144.0
797.0, 188.0, 85.0, 144.0
798.0, 186.0, 85.0, 144.0
799.0, 186.0, 85.0, 144.0
800.0, 186.0, 85.0, 144.0
799.0, 184.0, 85.0, 144.0
800.0, 184.0, 85.0, 144.0
799.0, 184.0, 85.0, 144.0
800.0, 182.0, 85.0, 144.0
799.0, 182.0, 85.0, 144.0
800.0, 182.0, 85.0, 144.0
799.0, 182.0, 85.0, 144.0
800.0, 180.0, 85.0, 144.0
799.0, 180.0, 85.0, 144.0
798.0, 180.0, 85.0, 144.0
797.0, 180.0, 85.0, 144.0
798.0, 178.0, 85.0, 144.0
797.0, 178.0, 85.0, 144.0
796.0, 176.0, 85.0, 144.0
795.0, 174.0, 85.0, 144.0
796.0, 172.0, 85.0, 144.0
795.0, 170.0, 85.0, 144.0
796.0, 170.0, 85.0, 144.0
795.0, 168.0, 85.0, 144.0
794.0, 166.0, 85.0, 144.0
793.0, 166.0, 85.0, 144.0
794.0, 164.0, 85.0, 144.0
793.0, 162.0, 85.0, 144.0
794.0, 162.0, 85.0, 144.0
793.0, 162.0, 85.0, 144.0
794.0, 160.0, 85.0, 144.0
793.0, 160.0, 85.0, 144.0
794.0, 158.0, 85.0, 144.0
793.0, 158.0, 85.0, 144.0
792.0, 158.0, 85.0, 144.0
793.0, 156.0, 85.0, 144.0
792.0, 156.0, 85.0, 144.0
793.0, 156.0, 85.0, 144.0
794.0, 154.0, 85.0, 144.0
793.0, 152.0, 85.0, 144.0
794.0, 152.0, 85.0, 144.0
793.0, 150.0, 85.0, 144.0
796.0, 148.0, 85.0, 144.0
795.0, 146.0, 85.0, 144.0
796.0, 144.0, 85.0, 144.0
795.0, 142.0, 85.0, 144.0
794.0, 140.0, 85.0, 144.0
793.0, 138.0, 85.0, 144.0
792.0, 136.0, 85.0, 144.0
787.0, 134.0, 85.0, 144.0
784.0, 134.0, 85.0, 144.0
779.0, 132.0, 85.0, 144.0
776.0, 130.0, 85.0, 144.0
769.0, 128.0, 85.0, 144.0
764.0, 126.0, 85.0, 144.0
755.0, 124.0, 85.0, 144.0
748.0, 124.0, 85.0, 144.0
739.0, 122.0, 85.0, 144.0
732.0, 120.0, 85.0, 144.0
721.0, 118.0, 85.0, 144.0
712.0, 118.0, 85.0, 144.0
701.0, 116.0, 85.0, 144.0
690.0, 114.0, 85.0, 144.0
679.0, 112.0, 85.0, 144.0
670.0, 110.0, 85.0, 144.0
659.0, 108.0, 85.0, 144.0
650.0, 106.0, 85.0, 144.0
639.0, 104.0, 85.0, 144.0
630.0, 102.0, 85.0, 144.0
621.0, 100.0, 85.0, 144.0
614.0, 98.0, 85.0, 144.0
605.0, 96.0, 85.0, 144.0
600.0, 96.0, 85.0, 144.0
593.0, 94.0, 85.0, 144.0
588.0, 94.0, 85.0, 144.0
583.0, 92.0, 85.0, 144.0
578.0, 92.0, 85.0, 144.0
573.0, 90.0, 85.0, 144.0
572.0, 90.0, 85.0, 144.0
567.0, 90.0, 85.0, 144.0
566.0, 88.0, 85.0, 144.0
563.0, 88.0, 85.0, 144.0
562.0, 88.0, 85.0, 144.0
559.0, 88.0, 85.0, 144.0
558.0, 86.0, 85.0, 144.0
557.0, 86.0, 85.0, 144.0
556.0, 84.0, 85.0, 144.0
555.0, 82.0, 85.0, 144.0
554.0, 82.0, 85.0, 144.0
553.0, 80.0, 85.0, 144.0
552.0, 78.0, 85.0, 144.0
551.0, 76.0, 85.0, 144.0
550.0, 74.0, 85.0, 144.0
549.0, 74.0, 85.0, 144.0
550.0, 72.0, 85.0, 144.0
547.0, 72.0, 85.0, 144.0
548.0, 70.0, 85.0, 144.0
547.0, 70.0, 85.0, 144.0
546.0, 70.0, 85.0, 144.0
545.0, 68.0, 85.0, 144.0
546.0, 68.0, 85.0, 144.0
543.0, 68.0, 85.0, 144.0
544.0, 68.0, 85.0, 144.0
543.0, 68.0, 85.0, 144.0
542.0, 68.0, 85.0, 144.0
541.0, 66.0, 85.0, 144.0
540.0, 66.0, 85.0, 144.0
539.0, 66.0, 85.0, 144.0
538.0, 66.0, 85.0, 144.0
537.0, 64.0, 85.0, 144.0
536.0, 64.0, 85.0, 144.0
535.0, 62.0, 85.0, 144.0
534.0, 60.0, 85.0, 144.0
533.0, 60.0, 85.0, 144.0
532.0, 60.0, 85.0, 144.0
531.0, 58.0, 85.0, 144.0
530.0, 58.0, 85.0, 144.0
529.0, 58.0, 85.0, 144.0
530.0, 58.0, 85.0, 144.0
527.0, 58.0, 85.0, 144.0
528.0, 58.0, 85.0, 144.0
527.0, 58.0, 85.0, 144.0
526.0, 58.0, 85.0, 144.0
525.0, 58.0, 85.0, 144.0
526.0, 58.0, 85.0, 144.0
525.0, 58.0, 85.0, 144.0
524.0, 58.0, 85.0, 144.0
523.0, 60.0, 85.0, 144.0
524.0, 60.0, 85.0, 144.0
523.0, 60.0, 85.0, 144.0
522.0, 60.0, 85.0, 144.0
521.0, 60.0, 85.0, 144.0
522.0, 60.0, 85.0, 144.0
521.0, 60.0, 85.0, 144.0
520.0, 60.0, 85.0, 144.0
519.0, 60.0, 85.0, 144.0
520.0, 60.0, 85.0, 144.0
519.0, 60.0, 85.0, 144.0
520.0, 60.0, 85.0, 144.0
517.0, 62.0, 85.0, 144.0
518.0, 62.0, 85.0, 144.0
517.0, 64.0, 85.0, 144.0
518.0, 64.0, 85.0, 144.0
517.0, 66.0, 85.0, 144.0
516.0, 66.0, 85.0, 144.0
515.0, 68.0, 85.0, 144.0
516.0, 68.0, 85.0, 144.0
515.0, 70.0, 85.0, 144.0
516.0, 72.0, 85.0, 144.0
515.0, 72.0, 85.0, 144.0
514.0, 74.0, 85.0, 144.0
513.0, 76.0, 85.0, 144.0
514.0, 76.0, 85.0, 144.0
513.0, 78.0, 85.0, 144.0
512.0, 78.0, 85.0, 144.0
511.0, 80.0, 85.0, 144.0
512.0, 80.0, 85.0, 144.0
511.0, 80.0, 85.0, 144.0
510.0, 82.0, 85.0, 144.0
509.0, 84.0, 85.0, 144.0
510.0, 84.0, 85.0, 144.0
509.0, 86.0, 85.0, 144.0
510.0, 88.0, 85.0, 144.0
509.0, 90.0, 85.0, 144.0
508.0, 90.0, 85.0, 144.0
507.0, 92.0, 85.0, 144.0
508.0, 94.0, 85.0, 144.0
507.0, 96.0, 85.0, 144.0
508.0, 98.0, 85.0, 144.0
507.0, 100.0, 85.0, 144.0
508.0, 102.0, 85.0, 144.0
507.0, 104.0, 85.0, 144.0
508.0, 106.0, 85.0, 144.0
507.0, 108.0, 85.0, 144.0
508.0, 112.0, 85.0, 144.0
507.0, 114.0, 85.0, 144.0
508.0, 116.0, 85.0, 144.0
507.0, 118.0, 85.0, 144.0
508.0, 120.0, 85.0, 144.0
507.0, 122.0, 85.0, 144.0
506.0, 122.0, 85.0, 144.0
505.0, 124.0, 85.0, 144.0
506.0, 126.0, 85.0, 144.0
505.0, 126.0, 85.0, 144.0
506.0, 128.0, 85.0, 144.0
505.0, 130.0, 85.0, 144.0
506.0, 132.0, 85.0, 144.0
505.0, 134.0, 85.0, 144.0
506.0, 136.0, 85.0, 144.0
505.0, 138.0, 85.0, 144.0
506.0, 140.0, 85.0, 144.0
505.0, 142.0, 85.0, 144.0
506.0, 144.0, 85.0, 144.0
505.0, 146.0, 85.0, 144.0
506.0, 150.0, 85.0, 144.0
505.0, 152.0, 85.0, 144.0
504.0, 154.0, 85.0, 144.0
503.0, 156.0, 85.0, 144.0
504.0, 158.0, 85.0, 144.0
503.0, 160.0, 85.0, 144.0
504.0, 162.0, 85.0, 144.0
503.0, 164.0, 85.0, 144.0
504.0, 166.0, 85.0, 144.0
503.0, 166.0, 85.0, 144.0
504.0, 168.0, 85.0, 144.0
503.0, 168.0, 85.0, 144.0
504.0, 170.0, 85.0, 144.0
503.0, 170.0, 85.0, 144.0
502.0, 172.0, 85.0, 144.0
501.0, 174.0, 85.0, 144.0
502.0, 176.0, 85.0, 144.0
501.0, 178.0, 85.0, 144.0
502.0, 180.0, 85.0, 144.0
503.0, 182.0, 85.0, 144.0
504.0, 184.0, 85.0, 144.0
503.0, 186.0, 85.0, 144.0
504.0, 188.0, 85.0, 144.0
503.0, 190.0, 85.0, 144.0
504.0, 194.0, 85.0, 144.0
505.0, 196.0, 85.0, 144.0
506.0, 196.0, 85.0, 144.0
507.0, 198.0, 85.0, 144.0
508.0, 200.0, 85.0, 144.0
507.0, 200.0, 85.0, 144.0
510.0, 202.0, 85.0, 144.0
509.0, 202.0, 85.0, 144.0
510.0, 204.0, 85.0, 144.0
511.0, 204.0, 85.0, 144.0
512.0, 206.0, 85.0, 144.0
511.0, 208.0, 85.0, 144.0
514.0, 208.0, 85.0, 144.0
513.0, 210.0, 85.0, 144.0
514.0, 212.0, 85.0, 144.0
515.0, 214.0, 85.0, 144.0
516.0, 216.0, 85.0, 144.0
517.0, 218.0, 85.0, 144.0
518.0, 220.0, 85.0, 144.0
519.0, 222.0, 85.0, 144.0
520.0, 224.0, 85.0, 144.0
521.0, 226.0, 85.0, 144.0
522.0, 228.0, 85.0, 144.0
521.0, 230.0, 85.0, 144.0
522.0, 232.0, 85.0, 144.0
523.0, 232.0, 85.0, 144.0
524.0, 232.0, 85.0, 144.0
525.0, 234.0, 85.0, 144.0
526.0, 234.0, 85.0, 144.0
527.0, 236.0, 85.0, 144.0
528.0, 236.0, 85.0, 144.0
529.0, 238.0, 85.0, 144.0
530.0, 238.0, 85.0, 144.0
531.0, 240.0, 85.0, 144.0
532.0, 242.0, 85.0, 144.0
533.0, 242.0, 85.0, 144.0
534.0, 244.0, 85.0, 144.0
535.0, 246.0, 85.0, 144.0
538.0, 248.0, 85.0, 144.0
539.0, 248.0, 85.0, 144.0
540.0, 250.0, 85.0, 144.0
541.0, 252.0, 85.0, 144.0
544.0, 254.0, 85.0, 144.0
545.0, 254.0, 85.0, 144.0
546.0, 256.0, 85.0, 144.0
547.0, 256.0, 85.0, 144.0
550.0, 256.0, 85.0, 144.0
551.0, 256.0, 85.0, 144.0
554.0, 256.0, 85.0, 144.0
555.0, 256.0, 85.0, 144.0
556.0, 256.0, 85.0, 144.0
557.0, 258.0, 85.0, 144.0
560.0, 258.0, 85.0, 144.0
561.0, 258.0, 85.0, 144.0
564.0, 260.0, 85.0, 144.0
565.0, 260.0, 85.0, 144.0
566.0, 262.0, 85.0, 144.0
567.0, 262.0, 85.0, 144.0
570.0, 264.0, 85.0, 144.0
571.0, 264.0, 85.0, 144.0
574.0, 266.0, 85.0, 144.0
575.0, 268.0, 85.0, 144.0
578.0, 268.0, 85.0, 144.0
579.0, 270.0, 85.0, 144.0
580.0, 270.0, 85.0, 144.0
581.0, 272.0, 85.0, 144.0
584.0, 272.0, 85.0, 144.0
585.0, 272.0, 85.0, 144.0
588.0, 272.0, 85.0, 144.0
589.0, 272.0, 85.0, 144.0
592.0, 272.0, 85.0, 144.0
593.0, 272.0, 85.0, 144.0
596.0, 272.0, 85.0, 144.0
599.0, 272.0, 85.0, 144.0
602.0, 272.0, 85.0, 144.0
603.0, 274.0, 85.0, 144.0
606.0, 274.0, 85.0, 144.0
607.0, 276.0, 85.0, 144.0
610.0, 276.0, 85.0, 144.0
613.0, 278.0, 85.0, 144.0
616.0, 278.0, 85.0, 144.0
617.0, 280.0, 85.0, 144.0
620.0, 280.0, 85.0, 144.0
623.0, 282.0, 85.0, 144.0
626.0, 282.0, 85.0, 144.0
629.0, 284.0, 85.0, 144.0
632.0, 284.0, 85.0, 144.0
635.0, 284.0, 85.0, 144.0
640.0, 284.0, 85.0, 144.0
641.0, 284.0, 85.0, 144.0
646.0, 284.0, 85.0, 144.0
649.0, 282.0, 85.0, 144.0
652.0, 282.0, 85.0, 144.0
655.0, 282.0, 85.0, 144.0
660.0, 282.0, 85.0, 144.0
663.0, 282.0, 85.0, 144.0
666.0, 282.0, 85.0, 144.0
669.0, 284.0, 85.0, 144.0
672.0, 284.0, 85.0, 144.0
675.0, 284.0, 85.0, 144.0
678.0, 284.0, 85.0, 144.0
681.0, 284.0, 85.0, 144.0
684.0, 286.0, 85.0, 144.0
687.0, 286.0, 85.0, 144.0
690.0, 286.0, 85.0, 144.0
693.0, 286.0, 85.0, 144.0
696.0, 286.0, 85.0, 144.0
699.0, 286.0, 85.0, 144.0
702.0, 286.0, 85.0, 144.0
705.0, 286.0, 85.0, 144.0
708.0, 284.0, 85.0, 144.0
711.0, 284.0, 85.0, 144.0
714.0, 282.0, 85.0, 144.0
715.0, 282.0, 85.0, 144.0
718.0, 282.0, 85.0, 144.0
719.0, 282.0, 85.0, 144.0
722.0, 282.0, 85.0, 144.0
723.0, 282.0, 85.0, 144.0
726.0, 282.0, 85.0, 144.0
727.0, 282.0, 85.0, 144.0
730.0, 282.0, 85.0, 144.0
731.0, 282.0, 85.0, 144.0
734.0, 282.0, 85.0, 144.0
735.0, 282.0, 85.0, 144.0
736.0, 282.0, 85.0, 144.0
737.0, 282.0, 85.0, 144.0
740.0, 282.0, 85.0, 144.0
741.0, 282.0, 85.0, 144.0
742.0, 282.0, 85.0, 144.0
743.0, 280.0, 85.0, 144.0
746.0, 278.0, 85.0, 144.0
747.0, 278.0, 85.0, 144.0
748.0, 276.0, 85.0, 144.0
747.0, 276.0, 85.0, 144.0
746.0, 274.0, 85.0, 144.0
743.0, 274.0, 85.0, 144.0
738.0, 272.0, 85.0, 144.0
731.0, 272.0, 85.0, 144.0
724.0, 270.0, 85.0, 144.0
713.0, 270.0, 85.0, 144.0
702.0, 268.0, 85.0, 144.0
689.0, 268.0, 85.0, 144.0
678.0, 266.0, 85.0, 144.0
665.0, 266.0, 85.0, 144.0
652.0, 266.0, 85.0, 144.0
637.0, 266.0, 85.0, 144.0
624.0, 264.0, 85.0, 144.0
611.0, 264.0, 85.0, 144.0
598.0, 264.0, 85.0, 144.0
583.0, 262.0, 85.0, 144.0
570.0, 262.0, 85.0, 144.0
555.0, 262.0, 85.0, 144.0
544.0, 262.0, 85.0, 144.0
531.0, 262.0, 85.0, 144.0
520.0, 262.0, 85.0, 144.0
509.0, 262.0, 85.0, 144.0
500.0, 262.0, 85.0, 144.0
491.0, 264.0, 85.0, 144.0
482.0, 264.0, 85.0, 144.0
473.0, 264.0, 85.0, 144.0
468.0, 266.0, 85.0, 144.0
461.0, 266.0, 85.0, 144.0
456.0, 266.0, 85.0, 144.0
449.0, 268.0, 85.0, 144.0
446.0, 268.0, 85.0, 144.0
443.0, 268.0, 85.0, 144.0
440.0, 268.0, 85.0, 144.0
437.0, 268.0, 85.0, 144.0
436.0, 268.0, 85.0, 144.0
435.0, 266.0, 85.0, 144.0
434.0, 264.0, 85.0, 144.0
433.0, 262.0, 85.0, 144.0
432.0, 260.0, 85.0, 144.0
431.0, 260.0, 85.0, 144.0
430.0, 258.0, 85.0, 144.0
429.0, 258.0, 85.0, 144.0
430.0, 256.0, 85.0, 144.0
427.0, 256.0, 85.0, 144.0
428.0, 254.0, 85.0, 144.0
427.0, 252.0, 85.0, 144.0
426.0, 252.0, 85.0, 144.0
425.0, 250.0, 85.0, 144.0
426.0, 250.0, 85.0, 144.0
425.0, 248.0, 85.0, 144.0
424.0, 248.0, 85.0, 144.0
423.0, 246.0, 85.0, 144.0
424.0, 244.0, 85.0, 144.0
423.0, 244.0, 85.0, 144.0
424.0, 242.0, 85.0, 144.0
423.0, 240.0, 85.0, 144.0
424.0, 238.0, 85.0, 144.0
423.0, 236.0, 85.0, 144.0
424.0, 234.0, 85.0, 144.0
421.0, 230.0, 85.0, 144.0
422.0, 228.0, 85.0, 144.0
421.0, 226.0, 85.0, 144.0
420.0, 224.0, 85.0, 144.0
419.0, 222.0, 85.0, 144.0
420.0, 220.0, 85.0, 144.0
419.0, 218.0, 85.0, 144.0
420.0, 218.0, 85.0, 144.0
419.0, 216.0, 85.0, 144.0
420.0, 214.0, 85.0, 144.0
419.0, 212.0, 85.0, 144.0
420.0, 212.0, 85.0, 144.0
419.0, 210.0, 85.0, 144.0
420.0, 208.0, 85.0, 144.0
419.0, 208.0, 85.0, 144.0
420.0, 206.0, 85.0, 144.0
419.0, 204.0, 85.0, 144.0
420.0, 204.0, 85.0, 144.0
419.0, 202.0, 85.0, 144.0
420.0, 200.0, 85.0, 144.0
419.0, 198.0, 85.0, 144.0
420.0, 196.0, 85.0, 144.0
419.0, 194.0, 85.0, 144.0
420.0, 192.0, 85.0, 144.0
419.0, 188.0, 85.0, 144.0
420.0, 186.0, 85.0, 144.0
419.0, 184.0, 85.0, 144.0
420.0, 182.0, 85.0, 144.0
419.0, 182.0, 85.0, 144.0
420.0, 180.0, 85.0, 144.0
419.0, 178.0, 85.0, 144.0
420.0, 176.0, 85.0, 144.0
419.0, 176.0, 85.0, 144.0
420.0, 174.0, 85.0, 144.0
421.0, 174.0, 85.0, 144.0
422.0, 172.0, 85.0, 144.0
421.0, 172.0, 85.0, 144.0
422.0, 170.0, 85.0, 144.0
421.0, 170.0, 85.0, 144.0
422.0, 168.0, 85.0, 144.0
421.0, 168.0, 85.0, 144.0
422.0, 166.0, 85.0, 144.0
421.0, 164.0, 85.0, 144.0
422.0, 162.0, 85.0, 144.0
421.0, 160.0, 85.0, 144.0
422.0, 158.0, 85.0, 144.0
421.0, 156.0, 85.0, 144.0
422.0, 154.0, 85.0, 144.0
421.0, 152.0, 85.0, 144.0
422.0, 152.0, 85.0, 144.0
421.0, 150.0, 85.0, 144.0
422.0, 150.0, 85.0, 144.0
421.0, 148.0, 85.0, 144.0
422.0, 148.0, 85.0, 144.0
423.0, 146.0, 85.0, 144.0
424.0, 146.0, 85.0, 144.0
423.0, 146.0, 85.0, 144.0
424.0, 146.0, 85.0, 144.0
425.0, 144.0, 85.0, 144.0
426.0, 144.0, 85.0, 144.0
425.0, 144.0, 85.0, 144.0
426.0, 144.0, 85.0, 144.0
427.0, 142.0, 85.0, 144.0
428.0, 142.0, 85.0, 144.0
429.0, 140.0, 85.0, 144.0
430.0, 138.0, 85.0, 144.0
429.0, 138.0, 85.0, 144.0
430.0, 136.0, 85.0, 144.0
431.0, 134.0, 85.0, 144.0
432.0, 134.0, 85.0, 144.0
431.0, 134.0, 85.0, 144.0
430.0, 132.0, 85.0, 144.0
429.0, 132.0, 85.0, 144.0
428.0, 132.0, 85.0, 144.0
427.0, 132.0, 85.0, 144.0
426.0, 132.0, 85.0, 144.0
423.0, 132.0, 85.0, 144.0
422.0, 132.0, 85.0, 144.0
419.0, 132.0, 85.0, 144.0
418.0, 134.0, 85.0, 144.0
415.0, 134.0, 85.0, 144.0
412.0, 134.0, 85.0, 144.0
409.0, 136.0, 85.0, 144.0
408.0, 136.0, 85.0, 144.0
405.0, 136.0, 85.0, 144.0
404.0, 136.0, 85.0, 144.0
401.0, 136.0, 85.0, 144.0
400.0, 134.0, 85.0, 144.0
397.0, 134.0, 85.0, 144.0
396.0, 134.0, 85.0, 144.0
395.0, 132.0, 85.0, 144.0
394.0, 132.0, 85.0, 144.0
393.0, 132.0, 85.0, 144.0
392.0, 132.0, 85.0, 144.0
391.0, 132.0, 85.0, 144.0
392.0, 132.0, 85.0, 144.0
391.0, 132.0, 85.0, 144.0
390.0, 132.0, 85.0, 144.0
389.0, 134.0, 85.0, 144.0
390.0, 134.0, 85.0, 144.0
389.0, 134.0, 85.0, 144.0
388.0, 134.0, 85.0, 144.0
387.0, 134.0, 85.0, 144.0
386.0, 136.0, 85.0, 144.0
385.0, 136.0, 85.0, 144.0
386.0, 136.0, 85.0, 144.0
385.0, 136.0, 85.0, 144.0
384.0, 136.0, 85.0, 144.0
383.0, 136.0, 85.0, 144.0
382.0, 134.0, 85.0, 144.0
