441.0,566.0,112.0,148.0
441.0,555.0,111.0,147.0
443.0,543.0,110.0,146.0
443.0,528.0,111.0,144.0
446.0,516.0,111.0,143.0
444.0,502.0,114.0,145.0
445.0,489.0,115.0,146.0
449.0,477.0,114.0,145.0
449.0,463.0,116.0,146.0
452.0,453.0,115.0,142.0
459.0,442.0,108.0,134.0
460.0,431.0,108.0,133.0
463.0,406.0,106.0,131.0
465.0,402.0,108.0,132.0
468.0,390.0,108.0,134.0
471.0,377.0,108.0,132.0
473.0,359.0,109.0,134.0
476.0,346.0,109.0,133.0
478.0,331.0,109.0,133.0
488.0,312.0,106.0,130.0
485.0,302.0,110.0,132.0
483.0,286.0,111.0,134.0
488.0,277.0,110.0,132.0
487.0,266.0,113.0,133.0
489.0,258.0,115.0,134.0
492.0,245.0,118.0,136.0
496.0,242.0,118.0,136.0
499.0,234.0,117.0,134.0
502.0,229.0,118.0,138.0
507.0,223.0,117.0,138.0
516.0,219.0,114.0,137.0
525.0,212.0,116.0,139.0
526.0,212.0,115.0,138.0
529.0,208.0,113.0,141.0
531.0,206.0,115.0,145.0
536.0,206.0,114.0,146.0
545.0,208.0,110.0,141.0
541.0,207.0,110.0,141.0
545.0,208.0,108.0,139.0
548.0,210.0,105.0,135.0
555.0,212.0,106.0,139.0
555.0,214.0,106.0,138.0
556.0,217.0,106.0,138.0
557.0,222.0,106.0,138.0
564.0,227.0,105.0,136.0
563.0,234.0,108.0,136.0
564.0,236.0,108.0,136.0
565.0,243.0,110.0,139.0
571.0,249.0,108.0,136.0
573.0,258.0,107.0,131.0
574.0,265.0,105.0,131.0
577.0,272.0,105.0,130.0
581.0,282.0,100.0,128.0
585.0,291.0,100.0,128.0
588.0,299.0,101.0,129.0
592.0,308.0,99.0,128.0
593.0,319.0,100.0,129.0
596.0,328.0,101.0,127.0
597.0,338.0,101.0,127.0
599.0,350.0,97.0,124.0
604.0,357.0,97.0,122.0
607.0,365.0,96.0,119.0
606.0,371.0,95.0,119.0
607.0,380.0,95.0,118.0
608.0,384.0,92.0,115.0
610.0,389.0,91.0,113.0
611.0,393.0,90.0,112.0
609.0,393.0,91.0,113.0
609.0,397.0,92.0,114.0
609.0,397.0,90.0,112.0
607.0,398.0,93.0,117.0
604.0,398.0,95.0,120.0
603.0,400.0,96.0,120.0
603.0,401.0,94.0,120.0
602.0,402.0,94.0,120.0
602.0,402.0,95.0,122.0
603.0,403.0,95.0,122.0
601.0,403.0,95.0,122.0
600.0,402.0,95.0,121.0
598.0,403.0,95.0,121.0
598.0,402.0,95.0,121.0
599.0,403.0,95.0,121.0
596.0,400.0,96.0,123.0
596.0,399.0,96.0,123.0
593.0,397.0,100.0,127.0
594.0,397.0,100.0,127.0
595.0,395.0,99.0,128.0
593.0,394.0,100.0,127.0
593.0,392.0,100.0,127.0
594.0,390.0,100.0,127.0
591.0,389.0,99.0,128.0
593.0,388.0,97.0,126.0
593.0,384.0,97.0,126.0
593.0,386.0,97.0,126.0
592.0,386.0,97.0,126.0
592.0,386.0,97.0,125.0
592.0,383.0,97.0,125.0
592.0,384.0,97.0,125.0
592.0,381.0,97.0,125.0
592.0,381.0,97.0,124.0
593.0,380.0,94.0,124.0
594.0,379.0,94.0,124.0
595.0,379.0,94.0,124.0
594.0,377.0,94.0,124.0
595.0,375.0,94.0,124.0
595.0,373.0,95.0,123.0
594.0,371.0,97.0,125.0
594.0,371.0,97.0,125.0
593.0,366.0,97.0,125.0
595.0,365.0,97.0,125.0
595.0,362.0,97.0,126.0
596.0,361.0,97.0,126.0
597.0,361.0,97.0,126.0
597.0,360.0,97.0,125.0
598.0,357.0,97.0,125.0
600.0,357.0,97.0,125.0
600.0,358.0,97.0,125.0
