799.0,223.0,138.0,116.0
804.0,224.0,141.0,118.0
800.0,224.0,138.0,116.0
801.0,222.0,141.0,117.0
805.0,221.0,144.0,119.0
808.0,218.0,146.0,119.0
807.0,217.0,143.0,117.0
798.0,218.0,140.0,115.0
800.0,216.0,135.0,106.0
787.0,211.0,137.0,108.0
803.0,217.0,139.0,109.0
790.0,209.0,143.0,112.0
788.0,209.0,149.0,116.0
778.0,206.0,151.0,118.0
773.0,209.0,148.0,116.0
772.0,205.0,148.0,115.0
764.0,202.0,152.0,119.0
753.0,202.0,154.0,122.0
750.0,201.0,153.0,121.0
739.0,202.0,160.0,126.0
736.0,201.0,159.0,123.0
729.0,200.0,158.0,123.0
722.0,200.0,164.0,127.0
717.0,201.0,163.0,127.0
712.0,204.0,168.0,134.0
697.0,202.0,174.0,141.0
684.0,200.0,180.0,146.0
680.0,206.0,180.0,145.0
671.0,207.0,177.0,143.0
664.0,210.0,180.0,145.0
657.0,214.0,181.0,148.0
654.0,217.0,181.0,148.0
647.0,213.0,184.0,151.0
640.0,218.0,175.0,143.0
629.0,221.0,180.0,147.0
619.0,225.0,181.0,141.0
608.0,224.0,181.0,141.0
605.0,230.0,175.0,137.0
596.0,235.0,174.0,135.0
587.0,230.0,177.0,136.0
576.0,245.0,174.0,135.0
574.0,244.0,170.0,132.0
555.0,259.0,173.0,134.0
547.0,255.0,175.0,136.0
536.0,260.0,175.0,136.0
527.0,265.0,176.0,142.0
512.0,268.0,179.0,144.0
505.0,273.0,178.0,144.0
491.0,274.0,181.0,146.0
481.0,282.0,179.0,159.0
466.0,287.0,183.0,161.0
455.0,292.0,189.0,166.0
439.0,296.0,192.0,167.0
425.0,299.0,192.0,167.0
413.0,299.0,192.0,167.0
402.0,305.0,196.0,167.0
392.0,306.0,200.0,170.0
381.0,311.0,199.0,170.0
368.0,315.0,200.0,170.0
357.0,320.0,200.0,170.0
346.0,322.0,196.0,167.0
340.0,328.0,196.0,167.0
331.0,330.0,196.0,167.0
328.0,332.0,199.0,170.0
318.0,334.0,200.0,171.0
313.0,335.0,204.0,170.0
306.0,341.0,204.0,170.0
302.0,344.0,204.0,171.0
302.0,348.0,204.0,170.0
297.0,349.0,208.0,173.0
293.0,351.0,209.0,177.0
291.0,354.0,209.0,177.0
293.0,355.0,209.0,177.0
289.0,360.0,209.0,177.0
286.0,364.0,209.0,177.0
285.0,371.0,205.0,171.0
281.0,373.0,205.0,171.0
282.0,376.0,201.0,167.0
280.0,378.0,200.0,166.0
281.0,378.0,204.0,169.0
276.0,381.0,205.0,169.0
279.0,376.0,205.0,169.0
282.0,376.0,209.0,172.0
288.0,373.0,209.0,172.0
293.0,373.0,209.0,172.0
301.0,370.0,205.0,172.0
307.0,368.0,205.0,172.0
307.0,365.0,209.0,175.0
312.0,366.0,206.0,172.0
317.0,363.0,206.0,172.0
331.0,366.0,206.0,171.0
338.0,355.0,206.0,171.0
337.0,349.0,206.0,171.0
341.0,345.0,206.0,172.0
338.0,337.0,206.0,171.0
350.0,339.0,204.0,174.0
347.0,329.0,204.0,174.0
349.0,323.0,204.0,174.0
355.0,320.0,203.0,173.0
347.0,309.0,203.0,172.0
359.0,301.0,202.0,169.0
352.0,293.0,205.0,171.0
360.0,291.0,205.0,171.0
361.0,280.0,205.0,171.0
357.0,272.0,204.0,170.0
371.0,271.0,207.0,171.0
371.0,260.0,207.0,170.0
370.0,254.0,203.0,167.0
391.0,260.0,200.0,164.0
389.0,245.0,199.0,164.0
391.0,235.0,203.0,167.0
393.0,230.0,203.0,167.0
398.0,225.0,202.0,166.0
395.0,223.0,203.0,166.0
400.0,217.0,203.0,166.0
407.0,212.0,203.0,170.0
411.0,208.0,199.0,167.0
412.0,197.0,199.0,167.0
416.0,198.0,199.0,167.0
419.0,191.0,199.0,167.0
425.0,190.0,198.0,166.0
432.0,183.0,197.0,165.0
434.0,180.0,193.0,162.0
439.0,179.0,194.0,162.0
444.0,174.0,193.0,162.0
451.0,173.0,190.0,158.0
455.0,165.0,190.0,158.0
458.0,163.0,191.0,155.0
465.0,160.0,190.0,155.0
469.0,160.0,187.0,153.0
475.0,157.0,185.0,148.0
479.0,156.0,185.0,148.0
481.0,154.0,181.0,146.0
486.0,155.0,181.0,146.0
488.0,154.0,180.0,145.0
489.0,156.0,179.0,145.0
489.0,157.0,179.0,145.0
493.0,158.0,179.0,144.0
490.0,160.0,182.0,147.0
491.0,161.0,182.0,147.0
492.0,162.0,181.0,147.0
489.0,162.0,184.0,149.0
492.0,162.0,184.0,149.0
494.0,163.0,184.0,149.0
493.0,162.0,188.0,152.0
494.0,163.0,188.0,153.0
495.0,164.0,188.0,153.0
495.0,164.0,188.0,153.0
496.0,166.0,188.0,153.0
497.0,164.0,188.0,153.0
500.0,168.0,189.0,151.0
499.0,167.0,189.0,151.0
498.0,166.0,192.0,153.0
499.0,168.0,188.0,150.0
498.0,169.0,192.0,153.0
498.0,168.0,196.0,157.0
497.0,168.0,196.0,157.0
496.0,167.0,200.0,160.0
494.0,168.0,200.0,160.0
492.0,166.0,203.0,163.0
490.0,167.0,208.0,168.0
486.0,167.0,212.0,171.0
485.0,166.0,216.0,174.0
483.0,165.0,220.0,177.0
485.0,165.0,220.0,177.0
481.0,165.0,225.0,183.0
483.0,163.0,225.0,183.0
481.0,164.0,225.0,183.0
481.0,164.0,225.0,183.0
480.0,164.0,225.0,183.0
478.0,164.0,231.0,187.0
474.0,163.0,236.0,191.0
473.0,164.0,236.0,191.0
472.0,167.0,236.0,191.0
468.0,166.0,236.0,191.0
466.0,170.0,241.0,195.0
460.0,167.0,250.0,202.0
456.0,167.0,255.0,206.0
451.0,168.0,260.0,210.0
449.0,168.0,265.0,213.0
444.0,170.0,266.0,214.0
443.0,175.0,266.0,213.0
441.0,180.0,266.0,214.0
439.0,188.0,262.0,210.0
440.0,188.0,262.0,210.0
435.0,192.0,267.0,217.0
436.0,198.0,267.0,217.0
433.0,201.0,273.0,221.0
429.0,201.0,278.0,225.0
422.0,204.0,289.0,234.0
423.0,206.0,295.0,240.0
416.0,209.0,301.0,245.0
411.0,209.0,300.0,245.0
411.0,214.0,300.0,245.0
406.0,217.0,306.0,249.0
398.0,220.0,312.0,254.0
396.0,226.0,312.0,254.0
393.0,232.0,312.0,254.0
391.0,241.0,312.0,254.0
387.0,251.0,312.0,254.0
384.0,259.0,312.0,254.0
375.0,267.0,312.0,254.0
372.0,275.0,312.0,254.0
369.0,291.0,312.0,255.0
363.0,302.0,313.0,256.0
360.0,309.0,314.0,259.0
358.0,330.0,313.0,262.0
350.0,336.0,313.0,261.0
345.0,343.0,316.0,261.0
335.0,356.0,315.0,265.0
328.0,365.0,315.0,263.0
327.0,371.0,317.0,263.0
317.0,386.0,317.0,263.0
316.0,401.0,318.0,264.0
310.0,412.0,318.0,265.0
310.0,430.0,319.0,264.0
300.0,443.0,320.0,265.0
296.0,455.0,321.0,265.0
294.0,472.0,321.0,267.0
288.0,483.0,321.0,259.0
281.0,500.0,318.0,259.0
262.0,509.0,318.0,259.0
