220.0,308.0,28.0,51.0
218.0,312.0,30.0,53.0
217.0,315.0,29.0,54.0
216.0,320.0,29.0,55.0
215.0,326.0,30.0,53.0
215.0,332.0,29.0,51.0
215.0,336.0,29.0,53.0
215.0,339.0,30.0,55.0
214.0,344.0,32.0,55.0
216.0,351.0,32.0,55.0
217.0,357.0,32.0,54.0
218.0,359.0,32.0,58.0
217.0,367.0,33.0,56.0
217.0,373.0,32.0,56.0
218.0,377.0,33.0,57.0
219.0,383.0,33.0,57.0
223.0,386.0,33.0,59.0
229.0,392.0,33.0,60.0
235.0,393.0,35.0,59.0
245.0,394.0,35.0,56.0
257.0,394.0,35.0,58.0
272.0,393.0,38.0,59.0
289.0,393.0,38.0,60.0
307.0,394.0,37.0,57.0
325.0,393.0,38.0,61.0
344.0,395.0,38.0,58.0
364.0,396.0,40.0,58.0
385.0,398.0,38.0,58.0
405.0,398.0,39.0,58.0
425.0,400.0,38.0,58.0
449.0,402.0,39.0,58.0
470.0,404.0,40.0,58.0
489.0,406.0,41.0,60.0
510.0,410.0,40.0,59.0
527.0,414.0,41.0,59.0
544.0,419.0,45.0,56.0
563.0,424.0,44.0,58.0
579.0,431.0,44.0,57.0
597.0,435.0,47.0,58.0
611.0,440.0,46.0,58.0
626.0,448.0,43.0,54.0
634.0,455.0,45.0,53.0
643.0,460.0,43.0,53.0
649.0,466.0,46.0,53.0
656.0,473.0,45.0,50.0
657.0,477.0,47.0,52.0
657.0,484.0,48.0,51.0
658.0,486.0,47.0,53.0
656.0,493.0,49.0,52.0
655.0,496.0,48.0,53.0
657.0,501.0,46.0,51.0
654.0,504.0,51.0,51.0
654.0,509.0,52.0,50.0
653.0,513.0,53.0,51.0
652.0,518.0,53.0,50.0
651.0,523.0,52.0,49.0
651.0,527.0,51.0,52.0
646.0,530.0,54.0,52.0
644.0,533.0,53.0,53.0
640.0,538.0,52.0,51.0
637.0,542.0,54.0,51.0
632.0,545.0,56.0,50.0
629.0,549.0,54.0,48.0
623.0,552.0,56.0,49.0
619.0,554.0,56.0,51.0
619.0,556.0,53.0,49.0
611.0,558.0,55.0,49.0
604.0,560.0,54.0,49.0
599.0,561.0,54.0,49.0
592.0,562.0,55.0,47.0
587.0,562.0,53.0,49.0
581.0,562.0,54.0,48.0
576.0,562.0,51.0,47.0
568.0,564.0,53.0,47.0
567.0,564.0,49.0,46.0
560.0,562.0,51.0,47.0
553.0,562.0,51.0,49.0
545.0,563.0,51.0,48.0
541.0,564.0,49.0,48.0
538.0,561.0,46.0,51.0
534.0,562.0,44.0,50.0
529.0,560.0,43.0,51.0
526.0,560.0,46.0,51.0
520.0,557.0,46.0,51.0
517.0,556.0,47.0,53.0
512.0,554.0,47.0,53.0
509.0,552.0,47.0,54.0
503.0,550.0,50.0,52.0
503.0,548.0,49.0,52.0
496.0,544.0,51.0,55.0
494.0,544.0,52.0,52.0
494.0,540.0,50.0,52.0
489.0,537.0,50.0,53.0
488.0,534.0,51.0,53.0
487.0,533.0,51.0,52.0
484.0,530.0,50.0,51.0
484.0,529.0,49.0,51.0
483.0,525.0,51.0,52.0
483.0,525.0,50.0,51.0
482.0,524.0,50.0,50.0
483.0,520.0,49.0,52.0
481.0,517.0,49.0,51.0
482.0,514.0,49.0,51.0
483.0,510.0,46.0,53.0
484.0,509.0,46.0,50.0
484.0,505.0,46.0,50.0
481.0,501.0,50.0,53.0
484.0,497.0,47.0,51.0
485.0,496.0,45.0,51.0
486.0,489.0,46.0,51.0
486.0,486.0,46.0,51.0
484.0,483.0,46.0,51.0
481.0,478.0,49.0,52.0
484.0,473.0,46.0,52.0
484.0,468.0,47.0,52.0
486.0,463.0,46.0,53.0
489.0,458.0,44.0,51.0
