534.0,186.0,61.0,42.0
533.0,185.0,62.0,42.0
532.0,185.0,63.0,43.0
531.0,184.0,65.0,45.0
531.0,184.0,65.0,44.0
533.0,184.0,65.0,44.0
535.0,185.0,61.0,42.0
535.0,186.0,62.0,42.0
538.0,189.0,60.0,41.0
539.0,191.0,60.0,41.0
541.0,192.0,56.0,44.0
542.0,192.0,58.0,44.0
544.0,194.0,56.0,44.0
546.0,195.0,56.0,44.0
547.0,196.0,58.0,45.0
548.0,196.0,59.0,46.0
551.0,198.0,60.0,46.0
551.0,198.0,63.0,48.0
555.0,199.0,63.0,49.0
557.0,200.0,62.0,48.0
564.0,201.0,61.0,49.0
565.0,199.0,62.0,50.0
567.0,200.0,63.0,50.0
573.0,197.0,61.0,49.0
576.0,197.0,60.0,50.0
579.0,198.0,62.0,52.0
585.0,201.0,60.0,50.0
593.0,199.0,59.0,49.0
596.0,200.0,61.0,50.0
599.0,200.0,61.0,51.0
606.0,201.0,58.0,53.0
610.0,201.0,59.0,54.0
614.0,201.0,60.0,55.0
618.0,202.0,59.0,54.0
624.0,204.0,57.0,53.0
629.0,205.0,57.0,54.0
634.0,206.0,56.0,53.0
640.0,209.0,55.0,52.0
642.0,222.0,56.0,52.0
647.0,222.0,55.0,52.0
654.0,219.0,54.0,53.0
659.0,221.0,55.0,54.0
664.0,222.0,55.0,54.0
669.0,224.0,54.0,53.0
675.0,226.0,54.0,52.0
680.0,226.0,54.0,53.0
685.0,228.0,54.0,53.0
690.0,230.0,54.0,53.0
709.0,240.0,55.0,54.0
715.0,241.0,55.0,54.0
721.0,242.0,56.0,55.0
728.0,241.0,56.0,54.0
734.0,243.0,56.0,54.0
739.0,241.0,57.0,55.0
746.0,242.0,58.0,55.0
752.0,243.0,58.0,55.0
759.0,244.0,59.0,56.0
765.0,244.0,60.0,56.0
772.0,246.0,59.0,55.0
779.0,248.0,59.0,55.0
784.0,251.0,65.0,55.0
789.0,253.0,65.0,55.0
796.0,255.0,64.0,54.0
803.0,258.0,63.0,53.0
808.0,260.0,63.0,53.0
814.0,265.0,62.0,52.0
821.0,266.0,62.0,51.0
827.0,267.0,62.0,52.0
834.0,268.0,62.0,52.0
839.0,268.0,64.0,53.0
847.0,271.0,63.0,52.0
852.0,273.0,63.0,51.0
858.0,274.0,63.0,52.0
863.0,275.0,63.0,52.0
870.0,276.0,63.0,51.0
875.0,277.0,63.0,52.0
880.0,278.0,63.0,52.0
886.0,279.0,63.0,52.0
891.0,279.0,63.0,52.0
895.0,281.0,62.0,52.0
900.0,281.0,63.0,51.0
903.0,281.0,63.0,51.0
908.0,281.0,63.0,51.0
913.0,282.0,63.0,51.0
916.0,283.0,63.0,51.0
922.0,283.0,64.0,52.0
926.0,284.0,64.0,52.0
930.0,285.0,64.0,52.0
934.0,286.0,64.0,52.0
937.0,286.0,64.0,52.0
942.0,284.0,64.0,55.0
944.0,283.0,65.0,55.0
948.0,283.0,64.0,55.0
951.0,282.0,64.0,55.0
952.0,283.0,66.0,56.0
958.0,281.0,65.0,60.0
960.0,280.0,65.0,60.0
961.0,280.0,65.0,60.0
962.0,281.0,65.0,60.0
962.0,283.0,65.0,60.0
961.0,281.0,68.0,59.0
963.0,279.0,67.0,57.0
964.0,278.0,66.0,57.0
965.0,276.0,67.0,57.0
967.0,273.0,68.0,59.0
962.0,270.0,74.0,60.0
963.0,268.0,74.0,60.0
965.0,267.0,74.0,60.0
967.0,266.0,73.0,59.0
969.0,263.0,72.0,59.0
969.0,266.0,75.0,54.0
970.0,264.0,75.0,54.0
972.0,263.0,74.0,53.0
974.0,262.0,74.0,53.0
976.0,259.0,75.0,54.0
976.0,261.0,80.0,53.0
977.0,259.0,80.0,51.0
979.0,259.0,85.0,53.0
980.0,257.0,85.0,53.0
982.0,257.0,78.0,53.0
981.0,257.0,78.0,53.0
984.0,255.0,77.0,54.0
986.0,254.0,77.0,52.0
989.0,254.0,69.0,53.0
992.0,251.0,68.0,51.0
995.0,249.0,67.0,55.0
996.0,248.0,67.0,54.0
1002.0,247.0,66.0,56.0
1003.0,246.0,66.0,56.0
1006.0,244.0,66.0,57.0
1009.0,243.0,65.0,56.0
1013.0,242.0,64.0,57.0
1018.0,241.0,63.0,56.0
1020.0,241.0,62.0,58.0
1024.0,241.0,62.0,57.0
1028.0,241.0,62.0,57.0
1031.0,240.0,61.0,56.0
1034.0,239.0,61.0,56.0
1035.0,237.0,62.0,56.0
1039.0,236.0,60.0,56.0
1042.0,236.0,60.0,55.0
1046.0,236.0,59.0,56.0
1049.0,236.0,59.0,56.0
1051.0,236.0,61.0,57.0
1052.0,236.0,61.0,57.0
1057.0,236.0,59.0,57.0
1059.0,236.0,59.0,57.0
1063.0,235.0,60.0,58.0
1067.0,236.0,59.0,57.0
352.0,110.0,15.0,27.0
941.0,287.0,48.0,82.0
948.0,288.0,47.0,82.0
953.0,287.0,47.0,84.0
960.0,286.0,47.0,84.0
964.0,286.0,48.0,85.0
970.0,285.0,48.0,88.0
975.0,285.0,48.0,88.0
982.0,286.0,49.0,86.0
