860.271240234375, 316.7887878417969, 28.639209747314453, 44.344581604003906
858.41796875, 318.05194091796875, 29.211994171142578, 45.231475830078125
851.7881469726562, 318.19976806640625, 29.211994171142578, 45.231475830078125
847.6746215820312, 319.9904479980469, 28.639209747314453, 44.344581604003906
846.108154296875, 320.38775634765625, 28.639209747314453, 44.344581604003906
843.7597045898438, 323.2571716308594, 28.639209747314453, 44.344581604003906
841.5940551757812, 324.5165100097656, 27.527114868164062, 42.62263107299805
838.6005859375, 325.0653076171875, 28.077655792236328, 43.47508239746094
834.9306030273438, 325.3194274902344, 27.52711296081543, 42.62262725830078
828.787353515625, 325.5433349609375, 28.077653884887695, 43.47507858276367
828.4765014648438, 324.9838562011719, 29.211990356445312, 45.231468200683594
824.8959350585938, 328.567138671875, 27.527111053466797, 42.622623443603516
822.123291015625, 331.904052734375, 26.98736572265625, 41.786888122558594
818.5639038085938, 333.0335998535156, 26.458200454711914, 40.96753692626953
813.51708984375, 333.1854553222656, 25.430797576904297, 39.3767204284668
806.9619140625, 336.029541015625, 24.443288803100586, 37.84767532348633
804.6914672851562, 337.3986511230469, 23.49412727355957, 36.37800598144531
801.7139892578125, 341.00140380859375, 22.581823348999023, 34.96540069580078
800.2131958007812, 343.00439453125, 23.494125366210938, 36.37800216674805
798.4017333984375, 343.3547668457031, 22.58182144165039, 34.96540069580078
793.1163940429688, 343.4042053222656, 22.58182144165039, 34.96540069580078
795.7096557617188, 339.9171447753906, 22.58182144165039, 34.96540069580078
784.6965942382812, 325.9373779296875, 22.139039993286133, 34.27980422973633
782.7857055664062, 327.6809387207031, 20.862112045288086, 32.30262756347656
777.8947143554688, 329.40740966796875, 21.704940795898438, 33.60765075683594
773.8433227539062, 330.61273193359375, 22.1390380859375, 34.27980041503906
771.1318969726562, 331.57958984375, 22.1390380859375, 34.27980041503906
763.48046875, 348.09881591796875, 21.704940795898438, 33.60765075683594
759.3391723632812, 349.880859375, 21.704940795898438, 33.60765075683594
755.8776245117188, 351.85858154296875, 21.704940795898438, 33.60765075683594
753.6688842773438, 354.57159423828125, 21.704940795898438, 33.60765075683594
752.93408203125, 355.92852783203125, 22.581819534301758, 34.965396881103516
749.5166625976562, 356.3829345703125, 23.03345489501953, 35.664703369140625
743.7357177734375, 355.4541015625, 23.494123458862305, 36.37799835205078
738.9927368164062, 355.727783203125, 23.494123458862305, 36.37799835205078
735.6513061523438, 356.5233459472656, 23.494123458862305, 36.37799835205078
733.2064819335938, 358.4940490722656, 23.494123458862305, 36.37799835205078
731.0178833007812, 360.2698974609375, 23.03345489501953, 35.664703369140625
728.1702270507812, 361.7950439453125, 23.03345489501953, 35.664703369140625
722.7100830078125, 362.6477355957031, 22.581819534301758, 34.965396881103516
712.7080078125, 363.0810546875, 22.1390380859375, 34.27980041503906
706.2920532226562, 365.1153564453125, 22.1390380859375, 34.27980041503906
701.048095703125, 367.4691162109375, 22.1390380859375, 34.27980041503906
697.1693725585938, 371.7926330566406, 21.279354095458984, 32.94867706298828
693.7625122070312, 373.2077331542969, 21.704940795898438, 33.60765075683594
687.10107421875, 373.31060791015625, 22.1390380859375, 34.27980041503906
678.0333251953125, 374.347412109375, 22.1390380859375, 34.27980041503906
670.6520385742188, 374.531982421875, 23.0334529876709, 35.664703369140625
665.3181762695312, 376.1186218261719, 23.494121551513672, 36.377994537353516
659.6041870117188, 378.79248046875, 23.0334529876709, 35.664703369140625
654.3304443359375, 381.25189208984375, 23.0334529876709, 35.664703369140625
648.2042846679688, 381.19073486328125, 23.0334529876709, 35.664703369140625
639.6514282226562, 380.7591247558594, 23.494121551513672, 36.377994537353516
630.5804443359375, 382.0143737792969, 23.494121551513672, 36.377994537353516
624.1065063476562, 382.97686767578125, 23.494121551513672, 36.377994537353516
619.7233276367188, 386.65728759765625, 23.0334529876709, 35.664703369140625
613.8650512695312, 390.12213134765625, 23.0334529876709, 35.664703369140625
610.00732421875, 393.55218505859375, 23.0334529876709, 35.664703369140625
605.0021362304688, 393.07159423828125, 23.0334529876709, 35.664703369140625
597.3729858398438, 392.83013916015625, 23.0334529876709, 35.664703369140625
589.856201171875, 392.8194580078125, 23.494121551513672, 36.377994537353516
583.7434692382812, 393.02349853515625, 23.494121551513672, 36.377994537353516
578.5573120117188, 395.8183898925781, 23.494121551513672, 36.377994537353516
572.8775634765625, 397.74224853515625, 23.494121551513672, 36.377994537353516
568.853759765625, 400.12554931640625, 23.494121551513672, 36.377994537353516
562.8782958984375, 399.6323547363281, 23.494121551513672, 36.377994537353516
555.9701538085938, 400.280029296875, 23.494121551513672, 36.377994537353516
549.6656494140625, 400.7704772949219, 23.494121551513672, 36.377994537353516
544.2100219726562, 402.8045349121094, 23.494121551513672, 36.377994537353516
539.2198486328125, 405.0334167480469, 23.96400260925293, 37.105552673339844
533.0917358398438, 406.7967834472656, 23.96400260925293, 37.105552673339844
527.0643920898438, 408.526611328125, 23.49411964416504, 36.37799072265625
520.2980346679688, 410.26861572265625, 23.49411964416504, 36.37799072265625
508.94342041015625, 411.31158447265625, 23.964000701904297, 37.105552673339844
496.86248779296875, 413.1145324707031, 23.964000701904297, 37.105552673339844
482.6701354980469, 415.90576171875, 23.964000701904297, 37.105552673339844
467.6091003417969, 418.6537780761719, 23.964000701904297, 37.105552673339844
453.9055480957031, 420.9209289550781, 23.964000701904297, 37.105552673339844
440.1708984375, 423.8727111816406, 23.964000701904297, 37.105552673339844
425.019287109375, 425.6578674316406, 23.494117736816406, 36.37799072265625
411.0514831542969, 428.870849609375, 23.494117736816406, 36.37799072265625
396.79620361328125, 430.8765869140625, 23.494117736816406, 36.37799072265625
382.1124267578125, 433.9156188964844, 23.963998794555664, 37.10554885864258
367.3024597167969, 437.4340515136719, 23.963998794555664, 37.10554885864258
353.65472412109375, 441.5628662109375, 23.494115829467773, 36.377986907958984
340.5480041503906, 443.6934814453125, 23.494115829467773, 36.377986907958984
326.9238586425781, 446.41717529296875, 23.494115829467773, 36.377986907958984
313.9522705078125, 448.8082580566406, 23.494115829467773, 36.377986907958984
300.9560241699219, 452.3530578613281, 23.494115829467773, 36.377986907958984
287.6741638183594, 455.573486328125, 23.494115829467773, 36.377986907958984
274.04437255859375, 458.9350891113281, 23.494115829467773, 36.377986907958984
261.3583068847656, 461.74871826171875, 23.494115829467773, 36.377986907958984
248.83546447753906, 465.2561950683594, 23.494115829467773, 36.377986907958984
237.37962341308594, 467.7513732910156, 23.494115829467773, 36.377986907958984
225.56919860839844, 471.1500549316406, 23.494115829467773, 36.377986907958984
214.13320922851562, 473.26678466796875, 23.494115829467773, 36.377986907958984
203.6431427001953, 476.36602783203125, 23.494115829467773, 36.377986907958984
191.82374572753906, 479.8071594238281, 23.494115829467773, 36.377986907958984
180.9514617919922, 483.4864196777344, 23.494115829467773, 36.377986907958984
170.37925720214844, 485.8883972167969, 23.494115829467773, 36.377986907958984
159.23489379882812, 488.9894104003906, 23.494115829467773, 36.377986907958984
150.9329376220703, 491.71136474609375, 23.494115829467773, 36.377986907958984
145.1262664794922, 494.1892395019531, 23.494115829467773, 36.377986907958984
142.21441650390625, 494.9051818847656, 23.494115829467773, 36.377986907958984
139.9872589111328, 495.9032897949219, 23.494115829467773, 36.377986907958984
140.22335815429688, 496.3405456542969, 23.494115829467773, 36.377986907958984
141.12945556640625, 497.4310607910156, 23.494115829467773, 36.377986907958984
142.28660583496094, 497.7476501464844, 23.494115829467773, 36.377986907958984
143.45201110839844, 497.7372741699219, 23.494115829467773, 36.377986907958984
145.87228393554688, 497.1579284667969, 23.494115829467773, 36.377986907958984
148.52932739257812, 496.5746765136719, 23.494115829467773, 36.377986907958984
151.1312713623047, 497.3611755371094, 23.494115829467773, 36.377986907958984
154.6696319580078, 497.7614440917969, 23.494115829467773, 36.377986907958984
157.109375, 497.9533386230469, 23.494115829467773, 36.377986907958984
161.8106689453125, 496.1839294433594, 23.494115829467773, 36.377986907958984
164.3489532470703, 496.1361389160156, 23.494115829467773, 36.377986907958984
167.0652313232422, 494.7500915527344, 23.494115829467773, 36.377986907958984
171.2971649169922, 495.0934753417969, 23.494115829467773, 36.377986907958984
174.45042419433594, 494.3788757324219, 23.494115829467773, 36.377986907958984
178.4936981201172, 494.5877380371094, 23.494115829467773, 36.377986907958984
182.30909729003906, 493.31005859375, 23.494115829467773, 36.377986907958984
183.709716796875, 493.2691345214844, 23.494115829467773, 36.377986907958984
184.43609619140625, 492.7276611328125, 23.494115829467773, 36.377986907958984
184.65037536621094, 492.35272216796875, 23.494115829467773, 36.377986907958984
184.9525909423828, 492.5567932128906, 23.494115829467773, 36.377986907958984
185.67437744140625, 494.3816223144531, 23.494115829467773, 36.377986907958984
186.19122314453125, 495.3495178222656, 23.494115829467773, 36.377986907958984
186.84359741210938, 496.1370544433594, 23.494115829467773, 36.377986907958984
185.73626708984375, 496.5174865722656, 23.494115829467773, 36.377986907958984
184.95407104492188, 497.1347351074219, 23.96399688720703, 37.10554504394531
185.4132843017578, 496.9187316894531, 23.96399688720703, 37.10554504394531
185.39859008789062, 496.9584045410156, 23.96399688720703, 37.10554504394531
185.6431121826172, 497.9518737792969, 23.96399688720703, 37.10554504394531
185.8681640625, 499.1651916503906, 23.96399688720703, 37.10554504394531
185.52667236328125, 500.4381408691406, 23.96399688720703, 37.10554504394531
184.85838317871094, 501.3597106933594, 23.96399688720703, 37.10554504394531
185.54161071777344, 500.9083557128906, 23.96399688720703, 37.10554504394531
185.91835021972656, 500.1441345214844, 23.96399688720703, 37.10554504394531
187.17623901367188, 500.0339660644531, 23.96399688720703, 37.10554504394531
188.73744201660156, 501.3327331542969, 23.96399688720703, 37.10554504394531
192.51290893554688, 502.2561950683594, 23.96399688720703, 37.10554504394531
196.12283325195312, 503.2008361816406, 23.96399688720703, 37.10554504394531
198.5652618408203, 503.5151672363281, 23.96399688720703, 37.10554504394531
201.04620361328125, 501.9105529785156, 23.96399688720703, 37.10554504394531
203.60128784179688, 502.3354187011719, 23.96399688720703, 37.10554504394531
206.60943603515625, 502.1767272949219, 23.96399688720703, 37.10554504394531
209.47994995117188, 502.2482604980469, 23.96399688720703, 37.10554504394531
212.03347778320312, 502.8914489746094, 23.96399688720703, 37.10554504394531
213.1173858642578, 502.1958923339844, 23.96399688720703, 37.10554504394531
214.96644592285156, 502.6916809082031, 23.96399688720703, 37.10554504394531
217.6875762939453, 501.7622985839844, 23.96399688720703, 37.10554504394531
218.70420837402344, 502.0511169433594, 23.96399688720703, 37.10554504394531
220.8402862548828, 503.4880065917969, 23.96399688720703, 37.10554504394531
223.0117645263672, 503.9969177246094, 23.96399688720703, 37.10554504394531
223.6301727294922, 504.5883483886719, 23.96399688720703, 37.10554504394531
224.09120178222656, 504.8794860839844, 23.96399688720703, 37.10554504394531
223.89022827148438, 505.8257751464844, 23.96399688720703, 37.10554504394531
225.0264892578125, 506.4138488769531, 23.96399688720703, 37.10554504394531
224.13148498535156, 507.8907775878906, 23.96399688720703, 37.10554504394531
224.19351196289062, 508.5538024902344, 23.96399688720703, 37.10554504394531
224.06158447265625, 509.2241516113281, 23.96399688720703, 37.10554504394531
223.6048583984375, 511.4090881347656, 23.96399688720703, 37.10554504394531
223.50228881835938, 512.8896484375, 23.96399688720703, 37.10554504394531
223.12379455566406, 513.6270751953125, 23.96399688720703, 37.10554504394531
222.00198364257812, 515.1453247070312, 23.96399688720703, 37.10554504394531
221.6144561767578, 516.9468383789062, 23.96399688720703, 37.10554504394531
220.34925842285156, 518.8644409179688, 23.96399688720703, 37.10554504394531
219.16334533691406, 520.5342407226562, 23.96399688720703, 37.10554504394531
217.67979431152344, 522.8097534179688, 23.96399688720703, 37.10554504394531
216.59092712402344, 525.5108032226562, 23.96399688720703, 37.10554504394531
214.84791564941406, 527.1889038085938, 23.49411392211914, 36.37798309326172
212.12872314453125, 528.8370971679688, 23.49411392211914, 36.37798309326172
211.1641082763672, 529.2935180664062, 23.49411392211914, 36.37798309326172
208.656982421875, 531.3663940429688, 23.49411392211914, 36.37798309326172
203.2751007080078, 531.9412231445312, 23.49411392211914, 36.37798309326172
200.27891540527344, 534.4651489257812, 23.49411392211914, 36.37798309326172
195.90892028808594, 537.2935791015625, 23.49411392211914, 36.37798309326172
191.5765380859375, 540.1553344726562, 23.49411392211914, 36.37798309326172
186.33685302734375, 542.9631958007812, 23.49411392211914, 36.37798309326172
181.49050903320312, 545.3560791015625, 23.49411392211914, 36.37798309326172
177.38369750976562, 548.48046875, 23.49411392211914, 36.37798309326172
172.29835510253906, 550.4075317382812, 23.49411392211914, 36.37798309326172
168.0368194580078, 551.5685424804688, 23.49411392211914, 36.37798309326172
165.3146209716797, 552.78662109375, 23.49411392211914, 36.37798309326172
161.24822998046875, 554.46142578125, 23.49411392211914, 36.37798309326172
158.38511657714844, 556.9739990234375, 23.49411392211914, 36.37798309326172
153.13888549804688, 559.1299438476562, 23.49411392211914, 36.37798309326172
151.04360961914062, 561.1621704101562, 23.49411392211914, 36.37798309326172
149.0521240234375, 562.260009765625, 23.49411392211914, 36.37798309326172
146.76075744628906, 562.9638061523438, 23.49411392211914, 36.37798309326172
143.20303344726562, 563.5547485351562, 23.49411392211914, 36.37798309326172
140.61846923828125, 565.5164794921875, 23.49411392211914, 36.37798309326172
137.5550537109375, 566.096923828125, 23.49411392211914, 36.37798309326172
134.70419311523438, 567.237060546875, 23.49411392211914, 36.37798309326172
131.9548797607422, 569.8043823242188, 23.49411392211914, 36.37798309326172
129.44906616210938, 572.4925537109375, 23.49411392211914, 36.37798309326172
126.66728210449219, 573.973388671875, 23.49411392211914, 36.37798309326172
124.35731506347656, 574.6044311523438, 23.49411392211914, 36.37798309326172
122.23304748535156, 576.1685791015625, 23.49411392211914, 36.37798309326172
121.17120361328125, 575.8114013671875, 23.49411392211914, 36.37798309326172
118.77471923828125, 576.1631469726562, 23.49411392211914, 36.37798309326172
116.71929931640625, 576.7236328125, 23.49411392211914, 36.37798309326172
114.33837127685547, 578.6165161132812, 23.49411392211914, 36.37798309326172
113.26976013183594, 578.82080078125, 23.49411392211914, 36.37798309326172
111.18836975097656, 579.8107299804688, 23.49411392211914, 36.37798309326172
110.46085357666016, 581.6073608398438, 23.49411392211914, 36.37798309326172
109.27753448486328, 581.618408203125, 23.49411392211914, 36.37798309326172
108.34974670410156, 582.2396850585938, 23.49411392211914, 36.37798309326172
107.18206024169922, 582.4920043945312, 23.49411392211914, 36.37798309326172
107.0721206665039, 583.0090942382812, 23.49411392211914, 36.37798309326172
106.03701782226562, 583.0142822265625, 23.49411392211914, 36.37798309326172
105.25477600097656, 583.1871337890625, 23.49411392211914, 36.37798309326172
104.52058410644531, 583.7183227539062, 23.49411392211914, 36.37798309326172
103.50730895996094, 585.06982421875, 23.49411392211914, 36.37798309326172
102.45228576660156, 585.2083740234375, 23.49411392211914, 36.37798309326172
100.98420715332031, 586.0901489257812, 23.49411392211914, 36.37798309326172
99.83441162109375, 586.9703979492188, 23.49411392211914, 36.37798309326172
97.9871826171875, 588.076416015625, 23.49411392211914, 36.37798309326172
96.82192993164062, 588.846923828125, 23.49411392211914, 36.37798309326172
94.96092987060547, 590.04052734375, 23.49411392211914, 36.37798309326172
94.20643615722656, 590.406494140625, 23.49411392211914, 36.37798309326172
93.449462890625, 591.4332275390625, 23.49411392211914, 36.37798309326172
92.46598815917969, 592.4024658203125, 23.49411392211914, 36.37798309326172
91.61717224121094, 593.5111694335938, 23.49411392211914, 36.37798309326172
90.93157958984375, 594.5126953125, 23.49411392211914, 36.37798309326172
90.78530883789062, 595.6365356445312, 23.49411392211914, 36.37798309326172
90.80985260009766, 597.5801391601562, 23.49411392211914, 36.37798309326172
90.27406311035156, 598.440673828125, 23.49411392211914, 36.37798309326172
89.59920501708984, 599.4985961914062, 23.49411392211914, 36.37798309326172
89.7977066040039, 600.991455078125, 23.49411392211914, 36.37798309326172
89.41031646728516, 601.2070922851562, 23.49411392211914, 36.37798309326172
89.07051849365234, 603.0242309570312, 23.49411392211914, 36.37798309326172
89.98060607910156, 603.8192749023438, 23.49411392211914, 36.37798309326172
90.7217025756836, 605.2611694335938, 23.49411392211914, 36.37798309326172
91.06559753417969, 607.3058471679688, 23.49411392211914, 36.37798309326172
92.16717529296875, 608.0558471679688, 23.49411392211914, 36.37798309326172
93.0707778930664, 608.8525390625, 23.49411392211914, 36.37798309326172
93.4815902709961, 609.5833740234375, 23.49411392211914, 36.37798309326172
93.26304626464844, 610.8031005859375, 23.49411392211914, 36.37798309326172
93.20441436767578, 611.3677368164062, 23.49411392211914, 36.37798309326172
94.23767852783203, 612.1492309570312, 23.49411392211914, 36.37798309326172
95.1861572265625, 613.9767456054688, 23.49411392211914, 36.37798309326172
95.52141571044922, 615.4573364257812, 23.49411392211914, 36.37798309326172
95.51927947998047, 617.1324462890625, 23.49411392211914, 36.37798309326172
96.35441589355469, 617.8095703125, 23.49411392211914, 36.37798309326172
97.17150115966797, 620.1968994140625, 23.49411392211914, 36.37798309326172
99.70478057861328, 620.4207763671875, 23.49411392211914, 36.37798309326172
100.20543670654297, 621.9737548828125, 23.49411392211914, 36.37798309326172
101.49407958984375, 622.5465087890625, 23.49411392211914, 36.37798309326172
102.29432678222656, 624.0297241210938, 23.49411392211914, 36.37798309326172
102.61544036865234, 624.187744140625, 23.49411392211914, 36.37798309326172
103.06411743164062, 624.624755859375, 23.49411392211914, 36.37798309326172
104.41397094726562, 625.8826904296875, 23.49411392211914, 36.37798309326172
105.00748443603516, 625.9848022460938, 23.49411392211914, 36.37798309326172
107.94554901123047, 626.5878295898438, 23.49411392211914, 36.37798309326172
110.25802612304688, 627.811279296875, 23.49411392211914, 36.37798309326172
111.09626007080078, 627.5279541015625, 23.49411392211914, 36.37798309326172
113.27784729003906, 627.7656860351562, 23.49411392211914, 36.37798309326172
114.01898956298828, 627.7877807617188, 23.49411392211914, 36.37798309326172
116.79449462890625, 628.208251953125, 23.49411392211914, 36.37798309326172
118.67483520507812, 628.7166748046875, 23.49411392211914, 36.37798309326172
119.59645080566406, 629.61083984375, 23.49411392211914, 36.37798309326172
121.93775939941406, 630.48681640625, 23.49411392211914, 36.37798309326172
124.62370300292969, 630.9127197265625, 23.49411392211914, 36.37798309326172
127.06492614746094, 631.4893188476562, 23.49411392211914, 36.37798309326172
130.8204345703125, 633.3611450195312, 23.49411392211914, 36.37798309326172
132.84262084960938, 633.941650390625, 23.49411392211914, 36.37798309326172
134.59486389160156, 633.4158325195312, 23.49411392211914, 36.37798309326172
135.73202514648438, 632.7890625, 23.49411392211914, 36.37798309326172
137.3623809814453, 632.3419799804688, 23.49411392211914, 36.37798309326172
138.39187622070312, 631.5560302734375, 23.49411392211914, 36.37798309326172
140.23109436035156, 631.51611328125, 23.49411392211914, 36.37798309326172
142.8056640625, 631.8319091796875, 23.49411392211914, 36.37798309326172
143.4479522705078, 632.8052368164062, 23.49411392211914, 36.37798309326172
143.9471435546875, 635.7257080078125, 23.49411392211914, 36.37798309326172
146.3339385986328, 637.4774780273438, 23.49411392211914, 36.37798309326172
146.715087890625, 637.7929077148438, 23.49411392211914, 36.37798309326172
149.5494384765625, 637.597900390625, 23.49411392211914, 36.37798309326172
151.00689697265625, 637.966552734375, 23.49411392211914, 36.37798309326172
153.3770294189453, 637.4807739257812, 23.49411392211914, 36.37798309326172
153.8920135498047, 639.192626953125, 23.49411392211914, 36.37798309326172
155.36497497558594, 639.69482421875, 23.49411392211914, 36.37798309326172
155.5851287841797, 640.2613525390625, 23.49411392211914, 36.37798309326172
156.1768798828125, 639.81005859375, 23.49411392211914, 36.37798309326172
158.33837890625, 638.8947143554688, 23.49411392211914, 36.37798309326172
159.5865478515625, 637.4898071289062, 23.49411392211914, 36.37798309326172
161.8241424560547, 639.188720703125, 23.49411392211914, 36.37798309326172
162.97409057617188, 639.8612670898438, 23.49411392211914, 36.37798309326172
163.88165283203125, 640.537353515625, 23.49411392211914, 36.37798309326172
164.51910400390625, 641.1141967773438, 23.49411392211914, 36.37798309326172
165.7141571044922, 640.8812866210938, 23.49411392211914, 36.37798309326172
168.28948974609375, 639.352783203125, 23.49411392211914, 36.37798309326172
169.51089477539062, 639.3793334960938, 23.49411392211914, 36.37798309326172
172.610595703125, 639.8269653320312, 23.49411392211914, 36.37798309326172
174.88499450683594, 641.0339965820312, 23.49411392211914, 36.37798309326172
176.48330688476562, 640.9647216796875, 23.49411392211914, 36.37798309326172
178.31423950195312, 640.6810913085938, 23.49411392211914, 36.37798309326172
179.87640380859375, 639.4010620117188, 23.49411392211914, 36.37798309326172
182.7147216796875, 638.0709228515625, 23.49411392211914, 36.37798309326172
186.10536193847656, 637.7908325195312, 23.49411392211914, 36.37798309326172
190.49215698242188, 637.926513671875, 23.49411392211914, 36.37798309326172
195.51953125, 638.3759765625, 23.49411392211914, 36.37798309326172
199.8788604736328, 638.0175170898438, 23.49411392211914, 36.37798309326172
204.11013793945312, 635.4930419921875, 23.49411392211914, 36.37798309326172
210.6896514892578, 635.153564453125, 23.49411392211914, 36.37798309326172
215.35745239257812, 632.9851684570312, 23.49411392211914, 36.37798309326172
220.9532012939453, 632.4656372070312, 23.49411392211914, 36.37798309326172
226.71844482421875, 632.8688354492188, 23.49411392211914, 36.37798309326172
231.32444763183594, 632.8643188476562, 23.49411392211914, 36.37798309326172
236.5823974609375, 632.4679565429688, 23.49411392211914, 36.37798309326172
239.6171875, 630.9219970703125, 23.49411392211914, 36.37798309326172
244.5319366455078, 628.9424438476562, 23.49411392211914, 36.37798309326172
249.82078552246094, 628.4296875, 23.49411392211914, 36.37798309326172
256.7607421875, 627.9366455078125, 23.49411392211914, 36.37798309326172
262.2441711425781, 628.4970092773438, 23.49411392211914, 36.37798309326172
267.9840087890625, 628.4083862304688, 23.49411392211914, 36.37798309326172
272.89642333984375, 627.6793212890625, 23.49411392211914, 36.37798309326172
277.4301452636719, 625.5180053710938, 23.49411392211914, 36.37798309326172
281.78314208984375, 624.0823974609375, 23.49411392211914, 36.37798309326172
287.89361572265625, 622.9473876953125, 23.49411392211914, 36.37798309326172
293.23809814453125, 622.939453125, 23.49411392211914, 36.37798309326172
298.35321044921875, 622.7391357421875, 23.49411392211914, 36.37798309326172
302.7442626953125, 622.6596069335938, 23.49411392211914, 36.37798309326172
307.00830078125, 621.2986450195312, 23.49411392211914, 36.37798309326172
311.3956604003906, 618.890380859375, 23.49411392211914, 36.37798309326172
316.37420654296875, 617.8553466796875, 23.49411392211914, 36.37798309326172
322.2585754394531, 617.5830078125, 23.49411392211914, 36.37798309326172
327.9169616699219, 618.7158203125, 23.49411392211914, 36.37798309326172
333.4389343261719, 618.642822265625, 23.49411392211914, 36.37798309326172
337.60772705078125, 617.6806030273438, 23.49411392211914, 36.37798309326172
341.2800598144531, 616.2728881835938, 23.49411392211914, 36.37798309326172
345.115478515625, 613.97607421875, 23.49411392211914, 36.37798309326172
349.55413818359375, 613.5932006835938, 23.49411392211914, 36.37798309326172
352.5963439941406, 614.285400390625, 23.49411392211914, 36.37798309326172
356.3620910644531, 615.1880493164062, 23.49411392211914, 36.37798309326172
359.0970458984375, 615.4072875976562, 23.49411392211914, 36.37798309326172
362.8484191894531, 615.2417602539062, 23.49411392211914, 36.37798309326172
365.3652648925781, 613.947021484375, 23.49411392211914, 36.37798309326172
368.29541015625, 612.4713134765625, 23.49411392211914, 36.37798309326172
371.11932373046875, 612.9348754882812, 23.49411392211914, 36.37798309326172
374.907958984375, 613.5936889648438, 23.49411392211914, 36.37798309326172
378.0280456542969, 616.0571899414062, 23.49411392211914, 36.37798309326172
381.35723876953125, 616.087158203125, 23.49411392211914, 36.37798309326172
384.5799255371094, 615.7164306640625, 23.49411392211914, 36.37798309326172
389.46142578125, 614.8601684570312, 23.49411392211914, 36.37798309326172
394.80145263671875, 611.9200439453125, 23.49411392211914, 36.37798309326172
399.7391357421875, 611.541015625, 23.49411392211914, 36.37798309326172
405.2695007324219, 612.082275390625, 23.49411392211914, 36.37798309326172
409.6225891113281, 612.6842651367188, 23.49411392211914, 36.37798309326172
415.0520935058594, 613.043701171875, 23.49411392211914, 36.37798309326172
419.8092956542969, 612.39794921875, 23.49411392211914, 36.37798309326172
423.2580871582031, 611.2036743164062, 23.49411392211914, 36.37798309326172
427.06744384765625, 609.1728515625, 23.49411392211914, 36.37798309326172
433.1814880371094, 609.042724609375, 23.49411392211914, 36.37798309326172
439.187255859375, 609.8018798828125, 23.49411392211914, 36.37798309326172
444.7750244140625, 611.341064453125, 23.49411392211914, 36.37798309326172
448.2659912109375, 610.99462890625, 23.49411392211914, 36.37798309326172
452.0830078125, 609.8641357421875, 23.49411392211914, 36.37798309326172
457.7026672363281, 608.421875, 23.49411392211914, 36.37798309326172
461.9100036621094, 607.8609008789062, 23.49411392211914, 36.37798309326172
467.2924499511719, 607.5667724609375, 23.49411392211914, 36.37798309326172
470.7134704589844, 608.2225952148438, 23.49411392211914, 36.37798309326172
475.4929504394531, 608.025146484375, 23.49411392211914, 36.37798309326172
463.1379699707031, 628.6264038085938, 23.49411392211914, 36.37798309326172
462.7904357910156, 631.54248046875, 23.49411392211914, 36.37798309326172
463.0399475097656, 633.0917358398438, 23.49411392211914, 36.37798309326172
461.9114074707031, 634.0548095703125, 23.49411392211914, 36.37798309326172
462.1874084472656, 635.6505126953125, 23.49411392211914, 36.37798309326172
462.3681640625, 637.749755859375, 23.49411392211914, 36.37798309326172
459.196044921875, 638.1753540039062, 23.49411392211914, 36.37798309326172
458.6158142089844, 638.8131713867188, 23.49411392211914, 36.37798309326172
458.0690612792969, 639.8198852539062, 23.49411392211914, 36.37798309326172
457.2338562011719, 641.121337890625, 23.49411392211914, 36.37798309326172
459.3184814453125, 643.9688720703125, 23.49411392211914, 36.37798309326172
456.65753173828125, 644.1632080078125, 23.49411392211914, 36.37798309326172
455.72406005859375, 645.5250244140625, 23.49411392211914, 36.37798309326172
456.9288024902344, 647.4168090820312, 23.49411392211914, 36.37798309326172
456.8662109375, 649.5142211914062, 23.033445358276367, 35.66469192504883
455.1474609375, 649.47412109375, 23.49411392211914, 36.37798309326172
455.7320861816406, 651.3286743164062, 23.49411392211914, 36.37798309326172
455.2703857421875, 653.2946166992188, 23.49411392211914, 36.37798309326172
452.6225280761719, 653.9131469726562, 23.49411392211914, 36.37798309326172
452.5745849609375, 654.9309692382812, 23.49411392211914, 36.37798309326172
453.4433288574219, 656.7550659179688, 23.49411392211914, 36.37798309326172
452.3808288574219, 659.7686157226562, 23.49411392211914, 36.37798309326172
451.1937255859375, 660.9119873046875, 23.49411392211914, 36.37798309326172
451.382568359375, 661.4365234375, 23.49411392211914, 36.37798309326172
450.7834167480469, 663.7316284179688, 23.49411392211914, 36.37798309326172
450.0115051269531, 665.2294311523438, 23.49411392211914, 36.37798309326172
449.71905517578125, 666.243408203125, 23.49411392211914, 36.37798309326172
450.3837585449219, 667.9149169921875, 23.49411392211914, 36.37798309326172
449.67236328125, 670.0707397460938, 23.49411392211914, 36.37798309326172
448.0818176269531, 670.2766723632812, 23.49411392211914, 36.37798309326172
448.49761962890625, 672.6267700195312, 23.49411392211914, 36.37798309326172
447.87176513671875, 675.1842651367188, 23.49411392211914, 36.37798309326172
446.97247314453125, 675.767333984375, 23.49411392211914, 36.37798309326172
447.3706359863281, 678.038818359375, 23.49411392211914, 36.37798309326172
445.51910400390625, 678.38671875, 23.49411392211914, 36.37798309326172
445.5162048339844, 680.8785400390625, 23.49411392211914, 36.37798309326172
444.78912353515625, 681.8202514648438, 23.49411392211914, 36.37798309326172
445.4169006347656, 683.5588989257812, 23.49411392211914, 36.37798309326172
443.9184265136719, 686.431884765625, 23.49411392211914, 36.37798309326172
443.7566833496094, 687.4638671875, 23.49411392211914, 36.37798309326172
443.7158508300781, 689.2333374023438, 23.49411392211914, 36.37798309326172
443.2679138183594, 690.82763671875, 23.96399688720703, 37.10554122924805
442.82012939453125, 692.614013671875, 23.96399688720703, 37.10554122924805
441.97357177734375, 693.955810546875, 23.96399688720703, 37.10554122924805
442.3310546875, 695.634521484375, 23.96399688720703, 37.10554122924805
441.7142333984375, 697.9999389648438, 23.96399688720703, 37.10554122924805
441.6514587402344, 699.787353515625, 23.96399688720703, 37.10554122924805
441.5292663574219, 701.9592895507812, 23.494112014770508, 36.37798309326172
441.0165710449219, 703.7928466796875, 23.494112014770508, 36.37798309326172
440.4991149902344, 706.0556030273438, 23.494112014770508, 36.37798309326172
440.1376647949219, 707.6193237304688, 23.494112014770508, 36.37798309326172
439.9659423828125, 709.564453125, 23.494112014770508, 36.37798309326172
439.46771240234375, 711.9387817382812, 23.494112014770508, 36.37798309326172
437.268310546875, 711.8494262695312, 23.494112014770508, 36.37798309326172
437.591064453125, 713.67529296875, 23.494112014770508, 36.37798309326172
436.3251647949219, 716.69189453125, 23.494112014770508, 36.37798309326172
436.5329895019531, 718.3978271484375, 23.494112014770508, 36.37798309326172
436.3801574707031, 720.118896484375, 23.494112014770508, 36.37798309326172
435.7770690917969, 722.3421020507812, 23.494112014770508, 36.37798309326172
435.5458068847656, 723.9854736328125, 23.494112014770508, 36.37798309326172
433.6267395019531, 724.1940307617188, 23.494112014770508, 36.37798309326172
433.87109375, 726.5020751953125, 23.494112014770508, 36.37798309326172
433.53668212890625, 728.3810424804688, 23.9639949798584, 37.10553741455078
433.4959411621094, 731.2644653320312, 23.494112014770508, 36.37798309326172
431.796142578125, 731.5609130859375, 23.494112014770508, 36.37798309326172
432.1890563964844, 733.7168579101562, 23.494112014770508, 36.37798309326172
432.4656982421875, 735.8206787109375, 23.494112014770508, 36.37798309326172
430.0966796875, 736.00146484375, 23.494112014770508, 36.37798309326172
430.48431396484375, 737.89453125, 23.9639949798584, 37.10553741455078
430.08563232421875, 740.22314453125, 23.9639949798584, 37.10553741455078
429.42828369140625, 742.6210327148438, 23.9639949798584, 37.10553741455078
428.1205749511719, 743.6157836914062, 23.9639949798584, 37.10553741455078
428.3722839355469, 745.2037963867188, 23.9639949798584, 37.10553741455078
427.8909912109375, 747.5629272460938, 23.9639949798584, 37.10553741455078
426.96063232421875, 748.6429443359375, 23.9639949798584, 37.10553741455078
426.80413818359375, 749.9478149414062, 23.9639949798584, 37.10553741455078
426.6015319824219, 752.3057250976562, 23.9639949798584, 37.10553741455078
426.3058166503906, 754.5266723632812, 23.9639949798584, 37.10553741455078
424.65838623046875, 754.7957763671875, 23.9639949798584, 37.10553741455078
424.6978759765625, 757.3150634765625, 23.9639949798584, 37.10553741455078
424.37640380859375, 759.6784057617188, 23.9639949798584, 37.10553741455078
423.25189208984375, 760.9915771484375, 23.9639949798584, 37.10553741455078
423.3386535644531, 762.8018188476562, 23.9639949798584, 37.10553741455078
423.1168212890625, 764.6737670898438, 23.9639949798584, 37.10553741455078
422.62841796875, 766.6546020507812, 23.9639949798584, 37.10553741455078
422.41259765625, 768.22705078125, 23.9639949798584, 37.10553741455078
422.0419921875, 770.66015625, 23.9639949798584, 37.10553741455078
419.6238098144531, 770.8800048828125, 23.9639949798584, 37.10553741455078
420.6175537109375, 772.8268432617188, 23.9639949798584, 37.10553741455078
420.48956298828125, 774.8955078125, 23.9639949798584, 37.10553741455078
420.1116027832031, 776.897705078125, 23.9639949798584, 37.10553741455078
418.0649108886719, 777.4320068359375, 23.9639949798584, 37.10553741455078
417.66021728515625, 780.4569091796875, 23.9639949798584, 37.10553741455078
417.5987548828125, 780.9243774414062, 23.9639949798584, 37.10553741455078
417.4465026855469, 783.4548950195312, 23.9639949798584, 37.10553741455078
416.83465576171875, 784.966064453125, 23.9639949798584, 37.10553741455078
417.308349609375, 787.30810546875, 23.9639949798584, 37.10553741455078
416.67083740234375, 789.5791015625, 23.9639949798584, 37.10553741455078
415.5214538574219, 790.6998291015625, 23.9639949798584, 37.10553741455078
415.72021484375, 792.2479248046875, 23.9639949798584, 37.10553741455078
415.5111389160156, 794.6453857421875, 23.9639949798584, 37.10553741455078
415.05072021484375, 796.2958984375, 23.9639949798584, 37.10553741455078
414.4062805175781, 798.6622314453125, 23.9639949798584, 37.10553741455078
413.67083740234375, 799.3280029296875, 23.9639949798584, 37.10553741455078
414.76495361328125, 801.297119140625, 23.9639949798584, 37.10553741455078
414.7088928222656, 802.6482543945312, 23.9639949798584, 37.10553741455078
415.6607666015625, 802.9885864257812, 23.9639949798584, 37.10553741455078
418.0664367675781, 805.5411987304688, 23.9639949798584, 37.10553741455078
418.2949523925781, 805.58251953125, 23.9639949798584, 37.10553741455078
421.2948913574219, 807.2438354492188, 23.9639949798584, 37.10553741455078
423.6881103515625, 809.2340698242188, 23.9639949798584, 37.10553741455078
425.3997802734375, 810.0170288085938, 23.9639949798584, 37.10553741455078
427.4619445800781, 810.6217041015625, 23.9639949798584, 37.10553741455078
429.95391845703125, 811.0927734375, 23.9639949798584, 37.10553741455078
433.19195556640625, 812.6527099609375, 23.9639949798584, 37.10553741455078
433.91876220703125, 812.70654296875, 23.9639949798584, 37.10553741455078
437.169677734375, 813.7001342773438, 23.9639949798584, 37.10553741455078
438.38446044921875, 814.1399536132812, 23.9639949798584, 37.10553741455078
441.4866943359375, 816.5336303710938, 23.9639949798584, 37.10553741455078
443.62835693359375, 816.9258422851562, 23.9639949798584, 37.10553741455078
446.4671630859375, 818.55615234375, 23.9639949798584, 37.10553741455078
448.48822021484375, 818.913818359375, 23.9639949798584, 37.10553741455078
451.10162353515625, 820.2526245117188, 23.9639949798584, 37.10553741455078
454.230712890625, 820.9114990234375, 23.9639949798584, 37.10553741455078
457.9161376953125, 820.849609375, 23.9639949798584, 37.10553741455078
462.3324279785156, 821.2473754882812, 23.9639949798584, 37.10553741455078
465.6694641113281, 822.42578125, 23.9639949798584, 37.10553741455078
469.6682434082031, 822.7560424804688, 23.9639949798584, 37.10553741455078
473.5859680175781, 822.534423828125, 23.9639949798584, 37.10553741455078
477.4657287597656, 823.033447265625, 23.9639949798584, 37.10553741455078
481.1684875488281, 824.155517578125, 23.9639949798584, 37.10553741455078
484.8529052734375, 824.6395263671875, 23.9639949798584, 37.10553741455078
489.712890625, 825.714111328125, 23.9639949798584, 37.10553741455078
493.0872802734375, 825.8842163085938, 23.9639949798584, 37.10553741455078
496.6419677734375, 826.5253295898438, 23.9639949798584, 37.10553741455078
501.44207763671875, 827.2814331054688, 23.9639949798584, 37.10553741455078
505.32830810546875, 827.8828125, 23.9639949798584, 37.10553741455078
509.69183349609375, 828.0901489257812, 23.9639949798584, 37.10553741455078
514.9103393554688, 829.409912109375, 23.9639949798584, 37.10553741455078
519.6660766601562, 830.2476806640625, 23.9639949798584, 37.10553741455078
524.431396484375, 830.5155639648438, 23.9639949798584, 37.10553741455078
529.2575073242188, 830.4797973632812, 23.9639949798584, 37.10553741455078
534.28271484375, 830.9280395507812, 23.9639949798584, 37.10553741455078
539.7939453125, 831.6909790039062, 23.9639949798584, 37.10553741455078
545.857421875, 831.7967529296875, 23.9639949798584, 37.10553741455078
551.7113037109375, 832.2666015625, 23.9639949798584, 37.10553741455078
557.43212890625, 832.9373168945312, 23.9639949798584, 37.10553741455078
563.1056518554688, 833.3661499023438, 23.9639949798584, 37.10553741455078
568.7318115234375, 834.1935424804688, 23.9639949798584, 37.10553741455078
574.80029296875, 834.2335815429688, 23.9639949798584, 37.10553741455078
581.1904907226562, 834.4947509765625, 23.9639949798584, 37.10553741455078
586.5510864257812, 834.480224609375, 23.9639949798584, 37.10553741455078
592.5975341796875, 834.774658203125, 23.9639949798584, 37.10553741455078
598.75927734375, 835.4361572265625, 23.9639949798584, 37.10553741455078
604.7243041992188, 836.649658203125, 23.9639949798584, 37.10553741455078
610.8090209960938, 836.3944702148438, 23.9639949798584, 37.10553741455078
616.9432983398438, 837.58984375, 23.9639949798584, 37.10553741455078
622.7808227539062, 837.5140380859375, 23.9639949798584, 37.10553741455078
628.5673217773438, 837.9078979492188, 23.9639949798584, 37.10553741455078
634.2152709960938, 839.1712036132812, 23.9639949798584, 37.10553741455078
639.5858154296875, 840.1174926757812, 23.9639949798584, 37.10553741455078
645.626220703125, 840.2166137695312, 23.9639949798584, 37.10553741455078
651.4879150390625, 841.3281860351562, 23.9639949798584, 37.10553741455078
657.2105102539062, 842.1594848632812, 23.9639949798584, 37.10553741455078
662.9014282226562, 843.0275268554688, 23.9639949798584, 37.10553741455078
669.0765380859375, 843.8112182617188, 23.9639949798584, 37.10553741455078
674.2047119140625, 844.946533203125, 23.9639949798584, 37.10553741455078
680.0765991210938, 845.8895263671875, 23.9639949798584, 37.10553741455078
685.5536499023438, 846.8731079101562, 23.9639949798584, 37.10553741455078
691.5569458007812, 847.614501953125, 23.9639949798584, 37.10553741455078
697.5621948242188, 848.4653930664062, 23.9639949798584, 37.10553741455078
703.3607177734375, 849.8052978515625, 23.9639949798584, 37.10553741455078
709.33984375, 851.4453735351562, 23.9639949798584, 37.10553741455078
714.824951171875, 853.4951782226562, 23.9639949798584, 37.10553741455078
720.9125366210938, 853.3150634765625, 23.9639949798584, 37.10553741455078
726.83349609375, 855.6085815429688, 23.9639949798584, 37.10553741455078
732.5961303710938, 856.1319580078125, 23.9639949798584, 37.10553741455078
738.0122680664062, 858.0401000976562, 23.9639949798584, 37.10553741455078
743.198486328125, 859.241943359375, 23.9639949798584, 37.10553741455078
746.4566650390625, 859.8720703125, 23.9639949798584, 37.10553741455078
749.752197265625, 861.2156372070312, 23.9639949798584, 37.10553741455078
752.8087768554688, 863.1149291992188, 23.9639949798584, 37.10553741455078
753.4212036132812, 864.714111328125, 23.9639949798584, 37.10553741455078
753.20263671875, 866.9227294921875, 23.9639949798584, 37.10553741455078
752.5563354492188, 869.0899658203125, 23.9639949798584, 37.10553741455078
752.3369750976562, 871.1978759765625, 23.9639949798584, 37.10553741455078
751.4583740234375, 873.4329833984375, 23.9639949798584, 37.10553741455078
751.0521240234375, 875.4962768554688, 23.9639949798584, 37.10553741455078
749.1155395507812, 875.8574829101562, 23.9639949798584, 37.10553741455078
749.194580078125, 878.5288696289062, 23.9639949798584, 37.10553741455078
748.9379272460938, 880.5506591796875, 23.9639949798584, 37.10553741455078
749.0736694335938, 882.3776245117188, 23.9639949798584, 37.10553741455078
748.0480346679688, 885.218505859375, 23.9639949798584, 37.10553741455078
747.4749145507812, 887.2422485351562, 23.9639949798584, 37.10553741455078
747.4409790039062, 889.024169921875, 23.9639949798584, 37.10553741455078
746.9617309570312, 891.1611328125, 23.9639949798584, 37.10553741455078
746.8056640625, 893.2576293945312, 23.9639949798584, 37.10553741455078
746.2588500976562, 895.4326171875, 23.9639949798584, 37.10553741455078
745.0330810546875, 897.510986328125, 23.9639949798584, 37.10553741455078
744.1452026367188, 898.7427368164062, 23.9639949798584, 37.10553741455078
743.9999389648438, 901.011962890625, 23.9639949798584, 37.10553741455078
743.9757080078125, 903.3461303710938, 23.9639949798584, 37.10553741455078
744.0108032226562, 905.9125366210938, 23.9639949798584, 37.10553741455078
743.746337890625, 907.8187866210938, 23.9639949798584, 37.10553741455078
743.366943359375, 909.865234375, 23.9639949798584, 37.10553741455078
743.3482666015625, 911.9444580078125, 23.9639949798584, 37.10553741455078
743.3605346679688, 913.8223876953125, 23.9639949798584, 37.10553741455078
744.323486328125, 915.87255859375, 23.9639949798584, 37.10553741455078
745.5235595703125, 917.4749145507812, 23.9639949798584, 37.10553741455078
747.1256103515625, 920.0794067382812, 23.9639949798584, 37.10553741455078
747.5363159179688, 921.7688598632812, 23.9639949798584, 37.10553741455078
750.4238891601562, 924.634033203125, 23.9639949798584, 37.10553741455078
750.4943237304688, 925.404541015625, 23.9639949798584, 37.10553741455078
753.6214599609375, 928.6045532226562, 23.9639949798584, 37.10553741455078
755.9722290039062, 930.1953125, 23.9639949798584, 37.10553741455078
758.6547241210938, 932.9487915039062, 23.9639949798584, 37.10553741455078
758.7388305664062, 933.7843627929688, 23.9639949798584, 37.10553741455078
761.9134521484375, 936.2037963867188, 23.9639949798584, 37.10553741455078
764.3809204101562, 938.856689453125, 23.9639949798584, 37.10553741455078
764.3121337890625, 939.5368041992188, 23.9639949798584, 37.10553741455078
767.2772216796875, 941.7592163085938, 23.9639949798584, 37.10553741455078
769.713134765625, 944.2039184570312, 23.9639949798584, 37.10553741455078
772.1818237304688, 946.6779174804688, 23.9639949798584, 37.10553741455078
772.49267578125, 947.1212768554688, 23.9639949798584, 37.10553741455078
775.7210693359375, 950.0025024414062, 23.9639949798584, 37.10553741455078
778.5054321289062, 952.4392700195312, 23.9639949798584, 37.10553741455078
778.9996948242188, 953.8267822265625, 23.9639949798584, 37.10553741455078
781.7391967773438, 955.349609375, 23.9639949798584, 37.10553741455078
784.8845825195312, 958.422119140625, 23.9639949798584, 37.10553741455078
786.5951538085938, 960.7841796875, 23.9639949798584, 37.10553741455078
788.3310546875, 961.667724609375, 23.9639949798584, 37.10553741455078
790.6016845703125, 964.0155029296875, 23.9639949798584, 37.10553741455078
793.1273193359375, 966.3795776367188, 23.9639949798584, 37.10553741455078
793.4805908203125, 967.9194946289062, 23.9639949798584, 37.10553741455078
796.5913696289062, 969.705322265625, 23.9639949798584, 37.10553741455078
799.6671142578125, 971.4125366210938, 23.9639949798584, 37.10553741455078
803.3356323242188, 974.2055053710938, 23.9639949798584, 37.10553741455078
806.009033203125, 975.7359619140625, 23.9639949798584, 37.10553741455078
811.001220703125, 977.8731079101562, 23.9639949798584, 37.10553741455078
813.7371215820312, 979.3726806640625, 23.9639949798584, 37.10553741455078
813.8294677734375, 979.6674194335938, 23.9639949798584, 37.10553741455078
817.5608520507812, 981.2932739257812, 23.9639949798584, 37.10553741455078
821.3174438476562, 983.6525268554688, 23.9639949798584, 37.10553741455078
824.4923706054688, 985.1190795898438, 23.9639949798584, 37.10553741455078
830.2785034179688, 987.9351196289062, 23.9639949798584, 37.10553741455078
833.2903442382812, 989.6749877929688, 23.9639949798584, 37.10553741455078
837.5618286132812, 991.5380249023438, 23.9639949798584, 37.10553741455078
842.7112426757812, 993.7631225585938, 23.9639949798584, 37.10553741455078
846.0485229492188, 995.6437377929688, 23.9639949798584, 37.10553741455078
849.6132202148438, 997.9431762695312, 23.9639949798584, 37.10553741455078
855.3987426757812, 1000.5813598632812, 23.9639949798584, 37.10553741455078
858.4581298828125, 1002.4918823242188, 23.9639949798584, 37.10553741455078
862.6502075195312, 1004.6329345703125, 23.9639949798584, 37.10553741455078
867.109375, 1006.8812866210938, 23.9639949798584, 37.10553741455078
870.294677734375, 1009.4905395507812, 23.9639949798584, 37.10553741455078
875.2715454101562, 1011.9274291992188, 23.9639949798584, 37.10553741455078
878.4959106445312, 1014.3703002929688, 23.9639949798584, 37.10553741455078
883.5466918945312, 1017.3927612304688, 23.9639949798584, 37.10553741455078
887.0331420898438, 1019.7116088867188, 23.9639949798584, 37.10553741455078
890.3302001953125, 1021.3859252929688, 23.9639949798584, 37.10553741455078
895.0374145507812, 1024.7611083984375, 23.9639949798584, 37.10553741455078
898.1661987304688, 1026.45166015625, 23.9639949798584, 37.10553741455078
900.9402465820312, 1029.0013427734375, 23.9639949798584, 37.10553741455078
901.5636596679688, 1031.5413818359375, 23.9639949798584, 37.10553741455078
901.6192016601562, 1033.484130859375, 23.9639949798584, 37.10553741455078
901.5769653320312, 1036.0936279296875, 23.9639949798584, 37.10553741455078
901.368896484375, 1039.420166015625, 23.9639949798584, 37.10553741455078
901.1681518554688, 1042.20556640625, 23.9639949798584, 37.10553741455078
901.3875732421875, 1044.162109375, 23.9639949798584, 37.10553741455078
901.2003784179688, 1045.9442138671875, 23.9639949798584, 37.10553741455078
901.2664794921875, 1046.673828125, 23.9639949798584, 37.10553741455078
917.0029907226562, 1038.845458984375, 23.9639949798584, 37.10553741455078
917.56396484375, 1039.1875, 23.9639949798584, 37.10553741455078
917.7794799804688, 1042.7703857421875, 23.9639949798584, 37.10553741455078
919.0225219726562, 1043.7073974609375, 23.9639949798584, 37.10553741455078
915.90673828125, 1046.4814453125, 23.9639949798584, 37.10553741455078
935.2235107421875, 1033.1348876953125, 23.9639949798584, 37.10553741455078
935.6427001953125, 1034.9344482421875, 23.9639949798584, 37.10553741455078
935.0823364257812, 1037.4990234375, 24.443273544311523, 37.84764862060547
935.7150268554688, 1039.674072265625, 23.9639949798584, 37.10553741455078
937.0980224609375, 1041.8275146484375, 23.9639949798584, 37.10553741455078
936.6939086914062, 1042.7987060546875, 23.9639949798584, 37.10553741455078
