626.84375, 260.45855712890625, 40.36909103393555, 74.9711685180664
627.7625122070312, 259.52642822265625, 41.999996185302734, 77.99999237060547
630.1102294921875, 259.31915283203125, 41.999996185302734, 77.99999237060547
630.6236572265625, 259.5563659667969, 41.17646789550781, 76.4705810546875
632.4817504882812, 258.6184387207031, 41.999996185302734, 77.99999237060547
632.8779296875, 257.1304016113281, 43.69679260253906, 81.15118408203125
634.9055786132812, 257.8710021972656, 42.839988708496094, 79.55998229980469
635.9888916015625, 257.7497863769531, 41.9999885559082, 77.99998474121094
640.0616455078125, 259.37115478515625, 40.36907958984375, 74.97115325927734
640.2301025390625, 258.97662353515625, 40.36907958984375, 74.97115325927734
642.7376708984375, 257.753662109375, 40.36907958984375, 74.97115325927734
644.47314453125, 257.1798400878906, 40.36907958984375, 74.97115325927734
644.868896484375, 255.5428924560547, 41.9999885559082, 77.9999771118164
645.1599731445312, 252.89053344726562, 44.570716857910156, 82.77418518066406
647.1987915039062, 253.9142608642578, 41.99998092651367, 77.99996948242188
648.1181640625, 252.76646423339844, 43.69677734375, 81.15115356445312
650.2743530273438, 252.6226348876953, 42.83998107910156, 79.5599594116211
651.15087890625, 252.58412170410156, 41.99998092651367, 77.99996185302734
651.9664916992188, 251.8595428466797, 42.83998107910156, 79.5599594116211
653.0262451171875, 251.19883728027344, 42.83998107910156, 79.5599594116211
653.4359741210938, 249.6448974609375, 44.57071304321289, 82.77417755126953
655.1781616210938, 250.21644592285156, 42.83998107910156, 79.5599594116211
657.3635864257812, 251.1695098876953, 41.99998092651367, 77.99996185302734
658.96533203125, 250.87513732910156, 41.99998092651367, 77.99996185302734
662.3049926757812, 253.05374145507812, 40.36907196044922, 74.97113037109375
662.4891357421875, 251.8235626220703, 41.176448822021484, 76.47055053710938
663.5996704101562, 251.2483367919922, 41.176448822021484, 76.47055053710938
665.6793823242188, 251.99380493164062, 40.36906814575195, 74.97113037109375
667.31689453125, 251.4348907470703, 41.176448822021484, 76.47054290771484
668.5214233398438, 251.06175231933594, 41.176448822021484, 76.47054290771484
668.9231567382812, 250.5935516357422, 41.176448822021484, 76.47054290771484
670.9830322265625, 252.435791015625, 39.577518463134766, 73.50110626220703
671.9115600585938, 250.24105834960938, 40.36906433105469, 74.97112274169922
672.3602294921875, 249.9590301513672, 41.17644500732422, 76.47054290771484
674.7210083007812, 250.22555541992188, 40.36906433105469, 74.97111511230469
675.3170776367188, 249.58837890625, 41.17644500732422, 76.47053527832031
676.8170166015625, 250.67324829101562, 40.36906433105469, 74.97111511230469
676.3212890625, 248.35409545898438, 41.999969482421875, 77.99994659423828
676.9841918945312, 248.15142822265625, 41.999969482421875, 77.99994659423828
678.7008056640625, 248.06497192382812, 41.999969482421875, 77.99994659423828
679.5836791992188, 248.27960205078125, 41.17644119262695, 76.47053527832031
680.3399047851562, 248.59469604492188, 41.17644119262695, 76.47053527832031
682.4033813476562, 248.91864013671875, 41.17644119262695, 76.47053527832031
683.1292114257812, 247.68734741210938, 41.99996566772461, 77.99993896484375
684.3698120117188, 248.37002563476562, 41.17643737792969, 76.47052764892578
685.9093627929688, 248.6014404296875, 41.17643737792969, 76.47052764892578
686.9443969726562, 248.90972900390625, 41.17643737792969, 76.47052764892578
687.9848022460938, 248.73599243164062, 41.17643737792969, 76.47052764892578
689.66650390625, 248.65020751953125, 41.17643737792969, 76.47052764892578
690.7833862304688, 248.14654541015625, 41.17643737792969, 76.47052764892578
692.4376831054688, 247.99896240234375, 41.17643737792969, 76.47052764892578
693.2347412109375, 247.83627319335938, 41.17643737792969, 76.47052764892578
695.8999633789062, 247.75405883789062, 41.17643737792969, 76.47052764892578
696.4016723632812, 248.41229248046875, 41.17643737792969, 76.47052764892578
698.539306640625, 249.04144287109375, 41.17643737792969, 76.47052764892578
698.4196166992188, 248.44708251953125, 41.17643737792969, 76.47052764892578
699.8436889648438, 249.50784301757812, 41.17643737792969, 76.47052764892578
701.2392578125, 250.055908203125, 41.17643737792969, 76.47052764892578
702.584716796875, 250.4183349609375, 41.17643737792969, 76.47052764892578
703.7734375, 252.04673767089844, 40.369056701660156, 74.97110748291016
705.7225952148438, 252.6432647705078, 40.369056701660156, 74.97110748291016
707.4290771484375, 253.01287841796875, 39.57750701904297, 73.50108337402344
708.0519409179688, 252.81539916992188, 39.57750701904297, 73.50108337402344
710.6478271484375, 252.261474609375, 39.57750701904297, 73.50108337402344
711.61669921875, 252.40591430664062, 39.57750701904297, 73.50108337402344
713.4710083007812, 253.68402099609375, 38.801475524902344, 72.05988311767578
715.3853149414062, 254.40499877929688, 38.801475524902344, 72.05988311767578
716.687255859375, 255.04571533203125, 38.801475524902344, 72.05988311767578
718.0234375, 255.5911865234375, 38.801475524902344, 72.05988311767578
719.9671020507812, 257.08062744140625, 38.04066467285156, 70.64694213867188
723.451904296875, 257.1243896484375, 38.04066467285156, 70.64694213867188
725.3171997070312, 258.06591796875, 38.04066467285156, 70.64694213867188
727.1203002929688, 257.8934326171875, 38.04066467285156, 70.64694213867188
728.3812866210938, 258.08087158203125, 38.04066467285156, 70.64694213867188
731.5435791015625, 257.9570617675781, 37.294769287109375, 69.26171112060547
733.4805297851562, 257.6883544921875, 37.294769287109375, 69.26171112060547
735.8394775390625, 257.9085998535156, 36.563499450683594, 67.90364074707031
737.0821533203125, 258.0844421386719, 36.563499450683594, 67.90364074707031
739.6940307617188, 257.9285583496094, 36.563499450683594, 67.90364074707031
742.1885375976562, 258.9254455566406, 36.563499450683594, 67.90364074707031
743.8688354492188, 258.8789978027344, 36.563499450683594, 67.90364074707031
745.5238037109375, 258.87481689453125, 36.563499450683594, 67.90364074707031
748.1892700195312, 259.3426208496094, 36.563499450683594, 67.90364074707031
749.6652221679688, 258.9309387207031, 36.563499450683594, 67.90364074707031
751.8224487304688, 258.7443542480469, 36.563499450683594, 67.90364074707031
752.9564819335938, 257.0392150878906, 36.563499450683594, 67.90364074707031
753.73779296875, 255.84719848632812, 36.563499450683594, 67.90364074707031
755.142333984375, 255.4737548828125, 36.563499450683594, 67.90364074707031
757.302734375, 254.7640380859375, 36.563499450683594, 67.90364074707031
759.2158813476562, 253.90798950195312, 36.563499450683594, 67.90364074707031
761.1517333984375, 252.51248168945312, 36.563499450683594, 67.90364074707031
763.9205932617188, 251.65777587890625, 36.563499450683594, 67.90364074707031
765.4174194335938, 251.5927734375, 35.8465690612793, 66.57219696044922
768.335693359375, 251.83395385742188, 35.14369583129883, 65.26686096191406
0.0, 0.0, 0.0, 0.0
0.0, 0.0, 0.0, 0.0
0.0, 0.0, 0.0, 0.0
0.0, 0.0, 0.0, 0.0
0.0, 0.0, 0.0, 0.0
0.0, 0.0, 0.0, 0.0
0.0, 0.0, 0.0, 0.0
0.0, 0.0, 0.0, 0.0
0.0, 0.0, 0.0, 0.0
0.0, 0.0, 0.0, 0.0
0.0, 0.0, 0.0, 0.0
0.0, 0.0, 0.0, 0.0
0.0, 0.0, 0.0, 0.0
0.0, 0.0, 0.0, 0.0
0.0, 0.0, 0.0, 0.0
0.0, 0.0, 0.0, 0.0
-14.202476501464844, -32.63343048095703, 35.14369583129883, 65.26686096191406
0.0, 0.0, 0.0, 0.0
0.0, 0.0, 0.0, 0.0
0.0, 0.0, 0.0, 0.0
0.0, 0.0, 0.0, 0.0
0.0, 0.0, 0.0, 0.0
0.0, 0.0, 0.0, 0.0
0.0, 0.0, 0.0, 0.0
0.0, 0.0, 0.0, 0.0
0.0, 0.0, 0.0, 0.0
0.0, 0.0, 0.0, 0.0
0.0, 0.0, 0.0, 0.0
0.0, 0.0, 0.0, 0.0
0.0, 0.0, 0.0, 0.0
0.0, 0.0, 0.0, 0.0
0.0, 0.0, 0.0, 0.0
0.0, 0.0, 0.0, 0.0
0.0, 0.0, 0.0, 0.0
0.0, 0.0, 0.0, 0.0
0.0, 0.0, 0.0, 0.0
0.0, 0.0, 0.0, 0.0
0.0, 0.0, 0.0, 0.0
0.0, 0.0, 0.0, 0.0
0.0, 0.0, 0.0, 0.0
0.0, 0.0, 0.0, 0.0
0.0, 0.0, 0.0, 0.0
0.0, 0.0, 0.0, 0.0
0.0, 0.0, 0.0, 0.0
0.0, 0.0, 0.0, 0.0
0.0, 0.0, 0.0, 0.0
0.0, 0.0, 0.0, 0.0
0.0, 0.0, 0.0, 0.0
0.0, 0.0, 0.0, 0.0
0.0, 0.0, 0.0, 0.0
0.0, 0.0, 0.0, 0.0
0.0, 0.0, 0.0, 0.0
0.0, 0.0, 0.0, 0.0
0.0, 0.0, 0.0, 0.0
0.0, 0.0, 0.0, 0.0
0.0, 0.0, 0.0, 0.0
0.0, 0.0, 0.0, 0.0
0.0, 0.0, 0.0, 0.0
0.0, 0.0, 0.0, 0.0
0.0, 0.0, 0.0, 0.0
0.0, 0.0, 0.0, 0.0
0.0, 0.0, 0.0, 0.0
0.0, 0.0, 0.0, 0.0
0.0, 0.0, 0.0, 0.0
0.0, 0.0, 0.0, 0.0
0.0, 0.0, 0.0, 0.0
0.0, 0.0, 0.0, 0.0
0.0, 0.0, 0.0, 0.0
0.0, 0.0, 0.0, 0.0
0.0, 0.0, 0.0, 0.0
0.0, 0.0, 0.0, 0.0
0.0, 0.0, 0.0, 0.0
0.0, 0.0, 0.0, 0.0
0.0, 0.0, 0.0, 0.0
0.0, 0.0, 0.0, 0.0
0.0, 0.0, 0.0, 0.0
0.0, 0.0, 0.0, 0.0
0.0, 0.0, 0.0, 0.0
0.0, 0.0, 0.0, 0.0
0.0, 0.0, 0.0, 0.0
0.0, 0.0, 0.0, 0.0
0.0, 0.0, 0.0, 0.0
0.0, 0.0, 0.0, 0.0
0.0, 0.0, 0.0, 0.0
0.0, 0.0, 0.0, 0.0
0.0, 0.0, 0.0, 0.0
0.0, 0.0, 0.0, 0.0
0.0, 0.0, 0.0, 0.0
0.0, 0.0, 0.0, 0.0
0.0, 0.0, 0.0, 0.0
0.0, 0.0, 0.0, 0.0
-17.571847915649414, -32.63343048095703, 35.14369583129883, 65.26686096191406
0.0, 0.0, 0.0, 0.0
0.0, 0.0, 0.0, 0.0
0.0, 0.0, 0.0, 0.0
0.0, 0.0, 0.0, 0.0
0.0, 0.0, 0.0, 0.0
0.0, 0.0, 0.0, 0.0
0.0, 0.0, 0.0, 0.0
0.0, 0.0, 0.0, 0.0
0.0, 0.0, 0.0, 0.0
0.0, 0.0, 0.0, 0.0
0.0, 0.0, 0.0, 0.0
0.0, 0.0, 0.0, 0.0
0.0, 0.0, 0.0, 0.0
0.0, 0.0, 0.0, 0.0
0.0, 0.0, 0.0, 0.0
0.0, 0.0, 0.0, 0.0
0.0, 0.0, 0.0, 0.0
0.0, 0.0, 0.0, 0.0
0.0, 0.0, 0.0, 0.0
0.0, 0.0, 0.0, 0.0
0.0, 0.0, 0.0, 0.0
-17.571847915649414, -32.63343048095703, 35.14369583129883, 65.26686096191406
0.0, 0.0, 0.0, 0.0
0.0, 0.0, 0.0, 0.0
0.0, 0.0, 0.0, 0.0
0.0, 0.0, 0.0, 0.0
0.0, 0.0, 0.0, 0.0
0.0, 0.0, 0.0, 0.0
0.0, 0.0, 0.0, 0.0
0.0, 0.0, 0.0, 0.0
0.0, 0.0, 0.0, 0.0
0.0, 0.0, 0.0, 0.0
0.0, 0.0, 0.0, 0.0
0.0, 0.0, 0.0, 0.0
0.0, 0.0, 0.0, 0.0
0.0, 0.0, 0.0, 0.0
0.0, 0.0, 0.0, 0.0
0.0, 0.0, 0.0, 0.0
0.0, 0.0, 0.0, 0.0
0.0, 0.0, 0.0, 0.0
0.0, 0.0, 0.0, 0.0
0.0, 0.0, 0.0, 0.0
0.0, 0.0, 0.0, 0.0
0.0, 0.0, 0.0, 0.0
0.0, 0.0, 0.0, 0.0
0.0, 0.0, 0.0, 0.0
0.0, 0.0, 0.0, 0.0
0.0, 0.0, 0.0, 0.0
0.0, 0.0, 0.0, 0.0
0.0, 0.0, 0.0, 0.0
0.0, 0.0, 0.0, 0.0
0.0, 0.0, 0.0, 0.0
0.0, 0.0, 0.0, 0.0
0.0, 0.0, 0.0, 0.0
0.0, 0.0, 0.0, 0.0
0.0, 0.0, 0.0, 0.0
0.0, 0.0, 0.0, 0.0
0.0, 0.0, 0.0, 0.0
0.0, 0.0, 0.0, 0.0
0.0, 0.0, 0.0, 0.0
0.0, 0.0, 0.0, 0.0
0.0, 0.0, 0.0, 0.0
0.0, 0.0, 0.0, 0.0
0.0, 0.0, 0.0, 0.0
0.0, 0.0, 0.0, 0.0
0.0, 0.0, 0.0, 0.0
0.0, 0.0, 0.0, 0.0
0.0, 0.0, 0.0, 0.0
0.0, 0.0, 0.0, 0.0
0.0, 0.0, 0.0, 0.0
0.0, 0.0, 0.0, 0.0
0.0, 0.0, 0.0, 0.0
0.0, 0.0, 0.0, 0.0
0.0, 0.0, 0.0, 0.0
0.0, 0.0, 0.0, 0.0
0.0, 0.0, 0.0, 0.0
0.0, 0.0, 0.0, 0.0
0.0, 0.0, 0.0, 0.0
0.0, 0.0, 0.0, 0.0
0.0, 0.0, 0.0, 0.0
0.0, 0.0, 0.0, 0.0
0.0, 0.0, 0.0, 0.0
0.0, 0.0, 0.0, 0.0
0.0, 0.0, 0.0, 0.0
0.0, 0.0, 0.0, 0.0
0.0, 0.0, 0.0, 0.0
0.0, 0.0, 0.0, 0.0
0.0, 0.0, 0.0, 0.0
0.0, 0.0, 0.0, 0.0
0.0, 0.0, 0.0, 0.0
0.0, 0.0, 0.0, 0.0
0.0, 0.0, 0.0, 0.0
0.0, 0.0, 0.0, 0.0
0.0, 0.0, 0.0, 0.0
0.0, 0.0, 0.0, 0.0
0.0, 0.0, 0.0, 0.0
0.0, 0.0, 0.0, 0.0
0.0, 0.0, 0.0, 0.0
0.0, 0.0, 0.0, 0.0
0.0, 0.0, 0.0, 0.0
0.0, 0.0, 0.0, 0.0
0.0, 0.0, 0.0, 0.0
0.0, 0.0, 0.0, 0.0
0.0, 0.0, 0.0, 0.0
0.0, 0.0, 0.0, 0.0
0.0, 0.0, 0.0, 0.0
0.0, 0.0, 0.0, 0.0
0.0, 0.0, 0.0, 0.0
0.0, 0.0, 0.0, 0.0
0.0, 0.0, 0.0, 0.0
0.0, 0.0, 0.0, 0.0
-17.571847915649414, -31.861499786376953, 35.14369583129883, 65.26686096191406
0.0, 0.0, 0.0, 0.0
-17.571847915649414, -32.596858978271484, 35.14369583129883, 65.26686096191406
0.0, 0.0, 0.0, 0.0
0.0, 0.0, 0.0, 0.0
0.0, 0.0, 0.0, 0.0
0.0, 0.0, 0.0, 0.0
0.0, 0.0, 0.0, 0.0
0.0, 0.0, 0.0, 0.0
0.0, 0.0, 0.0, 0.0
0.0, 0.0, 0.0, 0.0
0.0, 0.0, 0.0, 0.0
0.0, 0.0, 0.0, 0.0
0.0, 0.0, 0.0, 0.0
0.0, 0.0, 0.0, 0.0
0.0, 0.0, 0.0, 0.0
0.0, 0.0, 0.0, 0.0
0.0, 0.0, 0.0, 0.0
0.0, 0.0, 0.0, 0.0
0.0, 0.0, 0.0, 0.0
0.0, 0.0, 0.0, 0.0
0.0, 0.0, 0.0, 0.0
0.0, 0.0, 0.0, 0.0
0.0, 0.0, 0.0, 0.0
0.0, 0.0, 0.0, 0.0
0.0, 0.0, 0.0, 0.0
0.0, 0.0, 0.0, 0.0
0.0, 0.0, 0.0, 0.0
0.0, 0.0, 0.0, 0.0
0.0, 0.0, 0.0, 0.0
0.0, 0.0, 0.0, 0.0
0.0, 0.0, 0.0, 0.0
0.0, 0.0, 0.0, 0.0
0.0, 0.0, 0.0, 0.0
0.0, 0.0, 0.0, 0.0
0.0, 0.0, 0.0, 0.0
0.0, 0.0, 0.0, 0.0
0.0, 0.0, 0.0, 0.0
0.0, 0.0, 0.0, 0.0
0.0, 0.0, 0.0, 0.0
0.0, 0.0, 0.0, 0.0
0.0, 0.0, 0.0, 0.0
0.0, 0.0, 0.0, 0.0
0.0, 0.0, 0.0, 0.0
0.0, 0.0, 0.0, 0.0
0.0, 0.0, 0.0, 0.0
0.0, 0.0, 0.0, 0.0
0.0, 0.0, 0.0, 0.0
0.0, 0.0, 0.0, 0.0
0.0, 0.0, 0.0, 0.0
0.0, 0.0, 0.0, 0.0
0.0, 0.0, 0.0, 0.0
0.0, 0.0, 0.0, 0.0
0.0, 0.0, 0.0, 0.0
0.0, 0.0, 0.0, 0.0
0.0, 0.0, 0.0, 0.0
0.0, 0.0, 0.0, 0.0
0.0, 0.0, 0.0, 0.0
0.0, 0.0, 0.0, 0.0
0.0, 0.0, 0.0, 0.0
0.0, 0.0, 0.0, 0.0
0.0, 0.0, 0.0, 0.0
0.0, 0.0, 0.0, 0.0
0.0, 0.0, 0.0, 0.0
0.0, 0.0, 0.0, 0.0
0.0, 0.0, 0.0, 0.0
0.0, 0.0, 0.0, 0.0
0.0, 0.0, 0.0, 0.0
0.0, 0.0, 0.0, 0.0
0.0, 0.0, 0.0, 0.0
0.0, 0.0, 0.0, 0.0
0.0, 0.0, 0.0, 0.0
0.0, 0.0, 0.0, 0.0
0.0, 0.0, 0.0, 0.0
0.0, 0.0, 0.0, 0.0
0.0, 0.0, 0.0, 0.0
0.0, 0.0, 0.0, 0.0
0.0, 0.0, 0.0, 0.0
0.0, 0.0, 0.0, 0.0
0.0, 0.0, 0.0, 0.0
0.0, 0.0, 0.0, 0.0
0.0, 0.0, 0.0, 0.0
0.0, 0.0, 0.0, 0.0
0.0, 0.0, 0.0, 0.0
0.0, 0.0, 0.0, 0.0
0.0, 0.0, 0.0, 0.0
0.0, 0.0, 0.0, 0.0
0.0, 0.0, 0.0, 0.0
0.0, 0.0, 0.0, 0.0
0.0, 0.0, 0.0, 0.0
0.0, 0.0, 0.0, 0.0
0.0, 0.0, 0.0, 0.0
0.0, 0.0, 0.0, 0.0
0.0, 0.0, 0.0, 0.0
0.0, 0.0, 0.0, 0.0
0.0, 0.0, 0.0, 0.0
0.0, 0.0, 0.0, 0.0
0.0, 0.0, 0.0, 0.0
0.0, 0.0, 0.0, 0.0
0.0, 0.0, 0.0, 0.0
0.0, 0.0, 0.0, 0.0
0.0, 0.0, 0.0, 0.0
0.0, 0.0, 0.0, 0.0
0.0, 0.0, 0.0, 0.0
0.0, 0.0, 0.0, 0.0
0.0, 0.0, 0.0, 0.0
0.0, 0.0, 0.0, 0.0
0.0, 0.0, 0.0, 0.0
0.0, 0.0, 0.0, 0.0
0.0, 0.0, 0.0, 0.0
0.0, 0.0, 0.0, 0.0
0.0, 0.0, 0.0, 0.0
0.0, 0.0, 0.0, 0.0
0.0, 0.0, 0.0, 0.0
0.0, 0.0, 0.0, 0.0
0.0, 0.0, 0.0, 0.0
-14.087614059448242, -32.63343048095703, 35.14369583129883, 65.26686096191406
-14.253751754760742, -32.63343048095703, 35.14369583129883, 65.26686096191406
-14.668240547180176, -32.63343048095703, 35.14369583129883, 65.26686096191406
-16.458911895751953, -32.63343048095703, 35.14369583129883, 65.26686096191406
-17.543006896972656, -32.63343048095703, 35.14369583129883, 65.26686096191406
-17.571847915649414, -32.11469268798828, 35.14369583129883, 65.26686096191406
-16.475385665893555, -32.53001022338867, 35.14369583129883, 65.26686096191406
-17.571847915649414, -32.12471008300781, 35.14369583129883, 65.26686096191406
-17.395505905151367, -31.691762924194336, 35.14369583129883, 65.26686096191406
-16.005016326904297, -30.330598831176758, 35.14369583129883, 65.26686096191406
-16.21886444091797, -30.738262176513672, 35.14369583129883, 65.26686096191406
-16.11733055114746, -29.909038543701172, 35.14369583129883, 65.26686096191406
-16.693248748779297, -29.996612548828125, 35.14369583129883, 65.26686096191406
-15.52376651763916, -30.06061363220215, 35.14369583129883, 65.26686096191406
-16.18754005432129, -29.348875045776367, 35.14369583129883, 65.26686096191406
-16.344202041625977, -29.37809944152832, 35.14369583129883, 65.26686096191406
-16.765777587890625, -29.44335174560547, 35.14369583129883, 65.26686096191406
-15.928238868713379, -29.28750991821289, 35.14369583129883, 65.26686096191406
-16.303546905517578, -28.703046798706055, 35.14369583129883, 65.26686096191406
-16.700870513916016, -27.96498680114746, 35.14369583129883, 65.26686096191406
-15.913291931152344, -28.11673355102539, 35.14369583129883, 65.26686096191406
-15.898058891296387, -27.99646759033203, 35.14369583129883, 65.26686096191406
-16.018293380737305, -27.563880920410156, 35.14369583129883, 65.26686096191406
-15.975553512573242, -27.788915634155273, 35.14369583129883, 65.26686096191406
-16.095714569091797, -26.750732421875, 35.14369583129883, 65.26686096191406
-16.134952545166016, -26.625045776367188, 35.14369583129883, 65.26686096191406
-16.563936233520508, -27.079423904418945, 35.14369583129883, 65.26686096191406
-17.142152786254883, -26.44474983215332, 35.14369583129883, 65.26686096191406
-16.721281051635742, -27.28792953491211, 35.8465690612793, 66.57219696044922
-17.281282424926758, -26.474163055419922, 35.8465690612793, 66.57219696044922
-16.800254821777344, -26.653623580932617, 35.8465690612793, 66.57219696044922
-16.92266273498535, -26.716983795166016, 35.8465690612793, 66.57219696044922
-17.096582412719727, -26.543766021728516, 35.8465690612793, 66.57219696044922
-16.50973892211914, -26.33467674255371, 35.8465690612793, 66.57219696044922
-16.795257568359375, -26.009443283081055, 35.8465690612793, 66.57219696044922
-16.93389892578125, -26.46282196044922, 35.8465690612793, 66.57219696044922
-16.41748046875, -25.963058471679688, 35.8465690612793, 66.57219696044922
-16.474058151245117, -26.05293846130371, 35.8465690612793, 66.57219696044922
-16.65098762512207, -26.1046199798584, 35.8465690612793, 66.57219696044922
-16.545194625854492, -26.195415496826172, 35.8465690612793, 66.57219696044922
-16.369937896728516, -26.093229293823242, 35.8465690612793, 66.57219696044922
-16.16364288330078, -25.90579605102539, 35.8465690612793, 66.57219696044922
-16.085012435913086, -25.699966430664062, 35.8465690612793, 66.57219696044922
-16.169336318969727, -25.45754051208496, 35.8465690612793, 66.57219696044922
-15.736411094665527, -24.56297492980957, 35.14369583129883, 65.26686096191406
-15.640796661376953, -25.641372680664062, 35.8465690612793, 66.57219696044922
-15.751742362976074, -24.573463439941406, 35.14369583129883, 65.26686096191406
-15.484954833984375, -25.736804962158203, 35.8465690612793, 66.57219696044922
-16.031597137451172, -25.459491729736328, 35.8465690612793, 66.57219696044922
-15.804679870605469, -25.331451416015625, 35.8465690612793, 66.57219696044922
-15.73312759399414, -24.57938003540039, 35.14369583129883, 65.26686096191406
-14.852389335632324, -25.176700592041016, 35.14369583129883, 65.26686096191406
-14.912246704101562, -24.902130126953125, 35.14369583129883, 65.26686096191406
-15.105901718139648, -24.893932342529297, 35.14369583129883, 65.26686096191406
-15.135047912597656, -25.052902221679688, 35.14369583129883, 65.26686096191406
-15.225189208984375, -25.407363891601562, 35.14369583129883, 65.26686096191406
-15.308439254760742, -25.59950828552246, 35.14369583129883, 65.26686096191406
-15.17113971710205, -25.856224060058594, 35.14369583129883, 65.26686096191406
-15.510845184326172, -25.360383987426758, 35.14369583129883, 65.26686096191406
-15.826364517211914, -25.53253936767578, 35.14369583129883, 65.26686096191406
-15.299266815185547, -25.994489669799805, 35.14369583129883, 65.26686096191406
-16.01613426208496, -25.413307189941406, 35.14369583129883, 65.26686096191406
-15.746260643005371, -25.624359130859375, 35.14369583129883, 65.26686096191406
-15.974334716796875, -26.70477867126465, 35.8465690612793, 66.57219696044922
-16.355905532836914, -26.36276626586914, 35.8465690612793, 66.57219696044922
-16.75274658203125, -26.123212814331055, 35.8465690612793, 66.57219696044922
-16.95235252380371, -26.448871612548828, 35.8465690612793, 66.57219696044922
-16.719758987426758, -25.925703048706055, 35.8465690612793, 66.57219696044922
-16.84592056274414, -25.8720760345459, 35.8465690612793, 66.57219696044922
-17.23973846435547, -25.74811363220215, 35.8465690612793, 66.57219696044922
-16.6500244140625, -25.677120208740234, 35.8465690612793, 66.57219696044922
-16.87338638305664, -25.4540958404541, 35.8465690612793, 66.57219696044922
-16.818639755249023, -24.327865600585938, 35.14369583129883, 65.26686096191406
-16.257356643676758, -24.774700164794922, 35.14369583129883, 65.26686096191406
-16.475784301757812, -23.95561981201172, 35.14369583129883, 65.26686096191406
-16.774580001831055, -23.894187927246094, 35.14369583129883, 65.26686096191406
-16.579320907592773, -23.95565414428711, 35.14369583129883, 65.26686096191406
-16.432519912719727, -24.047744750976562, 35.14369583129883, 65.26686096191406
-17.40799903869629, -23.831588745117188, 35.14369583129883, 65.26686096191406
-17.353361129760742, -23.689830780029297, 35.14369583129883, 65.26686096191406
-17.488962173461914, -23.657575607299805, 35.14369583129883, 65.26686096191406
-17.2273006439209, -22.693614959716797, 34.4546012878418, 63.987117767333984
-17.2273006439209, -22.843917846679688, 34.4546012878418, 63.987117767333984
-17.2273006439209, -23.119991302490234, 34.4546012878418, 63.987117767333984
-17.2273006439209, -22.54092788696289, 34.4546012878418, 63.987117767333984
-17.2273006439209, -22.804555892944336, 34.4546012878418, 63.987117767333984
-17.571847915649414, -23.743831634521484, 35.14369583129883, 65.26686096191406
-17.571847915649414, -23.429059982299805, 35.14369583129883, 65.26686096191406
-17.571847915649414, -23.801677703857422, 35.14369583129883, 65.26686096191406
-17.571847915649414, -23.475486755371094, 35.14369583129883, 65.26686096191406
-17.571847915649414, -23.889415740966797, 35.14369583129883, 65.26686096191406
-17.2273006439209, -22.920089721679688, 34.4546012878418, 63.987117767333984
-17.571847915649414, -23.830135345458984, 35.14369583129883, 65.26686096191406
-17.571847915649414, -23.465576171875, 35.14369583129883, 65.26686096191406
-17.571847915649414, -23.98172378540039, 35.14369583129883, 65.26686096191406
-17.571847915649414, -23.638198852539062, 35.14369583129883, 65.26686096191406
-17.2273006439209, -22.522125244140625, 34.4546012878418, 63.987117767333984
-17.2273006439209, -22.78383445739746, 34.4546012878418, 63.987117767333984
-17.2273006439209, -23.061723709106445, 34.4546012878418, 63.987117767333984
-17.2273006439209, -22.661096572875977, 34.4546012878418, 63.987117767333984
-17.2273006439209, -22.986610412597656, 34.4546012878418, 63.987117767333984
-17.571847915649414, -23.95151138305664, 35.14369583129883, 65.26686096191406
-17.2273006439209, -22.868526458740234, 34.4546012878418, 63.987117767333984
-17.2273006439209, -22.996185302734375, 34.4546012878418, 63.987117767333984
-17.2273006439209, -22.26437759399414, 34.4546012878418, 63.987117767333984
-17.2273006439209, -22.3115291595459, 34.4546012878418, 63.987117767333984
-17.2273006439209, -22.309871673583984, 34.4546012878418, 63.987117767333984
-17.2273006439209, -22.292282104492188, 34.4546012878418, 63.987117767333984
-17.2273006439209, -22.222238540649414, 34.4546012878418, 63.987117767333984
-17.2273006439209, -22.20688247680664, 34.4546012878418, 63.987117767333984
-17.220460891723633, -22.027812957763672, 34.4546012878418, 63.987117767333984
-17.193117141723633, -21.74443817138672, 34.4546012878418, 63.987117767333984
-17.043594360351562, -21.93299102783203, 34.4546012878418, 63.987117767333984
-16.756126403808594, -21.986255645751953, 34.4546012878418, 63.987117767333984
-16.810604095458984, -22.428024291992188, 35.14369583129883, 65.26686096191406
-17.032915115356445, -22.601764678955078, 35.8465690612793, 66.57219696044922
-17.062925338745117, -21.288509368896484, 35.14369583129883, 65.26686096191406
-17.034250259399414, -21.530651092529297, 35.14369583129883, 65.26686096191406
-17.105674743652344, -22.405670166015625, 35.8465690612793, 66.57219696044922
-17.319049835205078, -21.426342010498047, 35.8465690612793, 66.57219696044922
-16.931732177734375, -20.580459594726562, 35.14369583129883, 65.26686096191406
-16.847829818725586, -21.872379302978516, 35.8465690612793, 66.57219696044922
-17.476577758789062, -21.595348358154297, 35.8465690612793, 66.57219696044922
-17.329015731811523, -21.4173583984375, 35.8465690612793, 66.57219696044922
-17.33816909790039, -21.210044860839844, 35.8465690612793, 66.57219696044922
-17.000843048095703, -21.610492706298828, 35.8465690612793, 66.57219696044922
-16.965845108032227, -21.114013671875, 35.8465690612793, 66.57219696044922
-16.77674102783203, -21.16520881652832, 35.8465690612793, 66.57219696044922
-17.16045570373535, -21.057979583740234, 35.8465690612793, 66.57219696044922
-17.255949020385742, -21.716819763183594, 36.56349563598633, 67.90364074707031
-18.245742797851562, -21.46468734741211, 36.56349563598633, 67.90364074707031
-18.281747817993164, -21.314435958862305, 36.56349563598633, 67.90364074707031
-18.281747817993164, -21.19841957092285, 36.56349563598633, 67.90364074707031
-18.281747817993164, -20.93400001525879, 36.56349563598633, 67.90364074707031
-18.16023063659668, -21.537586212158203, 36.56349563598633, 67.90364074707031
-18.17267608642578, -21.274791717529297, 36.56349563598633, 67.90364074707031
-17.810510635375977, -20.264034271240234, 35.84656524658203, 66.57218933105469
-17.79253578186035, -21.325801849365234, 36.56349563598633, 67.90363311767578
-17.76866912841797, -20.860261917114258, 36.56349563598633, 67.90363311767578
-17.59956932067871, -21.164817810058594, 36.56349563598633, 67.90363311767578
