853.457763671875, 556.0073852539062, 59.80392074584961, 109.80392456054688
851.297607421875, 555.0762329101562, 62.21998977661133, 114.23998260498047
849.7503662109375, 555.4650268554688, 62.21998977661133, 114.23998260498047
848.355712890625, 556.3973388671875, 62.21998977661133, 114.23998260498047
844.3468017578125, 555.2298583984375, 63.464385986328125, 116.5247802734375
843.6375122070312, 554.2110595703125, 63.464385986328125, 116.5247802734375
840.939453125, 551.9208374023438, 64.73367309570312, 118.85527038574219
838.7220458984375, 551.9417724609375, 62.21998977661133, 114.23998260498047
841.5702514648438, 551.7738647460938, 62.21998977661133, 114.23998260498047
837.481689453125, 549.9532470703125, 64.73367309570312, 118.85527038574219
838.932861328125, 548.2374877929688, 66.0283432006836, 121.23237609863281
842.2295532226562, 550.9788208007812, 64.73367309570312, 118.85527038574219
838.2188720703125, 548.3692016601562, 66.0283432006836, 121.23237609863281
841.187255859375, 552.2286376953125, 63.464385986328125, 116.5247802734375
840.8001708984375, 553.6055297851562, 59.80390930175781, 109.80390167236328
840.2225341796875, 553.7025146484375, 58.631282806396484, 107.65087890625
840.0838012695312, 553.2421875, 56.35456085205078, 103.47067260742188
836.1396484375, 551.6842651367188, 57.48165512084961, 105.54008483886719
834.5166015625, 550.4639892578125, 57.48165512084961, 105.54008483886719
830.91162109375, 549.267578125, 57.48165512084961, 105.54008483886719
828.4939575195312, 549.8694458007812, 57.48165512084961, 105.54008483886719
825.91259765625, 550.3607788085938, 58.63128662109375, 107.65088653564453
823.3433837890625, 550.7595825195312, 57.48165512084961, 105.54008483886719
821.4493408203125, 551.6709594726562, 57.48165512084961, 105.54008483886719
819.7728881835938, 552.2525024414062, 57.48165512084961, 105.54008483886719
816.7169189453125, 551.1832885742188, 58.63128662109375, 107.65088653564453
813.286376953125, 549.3060913085938, 56.35456466674805, 103.4706802368164
811.536376953125, 547.9462280273438, 56.35456466674805, 103.4706802368164
808.151123046875, 546.5340576171875, 55.24957275390625, 101.44184112548828
806.158935546875, 540.6651000976562, 56.35456466674805, 103.4706802368164
802.6474609375, 540.2871704101562, 56.35456466674805, 103.4706802368164
802.6712646484375, 539.892578125, 55.24957275390625, 101.44184112548828
798.7911987304688, 537.4942016601562, 56.35456466674805, 103.4706802368164
799.03173828125, 537.0778198242188, 55.24957275390625, 101.44184112548828
795.4072265625, 536.1836547851562, 55.24957275390625, 101.44184112548828
793.9337158203125, 534.1295166015625, 57.481651306152344, 105.54007720947266
791.6067504882812, 532.0201416015625, 57.481651306152344, 105.54007720947266
790.6649169921875, 531.1590576171875, 56.35456085205078, 103.47066497802734
788.2275390625, 528.1265869140625, 56.35456085205078, 103.47066497802734
786.5737915039062, 524.7380981445312, 56.35456085205078, 103.47066497802734
783.8284912109375, 523.6259155273438, 56.35456085205078, 103.47066497802734
782.37548828125, 524.8690795898438, 54.16624450683594, 99.45277404785156
780.4977416992188, 524.8297729492188, 54.16624450683594, 99.45277404785156
779.3441772460938, 524.9133911132812, 54.16624450683594, 99.45277404785156
776.8079833984375, 525.6035766601562, 54.16624450683594, 99.45277404785156
775.168212890625, 526.73828125, 54.16624450683594, 99.45277404785156
771.3737182617188, 526.6671752929688, 55.24956512451172, 101.44182586669922
770.021728515625, 527.2365112304688, 55.24956512451172, 101.44182586669922
766.3914184570312, 527.7305908203125, 55.24956512451172, 101.44182586669922
763.6693725585938, 527.0984497070312, 55.24956512451172, 101.44182586669922
761.2340698242188, 526.3504638671875, 56.354557037353516, 103.47065734863281
759.0382080078125, 525.6715087890625, 56.354557037353516, 103.47065734863281
756.7582397460938, 525.28857421875, 56.354557037353516, 103.47065734863281
756.4627685546875, 526.0217895507812, 55.24956512451172, 101.44181823730469
753.4340209960938, 526.657470703125, 55.24956512451172, 101.44181823730469
752.6070556640625, 528.1973266601562, 54.166236877441406, 99.45276641845703
751.6087646484375, 528.9024658203125, 54.166236877441406, 99.45276641845703
750.1127319335938, 528.3163452148438, 55.24956130981445, 101.44181823730469
749.63525390625, 529.3326416015625, 54.16623306274414, 99.4527587890625
747.6495971679688, 529.7977294921875, 54.16623306274414, 99.4527587890625
746.1666870117188, 530.1395874023438, 54.16623306274414, 99.4527587890625
743.23974609375, 528.5025024414062, 55.24955749511719, 101.44181060791016
743.2493896484375, 528.1978149414062, 54.166229248046875, 99.45275115966797
740.8660278320312, 528.188720703125, 54.166229248046875, 99.45275115966797
739.413818359375, 527.6284790039062, 54.166229248046875, 99.45275115966797
738.3754272460938, 528.6475830078125, 53.104148864746094, 97.50270080566406
736.8667602539062, 528.3277587890625, 54.166229248046875, 99.45275115966797
735.64892578125, 529.9866943359375, 53.104148864746094, 97.50270080566406
733.2945556640625, 531.1326293945312, 53.104148864746094, 97.50270080566406
731.7315063476562, 530.4513549804688, 54.166229248046875, 99.45275115966797
729.7630004882812, 530.560791015625, 54.166229248046875, 99.45275115966797
728.05517578125, 531.7010498046875, 53.104148864746094, 97.50270080566406
726.0888061523438, 530.426513671875, 54.166229248046875, 99.45275115966797
724.5233154296875, 531.0808715820312, 53.104148864746094, 97.50270080566406
722.31298828125, 529.9130249023438, 54.166229248046875, 99.45275115966797
721.1363525390625, 529.6973266601562, 54.166229248046875, 99.45275115966797
720.1134643554688, 529.6572875976562, 54.166229248046875, 99.45275115966797
718.843505859375, 529.525390625, 54.166229248046875, 99.45275115966797
718.0345458984375, 531.0050048828125, 53.104148864746094, 97.50270080566406
716.1742553710938, 530.4743041992188, 54.166229248046875, 99.45275115966797
715.3804321289062, 531.5779418945312, 53.104148864746094, 97.50270080566406
714.7247314453125, 531.5216064453125, 53.104148864746094, 97.50270080566406
712.7763671875, 531.335693359375, 53.104148864746094, 97.50270080566406
711.070068359375, 531.0361938476562, 53.104148864746094, 97.50270080566406
709.3187866210938, 529.5223388671875, 54.166229248046875, 99.45275115966797
707.5595092773438, 528.5933227539062, 54.166229248046875, 99.45275115966797
706.3333740234375, 527.9902954101562, 54.166229248046875, 99.45275115966797
704.0819702148438, 527.8017578125, 54.166229248046875, 99.45275115966797
702.3931884765625, 528.2243041992188, 54.166229248046875, 99.45275115966797
700.787109375, 528.5421752929688, 54.166229248046875, 99.45275115966797
699.43798828125, 528.4212646484375, 54.166229248046875, 99.45275115966797
698.4409790039062, 529.3230590820312, 53.104148864746094, 97.50270080566406
697.240966796875, 529.9764404296875, 52.062889099121094, 95.59088134765625
693.4353637695312, 529.2911987304688, 53.10414505004883, 97.50269317626953
692.3677368164062, 528.3733520507812, 53.10414505004883, 97.50269317626953
690.944091796875, 528.92919921875, 52.06288528442383, 95.59087371826172
689.355224609375, 527.7949829101562, 53.10414123535156, 97.502685546875
687.1144409179688, 526.6912841796875, 53.10414123535156, 97.502685546875
685.9219970703125, 527.136962890625, 52.06288146972656, 95.59086608886719
684.3775634765625, 525.8456420898438, 53.1041374206543, 97.50267791748047
682.240478515625, 525.4838256835938, 54.16621780395508, 99.45272827148438
680.3670654296875, 525.4868774414062, 54.16621780395508, 99.45272827148438
679.0712890625, 527.1075439453125, 53.1041374206543, 97.50267791748047
677.3896484375, 526.9228515625, 53.1041374206543, 97.50267791748047
676.3560791015625, 526.35791015625, 53.1041374206543, 97.50267791748047
674.595947265625, 525.7037963867188, 53.1041374206543, 97.50267791748047
672.2952880859375, 524.3049926757812, 54.16621780395508, 99.45272827148438
672.3228759765625, 523.9778442382812, 53.1041374206543, 97.50267791748047
672.1779174804688, 523.2420654296875, 53.1041374206543, 97.50267791748047
672.5198974609375, 522.7330322265625, 53.1041374206543, 97.50267791748047
672.0629272460938, 521.9085083007812, 53.1041374206543, 97.50267791748047
672.9284057617188, 521.9124755859375, 53.1041374206543, 97.50267791748047
674.2463989257812, 521.4362182617188, 54.16621780395508, 99.45272827148438
678.8603515625, 522.1583251953125, 52.06288146972656, 95.59086608886719
682.345458984375, 521.3176879882812, 53.1041374206543, 97.50267791748047
685.3482666015625, 520.4550170898438, 53.1041374206543, 97.50267791748047
688.5321044921875, 520.791748046875, 52.0628776550293, 95.59085845947266
692.4384765625, 519.4071655273438, 52.0628776550293, 95.59085845947266
696.1742553710938, 519.0470581054688, 51.04203796386719, 93.7165298461914
699.9429321289062, 517.9389038085938, 50.04121398925781, 91.87895202636719
703.0809936523438, 516.4217529296875, 50.04121398925781, 91.87895202636719
706.4064331054688, 516.8919677734375, 49.06001281738281, 90.07740020751953
711.6629638671875, 516.46533203125, 49.06001281738281, 90.07740020751953
713.9179077148438, 515.4923706054688, 50.04121017456055, 91.87894439697266
718.405517578125, 515.5087280273438, 49.06000900268555, 90.077392578125
722.79833984375, 515.6796875, 49.06000900268555, 90.077392578125
725.926025390625, 515.3955078125, 48.09804916381836, 88.31117248535156
729.4022827148438, 514.5205078125, 49.06000900268555, 90.077392578125
731.1797485351562, 512.0950317382812, 50.04120635986328, 91.87893676757812
733.943603515625, 511.338623046875, 50.04120635986328, 91.87893676757812
738.1114501953125, 510.07855224609375, 50.04120635986328, 91.87893676757812
740.4940795898438, 509.0665283203125, 49.06000518798828, 90.077392578125
744.029052734375, 509.5570068359375, 49.06000518798828, 90.077392578125
746.8619995117188, 508.5430908203125, 50.041202545166016, 91.8789291381836
749.502685546875, 508.9520263671875, 50.041202545166016, 91.8789291381836
752.7570190429688, 508.281005859375, 50.041202545166016, 91.8789291381836
756.9522705078125, 508.14117431640625, 50.041202545166016, 91.8789291381836
759.41162109375, 508.50762939453125, 50.041202545166016, 91.8789291381836
761.2610473632812, 508.5523681640625, 50.041202545166016, 91.8789291381836
764.4918823242188, 508.89422607421875, 49.060001373291016, 90.07738494873047
767.7425537109375, 507.7489013671875, 50.04119873046875, 91.87892150878906
771.4698486328125, 505.8778076171875, 50.04119873046875, 91.87892150878906
774.173583984375, 504.3255920410156, 51.042022705078125, 93.71650695800781
777.6111450195312, 503.1828308105469, 51.042022705078125, 93.71650695800781
781.4696044921875, 503.78179931640625, 49.060001373291016, 90.07738494873047
786.0584106445312, 503.9683837890625, 49.060001373291016, 90.07738494873047
788.8037719726562, 504.135009765625, 49.060001373291016, 90.07738494873047
792.218994140625, 504.47918701171875, 49.060001373291016, 90.07738494873047
795.73046875, 503.92041015625, 49.060001373291016, 90.07738494873047
798.2369384765625, 503.30963134765625, 50.04119873046875, 91.87892150878906
801.6049194335938, 502.77679443359375, 48.09804153442383, 88.3111572265625
804.5625, 501.281982421875, 50.04119873046875, 91.87892150878906
808.126220703125, 499.97247314453125, 49.05999755859375, 90.07737731933594
812.6845703125, 499.8154296875, 48.09803771972656, 88.3111572265625
814.9422607421875, 498.6915283203125, 49.05999755859375, 90.07737731933594
817.06689453125, 497.610595703125, 50.041194915771484, 91.87892150878906
819.233642578125, 497.380859375, 50.041194915771484, 91.87892150878906
823.2501831054688, 497.8719482421875, 49.059993743896484, 90.0773696899414
826.7044677734375, 498.4549560546875, 49.059993743896484, 90.0773696899414
827.8484497070312, 498.4896240234375, 49.059993743896484, 90.0773696899414
828.1239624023438, 498.61431884765625, 49.059993743896484, 90.0773696899414
828.0696411132812, 497.805908203125, 50.041194915771484, 91.87891387939453
827.3959350585938, 497.49017333984375, 50.041194915771484, 91.87891387939453
827.3904418945312, 496.489990234375, 50.041194915771484, 91.87891387939453
827.3612060546875, 495.6593017578125, 50.041194915771484, 91.87891387939453
827.5072631835938, 495.915771484375, 49.05998992919922, 90.07736206054688
826.8020629882812, 494.2910461425781, 51.04201126098633, 93.71647644042969
827.8310546875, 494.26715087890625, 50.04118728637695, 91.87889862060547
828.9234008789062, 495.0624694824219, 49.05998611450195, 90.07734680175781
830.3170776367188, 496.172607421875, 48.0980224609375, 88.31112670898438
830.9868774414062, 496.32415771484375, 48.0980224609375, 88.31112670898438
831.2377319335938, 496.62713623046875, 48.0980224609375, 88.31112670898438
831.4785766601562, 496.77783203125, 48.0980224609375, 88.31112670898438
830.1229248046875, 495.0626220703125, 50.04117965698242, 91.8788833618164
829.2044067382812, 494.3274841308594, 49.05997848510742, 90.07733154296875
829.6160888671875, 494.4736633300781, 49.05997848510742, 90.07733154296875
828.4508666992188, 494.0775451660156, 49.05997848510742, 90.07733154296875
827.1160888671875, 493.7279968261719, 49.05997848510742, 90.07733154296875
825.0554809570312, 493.09906005859375, 50.041175842285156, 91.87887573242188
822.7312622070312, 494.4210510253906, 49.05997848510742, 90.07733154296875
822.2605590820312, 495.0948181152344, 49.05997848510742, 90.07733154296875
821.3915405273438, 495.3904724121094, 49.05997848510742, 90.07733154296875
820.6773681640625, 496.5096130371094, 48.098018646240234, 88.31111145019531
818.3175659179688, 496.2478332519531, 49.05997848510742, 90.07733154296875
817.28662109375, 496.4015808105469, 49.05997848510742, 90.07733154296875
815.3731689453125, 495.171875, 50.041175842285156, 91.87887573242188
814.36279296875, 494.7573547363281, 49.05997848510742, 90.07733154296875
813.421142578125, 494.146240234375, 50.041175842285156, 91.87887573242188
811.8258056640625, 494.6939392089844, 48.098018646240234, 88.31111145019531
811.3235473632812, 494.1072692871094, 49.05997848510742, 90.07733154296875
810.9654541015625, 494.6406555175781, 49.05997848510742, 90.07733154296875
809.3930053710938, 494.612548828125, 50.041175842285156, 91.87887573242188
809.2387084960938, 495.4502258300781, 49.05997848510742, 90.07733154296875
809.7933349609375, 495.2945251464844, 49.05997848510742, 90.07733154296875
809.9821166992188, 495.1186828613281, 49.05997848510742, 90.07733154296875
810.7587890625, 494.2404479980469, 49.05997848510742, 90.07733154296875
811.3837280273438, 493.6582946777344, 49.05997848510742, 90.07733154296875
812.7277221679688, 492.5190124511719, 49.05997848510742, 90.07733154296875
813.4457397460938, 491.3280334472656, 49.05997848510742, 90.07733154296875
814.8089599609375, 491.1775817871094, 49.05997848510742, 90.07733154296875
814.9205322265625, 491.5055236816406, 49.05997848510742, 90.07733154296875
815.3232421875, 491.10540771484375, 50.041175842285156, 91.87887573242188
816.4652099609375, 492.4892883300781, 48.098018646240234, 88.31111145019531
817.7805786132812, 493.2425842285156, 48.098018646240234, 88.31111145019531
819.0814208984375, 493.3508605957031, 48.098018646240234, 88.31111145019531
819.1234741210938, 493.4664001464844, 48.098018646240234, 88.31111145019531
819.8505859375, 493.5779113769531, 48.098018646240234, 88.31111145019531
821.0353393554688, 493.4773254394531, 48.098018646240234, 88.31111145019531
821.2275390625, 492.0761413574219, 49.05997848510742, 90.07733154296875
821.9913330078125, 491.0269470214844, 49.05997848510742, 90.07733154296875
822.9532470703125, 491.5047302246094, 48.098018646240234, 88.31111145019531
823.5481567382812, 491.3770446777344, 48.098018646240234, 88.31111145019531
824.83642578125, 492.1196594238281, 47.1549186706543, 86.57952880859375
825.271240234375, 491.7882995605469, 47.1549186706543, 86.57952880859375
826.64990234375, 492.5707092285156, 46.230316162109375, 84.88188934326172
827.7852172851562, 493.63623046875, 45.32383728027344, 83.21753692626953
827.9279174804688, 493.7049560546875, 45.32383728027344, 83.21753692626953
