649, 143, 81, 145
652, 144, 79, 142
654, 144, 78, 139
658, 146, 75, 134
659, 146, 73, 131
659, 143, 76, 137
661, 141, 76, 137
663, 141, 75, 134
665, 139, 75, 134
667, 140, 72, 129
669, 137, 73, 131
669, 134, 73, 131
671, 134, 73, 131
672, 132, 72, 129
673, 127, 73, 131
674, 121, 75, 134
674, 118, 75, 134
672, 113, 78, 139
670, 109, 81, 145
668, 107, 79, 142
667, 103, 81, 145
667, 101, 81, 145
668, 101, 78, 139
667, 95, 81, 145
666, 93, 81, 145
668, 92, 79, 142
668, 88, 78, 139
669, 91, 76, 137
668, 85, 79, 142
670, 84, 78, 139
670, 85, 78, 139
672, 86, 75, 134
673, 82, 76, 137
672, 79, 79, 142
671, 77, 79, 142
672, 77, 76, 137
672, 76, 78, 139
672, 76, 76, 137
672, 74, 76, 137
671, 71, 76, 137
669, 66, 78, 139
667, 64, 78, 139
666, 61, 78, 139
665, 58, 78, 139
664, 55, 78, 139
662, 49, 79, 142
661, 45, 78, 139
661, 41, 78, 139
660, 38, 76, 137
658, 33, 76, 137
653, 31, 78, 139
652, 29, 78, 139
648, 27, 78, 139
645, 24, 79, 142
643, 21, 79, 142
640, 18, 81, 145
637, 16, 81, 145
635, 13, 81, 145
633, 13, 79, 142
631, 11, 79, 142
629, 10, 79, 142
627, 11, 78, 139
626, 11, 78, 139
625, 11, 78, 139
622, 12, 78, 139
620, 11, 78, 139
618, 12, 78, 139
616, 11, 78, 139
614, 12, 78, 139
610, 13, 78, 139
607, 14, 78, 139
603, 14, 78, 139
599, 13, 78, 139
594, 15, 78, 139
588, 15, 78, 139
583, 17, 78, 139
579, 22, 79, 142
572, 23, 79, 142
564, 25, 79, 142
563, 34, 79, 142
556, 34, 79, 142
553, 41, 79, 142
547, 42, 79, 142
542, 45, 79, 142
535, 47, 81, 145
531, 53, 81, 145
524, 55, 81, 145
515, 58, 83, 148
513, 66, 81, 145
504, 68, 81, 145
497, 71, 81, 145
490, 75, 81, 145
482, 78, 81, 145
474, 81, 81, 145
465, 83, 83, 148
456, 86, 83, 148
445, 89, 84, 151
435, 93, 84, 151
427, 96, 86, 154
419, 104, 86, 154
408, 108, 86, 154
400, 113, 86, 154
388, 117, 86, 154
379, 119, 86, 154
366, 123, 86, 154
355, 125, 86, 154
345, 128, 86, 154
335, 131, 86, 154
325, 135, 86, 154
316, 138, 86, 154
308, 141, 86, 154
302, 145, 86, 154
295, 148, 86, 154
291, 151, 86, 154
284, 154, 86, 154
279, 154, 88, 157
273, 156, 88, 157
269, 160, 86, 154
265, 161, 86, 154
261, 161, 86, 154
258, 163, 84, 151
255, 162, 84, 151
251, 162, 84, 151
248, 161, 84, 151
245, 159, 86, 154
245, 161, 84, 151
244, 160, 84, 151
245, 159, 84, 151
246, 159, 84, 151
251, 160, 83, 148
255, 158, 84, 151
259, 158, 84, 151
264, 158, 84, 151
272, 157, 84, 151
279, 154, 84, 151
287, 150, 84, 151
294, 144, 86, 154
303, 138, 86, 154
314, 133, 86, 154
324, 126, 86, 154
335, 118, 86, 154
347, 112, 86, 154
362, 105, 86, 154
377, 99, 86, 154
394, 93, 86, 154
410, 88, 86, 154
428, 84, 86, 154
449, 81, 86, 154
471, 78, 86, 154
493, 77, 84, 151
513, 74, 84, 151
535, 74, 83, 148
555, 73, 83, 148
576, 72, 83, 148
596, 71, 83, 148
620, 74, 81, 145
629, 50, 81, 145
650, 50, 81, 145
669, 52, 81, 145
692, 58, 81, 145
715, 60, 81, 145
741, 65, 81, 145
768, 70, 81, 145
793, 77, 81, 145
817, 83, 81, 145
836, 83, 81, 145
855, 91, 81, 145
866, 94, 81, 145
876, 101, 81, 145
883, 106, 81, 145
882, 110, 81, 145
879, 113, 81, 145
870, 116, 81, 145
863, 120, 81, 145
855, 122, 81, 145
846, 125, 81, 145
833, 127, 83, 148
820, 130, 83, 148
808, 133, 83, 148
798, 139, 81, 145
792, 145, 79, 142
789, 151, 79, 142
788, 158, 79, 142
789, 164, 79, 142
792, 170, 78, 139
795, 178, 76, 137
796, 184, 76, 137
797, 191, 76, 137
798, 198, 75, 134
800, 207, 73, 131
803, 214, 73, 131
804, 221, 73, 131
806, 226, 73, 131
807, 231, 73, 131
807, 237, 73, 131
805, 243, 72, 129
803, 248, 71, 126
797, 251, 71, 126
791, 256, 69, 124
0.0, 0.0, 0.0, 0.0
736, 241, 122, 194
725, 243, 122, 194
712, 244, 124, 198
700, 249, 122, 194
690, 255, 117, 187
680, 260, 115, 183
670, 267, 112, 179
657, 272, 117, 187
645, 276, 119, 190
635, 285, 117, 187
621, 283, 124, 198
616, 291, 126, 202
610, 297, 122, 194
607, 302, 124, 198
599, 305, 122, 194
594, 312, 117, 187
586, 314, 124, 198
577, 319, 122, 194
570, 323, 122, 194
559, 332, 122, 194
549, 342, 119, 190
536, 350, 119, 190
524, 361, 117, 187
508, 370, 117, 187
494, 378, 117, 187
457, 398, 115, 183
459, 399, 112, 179
445, 412, 110, 176
415, 429, 112, 179
414, 427, 115, 183
397, 436, 117, 187
370, 452, 115, 183
372, 452, 115, 183
355, 458, 117, 187
328, 473, 115, 183
330, 474, 112, 179
316, 480, 110, 176
293, 490, 110, 176
293, 489, 110, 176
279, 494, 108, 172
267, 497, 108, 172
253, 498, 110, 176
242, 504, 110, 176
226, 509, 110, 176
211, 512, 110, 176
198, 516, 110, 176
187, 519, 110, 176
175, 520, 112, 179
163, 524, 112, 179
153, 526, 112, 179
143, 526, 115, 183
131, 527, 117, 187
120, 530, 117, 187
111, 531, 117, 187
103, 532, 117, 187
95, 533, 117, 187
86, 533, 119, 190
80, 534, 119, 190
74, 535, 119, 190
73, 537, 117, 187
70, 538, 115, 183
68, 538, 115, 183
65, 538, 115, 183
65, 537, 115, 183
65, 535, 115, 183
65, 533, 115, 183
67, 532, 115, 183
69, 531, 115, 183
72, 530, 112, 179
75, 526, 112, 179
79, 525, 112, 179
83, 523, 112, 179
86, 520, 112, 179
91, 513, 115, 183
100, 513, 112, 179
106, 510, 112, 179
116, 508, 112, 179
127, 505, 112, 179
137, 500, 115, 183
150, 497, 115, 183
164, 493, 115, 183
179, 490, 115, 183
196, 485, 115, 183
215, 484, 115, 183
230, 477, 112, 179
253, 475, 112, 179
264, 466, 112, 179
293, 465, 112, 179
297, 455, 112, 179
322, 450, 112, 179
338, 441, 115, 183
361, 434, 115, 183
382, 428, 115, 183
403, 416, 117, 187
422, 410, 117, 187
