519, 654, 28, 52
516, 649, 30, 53
514, 644, 34, 56
512, 638, 38, 59
508, 632, 44, 64
505, 618, 50, 71
496, 599, 60, 83
489, 584, 69, 92
491, 564, 77, 98
491, 544, 90, 110
491, 517, 118, 136
486, 483, 147, 158
492, 450, 169, 167
498, 421, 190, 176
504, 384, 222, 197
508, 341, 257, 222
515, 290, 297, 247
544, 235, 348, 277
574, 188, 378, 282
595, 146, 392, 275
612, 114, 406, 270
614, 93, 422, 268
615, 84, 445, 270
616, 70, 463, 270
616, 50, 494, 276
627, 32, 528, 283
629, 16, 572, 293
614, 0, 666, 301
622, 0, 658, 300
647, 0, 633, 277
647, 0, 633, 265
648, 0, 632, 251
689, 0, 591, 232
737, 0, 543, 223
795, 0, 485, 208
822, 6, 458, 200
848, 12, 432, 193
873, 21, 407, 189
885, 23, 395, 189
876, 27, 402, 187
881, 32, 399, 187
875, 23, 405, 194
878, 24, 402, 196
872, 22, 408, 201
859, 24, 420, 206
836, 19, 432, 208
836, 14, 444, 210
820, 16, 454, 209
807, 7, 466, 210
825, 14, 455, 206
804, 22, 465, 206
818, 20, 462, 203
806, 22, 474, 208
808, 30, 472, 208
801, 29, 474, 206
802, 40, 478, 205
776, 37, 499, 209
778, 48, 502, 207
783, 44, 497, 206
794, 43, 486, 208
783, 47, 497, 209
799, 42, 481, 208
784, 42, 494, 210
821, 52, 459, 206
811, 54, 469, 206
826, 43, 454, 207
826, 50, 454, 208
810, 51, 470, 211
806, 49, 474, 212
806, 50, 474, 214
791, 44, 489, 219
790, 42, 490, 229
775, 45, 505, 231
769, 35, 511, 237
731, 33, 542, 242
747, 38, 533, 239
770, 28, 510, 236
759, 39, 521, 239
762, 36, 518, 245
782, 32, 498, 240
759, 24, 520, 246
758, 14, 522, 249
771, 28, 509, 247
721, 15, 531, 253
755, 5, 517, 247
788, 15, 492, 249
763, 4, 512, 261
774, 0, 502, 242
786, 0, 494, 246
808, 0, 472, 226
821, 0, 459, 219
828, 0, 449, 209
834, 5, 438, 212
831, 9, 434, 214
833, 15, 431, 217
829, 8, 451, 232
851, 30, 429, 230
844, 78, 433, 235
864, 104, 416, 222
831, 102, 449, 237
791, 86, 489, 265
723, 42, 557, 314
682, 70, 597, 321
617, 18, 663, 430
389, 0, 891, 611
504, 349, 676, 371
564, 320, 629, 357
564, 313, 624, 346
549, 321, 622, 336
574, 311, 611, 324
558, 308, 615, 319
580, 306, 613, 311
534, 305, 629, 308
523, 302, 667, 314
495, 310, 658, 313
519, 311, 665, 315
529, 309, 649, 312
528, 307, 661, 314
548, 319, 646, 309
551, 315, 648, 305
529, 319, 644, 299
529, 315, 672, 305
509, 311, 661, 306
524, 319, 669, 309
520, 327, 661, 306
545, 323, 649, 303
551, 322, 638, 293
550, 311, 652, 290
526, 323, 675, 296
524, 320, 661, 297
558, 313, 642, 291
557, 327, 651, 290
548, 332, 647, 288
575, 326, 633, 282
539, 331, 648, 281
533, 323, 658, 282
531, 314, 656, 282
523, 333, 670, 286
556, 335, 641, 282
575, 329, 630, 273
521, 333, 656, 276
526, 333, 669, 282
563, 339, 640, 278
566, 341, 631, 270
555, 336, 638, 268
553, 327, 648, 266
556, 327, 645, 263
569, 330, 640, 258
541, 341, 662, 261
517, 339, 662, 265
534, 336, 672, 272
570, 330, 643, 269
522, 334, 670, 277
539, 336, 643, 275
557, 334, 658, 278
563, 334, 645, 276
523, 343, 660, 281
567, 343, 644, 278
551, 345, 643, 275
556, 329, 649, 274
526, 333, 665, 279
562, 334, 642, 276
559, 341, 648, 275
542, 346, 654, 276
567, 337, 645, 276
555, 332, 655, 276
529, 334, 663, 280
571, 335, 641, 276
528, 344, 657, 278
539, 340, 655, 280
560, 333, 635, 275
571, 339, 643, 274
513, 343, 667, 279
532, 342, 655, 281
544, 343, 650, 281
545, 349, 653, 282
544, 351, 647, 282
572, 344, 644, 281
545, 350, 648, 281
553, 346, 651, 282
552, 349, 641, 278
572, 343, 641, 276
536, 345, 653, 276
547, 345, 649, 275
561, 349, 645, 272
536, 346, 661, 277
539, 349, 649, 276
573, 345, 653, 277
558, 344, 643, 271
537, 343, 653, 270
534, 345, 661, 271
534, 347, 653, 270
542, 336, 663, 273
540, 338, 667, 277
578, 339, 645, 274
593, 330, 645, 272
511, 322, 660, 274
558, 320, 669, 279
512, 327, 666, 282
564, 331, 655, 282
561, 329, 648, 280
527, 339, 655, 281
553, 342, 649, 281
528, 343, 644, 279
547, 339, 656, 281
537, 343, 632, 275
566, 342, 644, 276
539, 346, 647, 277
553, 342, 651, 279
503, 340, 657, 283
522, 337, 653, 284
563, 336, 652, 284
557, 335, 646, 284
533, 345, 647, 284
572, 342, 632, 277
554, 340, 634, 275
562, 333, 640, 274
558, 333, 646, 273
549, 334, 650, 274
526, 332, 653, 275
561, 324, 648, 275
532, 322, 659, 277
469, 304, 680, 286
521, 310, 679, 295
551, 315, 648, 291
496, 318, 683, 298
526, 316, 655, 299
561, 315, 641, 295
527, 312, 666, 300
458, 309, 677, 309
497, 297, 668, 315
551, 314, 656, 312
502, 312, 642, 308
509, 308, 654, 310
515, 312, 655, 311
515, 317, 641, 306
501, 311, 657, 310
509, 313, 644, 307
501, 317, 645, 306
528, 311, 642, 304
522, 312, 650, 302
528, 312, 640, 296
465, 308, 675, 305
489, 303, 649, 304
536, 308, 648, 301
533, 306, 639, 296
488, 315, 655, 297
513, 314, 653, 298
527, 316, 641, 293
508, 323, 645, 289
506, 320, 638, 286
537, 311, 640, 282
481, 303, 654, 282
535, 304, 655, 283
498, 304, 662, 285
501, 304, 655, 286
507, 299, 661, 289
527, 305, 651, 285
501, 303, 645, 282
491, 301, 675, 289
516, 304, 640, 284
527, 299, 652, 283
527, 304, 653, 282
490, 304, 648, 280
498, 305, 661, 283
506, 303, 648, 282
482, 301, 660, 284
505, 295, 664, 288
491, 297, 667, 292
507, 304, 644, 287
497, 299, 660, 291
525, 297, 639, 288
523, 303, 642, 283
490, 298, 651, 283
513, 296, 660, 285
511, 299, 644, 279
510, 289, 651, 277
500, 290, 697, 292
492, 294, 632, 283
503, 297, 649, 283
516, 289, 645, 280
470, 289, 686, 289
469, 290, 672, 293
484, 283, 657, 293
489, 284, 681, 304
484, 289, 654, 303
465, 285, 671, 311
464, 283, 658, 312
432, 282, 655, 314
476, 275, 655, 318
501, 284, 648, 315
461, 289, 652, 315
474, 281, 646, 316
466, 282, 655, 318
485, 288, 650, 316
482, 292, 654, 318
510, 292, 643, 314
509, 293, 642, 311
505, 296, 648, 309
487, 297, 647, 306
496, 291, 646, 303
489, 295, 667, 306
514, 303, 653, 305
520, 304, 642, 300
466, 294, 654, 301
502, 302, 673, 307
516, 308, 641, 303
459, 301, 653, 305
485, 293, 661, 311
503, 307, 659, 313
548, 311, 632, 307
512, 305, 624, 301
511, 312, 656, 309
480, 299, 641, 306
481, 298, 667, 311
450, 302, 693, 327
486, 295, 657, 329
503, 312, 659, 329
486, 305, 657, 332
497, 317, 667, 339
519, 324, 640, 332
474, 319, 678, 342
469, 308, 667, 349
508, 312, 644, 344
456, 311, 659, 347
472, 311, 658, 348
509, 306, 641, 343
484, 312, 677, 350
518, 317, 651, 346
490, 319, 651, 345
458, 310, 678, 352
490, 315, 672, 358
475, 321, 665, 363
482, 315, 667, 362
491, 318, 680, 369
531, 331, 657, 358
552, 338, 658, 359
543, 336, 657, 361
525, 331, 648, 356
477, 321, 674, 363
518, 328, 666, 362
488, 329, 682, 370
515, 338, 667, 362
552, 336, 661, 362
491, 344, 670, 367
491, 335, 672, 368
519, 334, 656, 360
480, 328, 680, 372
514, 336, 660, 360
546, 332, 659, 359
499, 342, 673, 364
524, 350, 665, 361
493, 344, 663, 364
509, 343, 664, 363
500, 338, 670, 364
514, 338, 656, 358
502, 334, 672, 365
514, 339, 665, 363
540, 340, 644, 356
574, 345, 641, 349
517, 351, 653, 351
498, 339, 661, 356
510, 334, 665, 364
488, 330, 665, 368
455, 320, 680, 374
488, 328, 662, 367
483, 334, 673, 369
510, 332, 667, 372
519, 343, 668, 373
523, 344, 651, 372
468, 344, 662, 376
468, 337, 635, 368
494, 320, 664, 374
453, 315, 675, 382
491, 322, 653, 369
505, 334, 664, 375
498, 342, 652, 371
500, 329, 667, 388
480, 343, 654, 375
468, 347, 658, 373
461, 336, 647, 369
477, 315, 673, 382
497, 325, 662, 375
498, 325, 658, 371
468, 325, 679, 378
516, 327, 654, 372
502, 342, 644, 364
494, 334, 653, 366
517, 339, 653, 368
514, 331, 654, 373
509, 329, 658, 377
527, 332, 646, 371
495, 330, 658, 371
463, 326, 699, 392
504, 339, 657, 376
441, 314, 698, 403
552, 332, 653, 380
506, 343, 656, 377
459, 317, 685, 397
492, 334, 658, 377
477, 330, 676, 382
490, 322, 669, 382
560, 333, 652, 368
495, 341, 651, 367
502, 332, 656, 367
483, 325, 680, 375
491, 320, 678, 381
480, 325, 688, 385
482, 344, 675, 376
487, 346, 677, 374
480, 326, 692, 390
516, 358, 664, 362
539, 342, 657, 369
534, 346, 668, 369
540, 350, 664, 370
519, 340, 685, 380
546, 343, 685, 377
589, 360, 675, 360
562, 340, 718, 380
615, 361, 665, 359
586, 356, 694, 364
592, 334, 688, 386
578, 320, 702, 400
662, 367, 618, 353
651, 347, 629, 355
606, 310, 674, 380
613, 325, 667, 377
