765,816,53,96
765,816,53,96
764,816,53,96
765,816,54,96
765,815,53,96
764,815,54,96
764,815,54,96
765,816,54,96
765,815,54,95
766,815,55,95
766,815,55,95
767,815,56,95
766,815,56,95
767,815,56,95
768,815,56,95
770,814,56,95
771,814,56,95
773,813,56,95
774,813,56,95
775,812,56,95
776,813,56,95
777,812,56,95
778,812,56,95
779,812,56,95
780,812,56,95
781,810,56,95
782,811,56,95
783,811,56,95
784,811,56,95
784,811,56,95
785,811,56,95
786,811,56,95
787,811,56,95
787,811,56,95
788,810,56,95
788,811,56,95
789,811,56,95
789,810,56,95
789,809,56,95
789,809,56,95
789,808,56,95
789,807,56,95
790,806,56,95
790,806,56,95
791,806,56,95
791,806,56,95
793,807,56,95
793,806,56,95
792,807,56,96
793,807,56,95
794,807,56,95
794,807,56,96
796,808,56,95
796,809,56,96
798,808,56,96
799,808,56,95
801,807,56,96
802,809,56,96
804,808,56,96
805,809,56,96
805,807,56,96
807,809,56,96
807,809,56,96
808,810,56,96
810,810,56,96
811,810,56,96
811,810,56,96
813,810,56,96
813,809,56,96
814,808,56,96
815,807,56,96
816,807,56,96
817,804,56,96
817,803,56,96
818,801,56,96
819,799,56,96
819,797,56,96
820,796,56,96
821,793,56,96
823,793,56,96
823,792,56,96
823,790,56,96
825,789,56,96
826,790,56,96
826,789,56,96
827,786,56,96
828,786,56,96
829,786,56,96
830,785,56,96
830,783,56,96
831,781,56,96
833,781,56,96
835,780,56,96
835,777,56,96
836,777,56,96
835,774,56,96
837,773,56,96
836,773,56,96
838,772,56,96
838,770,56,96
838,770,56,96
838,768,56,96
837,768,56,96
837,767,56,96
839,767,56,96
836,765,56,96
836,762,56,96
835,761,56,96
835,761,56,96
835,758,56,96
833,756,56,96
833,753,56,96
835,755,56,96
832,752,56,96
832,750,56,96
831,749,56,96
830,748,56,96
830,746,56,96
829,746,56,96
828,745,56,96
827,745,56,96
827,744,56,96
827,745,56,96
825,744,56,96
824,743,56,96
824,742,56,96
823,741,56,96
822,741,56,96
821,739,56,96
820,737,56,96
820,738,56,96
818,736,56,96
819,735,56,96
816,735,56,96
814,734,56,96
812,734,56,96
808,733,56,96
806,734,56,96
804,732,56,96
801,731,56,96
798,731,56,96
794,731,56,96
790,730,56,96
786,729,56,96
783,729,56,96
778,727,56,96
774,727,56,96
769,727,56,96
765,725,56,96
761,723,56,96
757,723,56,96
753,722,56,96
748,721,56,96
743,721,56,96
738,720,56,96
733,718,56,96
728,717,56,96
723,717,56,96
718,717,56,96
712,716,56,96
705,715,56,96
698,714,56,96
694,715,56,96
687,713,56,96
680,712,56,96
675,713,56,96
668,713,56,96
663,712,56,96
660,711,56,96
659,710,56,96
660,709,56,96
658,707,56,96
658,706,56,96
658,705,56,96
659,702,56,96
658,701,56,96
659,701,56,96
659,700,56,96
659,698,56,96
659,697,56,96
660,696,56,96
660,695,56,96
660,693,56,96
661,692,56,96
660,692,56,96
660,691,56,96
661,690,56,96
661,689,56,96
660,687,56,96
660,686,56,96
660,685,56,96
660,684,56,96
658,682,56,96
