394.0,296.0,68.0,92.0
394.0,297.0,68.0,92.0
394.0,298.0,68.0,92.0
394.0,297.0,68.0,92.0
394.0,298.0,68.0,92.0
393.0,297.0,68.0,91.0
394.0,298.0,68.0,91.0
393.0,299.0,68.0,91.0
394.0,299.0,68.0,91.0
393.0,299.0,68.0,91.0
394.0,299.0,68.0,91.0
392.0,299.0,68.0,91.0
394.0,300.0,68.0,91.0
392.0,299.0,68.0,91.0
394.0,300.0,68.0,91.0
392.0,299.0,68.0,91.0
394.0,300.0,68.0,91.0
392.0,301.0,68.0,91.0
394.0,302.0,68.0,91.0
392.0,301.0,68.0,91.0
394.0,302.0,68.0,92.0
394.0,301.0,68.0,92.0
394.0,302.0,68.0,92.0
394.0,303.0,68.0,92.0
394.0,304.0,68.0,92.0
394.0,303.0,68.0,92.0
394.0,304.0,68.0,92.0
394.0,305.0,68.0,92.0
394.0,306.0,68.0,92.0
396.0,305.0,68.0,92.0
398.0,308.0,68.0,92.0
396.0,307.0,68.0,92.0
398.0,308.0,68.0,92.0
397.0,307.0,68.0,92.0
398.0,308.0,68.0,92.0
398.0,309.0,68.0,92.0
398.0,310.0,68.0,92.0
398.0,309.0,68.0,92.0
398.0,310.0,68.0,92.0
398.0,311.0,68.0,92.0
399.0,312.0,68.0,92.0
400.0,311.0,68.0,92.0
402.0,312.0,68.0,92.0
400.0,311.0,68.0,92.0
402.0,314.0,68.0,92.0
402.0,313.0,68.0,92.0
402.0,314.0,68.0,92.0
402.0,315.0,68.0,92.0
403.0,316.0,68.0,92.0
403.0,317.0,68.0,92.0
403.0,318.0,68.0,92.0
403.0,317.0,68.0,92.0
403.0,320.0,68.0,92.0
403.0,319.0,68.0,92.0
403.0,322.0,68.0,92.0
403.0,321.0,68.0,92.0
403.0,322.0,68.0,92.0
403.0,323.0,68.0,92.0
403.0,324.0,68.0,92.0
403.0,323.0,68.0,92.0
403.0,324.0,68.0,92.0
403.0,325.0,68.0,92.0
403.0,326.0,68.0,92.0
403.0,325.0,68.0,92.0
403.0,328.0,68.0,92.0
403.0,327.0,68.0,92.0
403.0,328.0,68.0,92.0
403.0,329.0,68.0,92.0
404.0,330.0,68.0,92.0
406.0,331.0,68.0,92.0
405.0,332.0,68.0,92.0
406.0,331.0,68.0,92.0
405.0,334.0,68.0,92.0
407.0,333.0,68.0,92.0
407.0,334.0,68.0,92.0
407.0,335.0,68.0,92.0
407.0,336.0,68.0,92.0
407.0,335.0,68.0,92.0
407.0,337.0,68.0,92.0
409.0,337.0,68.0,92.0
410.0,338.0,68.0,92.0
409.0,339.0,68.0,92.0
411.0,340.0,68.0,92.0
409.0,339.0,68.0,92.0
411.0,340.0,68.0,92.0
411.0,341.0,68.0,92.0
411.0,342.0,68.0,92.0
411.0,341.0,68.0,92.0
411.0,342.0,68.0,93.0
411.0,343.0,68.0,93.0
413.0,344.0,68.0,93.0
415.0,345.0,68.0,93.0
413.0,346.0,68.0,93.0
415.0,345.0,68.0,93.0
415.0,348.0,68.0,93.0
415.0,347.0,68.0,93.0
415.0,350.0,68.0,93.0
415.0,349.0,68.0,93.0
415.0,350.0,67.0,93.0
415.0,351.0,67.0,93.0
417.0,352.0,67.0,93.0
419.0,351.0,67.0,93.0
417.0,352.0,67.0,93.0
419.0,353.0,67.0,93.0
419.0,354.0,67.0,93.0
419.0,353.0,67.0,92.0
419.0,354.0,68.0,92.0
421.0,355.0,68.0,92.0
423.0,356.0,68.0,92.0
421.0,355.0,68.0,92.0
425.0,356.0,68.0,92.0
425.0,357.0,67.0,92.0
427.0,358.0,67.0,92.0
425.0,357.0,67.0,92.0
429.0,358.0,67.0,92.0
429.0,357.0,67.0,92.0
431.0,358.0,67.0,92.0
431.0,359.0,67.0,92.0
432.0,360.0,67.0,92.0
433.0,359.0,67.0,92.0
437.0,360.0,67.0,92.0
437.0,359.0,67.0,92.0
439.0,360.0,67.0,92.0
439.0,359.0,67.0,92.0
439.0,360.0,67.0,92.0
441.0,361.0,67.0,92.0
445.0,362.0,67.0,92.0
445.0,361.0,67.0,92.0
447.0,362.0,67.0,92.0
447.0,363.0,67.0,92.0
447.0,364.0,67.0,92.0
449.0,363.0,67.0,92.0
451.0,364.0,67.0,92.0
451.0,365.0,67.0,92.0
453.0,366.0,67.0,92.0
455.0,365.0,67.0,92.0
455.0,366.0,67.0,91.0
457.0,367.0,67.0,89.0
459.0,368.0,67.0,88.0
459.0,367.0,67.0,88.0
460.0,368.0,67.0,87.0
462.0,367.0,67.0,87.0
463.0,368.0,67.0,87.0
462.0,367.0,67.0,86.0
464.0,368.0,67.0,86.0
464.0,368.0,67.0,86.0
464.0,369.0,67.0,86.0
465.0,368.0,67.0,86.0
465.0,367.0,67.0,86.0
465.0,366.0,67.0,87.0
465.0,367.0,67.0,87.0
nan,nan,nan,nan
nan,nan,nan,nan
nan,nan,nan,nan
nan,nan,nan,nan
nan,nan,nan,nan
nan,nan,nan,nan
nan,nan,nan,nan
nan,nan,nan,nan
nan,nan,nan,nan
nan,nan,nan,nan
nan,nan,nan,nan
nan,nan,nan,nan
nan,nan,nan,nan
nan,nan,nan,nan
nan,nan,nan,nan
nan,nan,nan,nan
nan,nan,nan,nan
nan,nan,nan,nan
nan,nan,nan,nan
nan,nan,nan,nan
nan,nan,nan,nan
nan,nan,nan,nan
nan,nan,nan,nan
nan,nan,nan,nan
nan,nan,nan,nan
nan,nan,nan,nan
nan,nan,nan,nan
nan,nan,nan,nan
nan,nan,nan,nan
nan,nan,nan,nan
nan,nan,nan,nan
nan,nan,nan,nan
nan,nan,nan,nan
nan,nan,nan,nan
nan,nan,nan,nan
nan,nan,nan,nan
nan,nan,nan,nan
nan,nan,nan,nan
nan,nan,nan,nan
nan,nan,nan,nan
nan,nan,nan,nan
nan,nan,nan,nan
nan,nan,nan,nan
nan,nan,nan,nan
nan,nan,nan,nan
nan,nan,nan,nan
nan,nan,nan,nan
nan,nan,nan,nan
nan,nan,nan,nan
nan,nan,nan,nan
nan,nan,nan,nan
nan,nan,nan,nan
nan,nan,nan,nan
nan,nan,nan,nan
nan,nan,nan,nan
nan,nan,nan,nan
nan,nan,nan,nan
nan,nan,nan,nan
nan,nan,nan,nan
nan,nan,nan,nan
nan,nan,nan,nan
nan,nan,nan,nan
nan,nan,nan,nan
nan,nan,nan,nan
nan,nan,nan,nan
nan,nan,nan,nan
nan,nan,nan,nan
nan,nan,nan,nan
nan,nan,nan,nan
nan,nan,nan,nan
nan,nan,nan,nan
nan,nan,nan,nan
nan,nan,nan,nan
nan,nan,nan,nan
nan,nan,nan,nan
nan,nan,nan,nan
nan,nan,nan,nan
nan,nan,nan,nan
nan,nan,nan,nan
nan,nan,nan,nan
233.0,382.0,67.0,93.0
231.0,383.0,67.0,93.0
230.0,382.0,67.0,93.0
230.0,383.0,67.0,93.0
228.0,382.0,67.0,93.0
226.0,383.0,67.0,93.0
227.0,382.0,68.0,93.0
225.0,383.0,68.0,92.0
223.0,382.0,68.0,92.0
223.0,383.0,68.0,92.0
224.0,382.0,68.0,92.0
222.0,383.0,68.0,92.0
221.0,382.0,68.0,92.0
221.0,383.0,68.0,92.0
219.0,382.0,68.0,93.0
217.0,383.0,68.0,93.0
218.0,382.0,68.0,93.0
218.0,383.0,68.0,93.0
216.0,382.0,68.0,93.0
215.0,381.0,68.0,93.0
215.0,382.0,68.0,93.0
213.0,381.0,68.0,93.0
211.0,380.0,68.0,93.0
211.0,380.0,68.0,93.0
210.0,379.0,68.0,93.0
208.0,380.0,68.0,93.0
208.0,379.0,68.0,93.0
208.0,380.0,69.0,93.0
206.0,379.0,69.0,93.0
203.0,380.0,69.0,93.0
201.0,379.0,69.0,93.0
202.0,380.0,69.0,93.0
202.0,378.0,69.0,93.0
201.0,379.0,69.0,93.0
199.0,378.0,69.0,93.0
197.0,379.0,68.0,93.0
196.0,378.0,68.0,93.0
196.0,377.0,68.0,93.0
194.0,376.0,68.0,93.0
193.0,377.0,68.0,93.0
193.0,376.0,68.0,93.0
191.0,377.0,68.0,93.0
189.0,376.0,68.0,93.0
188.0,376.0,68.0,93.0
186.0,375.0,68.0,93.0
186.0,374.0,68.0,93.0
184.0,373.0,68.0,93.0
183.0,374.0,68.0,93.0
183.0,373.0,68.0,93.0
181.0,374.0,68.0,93.0
179.0,373.0,68.0,93.0
179.0,373.0,68.0,93.0
178.0,372.0,68.0,93.0
176.0,371.0,68.0,93.0
176.0,370.0,68.0,93.0
174.0,371.0,68.0,94.0
173.0,370.0,68.0,94.0
173.0,371.0,68.0,94.0
173.0,370.0,68.0,94.0
171.0,369.0,68.0,94.0
170.0,368.0,68.0,94.0
170.0,368.0,68.0,94.0
170.0,367.0,68.0,94.0
170.0,368.0,68.0,94.0
170.0,367.0,68.0,94.0
171.0,366.0,68.0,94.0
173.0,365.0,68.0,94.0
171.0,364.0,68.0,94.0
173.0,362.0,68.0,94.0
173.0,361.0,68.0,94.0
173.0,360.0,68.0,94.0
174.0,359.0,68.0,94.0
174.0,358.0,68.0,94.0
176.0,357.0,68.0,94.0
178.0,356.0,68.0,94.0
178.0,357.0,68.0,94.0
178.0,354.0,68.0,94.0
179.0,355.0,68.0,94.0
179.0,354.0,68.0,94.0
179.0,353.0,68.0,94.0
179.0,352.0,68.0,94.0
181.0,352.0,68.0,94.0
183.0,351.0,68.0,94.0
181.0,350.0,68.0,94.0
183.0,349.0,68.0,94.0
183.0,350.0,68.0,94.0
184.0,349.0,68.0,94.0
184.0,350.0,68.0,94.0
184.0,349.0,68.0,93.0
184.0,347.0,68.0,93.0
184.0,346.0,68.0,93.0
185.0,347.0,68.0,93.0
185.0,346.0,68.0,93.0
185.0,347.0,68.0,93.0
185.0,346.0,68.0,93.0
185.0,347.0,68.0,93.0
185.0,346.0,68.0,93.0
185.0,347.0,68.0,94.0
185.0,346.0,68.0,94.0
185.0,346.0,68.0,94.0
185.0,345.0,68.0,94.0
186.0,346.0,68.0,94.0
184.0,347.0,68.0,94.0
186.0,348.0,68.0,94.0
184.0,347.0,68.0,94.0
184.0,347.0,68.0,94.0
184.0,348.0,68.0,94.0
184.0,349.0,68.0,93.0
184.0,348.0,68.0,93.0
184.0,349.0,68.0,93.0
183.0,350.0,68.0,93.0
181.0,351.0,68.0,93.0
181.0,350.0,68.0,93.0
181.0,350.0,68.0,93.0
181.0,351.0,68.0,93.0
179.0,352.0,68.0,93.0
178.0,353.0,68.0,93.0
178.0,354.0,68.0,93.0
178.0,353.0,68.0,93.0
178.0,354.0,68.0,94.0
176.0,354.0,68.0,94.0
175.0,355.0,68.0,94.0
175.0,356.0,68.0,94.0
175.0,357.0,68.0,94.0
173.0,358.0,68.0,94.0
171.0,358.0,68.0,93.0
171.0,359.0,68.0,93.0
171.0,360.0,68.0,93.0
170.0,359.0,68.0,93.0
168.0,362.0,68.0,93.0
168.0,361.0,68.0,93.0
168.0,363.0,68.0,93.0
166.0,363.0,68.0,93.0
164.0,363.0,68.0,93.0
165.0,364.0,68.0,93.0
165.0,365.0,68.0,93.0
163.0,366.0,68.0,93.0
161.0,367.0,68.0,93.0
161.0,368.0,68.0,93.0
159.0,368.0,68.0,93.0
157.0,369.0,68.0,93.0
157.0,370.0,68.0,93.0
157.0,371.0,68.0,93.0
156.0,372.0,68.0,93.0
154.0,372.0,68.0,93.0
154.0,373.0,68.0,93.0
152.0,374.0,68.0,93.0
151.0,375.0,68.0,93.0
151.0,376.0,68.0,93.0
149.0,378.0,68.0,93.0
147.0,377.0,68.0,93.0
147.0,380.0,68.0,93.0
145.0,379.0,68.0,93.0
144.0,382.0,68.0,93.0
144.0,383.0,68.0,93.0
142.0,383.0,68.0,93.0
140.0,384.0,68.0,93.0
140.0,385.0,68.0,93.0
138.0,386.0,68.0,93.0
136.0,387.0,68.0,93.0
136.0,388.0,68.0,93.0
135.0,390.0,68.0,93.0
133.0,389.0,68.0,93.0
133.0,392.0,68.0,93.0
131.0,393.0,68.0,93.0
129.0,393.0,68.0,93.0
128.0,394.0,68.0,93.0
126.0,395.0,68.0,93.0
126.0,396.0,68.0,93.0
124.0,398.0,68.0,93.0
122.0,398.0,68.0,93.0
122.0,400.0,68.0,93.0
120.0,401.0,68.0,93.0
118.0,402.0,68.0,93.0
118.0,403.0,68.0,93.0
117.0,405.0,68.0,93.0
115.0,404.0,68.0,93.0
115.0,407.0,68.0,93.0
113.0,408.0,68.0,93.0
111.0,409.0,68.0,93.0
111.0,409.0,68.0,93.0
109.0,410.0,68.0,93.0
108.0,411.0,68.0,93.0
108.0,414.0,68.0,93.0
108.0,414.0,68.0,93.0
106.0,415.0,68.0,93.0
104.0,416.0,68.0,93.0
104.0,417.0,68.0,93.0
102.0,418.0,68.0,93.0
101.0,420.0,68.0,93.0
101.0,421.0,68.0,93.0
101.0,422.0,68.0,93.0
99.0,423.0,68.0,93.0
97.0,424.0,68.0,93.0
97.0,425.0,68.0,93.0
95.0,427.0,68.0,93.0
94.0,428.0,68.0,93.0
94.0,429.0,68.0,93.0
92.0,430.0,68.0,93.0
90.0,432.0,68.0,93.0
90.0,433.0,68.0,93.0
89.0,434.0,68.0,93.0
87.0,435.0,68.0,93.0
87.0,437.0,68.0,93.0
85.0,438.0,68.0,93.0
83.0,441.0,68.0,93.0
83.0,442.0,68.0,93.0
82.0,444.0,68.0,93.0
80.0,445.0,68.0,93.0
80.0,448.0,68.0,93.0
78.0,449.0,68.0,93.0
75.0,451.0,68.0,93.0
73.0,452.0,68.0,93.0
73.0,455.0,68.0,93.0
71.0,456.0,68.0,93.0
69.0,458.0,68.0,93.0
69.0,459.0,68.0,93.0
67.0,462.0,68.0,93.0
66.0,463.0,68.0,93.0
64.0,465.0,68.0,93.0
62.0,466.0,68.0,93.0
62.0,469.0,68.0,92.0
60.0,471.0,68.0,92.0
57.0,474.0,68.0,92.0
55.0,477.0,68.0,93.0
53.0,479.0,68.0,93.0
52.0,480.0,68.0,93.0
50.0,483.0,68.0,93.0
48.0,483.0,68.0,93.0
48.0,486.0,68.0,93.0
46.0,487.0,68.0,93.0
44.0,490.0,68.0,93.0
43.0,492.0,68.0,93.0
41.0,497.0,68.0,93.0
39.0,499.0,68.0,93.0
36.0,502.0,68.0,93.0
36.0,503.0,68.0,93.0
34.0,505.0,68.0,93.0
34.0,508.0,68.0,93.0
32.0,511.0,68.0,93.0
29.0,511.0,68.0,93.0
27.0,514.0,68.0,93.0
27.0,515.0,68.0,93.0
25.0,516.0,68.0,93.0
23.0,515.0,68.0,93.0
67.0,36.0,3.0,10.0
67.0,36.0,3.0,10.0
67.0,36.0,3.0,10.0
67.0,36.0,3.0,10.0
67.0,36.0,3.0,10.0
67.0,36.0,3.0,10.0
67.0,36.0,3.0,10.0
67.0,36.0,3.0,10.0
67.0,36.0,3.0,10.0
30.0,506.0,68.0,93.0
34.0,503.0,68.0,93.0
35.0,504.0,68.0,93.0
35.0,501.0,68.0,93.0
35.0,502.0,68.0,93.0
35.0,501.0,68.0,93.0
35.0,500.0,68.0,93.0
35.0,499.0,68.0,93.0
35.0,502.0,68.0,93.0
35.0,501.0,68.0,93.0
33.0,502.0,68.0,93.0
33.0,501.0,68.0,93.0
33.0,504.0,68.0,93.0
33.0,503.0,68.0,93.0
33.0,504.0,68.0,93.0
33.0,503.0,68.0,93.0
33.0,504.0,68.0,93.0
33.0,503.0,68.0,93.0
33.0,504.0,68.0,93.0
33.0,505.0,68.0,93.0
33.0,506.0,68.0,93.0
32.0,507.0,68.0,93.0
30.0,508.0,68.0,93.0
30.0,507.0,68.0,93.0
30.0,508.0,68.0,93.0
30.0,507.0,68.0,93.0
30.0,508.0,68.0,93.0
30.0,509.0,68.0,93.0
30.0,508.0,68.0,93.0
28.0,509.0,68.0,93.0
26.0,509.0,68.0,93.0
26.0,510.0,68.0,93.0
26.0,511.0,68.0,93.0
26.0,512.0,68.0,93.0
26.0,511.0,68.0,93.0
24.0,512.0,68.0,93.0
22.0,513.0,68.0,93.0
22.0,513.0,68.0,93.0
22.0,514.0,68.0,93.0
21.0,515.0,68.0,93.0
19.0,516.0,68.0,93.0
21.0,515.0,68.0,93.0
21.0,516.0,68.0,93.0
21.0,515.0,68.0,93.0
21.0,516.0,68.0,93.0
21.0,515.0,68.0,93.0
21.0,516.0,68.0,93.0
21.0,515.0,68.0,93.0
23.0,516.0,68.0,93.0
23.0,515.0,68.0,93.0
23.0,516.0,68.0,93.0
23.0,517.0,68.0,93.0
23.0,520.0,68.0,93.0
21.0,520.0,68.0,93.0
19.0,521.0,68.0,93.0
19.0,522.0,68.0,92.0
19.0,523.0,68.0,92.0
20.0,522.0,68.0,92.0
18.0,523.0,68.0,92.0
16.0,524.0,68.0,93.0
16.0,526.0,68.0,93.0
16.0,525.0,68.0,93.0
14.0,528.0,68.0,93.0
13.0,527.0,68.0,93.0
13.0,528.0,68.0,93.0
13.0,529.0,68.0,93.0
11.0,530.0,68.0,93.0
9.0,529.0,68.0,93.0
9.0,529.0,68.0,93.0
8.0,530.0,68.0,93.0
6.0,531.0,68.0,93.0
6.0,534.0,68.0,93.0
4.0,535.0,68.0,92.0
3.0,537.0,68.0,92.0
3.0,540.0,68.0,92.0
3.0,541.0,68.0,92.0
3.0,545.0,68.0,93.0
3.0,546.0,68.0,93.0
1.0,548.0,68.0,93.0
1.0,553.0,68.0,93.0
-0.0,555.0,68.0,93.0
-0.0,558.0,68.0,93.0
-0.0,561.0,68.0,93.0
-0.0,565.0,68.0,93.0
-0.0,569.0,68.0,93.0
0.0,574.0,68.0,93.0
0.0,574.0,68.0,93.0
0.0,577.0,68.0,93.0
0.0,580.0,68.0,93.0
0.0,582.0,68.0,93.0
-1.0,587.0,68.0,93.0
69.0,34.0,3.0,10.0
-3.0,593.0,68.0,93.0
69.0,34.0,3.0,10.0
69.0,34.0,3.0,10.0
69.0,34.0,3.0,10.0
69.0,34.0,3.0,10.0
69.0,34.0,3.0,10.0
69.0,34.0,3.0,10.0
69.0,34.0,3.0,10.0
69.0,34.0,3.0,10.0
69.0,34.0,3.0,10.0
70.0,34.0,3.0,10.0
70.0,34.0,3.0,10.0
70.0,34.0,3.0,10.0
70.0,34.0,3.0,10.0
70.0,34.0,3.0,10.0
70.0,34.0,3.0,10.0
70.0,34.0,3.0,9.0
70.0,34.0,3.0,9.0
70.0,34.0,3.0,9.0
70.0,34.0,3.0,9.0
70.0,34.0,3.0,9.0
70.0,34.0,3.0,9.0
70.0,34.0,3.0,9.0
70.0,34.0,3.0,9.0
70.0,34.0,3.0,9.0
70.0,34.0,3.0,9.0
70.0,34.0,3.0,10.0
70.0,34.0,3.0,10.0
71.0,34.0,3.0,10.0
71.0,34.0,3.0,10.0
71.0,34.0,3.0,10.0
71.0,34.0,3.0,10.0
71.0,34.0,3.0,10.0
71.0,34.0,3.0,10.0
71.0,34.0,3.0,10.0
71.0,34.0,3.0,10.0
71.0,34.0,3.0,10.0
71.0,34.0,3.0,10.0
71.0,34.0,3.0,10.0
nan,nan,nan,nan
nan,nan,nan,nan
nan,nan,nan,nan
nan,nan,nan,nan
nan,nan,nan,nan
nan,nan,nan,nan
nan,nan,nan,nan
nan,nan,nan,nan
nan,nan,nan,nan
nan,nan,nan,nan
nan,nan,nan,nan
nan,nan,nan,nan
nan,nan,nan,nan
nan,nan,nan,nan
nan,nan,nan,nan
nan,nan,nan,nan
nan,nan,nan,nan
nan,nan,nan,nan
nan,nan,nan,nan
nan,nan,nan,nan
nan,nan,nan,nan
nan,nan,nan,nan
nan,nan,nan,nan
nan,nan,nan,nan
nan,nan,nan,nan
nan,nan,nan,nan
nan,nan,nan,nan
nan,nan,nan,nan
nan,nan,nan,nan
73.0,33.0,3.0,4.0
74.0,33.0,3.0,4.0
74.0,33.0,3.0,4.0
74.0,33.0,3.0,4.0
74.0,33.0,3.0,4.0
74.0,33.0,3.0,4.0
74.0,33.0,3.0,4.0
74.0,33.0,3.0,4.0
74.0,33.0,3.0,5.0
74.0,33.0,3.0,5.0
74.0,33.0,3.0,5.0
74.0,33.0,3.0,5.0
74.0,33.0,3.0,5.0
74.0,33.0,3.0,5.0
75.0,33.0,3.0,6.0
75.0,33.0,3.0,6.0
75.0,33.0,3.0,6.0
75.0,33.0,3.0,6.0
75.0,33.0,3.0,6.0
75.0,33.0,3.0,6.0
75.0,32.0,3.0,6.0
75.0,32.0,3.0,6.0
75.0,32.0,3.0,6.0
75.0,32.0,3.0,6.0
76.0,32.0,3.0,7.0
76.0,32.0,3.0,7.0
76.0,32.0,3.0,7.0
76.0,32.0,3.0,7.0
76.0,32.0,3.0,7.0
76.0,32.0,3.0,7.0
76.0,32.0,3.0,7.0
76.0,32.0,3.0,7.0
76.0,32.0,3.0,7.0
77.0,32.0,3.0,8.0
77.0,32.0,3.0,8.0
77.0,32.0,3.0,8.0
77.0,31.0,3.0,8.0
77.0,31.0,3.0,8.0
77.0,31.0,3.0,8.0
77.0,31.0,3.0,8.0
77.0,31.0,3.0,8.0
77.0,32.0,3.0,8.0
77.0,32.0,3.0,8.0
77.0,32.0,3.0,8.0
77.0,32.0,3.0,8.0
78.0,32.0,3.0,8.0
6.0,584.0,67.0,91.0
6.0,583.0,67.0,92.0
6.0,583.0,67.0,92.0
6.0,584.0,67.0,92.0
6.0,587.0,67.0,92.0
6.0,586.0,67.0,93.0
6.0,587.0,67.0,92.0
6.0,587.0,67.0,92.0
6.0,590.0,67.0,92.0
6.0,591.0,67.0,92.0
6.0,592.0,67.0,92.0
6.0,592.0,67.0,92.0
6.0,593.0,67.0,92.0
6.0,596.0,67.0,92.0
7.0,600.0,67.0,92.0
7.0,599.0,67.0,92.0
7.0,599.0,67.0,92.0
7.0,603.0,67.0,92.0
7.0,604.0,67.0,92.0
79.0,31.0,3.0,9.0
7.0,603.0,67.0,92.0
7.0,605.0,67.0,92.0
7.0,606.0,67.0,92.0
7.0,609.0,67.0,92.0
7.0,610.0,67.0,92.0
7.0,612.0,67.0,92.0
79.0,30.0,3.0,9.0
8.0,613.0,67.0,92.0
79.0,30.0,3.0,9.0
80.0,30.0,3.0,9.0
80.0,30.0,3.0,9.0
80.0,30.0,3.0,9.0
80.0,30.0,3.0,9.0
80.0,30.0,3.0,9.0
80.0,30.0,3.0,9.0
80.0,30.0,3.0,10.0
80.0,30.0,3.0,10.0
80.0,30.0,3.0,10.0
80.0,30.0,3.0,10.0
80.0,30.0,3.0,10.0
80.0,30.0,3.0,10.0
80.0,30.0,3.0,10.0
80.0,30.0,3.0,9.0
80.0,30.0,3.0,9.0
80.0,30.0,3.0,9.0
80.0,30.0,3.0,9.0
80.0,30.0,3.0,9.0
80.0,30.0,3.0,9.0
80.0,30.0,3.0,9.0
80.0,30.0,3.0,9.0
81.0,30.0,3.0,9.0
81.0,30.0,3.0,9.0
81.0,30.0,3.0,9.0
81.0,30.0,3.0,9.0
81.0,30.0,3.0,9.0
81.0,30.0,3.0,9.0
81.0,30.0,3.0,9.0
81.0,30.0,3.0,9.0
81.0,30.0,3.0,9.0
81.0,30.0,3.0,9.0
81.0,30.0,3.0,9.0
81.0,30.0,3.0,9.0
81.0,30.0,3.0,9.0
81.0,30.0,3.0,9.0
10.0,603.0,68.0,92.0
82.0,30.0,3.0,9.0
82.0,30.0,3.0,9.0
82.0,30.0,3.0,9.0
82.0,30.0,3.0,9.0
82.0,30.0,3.0,9.0
82.0,30.0,3.0,9.0
82.0,30.0,3.0,9.0
82.0,30.0,3.0,9.0
82.0,30.0,3.0,9.0
82.0,30.0,3.0,10.0
82.0,30.0,3.0,10.0
82.0,30.0,3.0,10.0
82.0,30.0,3.0,10.0
82.0,30.0,3.0,9.0
82.0,30.0,3.0,9.0
82.0,30.0,3.0,9.0
82.0,30.0,3.0,9.0
82.0,30.0,3.0,9.0
82.0,30.0,3.0,9.0
82.0,30.0,3.0,9.0
83.0,30.0,3.0,9.0
83.0,30.0,3.0,9.0
83.0,30.0,3.0,9.0
82.0,30.0,3.0,9.0
82.0,30.0,3.0,9.0
82.0,29.0,3.0,9.0
82.0,29.0,3.0,9.0
82.0,29.0,3.0,9.0
81.0,29.0,3.0,9.0
81.0,29.0,3.0,9.0
80.0,29.0,3.0,9.0
80.0,29.0,3.0,9.0
79.0,29.0,3.0,9.0
78.0,29.0,3.0,9.0
78.0,29.0,3.0,9.0
77.0,29.0,3.0,9.0
77.0,29.0,3.0,9.0
76.0,29.0,3.0,9.0
75.0,29.0,3.0,9.0
75.0,29.0,3.0,9.0
74.0,29.0,3.0,9.0
73.0,29.0,3.0,9.0
73.0,29.0,3.0,9.0
72.0,29.0,3.0,9.0
-0.0,587.0,68.0,93.0
71.0,29.0,3.0,9.0
71.0,29.0,3.0,9.0
70.0,29.0,3.0,9.0
70.0,29.0,3.0,9.0
69.0,29.0,3.0,9.0
69.0,28.0,3.0,9.0
69.0,28.0,3.0,9.0
68.0,28.0,3.0,9.0
68.0,29.0,3.0,9.0
68.0,29.0,3.0,9.0
68.0,29.0,3.0,9.0
68.0,29.0,3.0,9.0
68.0,29.0,3.0,9.0
-4.0,581.0,68.0,93.0
68.0,29.0,3.0,9.0
68.0,29.0,3.0,9.0
68.0,29.0,3.0,9.0
68.0,28.0,3.0,9.0
68.0,28.0,3.0,9.0
68.0,28.0,3.0,9.0
68.0,28.0,3.0,9.0
-4.0,578.0,68.0,92.0
-4.0,580.0,68.0,92.0
68.0,28.0,3.0,9.0
68.0,28.0,3.0,9.0
68.0,28.0,3.0,9.0
68.0,28.0,3.0,9.0
68.0,28.0,3.0,9.0
69.0,28.0,3.0,9.0
69.0,28.0,3.0,9.0
69.0,28.0,3.0,9.0
69.0,28.0,3.0,9.0
69.0,28.0,3.0,9.0
69.0,28.0,3.0,9.0
69.0,28.0,3.0,9.0
69.0,28.0,3.0,9.0
69.0,28.0,3.0,9.0
69.0,28.0,3.0,9.0
69.0,28.0,3.0,9.0
69.0,28.0,3.0,9.0
69.0,28.0,3.0,9.0
69.0,28.0,3.0,9.0
69.0,28.0,3.0,9.0
69.0,28.0,3.0,9.0
70.0,28.0,3.0,9.0
70.0,28.0,3.0,9.0
70.0,28.0,3.0,9.0
70.0,28.0,3.0,9.0
70.0,28.0,3.0,9.0
70.0,28.0,3.0,9.0
70.0,28.0,3.0,9.0
70.0,28.0,3.0,9.0
70.0,28.0,3.0,9.0
70.0,28.0,3.0,9.0
70.0,28.0,3.0,9.0
70.0,28.0,3.0,9.0
70.0,28.0,3.0,9.0
71.0,28.0,3.0,9.0
71.0,28.0,3.0,9.0
71.0,28.0,3.0,9.0
71.0,28.0,3.0,9.0
71.0,28.0,3.0,9.0
71.0,28.0,3.0,9.0
71.0,28.0,3.0,10.0
71.0,28.0,3.0,10.0
71.0,28.0,3.0,10.0
71.0,28.0,3.0,10.0
71.0,28.0,3.0,10.0
71.0,28.0,3.0,10.0
71.0,28.0,3.0,10.0
71.0,28.0,3.0,10.0
71.0,28.0,3.0,10.0
72.0,28.0,3.0,10.0
72.0,28.0,3.0,9.0
72.0,28.0,3.0,9.0
72.0,28.0,3.0,9.0
72.0,28.0,3.0,9.0
72.0,28.0,3.0,9.0
72.0,28.0,3.0,9.0
72.0,28.0,3.0,9.0
72.0,28.0,3.0,9.0
72.0,28.0,3.0,9.0
72.0,28.0,3.0,9.0
72.0,28.0,3.0,9.0
73.0,28.0,3.0,9.0
73.0,28.0,3.0,9.0
73.0,28.0,3.0,9.0
73.0,28.0,3.0,9.0
73.0,28.0,3.0,9.0
73.0,28.0,3.0,9.0
73.0,28.0,3.0,9.0
73.0,28.0,3.0,9.0
73.0,28.0,3.0,9.0
73.0,28.0,3.0,9.0
74.0,28.0,3.0,9.0
74.0,28.0,3.0,9.0
74.0,28.0,3.0,9.0
74.0,28.0,3.0,9.0
74.0,28.0,3.0,9.0
74.0,28.0,3.0,9.0
74.0,28.0,3.0,9.0
74.0,28.0,3.0,9.0
74.0,28.0,3.0,9.0
75.0,28.0,3.0,9.0
75.0,28.0,3.0,9.0
75.0,28.0,3.0,9.0
75.0,28.0,3.0,9.0
75.0,28.0,3.0,9.0
75.0,28.0,3.0,9.0
75.0,28.0,3.0,9.0
75.0,28.0,3.0,9.0
76.0,28.0,3.0,9.0
76.0,28.0,3.0,9.0
76.0,28.0,3.0,9.0
76.0,28.0,3.0,9.0
76.0,28.0,3.0,9.0
76.0,28.0,3.0,9.0
76.0,28.0,3.0,9.0
76.0,28.0,3.0,9.0
77.0,28.0,3.0,9.0
77.0,28.0,3.0,9.0
77.0,28.0,3.0,9.0
77.0,28.0,3.0,9.0
77.0,28.0,3.0,9.0
77.0,28.0,3.0,9.0
78.0,28.0,3.0,9.0
78.0,28.0,3.0,9.0
78.0,28.0,3.0,9.0
78.0,28.0,3.0,9.0
78.0,28.0,3.0,9.0
78.0,28.0,3.0,9.0
79.0,28.0,3.0,9.0
79.0,28.0,3.0,9.0
79.0,28.0,3.0,9.0
79.0,28.0,3.0,9.0
79.0,28.0,3.0,9.0
79.0,28.0,3.0,9.0
79.0,28.0,3.0,9.0
80.0,28.0,3.0,9.0
80.0,28.0,3.0,9.0
80.0,28.0,3.0,9.0
80.0,28.0,3.0,9.0
80.0,28.0,3.0,9.0
81.0,28.0,3.0,9.0
81.0,28.0,3.0,9.0
81.0,28.0,3.0,9.0
81.0,28.0,3.0,9.0
81.0,28.0,3.0,9.0
81.0,28.0,3.0,9.0
82.0,28.0,3.0,9.0
82.0,28.0,3.0,9.0
82.0,28.0,3.0,9.0
82.0,28.0,3.0,9.0
82.0,28.0,3.0,9.0
82.0,28.0,3.0,9.0
83.0,28.0,3.0,9.0
83.0,28.0,3.0,9.0
83.0,28.0,3.0,9.0
83.0,28.0,3.0,9.0
84.0,28.0,3.0,9.0
84.0,28.0,3.0,9.0
84.0,28.0,3.0,9.0
84.0,28.0,3.0,9.0
84.0,28.0,3.0,9.0
84.0,28.0,3.0,9.0
84.0,28.0,3.0,9.0
84.0,28.0,3.0,9.0
84.0,28.0,3.0,9.0
83.0,29.0,3.0,9.0
83.0,29.0,3.0,9.0
83.0,29.0,3.0,9.0
83.0,29.0,3.0,9.0
82.0,29.0,3.0,9.0
82.0,28.0,3.0,9.0
82.0,28.0,3.0,9.0
82.0,28.0,3.0,9.0
81.0,28.0,3.0,9.0
81.0,28.0,3.0,9.0
81.0,28.0,3.0,9.0
80.0,28.0,3.0,9.0
80.0,28.0,3.0,9.0
79.0,28.0,3.0,9.0
79.0,28.0,3.0,9.0
79.0,28.0,2.0,9.0
78.0,28.0,2.0,9.0
78.0,28.0,2.0,9.0
78.0,28.0,2.0,9.0
77.0,28.0,2.0,9.0
77.0,28.0,2.0,9.0
77.0,28.0,2.0,9.0
76.0,28.0,2.0,9.0
76.0,29.0,2.0,9.0
76.0,29.0,2.0,9.0
75.0,29.0,2.0,9.0
75.0,28.0,2.0,9.0
75.0,28.0,2.0,9.0
75.0,28.0,2.0,9.0
75.0,28.0,2.0,9.0
74.0,28.0,2.0,9.0
74.0,28.0,2.0,9.0
74.0,28.0,2.0,9.0
74.0,28.0,2.0,9.0
74.0,28.0,2.0,8.0
74.0,28.0,2.0,6.0
74.0,28.0,2.0,4.0
73.0,28.0,2.0,4.0
73.0,28.0,2.0,4.0
73.0,28.0,2.0,4.0
73.0,28.0,2.0,4.0
73.0,28.0,2.0,4.0
73.0,28.0,2.0,4.0
73.0,28.0,2.0,5.0
73.0,28.0,2.0,5.0
73.0,28.0,2.0,5.0
73.0,28.0,2.0,5.0
73.0,28.0,2.0,5.0
72.0,28.0,2.0,5.0
72.0,28.0,2.0,5.0
72.0,28.0,2.0,5.0
72.0,28.0,2.0,5.0
72.0,28.0,2.0,5.0
72.0,28.0,2.0,5.0
72.0,28.0,2.0,5.0
72.0,28.0,2.0,5.0
72.0,28.0,2.0,5.0
72.0,28.0,2.0,5.0
72.0,28.0,2.0,5.0
72.0,28.0,2.0,5.0
72.0,28.0,2.0,5.0
72.0,28.0,2.0,5.0
72.0,28.0,2.0,5.0
72.0,28.0,2.0,5.0
72.0,28.0,2.0,5.0
72.0,28.0,2.0,5.0
72.0,28.0,2.0,5.0
72.0,28.0,2.0,5.0
72.0,28.0,2.0,5.0
72.0,28.0,2.0,5.0
72.0,28.0,2.0,5.0
72.0,28.0,2.0,5.0
72.0,28.0,2.0,6.0
72.0,28.0,2.0,6.0
72.0,28.0,2.0,6.0
72.0,28.0,2.0,6.0
72.0,28.0,2.0,6.0
72.0,28.0,2.0,6.0
72.0,28.0,2.0,6.0
72.0,28.0,2.0,6.0
72.0,28.0,2.0,6.0
72.0,28.0,2.0,6.0
72.0,28.0,2.0,6.0
72.0,28.0,2.0,6.0
72.0,28.0,2.0,6.0
72.0,28.0,2.0,6.0
72.0,28.0,2.0,7.0
72.0,28.0,2.0,7.0
72.0,28.0,2.0,7.0
72.0,28.0,2.0,7.0
72.0,28.0,2.0,7.0
72.0,28.0,2.0,7.0
72.0,28.0,2.0,7.0
72.0,28.0,2.0,7.0
72.0,28.0,2.0,7.0
72.0,28.0,2.0,7.0
72.0,28.0,2.0,7.0
72.0,28.0,2.0,7.0
72.0,28.0,2.0,7.0
72.0,28.0,2.0,7.0
71.0,28.0,2.0,7.0
71.0,28.0,2.0,7.0
71.0,28.0,2.0,7.0
71.0,28.0,2.0,7.0
71.0,28.0,2.0,7.0
71.0,28.0,2.0,7.0
70.0,28.0,2.0,7.0
70.0,28.0,2.0,7.0
70.0,28.0,2.0,7.0
70.0,28.0,2.0,7.0
70.0,28.0,2.0,8.0
70.0,28.0,2.0,8.0
69.0,28.0,2.0,8.0
69.0,28.0,2.0,9.0
69.0,28.0,2.0,9.0
69.0,28.0,2.0,9.0
69.0,28.0,2.0,9.0
69.0,28.0,2.0,9.0
69.0,28.0,2.0,9.0
69.0,28.0,2.0,9.0
69.0,28.0,2.0,9.0
69.0,28.0,2.0,9.0
69.0,28.0,2.0,9.0
69.0,28.0,2.0,9.0
69.0,28.0,2.0,9.0
69.0,28.0,2.0,9.0
69.0,28.0,2.0,9.0
69.0,28.0,3.0,9.0
69.0,28.0,3.0,9.0
69.0,28.0,3.0,9.0
69.0,28.0,3.0,9.0
69.0,28.0,3.0,9.0
69.0,28.0,3.0,9.0
69.0,28.0,3.0,9.0
69.0,28.0,3.0,9.0
69.0,28.0,3.0,9.0
69.0,28.0,3.0,9.0
69.0,28.0,3.0,9.0
69.0,28.0,3.0,9.0
69.0,28.0,3.0,9.0
69.0,28.0,3.0,9.0
69.0,28.0,3.0,9.0
69.0,29.0,3.0,9.0
69.0,29.0,3.0,9.0
69.0,29.0,3.0,9.0
69.0,29.0,3.0,9.0
70.0,29.0,3.0,9.0
70.0,29.0,3.0,9.0
70.0,29.0,3.0,9.0
70.0,29.0,3.0,9.0
70.0,29.0,3.0,9.0
70.0,29.0,3.0,9.0
70.0,29.0,3.0,9.0
70.0,29.0,3.0,9.0
70.0,29.0,3.0,9.0
70.0,29.0,3.0,9.0
70.0,29.0,3.0,9.0
70.0,29.0,3.0,9.0
70.0,29.0,3.0,9.0
70.0,29.0,3.0,9.0
70.0,29.0,3.0,9.0
70.0,29.0,3.0,9.0
70.0,29.0,3.0,9.0
70.0,29.0,3.0,9.0
69.0,29.0,3.0,9.0
69.0,29.0,3.0,9.0
69.0,29.0,3.0,9.0
69.0,29.0,3.0,9.0
69.0,29.0,3.0,9.0
69.0,29.0,3.0,9.0
69.0,29.0,3.0,9.0
69.0,29.0,3.0,9.0
69.0,29.0,3.0,9.0
69.0,29.0,3.0,9.0
69.0,29.0,3.0,9.0
69.0,29.0,3.0,9.0
69.0,29.0,3.0,9.0
69.0,29.0,3.0,9.0
