243.0,435.0,20.0,70.0
244.0,436.0,20.0,70.0
246.0,437.0,21.0,71.0
247.0,438.0,21.0,71.0
62.0,110.0,4.0,16.0
63.0,112.0,4.0,16.0
63.0,112.0,4.0,16.0
64.0,112.0,4.0,16.0
64.0,112.0,4.0,17.0
64.0,112.0,4.0,18.0
65.0,115.0,4.0,17.0
65.0,115.0,4.0,17.0
66.0,114.0,4.0,18.0
66.0,113.0,4.0,18.0
66.0,113.0,4.0,18.0
68.0,116.0,5.0,14.0
69.0,115.0,4.0,15.0
70.0,113.0,5.0,15.0
71.0,111.0,5.0,15.0
73.0,109.0,5.0,16.0
74.0,108.0,5.0,14.0
75.0,106.0,5.0,14.0
77.0,104.0,5.0,14.0
78.0,101.0,5.0,14.0
80.0,99.0,5.0,14.0
80.0,95.0,7.0,17.0
81.0,93.0,7.0,17.0
83.0,92.0,6.0,15.0
85.0,90.0,6.0,15.0
86.0,86.0,7.0,17.0
88.0,85.0,5.0,15.0
89.0,83.0,5.0,15.0
91.0,81.0,5.0,15.0
92.0,79.0,6.0,16.0
94.0,77.0,6.0,16.0
95.0,75.0,6.0,17.0
96.0,75.0,7.0,17.0
97.0,73.0,7.0,17.0
99.0,72.0,7.0,17.0
100.0,71.0,7.0,17.0
103.0,71.0,7.0,16.0
104.0,71.0,6.0,15.0
106.0,71.0,6.0,15.0
107.0,70.0,6.0,15.0
109.0,69.0,6.0,14.0
109.0,69.0,7.0,15.0
110.0,66.0,8.0,17.0
111.0,66.0,8.0,18.0
112.0,66.0,7.0,18.0
113.0,66.0,8.0,18.0
114.0,66.0,8.0,19.0
115.0,66.0,8.0,18.0
117.0,66.0,7.0,20.0
118.0,66.0,7.0,20.0
118.0,66.0,8.0,20.0
119.0,67.0,8.0,19.0
119.0,67.0,9.0,20.0
121.0,68.0,9.0,19.0
122.0,70.0,10.0,20.0
123.0,70.0,9.0,20.0
124.0,71.0,10.0,21.0
124.0,72.0,10.0,21.0
124.0,72.0,10.0,21.0
127.0,74.0,10.0,22.0
127.0,75.0,10.0,21.0
128.0,79.0,10.0,21.0
129.0,79.0,9.0,22.0
130.0,80.0,10.0,22.0
131.0,82.0,9.0,23.0
132.0,83.0,9.0,22.0
133.0,85.0,9.0,21.0
133.0,87.0,9.0,22.0
133.0,88.0,10.0,23.0
134.0,89.0,10.0,23.0
134.0,91.0,11.0,23.0
134.0,93.0,11.0,23.0
135.0,95.0,11.0,22.0
135.0,97.0,11.0,22.0
136.0,99.0,11.0,23.0
136.0,101.0,11.0,23.0
137.0,103.0,11.0,24.0
138.0,105.0,10.0,22.0
138.0,108.0,10.0,22.0
138.0,110.0,10.0,22.0
138.0,112.0,10.0,22.0
139.0,113.0,9.0,23.0
139.0,115.0,9.0,23.0
139.0,117.0,9.0,23.0
140.0,119.0,9.0,23.0
140.0,121.0,9.0,23.0
140.0,123.0,9.0,23.0
140.0,125.0,9.0,22.0
139.0,127.0,9.0,23.0
139.0,128.0,9.0,23.0
138.0,130.0,9.0,23.0
139.0,132.0,8.0,22.0
137.0,133.0,8.0,22.0
136.0,134.0,8.0,22.0
135.0,135.0,9.0,23.0
131.0,137.0,11.0,20.0
128.0,138.0,12.0,19.0
126.0,138.0,12.0,19.0
121.0,137.0,15.0,17.0
116.0,137.0,16.0,15.0
112.0,136.0,16.0,12.0
108.0,133.0,20.0,13.0
105.0,130.0,20.0,13.0
101.0,127.0,24.0,11.0
97.0,125.0,24.0,9.0
95.0,121.0,20.0,8.0
92.0,117.0,23.0,7.0
89.0,112.0,23.0,7.0
87.0,103.0,24.0,6.0
87.0,103.0,25.0,6.0
85.0,99.0,24.0,7.0
85.0,94.0,22.0,7.0
85.0,89.0,22.0,7.0
84.0,85.0,22.0,7.0
84.0,81.0,22.0,7.0
83.0,77.0,22.0,7.0
84.0,73.0,23.0,9.0
84.0,69.0,23.0,9.0
83.0,66.0,23.0,9.0
83.0,63.0,23.0,9.0
84.0,60.0,19.0,9.0
84.0,56.0,19.0,10.0
84.0,53.0,20.0,9.0
84.0,50.0,19.0,9.0
84.0,47.0,19.0,9.0
84.0,44.0,19.0,9.0
85.0,42.0,15.0,9.0
85.0,39.0,15.0,9.0
85.0,37.0,15.0,9.0
84.0,35.0,14.0,8.0
84.0,32.0,14.0,8.0
