1701, 381, 42, 75
1697, 381, 41, 74
1692, 380, 42, 75
1687, 379, 42, 75
1684, 380, 41, 74
1679, 380, 40, 72
1674, 377, 42, 75
1669, 376, 45, 80
1664, 375, 45, 81
1661, 376, 43, 76
1657, 375, 43, 76
1653, 375, 42, 75
1650, 377, 40, 72
1646, 376, 39, 69
1640, 373, 41, 74
1637, 374, 40, 71
1632, 374, 39, 69
1627, 373, 39, 69
1624, 374, 38, 68
1619, 373, 39, 69
1614, 373, 39, 69
1611, 372, 39, 69
1609, 372, 39, 69
1609, 372, 39, 69
1613, 373, 39, 69
1617, 374, 40, 71
1622, 375, 40, 71
1628, 377, 40, 71
1635, 378, 39, 69
1641, 382, 38, 68
1646, 381, 40, 71
1653, 382, 40, 72
1659, 384, 40, 71
1665, 386, 40, 72
1671, 388, 40, 71
1677, 389, 41, 74
1682, 391, 41, 74
1690, 392, 41, 74
1693, 393, 42, 75
1695, 395, 41, 74
1693, 395, 41, 74
1689, 394, 42, 75
1685, 396, 41, 74
1680, 394, 42, 75
1676, 394, 42, 75
1671, 396, 40, 72
1665, 394, 41, 74
1660, 395, 41, 74
1655, 396, 40, 72
1646, 395, 40, 72
1639, 392, 42, 75
1632, 393, 40, 72
1623, 390, 42, 75
1617, 391, 40, 72
1607, 387, 43, 76
1598, 386, 44, 78
1591, 387, 42, 75
1584, 386, 41, 74
1575, 384, 42, 75
1568, 385, 41, 74
1560, 384, 41, 74
1553, 383, 41, 74
1544, 381, 42, 75
1537, 380, 42, 75
1529, 380, 41, 74
1521, 379, 41, 74
1513, 378, 41, 74
1506, 378, 41, 74
1498, 377, 41, 74
1490, 375, 42, 75
1483, 375, 42, 75
1475, 376, 41, 74
1468, 376, 41, 74
1461, 376, 41, 74
1453, 376, 41, 74
1447, 376, 40, 72
1439, 374, 41, 74
1432, 375, 41, 74
1426, 375, 41, 74
1420, 376, 40, 71
1412, 374, 41, 74
1407, 374, 41, 74
1401, 375, 40, 72
1394, 374, 40, 72
1387, 372, 41, 74
1381, 372, 42, 75
1376, 372, 42, 75
1369, 372, 42, 75
1363, 372, 42, 75
1356, 371, 43, 76
1348, 372, 43, 76
1343, 371, 43, 76
1336, 371, 43, 76
1329, 371, 43, 76
1324, 372, 43, 76
1316, 372, 43, 76
1310, 371, 43, 76
1304, 373, 42, 75
1298, 374, 41, 74
1292, 376, 40, 72
1285, 377, 40, 71
1279, 376, 40, 72
1272, 375, 41, 74
1267, 376, 41, 74
1260, 376, 41, 74
1255, 378, 40, 71
1248, 377, 40, 71
1243, 377, 40, 71
1239, 378, 40, 71
1239, 378, 40, 71
1239, 379, 41, 74
1240, 379, 42, 75
1241, 380, 43, 76
1242, 381, 43, 76
1243, 382, 43, 76
1244, 383, 43, 76
1244, 383, 44, 78
1245, 384, 44, 78
1246, 385, 44, 78
1248, 387, 44, 78
1250, 388, 44, 78
1252, 391, 43, 76
1254, 394, 42, 75
1256, 397, 41, 74
1256, 398, 41, 74
1254, 397, 41, 74
1252, 397, 41, 74
1250, 398, 40, 72
1246, 398, 40, 72
1243, 398, 40, 72
1239, 398, 41, 74
1234, 398, 42, 75
1229, 397, 44, 78
1223, 397, 43, 76
1218, 398, 43, 76
1213, 398, 43, 76
1208, 399, 43, 76
1203, 399, 43, 76
1199, 401, 43, 76
1193, 402, 43, 76
1188, 401, 44, 78
1183, 402, 44, 78
1178, 402, 44, 78
1174, 403, 43, 76
1168, 404, 44, 78
1163, 405, 44, 78
1158, 405, 44, 78
1153, 407, 43, 76
1147, 407, 44, 78
1142, 408, 43, 76
1138, 411, 42, 75
1134, 414, 41, 74
1129, 414, 41, 74
1126, 416, 40, 72
1122, 416, 40, 72
1120, 417, 40, 72
1118, 418, 40, 72
1116, 418, 41, 74
1115, 418, 41, 74
1116, 420, 40, 72
1117, 420, 40, 72
1120, 421, 40, 72
1121, 422, 42, 75
1125, 422, 43, 76
1128, 424, 43, 76
1132, 425, 44, 78
1136, 425, 45, 80
1140, 427, 45, 80
1143, 429, 45, 81
1147, 430, 45, 81
1151, 431, 45, 81
1156, 433, 45, 81
1160, 435, 45, 81
1164, 437, 45, 81
1168, 439, 45, 81
1172, 440, 47, 84
1175, 441, 48, 86
1180, 442, 49, 88
1185, 443, 49, 88
1189, 444, 49, 88
1194, 445, 49, 88
1198, 445, 50, 90
1203, 447, 50, 90
1208, 449, 50, 90
1212, 450, 50, 90
1214, 451, 51, 91
1216, 452, 51, 91
1217, 453, 52, 93
1216, 453, 52, 93
1214, 454, 51, 91
1212, 456, 51, 91
1206, 456, 52, 93
1199, 454, 53, 95
1189, 455, 52, 93
1176, 456, 52, 93
1163, 456, 52, 93
1150, 456, 52, 93
1136, 457, 52, 93
1121, 457, 52, 93
1107, 457, 53, 95
1094, 458, 52, 93
1079, 459, 52, 93
1066, 460, 52, 93
1053, 463, 50, 90
1040, 462, 52, 93
1025, 465, 51, 91
1012, 464, 53, 95
998, 465, 53, 95
987, 468, 52, 93
975, 470, 53, 95
970, 474, 51, 91
968, 477, 51, 91
965, 479, 53, 95
966, 481, 51, 91
966, 484, 51, 91
965, 485, 53, 95
964, 486, 52, 93
964, 489, 52, 93
962, 490, 54, 97
961, 492, 54, 97
960, 494, 54, 97
959, 496, 55, 99
959, 498, 57, 101
959, 500, 57, 101
958, 503, 57, 101
958, 507, 55, 99
958, 510, 54, 97
956, 513, 55, 99
956, 516, 54, 97
954, 519, 54, 97
954, 523, 52, 93
952, 527, 53, 95
952, 530, 52, 93
950, 534, 52, 93
949, 538, 52, 93
948, 543, 51, 91
948, 548, 50, 90
948, 551, 51, 91
948, 553, 51, 91
948, 556, 52, 93
948, 557, 52, 93
945, 560, 54, 97
944, 562, 54, 97
943, 565, 55, 99
941, 568, 58, 103
940, 571, 58, 103
937, 575, 59, 105
933, 578, 60, 107
932, 582, 60, 107
930, 586, 60, 107
928, 590, 60, 107
925, 594, 61, 109
922, 598, 61, 109
919, 602, 62, 111
916, 605, 64, 114
912, 609, 65, 116
911, 614, 64, 114
908, 619, 62, 111
905, 624, 62, 111
902, 631, 61, 109
898, 638, 60, 107
896, 644, 58, 103
894, 649, 58, 103
891, 653, 58, 103
888, 658, 58, 103
883, 662, 60, 107
879, 665, 60, 107
873, 669, 62, 111
871, 673, 62, 111
865, 677, 65, 116
861, 682, 66, 118
857, 685, 68, 121
853, 691, 68, 121
849, 697, 68, 121
845, 702, 69, 123
841, 707, 69, 123
838, 713, 69, 123
835, 720, 68, 121
830, 725, 69, 123
827, 730, 70, 126
823, 735, 70, 126
820, 742, 70, 126
817, 748, 70, 126
814, 757, 68, 121
811, 766, 68, 121
809, 774, 66, 118
805, 781, 68, 121
805, 787, 65, 116
804, 794, 65, 116
