436.0,436.0,258.0,274.0
439.0,427.0,257.0,273.0
439.0,424.0,257.0,273.0
445.0,418.0,254.0,271.0
451.0,408.0,252.0,269.0
461.0,401.0,250.0,266.0
461.0,399.0,250.0,266.0
469.0,392.0,249.0,265.0
481.0,384.0,247.0,262.0
483.0,385.0,247.0,263.0
493.0,378.0,246.0,261.0
503.0,375.0,245.0,261.0
505.0,374.0,245.0,261.0
515.0,373.0,245.0,260.0
525.0,368.0,244.0,260.0
524.0,369.0,246.0,260.0
535.0,364.0,245.0,260.0
549.0,361.0,244.0,261.0
559.0,360.0,243.0,261.0
559.0,360.0,244.0,261.0
85.0,51.0,11.0,13.0
86.0,51.0,10.0,13.0
86.0,51.0,10.0,13.0
87.0,51.0,10.0,12.0
88.0,51.0,9.0,12.0
88.0,51.0,10.0,12.0
88.0,51.0,10.0,12.0
89.0,51.0,9.0,11.0
89.0,51.0,9.0,11.0
90.0,51.0,9.0,11.0
90.0,51.0,10.0,10.0
90.0,51.0,10.0,10.0
90.0,51.0,10.0,10.0
91.0,51.0,9.0,10.0
91.0,51.0,9.0,10.0
92.0,51.0,8.0,9.0
92.0,51.0,8.0,9.0
91.0,51.0,8.0,9.0
91.0,51.0,8.0,9.0
91.0,50.0,8.0,8.0
91.0,50.0,7.0,8.0
91.0,50.0,7.0,8.0
91.0,50.0,7.0,7.0
90.0,50.0,7.0,7.0
90.0,50.0,7.0,7.0
91.0,50.0,6.0,8.0
90.0,49.0,6.0,8.0
89.0,49.0,6.0,8.0
89.0,49.0,6.0,8.0
89.0,49.0,6.0,8.0
89.0,48.0,5.0,7.0
89.0,48.0,5.0,7.0
88.0,48.0,5.0,7.0
87.0,47.0,4.0,7.0
87.0,47.0,4.0,7.0
88.0,47.0,4.0,7.0
87.0,47.0,4.0,7.0
87.0,47.0,4.0,7.0
86.0,47.0,4.0,6.0
86.0,46.0,4.0,6.0
86.0,46.0,4.0,6.0
85.0,46.0,3.0,6.0
85.0,46.0,3.0,6.0
84.0,46.0,3.0,6.0
84.0,46.0,3.0,6.0
84.0,46.0,3.0,5.0
83.0,46.0,3.0,4.0
83.0,46.0,3.0,4.0
83.0,45.0,3.0,5.0
82.0,45.0,3.0,4.0
82.0,45.0,4.0,3.0
82.0,45.0,4.0,3.0
81.0,45.0,3.0,3.0
81.0,45.0,3.0,3.0
81.0,45.0,4.0,3.0
81.0,45.0,4.0,3.0
81.0,45.0,4.0,3.0
81.0,45.0,4.0,3.0
80.0,45.0,4.0,3.0
80.0,45.0,4.0,3.0
80.0,45.0,3.0,3.0
80.0,45.0,3.0,3.0
80.0,45.0,3.0,3.0
80.0,45.0,3.0,3.0
80.0,45.0,3.0,3.0
80.0,45.0,3.0,4.0
80.0,45.0,3.0,4.0
80.0,45.0,3.0,4.0
80.0,45.0,3.0,4.0
80.0,45.0,3.0,4.0
81.0,45.0,2.0,4.0
81.0,45.0,2.0,4.0
80.0,46.0,2.0,4.0
80.0,46.0,2.0,4.0
81.0,45.0,2.0,4.0
81.0,46.0,2.0,4.0
81.0,46.0,2.0,4.0
81.0,46.0,2.0,4.0
81.0,46.0,2.0,4.0
81.0,46.0,2.0,4.0
80.0,46.0,2.0,4.0
80.0,46.0,2.0,4.0
80.0,46.0,2.0,4.0
80.0,46.0,2.0,4.0
80.0,46.0,2.0,4.0
80.0,46.0,2.0,4.0
80.0,46.0,2.0,4.0
80.0,46.0,2.0,4.0
80.0,46.0,2.0,3.0
