219.0,306.0,30.0,55.0
217.0,310.0,30.0,55.0
217.0,315.0,30.0,56.0
216.0,320.0,30.0,56.0
216.0,324.0,30.0,55.0
216.0,330.0,30.0,55.0
216.0,334.0,30.0,56.0
27.0,43.0,3.0,6.0
26.0,43.0,4.0,6.0
27.0,44.0,4.0,6.0
27.0,45.0,4.0,6.0
27.0,44.0,4.0,7.0
27.0,46.0,4.0,6.0
27.0,47.0,4.0,6.0
27.0,47.0,4.0,6.0
27.0,48.0,4.0,6.0
28.0,48.0,4.0,7.0
29.0,48.0,4.0,7.0
29.0,49.0,4.0,6.0
31.0,49.0,4.0,6.0
32.0,49.0,4.0,6.0
34.0,49.0,5.0,6.0
36.0,49.0,5.0,6.0
38.0,49.0,5.0,5.0
41.0,49.0,5.0,7.0
43.0,50.0,5.0,6.0
45.0,49.0,6.0,6.0
48.0,50.0,5.0,6.0
50.0,50.0,5.0,6.0
53.0,50.0,5.0,6.0
56.0,50.0,5.0,6.0
58.0,51.0,6.0,6.0
61.0,50.0,6.0,7.0
64.0,51.0,6.0,6.0
66.0,51.0,6.0,6.0
67.0,52.0,8.0,5.0
70.0,53.0,7.0,5.0
72.0,54.0,7.0,5.0
74.0,55.0,8.0,6.0
76.0,55.0,8.0,6.0
78.0,56.0,7.0,5.0
78.0,57.0,8.0,4.0
79.0,58.0,7.0,4.0
80.0,59.0,8.0,4.0
81.0,60.0,8.0,4.0
81.0,60.0,8.0,4.0
81.0,61.0,9.0,4.0
81.0,61.0,8.0,4.0
81.0,63.0,9.0,4.0
80.0,63.0,9.0,4.0
81.0,64.0,8.0,4.0
80.0,64.0,10.0,4.0
80.0,65.0,10.0,3.0
80.0,65.0,10.0,4.0
80.0,66.0,10.0,4.0
80.0,66.0,10.0,4.0
80.0,66.0,10.0,5.0
78.0,67.0,11.0,5.0
79.0,67.0,10.0,4.0
78.0,68.0,10.0,4.0
78.0,69.0,11.0,4.0
77.0,69.0,11.0,3.0
77.0,69.0,11.0,3.0
75.0,70.0,11.0,3.0
75.0,70.0,11.0,4.0
76.0,70.0,11.0,4.0
74.0,71.0,11.0,3.0
74.0,71.0,11.0,3.0
73.0,71.0,11.0,4.0
72.0,71.0,11.0,3.0
72.0,71.0,11.0,4.0
71.0,71.0,11.0,3.0
70.0,72.0,10.0,3.0
69.0,72.0,11.0,3.0
69.0,72.0,9.0,3.0
68.0,71.0,10.0,3.0
67.0,71.0,10.0,4.0
66.0,71.0,10.0,3.0
66.0,71.0,9.0,3.0
65.0,71.0,8.0,4.0
65.0,71.0,7.0,4.0
64.0,71.0,7.0,4.0
64.0,71.0,8.0,4.0
63.0,70.0,8.0,4.0
63.0,70.0,8.0,4.0
63.0,70.0,8.0,4.0
62.0,70.0,8.0,4.0
61.0,70.0,9.0,4.0
61.0,69.0,9.0,4.0
60.0,69.0,9.0,5.0
60.0,69.0,10.0,4.0
60.0,68.0,9.0,4.0
59.0,68.0,9.0,4.0
60.0,68.0,9.0,4.0
59.0,68.0,10.0,4.0
59.0,67.0,9.0,4.0
59.0,67.0,9.0,4.0
59.0,66.0,10.0,4.0
59.0,67.0,9.0,4.0
59.0,67.0,9.0,4.0
59.0,66.0,9.0,4.0
58.0,66.0,9.0,4.0
59.0,65.0,9.0,3.0
59.0,64.0,8.0,4.0
59.0,65.0,8.0,3.0
59.0,64.0,8.0,3.0
58.0,63.0,9.0,4.0
59.0,63.0,8.0,4.0
60.0,63.0,8.0,3.0
60.0,62.0,8.0,4.0
60.0,62.0,8.0,4.0
59.0,62.0,8.0,4.0
58.0,61.0,9.0,4.0
59.0,60.0,8.0,4.0
59.0,59.0,8.0,4.0
59.0,59.0,8.0,4.0
60.0,58.0,8.0,4.0
