430.9267272949219, 315.5257873535156, 62.475975036621094, 82.6605224609375
429.79345703125, 315.69097900390625, 63.72549057006836, 84.31372833251953
429.08917236328125, 315.7025451660156, 65.0, 86.0
429.0316162109375, 316.5755920410156, 65.0, 86.0
428.2306213378906, 317.5451965332031, 65.0, 86.0
427.9061584472656, 317.65716552734375, 65.0, 86.0
426.6744689941406, 317.71234130859375, 65.0, 86.0
424.8016662597656, 316.9482421875, 66.29999542236328, 87.72000122070312
426.4512023925781, 318.2381591796875, 63.72549057006836, 84.31372833251953
425.3102111816406, 317.0035705566406, 63.72549057006836, 84.31372833251953
424.06732177734375, 316.8154602050781, 63.72549057006836, 84.31372833251953
424.6134948730469, 317.5209045410156, 63.72549057006836, 84.31372833251953
423.60150146484375, 318.40106201171875, 62.47597122192383, 82.66051483154297
424.544189453125, 319.53424072265625, 61.25094985961914, 81.03971862792969
422.0182800292969, 317.7881774902344, 64.99999237060547, 85.99999237060547
421.8771667480469, 318.6088562011719, 64.99999237060547, 85.99999237060547
420.3873596191406, 317.5733947753906, 67.62598419189453, 89.47438049316406
419.9302062988281, 317.5437927246094, 67.62598419189453, 89.47438049316406
420.56463623046875, 317.4294738769531, 67.62598419189453, 89.47438049316406
418.5655517578125, 315.7634582519531, 70.35806274414062, 93.0891342163086
418.77777099609375, 315.39776611328125, 70.35806274414062, 93.0891342163086
419.1560363769531, 316.6936950683594, 68.97850036621094, 91.26385498046875
418.8094787597656, 316.22015380859375, 68.97850036621094, 91.26385498046875
417.379638671875, 316.29534912109375, 70.35806274414062, 93.0891342163086
416.90350341796875, 316.1911315917969, 71.76522827148438, 94.95092010498047
416.35968017578125, 315.89697265625, 73.20053100585938, 96.84993743896484
416.68939208984375, 316.77435302734375, 71.76522827148438, 94.95092010498047
416.57037353515625, 317.80670166015625, 70.35806274414062, 93.0891342163086
415.99017333984375, 318.1391296386719, 70.35806274414062, 93.0891342163086
414.0740966796875, 317.72332763671875, 71.76522827148438, 94.95092010498047
414.7969970703125, 318.5096435546875, 70.35806274414062, 93.0891342163086
415.34637451171875, 319.5010681152344, 68.97850036621094, 91.26385498046875
416.1669006347656, 321.4690856933594, 64.9999771118164, 85.9999771118164
415.6693420410156, 322.7217102050781, 63.72547149658203, 84.3136978149414
414.2434997558594, 322.4280090332031, 64.9999771118164, 85.9999771118164
414.9261474609375, 323.3629150390625, 63.72547149658203, 84.3136978149414
414.8166198730469, 324.03045654296875, 63.72547149658203, 84.3136978149414
415.5501403808594, 325.439208984375, 62.4759521484375, 82.66049194335938
416.59478759765625, 328.2342224121094, 60.04993438720703, 79.45068359375
417.7392578125, 330.66705322265625, 57.71812438964844, 76.36551666259766
416.78582763671875, 330.6175537109375, 57.71812438964844, 76.36551666259766
416.82891845703125, 331.4231262207031, 56.58639907836914, 74.86815643310547
416.5758056640625, 331.8399353027344, 56.58639907836914, 74.86815643310547
416.6739501953125, 331.7518615722656, 55.47686004638672, 73.40015411376953
414.8673095703125, 331.8271789550781, 55.47686004638672, 73.40015411376953
414.693115234375, 331.6655578613281, 54.38908004760742, 71.9609375
414.981689453125, 333.33624267578125, 53.322628021240234, 70.54994201660156
414.34014892578125, 332.9961853027344, 53.322628021240234, 70.54994201660156
412.6549987792969, 333.1627502441406, 53.322628021240234, 70.54994201660156
410.8922119140625, 333.7872314453125, 54.38908004760742, 71.9609375
410.6758728027344, 335.9129943847656, 53.322628021240234, 70.54994201660156
410.2918701171875, 335.65557861328125, 53.322628021240234, 70.54994201660156
408.7642517089844, 336.5682678222656, 54.38908004760742, 71.9609375
408.3479919433594, 337.0682067871094, 54.38908004760742, 71.9609375
406.3023681640625, 337.2186279296875, 55.47686004638672, 73.40015411376953
403.9596862792969, 337.5625915527344, 56.58639907836914, 74.86815643310547
403.71820068359375, 337.7412109375, 56.58639907836914, 74.86815643310547
403.8785705566406, 337.7469177246094, 55.47686004638672, 73.40015411376953
403.64801025390625, 337.93463134765625, 54.38908004760742, 71.9609375
402.2454833984375, 338.2325134277344, 55.47686004638672, 73.40015411376953
400.0830078125, 337.6097106933594, 56.58639907836914, 74.86815643310547
398.5599365234375, 337.883056640625, 56.58639907836914, 74.86815643310547
398.1307373046875, 339.0461120605469, 56.58639907836914, 74.86815643310547
398.2918395996094, 341.58203125, 54.38908004760742, 71.9609375
397.1857604980469, 343.4073791503906, 54.38908004760742, 71.9609375
396.7197570800781, 343.6604309082031, 54.38908004760742, 71.9609375
396.2179870605469, 343.9207458496094, 54.38908004760742, 71.9609375
394.0541687011719, 343.8670959472656, 55.47686004638672, 73.40015411376953
393.38897705078125, 342.8051452636719, 55.47686004638672, 73.40015411376953
390.5624694824219, 341.3289794921875, 55.47686004638672, 73.40015411376953
390.0679626464844, 341.5077209472656, 55.47686004638672, 73.40015411376953
389.4859313964844, 342.0350341796875, 55.47686004638672, 73.40015411376953
387.3532409667969, 342.7679748535156, 54.38908004760742, 71.9609375
387.6734619140625, 344.2215270996094, 54.38908004760742, 71.9609375
387.0392150878906, 345.6155090332031, 54.38908004760742, 71.9609375
384.7428283691406, 346.4142761230469, 55.47686004638672, 73.40015411376953
384.2503662109375, 346.43743896484375, 55.47686004638672, 73.40015411376953
384.3133850097656, 347.5964660644531, 54.38908004760742, 71.9609375
382.62615966796875, 348.1869201660156, 55.47686004638672, 73.40015411376953
380.36016845703125, 347.0729675292969, 56.58639907836914, 74.86815643310547
380.2107238769531, 346.3203430175781, 56.58639907836914, 74.86815643310547
378.4481201171875, 346.1592102050781, 56.58639907836914, 74.86815643310547
377.2183837890625, 345.018798828125, 57.71812438964844, 76.36551666259766
375.927978515625, 345.1241760253906, 56.58639907836914, 74.86815643310547
375.1245422363281, 345.73712158203125, 56.58639907836914, 74.86815643310547
375.5379638671875, 346.3062438964844, 55.47686004638672, 73.40015411376953
374.8734130859375, 346.5738220214844, 54.38908004760742, 71.9609375
374.3758239746094, 346.5927734375, 54.38908004760742, 71.9609375
374.2883605957031, 346.2048034667969, 54.38908004760742, 71.9609375
373.85784912109375, 345.001708984375, 54.38908004760742, 71.9609375
372.6235656738281, 344.8200988769531, 54.38908004760742, 71.9609375
372.4762878417969, 342.8003234863281, 55.47686004638672, 73.40015411376953
370.0262145996094, 341.75164794921875, 55.47686004638672, 73.40015411376953
371.02020263671875, 341.60687255859375, 54.38908004760742, 71.9609375
369.81158447265625, 342.6562805175781, 53.322628021240234, 70.54994201660156
368.5182800292969, 342.2140197753906, 54.38908004760742, 71.9609375
368.2867736816406, 342.0873107910156, 54.38908004760742, 71.9609375
366.3992004394531, 342.20770263671875, 54.38908004760742, 71.9609375
365.7059020996094, 342.5406799316406, 53.322628021240234, 70.54994201660156
363.4925231933594, 341.7311096191406, 52.2770881652832, 69.16661071777344
362.4998474121094, 341.1519775390625, 53.322628021240234, 70.54994201660156
361.0367126464844, 340.3447570800781, 53.322628021240234, 70.54994201660156
359.9317932128906, 339.2013244628906, 54.38908004760742, 71.9609375
359.1494140625, 338.9500732421875, 54.38908004760742, 71.9609375
357.59149169921875, 338.59417724609375, 55.47686004638672, 73.40015411376953
358.0687561035156, 339.49981689453125, 53.322628021240234, 70.54994201660156
358.52178955078125, 340.2117919921875, 52.2770881652832, 69.16661071777344
358.5520935058594, 340.2230224609375, 52.2770881652832, 69.16661071777344
357.9535827636719, 339.35443115234375, 53.322628021240234, 70.54994201660156
358.26751708984375, 337.9210510253906, 52.2770881652832, 69.16661071777344
357.551513671875, 336.8430480957031, 53.322628021240234, 70.54994201660156
358.3230895996094, 336.046875, 51.25204849243164, 67.8104019165039
358.20916748046875, 335.3844909667969, 52.2770881652832, 69.16661071777344
357.8072204589844, 335.3199462890625, 52.2770881652832, 69.16661071777344
358.10174560546875, 335.0552062988281, 52.2770881652832, 69.16661071777344
357.704345703125, 334.9666442871094, 52.2770881652832, 69.16661071777344
358.1173095703125, 334.6981506347656, 52.2770881652832, 69.16661071777344
357.79339599609375, 334.5737609863281, 52.2770881652832, 69.16661071777344
358.77099609375, 334.80816650390625, 51.25204849243164, 67.8104019165039
358.119140625, 334.257568359375, 52.2770881652832, 69.16661071777344
358.0287780761719, 333.1835632324219, 53.322628021240234, 70.54994201660156
359.5228576660156, 332.0235290527344, 52.2770881652832, 69.16661071777344
359.85430908203125, 332.20635986328125, 52.2770881652832, 69.16661071777344
360.08746337890625, 331.1604919433594, 53.322628021240234, 70.54994201660156
360.9747009277344, 331.13330078125, 52.2770881652832, 69.16661071777344
361.0841369628906, 330.72662353515625, 53.322628021240234, 70.54994201660156
362.6466979980469, 328.3687438964844, 54.38908004760742, 71.9609375
365.1363525390625, 327.3376770019531, 56.586395263671875, 74.86815643310547
369.0163269042969, 328.7795715332031, 54.389076232910156, 71.96092987060547
375.4134216308594, 326.98431396484375, 53.32262420654297, 70.54993438720703
381.02264404296875, 326.0947265625, 51.252044677734375, 67.81039428710938
385.5145568847656, 324.6372375488281, 52.27708435058594, 69.1666030883789
391.4256591796875, 322.2388916015625, 51.252044677734375, 67.81039428710938
396.53253173828125, 321.41668701171875, 51.252044677734375, 67.81039428710938
404.743896484375, 320.55426025390625, 51.252044677734375, 67.81039428710938
410.05633544921875, 319.541748046875, 51.252044677734375, 67.81039428710938
416.50994873046875, 319.34735107421875, 50.247100830078125, 66.48078155517578
422.7091064453125, 318.9378356933594, 49.26185989379883, 65.17723083496094
428.7311096191406, 318.53558349609375, 49.26185989379883, 65.17723083496094
436.5437927246094, 316.81976318359375, 50.24709701538086, 66.48077392578125
442.4547424316406, 315.62725830078125, 48.29594421386719, 63.89925003051758
447.81561279296875, 314.74853515625, 49.26185989379883, 65.17723083496094
453.9082336425781, 313.8729248046875, 48.29594421386719, 63.89925003051758
457.9922790527344, 312.1793212890625, 50.24709701538086, 66.48077392578125
465.68548583984375, 310.5108947753906, 48.29594421386719, 63.89925003051758
471.5027160644531, 309.925048828125, 50.24709701538086, 66.48077392578125
477.0700988769531, 309.57379150390625, 49.26185607910156, 65.1772232055664
482.2064514160156, 309.4420166015625, 49.26185607910156, 65.1772232055664
487.8872375488281, 309.5571594238281, 48.29594039916992, 63.89924240112305
492.13690185546875, 308.57794189453125, 49.26185607910156, 65.1772232055664
497.1788024902344, 308.47772216796875, 48.29594039916992, 63.89924240112305
498.4453125, 306.808837890625, 50.247093200683594, 66.48076629638672
500.0743103027344, 302.9911804199219, 51.25203323364258, 67.81037902832031
504.3670654296875, 304.5943908691406, 50.24708938598633, 66.48076629638672
505.5086669921875, 302.86767578125, 50.24708938598633, 66.48076629638672
505.8194580078125, 300.2171325683594, 52.277069091796875, 69.16658020019531
508.36407470703125, 302.2023620605469, 50.24708938598633, 66.48076629638672
509.2762451171875, 302.481689453125, 49.26184844970703, 65.17721557617188
510.6734313964844, 303.1040344238281, 48.29593276977539, 63.89923095703125
511.3484191894531, 303.05841064453125, 48.29593276977539, 63.89923095703125
512.2850952148438, 303.4904479980469, 47.34895324707031, 62.646305084228516
512.9254150390625, 303.6523132324219, 47.34895324707031, 62.646305084228516
512.2760620117188, 302.10308837890625, 49.261844635009766, 65.17720794677734
512.8314819335938, 301.1958923339844, 49.261844635009766, 65.17720794677734
512.3584594726562, 299.86773681640625, 50.2470817565918, 66.48075103759766
513.5029296875, 299.5667419433594, 48.295928955078125, 63.899227142333984
513.7269897460938, 299.79376220703125, 48.295928955078125, 63.899227142333984
514.1532592773438, 299.9888610839844, 48.295928955078125, 63.899227142333984
513.8878784179688, 299.5439147949219, 49.261844635009766, 65.17720794677734
514.7532958984375, 299.31146240234375, 48.295928955078125, 63.899227142333984
515.7164916992188, 299.63470458984375, 47.34894943237305, 62.64630126953125
515.2020263671875, 299.11614990234375, 48.29592514038086, 63.89922332763672
515.516357421875, 297.33831787109375, 47.34894561767578, 62.64629364013672
515.888427734375, 297.47625732421875, 47.34894561767578, 62.64629364013672
515.693115234375, 295.3572692871094, 48.295921325683594, 63.89921569824219
516.1290283203125, 294.291015625, 48.295921325683594, 63.89921569824219
515.6822509765625, 293.6943054199219, 48.295921325683594, 63.89921569824219
515.5758056640625, 293.6981201171875, 48.295921325683594, 63.89921569824219
515.3819580078125, 293.5416564941406, 48.295921325683594, 63.89921569824219
515.4901123046875, 293.9502258300781, 47.348941802978516, 62.64628982543945
515.0057373046875, 293.7686767578125, 47.348941802978516, 62.64628982543945
515.4064331054688, 294.1189880371094, 46.420528411865234, 61.417930603027344
514.89453125, 293.9407043457031, 46.420528411865234, 61.417930603027344
513.63427734375, 293.0613098144531, 47.348941802978516, 62.64628982543945
513.846435546875, 291.9576721191406, 47.348941802978516, 62.64628982543945
514.3939819335938, 291.29034423828125, 46.420528411865234, 61.417930603027344
512.9166870117188, 290.0430603027344, 47.348941802978516, 62.64628982543945
513.608642578125, 288.9491882324219, 46.420528411865234, 61.417930603027344
512.2141723632812, 287.86224365234375, 47.348941802978516, 62.64628982543945
512.414306640625, 286.94793701171875, 47.348941802978516, 62.64628982543945
511.4639587402344, 286.93359375, 47.348941802978516, 62.64628982543945
511.9091796875, 287.27294921875, 46.420528411865234, 61.417930603027344
511.116943359375, 287.0567626953125, 46.420528411865234, 61.417930603027344
510.3139953613281, 285.728515625, 47.348941802978516, 62.64628982543945
510.5529479980469, 284.7801513671875, 47.348941802978516, 62.64628982543945
509.95672607421875, 284.95941162109375, 46.420528411865234, 61.417930603027344
508.5784912109375, 284.2356872558594, 46.420528411865234, 61.417930603027344
508.37908935546875, 283.1020812988281, 46.420528411865234, 61.417930603027344
507.03826904296875, 282.0866394042969, 46.420528411865234, 61.417930603027344
504.73931884765625, 280.347412109375, 46.420528411865234, 61.417930603027344
504.65423583984375, 279.3753662109375, 46.420528411865234, 61.417930603027344
503.4506530761719, 279.4836730957031, 45.51032257080078, 60.213661193847656
501.9719543457031, 279.3200378417969, 45.51032257080078, 60.213661193847656
501.9458312988281, 279.27197265625, 45.51032257080078, 60.213661193847656
500.1333923339844, 279.3558044433594, 45.51032257080078, 60.213661193847656
499.4960632324219, 279.23248291015625, 45.51032257080078, 60.213661193847656
497.1854248046875, 278.53173828125, 46.420528411865234, 61.417930603027344
496.29644775390625, 278.0939636230469, 46.420528411865234, 61.417930603027344
494.6265563964844, 277.1331787109375, 47.348941802978516, 62.64628982543945
492.4437561035156, 276.19146728515625, 47.348941802978516, 62.64628982543945
490.4766845703125, 275.1963195800781, 48.29591751098633, 63.89921188354492
489.130126953125, 274.3733215332031, 48.29591751098633, 63.89921188354492
487.0265808105469, 274.3749084472656, 48.29591751098633, 63.89921188354492
485.4156188964844, 274.2264709472656, 48.29591751098633, 63.89921188354492
484.70660400390625, 274.6300964355469, 47.34893798828125, 62.64628601074219
483.4256896972656, 275.07110595703125, 47.34893798828125, 62.64628601074219
481.9264221191406, 274.9102478027344, 47.34893798828125, 62.64628601074219
481.65673828125, 275.1271057128906, 46.42052459716797, 61.41792678833008
480.08978271484375, 274.8511657714844, 46.42052459716797, 61.41792678833008
477.6978759765625, 274.51129150390625, 45.510318756103516, 60.213653564453125
475.87799072265625, 274.15191650390625, 45.510318756103516, 60.213653564453125
474.4793395996094, 273.55126953125, 45.510318756103516, 60.213653564453125
472.7358703613281, 273.38226318359375, 45.510318756103516, 60.213653564453125
471.0873107910156, 273.232177734375, 45.510318756103516, 60.213653564453125
469.2966613769531, 274.01837158203125, 44.61796188354492, 59.03299331665039
467.6751708984375, 274.42193603515625, 44.61796188354492, 59.03299331665039
467.3130798339844, 275.8133239746094, 43.743099212646484, 57.87548828125
465.2625732421875, 276.3899230957031, 43.743099212646484, 57.87548828125
464.6916198730469, 277.2485656738281, 42.88539123535156, 56.74067306518555
462.7290954589844, 278.2874755859375, 42.88539123535156, 56.74067306518555
462.14801025390625, 278.5159912109375, 42.88539123535156, 56.74067306518555
460.3873291015625, 278.59552001953125, 43.743099212646484, 57.87548828125
458.4208984375, 278.6468200683594, 43.743099212646484, 57.87548828125
456.64349365234375, 278.62445068359375, 43.743099212646484, 57.87548828125
454.0058898925781, 277.81939697265625, 44.61796188354492, 59.03299331665039
452.4361877441406, 278.25457763671875, 44.61796188354492, 59.03299331665039
451.91595458984375, 278.69659423828125, 44.61796188354492, 59.03299331665039
450.4264221191406, 280.0292663574219, 43.743099212646484, 57.87548828125
449.2397766113281, 281.51220703125, 43.743099212646484, 57.87548828125
446.9900207519531, 282.50274658203125, 44.61796188354492, 59.03299331665039
446.83837890625, 283.4842529296875, 43.743099212646484, 57.87548828125
445.67718505859375, 284.6844177246094, 43.743099212646484, 57.87548828125
444.4542236328125, 285.5157165527344, 43.743099212646484, 57.87548828125
443.1112060546875, 285.5291442871094, 44.61796188354492, 59.03299331665039
441.3837585449219, 286.2973937988281, 44.61796188354492, 59.03299331665039
440.712158203125, 287.119140625, 44.61796188354492, 59.03299331665039
437.7991027832031, 287.03607177734375, 45.510318756103516, 60.213653564453125
437.8478698730469, 288.30999755859375, 44.61796188354492, 59.03299331665039
436.64569091796875, 290.0576477050781, 43.743099212646484, 57.87548828125
435.2263488769531, 292.0425109863281, 43.743099212646484, 57.87548828125
434.1418762207031, 293.4495544433594, 43.743099212646484, 57.87548828125
433.4875183105469, 294.2606506347656, 43.743099212646484, 57.87548828125
433.093994140625, 295.2018127441406, 43.743099212646484, 57.87548828125
432.8961486816406, 296.1322021484375, 43.743099212646484, 57.87548828125
432.5507507324219, 297.3779602050781, 43.743099212646484, 57.87548828125
431.74609375, 298.5013732910156, 43.743099212646484, 57.87548828125
431.65557861328125, 298.8987731933594, 43.743099212646484, 57.87548828125
431.09307861328125, 299.43505859375, 43.743099212646484, 57.87548828125
430.9317932128906, 299.163330078125, 44.61796188354492, 59.03299331665039
429.7608642578125, 301.7253112792969, 44.61796188354492, 59.03299331665039
429.54534912109375, 301.9861755371094, 44.61796188354492, 59.03299331665039
430.2142028808594, 304.8819274902344, 44.61796188354492, 59.03299331665039
430.2891540527344, 306.1165771484375, 44.61796188354492, 59.03299331665039
431.02056884765625, 309.1472473144531, 44.61796188354492, 59.03299331665039
431.6891784667969, 311.2944641113281, 44.61796188354492, 59.03299331665039
432.5823059082031, 313.0125732421875, 43.743099212646484, 57.87548828125
432.18157958984375, 313.6182861328125, 44.61796188354492, 59.03299331665039
432.73590087890625, 313.72442626953125, 44.61796188354492, 59.03299331665039
432.9378967285156, 314.6372985839844, 44.61796188354492, 59.03299331665039
433.1764221191406, 315.86761474609375, 44.61796188354492, 59.03299331665039
433.63983154296875, 317.35052490234375, 44.61796188354492, 59.03299331665039
434.8841857910156, 320.2129821777344, 44.61796188354492, 59.03299331665039
435.04901123046875, 321.0445861816406, 44.61796188354492, 59.03299331665039
436.3572692871094, 323.610595703125, 43.743099212646484, 57.87548828125
436.9385986328125, 326.080322265625, 44.61796188354492, 59.03299331665039
438.8504333496094, 327.29736328125, 43.743099212646484, 57.87548828125
439.7791748046875, 329.05462646484375, 43.743099212646484, 57.87548828125
440.7950439453125, 331.0311584472656, 44.61796188354492, 59.03299331665039
441.6035461425781, 331.1085510253906, 44.61796188354492, 59.03299331665039
444.0300598144531, 332.9310607910156, 44.61796188354492, 59.03299331665039
444.3725891113281, 333.15155029296875, 44.61796188354492, 59.03299331665039
446.0576171875, 334.79437255859375, 44.61796188354492, 59.03299331665039
447.2978210449219, 335.7831115722656, 43.743099212646484, 57.87548828125
448.1730041503906, 338.1158752441406, 43.743099212646484, 57.87548828125
451.06488037109375, 339.1881103515625, 43.743099212646484, 57.87548828125
453.41009521484375, 341.74725341796875, 44.61796188354492, 59.03299331665039
454.48260498046875, 344.0376281738281, 44.61796188354492, 59.03299331665039
457.47210693359375, 347.11370849609375, 44.61796188354492, 59.03299331665039
457.8659973144531, 346.935791015625, 45.510318756103516, 60.213653564453125
461.53436279296875, 349.3106384277344, 44.61796188354492, 59.03299331665039
462.85467529296875, 350.4134521484375, 44.61796188354492, 59.03299331665039
463.9072570800781, 351.2156066894531, 44.61796188354492, 59.03299331665039
465.59130859375, 352.01434326171875, 44.61796188354492, 59.03299331665039
468.36370849609375, 353.15826416015625, 44.61796188354492, 59.03299331665039
469.5126647949219, 355.1075744628906, 44.61796188354492, 59.03299331665039
471.1104431152344, 356.3575134277344, 44.61796188354492, 59.03299331665039
472.0093078613281, 358.9857482910156, 44.61796188354492, 59.03299331665039
473.3338317871094, 360.04150390625, 44.61796188354492, 59.03299331665039
474.97271728515625, 362.7677001953125, 44.61796188354492, 59.03299331665039
476.3216552734375, 365.0924987792969, 44.61796188354492, 59.03299331665039
478.1719665527344, 367.20672607421875, 44.61796188354492, 59.03299331665039
477.8028869628906, 368.23883056640625, 45.510318756103516, 60.213653564453125
478.4481506347656, 368.91375732421875, 45.510318756103516, 60.213653564453125
478.810791015625, 369.7714538574219, 44.61796188354492, 59.03299331665039
479.3034973144531, 371.7113952636719, 43.743099212646484, 57.87548828125
479.4075927734375, 372.76324462890625, 43.743099212646484, 57.87548828125
479.45587158203125, 373.81341552734375, 43.743099212646484, 57.87548828125
479.06622314453125, 374.97259521484375, 44.61796188354492, 59.03299331665039
479.2689514160156, 376.4497985839844, 44.61796188354492, 59.03299331665039
479.7133483886719, 379.11981201171875, 45.510318756103516, 60.213653564453125
480.2701721191406, 381.32647705078125, 44.61796188354492, 59.03299331665039
480.9444885253906, 384.0981750488281, 44.61796188354492, 59.03299331665039
480.91796875, 385.6673278808594, 44.61796188354492, 59.03299331665039
480.7236328125, 386.33306884765625, 44.61796188354492, 59.03299331665039
481.038330078125, 388.8258972167969, 44.61796188354492, 59.03299331665039
480.54278564453125, 387.76239013671875, 45.510318756103516, 60.213653564453125
480.6047668457031, 389.90936279296875, 45.510318756103516, 60.213653564453125
480.3602294921875, 389.31842041015625, 45.510318756103516, 60.213653564453125
480.08013916015625, 390.52508544921875, 46.42052459716797, 61.41792678833008
480.29693603515625, 392.03955078125, 46.42052459716797, 61.41792678833008
480.5485534667969, 394.31982421875, 46.42052459716797, 61.41792678833008
481.0005187988281, 394.86932373046875, 46.42052459716797, 61.41792678833008
481.1131896972656, 398.03515625, 46.42052459716797, 61.41792678833008
481.4221496582031, 399.61572265625, 45.510318756103516, 60.213653564453125
481.4849853515625, 402.6365051269531, 44.61796188354492, 59.03299331665039
480.90863037109375, 402.0782775878906, 44.61796188354492, 59.03299331665039
480.1628723144531, 402.7961730957031, 44.61796188354492, 59.03299331665039
479.48663330078125, 402.07598876953125, 45.510318756103516, 60.213653564453125
479.05096435546875, 402.943359375, 45.510318756103516, 60.213653564453125
478.8505554199219, 404.04437255859375, 45.510318756103516, 60.213653564453125
478.4338684082031, 405.4381103515625, 45.510318756103516, 60.213653564453125
477.6625061035156, 407.7987060546875, 45.510318756103516, 60.213653564453125
477.52984619140625, 409.52545166015625, 45.510318756103516, 60.213653564453125
477.55078125, 410.88519287109375, 45.510318756103516, 60.213653564453125
477.80279541015625, 413.4512939453125, 45.510318756103516, 60.213653564453125
478.0577087402344, 414.02655029296875, 45.510318756103516, 60.213653564453125
478.2542724609375, 414.9056396484375, 45.510318756103516, 60.213653564453125
476.991455078125, 415.012451171875, 46.42052459716797, 61.41792678833008
477.2663269042969, 417.47552490234375, 45.510318756103516, 60.213653564453125
476.5140075683594, 417.4129638671875, 45.510318756103516, 60.213653564453125
476.04510498046875, 417.96588134765625, 45.510318756103516, 60.213653564453125
476.2621765136719, 418.6418151855469, 44.61796188354492, 59.03299331665039
475.7741394042969, 419.8858337402344, 44.61796188354492, 59.03299331665039
475.2864074707031, 421.21002197265625, 44.61796188354492, 59.03299331665039
475.6102600097656, 423.843017578125, 44.61796188354492, 59.03299331665039
476.6172790527344, 425.7377014160156, 43.743099212646484, 57.87548828125
476.5887756347656, 427.3385009765625, 43.743099212646484, 57.87548828125
476.5937805175781, 428.31231689453125, 43.743099212646484, 57.87548828125
476.3032531738281, 429.6389465332031, 43.743099212646484, 57.87548828125
476.0476989746094, 430.58154296875, 43.743099212646484, 57.87548828125
476.61529541015625, 430.7514953613281, 43.743099212646484, 57.87548828125
476.3311767578125, 430.9889221191406, 42.88539123535156, 56.74067306518555
476.4940185546875, 431.1164245605469, 42.88539123535156, 56.74067306518555
476.5327453613281, 431.3410339355469, 42.88539123535156, 56.74067306518555
475.96533203125, 432.2375793457031, 43.743099212646484, 57.87548828125
476.61676025390625, 433.3377990722656, 42.88539123535156, 56.74067306518555
476.0797424316406, 434.96014404296875, 42.88539123535156, 56.74067306518555
476.9653015136719, 436.1039123535156, 42.88539123535156, 56.74067306518555
477.41180419921875, 437.53033447265625, 42.88539123535156, 56.74067306518555
478.8924255371094, 439.5312194824219, 42.88539123535156, 56.74067306518555
478.3960266113281, 440.1085205078125, 43.743099212646484, 57.87548828125
479.30560302734375, 440.4977111816406, 42.88539123535156, 56.74067306518555
480.13201904296875, 441.2555236816406, 42.88539123535156, 56.74067306518555
480.57025146484375, 441.6037902832031, 42.88539123535156, 56.74067306518555
479.9103088378906, 441.7944641113281, 43.743099212646484, 57.87548828125
480.7750549316406, 441.96087646484375, 43.743099212646484, 57.87548828125
480.5361633300781, 441.73626708984375, 44.61796188354492, 59.03299331665039
481.5136413574219, 442.8528747558594, 43.743099212646484, 57.87548828125
481.0087890625, 443.8350830078125, 44.61796188354492, 59.03299331665039
481.7063293457031, 445.7804260253906, 44.61796188354492, 59.03299331665039
482.0434265136719, 446.9422607421875, 44.61796188354492, 59.03299331665039
483.2515563964844, 448.6578063964844, 43.743099212646484, 57.87548828125
483.1919250488281, 449.56365966796875, 43.743099212646484, 57.87548828125
482.6884765625, 449.5696716308594, 44.61796188354492, 59.03299331665039
483.4685363769531, 449.86700439453125, 44.61796188354492, 59.03299331665039
483.0929260253906, 449.8926086425781, 44.61796188354492, 59.03299331665039
482.5484619140625, 449.82769775390625, 44.61796188354492, 59.03299331665039
482.74737548828125, 450.2441711425781, 44.61796188354492, 59.03299331665039
481.8228454589844, 450.6605224609375, 44.61796188354492, 59.03299331665039
482.2331848144531, 451.7359619140625, 43.743099212646484, 57.87548828125
482.0218200683594, 452.4861755371094, 44.61796188354492, 59.03299331665039
482.6401672363281, 453.7528076171875, 43.743099212646484, 57.87548828125
482.36944580078125, 455.7561950683594, 44.61796188354492, 59.03299331665039
482.833251953125, 456.6236572265625, 43.743099212646484, 57.87548828125
482.70404052734375, 457.1304016113281, 43.743099212646484, 57.87548828125
482.5367126464844, 457.1855773925781, 43.743099212646484, 57.87548828125
482.2347412109375, 457.3931884765625, 43.743099212646484, 57.87548828125
481.9557800292969, 458.2523193359375, 42.88539123535156, 56.74067306518555
481.6297607421875, 458.6109619140625, 42.88539123535156, 56.74067306518555
480.5208740234375, 458.71563720703125, 43.743099212646484, 57.87548828125
479.8174133300781, 458.6558837890625, 44.61796188354492, 59.03299331665039
479.85394287109375, 459.9710998535156, 43.743099212646484, 57.87548828125
480.391845703125, 461.6960144042969, 43.743099212646484, 57.87548828125
479.8292236328125, 462.4838562011719, 43.743099212646484, 57.87548828125
480.076171875, 463.8742370605469, 42.88539123535156, 56.74067306518555
479.4885559082031, 464.3548583984375, 42.88539123535156, 56.74067306518555
479.0267639160156, 465.1968688964844, 42.88539123535156, 56.74067306518555
477.70416259765625, 465.01458740234375, 42.88539123535156, 56.74067306518555
476.2091979980469, 464.6377258300781, 42.88539123535156, 56.74067306518555
475.2421875, 464.2203369140625, 42.88539123535156, 56.74067306518555
474.2852478027344, 464.6786804199219, 42.88539123535156, 56.74067306518555
473.6138916015625, 464.810302734375, 42.88539123535156, 56.74067306518555
472.4853210449219, 465.1982116699219, 42.88539123535156, 56.74067306518555
472.79705810546875, 466.5748291015625, 42.88539123535156, 56.74067306518555
471.8690490722656, 468.6309814453125, 42.88539123535156, 56.74067306518555
471.95208740234375, 468.9085693359375, 42.04450225830078, 55.628108978271484
472.11859130859375, 470.15887451171875, 42.04450225830078, 55.628108978271484
471.215576171875, 470.47698974609375, 42.04450225830078, 55.628108978271484
471.01556396484375, 470.28106689453125, 42.04450225830078, 55.628108978271484
470.02423095703125, 469.7554626464844, 42.04450225830078, 55.628108978271484
469.2960510253906, 469.97381591796875, 42.04450225830078, 55.628108978271484
468.72540283203125, 470.0408935546875, 42.04450225830078, 55.628108978271484
468.4781799316406, 469.89208984375, 42.04450225830078, 55.628108978271484
467.9757995605469, 469.9859313964844, 42.04450225830078, 55.628108978271484
467.8251953125, 470.5764465332031, 42.04450225830078, 55.628108978271484
468.1683044433594, 471.57958984375, 41.22010040283203, 54.5373649597168
467.8665771484375, 472.48455810546875, 42.04450225830078, 55.628108978271484
468.218505859375, 472.2854309082031, 42.04450225830078, 55.628108978271484
467.47332763671875, 472.41131591796875, 42.04450225830078, 55.628108978271484
467.13909912109375, 472.6095886230469, 42.04450225830078, 55.628108978271484
466.6652526855469, 472.5890808105469, 42.04450225830078, 55.628108978271484
466.69854736328125, 472.2662658691406, 42.04450225830078, 55.628108978271484
466.6343994140625, 471.786865234375, 42.04450225830078, 55.628108978271484
466.91162109375, 471.7284851074219, 42.04450225830078, 55.628108978271484
468.137451171875, 471.71240234375, 42.04450225830078, 55.628108978271484
468.34063720703125, 471.94354248046875, 42.04450225830078, 55.628108978271484
469.5370788574219, 472.680908203125, 42.04450225830078, 55.628108978271484
471.3179626464844, 473.6416320800781, 41.22010040283203, 54.5373649597168
473.4941101074219, 474.6684875488281, 41.22010040283203, 54.5373649597168
474.400146484375, 474.4753723144531, 41.22010040283203, 54.5373649597168
475.8998107910156, 474.10772705078125, 41.22010040283203, 54.5373649597168
477.786376953125, 473.4883117675781, 42.04450225830078, 55.628108978271484
479.2723693847656, 472.85174560546875, 42.04450225830078, 55.628108978271484
480.0047302246094, 472.35858154296875, 42.04450225830078, 55.628108978271484
481.32586669921875, 471.3887939453125, 42.04450225830078, 55.628108978271484
483.1453552246094, 471.05865478515625, 42.04450225830078, 55.628108978271484
483.96453857421875, 470.67584228515625, 42.88539123535156, 56.74067306518555
485.8810729980469, 470.4909362792969, 42.88539123535156, 56.74067306518555
487.22607421875, 471.90789794921875, 42.88539123535156, 56.74067306518555
490.1805725097656, 472.29986572265625, 42.88539123535156, 56.74067306518555
490.95343017578125, 472.5282287597656, 42.88539123535156, 56.74067306518555
492.3567199707031, 473.66552734375, 42.04450225830078, 55.628108978271484
493.48175048828125, 473.5619812011719, 41.22010040283203, 54.5373649597168
494.0440673828125, 473.4223327636719, 41.22010040283203, 54.5373649597168
494.82830810546875, 472.907958984375, 41.22010040283203, 54.5373649597168
494.4881591796875, 471.4382019042969, 41.22010040283203, 54.5373649597168
494.6744384765625, 471.2080078125, 41.22010040283203, 54.5373649597168
495.07928466796875, 470.5886535644531, 41.22010040283203, 54.5373649597168
495.94573974609375, 470.0555114746094, 41.22010040283203, 54.5373649597168
496.12994384765625, 469.2229309082031, 41.22010040283203, 54.5373649597168
496.5164794921875, 469.32177734375, 41.22010040283203, 54.5373649597168
496.4962158203125, 470.12762451171875, 41.22010040283203, 54.5373649597168
496.4957275390625, 470.3049011230469, 41.22010040283203, 54.5373649597168
496.56982421875, 470.7919006347656, 41.22010040283203, 54.5373649597168
496.75152587890625, 470.375244140625, 41.22010040283203, 54.5373649597168
496.8955078125, 470.7067565917969, 41.22010040283203, 54.5373649597168
496.2489929199219, 470.23504638671875, 42.04450225830078, 55.628108978271484
495.5688171386719, 469.33306884765625, 42.04450225830078, 55.628108978271484
494.9878845214844, 469.1458740234375, 42.04450225830078, 55.628108978271484
492.5419006347656, 469.0733947753906, 42.04450225830078, 55.628108978271484
492.5195617675781, 468.96234130859375, 42.04450225830078, 55.628108978271484
491.4444885253906, 468.90240478515625, 42.04450225830078, 55.628108978271484
490.4610900878906, 468.89678955078125, 42.04450225830078, 55.628108978271484
489.7090759277344, 469.1791076660156, 42.04450225830078, 55.628108978271484
488.4167175292969, 469.7408447265625, 42.04450225830078, 55.628108978271484
487.3619384765625, 469.321044921875, 42.04450225830078, 55.628108978271484
485.71197509765625, 468.37139892578125, 42.04450225830078, 55.628108978271484
484.7762756347656, 467.7181396484375, 42.04450225830078, 55.628108978271484
482.7781066894531, 466.75726318359375, 42.04450225830078, 55.628108978271484
480.2826843261719, 465.0777587890625, 42.04450225830078, 55.628108978271484
478.471923828125, 464.52239990234375, 42.04450225830078, 55.628108978271484
477.36749267578125, 463.15655517578125, 42.04450225830078, 55.628108978271484
475.2885437011719, 462.22698974609375, 42.04450225830078, 55.628108978271484
474.2520751953125, 461.4255065917969, 42.04450225830078, 55.628108978271484
472.4910583496094, 460.8952941894531, 42.04450225830078, 55.628108978271484
471.9359130859375, 460.9334411621094, 42.04450225830078, 55.628108978271484
471.3875427246094, 461.2550964355469, 42.04450225830078, 55.628108978271484
470.4360046386719, 460.9259033203125, 42.04450225830078, 55.628108978271484
469.727783203125, 461.6969909667969, 42.04450225830078, 55.628108978271484
469.4841003417969, 460.9769592285156, 42.04450225830078, 55.628108978271484
468.2843017578125, 460.48590087890625, 42.04450225830078, 55.628108978271484
466.9859619140625, 458.7416076660156, 42.88539123535156, 56.74067306518555
466.1058044433594, 457.5912170410156, 42.88539123535156, 56.74067306518555
464.6504821777344, 456.36212158203125, 43.743099212646484, 57.87548828125
464.3208923339844, 454.3747863769531, 43.743099212646484, 57.87548828125
463.35101318359375, 453.6696472167969, 43.743099212646484, 57.87548828125
462.9582214355469, 453.1200866699219, 43.743099212646484, 57.87548828125
463.7685852050781, 452.75128173828125, 42.88539123535156, 56.74067306518555
463.89337158203125, 452.9883117675781, 42.04450225830078, 55.628108978271484
464.8310546875, 453.53045654296875, 42.04450225830078, 55.628108978271484
465.4795837402344, 452.77783203125, 42.04450225830078, 55.628108978271484
465.24005126953125, 452.3746643066406, 42.04450225830078, 55.628108978271484
464.9169921875, 451.44915771484375, 42.04450225830078, 55.628108978271484
465.3911437988281, 450.4195861816406, 42.04450225830078, 55.628108978271484
465.5013122558594, 448.5907897949219, 41.22010040283203, 54.5373649597168
465.2927551269531, 447.37371826171875, 42.04450225830078, 55.628108978271484
466.2373046875, 445.762939453125, 41.22010040283203, 54.5373649597168
467.640380859375, 444.52130126953125, 41.22010040283203, 54.5373649597168
467.8432922363281, 444.1254577636719, 41.22010040283203, 54.5373649597168
469.415283203125, 443.1419372558594, 41.22010040283203, 54.5373649597168
470.0170593261719, 442.9175720214844, 41.22010040283203, 54.5373649597168
472.2532043457031, 443.06585693359375, 40.411861419677734, 53.46800231933594
473.83074951171875, 443.5301513671875, 40.411861419677734, 53.46800231933594
474.6325988769531, 443.00518798828125, 40.411861419677734, 53.46800231933594
477.23748779296875, 441.87127685546875, 41.22010040283203, 54.5373649597168
477.11834716796875, 439.4445495605469, 41.22010040283203, 54.5373649597168
477.6837463378906, 438.47308349609375, 41.22010040283203, 54.5373649597168
477.8658752441406, 437.2863464355469, 41.22010040283203, 54.5373649597168
478.64208984375, 435.9894104003906, 41.22010040283203, 54.5373649597168
479.2625732421875, 434.7348937988281, 41.22010040283203, 54.5373649597168
480.385986328125, 433.86651611328125, 41.22010040283203, 54.5373649597168
481.01806640625, 433.9780578613281, 41.22010040283203, 54.5373649597168
481.2903747558594, 434.0420227050781, 41.22010040283203, 54.5373649597168
482.7293701171875, 434.1031799316406, 40.411861419677734, 53.46800231933594
483.0709533691406, 433.2474060058594, 41.22010040283203, 54.5373649597168
482.81884765625, 431.8557434082031, 41.22010040283203, 54.5373649597168
481.6631774902344, 429.03662109375, 42.04450225830078, 55.628108978271484
482.1818542480469, 428.640869140625, 41.22010040283203, 54.5373649597168
482.1927185058594, 427.2003479003906, 41.22010040283203, 54.5373649597168
482.2532958984375, 424.5633850097656, 41.22010040283203, 54.5373649597168
482.4866027832031, 423.8541564941406, 41.22010040283203, 54.5373649597168
482.26849365234375, 422.7974853515625, 41.22010040283203, 54.5373649597168
482.97869873046875, 422.0971374511719, 41.22010040283203, 54.5373649597168
483.5118408203125, 422.7619323730469, 40.411861419677734, 53.46800231933594
484.5714416503906, 422.7179260253906, 40.411861419677734, 53.46800231933594
485.2059020996094, 422.0697326660156, 40.411861419677734, 53.46800231933594
484.9876708984375, 421.2098388671875, 41.22010040283203, 54.5373649597168
485.33917236328125, 419.3884582519531, 41.22010040283203, 54.5373649597168
485.5552978515625, 418.0572509765625, 41.22010040283203, 54.5373649597168
484.73699951171875, 415.9945068359375, 41.22010040283203, 54.5373649597168
485.2754211425781, 415.086181640625, 40.411861419677734, 53.46800231933594
485.97998046875, 414.76776123046875, 40.411861419677734, 53.46800231933594
486.1324157714844, 413.9294128417969, 40.411861419677734, 53.46800231933594
486.3132629394531, 413.46856689453125, 40.411861419677734, 53.46800231933594
486.8572082519531, 413.04473876953125, 40.411861419677734, 53.46800231933594
486.4999084472656, 412.2209777832031, 41.22010040283203, 54.5373649597168
486.3214416503906, 410.9303894042969, 41.22010040283203, 54.5373649597168
487.14532470703125, 409.5635070800781, 40.411861419677734, 53.46800231933594
487.0248107910156, 408.4753723144531, 40.411861419677734, 53.46800231933594
486.7385559082031, 405.6648254394531, 40.411861419677734, 53.46800231933594
487.04803466796875, 403.38885498046875, 40.411861419677734, 53.46800231933594
486.68328857421875, 401.8796691894531, 40.411861419677734, 53.46800231933594
486.975341796875, 400.7832336425781, 40.411861419677734, 53.46800231933594
486.723876953125, 400.01239013671875, 40.411861419677734, 53.46800231933594
487.4917907714844, 399.43408203125, 40.411861419677734, 53.46800231933594
487.688720703125, 398.8248291015625, 40.411861419677734, 53.46800231933594
488.11834716796875, 399.0707092285156, 40.411861419677734, 53.46800231933594
488.2763671875, 399.14630126953125, 40.411861419677734, 53.46800231933594
488.47149658203125, 398.4505310058594, 40.411861419677734, 53.46800231933594
489.4634094238281, 396.7743225097656, 40.411861419677734, 53.46800231933594
489.95452880859375, 395.60369873046875, 40.411861419677734, 53.46800231933594
489.58209228515625, 394.18072509765625, 40.411861419677734, 53.46800231933594
490.59832763671875, 393.28948974609375, 40.411861419677734, 53.46800231933594
491.23870849609375, 391.873046875, 39.619476318359375, 52.419612884521484
491.40399169921875, 390.871337890625, 39.619476318359375, 52.419612884521484
492.71112060546875, 391.08502197265625, 38.84262466430664, 51.39177703857422
494.1387939453125, 391.4231872558594, 38.84262466430664, 51.39177703857422
496.41241455078125, 390.98040771484375, 38.84262466430664, 51.39177703857422
497.884521484375, 390.2451477050781, 38.84262466430664, 51.39177703857422
499.23333740234375, 388.52349853515625, 39.619476318359375, 52.419612884521484
500.87091064453125, 386.8746643066406, 39.619476318359375, 52.419612884521484
504.29644775390625, 385.02618408203125, 38.84262466430664, 51.39177703857422
506.33612060546875, 382.8865966796875, 39.619476318359375, 52.419612884521484
507.60205078125, 379.8276062011719, 39.619476318359375, 52.419612884521484
512.1357421875, 377.52001953125, 38.84262466430664, 51.39177703857422
515.7684936523438, 375.8067932128906, 39.619476318359375, 52.419612884521484
519.7646484375, 374.5407409667969, 39.619476318359375, 52.419612884521484
523.3941650390625, 373.69488525390625, 40.411861419677734, 53.46800231933594
527.5938720703125, 373.04974365234375, 40.411861419677734, 53.46800231933594
534.3010864257812, 373.02447509765625, 40.411861419677734, 53.46800231933594
539.0997924804688, 372.8840637207031, 39.619476318359375, 52.419612884521484
544.41015625, 370.39117431640625, 40.411861419677734, 53.46800231933594
549.1456909179688, 369.09552001953125, 40.411861419677734, 53.46800231933594
553.4619140625, 367.21923828125, 41.22010040283203, 54.5373649597168
560.6071166992188, 365.50433349609375, 39.619476318359375, 52.419612884521484
565.7549438476562, 363.5972900390625, 40.411861419677734, 53.46800231933594
571.0556030273438, 361.7401123046875, 41.22010040283203, 54.5373649597168
574.8604125976562, 358.6441345214844, 42.04450225830078, 55.628108978271484
580.4307250976562, 358.9454650878906, 41.22010040283203, 54.5373649597168
587.5548706054688, 359.57269287109375, 39.619476318359375, 52.419612884521484
592.7543334960938, 359.73016357421875, 39.619476318359375, 52.419612884521484
598.1162109375, 359.74298095703125, 39.619476318359375, 52.419612884521484
603.720703125, 359.3449401855469, 39.619476318359375, 52.419612884521484
608.2313232421875, 357.9324035644531, 39.619476318359375, 52.419612884521484
614.4961547851562, 356.09429931640625, 38.84262466430664, 51.39177703857422
618.6268310546875, 354.2997131347656, 39.619476318359375, 52.419612884521484
622.1500244140625, 352.11627197265625, 39.619476318359375, 52.419612884521484
626.6130981445312, 350.51214599609375, 38.84262466430664, 51.39177703857422
629.8013916015625, 349.1064453125, 38.84262466430664, 51.39177703857422
634.000244140625, 347.9844665527344, 39.619476318359375, 52.419612884521484
637.3211669921875, 346.6741027832031, 40.411861419677734, 53.46800231933594
639.7595825195312, 346.1471862792969, 41.22010040283203, 54.5373649597168
641.5914306640625, 346.08343505859375, 41.22010040283203, 54.5373649597168
644.0858764648438, 345.6864013671875, 41.22010040283203, 54.5373649597168
647.0504760742188, 344.474365234375, 42.04450225830078, 55.628108978271484
648.6489868164062, 342.4570007324219, 41.22010040283203, 54.5373649597168
650.3634643554688, 341.9009704589844, 41.22010040283203, 54.5373649597168
653.0717163085938, 339.9266357421875, 40.411861419677734, 53.46800231933594
652.841796875, 338.9761962890625, 41.22010040283203, 54.5373649597168
653.7771606445312, 336.9937438964844, 40.411861419677734, 53.46800231933594
655.6311645507812, 337.09564208984375, 40.411861419677734, 53.46800231933594
655.4186401367188, 336.9111022949219, 40.411861419677734, 53.46800231933594
655.1298828125, 336.8602600097656, 40.411861419677734, 53.46800231933594
654.8786010742188, 336.79949951171875, 40.411861419677734, 53.46800231933594
654.2935180664062, 336.7750244140625, 41.22010040283203, 54.5373649597168
654.9305419921875, 336.00787353515625, 40.411861419677734, 53.46800231933594
654.75048828125, 336.70672607421875, 40.411861419677734, 53.46800231933594
655.0562744140625, 334.83856201171875, 41.22010040283203, 54.5373649597168
653.8844604492188, 331.8392639160156, 42.04450225830078, 55.628108978271484
654.1148071289062, 331.14569091796875, 41.22010040283203, 54.5373649597168
654.25244140625, 329.19085693359375, 41.22010040283203, 54.5373649597168
655.0614624023438, 329.11279296875, 40.411861419677734, 53.46800231933594
655.5037231445312, 328.8360290527344, 41.22010040283203, 54.5373649597168
656.4248657226562, 327.38397216796875, 40.411861419677734, 53.46800231933594
659.6505737304688, 328.5063781738281, 39.619476318359375, 52.419612884521484
661.61669921875, 329.3367004394531, 39.619476318359375, 52.419612884521484
664.076416015625, 330.4817199707031, 38.84262466430664, 51.39177703857422
666.2001953125, 329.334716796875, 39.619476318359375, 52.419612884521484
668.0656127929688, 328.689697265625, 40.411861419677734, 53.46800231933594
672.0556640625, 327.6907653808594, 40.411861419677734, 53.46800231933594
675.2501220703125, 326.4964904785156, 40.411861419677734, 53.46800231933594
679.2405395507812, 325.5558776855469, 39.619476318359375, 52.419612884521484
681.9226684570312, 324.43212890625, 40.411861419677734, 53.46800231933594
685.746826171875, 324.1075134277344, 39.619476318359375, 52.419612884521484
691.0086669921875, 324.138427734375, 39.619476318359375, 52.419612884521484
695.0714111328125, 324.7440490722656, 38.84262466430664, 51.39177703857422
698.9816284179688, 325.7462463378906, 38.08100128173828, 50.38409423828125
702.0469970703125, 326.6772155761719, 38.08100128173828, 50.38409423828125
705.0868530273438, 326.7970275878906, 38.842620849609375, 51.39177322387695
710.519287109375, 327.244873046875, 38.842620849609375, 51.39177322387695
713.5853271484375, 326.87744140625, 39.61947250366211, 52.41960906982422
715.37744140625, 325.7808532714844, 40.41185760498047, 53.46799850463867
718.0107421875, 325.1766357421875, 40.41185760498047, 53.46799850463867
719.8258056640625, 324.3584899902344, 40.41185760498047, 53.46799850463867
723.4039306640625, 322.402587890625, 39.61947250366211, 52.41960906982422
725.6881103515625, 322.7830810546875, 39.61947250366211, 52.41960906982422
728.0634155273438, 322.5391540527344, 40.41185760498047, 53.46799850463867
729.99755859375, 322.4067077636719, 40.41185760498047, 53.46799850463867
733.00732421875, 323.30767822265625, 39.61947250366211, 52.41960906982422
736.1771850585938, 324.5482482910156, 40.41185760498047, 53.46799850463867
737.4200439453125, 324.7879943847656, 41.220096588134766, 54.537357330322266
738.930908203125, 325.08673095703125, 40.41185760498047, 53.46799850463867
742.031982421875, 325.0604553222656, 41.220096588134766, 54.537357330322266
744.978759765625, 323.8834228515625, 40.41185760498047, 53.46799850463867
746.74755859375, 323.3870849609375, 41.220096588134766, 54.537357330322266
749.3281860351562, 322.59954833984375, 40.41185760498047, 53.46799850463867
752.4506225585938, 322.4115905761719, 40.41185760498047, 53.46799850463867
754.287841796875, 322.7070007324219, 39.61947250366211, 52.41960906982422
755.1088256835938, 322.5496826171875, 40.41185760498047, 53.46799850463867
758.5582885742188, 323.37066650390625, 39.61947250366211, 52.41960906982422
760.478271484375, 324.45068359375, 39.61947250366211, 52.41960906982422
762.3815307617188, 325.41387939453125, 39.61947250366211, 52.41960906982422
763.2100219726562, 324.96636962890625, 41.2200927734375, 54.537353515625
765.487548828125, 325.21429443359375, 41.2200927734375, 54.537353515625
767.074462890625, 324.50885009765625, 41.2200927734375, 54.537353515625
769.020263671875, 323.4952697753906, 42.04449462890625, 55.62810134887695
771.2669677734375, 322.83245849609375, 40.4118537902832, 53.467994689941406
773.844970703125, 322.679443359375, 41.2200927734375, 54.537353515625
774.601318359375, 321.6463317871094, 42.04449462890625, 55.62810134887695
778.4873657226562, 322.2176208496094, 40.4118537902832, 53.467994689941406
780.4696044921875, 322.4035949707031, 41.2200927734375, 54.537353515625
781.4345703125, 323.1924743652344, 40.4118537902832, 53.467994689941406
784.6820068359375, 323.8656005859375, 41.2200927734375, 54.537353515625
785.5783081054688, 324.06048583984375, 41.2200927734375, 54.537353515625
788.4129028320312, 324.4893493652344, 41.2200927734375, 54.537353515625
790.101318359375, 324.3841857910156, 42.04449462890625, 55.62810134887695
793.2959594726562, 323.0971984863281, 41.2200927734375, 54.537353515625
796.0390625, 322.5869140625, 42.04449462890625, 55.62810134887695
797.5167236328125, 322.14556884765625, 41.2200927734375, 54.537353515625
801.2120971679688, 321.4441833496094, 41.2200927734375, 54.537353515625
804.2869873046875, 322.2247009277344, 40.4118537902832, 53.467994689941406
805.9111938476562, 322.3507385253906, 41.2200927734375, 54.537353515625
807.6470336914062, 322.6913146972656, 40.4118537902832, 53.467994689941406
810.8170166015625, 322.8048400878906, 41.2200927734375, 54.537353515625
812.8895874023438, 324.6524963378906, 39.619468688964844, 52.41960144042969
816.493408203125, 326.68121337890625, 38.84261703491211, 51.39176940917969
819.0728149414062, 327.24456787109375, 38.080997467041016, 50.384090423583984
820.1979370117188, 326.4991149902344, 37.334312438964844, 49.39616394042969
823.9620361328125, 326.2704162597656, 36.602264404296875, 48.4276123046875
825.966552734375, 325.18902587890625, 36.602264404296875, 48.4276123046875
828.1759033203125, 324.6891174316406, 35.88457489013672, 47.47805404663086
828.9744873046875, 323.3313903808594, 35.88457489013672, 47.47805404663086
832.2230834960938, 322.3836364746094, 36.602264404296875, 48.4276123046875
832.907470703125, 323.497314453125, 36.602264404296875, 48.4276123046875
835.6031494140625, 324.6845397949219, 36.602264404296875, 48.4276123046875
837.051513671875, 325.4908752441406, 37.334312438964844, 49.39616394042969
838.1088256835938, 324.75494384765625, 38.080997467041016, 50.384090423583984
838.8897094726562, 325.88372802734375, 37.334312438964844, 49.39616394042969
841.2069091796875, 325.03936767578125, 37.334312438964844, 49.39616394042969
843.6500854492188, 324.6580505371094, 36.602264404296875, 48.4276123046875
845.2158813476562, 323.8609313964844, 35.88457489013672, 47.47805404663086
844.8526000976562, 321.71917724609375, 36.602264404296875, 48.4276123046875
846.642822265625, 321.9869384765625, 36.602264404296875, 48.4276123046875
848.6853637695312, 320.31298828125, 37.334312438964844, 49.39616394042969
848.9010009765625, 320.1552429199219, 37.334312438964844, 49.39616394042969
849.939697265625, 320.5361022949219, 38.080997467041016, 50.384090423583984
850.966796875, 320.86407470703125, 38.080997467041016, 50.384090423583984
851.0350952148438, 321.1148681640625, 38.080997467041016, 50.384090423583984
852.594482421875, 321.6880187988281, 38.080997467041016, 50.384090423583984
854.970458984375, 321.90606689453125, 38.84261703491211, 51.39176940917969
856.0367431640625, 321.7820129394531, 38.84261703491211, 51.39176940917969
857.6737670898438, 321.16650390625, 38.84261703491211, 51.39176940917969
858.5003662109375, 320.362548828125, 38.84261703491211, 51.39176940917969
861.1790771484375, 318.4041748046875, 38.84261703491211, 51.39176940917969
862.53759765625, 317.6878662109375, 38.84261703491211, 51.39176940917969
864.4342651367188, 317.4566955566406, 38.84261703491211, 51.39176940917969
865.7605590820312, 317.4166564941406, 38.84261703491211, 51.39176940917969
866.6290283203125, 317.7430419921875, 38.84261703491211, 51.39176940917969
867.6630859375, 318.2413330078125, 39.619468688964844, 52.41960144042969
870.4099731445312, 318.92913818359375, 39.619468688964844, 52.41960144042969
871.0945434570312, 318.8716735839844, 39.619468688964844, 52.41960144042969
873.8031005859375, 318.29547119140625, 39.619468688964844, 52.41960144042969
874.8672485351562, 318.05621337890625, 39.619468688964844, 52.41960144042969
877.2682495117188, 316.9915466308594, 39.619468688964844, 52.41960144042969
878.8021240234375, 316.1805114746094, 38.84261703491211, 51.39176940917969
880.555908203125, 315.7807922363281, 38.84261703491211, 51.39176940917969
883.1571655273438, 315.58306884765625, 38.080997467041016, 50.384090423583984
882.6425170898438, 315.15386962890625, 38.080997467041016, 50.384090423583984
884.5552368164062, 314.9884338378906, 38.080997467041016, 50.384090423583984
884.9994506835938, 315.8420104980469, 38.080997467041016, 50.384090423583984
884.9719848632812, 315.9425354003906, 38.080997467041016, 50.384090423583984
885.2111206054688, 316.1175842285156, 38.080997467041016, 50.384090423583984
885.2575073242188, 315.31536865234375, 38.84261703491211, 51.39176940917969
885.9915161132812, 314.19036865234375, 39.619468688964844, 52.41960144042969
885.6920776367188, 312.63665771484375, 40.4118537902832, 53.467994689941406
885.8405151367188, 311.46258544921875, 40.4118537902832, 53.467994689941406
884.0822143554688, 309.8611755371094, 40.4118537902832, 53.467994689941406
883.8173217773438, 309.2468566894531, 40.4118537902832, 53.467994689941406
882.2194213867188, 308.4091796875, 41.2200927734375, 54.537353515625
881.3294677734375, 307.9413146972656, 40.4118537902832, 53.467994689941406
880.587646484375, 308.5319519042969, 39.619468688964844, 52.41960144042969
879.2479858398438, 308.5316467285156, 39.619468688964844, 52.41960144042969
877.5501098632812, 308.24530029296875, 39.619468688964844, 52.41960144042969
876.9061889648438, 307.91131591796875, 38.84261703491211, 51.39176940917969
874.435791015625, 306.16815185546875, 39.619468688964844, 52.41960144042969
873.6515502929688, 305.2227478027344, 38.84261703491211, 51.39176940917969
870.8388671875, 303.3553771972656, 39.619468688964844, 52.41960144042969
870.475341796875, 302.2491455078125, 38.84261703491211, 51.39176940917969
868.5663452148438, 301.0150451660156, 38.84261703491211, 51.39176940917969
865.721923828125, 300.3526916503906, 38.080997467041016, 50.384090423583984
863.0066528320312, 299.8824768066406, 37.334312438964844, 49.39616394042969
861.5701904296875, 299.80145263671875, 37.334312438964844, 49.39616394042969
858.6539306640625, 300.4724426269531, 36.602264404296875, 48.4276123046875
857.7333984375, 300.3790283203125, 36.602264404296875, 48.4276123046875
853.2727661132812, 299.3497619628906, 37.334312438964844, 49.39616394042969
852.0367431640625, 297.8720397949219, 38.080997467041016, 50.384090423583984
849.0020751953125, 296.6939697265625, 37.334312438964844, 49.39616394042969
848.6066284179688, 295.8285827636719, 37.334312438964844, 49.39616394042969
846.2559814453125, 294.0345764160156, 38.080997467041016, 50.384090423583984
844.7996215820312, 291.8453674316406, 37.334312438964844, 49.39616394042969
843.7371826171875, 291.15447998046875, 38.080997467041016, 50.384090423583984
843.2269287109375, 291.00921630859375, 37.334312438964844, 49.39616394042969
843.2797241210938, 291.1541748046875, 37.334312438964844, 49.39616394042969
842.5978393554688, 290.9528503417969, 38.080997467041016, 50.384090423583984
841.7374877929688, 290.6734924316406, 37.334312438964844, 49.39616394042969
841.8797607421875, 290.7568359375, 37.334312438964844, 49.39616394042969
842.7570190429688, 290.6123046875, 36.602264404296875, 48.4276123046875
842.4577026367188, 289.3571472167969, 37.334312438964844, 49.39616394042969
843.6183471679688, 288.1771545410156, 36.602264404296875, 48.4276123046875
845.310546875, 286.425048828125, 37.334312438964844, 49.39616394042969
845.5993041992188, 285.3707275390625, 37.334312438964844, 49.39616394042969
846.1206665039062, 284.97442626953125, 36.602264404296875, 48.4276123046875
847.578857421875, 285.4911193847656, 35.18095397949219, 46.54711151123047
847.859619140625, 285.323974609375, 35.88457489013672, 47.47805404663086
849.4854125976562, 285.4407043457031, 35.18095397949219, 46.54711151123047
849.5399780273438, 286.77386474609375, 35.88457489013672, 47.47805404663086
850.2388305664062, 286.0693359375, 35.88457489013672, 47.47805404663086
851.074951171875, 285.8583984375, 35.88457489013672, 47.47805404663086
851.9176025390625, 284.75006103515625, 35.88457489013672, 47.47805404663086
853.9940795898438, 283.03131103515625, 36.602264404296875, 48.4276123046875
854.7382202148438, 282.19097900390625, 36.602264404296875, 48.4276123046875
855.19970703125, 280.80499267578125, 37.334312438964844, 49.39616394042969
856.3658447265625, 280.0426330566406, 37.334312438964844, 49.39616394042969
856.8209228515625, 279.42352294921875, 37.334312438964844, 49.39616394042969
858.0337524414062, 279.20452880859375, 36.602264404296875, 48.4276123046875
858.7881469726562, 279.75164794921875, 35.88457489013672, 47.47805404663086
859.099609375, 279.781005859375, 35.88457489013672, 47.47805404663086
858.9107055664062, 280.52740478515625, 35.18095397949219, 46.54711151123047
858.9368896484375, 280.02337646484375, 36.60226058959961, 48.427608489990234
858.95751953125, 278.83721923828125, 36.60226058959961, 48.427608489990234
859.5724487304688, 278.23388671875, 35.88457107543945, 47.47804641723633
859.472900390625, 276.9198303222656, 36.60226058959961, 48.427608489990234
860.8868408203125, 276.37860107421875, 35.18095397949219, 46.54711151123047
860.6631469726562, 275.60186767578125, 35.18095397949219, 46.54711151123047
859.6416015625, 274.4119567871094, 35.88457489013672, 47.47805404663086
859.4009399414062, 273.7693786621094, 35.18095397949219, 46.54711151123047
858.9453125, 272.7681579589844, 36.60226058959961, 48.427608489990234
857.95849609375, 274.4727783203125, 36.60226058959961, 48.427608489990234
857.3506469726562, 274.24114990234375, 36.60226058959961, 48.427608489990234
856.8375244140625, 273.30828857421875, 37.33430862426758, 49.39616012573242
856.4097900390625, 272.43536376953125, 37.33430862426758, 49.39616012573242
855.7061767578125, 271.3896179199219, 37.33430862426758, 49.39616012573242
856.2901611328125, 271.0161437988281, 35.88457107543945, 47.47804641723633
855.3709716796875, 269.8280334472656, 35.88457107543945, 47.47804641723633
855.207763671875, 268.6928405761719, 35.18095016479492, 46.54710388183594
855.5454711914062, 267.8887939453125, 35.88457107543945, 47.47804641723633
853.66650390625, 267.1438903808594, 35.88457107543945, 47.47804641723633
853.996826171875, 266.8373107910156, 35.88457107543945, 47.47804641723633
854.2554321289062, 267.07373046875, 35.18095016479492, 46.54710388183594
853.6869506835938, 267.3521728515625, 35.88457107543945, 47.47804641723633
851.9331665039062, 266.2709045410156, 35.88457107543945, 47.47804641723633
852.5280151367188, 265.9867858886719, 35.18095016479492, 46.54710388183594
852.762939453125, 265.9485168457031, 34.491127014160156, 45.63441467285156
851.8738403320312, 264.2817687988281, 35.88456726074219, 47.47804260253906
851.3516235351562, 260.73016357421875, 37.33430099487305, 49.396148681640625
851.5347290039062, 261.6178283691406, 35.88456726074219, 47.47804260253906
851.6958618164062, 260.89434814453125, 35.180946350097656, 46.54710006713867
851.1361083984375, 259.5069885253906, 36.60225296020508, 48.42759704589844
851.9633178710938, 261.0417175292969, 35.180946350097656, 46.54710006713867
852.4443969726562, 261.53326416015625, 34.49112319946289, 45.6344108581543
853.1172485351562, 262.50262451171875, 33.81482696533203, 44.73961639404297
852.0394897460938, 262.4631042480469, 33.81482696533203, 44.73961639404297
852.3868408203125, 261.583984375, 34.491119384765625, 45.634403228759766
853.1486206054688, 261.04351806640625, 34.491119384765625, 45.634403228759766
853.4492797851562, 259.6032409667969, 35.18094253540039, 46.54709243774414
853.7232055664062, 258.4891052246094, 35.18094253540039, 46.54709243774414
854.8732299804688, 257.4977111816406, 35.18094253540039, 46.54709243774414
855.2932739257812, 256.7032470703125, 35.18094253540039, 46.54709243774414
855.9607543945312, 255.89517211914062, 35.88456344604492, 47.4780387878418
856.6231689453125, 256.0100402832031, 34.49112319946289, 45.6344108581543
857.5028686523438, 256.56842041015625, 35.180946350097656, 46.54710006713867
857.4417114257812, 257.0688781738281, 34.49112319946289, 45.6344108581543
857.9816284179688, 257.3310241699219, 35.180946350097656, 46.54710006713867
858.9065551757812, 257.1499938964844, 34.49112319946289, 45.6344108581543
859.3467407226562, 256.6141357421875, 34.49112319946289, 45.6344108581543
860.5029907226562, 255.3128662109375, 34.49112319946289, 45.6344108581543
861.0863037109375, 254.23037719726562, 34.49112319946289, 45.6344108581543
860.775634765625, 252.1922607421875, 35.88456344604492, 47.4780387878418
861.0524291992188, 251.86679077148438, 35.88456344604492, 47.4780387878418
863.0472412109375, 252.31210327148438, 34.49112319946289, 45.6344108581543
862.6875, 251.013671875, 35.88456344604492, 47.4780387878418
862.5592041015625, 251.01718139648438, 36.60225296020508, 48.42759704589844
863.327392578125, 251.59841918945312, 36.60225296020508, 48.42759704589844
864.1009521484375, 253.35690307617188, 35.88456344604492, 47.4780387878418
863.4380493164062, 251.73020935058594, 37.33429718017578, 49.39614486694336
864.0137329101562, 252.24534606933594, 37.33429718017578, 49.39614486694336
865.061279296875, 252.3078155517578, 37.33429718017578, 49.39614486694336
867.0750122070312, 252.07615661621094, 35.18094253540039, 46.54709243774414
868.2452392578125, 251.5760498046875, 34.491119384765625, 45.634403228759766
868.6898803710938, 250.54281616210938, 34.491119384765625, 45.634403228759766
869.8223266601562, 250.36264038085938, 33.814823150634766, 44.73960876464844
869.5966796875, 250.30850219726562, 33.15178680419922, 43.862361907958984
869.5715942382812, 250.34194946289062, 33.15178680419922, 43.862361907958984
869.5288696289062, 250.80325317382812, 33.15178680419922, 43.862361907958984
869.3145751953125, 251.84722900390625, 33.15178680419922, 43.862361907958984
869.6051635742188, 252.10580444335938, 33.814823150634766, 44.73960876464844
868.907470703125, 250.8333740234375, 33.814823150634766, 44.73960876464844
869.302001953125, 250.51861572265625, 33.15178680419922, 43.862361907958984
869.9362182617188, 250.58316040039062, 33.15178680419922, 43.862361907958984
869.7969360351562, 249.31915283203125, 33.15178680419922, 43.862361907958984
869.5537109375, 248.20443725585938, 33.15178680419922, 43.862361907958984
869.4371337890625, 247.78683471679688, 32.50175094604492, 43.002315521240234
869.8809814453125, 247.8309783935547, 31.239669799804688, 41.33248519897461
869.6672973632812, 248.57440185546875, 30.627126693725586, 40.52204513549805
869.466552734375, 249.11459350585938, 30.627126693725586, 40.52204513549805
868.2431030273438, 249.3421630859375, 30.627126693725586, 40.52204513549805
867.0751953125, 249.6225128173828, 31.239669799804688, 41.33248519897461
865.729248046875, 249.06419372558594, 31.864463806152344, 42.15913772583008
865.1845703125, 248.81431579589844, 31.864463806152344, 42.15913772583008
863.070068359375, 248.88536071777344, 31.239669799804688, 41.33248519897461
861.8299560546875, 245.9958038330078, 31.864463806152344, 42.15913772583008
860.4002075195312, 245.045166015625, 32.50175094604492, 43.002315521240234
857.56982421875, 243.96788024902344, 33.8148193359375, 44.73960494995117
855.951416015625, 243.7513427734375, 33.15178298950195, 43.86235809326172
854.7291870117188, 243.85247802734375, 33.15178298950195, 43.86235809326172
852.1559448242188, 244.1889190673828, 33.8148193359375, 44.73960494995117
849.6893920898438, 244.0166473388672, 33.8148193359375, 44.73960494995117
849.2373046875, 244.29949951171875, 33.15178298950195, 43.86235809326172
848.7550659179688, 245.0982666015625, 32.501747131347656, 43.00231170654297
845.3361206054688, 244.88287353515625, 32.501747131347656, 43.00231170654297
844.7335815429688, 244.33465576171875, 31.864458084106445, 42.15913009643555
843.2965087890625, 243.32308959960938, 33.15177917480469, 43.86235046386719
841.2093505859375, 242.439697265625, 33.15177917480469, 43.86235046386719
840.367919921875, 241.93215942382812, 32.50174331665039, 43.0023078918457
837.2373046875, 239.9398193359375, 33.15177917480469, 43.86235046386719
836.80859375, 241.1402587890625, 32.50174331665039, 43.0023078918457
834.1497192382812, 240.86981201171875, 31.86445426940918, 42.159122467041016
833.415771484375, 241.79403686523438, 31.86445426940918, 42.159122467041016
831.3923950195312, 242.05441284179688, 32.50174331665039, 43.0023078918457
828.8277587890625, 242.0750732421875, 33.15177917480469, 43.86235046386719
828.2582397460938, 242.41946411132812, 32.50174331665039, 43.0023078918457
826.4657592773438, 242.09060668945312, 33.15177917480469, 43.86235046386719
825.8123779296875, 240.99545288085938, 32.50174331665039, 43.0023078918457
824.7401123046875, 240.67807006835938, 32.50174331665039, 43.0023078918457
825.2962646484375, 239.2205810546875, 31.86445426940918, 42.159122467041016
824.5220336914062, 238.88177490234375, 32.50174331665039, 43.0023078918457
824.0757446289062, 238.31448364257812, 31.86445426940918, 42.159122467041016
823.7874755859375, 238.70687866210938, 31.86445426940918, 42.159122467041016
823.7268676757812, 238.78598022460938, 32.50174331665039, 43.0023078918457
823.1637573242188, 238.74252319335938, 32.50174331665039, 43.0023078918457
822.6276245117188, 239.24203491210938, 32.50174331665039, 43.0023078918457
823.2503662109375, 240.71478271484375, 31.86445426940918, 42.159122467041016
823.13330078125, 240.91064453125, 32.50174331665039, 43.0023078918457
823.4703369140625, 240.38067626953125, 31.86445426940918, 42.159122467041016
824.1054077148438, 239.97512817382812, 32.50174331665039, 43.0023078918457
824.6045532226562, 239.17840576171875, 31.86445426940918, 42.159122467041016
825.9512329101562, 238.939697265625, 31.86445426940918, 42.159122467041016
826.7901611328125, 238.19927978515625, 31.86445426940918, 42.159122467041016
827.8577880859375, 238.77374267578125, 31.239660263061523, 41.33247375488281
828.5773315429688, 239.15548706054688, 30.627117156982422, 40.52203369140625
829.1165161132812, 239.31497192382812, 31.239660263061523, 41.33247375488281
829.4400634765625, 240.77664184570312, 31.239660263061523, 41.33247375488281
829.3416137695312, 241.0113525390625, 31.239660263061523, 41.33247375488281
830.993896484375, 241.70877075195312, 31.239660263061523, 41.33247375488281
831.4127197265625, 242.26504516601562, 30.627117156982422, 40.52203369140625
831.9937133789062, 242.06842041015625, 30.627117156982422, 40.52203369140625
832.1835327148438, 241.5780029296875, 30.627117156982422, 40.52203369140625
833.1839599609375, 241.51168823242188, 30.627117156982422, 40.52203369140625
833.4859619140625, 241.14401245117188, 30.627117156982422, 40.52203369140625
833.6132202148438, 240.36029052734375, 31.239660263061523, 41.33247375488281
833.3239135742188, 240.08889770507812, 31.239660263061523, 41.33247375488281
833.9508666992188, 240.98587036132812, 31.239660263061523, 41.33247375488281
833.5171508789062, 241.44879150390625, 31.239660263061523, 41.33247375488281
832.6397705078125, 241.649658203125, 31.239660263061523, 41.33247375488281
832.3947143554688, 242.24160766601562, 31.239660263061523, 41.33247375488281
831.6670532226562, 242.82565307617188, 31.239660263061523, 41.33247375488281
831.2657470703125, 242.4827880859375, 31.239660263061523, 41.33247375488281
831.2998046875, 241.35464477539062, 31.239660263061523, 41.33247375488281
830.836669921875, 240.9039306640625, 30.627117156982422, 40.52203369140625
828.724853515625, 240.46514892578125, 30.627117156982422, 40.52203369140625
828.4329833984375, 240.77349853515625, 30.026586532592773, 39.727481842041016
828.3533935546875, 241.00765991210938, 30.026586532592773, 39.727481842041016
826.8534545898438, 241.20770263671875, 30.62711524963379, 40.522029876708984
824.7388916015625, 241.39154052734375, 30.62711524963379, 40.522029876708984
822.7725219726562, 242.57846069335938, 30.62711524963379, 40.522029876708984
821.5521240234375, 243.14907836914062, 30.62711524963379, 40.522029876708984
821.0325927734375, 243.19595336914062, 30.62711524963379, 40.522029876708984
818.9450073242188, 243.299560546875, 30.62711524963379, 40.522029876708984
817.6057739257812, 242.45266723632812, 31.23965835571289, 41.33246994018555
815.6594848632812, 241.57122802734375, 31.23965835571289, 41.33246994018555
815.2869873046875, 241.12496948242188, 30.62711524963379, 40.522029876708984
814.3704223632812, 240.78173828125, 30.62711524963379, 40.522029876708984
813.5740356445312, 240.94216918945312, 30.02658462524414, 39.72747802734375
813.0863037109375, 242.17205810546875, 30.02658462524414, 39.72747802734375
810.083984375, 241.84674072265625, 30.627113342285156, 40.52202606201172
808.6744995117188, 242.01187133789062, 30.627113342285156, 40.52202606201172
807.9758911132812, 242.98797607421875, 30.627113342285156, 40.52202606201172
805.4877319335938, 243.38809204101562, 31.239656448364258, 41.33246994018555
804.0880737304688, 243.39920043945312, 31.239656448364258, 41.33246994018555
803.0422973632812, 242.88577270507812, 31.864450454711914, 42.15911865234375
802.656982421875, 243.71255493164062, 31.864450454711914, 42.15911865234375
800.8348388671875, 243.4241943359375, 31.864450454711914, 42.15911865234375
800.3917846679688, 242.63165283203125, 31.864450454711914, 42.15911865234375
798.3697509765625, 242.64474487304688, 31.864450454711914, 42.15911865234375
797.4714965820312, 243.01708984375, 31.239656448364258, 41.33246994018555
795.521728515625, 243.2276611328125, 31.239656448364258, 41.33246994018555
794.8171997070312, 243.8363037109375, 31.239656448364258, 41.33246994018555
794.2238159179688, 244.36041259765625, 31.239656448364258, 41.33246994018555
793.3992919921875, 244.44039916992188, 31.864450454711914, 42.15911865234375
792.5204467773438, 246.48849487304688, 31.864450454711914, 42.15911865234375
792.2213745117188, 246.52923583984375, 31.864450454711914, 42.15911865234375
791.6148681640625, 246.30743408203125, 31.864450454711914, 42.15911865234375
791.856689453125, 246.1448974609375, 31.239656448364258, 41.33246994018555
791.38427734375, 245.59576416015625, 31.239656448364258, 41.33246994018555
790.9739990234375, 245.07135009765625, 30.627113342285156, 40.52202606201172
791.0023803710938, 245.05850219726562, 30.627113342285156, 40.52202606201172
790.9447631835938, 245.31753540039062, 30.627113342285156, 40.52202606201172
791.0325927734375, 246.36648559570312, 30.627113342285156, 40.52202606201172
791.1159057617188, 247.638916015625, 30.627113342285156, 40.52202606201172
790.9089965820312, 249.280029296875, 30.627113342285156, 40.52202606201172
790.7874145507812, 249.4317626953125, 30.627113342285156, 40.52202606201172
790.7455444335938, 249.72296142578125, 30.627113342285156, 40.52202606201172
790.7777709960938, 250.02484130859375, 30.627113342285156, 40.52202606201172
790.9719848632812, 249.43487548828125, 30.627113342285156, 40.52202606201172
791.2813110351562, 249.2359619140625, 30.627113342285156, 40.52202606201172
791.7050170898438, 248.87689208984375, 30.627113342285156, 40.52202606201172
791.833251953125, 248.87890625, 30.026580810546875, 39.72747802734375
