914.0,513.0,32.0,66.0
914.0,512.0,32.0,66.0
914.0,510.0,33.0,67.0
914.0,510.0,33.0,67.0
456.0,255.0,16.0,39.0
909.0,501.0,37.0,73.0
909.0,501.0,37.0,74.0
908.0,500.0,37.0,74.0
907.0,499.0,38.0,75.0
905.0,497.0,39.0,77.0
904.0,497.0,39.0,77.0
903.0,497.0,39.0,77.0
902.0,496.0,39.0,77.0
901.0,496.0,39.0,77.0
900.0,496.0,39.0,77.0
899.0,497.0,39.0,77.0
898.0,496.0,39.0,77.0
897.0,497.0,39.0,77.0
896.0,497.0,39.0,77.0
895.0,497.0,39.0,77.0
893.0,497.0,39.0,77.0
892.0,498.0,39.0,77.0
892.0,498.0,39.0,77.0
891.0,498.0,38.0,76.0
890.0,498.0,38.0,76.0
890.0,499.0,37.0,75.0
888.0,499.0,37.0,75.0
887.0,499.0,37.0,76.0
886.0,499.0,37.0,76.0
885.0,498.0,38.0,77.0
884.0,498.0,38.0,77.0
883.0,499.0,37.0,78.0
882.0,499.0,37.0,78.0
881.0,499.0,38.0,79.0
879.0,498.0,39.0,81.0
878.0,498.0,39.0,82.0
877.0,498.0,39.0,82.0
876.0,498.0,38.0,82.0
876.0,498.0,39.0,84.0
875.0,499.0,38.0,83.0
873.0,499.0,38.0,83.0
873.0,499.0,38.0,83.0
872.0,499.0,38.0,84.0
870.0,499.0,40.0,84.0
868.0,499.0,41.0,84.0
866.0,500.0,43.0,83.0
864.0,500.0,44.0,82.0
861.0,500.0,46.0,83.0
861.0,500.0,46.0,83.0
859.0,500.0,45.0,82.0
858.0,500.0,45.0,82.0
857.0,499.0,46.0,84.0
856.0,500.0,46.0,83.0
855.0,500.0,46.0,83.0
854.0,500.0,46.0,83.0
853.0,499.0,46.0,85.0
851.0,499.0,46.0,85.0
850.0,500.0,46.0,85.0
850.0,500.0,46.0,85.0
848.0,500.0,46.0,85.0
847.0,500.0,47.0,85.0
846.0,502.0,46.0,85.0
845.0,502.0,46.0,84.0
844.0,502.0,46.0,85.0
843.0,503.0,46.0,85.0
841.0,503.0,47.0,85.0
840.0,503.0,46.0,85.0
840.0,504.0,46.0,84.0
838.0,504.0,46.0,84.0
837.0,505.0,46.0,83.0
837.0,506.0,45.0,82.0
835.0,506.0,45.0,82.0
834.0,506.0,45.0,82.0
834.0,508.0,45.0,82.0
832.0,508.0,45.0,82.0
830.0,508.0,45.0,82.0
829.0,508.0,45.0,82.0
828.0,507.0,45.0,82.0
826.0,508.0,45.0,82.0
825.0,508.0,45.0,82.0
823.0,508.0,45.0,82.0
825.0,509.0,42.0,82.0
824.0,509.0,42.0,82.0
824.0,509.0,42.0,82.0
823.0,509.0,42.0,82.0
823.0,509.0,42.0,82.0
822.0,510.0,42.0,82.0
822.0,510.0,42.0,82.0
821.0,510.0,42.0,82.0
811.0,512.0,45.0,82.0
810.0,512.0,46.0,83.0
809.0,513.0,45.0,82.0
808.0,513.0,45.0,82.0
806.0,513.0,45.0,82.0
805.0,513.0,45.0,82.0
804.0,513.0,45.0,82.0
803.0,514.0,45.0,82.0
802.0,514.0,45.0,82.0
800.0,514.0,45.0,82.0
799.0,515.0,45.0,82.0
798.0,515.0,45.0,82.0
796.0,515.0,45.0,82.0
796.0,516.0,45.0,82.0
794.0,516.0,45.0,82.0
793.0,516.0,45.0,82.0
792.0,516.0,45.0,82.0
790.0,516.0,45.0,82.0
789.0,516.0,45.0,82.0
788.0,516.0,45.0,82.0
787.0,516.0,45.0,82.0
786.0,516.0,45.0,82.0
785.0,516.0,45.0,82.0
783.0,516.0,45.0,82.0
782.0,516.0,45.0,82.0
780.0,517.0,45.0,82.0
779.0,517.0,45.0,82.0
778.0,517.0,45.0,82.0
777.0,518.0,45.0,82.0
775.0,518.0,45.0,82.0
775.0,518.0,45.0,82.0
774.0,518.0,45.0,82.0
773.0,518.0,45.0,82.0
772.0,518.0,45.0,82.0
771.0,518.0,45.0,82.0
770.0,518.0,45.0,82.0
768.0,518.0,45.0,82.0
767.0,518.0,45.0,82.0
766.0,518.0,45.0,82.0
765.0,518.0,45.0,82.0
764.0,518.0,45.0,82.0
763.0,518.0,45.0,82.0
761.0,518.0,45.0,82.0
760.0,518.0,45.0,82.0
759.0,517.0,45.0,82.0
758.0,517.0,45.0,82.0
757.0,516.0,45.0,82.0
756.0,516.0,45.0,82.0
755.0,516.0,45.0,82.0
754.0,516.0,45.0,82.0
753.0,516.0,45.0,82.0
751.0,515.0,46.0,83.0
750.0,515.0,46.0,83.0
749.0,516.0,45.0,82.0
747.0,516.0,45.0,82.0
746.0,516.0,45.0,82.0
744.0,516.0,45.0,82.0
743.0,516.0,45.0,82.0
741.0,515.0,45.0,82.0
740.0,515.0,45.0,82.0
739.0,514.0,45.0,82.0
737.0,514.0,45.0,82.0
736.0,514.0,45.0,82.0
735.0,514.0,45.0,82.0
734.0,514.0,45.0,82.0
733.0,514.0,45.0,82.0
732.0,514.0,45.0,82.0
730.0,513.0,45.0,82.0
729.0,513.0,44.0,81.0
728.0,513.0,44.0,81.0
727.0,513.0,44.0,81.0
725.0,511.0,45.0,82.0
724.0,511.0,45.0,82.0
722.0,510.0,45.0,82.0
720.0,510.0,45.0,82.0
719.0,510.0,45.0,82.0
718.0,510.0,45.0,82.0
716.0,510.0,45.0,82.0
716.0,510.0,45.0,82.0
714.0,510.0,45.0,82.0
713.0,510.0,45.0,82.0
710.0,510.0,45.0,82.0
710.0,510.0,45.0,82.0
708.0,511.0,45.0,82.0
707.0,510.0,45.0,82.0
706.0,510.0,45.0,82.0
704.0,510.0,45.0,82.0
703.0,509.0,45.0,82.0
701.0,509.0,45.0,82.0
701.0,508.0,46.0,83.0
700.0,507.0,46.0,84.0
698.0,507.0,46.0,84.0
695.0,507.0,46.0,84.0
695.0,507.0,46.0,84.0
694.0,507.0,46.0,83.0
694.0,507.0,46.0,83.0
693.0,506.0,46.0,83.0
692.0,505.0,46.0,83.0
692.0,505.0,45.0,82.0
691.0,505.0,45.0,82.0
690.0,505.0,45.0,82.0
689.0,504.0,45.0,82.0
688.0,504.0,45.0,82.0
687.0,503.0,45.0,82.0
686.0,503.0,46.0,83.0
684.0,503.0,46.0,83.0
683.0,503.0,46.0,83.0
682.0,502.0,46.0,83.0
681.0,502.0,46.0,84.0
680.0,501.0,46.0,84.0
678.0,502.0,46.0,83.0
677.0,501.0,46.0,83.0
676.0,500.0,46.0,83.0
674.0,500.0,46.0,83.0
673.0,500.0,46.0,83.0
673.0,500.0,46.0,83.0
671.0,500.0,46.0,84.0
669.0,499.0,46.0,84.0
668.0,499.0,46.0,85.0
667.0,498.0,47.0,85.0
666.0,498.0,47.0,85.0
665.0,497.0,47.0,85.0
664.0,496.0,47.0,85.0
662.0,496.0,46.0,85.0
661.0,495.0,46.0,85.0
660.0,494.0,46.0,84.0
658.0,494.0,46.0,84.0
658.0,493.0,46.0,83.0
657.0,494.0,46.0,83.0
656.0,494.0,46.0,84.0
653.0,493.0,46.0,83.0
652.0,494.0,46.0,84.0
650.0,493.0,46.0,85.0
648.0,493.0,46.0,85.0
646.0,493.0,46.0,85.0
644.0,492.0,46.0,85.0
642.0,492.0,46.0,83.0
641.0,492.0,46.0,83.0
639.0,492.0,46.0,83.0
638.0,491.0,45.0,82.0
637.0,491.0,45.0,82.0
635.0,490.0,45.0,82.0
634.0,489.0,46.0,83.0
633.0,489.0,46.0,83.0
632.0,489.0,46.0,83.0
630.0,489.0,46.0,83.0
630.0,489.0,45.0,82.0
629.0,488.0,46.0,83.0
628.0,488.0,46.0,83.0
627.0,488.0,46.0,84.0
624.0,486.0,46.0,84.0
623.0,486.0,46.0,84.0
622.0,486.0,46.0,84.0
621.0,485.0,46.0,84.0
618.0,483.0,46.0,84.0
617.0,484.0,46.0,84.0
617.0,484.0,46.0,83.0
615.0,484.0,46.0,84.0
613.0,483.0,46.0,84.0
612.0,484.0,46.0,84.0
611.0,484.0,46.0,84.0
610.0,484.0,46.0,84.0
608.0,484.0,46.0,84.0
608.0,484.0,46.0,83.0
607.0,484.0,46.0,83.0
606.0,484.0,46.0,83.0
604.0,483.0,46.0,84.0
604.0,483.0,46.0,83.0
603.0,483.0,46.0,83.0
602.0,482.0,46.0,84.0
601.0,482.0,46.0,84.0
600.0,482.0,46.0,85.0
599.0,482.0,46.0,84.0
598.0,482.0,46.0,84.0
598.0,481.0,46.0,85.0
596.0,481.0,47.0,85.0
596.0,481.0,46.0,85.0
595.0,480.0,46.0,85.0
594.0,479.0,47.0,85.0
593.0,478.0,47.0,85.0
592.0,478.0,46.0,85.0
591.0,478.0,46.0,85.0
590.0,477.0,46.0,85.0
589.0,477.0,46.0,85.0
587.0,477.0,46.0,85.0
587.0,477.0,46.0,85.0
586.0,476.0,46.0,85.0
584.0,477.0,46.0,85.0
583.0,476.0,46.0,85.0
582.0,476.0,46.0,85.0
581.0,476.0,47.0,85.0
580.0,475.0,47.0,85.0
579.0,474.0,47.0,85.0
578.0,473.0,47.0,86.0
577.0,472.0,47.0,86.0
576.0,471.0,48.0,87.0
575.0,470.0,48.0,87.0
575.0,470.0,47.0,85.0
574.0,470.0,47.0,86.0
574.0,469.0,47.0,86.0
572.0,468.0,48.0,87.0
572.0,467.0,48.0,87.0
571.0,466.0,48.0,88.0
570.0,465.0,48.0,88.0
570.0,464.0,48.0,88.0
569.0,463.0,48.0,88.0
568.0,462.0,48.0,87.0
568.0,462.0,48.0,87.0
567.0,461.0,48.0,87.0
566.0,461.0,48.0,87.0
566.0,461.0,47.0,85.0
566.0,462.0,47.0,85.0
565.0,461.0,47.0,85.0
565.0,461.0,46.0,85.0
563.0,461.0,46.0,84.0
563.0,461.0,45.0,83.0
562.0,461.0,45.0,83.0
561.0,460.0,45.0,81.0
561.0,460.0,44.0,80.0
560.0,460.0,44.0,81.0
560.0,459.0,44.0,81.0
559.0,458.0,44.0,81.0
559.0,458.0,44.0,81.0
558.0,458.0,43.0,79.0
558.0,458.0,43.0,79.0
557.0,457.0,43.0,78.0
557.0,457.0,43.0,79.0
556.0,456.0,43.0,79.0
556.0,455.0,43.0,78.0
556.0,454.0,43.0,79.0
555.0,453.0,43.0,79.0
555.0,452.0,43.0,79.0
555.0,451.0,43.0,79.0
554.0,450.0,43.0,79.0
554.0,450.0,43.0,79.0
554.0,449.0,43.0,79.0
554.0,449.0,43.0,79.0
554.0,448.0,43.0,79.0
553.0,448.0,43.0,79.0
553.0,448.0,43.0,79.0
553.0,447.0,43.0,79.0
552.0,446.0,43.0,79.0
552.0,446.0,43.0,79.0
552.0,445.0,43.0,79.0
553.0,445.0,43.0,78.0
553.0,444.0,43.0,78.0
553.0,443.0,43.0,78.0
553.0,442.0,43.0,78.0
553.0,441.0,43.0,78.0
554.0,441.0,43.0,78.0
554.0,441.0,43.0,78.0
554.0,441.0,43.0,78.0
554.0,440.0,43.0,78.0
555.0,439.0,43.0,78.0
556.0,439.0,42.0,77.0
556.0,437.0,42.0,77.0
556.0,437.0,42.0,76.0
557.0,436.0,42.0,77.0
557.0,434.0,42.0,77.0
557.0,434.0,42.0,77.0
557.0,433.0,43.0,78.0
558.0,432.0,43.0,79.0
558.0,432.0,43.0,78.0
558.0,431.0,43.0,79.0
559.0,431.0,43.0,78.0
559.0,430.0,43.0,79.0
559.0,430.0,43.0,79.0
559.0,429.0,43.0,79.0
560.0,429.0,43.0,78.0
560.0,429.0,43.0,78.0
561.0,428.0,43.0,78.0
560.0,427.0,44.0,80.0
561.0,426.0,43.0,79.0
561.0,425.0,43.0,79.0
561.0,424.0,43.0,79.0
562.0,424.0,43.0,78.0
563.0,424.0,43.0,78.0
563.0,423.0,43.0,78.0
564.0,422.0,43.0,78.0
565.0,422.0,43.0,78.0
565.0,421.0,42.0,77.0
565.0,420.0,43.0,78.0
566.0,418.0,43.0,78.0
567.0,418.0,43.0,78.0
567.0,417.0,43.0,78.0
567.0,415.0,43.0,78.0
568.0,415.0,43.0,78.0
569.0,414.0,43.0,78.0
570.0,414.0,42.0,77.0
570.0,412.0,43.0,78.0
570.0,411.0,43.0,78.0
571.0,411.0,43.0,78.0
571.0,411.0,43.0,78.0
571.0,410.0,43.0,78.0
572.0,410.0,42.0,77.0
572.0,409.0,43.0,78.0
572.0,408.0,43.0,79.0
572.0,406.0,43.0,78.0
572.0,406.0,43.0,79.0
573.0,405.0,43.0,79.0
573.0,404.0,43.0,79.0
574.0,403.0,43.0,79.0
574.0,402.0,43.0,79.0
575.0,402.0,43.0,79.0
575.0,401.0,43.0,78.0
574.0,392.0,43.0,78.0
576.0,391.0,43.0,78.0
577.0,390.0,43.0,78.0
578.0,390.0,43.0,78.0
579.0,389.0,43.0,78.0
580.0,386.0,43.0,79.0
581.0,385.0,43.0,79.0
583.0,384.0,43.0,78.0
585.0,382.0,43.0,78.0
583.0,385.0,43.0,78.0
583.0,384.0,43.0,78.0
584.0,383.0,43.0,78.0
586.0,382.0,43.0,78.0
586.0,380.0,43.0,78.0
587.0,379.0,43.0,78.0
586.0,377.0,43.0,78.0
587.0,375.0,43.0,78.0
587.0,373.0,43.0,78.0
588.0,371.0,43.0,78.0
588.0,360.0,42.0,77.0
589.0,358.0,42.0,77.0
591.0,357.0,42.0,76.0
592.0,355.0,42.0,76.0
594.0,353.0,42.0,76.0
594.0,351.0,42.0,77.0
592.0,357.0,42.0,76.0
593.0,354.0,42.0,77.0
594.0,353.0,42.0,76.0
595.0,351.0,42.0,76.0
596.0,350.0,41.0,76.0
597.0,347.0,41.0,76.0
597.0,345.0,41.0,76.0
598.0,343.0,41.0,76.0
599.0,340.0,41.0,76.0
601.0,340.0,41.0,76.0
601.0,338.0,41.0,76.0
602.0,337.0,41.0,75.0
602.0,336.0,41.0,76.0
603.0,336.0,41.0,76.0
603.0,335.0,41.0,76.0
604.0,334.0,41.0,76.0
605.0,333.0,42.0,76.0
606.0,331.0,42.0,76.0
606.0,331.0,42.0,76.0
606.0,330.0,42.0,76.0
607.0,328.0,42.0,76.0
608.0,327.0,42.0,76.0
608.0,325.0,42.0,76.0
608.0,324.0,42.0,77.0
609.0,322.0,42.0,77.0
610.0,322.0,42.0,77.0
611.0,320.0,43.0,78.0
612.0,319.0,42.0,77.0
612.0,318.0,43.0,78.0
614.0,317.0,43.0,77.0
615.0,316.0,42.0,76.0
616.0,316.0,42.0,76.0
617.0,315.0,42.0,76.0
619.0,314.0,42.0,75.0
620.0,312.0,42.0,75.0
621.0,311.0,41.0,75.0
622.0,310.0,41.0,75.0
623.0,308.0,41.0,74.0
624.0,307.0,41.0,74.0
626.0,307.0,41.0,74.0
627.0,305.0,41.0,74.0
628.0,305.0,41.0,74.0
629.0,304.0,41.0,74.0
631.0,302.0,40.0,73.0
631.0,302.0,40.0,73.0
632.0,301.0,40.0,72.0
633.0,300.0,40.0,73.0
634.0,298.0,40.0,73.0
634.0,297.0,40.0,73.0
636.0,296.0,41.0,73.0
636.0,294.0,41.0,73.0
638.0,294.0,40.0,72.0
639.0,293.0,40.0,72.0
640.0,292.0,40.0,72.0
641.0,292.0,40.0,71.0
642.0,291.0,40.0,71.0
643.0,290.0,40.0,72.0
644.0,288.0,40.0,71.0
645.0,287.0,40.0,71.0
646.0,286.0,40.0,71.0
648.0,285.0,40.0,71.0
648.0,283.0,40.0,71.0
650.0,282.0,40.0,71.0
650.0,281.0,40.0,71.0
652.0,279.0,40.0,71.0
653.0,279.0,40.0,70.0
654.0,278.0,40.0,71.0
655.0,277.0,40.0,71.0
656.0,276.0,40.0,71.0
657.0,275.0,40.0,71.0
657.0,274.0,40.0,71.0
659.0,273.0,40.0,71.0
659.0,272.0,40.0,71.0
660.0,270.0,40.0,71.0
661.0,269.0,40.0,71.0
662.0,267.0,40.0,71.0
663.0,267.0,40.0,71.0
665.0,266.0,40.0,71.0
665.0,265.0,40.0,71.0
667.0,265.0,40.0,71.0
668.0,264.0,40.0,71.0
669.0,264.0,40.0,71.0
671.0,262.0,40.0,71.0
672.0,262.0,40.0,71.0
673.0,260.0,40.0,71.0
675.0,260.0,40.0,71.0
676.0,259.0,40.0,71.0
677.0,258.0,40.0,71.0
678.0,258.0,40.0,71.0
683.0,257.0,37.0,71.0
684.0,257.0,37.0,71.0
684.0,257.0,37.0,71.0
686.0,259.0,37.0,71.0
686.0,261.0,37.0,71.0
688.0,268.0,37.0,71.0
689.0,271.0,37.0,71.0
689.0,273.0,37.0,71.0
692.0,284.0,36.0,71.0
693.0,280.0,36.0,71.0
694.0,283.0,36.0,71.0
697.0,294.0,35.0,71.0
698.0,297.0,35.0,71.0
699.0,302.0,37.0,72.0
700.0,305.0,38.0,73.0
704.0,312.0,35.0,73.0
705.0,317.0,36.0,72.0
706.0,322.0,38.0,73.0
704.0,330.0,38.0,72.0
704.0,330.0,38.0,72.0
706.0,329.0,37.0,71.0
706.0,328.0,37.0,71.0
710.0,326.0,37.0,71.0
711.0,325.0,37.0,72.0
711.0,324.0,37.0,72.0
712.0,324.0,38.0,73.0
712.0,323.0,38.0,73.0
714.0,321.0,37.0,73.0
714.0,321.0,36.0,72.0
716.0,321.0,36.0,72.0
717.0,321.0,36.0,71.0
717.0,319.0,36.0,71.0
720.0,318.0,36.0,71.0
721.0,318.0,36.0,71.0
721.0,317.0,40.0,71.0
722.0,315.0,40.0,71.0
724.0,314.0,40.0,71.0
725.0,313.0,40.0,71.0
727.0,312.0,40.0,71.0
728.0,311.0,40.0,71.0
730.0,311.0,40.0,71.0
731.0,310.0,40.0,71.0
733.0,309.0,40.0,71.0
734.0,309.0,40.0,71.0
736.0,308.0,40.0,71.0
738.0,306.0,40.0,71.0
740.0,306.0,40.0,71.0
741.0,304.0,40.0,71.0
744.0,303.0,40.0,71.0
744.0,302.0,40.0,71.0
747.0,302.0,40.0,71.0
748.0,300.0,40.0,71.0
750.0,300.0,40.0,71.0
751.0,299.0,40.0,71.0
753.0,299.0,40.0,71.0
755.0,297.0,40.0,71.0
757.0,297.0,40.0,71.0
758.0,295.0,40.0,71.0
760.0,295.0,40.0,71.0
761.0,293.0,40.0,71.0
764.0,292.0,40.0,71.0
766.0,290.0,40.0,71.0
768.0,290.0,40.0,71.0
771.0,289.0,40.0,71.0
776.0,285.0,34.0,71.0
777.0,285.0,34.0,71.0
778.0,284.0,34.0,71.0
780.0,286.0,35.0,71.0
781.0,285.0,35.0,71.0
784.0,286.0,35.0,71.0
789.0,283.0,35.0,71.0
791.0,282.0,35.0,71.0
791.0,282.0,35.0,71.0
796.0,280.0,35.0,71.0
797.0,279.0,35.0,71.0
798.0,279.0,35.0,71.0
801.0,278.0,38.0,71.0
803.0,278.0,38.0,71.0
803.0,278.0,38.0,71.0
805.0,278.0,38.0,71.0
805.0,277.0,38.0,71.0
815.0,274.0,34.0,71.0
816.0,274.0,34.0,71.0
817.0,273.0,34.0,71.0
819.0,271.0,36.0,71.0
820.0,271.0,36.0,71.0
821.0,271.0,36.0,71.0
823.0,269.0,41.0,72.0
825.0,269.0,41.0,72.0
828.0,267.0,41.0,72.0
831.0,266.0,41.0,72.0
833.0,266.0,41.0,72.0
836.0,266.0,41.0,72.0
839.0,264.0,40.0,72.0
841.0,264.0,40.0,72.0
844.0,263.0,39.0,72.0
846.0,262.0,39.0,72.0
849.0,262.0,39.0,72.0
851.0,261.0,38.0,71.0
854.0,261.0,37.0,71.0
856.0,260.0,36.0,69.0
859.0,259.0,36.0,69.0
862.0,259.0,35.0,69.0
864.0,258.0,35.0,69.0
866.0,258.0,34.0,68.0
868.0,257.0,34.0,68.0
870.0,256.0,33.0,68.0
873.0,256.0,33.0,68.0
876.0,255.0,32.0,67.0
878.0,254.0,32.0,67.0
880.0,254.0,32.0,67.0
883.0,252.0,32.0,67.0
884.0,252.0,32.0,67.0
886.0,252.0,32.0,67.0
888.0,251.0,32.0,67.0
890.0,251.0,32.0,67.0
893.0,250.0,32.0,67.0
895.0,249.0,32.0,67.0
897.0,249.0,32.0,67.0
899.0,249.0,32.0,67.0
901.0,247.0,32.0,67.0
903.0,246.0,32.0,67.0
905.0,246.0,32.0,67.0
907.0,245.0,32.0,67.0
909.0,244.0,32.0,67.0
911.0,244.0,32.0,67.0
914.0,244.0,32.0,66.0
916.0,243.0,32.0,66.0
917.0,243.0,32.0,66.0
919.0,243.0,32.0,66.0
922.0,243.0,32.0,66.0
924.0,242.0,32.0,66.0
927.0,242.0,31.0,66.0
928.0,240.0,31.0,66.0
931.0,240.0,31.0,66.0
933.0,239.0,31.0,66.0
935.0,239.0,31.0,66.0
937.0,238.0,31.0,66.0
939.0,237.0,31.0,66.0
942.0,237.0,31.0,66.0
943.0,237.0,31.0,66.0
946.0,236.0,31.0,65.0
948.0,236.0,31.0,65.0
950.0,236.0,31.0,65.0
952.0,234.0,31.0,65.0
954.0,234.0,31.0,64.0
956.0,233.0,31.0,64.0
958.0,232.0,31.0,64.0
960.0,231.0,31.0,64.0
962.0,231.0,31.0,63.0
963.0,231.0,31.0,63.0
965.0,230.0,31.0,63.0
967.0,230.0,31.0,63.0
968.0,229.0,31.0,63.0
970.0,229.0,31.0,63.0
971.0,228.0,31.0,63.0
974.0,228.0,31.0,63.0
976.0,228.0,31.0,63.0
977.0,227.0,31.0,63.0
980.0,227.0,31.0,63.0
981.0,227.0,31.0,63.0
983.0,227.0,31.0,63.0
985.0,227.0,31.0,63.0
987.0,227.0,31.0,63.0
988.0,227.0,31.0,63.0
