547.0,242.0,33.0,80.0
547.0,243.0,32.0,79.0
547.0,244.0,32.0,79.0
546.0,242.0,32.0,80.0
545.0,243.0,32.0,80.0
542.0,242.0,33.0,83.0
542.0,243.0,33.0,83.0
541.0,243.0,33.0,83.0
540.0,244.0,33.0,83.0
539.0,244.0,33.0,83.0
538.0,245.0,32.0,81.0
538.0,245.0,32.0,81.0
537.0,245.0,32.0,81.0
536.0,245.0,32.0,82.0
535.0,246.0,32.0,82.0
534.0,245.0,32.0,82.0
534.0,244.0,33.0,83.0
533.0,245.0,33.0,83.0
532.0,245.0,33.0,83.0
531.0,244.0,33.0,83.0
530.0,244.0,34.0,84.0
528.0,244.0,34.0,84.0
528.0,245.0,34.0,84.0
528.0,245.0,33.0,83.0
526.0,246.0,33.0,83.0
526.0,247.0,32.0,81.0
525.0,247.0,32.0,81.0
525.0,248.0,32.0,80.0
525.0,249.0,32.0,79.0
524.0,250.0,32.0,79.0
523.0,250.0,32.0,80.0
523.0,250.0,32.0,80.0
522.0,250.0,32.0,80.0
522.0,250.0,32.0,80.0
521.0,250.0,32.0,81.0
520.0,250.0,32.0,81.0
519.0,250.0,32.0,81.0
519.0,250.0,32.0,81.0
518.0,250.0,32.0,81.0
517.0,250.0,32.0,81.0
516.0,251.0,32.0,81.0
516.0,252.0,32.0,81.0
515.0,252.0,32.0,81.0
514.0,253.0,32.0,81.0
514.0,254.0,32.0,81.0
513.0,255.0,32.0,81.0
512.0,255.0,32.0,81.0
512.0,255.0,32.0,80.0
512.0,255.0,32.0,80.0
511.0,255.0,32.0,80.0
510.0,256.0,32.0,80.0
508.0,256.0,32.0,81.0
507.0,256.0,32.0,81.0
507.0,256.0,32.0,81.0
506.0,255.0,32.0,81.0
505.0,256.0,32.0,81.0
504.0,256.0,32.0,81.0
503.0,257.0,32.0,81.0
502.0,257.0,32.0,81.0
502.0,258.0,32.0,80.0
501.0,259.0,32.0,80.0
501.0,259.0,32.0,80.0
501.0,259.0,32.0,80.0
501.0,260.0,32.0,79.0
502.0,260.0,32.0,79.0
502.0,261.0,32.0,79.0
503.0,261.0,32.0,79.0
503.0,261.0,32.0,80.0
503.0,261.0,32.0,80.0
503.0,261.0,32.0,80.0
504.0,261.0,32.0,80.0
504.0,261.0,32.0,81.0
505.0,261.0,32.0,81.0
506.0,261.0,32.0,81.0
506.0,262.0,32.0,81.0
507.0,262.0,32.0,81.0
508.0,262.0,32.0,81.0
508.0,263.0,32.0,81.0
509.0,263.0,32.0,81.0
510.0,264.0,32.0,81.0
511.0,264.0,32.0,82.0
511.0,264.0,32.0,82.0
512.0,264.0,32.0,82.0
513.0,264.0,32.0,82.0
514.0,264.0,32.0,82.0
515.0,263.0,33.0,83.0
516.0,263.0,33.0,83.0
516.0,263.0,33.0,83.0
517.0,263.0,33.0,83.0
517.0,263.0,33.0,83.0
518.0,263.0,33.0,83.0
520.0,263.0,33.0,83.0
521.0,264.0,32.0,82.0
522.0,264.0,32.0,82.0
522.0,265.0,32.0,82.0
524.0,265.0,32.0,82.0
525.0,265.0,32.0,82.0
526.0,266.0,32.0,82.0
528.0,266.0,32.0,82.0
529.0,266.0,32.0,82.0
530.0,266.0,32.0,81.0
532.0,266.0,32.0,81.0
533.0,266.0,32.0,81.0
534.0,266.0,33.0,82.0
535.0,266.0,33.0,82.0
536.0,266.0,33.0,82.0
538.0,266.0,33.0,83.0
538.0,266.0,33.0,83.0
539.0,266.0,33.0,83.0
540.0,267.0,32.0,82.0
543.0,267.0,32.0,82.0
543.0,268.0,32.0,82.0
544.0,268.0,32.0,82.0
546.0,267.0,32.0,82.0
546.0,268.0,32.0,82.0
548.0,267.0,32.0,82.0
549.0,267.0,32.0,82.0
550.0,268.0,32.0,82.0
551.0,268.0,32.0,82.0
553.0,268.0,32.0,81.0
554.0,267.0,32.0,81.0
555.0,267.0,32.0,81.0
555.0,267.0,32.0,81.0
557.0,267.0,32.0,81.0
558.0,268.0,32.0,81.0
559.0,268.0,32.0,81.0
560.0,268.0,32.0,81.0
561.0,269.0,32.0,79.0
563.0,269.0,32.0,79.0
565.0,270.0,32.0,79.0
567.0,270.0,32.0,79.0
569.0,271.0,32.0,79.0
570.0,270.0,32.0,79.0
572.0,270.0,32.0,79.0
574.0,271.0,32.0,79.0
576.0,271.0,32.0,79.0
577.0,271.0,32.0,79.0
578.0,271.0,32.0,79.0
580.0,271.0,32.0,79.0
580.0,271.0,32.0,79.0
582.0,271.0,32.0,79.0
583.0,272.0,32.0,80.0
584.0,272.0,32.0,80.0
586.0,272.0,32.0,80.0
588.0,272.0,32.0,80.0
589.0,273.0,32.0,80.0
591.0,273.0,32.0,80.0
592.0,273.0,32.0,80.0
593.0,274.0,32.0,80.0
595.0,274.0,32.0,80.0
596.0,274.0,32.0,80.0
597.0,274.0,32.0,80.0
599.0,274.0,32.0,80.0
600.0,274.0,32.0,80.0
602.0,274.0,32.0,80.0
603.0,274.0,32.0,80.0
604.0,274.0,32.0,80.0
606.0,274.0,32.0,80.0
608.0,275.0,32.0,80.0
609.0,275.0,32.0,80.0
611.0,275.0,32.0,80.0
612.0,275.0,32.0,80.0
613.0,276.0,32.0,80.0
615.0,276.0,32.0,80.0
617.0,276.0,32.0,80.0
619.0,277.0,32.0,80.0
621.0,277.0,32.0,80.0
622.0,277.0,32.0,80.0
624.0,277.0,32.0,80.0
625.0,277.0,32.0,80.0
626.0,277.0,32.0,80.0
626.0,277.0,32.0,80.0
627.0,277.0,32.0,80.0
627.0,277.0,32.0,80.0
627.0,277.0,32.0,80.0
627.0,278.0,32.0,80.0
628.0,278.0,32.0,80.0
629.0,278.0,32.0,80.0
629.0,279.0,32.0,80.0
628.0,279.0,32.0,80.0
628.0,280.0,32.0,80.0
628.0,280.0,32.0,80.0
628.0,279.0,32.0,80.0
627.0,279.0,32.0,80.0
627.0,279.0,32.0,80.0
627.0,280.0,32.0,80.0
626.0,280.0,32.0,80.0
625.0,280.0,32.0,80.0
626.0,280.0,32.0,80.0
626.0,279.0,32.0,80.0
625.0,280.0,32.0,80.0
625.0,280.0,32.0,80.0
624.0,280.0,32.0,80.0
624.0,280.0,32.0,80.0
624.0,281.0,32.0,80.0
624.0,281.0,32.0,80.0
624.0,281.0,32.0,80.0
624.0,282.0,32.0,80.0
624.0,282.0,32.0,80.0
624.0,282.0,32.0,80.0
625.0,282.0,32.0,80.0
625.0,283.0,32.0,80.0
625.0,283.0,33.0,81.0
625.0,283.0,33.0,81.0
625.0,283.0,33.0,81.0
626.0,283.0,33.0,81.0
626.0,283.0,33.0,81.0
626.0,283.0,33.0,81.0
627.0,283.0,33.0,81.0
627.0,283.0,33.0,81.0
627.0,284.0,33.0,81.0
627.0,284.0,33.0,81.0
627.0,284.0,33.0,81.0
628.0,285.0,33.0,82.0
628.0,285.0,33.0,82.0
629.0,286.0,33.0,82.0
630.0,286.0,33.0,82.0
630.0,286.0,33.0,82.0
630.0,286.0,33.0,82.0
631.0,286.0,33.0,82.0
631.0,286.0,33.0,82.0
632.0,286.0,33.0,82.0
632.0,286.0,33.0,82.0
633.0,286.0,33.0,82.0
633.0,286.0,33.0,82.0
633.0,286.0,33.0,82.0
634.0,287.0,33.0,82.0
634.0,287.0,33.0,82.0
635.0,288.0,33.0,82.0
635.0,288.0,33.0,82.0
636.0,289.0,33.0,82.0
637.0,289.0,33.0,82.0
639.0,290.0,33.0,82.0
640.0,290.0,33.0,82.0
641.0,290.0,33.0,82.0
642.0,290.0,33.0,82.0
643.0,290.0,33.0,83.0
644.0,290.0,33.0,83.0
645.0,289.0,33.0,83.0
647.0,289.0,33.0,83.0
647.0,290.0,33.0,83.0
648.0,290.0,33.0,83.0
649.0,290.0,33.0,83.0
650.0,291.0,33.0,83.0
651.0,292.0,33.0,83.0
653.0,293.0,33.0,83.0
655.0,293.0,33.0,83.0
656.0,293.0,33.0,83.0
656.0,294.0,33.0,83.0
658.0,294.0,33.0,83.0
659.0,294.0,33.0,83.0
660.0,294.0,33.0,83.0
661.0,294.0,33.0,83.0
662.0,294.0,33.0,83.0
662.0,294.0,33.0,83.0
663.0,294.0,33.0,83.0
663.0,294.0,33.0,83.0
664.0,294.0,33.0,83.0
664.0,294.0,33.0,83.0
664.0,294.0,33.0,83.0
665.0,294.0,33.0,83.0
665.0,294.0,33.0,83.0
664.0,295.0,33.0,83.0
664.0,295.0,33.0,83.0
665.0,296.0,33.0,83.0
664.0,296.0,33.0,83.0
664.0,296.0,33.0,83.0
665.0,296.0,33.0,83.0
664.0,296.0,33.0,83.0
663.0,296.0,33.0,83.0
662.0,296.0,33.0,83.0
661.0,296.0,34.0,85.0
659.0,296.0,34.0,85.0
658.0,296.0,34.0,85.0
656.0,296.0,34.0,85.0
655.0,296.0,34.0,85.0
653.0,296.0,34.0,85.0
651.0,297.0,34.0,85.0
649.0,297.0,34.0,85.0
648.0,298.0,34.0,85.0
646.0,299.0,33.0,83.0
644.0,299.0,33.0,83.0
643.0,299.0,33.0,83.0
642.0,300.0,33.0,83.0
641.0,299.0,33.0,83.0
639.0,299.0,33.0,83.0
639.0,299.0,33.0,83.0
637.0,298.0,33.0,83.0
636.0,298.0,33.0,83.0
636.0,298.0,33.0,83.0
635.0,298.0,33.0,83.0
634.0,298.0,33.0,83.0
634.0,298.0,33.0,83.0
633.0,298.0,33.0,83.0
632.0,299.0,33.0,83.0
632.0,299.0,33.0,83.0
632.0,300.0,33.0,83.0
632.0,300.0,33.0,83.0
632.0,301.0,33.0,83.0
632.0,300.0,33.0,83.0
632.0,301.0,33.0,83.0
633.0,301.0,33.0,83.0
633.0,301.0,33.0,83.0
633.0,301.0,33.0,83.0
634.0,301.0,33.0,83.0
634.0,301.0,33.0,83.0
633.0,302.0,33.0,83.0
633.0,302.0,33.0,83.0
633.0,302.0,33.0,83.0
634.0,302.0,33.0,83.0
633.0,303.0,33.0,83.0
632.0,303.0,34.0,85.0
632.0,303.0,34.0,85.0
632.0,303.0,34.0,85.0
631.0,304.0,34.0,85.0
631.0,304.0,34.0,85.0
630.0,305.0,33.0,83.0
630.0,306.0,33.0,83.0
630.0,306.0,33.0,83.0
629.0,306.0,33.0,83.0
629.0,305.0,33.0,83.0
628.0,305.0,33.0,83.0
628.0,306.0,33.0,83.0
627.0,305.0,33.0,83.0
626.0,305.0,33.0,83.0
626.0,306.0,33.0,83.0
624.0,306.0,33.0,83.0
624.0,306.0,33.0,83.0
623.0,306.0,33.0,83.0
623.0,307.0,33.0,83.0
623.0,308.0,32.0,82.0
622.0,308.0,32.0,82.0
622.0,309.0,32.0,82.0
622.0,309.0,32.0,82.0
621.0,310.0,32.0,82.0
621.0,310.0,32.0,82.0
621.0,310.0,32.0,82.0
620.0,311.0,32.0,82.0
620.0,311.0,32.0,82.0
619.0,310.0,33.0,83.0
619.0,311.0,33.0,83.0
618.0,311.0,33.0,83.0
617.0,311.0,33.0,83.0
616.0,311.0,33.0,83.0
616.0,312.0,33.0,83.0
614.0,312.0,33.0,83.0
613.0,313.0,33.0,83.0
612.0,313.0,34.0,83.0
611.0,314.0,34.0,84.0
610.0,314.0,34.0,84.0
609.0,315.0,35.0,84.0
608.0,315.0,35.0,84.0
607.0,315.0,35.0,84.0
605.0,315.0,35.0,84.0
605.0,315.0,35.0,84.0
604.0,315.0,35.0,84.0
602.0,315.0,35.0,84.0
602.0,314.0,35.0,84.0
600.0,314.0,35.0,84.0
598.0,315.0,35.0,84.0
596.0,315.0,35.0,84.0
595.0,315.0,35.0,84.0
593.0,316.0,35.0,84.0
591.0,316.0,35.0,84.0
589.0,316.0,35.0,84.0
587.0,317.0,35.0,84.0
586.0,318.0,35.0,84.0
584.0,319.0,35.0,84.0
582.0,320.0,35.0,84.0
581.0,321.0,34.0,83.0
579.0,321.0,34.0,83.0
577.0,321.0,34.0,83.0
576.0,322.0,34.0,83.0
575.0,322.0,34.0,83.0
572.0,322.0,34.0,83.0
571.0,323.0,34.0,83.0
570.0,323.0,35.0,84.0
569.0,323.0,35.0,84.0
567.0,324.0,35.0,84.0
566.0,324.0,35.0,84.0
566.0,325.0,35.0,84.0
565.0,325.0,35.0,84.0
564.0,326.0,35.0,84.0
563.0,327.0,35.0,84.0
562.0,328.0,35.0,85.0
562.0,328.0,35.0,85.0
562.0,329.0,35.0,85.0
562.0,329.0,35.0,85.0
562.0,329.0,35.0,85.0
562.0,329.0,35.0,85.0
563.0,329.0,35.0,85.0
563.0,329.0,35.0,85.0
564.0,329.0,34.0,85.0
565.0,329.0,34.0,85.0
566.0,329.0,34.0,85.0
567.0,329.0,34.0,85.0
568.0,329.0,34.0,85.0
569.0,330.0,34.0,85.0
570.0,330.0,34.0,85.0
572.0,331.0,33.0,83.0
574.0,332.0,33.0,83.0
575.0,333.0,33.0,83.0
577.0,334.0,33.0,83.0
579.0,334.0,33.0,83.0
580.0,335.0,33.0,83.0
582.0,335.0,33.0,83.0
584.0,335.0,33.0,83.0
585.0,335.0,33.0,83.0
588.0,336.0,33.0,83.0
588.0,335.0,34.0,85.0
590.0,335.0,34.0,85.0
592.0,335.0,34.0,85.0
593.0,336.0,34.0,85.0
595.0,335.0,34.0,85.0
596.0,336.0,34.0,85.0
598.0,337.0,34.0,85.0
599.0,338.0,34.0,85.0
600.0,339.0,34.0,85.0
601.0,339.0,34.0,85.0
602.0,339.0,34.0,85.0
604.0,339.0,33.0,83.0
605.0,340.0,33.0,83.0
605.0,340.0,33.0,83.0
607.0,340.0,33.0,83.0
607.0,340.0,33.0,83.0
608.0,340.0,34.0,85.0
608.0,339.0,34.0,85.0
608.0,339.0,34.0,84.0
609.0,339.0,34.0,84.0
610.0,339.0,34.0,84.0
611.0,339.0,34.0,84.0
611.0,339.0,34.0,84.0
611.0,340.0,34.0,84.0
612.0,339.0,34.0,84.0
612.0,340.0,33.0,82.0
613.0,342.0,33.0,81.0
614.0,342.0,33.0,81.0
615.0,343.0,33.0,81.0
615.0,343.0,33.0,81.0
616.0,343.0,33.0,81.0
617.0,343.0,33.0,81.0
618.0,343.0,33.0,81.0
619.0,342.0,33.0,82.0
619.0,342.0,33.0,82.0
621.0,342.0,33.0,81.0
622.0,342.0,33.0,81.0
621.0,341.0,33.0,82.0
622.0,341.0,33.0,82.0
621.0,341.0,33.0,82.0
621.0,341.0,33.0,82.0
621.0,342.0,33.0,82.0
620.0,342.0,33.0,82.0
620.0,343.0,33.0,82.0
620.0,342.0,33.0,82.0
619.0,342.0,33.0,82.0
619.0,342.0,33.0,82.0
617.0,342.0,33.0,82.0
617.0,342.0,33.0,82.0
615.0,342.0,33.0,82.0
614.0,342.0,33.0,82.0
613.0,341.0,33.0,82.0
612.0,340.0,33.0,82.0
610.0,340.0,33.0,82.0
609.0,340.0,33.0,82.0
608.0,339.0,33.0,82.0
605.0,339.0,33.0,82.0
603.0,339.0,33.0,82.0
603.0,339.0,33.0,81.0
601.0,340.0,33.0,81.0
600.0,340.0,33.0,81.0
598.0,340.0,33.0,81.0
597.0,341.0,33.0,81.0
595.0,341.0,33.0,81.0
594.0,341.0,33.0,81.0
593.0,340.0,33.0,81.0
591.0,340.0,33.0,81.0
590.0,340.0,33.0,80.0
589.0,340.0,33.0,80.0
588.0,340.0,33.0,80.0
587.0,340.0,33.0,80.0
585.0,339.0,33.0,80.0
584.0,339.0,33.0,80.0
582.0,339.0,33.0,81.0
582.0,339.0,33.0,81.0
581.0,339.0,33.0,81.0
580.0,340.0,33.0,81.0
579.0,339.0,33.0,81.0
579.0,339.0,33.0,81.0
579.0,339.0,33.0,81.0
579.0,340.0,33.0,81.0
579.0,340.0,33.0,81.0
580.0,339.0,33.0,81.0
580.0,339.0,33.0,81.0
581.0,339.0,33.0,81.0
581.0,339.0,33.0,81.0
582.0,338.0,33.0,81.0
583.0,337.0,33.0,81.0
584.0,336.0,33.0,81.0
585.0,335.0,33.0,81.0
586.0,335.0,33.0,81.0
588.0,335.0,33.0,81.0
589.0,335.0,33.0,81.0
590.0,335.0,33.0,81.0
591.0,335.0,33.0,81.0
592.0,335.0,33.0,81.0
594.0,336.0,33.0,80.0
595.0,336.0,33.0,80.0
597.0,336.0,33.0,80.0
598.0,336.0,33.0,80.0
599.0,336.0,33.0,80.0
602.0,336.0,33.0,80.0
603.0,336.0,33.0,80.0
605.0,335.0,32.0,79.0
606.0,335.0,32.0,79.0
608.0,335.0,32.0,79.0
609.0,334.0,32.0,80.0
611.0,333.0,32.0,80.0
612.0,333.0,32.0,80.0
613.0,333.0,32.0,80.0
614.0,334.0,32.0,80.0
616.0,334.0,32.0,80.0
617.0,334.0,32.0,80.0
618.0,334.0,32.0,80.0
619.0,334.0,32.0,80.0
620.0,335.0,32.0,80.0
622.0,335.0,32.0,80.0
623.0,334.0,32.0,80.0
624.0,334.0,32.0,80.0
625.0,334.0,32.0,80.0
626.0,334.0,32.0,80.0
626.0,333.0,32.0,80.0
627.0,333.0,32.0,80.0
627.0,333.0,32.0,80.0
627.0,333.0,32.0,80.0
628.0,334.0,32.0,80.0
629.0,334.0,32.0,80.0
629.0,334.0,32.0,80.0
629.0,334.0,32.0,80.0
630.0,335.0,32.0,80.0
629.0,335.0,32.0,80.0
629.0,336.0,32.0,80.0
629.0,336.0,32.0,80.0
630.0,336.0,32.0,80.0
631.0,336.0,32.0,80.0
631.0,336.0,32.0,80.0
632.0,337.0,32.0,80.0
633.0,337.0,32.0,80.0
633.0,337.0,32.0,80.0
633.0,337.0,32.0,80.0
634.0,337.0,32.0,80.0
634.0,337.0,32.0,80.0
635.0,337.0,32.0,80.0
634.0,338.0,32.0,80.0
635.0,339.0,32.0,80.0
635.0,339.0,32.0,81.0
635.0,339.0,32.0,81.0
636.0,341.0,32.0,80.0
636.0,341.0,32.0,80.0
637.0,342.0,32.0,80.0
637.0,342.0,32.0,80.0
638.0,342.0,32.0,80.0
639.0,342.0,32.0,80.0
640.0,342.0,32.0,80.0
640.0,343.0,32.0,80.0
641.0,343.0,32.0,80.0
641.0,344.0,32.0,76.0
641.0,344.0,32.0,72.0
641.0,344.0,32.0,68.0
641.0,345.0,32.0,68.0
641.0,345.0,32.0,68.0
641.0,346.0,32.0,68.0
nan,nan,nan,nan
nan,nan,nan,nan
nan,nan,nan,nan
nan,nan,nan,nan
nan,nan,nan,nan
nan,nan,nan,nan
nan,nan,nan,nan
nan,nan,nan,nan
nan,nan,nan,nan
nan,nan,nan,nan
nan,nan,nan,nan
nan,nan,nan,nan
nan,nan,nan,nan
nan,nan,nan,nan
nan,nan,nan,nan
nan,nan,nan,nan
nan,nan,nan,nan
nan,nan,nan,nan
nan,nan,nan,nan
nan,nan,nan,nan
nan,nan,nan,nan
nan,nan,nan,nan
nan,nan,nan,nan
nan,nan,nan,nan
nan,nan,nan,nan
nan,nan,nan,nan
nan,nan,nan,nan
nan,nan,nan,nan
nan,nan,nan,nan
nan,nan,nan,nan
nan,nan,nan,nan
nan,nan,nan,nan
620.0,364.0,29.0,66.0
619.0,365.0,30.0,66.0
618.0,365.0,30.0,67.0
617.0,366.0,30.0,67.0
617.0,367.0,30.0,67.0
617.0,368.0,30.0,67.0
617.0,368.0,30.0,67.0
617.0,369.0,31.0,69.0
616.0,369.0,31.0,70.0
616.0,369.0,32.0,73.0
615.0,369.0,32.0,74.0
615.0,369.0,32.0,75.0
615.0,369.0,32.0,76.0
615.0,369.0,32.0,76.0
615.0,369.0,32.0,76.0
615.0,369.0,32.0,76.0
615.0,370.0,32.0,76.0
615.0,370.0,32.0,77.0
615.0,370.0,32.0,77.0
616.0,371.0,32.0,78.0
616.0,371.0,33.0,78.0
617.0,372.0,33.0,78.0
617.0,372.0,33.0,79.0
617.0,372.0,33.0,79.0
617.0,372.0,33.0,79.0
618.0,372.0,33.0,80.0
620.0,372.0,33.0,80.0
620.0,372.0,33.0,80.0
621.0,372.0,33.0,80.0
622.0,372.0,33.0,80.0
621.0,371.0,33.0,81.0
622.0,371.0,33.0,81.0
622.0,371.0,33.0,81.0
623.0,372.0,33.0,80.0
623.0,372.0,33.0,80.0
623.0,373.0,32.0,78.0
623.0,373.0,32.0,78.0
623.0,374.0,33.0,78.0
624.0,374.0,33.0,78.0
623.0,375.0,33.0,78.0
623.0,375.0,33.0,78.0
624.0,375.0,33.0,78.0
624.0,374.0,34.0,80.0
625.0,374.0,34.0,80.0
624.0,375.0,34.0,80.0
625.0,375.0,34.0,80.0
624.0,374.0,34.0,80.0
624.0,374.0,34.0,80.0
624.0,374.0,34.0,80.0
623.0,373.0,34.0,81.0
623.0,373.0,34.0,81.0
622.0,373.0,34.0,81.0
620.0,374.0,34.0,81.0
619.0,374.0,34.0,81.0
619.0,374.0,34.0,81.0
618.0,374.0,34.0,81.0
617.0,374.0,34.0,81.0
616.0,375.0,34.0,81.0
614.0,375.0,34.0,81.0
613.0,375.0,34.0,81.0
612.0,375.0,34.0,81.0
611.0,374.0,34.0,82.0
609.0,374.0,34.0,82.0
609.0,373.0,33.0,82.0
608.0,373.0,33.0,82.0
608.0,373.0,33.0,82.0
606.0,373.0,33.0,82.0
605.0,373.0,33.0,82.0
603.0,373.0,32.0,81.0
602.0,373.0,32.0,81.0
601.0,373.0,32.0,81.0
601.0,374.0,32.0,81.0
600.0,374.0,32.0,81.0
599.0,375.0,32.0,80.0
599.0,375.0,32.0,80.0
598.0,375.0,32.0,80.0
598.0,375.0,32.0,80.0
598.0,375.0,32.0,80.0
597.0,375.0,32.0,80.0
597.0,374.0,32.0,80.0
597.0,375.0,32.0,80.0
595.0,374.0,32.0,81.0
595.0,374.0,32.0,81.0
595.0,373.0,32.0,81.0
594.0,373.0,32.0,81.0
593.0,373.0,32.0,81.0
593.0,373.0,32.0,81.0
592.0,374.0,32.0,81.0
592.0,374.0,33.0,81.0
592.0,374.0,33.0,82.0
591.0,374.0,33.0,82.0
591.0,374.0,33.0,82.0
591.0,374.0,33.0,82.0
591.0,374.0,33.0,82.0
591.0,373.0,33.0,82.0
592.0,372.0,33.0,82.0
592.0,372.0,33.0,82.0
592.0,372.0,33.0,82.0
593.0,371.0,33.0,82.0
593.0,370.0,33.0,82.0
593.0,370.0,33.0,82.0
594.0,371.0,33.0,81.0
595.0,371.0,33.0,81.0
596.0,371.0,33.0,81.0
596.0,371.0,33.0,81.0
597.0,371.0,33.0,81.0
598.0,371.0,33.0,81.0
600.0,371.0,33.0,81.0
601.0,372.0,32.0,80.0
602.0,372.0,32.0,80.0
602.0,372.0,32.0,80.0
603.0,371.0,32.0,80.0
605.0,371.0,32.0,80.0
606.0,370.0,32.0,80.0
605.0,370.0,33.0,81.0
606.0,369.0,33.0,81.0
607.0,369.0,33.0,81.0
608.0,368.0,33.0,81.0
608.0,368.0,33.0,81.0
608.0,368.0,33.0,81.0
608.0,368.0,33.0,81.0
607.0,368.0,33.0,81.0
607.0,368.0,33.0,81.0
606.0,368.0,33.0,81.0
605.0,368.0,33.0,81.0
604.0,368.0,33.0,81.0
604.0,368.0,33.0,81.0
602.0,367.0,33.0,81.0
601.0,366.0,33.0,81.0
600.0,366.0,33.0,81.0
600.0,366.0,33.0,81.0
599.0,365.0,33.0,82.0
597.0,364.0,33.0,82.0
596.0,364.0,33.0,82.0
595.0,363.0,33.0,82.0
594.0,363.0,33.0,81.0
593.0,364.0,32.0,80.0
591.0,364.0,32.0,80.0
591.0,364.0,32.0,80.0
590.0,364.0,33.0,81.0
588.0,364.0,33.0,81.0
587.0,364.0,32.0,80.0
587.0,364.0,32.0,80.0
587.0,364.0,32.0,80.0
587.0,364.0,32.0,80.0
586.0,364.0,32.0,80.0
586.0,363.0,32.0,80.0
585.0,363.0,32.0,80.0
585.0,362.0,32.0,80.0
585.0,362.0,32.0,80.0
585.0,361.0,32.0,80.0
585.0,361.0,32.0,80.0
584.0,361.0,32.0,80.0
583.0,361.0,32.0,80.0
583.0,362.0,32.0,80.0
583.0,361.0,32.0,80.0
583.0,362.0,32.0,80.0
583.0,362.0,32.0,80.0
582.0,361.0,32.0,80.0
582.0,362.0,32.0,80.0
582.0,361.0,32.0,80.0
582.0,361.0,32.0,80.0
582.0,360.0,32.0,80.0
583.0,360.0,32.0,80.0
583.0,359.0,32.0,80.0
583.0,359.0,32.0,80.0
584.0,359.0,32.0,80.0
584.0,358.0,32.0,80.0
584.0,358.0,32.0,80.0
584.0,358.0,32.0,80.0
583.0,358.0,32.0,80.0
583.0,358.0,32.0,80.0
583.0,358.0,32.0,80.0
584.0,358.0,31.0,79.0
584.0,359.0,31.0,79.0
585.0,359.0,31.0,79.0
585.0,358.0,31.0,79.0
586.0,358.0,31.0,79.0
586.0,358.0,31.0,79.0
587.0,357.0,31.0,79.0
588.0,357.0,31.0,79.0
589.0,357.0,31.0,79.0
591.0,356.0,31.0,79.0
591.0,355.0,32.0,80.0
592.0,355.0,32.0,80.0
592.0,354.0,32.0,80.0
593.0,354.0,32.0,80.0
594.0,354.0,32.0,80.0
595.0,354.0,32.0,80.0
596.0,354.0,32.0,80.0
598.0,354.0,32.0,80.0
599.0,354.0,32.0,80.0
600.0,353.0,32.0,80.0
601.0,353.0,32.0,80.0
602.0,353.0,32.0,80.0
603.0,352.0,32.0,80.0
605.0,351.0,32.0,80.0
606.0,351.0,32.0,80.0
608.0,350.0,33.0,81.0
608.0,349.0,33.0,81.0
610.0,349.0,33.0,81.0
612.0,348.0,33.0,81.0
613.0,348.0,32.0,80.0
614.0,347.0,32.0,80.0
615.0,348.0,32.0,80.0
616.0,347.0,32.0,80.0
617.0,347.0,32.0,80.0
618.0,347.0,32.0,80.0
619.0,347.0,32.0,80.0
620.0,347.0,32.0,80.0
621.0,347.0,32.0,80.0
621.0,347.0,31.0,79.0
622.0,347.0,31.0,79.0
623.0,347.0,31.0,79.0
623.0,346.0,31.0,79.0
624.0,346.0,31.0,79.0
625.0,345.0,31.0,79.0
625.0,344.0,31.0,79.0
625.0,344.0,31.0,79.0
624.0,343.0,31.0,79.0
624.0,343.0,31.0,79.0
623.0,343.0,32.0,80.0
623.0,342.0,32.0,80.0
623.0,343.0,32.0,80.0
623.0,342.0,32.0,80.0
622.0,342.0,32.0,80.0
622.0,342.0,32.0,80.0
621.0,342.0,32.0,80.0
620.0,341.0,32.0,80.0
620.0,341.0,32.0,80.0
619.0,340.0,32.0,80.0
619.0,340.0,32.0,80.0
619.0,339.0,32.0,80.0
618.0,339.0,32.0,80.0
618.0,338.0,32.0,80.0
617.0,338.0,32.0,80.0
617.0,338.0,31.0,79.0
617.0,338.0,31.0,78.0
616.0,338.0,31.0,78.0
616.0,338.0,31.0,78.0
616.0,338.0,31.0,78.0
616.0,338.0,30.0,78.0
616.0,338.0,30.0,78.0
617.0,338.0,30.0,78.0
617.0,337.0,30.0,78.0
617.0,337.0,30.0,78.0
618.0,337.0,30.0,78.0
619.0,336.0,30.0,78.0
619.0,336.0,30.0,78.0
620.0,335.0,30.0,78.0
620.0,335.0,30.0,78.0
620.0,334.0,30.0,78.0
620.0,334.0,30.0,78.0
620.0,333.0,30.0,78.0
620.0,333.0,30.0,78.0
621.0,333.0,30.0,78.0
621.0,332.0,30.0,78.0
621.0,332.0,30.0,78.0
622.0,332.0,30.0,78.0
623.0,332.0,30.0,78.0
623.0,332.0,30.0,78.0
624.0,332.0,30.0,78.0
625.0,331.0,30.0,78.0
625.0,331.0,30.0,78.0
626.0,330.0,30.0,78.0
627.0,329.0,30.0,78.0
627.0,329.0,31.0,78.0
628.0,328.0,31.0,78.0
629.0,327.0,31.0,78.0
630.0,327.0,31.0,78.0
631.0,327.0,30.0,78.0
632.0,327.0,30.0,78.0
632.0,327.0,30.0,78.0
633.0,327.0,30.0,78.0
634.0,327.0,30.0,78.0
636.0,326.0,30.0,78.0
637.0,326.0,30.0,78.0
638.0,326.0,30.0,78.0
640.0,326.0,30.0,78.0
641.0,326.0,30.0,78.0
641.0,325.0,30.0,78.0
643.0,325.0,30.0,78.0
643.0,324.0,30.0,78.0
643.0,324.0,30.0,78.0
644.0,324.0,30.0,76.0
645.0,323.0,30.0,76.0
645.0,323.0,30.0,76.0
645.0,323.0,30.0,76.0
645.0,323.0,30.0,76.0
644.0,323.0,30.0,76.0
644.0,322.0,30.0,76.0
643.0,322.0,30.0,76.0
642.0,322.0,30.0,76.0
641.0,322.0,30.0,76.0
640.0,321.0,30.0,76.0
639.0,321.0,30.0,76.0
638.0,320.0,30.0,78.0
636.0,320.0,30.0,78.0
635.0,319.0,30.0,78.0
635.0,319.0,30.0,78.0
633.0,319.0,30.0,78.0
632.0,318.0,30.0,78.0
631.0,318.0,30.0,78.0
630.0,318.0,30.0,78.0
629.0,318.0,30.0,78.0
628.0,318.0,30.0,78.0
628.0,317.0,30.0,78.0
627.0,318.0,30.0,78.0
626.0,318.0,30.0,78.0
625.0,318.0,30.0,78.0
625.0,318.0,30.0,78.0
625.0,318.0,30.0,78.0
625.0,318.0,30.0,78.0
625.0,318.0,30.0,78.0
624.0,318.0,30.0,78.0
625.0,317.0,30.0,78.0
625.0,317.0,30.0,78.0
624.0,317.0,30.0,78.0
624.0,317.0,30.0,78.0
623.0,316.0,30.0,78.0
623.0,316.0,30.0,78.0
622.0,316.0,30.0,78.0
622.0,317.0,30.0,78.0
622.0,317.0,30.0,78.0
621.0,317.0,30.0,78.0
621.0,317.0,30.0,78.0
621.0,317.0,30.0,78.0
620.0,318.0,30.0,78.0
620.0,317.0,30.0,78.0
620.0,317.0,30.0,78.0
619.0,317.0,30.0,78.0
619.0,317.0,30.0,78.0
619.0,317.0,30.0,78.0
619.0,316.0,30.0,78.0
619.0,316.0,30.0,78.0
619.0,316.0,30.0,78.0
619.0,316.0,30.0,78.0
619.0,316.0,30.0,78.0
619.0,316.0,30.0,78.0
619.0,316.0,30.0,78.0
619.0,317.0,30.0,78.0
618.0,317.0,30.0,78.0
618.0,318.0,30.0,78.0
618.0,318.0,30.0,78.0
617.0,318.0,30.0,78.0
617.0,318.0,30.0,78.0
617.0,318.0,30.0,78.0
616.0,318.0,30.0,78.0
615.0,318.0,30.0,78.0
614.0,318.0,30.0,78.0
613.0,318.0,30.0,78.0
612.0,318.0,30.0,78.0
610.0,318.0,30.0,78.0
609.0,318.0,30.0,78.0
607.0,318.0,30.0,78.0
606.0,318.0,30.0,78.0
605.0,319.0,30.0,78.0
604.0,319.0,30.0,78.0
603.0,319.0,30.0,78.0
601.0,319.0,30.0,78.0
600.0,320.0,30.0,78.0
599.0,320.0,30.0,78.0
597.0,319.0,30.0,78.0
596.0,319.0,30.0,78.0
594.0,319.0,31.0,78.0
593.0,318.0,31.0,78.0
592.0,319.0,31.0,78.0
590.0,318.0,31.0,78.0
589.0,318.0,30.0,78.0
588.0,319.0,30.0,78.0
586.0,319.0,30.0,76.0
585.0,319.0,30.0,76.0
584.0,319.0,30.0,78.0
583.0,319.0,30.0,78.0
582.0,320.0,30.0,78.0
581.0,320.0,30.0,78.0
581.0,320.0,30.0,78.0
580.0,320.0,30.0,78.0
579.0,320.0,30.0,78.0
579.0,321.0,30.0,76.0
579.0,321.0,30.0,76.0
578.0,320.0,30.0,78.0
578.0,320.0,30.0,78.0
577.0,320.0,30.0,78.0
576.0,319.0,31.0,78.0
576.0,319.0,31.0,78.0
575.0,319.0,31.0,78.0
575.0,319.0,31.0,78.0
574.0,319.0,31.0,78.0
574.0,319.0,31.0,78.0
573.0,319.0,31.0,78.0
573.0,320.0,31.0,78.0
573.0,320.0,31.0,78.0
572.0,320.0,31.0,78.0
571.0,320.0,31.0,78.0
571.0,320.0,31.0,78.0
571.0,320.0,31.0,78.0
570.0,320.0,31.0,78.0
570.0,319.0,31.0,78.0
568.0,319.0,32.0,80.0
568.0,318.0,32.0,80.0
567.0,318.0,32.0,80.0
566.0,318.0,31.0,78.0
565.0,318.0,31.0,78.0
564.0,319.0,30.0,78.0
563.0,318.0,30.0,78.0
562.0,318.0,30.0,78.0
560.0,319.0,30.0,78.0
560.0,319.0,30.0,78.0
559.0,320.0,30.0,78.0
558.0,320.0,30.0,78.0
557.0,319.0,30.0,78.0
555.0,319.0,30.0,78.0
553.0,318.0,31.0,78.0
552.0,318.0,31.0,78.0
551.0,317.0,31.0,78.0
550.0,317.0,31.0,78.0
547.0,317.0,31.0,78.0
546.0,317.0,31.0,78.0
545.0,316.0,31.0,78.0
543.0,316.0,30.0,78.0
542.0,316.0,30.0,78.0
540.0,316.0,30.0,78.0
539.0,316.0,30.0,78.0
537.0,316.0,31.0,78.0
537.0,316.0,31.0,78.0
535.0,316.0,31.0,78.0
534.0,316.0,31.0,78.0
533.0,315.0,31.0,78.0
532.0,315.0,31.0,78.0
532.0,314.0,31.0,78.0
531.0,314.0,31.0,78.0
530.0,313.0,31.0,78.0
529.0,313.0,31.0,78.0
528.0,312.0,31.0,78.0
528.0,312.0,31.0,78.0
527.0,312.0,31.0,78.0
526.0,312.0,31.0,78.0
525.0,312.0,31.0,78.0
524.0,312.0,31.0,78.0
525.0,312.0,30.0,78.0
524.0,312.0,30.0,78.0
524.0,313.0,30.0,78.0
524.0,312.0,30.0,78.0
524.0,313.0,30.0,76.0
524.0,313.0,30.0,76.0
524.0,312.0,30.0,76.0
524.0,312.0,30.0,76.0
524.0,312.0,30.0,78.0
524.0,311.0,30.0,78.0
523.0,311.0,30.0,78.0
522.0,310.0,30.0,78.0
522.0,310.0,30.0,78.0
522.0,310.0,30.0,78.0
521.0,309.0,30.0,78.0
521.0,309.0,30.0,78.0
521.0,309.0,30.0,78.0
520.0,309.0,30.0,78.0
521.0,310.0,30.0,76.0
520.0,310.0,30.0,76.0
520.0,310.0,30.0,76.0
520.0,310.0,30.0,76.0
519.0,309.0,30.0,76.0
519.0,309.0,30.0,76.0
518.0,308.0,30.0,78.0
518.0,308.0,30.0,78.0
518.0,308.0,30.0,78.0
518.0,307.0,30.0,78.0
518.0,307.0,30.0,78.0
518.0,306.0,30.0,78.0
518.0,306.0,30.0,78.0
519.0,306.0,30.0,76.0
519.0,306.0,30.0,76.0
520.0,306.0,30.0,76.0
521.0,306.0,30.0,76.0
522.0,306.0,30.0,76.0
524.0,305.0,30.0,76.0
526.0,306.0,29.0,75.0
527.0,305.0,29.0,75.0
529.0,305.0,29.0,75.0
530.0,304.0,30.0,76.0
532.0,303.0,30.0,76.0
534.0,303.0,30.0,76.0
535.0,302.0,30.0,76.0
538.0,302.0,30.0,76.0
539.0,302.0,30.0,76.0
539.0,301.0,30.0,76.0
541.0,301.0,30.0,76.0
543.0,300.0,30.0,76.0
544.0,300.0,30.0,76.0
546.0,300.0,30.0,76.0
547.0,300.0,30.0,76.0
549.0,301.0,30.0,76.0
550.0,300.0,30.0,76.0
552.0,299.0,30.0,76.0
553.0,298.0,30.0,76.0
554.0,298.0,30.0,76.0
557.0,298.0,30.0,76.0
558.0,298.0,30.0,76.0
559.0,296.0,30.0,76.0
561.0,296.0,30.0,76.0
562.0,296.0,30.0,76.0
564.0,295.0,30.0,76.0
565.0,294.0,30.0,76.0
566.0,295.0,29.0,75.0
566.0,295.0,29.0,75.0
567.0,295.0,29.0,75.0
568.0,295.0,29.0,75.0
568.0,295.0,29.0,75.0
569.0,295.0,29.0,75.0
569.0,295.0,29.0,75.0
569.0,295.0,29.0,75.0
570.0,295.0,29.0,75.0
570.0,294.0,29.0,75.0
570.0,293.0,29.0,75.0
571.0,293.0,29.0,75.0
571.0,293.0,29.0,75.0
571.0,292.0,29.0,75.0
571.0,292.0,29.0,75.0
571.0,291.0,29.0,75.0
571.0,291.0,29.0,75.0
572.0,291.0,29.0,75.0
572.0,291.0,29.0,75.0
572.0,291.0,29.0,75.0
572.0,291.0,29.0,75.0
572.0,291.0,29.0,75.0
573.0,291.0,29.0,74.0
574.0,291.0,29.0,74.0
575.0,290.0,29.0,74.0
575.0,290.0,29.0,73.0
576.0,289.0,29.0,73.0
577.0,289.0,29.0,72.0
577.0,288.0,29.0,72.0
577.0,288.0,29.0,72.0
578.0,287.0,29.0,72.0
578.0,287.0,29.0,72.0
578.0,287.0,29.0,72.0
579.0,287.0,29.0,72.0
579.0,287.0,29.0,72.0
579.0,287.0,29.0,72.0
579.0,287.0,29.0,72.0
580.0,287.0,29.0,72.0
582.0,288.0,29.0,72.0
582.0,288.0,29.0,72.0
582.0,288.0,29.0,72.0
582.0,287.0,29.0,72.0
582.0,287.0,29.0,72.0
583.0,287.0,29.0,72.0
584.0,286.0,29.0,72.0
585.0,286.0,29.0,72.0
585.0,286.0,29.0,72.0
585.0,286.0,29.0,72.0
585.0,285.0,29.0,72.0
585.0,286.0,29.0,72.0
585.0,286.0,29.0,72.0
585.0,286.0,29.0,72.0
586.0,287.0,29.0,72.0
586.0,287.0,29.0,72.0
587.0,286.0,29.0,72.0
587.0,287.0,29.0,72.0
587.0,287.0,29.0,72.0
587.0,287.0,29.0,72.0
588.0,287.0,29.0,72.0
588.0,287.0,29.0,72.0
589.0,286.0,29.0,72.0
589.0,286.0,29.0,72.0
590.0,286.0,29.0,72.0
590.0,285.0,29.0,72.0
590.0,286.0,28.0,72.0
591.0,286.0,28.0,72.0
592.0,286.0,28.0,71.0
592.0,287.0,28.0,71.0
594.0,288.0,28.0,71.0
594.0,288.0,28.0,71.0
594.0,288.0,28.0,71.0
595.0,288.0,28.0,71.0
597.0,288.0,28.0,71.0
598.0,289.0,28.0,71.0
598.0,288.0,28.0,70.0
599.0,288.0,28.0,70.0
601.0,287.0,28.0,71.0
601.0,287.0,28.0,71.0
602.0,287.0,28.0,71.0
602.0,287.0,29.0,73.0
602.0,287.0,29.0,74.0
602.0,287.0,29.0,74.0
602.0,287.0,29.0,74.0
604.0,287.0,29.0,74.0
604.0,287.0,29.0,74.0
604.0,287.0,29.0,74.0
604.0,287.0,29.0,74.0
605.0,287.0,29.0,74.0
605.0,287.0,29.0,74.0
605.0,287.0,29.0,74.0
605.0,287.0,29.0,74.0
606.0,287.0,29.0,74.0
606.0,286.0,29.0,74.0
606.0,286.0,29.0,74.0
605.0,286.0,29.0,74.0
606.0,285.0,29.0,74.0
606.0,285.0,29.0,74.0
606.0,285.0,29.0,74.0
606.0,285.0,29.0,74.0
607.0,286.0,28.0,73.0
607.0,286.0,28.0,73.0
607.0,286.0,29.0,74.0
607.0,286.0,29.0,74.0
608.0,286.0,29.0,74.0
608.0,286.0,29.0,74.0
609.0,286.0,29.0,74.0
609.0,286.0,29.0,74.0
609.0,286.0,29.0,74.0
609.0,285.0,29.0,74.0
610.0,285.0,29.0,74.0
610.0,284.0,29.0,74.0
610.0,283.0,29.0,74.0
610.0,283.0,29.0,74.0
610.0,283.0,29.0,74.0
610.0,283.0,28.0,73.0
610.0,283.0,28.0,73.0
610.0,283.0,28.0,73.0
610.0,284.0,28.0,73.0
610.0,283.0,28.0,73.0
610.0,283.0,28.0,73.0
610.0,283.0,28.0,73.0
610.0,283.0,28.0,73.0
609.0,283.0,28.0,73.0
609.0,282.0,28.0,73.0
609.0,282.0,28.0,73.0
608.0,281.0,29.0,74.0
607.0,281.0,29.0,74.0
606.0,281.0,29.0,74.0
605.0,280.0,29.0,74.0
605.0,280.0,28.0,73.0
604.0,280.0,28.0,73.0
604.0,280.0,28.0,73.0
604.0,280.0,28.0,73.0
603.0,281.0,28.0,72.0
603.0,281.0,28.0,72.0
602.0,281.0,28.0,72.0
602.0,281.0,28.0,72.0
602.0,281.0,28.0,72.0
601.0,281.0,28.0,72.0
601.0,281.0,28.0,72.0
600.0,281.0,28.0,72.0
600.0,281.0,28.0,72.0
599.0,280.0,28.0,72.0
597.0,280.0,28.0,72.0
597.0,279.0,28.0,72.0
595.0,279.0,28.0,72.0
594.0,279.0,28.0,72.0
592.0,279.0,28.0,72.0
591.0,279.0,28.0,72.0
589.0,279.0,28.0,72.0
588.0,280.0,27.0,71.0
587.0,280.0,27.0,71.0
585.0,280.0,27.0,71.0
584.0,280.0,27.0,71.0
582.0,280.0,28.0,72.0
580.0,279.0,28.0,72.0
579.0,280.0,28.0,72.0
578.0,279.0,28.0,72.0
576.0,278.0,28.0,72.0
574.0,278.0,28.0,72.0
573.0,277.0,28.0,72.0
571.0,277.0,28.0,72.0
570.0,277.0,28.0,72.0
568.0,278.0,27.0,71.0
566.0,279.0,27.0,71.0
565.0,279.0,27.0,71.0
564.0,278.0,28.0,72.0
563.0,278.0,28.0,72.0
561.0,279.0,28.0,72.0
560.0,279.0,28.0,72.0
559.0,278.0,28.0,72.0
558.0,278.0,28.0,72.0
558.0,279.0,27.0,71.0
556.0,279.0,27.0,71.0
555.0,279.0,27.0,71.0
554.0,279.0,27.0,71.0
553.0,278.0,27.0,71.0
552.0,278.0,27.0,71.0
551.0,278.0,27.0,71.0
551.0,278.0,27.0,71.0
550.0,278.0,27.0,71.0
549.0,279.0,28.0,71.0
547.0,279.0,28.0,71.0
546.0,280.0,28.0,71.0
546.0,280.0,28.0,71.0
546.0,280.0,28.0,71.0
546.0,280.0,28.0,71.0
546.0,280.0,28.0,71.0
546.0,280.0,28.0,71.0
546.0,280.0,28.0,71.0
546.0,280.0,28.0,71.0
546.0,279.0,28.0,71.0
547.0,279.0,28.0,71.0
547.0,279.0,28.0,71.0
548.0,279.0,28.0,71.0
548.0,279.0,28.0,71.0
548.0,279.0,28.0,71.0
549.0,279.0,28.0,71.0
550.0,280.0,28.0,71.0
550.0,280.0,28.0,71.0
551.0,281.0,28.0,71.0
551.0,281.0,28.0,71.0
552.0,281.0,28.0,71.0
552.0,281.0,28.0,71.0
554.0,281.0,28.0,71.0
554.0,281.0,28.0,71.0
554.0,281.0,28.0,71.0
555.0,281.0,28.0,71.0
555.0,280.0,28.0,71.0
555.0,280.0,28.0,71.0
554.0,280.0,28.0,71.0
555.0,280.0,28.0,71.0
554.0,281.0,28.0,71.0
554.0,281.0,28.0,71.0
553.0,281.0,28.0,71.0
553.0,281.0,28.0,71.0
553.0,282.0,28.0,71.0
552.0,282.0,28.0,71.0
552.0,283.0,28.0,71.0
551.0,283.0,28.0,71.0
551.0,283.0,28.0,71.0
550.0,283.0,28.0,71.0
550.0,283.0,28.0,71.0
548.0,282.0,29.0,73.0
547.0,282.0,29.0,73.0
546.0,282.0,29.0,73.0
546.0,282.0,29.0,73.0
545.0,282.0,29.0,73.0
544.0,283.0,29.0,73.0
544.0,283.0,29.0,73.0
543.0,284.0,29.0,73.0
543.0,284.0,29.0,73.0
543.0,285.0,29.0,73.0
543.0,285.0,28.0,71.0
542.0,286.0,28.0,71.0
543.0,287.0,28.0,71.0
543.0,287.0,28.0,71.0
543.0,286.0,28.0,71.0
543.0,286.0,28.0,71.0
543.0,286.0,28.0,71.0
542.0,286.0,28.0,71.0
543.0,286.0,28.0,71.0
542.0,286.0,28.0,71.0
542.0,286.0,28.0,71.0
542.0,286.0,28.0,71.0
542.0,286.0,28.0,71.0
542.0,286.0,28.0,71.0
542.0,286.0,28.0,72.0
542.0,287.0,28.0,72.0
541.0,287.0,28.0,73.0
542.0,287.0,28.0,73.0
541.0,288.0,28.0,73.0
541.0,288.0,28.0,73.0
540.0,288.0,29.0,74.0
539.0,287.0,29.0,73.0
538.0,287.0,29.0,73.0
538.0,287.0,29.0,73.0
537.0,287.0,29.0,73.0
537.0,287.0,29.0,73.0
535.0,287.0,29.0,73.0
535.0,287.0,29.0,73.0
534.0,287.0,29.0,73.0
534.0,288.0,29.0,73.0
533.0,289.0,28.0,71.0
533.0,289.0,28.0,71.0
532.0,290.0,28.0,71.0
531.0,290.0,28.0,71.0
531.0,290.0,28.0,71.0
531.0,290.0,28.0,71.0
530.0,290.0,28.0,71.0
530.0,290.0,28.0,71.0
529.0,290.0,28.0,71.0
528.0,290.0,28.0,71.0
528.0,290.0,28.0,71.0
527.0,290.0,28.0,71.0
526.0,290.0,28.0,71.0
525.0,290.0,29.0,73.0
525.0,290.0,29.0,74.0
524.0,290.0,29.0,74.0
523.0,292.0,29.0,74.0
523.0,292.0,29.0,74.0
522.0,292.0,30.0,75.0
521.0,292.0,30.0,75.0
521.0,292.0,29.0,74.0
521.0,293.0,29.0,74.0
521.0,292.0,29.0,73.0
521.0,292.0,29.0,73.0
521.0,293.0,29.0,73.0
520.0,293.0,29.0,73.0
520.0,292.0,29.0,73.0
520.0,292.0,29.0,73.0
520.0,292.0,29.0,73.0
520.0,293.0,29.0,73.0
520.0,292.0,28.0,71.0
520.0,292.0,28.0,71.0
521.0,293.0,28.0,70.0
521.0,294.0,28.0,70.0
521.0,295.0,27.0,68.0
nan,nan,nan,nan
nan,nan,nan,nan
nan,nan,nan,nan
nan,nan,nan,nan
nan,nan,nan,nan
nan,nan,nan,nan
nan,nan,nan,nan
nan,nan,nan,nan
nan,nan,nan,nan
nan,nan,nan,nan
nan,nan,nan,nan
nan,nan,nan,nan
nan,nan,nan,nan
nan,nan,nan,nan
nan,nan,nan,nan
nan,nan,nan,nan
nan,nan,nan,nan
nan,nan,nan,nan
nan,nan,nan,nan
nan,nan,nan,nan
nan,nan,nan,nan
nan,nan,nan,nan
nan,nan,nan,nan
nan,nan,nan,nan
nan,nan,nan,nan
nan,nan,nan,nan
543.0,292.0,26.0,57.0
544.0,292.0,26.0,58.0
544.0,292.0,27.0,60.0
545.0,292.0,27.0,61.0
546.0,292.0,28.0,62.0
547.0,292.0,28.0,63.0
547.0,292.0,29.0,64.0
547.0,292.0,29.0,65.0
547.0,292.0,29.0,65.0
548.0,292.0,29.0,66.0
548.0,291.0,29.0,66.0
548.0,292.0,29.0,66.0
547.0,291.0,29.0,66.0
547.0,290.0,30.0,68.0
546.0,289.0,30.0,69.0
546.0,289.0,30.0,69.0
545.0,289.0,30.0,69.0
544.0,289.0,30.0,70.0
544.0,289.0,30.0,70.0
543.0,289.0,30.0,70.0
542.0,289.0,30.0,71.0
541.0,289.0,30.0,71.0
540.0,289.0,30.0,71.0
540.0,289.0,30.0,72.0
539.0,289.0,30.0,72.0
538.0,288.0,30.0,72.0
537.0,288.0,30.0,72.0
536.0,288.0,30.0,72.0
535.0,288.0,30.0,72.0
535.0,287.0,30.0,72.0
533.0,286.0,30.0,72.0
533.0,286.0,30.0,72.0
531.0,286.0,30.0,72.0
530.0,286.0,30.0,72.0
530.0,285.0,30.0,72.0
528.0,286.0,30.0,73.0
528.0,286.0,30.0,74.0
527.0,286.0,30.0,74.0
527.0,285.0,30.0,74.0
526.0,286.0,29.0,73.0
526.0,286.0,29.0,73.0
525.0,286.0,29.0,73.0
524.0,285.0,29.0,73.0
524.0,285.0,29.0,72.0
523.0,284.0,29.0,72.0
522.0,284.0,29.0,71.0
522.0,284.0,29.0,71.0
521.0,284.0,29.0,71.0
520.0,283.0,30.0,73.0
519.0,283.0,30.0,73.0
519.0,282.0,30.0,73.0
518.0,282.0,30.0,73.0
517.0,283.0,30.0,74.0
517.0,283.0,30.0,74.0
516.0,283.0,30.0,74.0
515.0,283.0,30.0,74.0
514.0,283.0,30.0,74.0
514.0,283.0,29.0,73.0
514.0,283.0,29.0,72.0
514.0,283.0,29.0,71.0
514.0,283.0,29.0,71.0
513.0,283.0,29.0,71.0
512.0,282.0,29.0,72.0
512.0,281.0,29.0,72.0
512.0,281.0,29.0,72.0
511.0,281.0,29.0,72.0
511.0,281.0,29.0,72.0
512.0,280.0,29.0,72.0
512.0,280.0,29.0,72.0
512.0,281.0,29.0,72.0
