775.0,118.0,47.0,106.0
772.0,118.0,47.0,106.0
769.0,118.0,47.0,106.0
766.0,118.0,47.0,106.0
763.0,119.0,47.0,106.0
760.0,119.0,47.0,106.0
756.0,120.0,47.0,106.0
754.0,121.0,46.0,103.0
750.0,122.0,45.0,102.0
747.0,123.0,45.0,102.0
743.0,123.0,45.0,102.0
739.0,124.0,45.0,102.0
734.0,124.0,45.0,102.0
731.0,125.0,45.0,102.0
727.0,125.0,45.0,102.0
723.0,125.0,44.0,100.0
720.0,124.0,44.0,100.0
718.0,123.0,44.0,100.0
716.0,123.0,43.0,100.0
714.0,123.0,44.0,100.0
711.0,123.0,44.0,100.0
709.0,123.0,44.0,100.0
707.0,124.0,44.0,100.0
706.0,123.0,44.0,100.0
703.0,124.0,44.0,100.0
702.0,124.0,44.0,100.0
700.0,124.0,45.0,102.0
698.0,125.0,45.0,102.0
696.0,125.0,45.0,102.0
694.0,126.0,45.0,102.0
691.0,126.0,45.0,102.0
689.0,125.0,45.0,102.0
687.0,124.0,45.0,102.0
684.0,123.0,45.0,102.0
682.0,123.0,45.0,102.0
680.0,122.0,45.0,102.0
679.0,121.0,45.0,102.0
676.0,121.0,45.0,102.0
675.0,121.0,45.0,102.0
673.0,120.0,46.0,103.0
671.0,121.0,46.0,103.0
669.0,120.0,46.0,103.0
667.0,121.0,46.0,103.0
666.0,121.0,45.0,103.0
663.0,121.0,45.0,103.0
663.0,122.0,44.0,102.0
661.0,122.0,44.0,102.0
658.0,122.0,43.0,100.0
656.0,123.0,43.0,100.0
654.0,123.0,43.0,100.0
652.0,123.0,43.0,100.0
650.0,123.0,43.0,100.0
648.0,123.0,44.0,100.0
647.0,122.0,44.0,99.0
646.0,122.0,45.0,98.0
644.0,122.0,45.0,98.0
644.0,121.0,45.0,98.0
643.0,121.0,45.0,98.0
643.0,121.0,45.0,98.0
642.0,121.0,45.0,98.0
642.0,121.0,45.0,98.0
641.0,121.0,45.0,99.0
641.0,121.0,45.0,99.0
641.0,122.0,44.0,98.0
640.0,122.0,44.0,98.0
640.0,122.0,44.0,98.0
640.0,122.0,44.0,98.0
639.0,123.0,44.0,98.0
638.0,123.0,44.0,98.0
638.0,123.0,44.0,98.0
637.0,123.0,44.0,98.0
636.0,121.0,45.0,100.0
636.0,120.0,45.0,100.0
636.0,120.0,45.0,100.0
635.0,119.0,45.0,100.0
635.0,119.0,45.0,100.0
635.0,119.0,45.0,100.0
635.0,118.0,45.0,100.0
635.0,118.0,45.0,100.0
634.0,118.0,44.0,100.0
634.0,119.0,44.0,100.0
634.0,119.0,43.0,100.0
633.0,120.0,43.0,100.0
632.0,121.0,43.0,100.0
631.0,122.0,43.0,100.0
629.0,122.0,43.0,100.0
628.0,123.0,43.0,100.0
626.0,124.0,43.0,100.0
625.0,124.0,43.0,100.0
624.0,124.0,43.0,100.0
623.0,125.0,43.0,100.0
621.0,124.0,43.0,100.0
621.0,124.0,43.0,100.0
620.0,124.0,43.0,100.0
620.0,125.0,43.0,100.0
619.0,125.0,43.0,100.0
620.0,126.0,43.0,100.0
621.0,125.0,43.0,100.0
620.0,125.0,43.0,100.0
621.0,125.0,43.0,100.0
621.0,126.0,43.0,100.0
622.0,126.0,43.0,100.0
623.0,127.0,43.0,100.0
623.0,128.0,43.0,100.0
625.0,129.0,43.0,100.0
625.0,130.0,43.0,100.0
627.0,130.0,43.0,100.0
628.0,130.0,43.0,100.0
628.0,130.0,43.0,100.0
629.0,130.0,43.0,100.0
631.0,129.0,43.0,100.0
631.0,129.0,43.0,100.0
632.0,128.0,43.0,100.0
633.0,127.0,43.0,100.0
634.0,126.0,43.0,100.0
635.0,126.0,43.0,100.0
635.0,125.0,43.0,100.0
637.0,125.0,43.0,100.0
637.0,126.0,43.0,100.0
638.0,126.0,43.0,100.0
638.0,126.0,43.0,100.0
639.0,126.0,43.0,100.0
639.0,128.0,43.0,100.0
639.0,128.0,43.0,100.0
639.0,129.0,43.0,100.0
639.0,130.0,43.0,100.0
640.0,131.0,42.0,98.0
639.0,132.0,42.0,98.0
639.0,133.0,42.0,98.0
639.0,132.0,42.0,98.0
639.0,133.0,42.0,98.0
640.0,133.0,42.0,98.0
640.0,133.0,42.0,98.0
640.0,133.0,42.0,98.0
640.0,133.0,42.0,98.0
640.0,133.0,42.0,98.0
640.0,133.0,42.0,98.0
640.0,133.0,42.0,98.0
640.0,134.0,42.0,98.0
639.0,135.0,42.0,98.0
639.0,136.0,42.0,98.0
640.0,136.0,42.0,98.0
640.0,137.0,42.0,98.0
640.0,137.0,42.0,98.0
640.0,137.0,42.0,98.0
640.0,137.0,42.0,98.0
639.0,137.0,42.0,98.0
639.0,137.0,42.0,98.0
639.0,136.0,42.0,98.0
639.0,136.0,42.0,98.0
639.0,135.0,42.0,98.0
639.0,134.0,42.0,98.0
639.0,133.0,42.0,98.0
638.0,132.0,42.0,98.0
639.0,132.0,42.0,98.0
640.0,132.0,42.0,98.0
641.0,132.0,42.0,98.0
641.0,132.0,42.0,98.0
641.0,132.0,42.0,98.0
641.0,132.0,42.0,98.0
641.0,132.0,42.0,98.0
641.0,132.0,42.0,98.0
642.0,133.0,42.0,98.0
641.0,133.0,42.0,98.0
641.0,133.0,42.0,98.0
640.0,134.0,42.0,98.0
639.0,133.0,42.0,99.0
639.0,133.0,42.0,99.0
638.0,133.0,42.0,100.0
637.0,132.0,42.0,100.0
637.0,133.0,42.0,98.0
637.0,133.0,42.0,98.0
637.0,132.0,42.0,98.0
636.0,133.0,42.0,98.0
636.0,133.0,42.0,98.0
637.0,133.0,42.0,98.0
637.0,134.0,42.0,98.0
637.0,134.0,42.0,98.0
637.0,135.0,42.0,98.0
637.0,135.0,42.0,98.0
638.0,136.0,42.0,98.0
639.0,136.0,42.0,98.0
639.0,137.0,42.0,98.0
640.0,137.0,42.0,98.0
641.0,137.0,42.0,98.0
642.0,137.0,42.0,98.0
643.0,137.0,42.0,98.0
644.0,136.0,42.0,98.0
645.0,136.0,42.0,98.0
646.0,135.0,42.0,98.0
647.0,135.0,42.0,98.0
649.0,135.0,42.0,98.0
650.0,135.0,42.0,98.0
651.0,136.0,42.0,98.0
653.0,136.0,42.0,98.0
654.0,137.0,42.0,98.0
655.0,137.0,42.0,98.0
656.0,138.0,42.0,98.0
657.0,139.0,42.0,98.0
658.0,140.0,42.0,98.0
659.0,140.0,42.0,98.0
659.0,141.0,42.0,98.0
660.0,140.0,42.0,98.0
660.0,140.0,42.0,98.0
660.0,140.0,42.0,98.0
660.0,140.0,42.0,98.0
660.0,140.0,42.0,98.0
660.0,140.0,42.0,98.0
662.0,140.0,42.0,98.0
662.0,140.0,42.0,98.0
663.0,140.0,42.0,98.0
664.0,140.0,42.0,98.0
664.0,140.0,42.0,98.0
665.0,141.0,42.0,98.0
664.0,141.0,42.0,98.0
665.0,141.0,42.0,98.0
664.0,142.0,42.0,98.0
664.0,142.0,42.0,98.0
664.0,142.0,42.0,98.0
663.0,142.0,42.0,98.0
663.0,142.0,42.0,98.0
661.0,142.0,42.0,98.0
660.0,140.0,42.0,98.0
660.0,140.0,42.0,98.0
658.0,140.0,42.0,98.0
658.0,140.0,42.0,98.0
657.0,139.0,41.0,97.0
657.0,140.0,41.0,97.0
656.0,139.0,41.0,97.0
655.0,139.0,41.0,97.0
655.0,140.0,41.0,97.0
654.0,140.0,41.0,97.0
654.0,140.0,41.0,97.0
653.0,141.0,41.0,97.0
653.0,141.0,41.0,97.0
653.0,142.0,41.0,97.0
653.0,142.0,41.0,97.0
653.0,143.0,41.0,97.0
653.0,143.0,41.0,97.0
653.0,142.0,41.0,97.0
652.0,142.0,41.0,97.0
654.0,142.0,41.0,97.0
655.0,142.0,41.0,97.0
656.0,143.0,41.0,97.0
658.0,142.0,41.0,97.0
660.0,143.0,41.0,97.0
662.0,143.0,41.0,97.0
663.0,143.0,40.0,96.0
665.0,144.0,40.0,96.0
667.0,144.0,40.0,96.0
669.0,144.0,40.0,96.0
669.0,145.0,40.0,96.0
670.0,145.0,40.0,96.0
671.0,146.0,40.0,96.0
671.0,146.0,40.0,96.0
671.0,146.0,40.0,96.0
672.0,146.0,40.0,96.0
672.0,146.0,40.0,96.0
672.0,145.0,40.0,96.0
672.0,145.0,40.0,96.0
672.0,144.0,40.0,96.0
672.0,144.0,40.0,96.0
671.0,144.0,40.0,96.0
671.0,143.0,40.0,96.0
671.0,144.0,40.0,96.0
669.0,143.0,40.0,96.0
668.0,144.0,41.0,96.0
667.0,144.0,41.0,96.0
666.0,145.0,41.0,96.0
665.0,145.0,41.0,96.0
664.0,146.0,41.0,96.0
663.0,146.0,41.0,96.0
662.0,146.0,41.0,96.0
661.0,147.0,41.0,96.0
659.0,146.0,41.0,96.0
659.0,146.0,41.0,96.0
657.0,147.0,41.0,96.0
656.0,147.0,41.0,96.0
656.0,147.0,41.0,96.0
656.0,146.0,41.0,96.0
656.0,147.0,41.0,96.0
656.0,146.0,41.0,96.0
657.0,147.0,40.0,94.0
657.0,147.0,40.0,94.0
658.0,146.0,40.0,94.0
658.0,147.0,40.0,94.0
658.0,147.0,40.0,94.0
659.0,147.0,40.0,94.0
660.0,148.0,40.0,94.0
661.0,148.0,40.0,94.0
661.0,148.0,40.0,94.0
662.0,149.0,40.0,94.0
663.0,149.0,40.0,94.0
664.0,149.0,40.0,94.0
665.0,149.0,40.0,94.0
666.0,148.0,40.0,94.0
667.0,147.0,40.0,94.0
668.0,148.0,40.0,94.0
671.0,147.0,40.0,94.0
672.0,147.0,40.0,94.0
674.0,147.0,40.0,94.0
676.0,148.0,40.0,94.0
678.0,149.0,39.0,94.0
679.0,149.0,39.0,94.0
682.0,150.0,39.0,94.0
683.0,151.0,39.0,94.0
685.0,151.0,39.0,94.0
687.0,153.0,39.0,94.0
689.0,153.0,39.0,94.0
690.0,155.0,39.0,94.0
690.0,155.0,39.0,94.0
691.0,156.0,39.0,94.0
692.0,158.0,38.0,93.0
693.0,158.0,39.0,93.0
693.0,157.0,39.0,93.0
693.0,157.0,39.0,93.0
693.0,157.0,39.0,93.0
693.0,157.0,39.0,93.0
693.0,157.0,39.0,93.0
692.0,157.0,39.0,93.0
692.0,158.0,39.0,93.0
692.0,159.0,39.0,93.0
691.0,159.0,39.0,93.0
691.0,160.0,39.0,93.0
690.0,160.0,39.0,93.0
691.0,161.0,39.0,92.0
690.0,162.0,39.0,92.0
689.0,163.0,39.0,92.0
689.0,164.0,39.0,92.0
689.0,164.0,39.0,92.0
689.0,165.0,39.0,92.0
688.0,165.0,39.0,92.0
688.0,165.0,39.0,92.0
689.0,164.0,39.0,92.0
688.0,164.0,39.0,92.0
688.0,163.0,39.0,92.0
688.0,163.0,39.0,92.0
688.0,162.0,39.0,92.0
688.0,161.0,39.0,92.0
688.0,161.0,39.0,92.0
688.0,160.0,39.0,92.0
688.0,160.0,39.0,92.0
688.0,160.0,39.0,92.0
688.0,160.0,39.0,92.0
688.0,161.0,39.0,92.0
687.0,161.0,39.0,92.0
687.0,161.0,39.0,92.0
687.0,161.0,39.0,92.0
687.0,160.0,39.0,92.0
687.0,161.0,39.0,92.0
686.0,161.0,39.0,92.0
687.0,161.0,39.0,92.0
686.0,161.0,39.0,92.0
686.0,160.0,39.0,92.0
685.0,159.0,39.0,92.0
686.0,158.0,39.0,92.0
685.0,158.0,39.0,92.0
686.0,158.0,39.0,92.0
685.0,157.0,39.0,92.0
686.0,157.0,39.0,92.0
685.0,157.0,39.0,92.0
686.0,157.0,39.0,92.0
686.0,157.0,39.0,92.0
687.0,157.0,39.0,92.0
687.0,157.0,39.0,92.0
687.0,158.0,39.0,92.0
688.0,158.0,39.0,92.0
688.0,159.0,39.0,92.0
689.0,159.0,39.0,92.0
690.0,159.0,39.0,92.0
691.0,158.0,39.0,92.0
693.0,158.0,39.0,92.0
693.0,157.0,39.0,92.0
695.0,156.0,39.0,92.0
696.0,155.0,39.0,92.0
697.0,155.0,39.0,92.0
698.0,155.0,39.0,92.0
699.0,154.0,39.0,92.0
700.0,154.0,39.0,92.0
701.0,153.0,39.0,92.0
702.0,153.0,39.0,92.0
703.0,153.0,39.0,92.0
704.0,153.0,39.0,92.0
705.0,154.0,38.0,91.0
706.0,155.0,38.0,91.0
706.0,155.0,38.0,91.0
706.0,155.0,38.0,91.0
706.0,155.0,38.0,91.0
706.0,155.0,38.0,91.0
705.0,155.0,38.0,91.0
703.0,155.0,38.0,91.0
702.0,154.0,38.0,91.0
701.0,154.0,38.0,91.0
699.0,153.0,38.0,91.0
698.0,153.0,38.0,91.0
696.0,152.0,38.0,91.0
694.0,152.0,38.0,91.0
692.0,152.0,38.0,91.0
690.0,152.0,38.0,91.0
689.0,152.0,38.0,91.0
687.0,152.0,38.0,91.0
685.0,152.0,38.0,91.0
683.0,153.0,37.0,90.0
681.0,153.0,37.0,90.0
680.0,153.0,37.0,90.0
678.0,153.0,36.0,90.0
677.0,153.0,36.0,88.0
675.0,153.0,36.0,88.0
674.0,152.0,36.0,88.0
672.0,152.0,36.0,88.0
670.0,150.0,36.0,88.0
668.0,149.0,36.0,88.0
667.0,148.0,36.0,88.0
664.0,148.0,36.0,88.0
663.0,148.0,36.0,88.0
661.0,147.0,36.0,88.0
659.0,147.0,36.0,88.0
657.0,147.0,36.0,88.0
655.0,147.0,36.0,88.0
653.0,148.0,36.0,88.0
650.0,148.0,36.0,88.0
647.0,149.0,36.0,88.0
645.0,149.0,36.0,88.0
643.0,150.0,36.0,88.0
640.0,150.0,36.0,88.0
637.0,150.0,36.0,88.0
634.0,149.0,36.0,88.0
631.0,150.0,36.0,88.0
628.0,149.0,36.0,88.0
625.0,148.0,36.0,88.0
624.0,149.0,36.0,88.0
621.0,148.0,36.0,88.0
618.0,148.0,36.0,88.0
617.0,148.0,36.0,88.0
615.0,148.0,36.0,88.0
612.0,148.0,36.0,88.0
610.0,149.0,36.0,88.0
608.0,149.0,36.0,88.0
606.0,149.0,36.0,88.0
604.0,150.0,36.0,88.0
602.0,151.0,36.0,88.0
599.0,151.0,36.0,88.0
596.0,151.0,36.0,88.0
595.0,152.0,36.0,88.0
592.0,151.0,36.0,88.0
590.0,150.0,36.0,88.0
587.0,150.0,36.0,88.0
585.0,149.0,36.0,88.0
582.0,149.0,36.0,88.0
580.0,148.0,36.0,88.0
578.0,148.0,37.0,90.0
576.0,147.0,37.0,90.0
573.0,147.0,37.0,90.0
570.0,148.0,37.0,90.0
567.0,148.0,37.0,90.0
565.0,149.0,37.0,90.0
563.0,149.0,37.0,90.0
560.0,150.0,37.0,90.0
557.0,151.0,36.0,88.0
555.0,151.0,36.0,88.0
552.0,152.0,36.0,88.0
550.0,152.0,36.0,88.0
548.0,151.0,36.0,88.0
545.0,151.0,36.0,88.0
543.0,151.0,36.0,88.0
541.0,150.0,36.0,88.0
539.0,150.0,36.0,88.0
537.0,150.0,36.0,88.0
536.0,149.0,36.0,88.0
534.0,149.0,36.0,88.0
533.0,149.0,36.0,88.0
532.0,150.0,36.0,88.0
532.0,150.0,36.0,88.0
532.0,150.0,36.0,88.0
531.0,150.0,36.0,88.0
532.0,150.0,36.0,88.0
532.0,150.0,36.0,88.0
532.0,150.0,36.0,88.0
533.0,150.0,36.0,88.0
535.0,149.0,36.0,88.0
536.0,148.0,36.0,88.0
536.0,147.0,36.0,88.0
538.0,146.0,36.0,88.0
540.0,145.0,36.0,88.0
542.0,143.0,36.0,88.0
544.0,143.0,36.0,88.0
546.0,142.0,36.0,88.0
549.0,141.0,36.0,88.0
551.0,141.0,36.0,88.0
554.0,140.0,36.0,88.0
557.0,140.0,36.0,88.0
560.0,140.0,36.0,88.0
562.0,140.0,36.0,88.0
565.0,140.0,36.0,88.0
568.0,140.0,36.0,88.0
571.0,141.0,36.0,88.0
573.0,140.0,36.0,88.0
575.0,140.0,36.0,88.0
576.0,139.0,36.0,88.0
579.0,138.0,36.0,88.0
580.0,138.0,36.0,88.0
583.0,137.0,36.0,88.0
583.0,136.0,36.0,87.0
586.0,136.0,37.0,87.0
588.0,135.0,37.0,86.0
590.0,134.0,37.0,86.0
592.0,134.0,37.0,86.0
596.0,133.0,36.0,85.0
598.0,133.0,36.0,85.0
601.0,132.0,36.0,85.0
603.0,132.0,36.0,85.0
605.0,132.0,36.0,85.0
608.0,132.0,36.0,85.0
610.0,132.0,36.0,85.0
612.0,132.0,36.0,85.0
615.0,132.0,35.0,85.0
616.0,131.0,35.0,85.0
618.0,130.0,35.0,85.0
619.0,129.0,35.0,86.0
621.0,127.0,35.0,86.0
623.0,127.0,35.0,86.0
624.0,126.0,35.0,86.0
626.0,126.0,35.0,86.0
628.0,125.0,35.0,86.0
629.0,124.0,35.0,86.0
632.0,123.0,35.0,86.0
633.0,123.0,35.0,86.0
635.0,122.0,35.0,86.0
636.0,122.0,35.0,86.0
637.0,122.0,35.0,86.0
637.0,122.0,35.0,86.0
638.0,123.0,35.0,86.0
638.0,122.0,35.0,86.0
638.0,121.0,35.0,86.0
638.0,121.0,35.0,86.0
637.0,120.0,35.0,86.0
636.0,119.0,35.0,86.0
635.0,118.0,35.0,86.0
634.0,118.0,35.0,86.0
634.0,117.0,35.0,86.0
633.0,116.0,35.0,86.0
633.0,115.0,35.0,86.0
632.0,114.0,35.0,86.0
633.0,114.0,35.0,85.0
632.0,114.0,35.0,85.0
631.0,113.0,35.0,85.0
631.0,114.0,35.0,84.0
630.0,114.0,35.0,84.0
630.0,113.0,35.0,84.0
630.0,113.0,35.0,84.0
630.0,113.0,35.0,84.0
629.0,112.0,35.0,84.0
630.0,112.0,35.0,84.0
630.0,111.0,35.0,84.0
630.0,109.0,35.0,84.0
631.0,108.0,35.0,84.0
630.0,108.0,35.0,84.0
630.0,107.0,35.0,84.0
631.0,106.0,35.0,84.0
631.0,105.0,35.0,84.0
632.0,104.0,35.0,84.0
633.0,104.0,35.0,84.0
634.0,104.0,35.0,84.0
634.0,103.0,35.0,84.0
635.0,103.0,35.0,84.0
637.0,103.0,35.0,84.0
638.0,103.0,35.0,84.0
640.0,104.0,35.0,84.0
641.0,103.0,35.0,84.0
641.0,103.0,35.0,84.0
643.0,103.0,35.0,84.0
643.0,102.0,35.0,84.0
645.0,102.0,35.0,84.0
645.0,101.0,35.0,84.0
647.0,100.0,35.0,84.0
649.0,99.0,35.0,84.0
650.0,98.0,35.0,84.0
651.0,97.0,35.0,84.0
652.0,97.0,35.0,84.0
653.0,96.0,35.0,84.0
653.0,96.0,35.0,84.0
655.0,97.0,35.0,84.0
655.0,97.0,35.0,84.0
655.0,97.0,34.0,82.0
656.0,98.0,34.0,82.0
656.0,97.0,34.0,82.0
656.0,97.0,34.0,82.0
656.0,97.0,34.0,82.0
655.0,97.0,34.0,82.0
655.0,96.0,34.0,82.0
655.0,95.0,34.0,82.0
654.0,94.0,35.0,84.0
653.0,94.0,35.0,84.0
653.0,93.0,35.0,84.0
651.0,92.0,35.0,85.0
651.0,92.0,35.0,85.0
650.0,91.0,35.0,85.0
650.0,90.0,35.0,85.0
649.0,90.0,35.0,85.0
649.0,90.0,35.0,84.0
649.0,91.0,35.0,84.0
647.0,91.0,35.0,84.0
647.0,91.0,35.0,84.0
646.0,91.0,35.0,84.0
646.0,92.0,35.0,84.0
644.0,92.0,35.0,84.0
643.0,91.0,35.0,84.0
642.0,91.0,35.0,84.0
642.0,90.0,35.0,84.0
641.0,90.0,35.0,84.0
640.0,89.0,35.0,84.0
639.0,88.0,35.0,85.0
638.0,88.0,35.0,85.0
638.0,88.0,35.0,85.0
638.0,87.0,35.0,85.0
638.0,87.0,35.0,85.0
637.0,87.0,35.0,84.0
638.0,88.0,35.0,84.0
637.0,88.0,35.0,84.0
637.0,89.0,35.0,84.0
637.0,89.0,35.0,84.0
637.0,89.0,35.0,84.0
637.0,90.0,35.0,84.0
637.0,90.0,35.0,84.0
637.0,90.0,35.0,84.0
637.0,89.0,35.0,84.0
637.0,89.0,35.0,84.0
637.0,88.0,35.0,84.0
637.0,88.0,35.0,84.0
637.0,87.0,35.0,84.0
637.0,87.0,35.0,84.0
637.0,87.0,35.0,84.0
637.0,87.0,35.0,84.0
637.0,86.0,35.0,84.0
637.0,87.0,35.0,84.0
637.0,87.0,35.0,84.0
636.0,88.0,35.0,84.0
637.0,88.0,35.0,84.0
636.0,89.0,35.0,84.0
635.0,90.0,35.0,86.0
635.0,90.0,35.0,86.0
634.0,90.0,35.0,86.0
634.0,89.0,35.0,86.0
634.0,88.0,35.0,86.0
633.0,88.0,35.0,86.0
633.0,87.0,35.0,86.0
633.0,87.0,35.0,86.0
633.0,87.0,35.0,86.0
633.0,87.0,35.0,86.0
633.0,87.0,35.0,86.0
634.0,87.0,35.0,86.0
634.0,87.0,35.0,84.0
634.0,87.0,35.0,84.0
634.0,88.0,34.0,83.0
635.0,89.0,34.0,83.0
636.0,89.0,34.0,83.0
636.0,91.0,34.0,83.0
636.0,92.0,34.0,83.0
638.0,92.0,34.0,83.0
640.0,93.0,34.0,83.0
642.0,94.0,34.0,83.0
644.0,94.0,34.0,83.0
646.0,94.0,34.0,83.0
647.0,94.0,34.0,83.0
649.0,93.0,34.0,83.0
650.0,93.0,34.0,83.0
652.0,94.0,34.0,83.0
653.0,94.0,34.0,83.0
654.0,94.0,34.0,83.0
655.0,94.0,34.0,83.0
656.0,95.0,34.0,83.0
657.0,96.0,34.0,83.0
658.0,97.0,34.0,83.0
659.0,97.0,34.0,83.0
660.0,98.0,35.0,83.0
663.0,99.0,36.0,85.0
663.0,100.0,36.0,85.0
664.0,100.0,36.0,85.0
666.0,101.0,36.0,85.0
668.0,102.0,36.0,85.0
670.0,103.0,36.0,85.0
672.0,103.0,36.0,87.0
674.0,103.0,36.0,87.0
677.0,103.0,36.0,87.0
678.0,103.0,36.0,87.0
681.0,103.0,35.0,87.0
682.0,103.0,35.0,87.0
683.0,102.0,35.0,87.0
685.0,103.0,35.0,87.0
687.0,104.0,35.0,87.0
690.0,105.0,35.0,87.0
692.0,106.0,36.0,86.0
693.0,106.0,37.0,86.0
696.0,110.0,38.0,86.0
699.0,110.0,37.0,86.0
701.0,111.0,37.0,86.0
705.0,113.0,37.0,86.0
709.0,114.0,37.0,86.0
713.0,114.0,37.0,86.0
717.0,114.0,37.0,86.0
720.0,115.0,37.0,86.0
724.0,115.0,37.0,86.0
728.0,116.0,37.0,86.0
732.0,116.0,37.0,86.0
736.0,116.0,37.0,86.0
739.0,116.0,37.0,86.0
742.0,118.0,37.0,86.0
746.0,118.0,37.0,86.0
748.0,120.0,37.0,86.0
751.0,120.0,37.0,86.0
754.0,121.0,37.0,86.0
757.0,123.0,37.0,86.0
760.0,123.0,37.0,86.0
763.0,124.0,37.0,86.0
766.0,125.0,37.0,86.0
769.0,125.0,38.0,86.0
773.0,126.0,38.0,86.0
776.0,126.0,38.0,86.0
780.0,126.0,37.0,86.0
782.0,126.0,37.0,86.0
784.0,126.0,37.0,86.0
786.0,126.0,37.0,86.0
786.0,125.0,37.0,86.0
785.0,125.0,37.0,86.0
784.0,125.0,37.0,86.0
781.0,126.0,37.0,86.0
778.0,126.0,37.0,86.0
773.0,125.0,37.0,86.0
769.0,126.0,37.0,86.0
764.0,126.0,37.0,86.0
760.0,126.0,37.0,86.0
755.0,127.0,37.0,86.0
750.0,127.0,37.0,86.0
744.0,127.0,38.0,87.0
737.0,127.0,38.0,87.0
730.0,126.0,38.0,88.0
722.0,124.0,38.0,88.0
714.0,123.0,38.0,88.0
706.0,123.0,38.0,88.0
697.0,122.0,38.0,88.0
688.0,121.0,38.0,88.0
678.0,121.0,38.0,88.0
668.0,121.0,38.0,87.0
658.0,121.0,38.0,87.0
648.0,121.0,38.0,87.0
637.0,122.0,38.0,87.0
628.0,122.0,38.0,87.0
618.0,122.0,38.0,87.0
609.0,123.0,38.0,87.0
600.0,124.0,38.0,87.0
592.0,124.0,38.0,87.0
585.0,123.0,38.0,86.0
578.0,123.0,38.0,86.0
572.0,124.0,37.0,85.0
567.0,123.0,37.0,85.0
562.0,123.0,37.0,85.0
558.0,123.0,37.0,85.0
554.0,122.0,37.0,85.0
552.0,123.0,37.0,85.0
551.0,123.0,37.0,85.0
551.0,122.0,37.0,86.0
552.0,122.0,37.0,86.0
552.0,122.0,37.0,86.0
554.0,123.0,37.0,87.0
557.0,124.0,37.0,87.0
560.0,125.0,37.0,88.0
563.0,126.0,37.0,88.0
566.0,127.0,37.0,88.0
569.0,127.0,37.0,88.0
572.0,127.0,37.0,88.0
577.0,127.0,37.0,88.0
581.0,126.0,37.0,88.0
585.0,126.0,37.0,88.0
588.0,125.0,37.0,88.0
592.0,125.0,37.0,88.0
595.0,125.0,37.0,88.0
598.0,124.0,37.0,88.0
601.0,124.0,37.0,88.0
605.0,123.0,37.0,88.0
608.0,122.0,37.0,88.0
611.0,122.0,37.0,88.0
614.0,121.0,37.0,88.0
617.0,121.0,37.0,88.0
621.0,120.0,37.0,88.0
624.0,120.0,37.0,88.0
628.0,120.0,37.0,88.0
630.0,120.0,37.0,88.0
633.0,120.0,37.0,88.0
636.0,119.0,37.0,88.0
639.0,119.0,38.0,89.0
640.0,117.0,38.0,89.0
642.0,116.0,38.0,89.0
641.0,114.0,38.0,89.0
641.0,113.0,38.0,89.0
640.0,111.0,38.0,89.0
639.0,110.0,38.0,89.0
638.0,109.0,38.0,89.0
635.0,107.0,38.0,89.0
634.0,106.0,38.0,89.0
632.0,106.0,38.0,89.0
631.0,105.0,38.0,89.0
628.0,105.0,38.0,89.0
626.0,105.0,38.0,89.0
624.0,105.0,38.0,89.0
623.0,105.0,38.0,89.0
621.0,105.0,38.0,89.0
618.0,104.0,38.0,89.0
616.0,103.0,38.0,89.0
613.0,101.0,38.0,89.0
610.0,99.0,38.0,89.0
606.0,98.0,38.0,89.0
602.0,97.0,38.0,89.0
598.0,96.0,38.0,89.0
595.0,95.0,38.0,89.0
591.0,94.0,38.0,89.0
588.0,93.0,37.0,89.0
586.0,92.0,37.0,89.0
584.0,91.0,37.0,89.0
581.0,91.0,37.0,89.0
579.0,91.0,37.0,89.0
578.0,91.0,37.0,89.0
578.0,91.0,37.0,89.0
577.0,90.0,37.0,89.0
577.0,90.0,37.0,89.0
578.0,89.0,37.0,89.0
578.0,88.0,37.0,89.0
578.0,87.0,37.0,89.0
579.0,86.0,37.0,89.0
579.0,84.0,37.0,89.0
580.0,82.0,37.0,89.0
581.0,80.0,37.0,89.0
581.0,78.0,37.0,89.0
580.0,77.0,37.0,89.0
580.0,77.0,37.0,89.0
580.0,76.0,37.0,89.0
580.0,76.0,37.0,89.0
580.0,75.0,37.0,89.0
579.0,75.0,37.0,89.0
580.0,74.0,37.0,89.0
580.0,74.0,37.0,89.0
579.0,73.0,37.0,89.0
580.0,71.0,36.0,88.0
581.0,70.0,36.0,88.0
582.0,68.0,36.0,88.0
583.0,67.0,36.0,88.0
584.0,65.0,36.0,88.0
584.0,63.0,36.0,88.0
586.0,62.0,36.0,88.0
587.0,60.0,36.0,88.0
588.0,59.0,36.0,88.0
590.0,58.0,36.0,88.0
591.0,57.0,36.0,88.0
592.0,56.0,36.0,88.0
593.0,56.0,36.0,88.0
595.0,56.0,36.0,88.0
596.0,55.0,36.0,88.0
597.0,55.0,36.0,88.0
598.0,53.0,36.0,88.0
599.0,52.0,36.0,88.0
600.0,50.0,36.0,88.0
601.0,47.0,36.0,88.0
603.0,46.0,36.0,89.0
604.0,43.0,36.0,89.0
606.0,42.0,36.0,89.0
606.0,40.0,36.0,89.0
607.0,39.0,36.0,89.0
608.0,37.0,36.0,89.0
608.0,36.0,36.0,89.0
610.0,34.0,36.0,89.0
611.0,33.0,36.0,89.0
612.0,33.0,36.0,89.0
613.0,32.0,36.0,88.0
614.0,31.0,36.0,89.0
616.0,29.0,36.0,89.0
617.0,28.0,36.0,89.0
618.0,27.0,36.0,89.0
619.0,25.0,36.0,89.0
620.0,24.0,36.0,89.0
621.0,21.0,36.0,89.0
622.0,19.0,36.0,89.0
622.0,17.0,36.0,89.0
623.0,15.0,36.0,89.0
623.0,14.0,36.0,89.0
624.0,13.0,36.0,88.0
625.0,11.0,36.0,88.0
625.0,10.0,36.0,88.0
624.0,9.0,36.0,88.0
624.0,9.0,36.0,88.0
624.0,9.0,36.0,88.0
624.0,8.0,36.0,88.0
623.0,8.0,36.0,88.0
622.0,8.0,36.0,88.0
622.0,6.0,36.0,88.0
621.0,5.0,36.0,88.0
621.0,3.0,36.0,88.0
620.0,2.0,36.0,88.0
619.0,1.0,36.0,88.0
619.0,-2.0,36.0,88.0
618.0,-2.0,36.0,88.0
617.0,-3.0,36.0,88.0
616.0,-3.0,36.0,88.0
615.0,-5.0,36.0,87.0
614.0,-5.0,36.0,87.0
613.0,-5.0,36.0,86.0
613.0,-5.0,36.0,86.0
612.0,-5.0,36.0,86.0
611.0,-5.0,36.0,86.0
611.0,-5.0,36.0,86.0
610.0,-5.0,36.0,86.0
610.0,-5.0,36.0,86.0
610.0,-6.0,35.0,86.0
611.0,-7.0,35.0,86.0
612.0,-7.0,35.0,86.0
612.0,-8.0,35.0,86.0
612.0,-8.0,35.0,86.0
613.0,-8.0,35.0,86.0
613.0,-9.0,35.0,86.0
614.0,-9.0,35.0,86.0
615.0,-10.0,36.0,86.0
615.0,-9.0,36.0,86.0
617.0,-9.0,36.0,86.0
618.0,-9.0,36.0,85.0
620.0,-8.0,36.0,85.0
621.0,-8.0,36.0,85.0
622.0,-8.0,36.0,85.0
624.0,-8.0,36.0,85.0
626.0,-8.0,36.0,85.0
627.0,-7.0,36.0,85.0
628.0,-7.0,36.0,85.0
630.0,-7.0,36.0,85.0
632.0,-7.0,36.0,85.0
633.0,-7.0,36.0,85.0
634.0,-8.0,36.0,85.0
636.0,-8.0,36.0,85.0
636.0,-8.0,36.0,85.0
638.0,-8.0,36.0,85.0
640.0,-8.0,36.0,85.0
641.0,-8.0,36.0,85.0
643.0,-8.0,36.0,85.0
644.0,-8.0,36.0,85.0
646.0,-8.0,36.0,85.0
647.0,-7.0,36.0,85.0
649.0,-7.0,36.0,85.0
650.0,-6.0,36.0,85.0
652.0,-5.0,36.0,85.0
653.0,-5.0,36.0,85.0
655.0,-5.0,36.0,85.0
656.0,-5.0,36.0,85.0
659.0,-5.0,36.0,85.0
659.0,-6.0,36.0,85.0
662.0,-7.0,36.0,86.0
662.0,-7.0,36.0,86.0
664.0,-8.0,36.0,86.0
666.0,-8.0,36.0,86.0
667.0,-8.0,36.0,86.0
669.0,-8.0,35.0,86.0
670.0,-8.0,35.0,86.0
672.0,-8.0,34.0,86.0
674.0,-8.0,34.0,86.0
674.0,-7.0,34.0,86.0
676.0,-6.0,34.0,86.0
677.0,-5.0,34.0,86.0
678.0,-5.0,34.0,86.0
679.0,-5.0,34.0,86.0
680.0,-5.0,34.0,86.0
680.0,-5.0,34.0,86.0
681.0,-5.0,34.0,86.0
683.0,-5.0,34.0,86.0
684.0,-5.0,34.0,86.0
685.0,-6.0,34.0,86.0
686.0,-6.0,34.0,86.0
686.0,-6.0,34.0,86.0
687.0,-6.0,34.0,86.0
689.0,-6.0,34.0,86.0
691.0,-6.0,34.0,86.0
692.0,-5.0,34.0,86.0
693.0,-5.0,34.0,86.0
695.0,-4.0,34.0,86.0
696.0,-3.0,34.0,86.0
698.0,-2.0,34.0,86.0
700.0,-2.0,34.0,86.0
702.0,-2.0,34.0,86.0
704.0,-3.0,34.0,86.0
706.0,-3.0,34.0,86.0
708.0,-4.0,34.0,86.0
710.0,-5.0,34.0,86.0
711.0,-4.0,34.0,86.0
713.0,-5.0,34.0,86.0
716.0,-5.0,34.0,86.0
717.0,-5.0,34.0,86.0
719.0,-5.0,34.0,86.0
721.0,-4.0,34.0,86.0
723.0,-3.0,34.0,86.0
724.0,-3.0,34.0,86.0
725.0,-2.0,35.0,87.0
726.0,-1.0,35.0,88.0
727.0,-0.0,36.0,89.0
729.0,-0.0,36.0,89.0
730.0,1.0,36.0,89.0
731.0,1.0,36.0,89.0
732.0,1.0,36.0,89.0
733.0,1.0,36.0,89.0
734.0,1.0,36.0,89.0
734.0,0.0,36.0,89.0
735.0,0.0,36.0,89.0
735.0,0.0,36.0,89.0
735.0,0.0,36.0,89.0
736.0,1.0,36.0,89.0
735.0,2.0,36.0,89.0
735.0,4.0,36.0,89.0
735.0,4.0,36.0,89.0
735.0,6.0,36.0,89.0
734.0,7.0,36.0,89.0
734.0,7.0,36.0,89.0
733.0,8.0,36.0,89.0
732.0,8.0,36.0,89.0
731.0,8.0,36.0,89.0
731.0,8.0,36.0,89.0
730.0,7.0,36.0,89.0
728.0,6.0,36.0,90.0
728.0,5.0,36.0,90.0
726.0,5.0,36.0,90.0
725.0,4.0,36.0,90.0
724.0,4.0,36.0,90.0
723.0,4.0,36.0,90.0
722.0,4.0,36.0,90.0
721.0,5.0,36.0,90.0
719.0,6.0,36.0,90.0
718.0,6.0,36.0,90.0
717.0,8.0,36.0,90.0
716.0,9.0,36.0,90.0
714.0,9.0,36.0,90.0
713.0,10.0,36.0,90.0
712.0,10.0,36.0,90.0
711.0,10.0,36.0,90.0
710.0,10.0,36.0,90.0
710.0,10.0,36.0,90.0
709.0,9.0,36.0,90.0
708.0,9.0,36.0,90.0
708.0,9.0,36.0,90.0
707.0,9.0,36.0,90.0
706.0,10.0,36.0,90.0
706.0,11.0,36.0,90.0
705.0,12.0,36.0,90.0
704.0,14.0,36.0,90.0
703.0,15.0,36.0,90.0
703.0,15.0,36.0,90.0
701.0,16.0,36.0,90.0
700.0,17.0,36.0,90.0
699.0,17.0,36.0,90.0
698.0,17.0,36.0,90.0
696.0,17.0,36.0,90.0
693.0,17.0,36.0,90.0
691.0,16.0,36.0,90.0
689.0,16.0,36.0,90.0
687.0,16.0,36.0,90.0
683.0,16.0,36.0,90.0
681.0,17.0,36.0,90.0
678.0,17.0,36.0,90.0
675.0,18.0,36.0,90.0
671.0,20.0,36.0,90.0
666.0,21.0,36.0,90.0
662.0,23.0,36.0,90.0
658.0,23.0,36.0,90.0
653.0,25.0,36.0,90.0
649.0,25.0,36.0,90.0
644.0,25.0,36.0,90.0
640.0,25.0,36.0,90.0
636.0,25.0,36.0,90.0
633.0,25.0,36.0,90.0
630.0,26.0,36.0,90.0
628.0,26.0,36.0,90.0
625.0,27.0,36.0,90.0
622.0,28.0,36.0,90.0
621.0,30.0,36.0,90.0
619.0,31.0,36.0,90.0
618.0,34.0,36.0,90.0
618.0,36.0,36.0,90.0
617.0,36.0,36.0,90.0
616.0,38.0,36.0,90.0
616.0,38.0,36.0,90.0
616.0,38.0,36.0,90.0
616.0,38.0,36.0,90.0
617.0,38.0,37.0,92.0
618.0,38.0,37.0,92.0
619.0,38.0,37.0,92.0
621.0,38.0,37.0,92.0
622.0,39.0,37.0,92.0
624.0,39.0,38.0,93.0
625.0,39.0,38.0,93.0
626.0,41.0,38.0,93.0
627.0,44.0,38.0,93.0
628.0,46.0,38.0,93.0
629.0,47.0,38.0,93.0
630.0,48.0,38.0,93.0
630.0,50.0,38.0,93.0
631.0,52.0,38.0,93.0
631.0,53.0,38.0,93.0
632.0,54.0,38.0,93.0
632.0,54.0,38.0,93.0
633.0,55.0,38.0,93.0
635.0,55.0,38.0,93.0
636.0,55.0,38.0,93.0
637.0,55.0,38.0,93.0
639.0,55.0,38.0,93.0
641.0,57.0,38.0,93.0
641.0,58.0,38.0,93.0
643.0,60.0,38.0,93.0
643.0,63.0,38.0,94.0
645.0,65.0,38.0,94.0
646.0,67.0,38.0,95.0
647.0,68.0,38.0,95.0
649.0,69.0,38.0,95.0
650.0,69.0,38.0,95.0
651.0,69.0,38.0,95.0
652.0,70.0,38.0,95.0
653.0,70.0,38.0,95.0
654.0,71.0,38.0,95.0
654.0,71.0,38.0,95.0
655.0,70.0,39.0,95.0
657.0,71.0,39.0,95.0
658.0,72.0,39.0,95.0
659.0,74.0,39.0,95.0
660.0,75.0,39.0,95.0
661.0,77.0,39.0,97.0
662.0,79.0,39.0,97.0
663.0,81.0,39.0,97.0
663.0,83.0,39.0,95.0
663.0,86.0,39.0,95.0
664.0,87.0,39.0,95.0
663.0,88.0,39.0,95.0
664.0,89.0,39.0,95.0
664.0,90.0,39.0,95.0
665.0,90.0,39.0,95.0
666.0,91.0,39.0,95.0
667.0,92.0,39.0,95.0
668.0,93.0,39.0,95.0
669.0,95.0,39.0,95.0
670.0,96.0,39.0,95.0
670.0,97.0,39.0,95.0
671.0,99.0,39.0,95.0
671.0,101.0,39.0,95.0
672.0,104.0,39.0,95.0
672.0,106.0,39.0,95.0
671.0,107.0,39.0,95.0
670.0,108.0,39.0,95.0
668.0,109.0,39.0,95.0
667.0,109.0,39.0,95.0
665.0,110.0,39.0,95.0
663.0,110.0,39.0,95.0
661.0,110.0,39.0,95.0
657.0,110.0,39.0,97.0
656.0,110.0,39.0,97.0
653.0,110.0,39.0,97.0
650.0,111.0,39.0,97.0
647.0,112.0,39.0,97.0
643.0,113.0,39.0,97.0
640.0,114.0,39.0,97.0
637.0,117.0,39.0,97.0
633.0,118.0,39.0,97.0
630.0,120.0,39.0,97.0
626.0,121.0,39.0,97.0
622.0,122.0,39.0,97.0
619.0,123.0,39.0,97.0
616.0,123.0,39.0,97.0
613.0,124.0,39.0,97.0
611.0,124.0,39.0,97.0
609.0,124.0,39.0,97.0
607.0,124.0,39.0,97.0
606.0,123.0,39.0,97.0
605.0,124.0,39.0,97.0
604.0,124.0,39.0,97.0
603.0,125.0,39.0,97.0
603.0,126.0,39.0,97.0
602.0,126.0,39.0,97.0
602.0,128.0,39.0,97.0
602.0,128.0,39.0,97.0
601.0,130.0,39.0,95.0
601.0,130.0,39.0,95.0
600.0,129.0,39.0,95.0
599.0,128.0,39.0,95.0
598.0,127.0,39.0,97.0
598.0,127.0,39.0,97.0
597.0,126.0,39.0,97.0
596.0,124.0,39.0,97.0
596.0,123.0,39.0,97.0
596.0,123.0,39.0,97.0
596.0,122.0,39.0,97.0
596.0,122.0,39.0,97.0
596.0,123.0,39.0,97.0
595.0,123.0,39.0,97.0
594.0,124.0,39.0,97.0
592.0,125.0,39.0,97.0
592.0,126.0,39.0,95.0
591.0,127.0,39.0,95.0
589.0,127.0,39.0,95.0
587.0,127.0,39.0,95.0
586.0,127.0,39.0,95.0
584.0,126.0,39.0,95.0
583.0,125.0,39.0,95.0
581.0,125.0,39.0,95.0
580.0,124.0,39.0,95.0
580.0,124.0,39.0,95.0
580.0,123.0,39.0,95.0
579.0,123.0,39.0,95.0
577.0,123.0,39.0,95.0
577.0,123.0,39.0,95.0
575.0,123.0,39.0,95.0
574.0,124.0,38.0,95.0
573.0,125.0,38.0,95.0
572.0,125.0,38.0,95.0
571.0,125.0,38.0,95.0
569.0,125.0,39.0,95.0
567.0,124.0,39.0,95.0
567.0,124.0,39.0,95.0
564.0,123.0,39.0,95.0
564.0,123.0,39.0,95.0
564.0,122.0,39.0,95.0
562.0,120.0,39.0,95.0
562.0,120.0,39.0,95.0
562.0,120.0,39.0,95.0
562.0,120.0,39.0,95.0
562.0,120.0,39.0,95.0
561.0,121.0,39.0,95.0
561.0,122.0,39.0,95.0
561.0,123.0,39.0,95.0
561.0,124.0,39.0,95.0
561.0,125.0,39.0,95.0
561.0,126.0,38.0,95.0
561.0,126.0,38.0,95.0
560.0,127.0,37.0,93.0
560.0,128.0,37.0,93.0
560.0,127.0,37.0,93.0
560.0,128.0,37.0,93.0
560.0,127.0,37.0,93.0
560.0,127.0,37.0,93.0
560.0,127.0,37.0,93.0
560.0,127.0,38.0,95.0
560.0,128.0,38.0,95.0
560.0,129.0,38.0,95.0
560.0,131.0,38.0,95.0
559.0,132.0,38.0,95.0
559.0,134.0,38.0,95.0
558.0,136.0,38.0,95.0
558.0,136.0,38.0,95.0
556.0,137.0,38.0,95.0
555.0,137.0,38.0,95.0
554.0,138.0,38.0,95.0
554.0,138.0,38.0,95.0
554.0,138.0,38.0,95.0
554.0,139.0,38.0,95.0
554.0,140.0,38.0,95.0
554.0,140.0,38.0,95.0
554.0,140.0,38.0,95.0
555.0,142.0,38.0,95.0
555.0,143.0,38.0,95.0
556.0,145.0,38.0,95.0
556.0,147.0,38.0,95.0
557.0,148.0,38.0,95.0
557.0,151.0,38.0,95.0
558.0,153.0,38.0,95.0
558.0,154.0,38.0,95.0
559.0,157.0,38.0,95.0
559.0,159.0,38.0,95.0
558.0,160.0,38.0,95.0
557.0,163.0,38.0,95.0
557.0,164.0,38.0,95.0
556.0,165.0,38.0,95.0
555.0,167.0,38.0,95.0
554.0,168.0,38.0,95.0
554.0,169.0,38.0,95.0
553.0,169.0,39.0,95.0
552.0,170.0,39.0,95.0
553.0,171.0,39.0,95.0
552.0,173.0,39.0,95.0
552.0,175.0,39.0,95.0
551.0,176.0,39.0,95.0
550.0,178.0,39.0,95.0
549.0,180.0,39.0,95.0
547.0,183.0,39.0,95.0
546.0,185.0,39.0,95.0
545.0,187.0,39.0,95.0
542.0,189.0,39.0,97.0
541.0,190.0,39.0,96.0
540.0,191.0,39.0,96.0
537.0,191.0,39.0,96.0
534.0,192.0,39.0,96.0
533.0,192.0,39.0,96.0
532.0,192.0,39.0,96.0
530.0,193.0,39.0,96.0
529.0,193.0,39.0,96.0
528.0,194.0,39.0,96.0
528.0,195.0,39.0,96.0
528.0,196.0,39.0,96.0
527.0,197.0,39.0,96.0
526.0,198.0,39.0,96.0
525.0,200.0,39.0,96.0
524.0,202.0,39.0,96.0
524.0,203.0,39.0,96.0
523.0,206.0,39.0,96.0
522.0,208.0,39.0,96.0
520.0,208.0,39.0,96.0
518.0,210.0,39.0,96.0
516.0,211.0,39.0,96.0
514.0,213.0,39.0,95.0
513.0,214.0,39.0,95.0
511.0,215.0,39.0,94.0
509.0,215.0,39.0,94.0
508.0,215.0,39.0,94.0
506.0,215.0,39.0,94.0
505.0,215.0,39.0,94.0
504.0,216.0,39.0,94.0
502.0,216.0,40.0,95.0
501.0,217.0,40.0,95.0
499.0,219.0,40.0,95.0
497.0,220.0,40.0,95.0
495.0,221.0,41.0,94.0
494.0,222.0,41.0,94.0
491.0,224.0,41.0,94.0
488.0,224.0,41.0,94.0
486.0,224.0,41.0,95.0
483.0,224.0,41.0,95.0
480.0,223.0,41.0,95.0
478.0,222.0,41.0,95.0
475.0,221.0,41.0,95.0
472.0,219.0,41.0,95.0
471.0,218.0,41.0,95.0
468.0,217.0,41.0,95.0
466.0,216.0,42.0,97.0
464.0,215.0,42.0,97.0
462.0,214.0,42.0,97.0
460.0,214.0,42.0,97.0
459.0,214.0,42.0,97.0
457.0,214.0,42.0,97.0
455.0,215.0,42.0,97.0
453.0,215.0,42.0,97.0
450.0,216.0,42.0,97.0
447.0,215.0,42.0,97.0
444.0,215.0,41.0,95.0
441.0,215.0,41.0,95.0
438.0,215.0,41.0,95.0
436.0,214.0,41.0,95.0
435.0,212.0,41.0,95.0
435.0,210.0,41.0,95.0
434.0,208.0,41.0,95.0
434.0,206.0,41.0,95.0
436.0,204.0,41.0,95.0
438.0,203.0,41.0,95.0
441.0,202.0,41.0,94.0
444.0,202.0,41.0,94.0
445.0,202.0,41.0,94.0
448.0,202.0,41.0,93.0
451.0,200.0,41.0,93.0
453.0,199.0,42.0,93.0
454.0,196.0,42.0,93.0
455.0,194.0,42.0,93.0
456.0,192.0,42.0,93.0
457.0,190.0,42.0,93.0
457.0,186.0,42.0,93.0
457.0,184.0,42.0,93.0
456.0,181.0,42.0,93.0
455.0,179.0,41.0,94.0
454.0,178.0,41.0,94.0
452.0,176.0,42.0,95.0
449.0,175.0,42.0,95.0
447.0,175.0,42.0,95.0
444.0,174.0,42.0,95.0
440.0,174.0,42.0,95.0
438.0,175.0,42.0,95.0
435.0,174.0,42.0,95.0
430.0,174.0,42.0,95.0
427.0,173.0,41.0,94.0
423.0,173.0,41.0,94.0
419.0,172.0,41.0,94.0
415.0,171.0,41.0,94.0
413.0,170.0,40.0,92.0
410.0,167.0,40.0,92.0
406.0,165.0,40.0,92.0
403.0,164.0,40.0,92.0
400.0,163.0,40.0,92.0
396.0,163.0,40.0,92.0
393.0,163.0,40.0,92.0
391.0,163.0,40.0,92.0
387.0,163.0,40.0,92.0
383.0,163.0,40.0,92.0
379.0,163.0,40.0,92.0
375.0,162.0,40.0,91.0
371.0,161.0,40.0,91.0
366.0,159.0,40.0,91.0
362.0,158.0,40.0,91.0
357.0,156.0,40.0,91.0
353.0,154.0,41.0,91.0
349.0,152.0,41.0,91.0
345.0,150.0,41.0,91.0
341.0,148.0,41.0,91.0
338.0,146.0,40.0,90.0
334.0,146.0,40.0,90.0
330.0,145.0,40.0,90.0
326.0,144.0,40.0,90.0
322.0,145.0,40.0,90.0
318.0,145.0,40.0,90.0
313.0,145.0,40.0,90.0
308.0,146.0,40.0,90.0
303.0,146.0,40.0,91.0
299.0,147.0,40.0,91.0
293.0,146.0,40.0,91.0
288.0,146.0,40.0,91.0
283.0,145.0,40.0,91.0
279.0,144.0,40.0,91.0
274.0,143.0,40.0,91.0
269.0,142.0,40.0,91.0
264.0,140.0,41.0,93.0
260.0,139.0,41.0,93.0
255.0,137.0,42.0,94.0
252.0,136.0,42.0,94.0
246.0,136.0,42.0,95.0
242.0,135.0,42.0,95.0
238.0,135.0,43.0,95.0
233.0,135.0,43.0,95.0
228.0,135.0,44.0,96.0
224.0,135.0,44.0,95.0
220.0,134.0,44.0,95.0
215.0,133.0,45.0,95.0
209.0,131.0,45.0,95.0
205.0,129.0,45.0,95.0
200.0,127.0,45.0,95.0
196.0,126.0,45.0,95.0
192.0,125.0,45.0,96.0
188.0,124.0,45.0,96.0
184.0,122.0,45.0,96.0
180.0,121.0,45.0,96.0
175.0,119.0,45.0,96.0
171.0,119.0,45.0,96.0
167.0,119.0,45.0,96.0
162.0,119.0,45.0,96.0
