796.0,245.0,29.0,62.0
796.0,245.0,29.0,62.0
797.0,246.0,29.0,62.0
797.0,248.0,29.0,62.0
798.0,249.0,28.0,60.0
798.0,249.0,28.0,60.0
797.0,250.0,28.0,61.0
798.0,250.0,28.0,61.0
797.0,250.0,29.0,62.0
797.0,250.0,29.0,62.0
798.0,250.0,29.0,62.0
798.0,250.0,29.0,62.0
798.0,250.0,29.0,62.0
797.0,250.0,29.0,62.0
797.0,251.0,29.0,62.0
796.0,251.0,29.0,63.0
795.0,252.0,29.0,63.0
795.0,254.0,29.0,63.0
794.0,255.0,29.0,63.0
793.0,255.0,29.0,63.0
792.0,255.0,29.0,63.0
792.0,255.0,28.0,61.0
792.0,255.0,28.0,60.0
791.0,255.0,28.0,60.0
790.0,255.0,28.0,61.0
789.0,256.0,28.0,61.0
788.0,257.0,28.0,60.0
787.0,258.0,28.0,60.0
786.0,259.0,28.0,61.0
786.0,260.0,28.0,61.0
784.0,260.0,28.0,61.0
784.0,261.0,28.0,61.0
782.0,261.0,28.0,61.0
782.0,261.0,28.0,61.0
781.0,261.0,28.0,61.0
781.0,260.0,28.0,61.0
780.0,260.0,28.0,61.0
779.0,261.0,28.0,61.0
778.0,262.0,28.0,61.0
778.0,263.0,28.0,61.0
777.0,265.0,28.0,61.0
776.0,265.0,28.0,61.0
775.0,265.0,28.0,61.0
774.0,265.0,28.0,61.0
774.0,265.0,28.0,61.0
773.0,266.0,28.0,60.0
773.0,266.0,28.0,60.0
772.0,265.0,28.0,60.0
771.0,266.0,28.0,60.0
770.0,267.0,28.0,60.0
769.0,268.0,28.0,60.0
768.0,270.0,28.0,60.0
768.0,270.0,28.0,60.0
767.0,271.0,28.0,60.0
766.0,272.0,28.0,60.0
765.0,272.0,28.0,60.0
765.0,273.0,28.0,60.0
764.0,273.0,28.0,60.0
763.0,272.0,28.0,61.0
762.0,272.0,28.0,61.0
762.0,273.0,28.0,61.0
761.0,274.0,28.0,61.0
760.0,274.0,28.0,61.0
760.0,276.0,28.0,61.0
759.0,277.0,28.0,61.0
758.0,278.0,28.0,61.0
757.0,278.0,28.0,61.0
757.0,279.0,28.0,61.0
756.0,279.0,28.0,61.0
755.0,279.0,28.0,61.0
754.0,279.0,28.0,61.0
753.0,279.0,28.0,61.0
752.0,280.0,28.0,61.0
751.0,281.0,28.0,61.0
750.0,283.0,29.0,61.0
749.0,284.0,29.0,61.0
748.0,285.0,29.0,61.0
746.0,286.0,28.0,61.0
746.0,287.0,28.0,61.0
744.0,287.0,28.0,61.0
743.0,287.0,28.0,61.0
742.0,287.0,28.0,61.0
741.0,288.0,28.0,61.0
740.0,289.0,28.0,61.0
739.0,289.0,28.0,61.0
737.0,291.0,28.0,61.0
736.0,293.0,28.0,61.0
736.0,295.0,28.0,61.0
734.0,297.0,28.0,61.0
733.0,298.0,28.0,60.0
731.0,299.0,28.0,59.0
730.0,301.0,28.0,59.0
730.0,301.0,28.0,59.0
729.0,303.0,28.0,59.0
728.0,304.0,28.0,59.0
726.0,305.0,28.0,59.0
725.0,306.0,28.0,59.0
725.0,308.0,29.0,59.0
723.0,310.0,29.0,59.0
722.0,312.0,29.0,59.0
722.0,314.0,29.0,59.0
721.0,316.0,29.0,59.0
721.0,318.0,29.0,59.0
719.0,320.0,28.0,59.0
718.0,322.0,28.0,59.0
718.0,323.0,27.0,59.0
718.0,324.0,27.0,59.0
717.0,326.0,27.0,59.0
716.0,329.0,27.0,59.0
715.0,330.0,27.0,59.0
714.0,332.0,28.0,59.0
714.0,334.0,28.0,59.0
712.0,336.0,28.0,60.0
711.0,339.0,28.0,60.0
710.0,342.0,28.0,60.0
709.0,343.0,29.0,61.0
708.0,346.0,29.0,61.0
707.0,348.0,29.0,61.0
705.0,351.0,30.0,62.0
705.0,353.0,30.0,63.0
704.0,355.0,30.0,63.0
703.0,357.0,31.0,64.0
703.0,360.0,31.0,64.0
702.0,362.0,31.0,64.0
701.0,364.0,31.0,65.0
701.0,367.0,31.0,65.0
700.0,369.0,31.0,66.0
700.0,372.0,31.0,66.0
698.0,376.0,31.0,66.0
698.0,378.0,31.0,66.0
697.0,381.0,31.0,66.0
696.0,383.0,31.0,66.0
697.0,386.0,30.0,64.0
696.0,389.0,30.0,64.0
696.0,391.0,30.0,64.0
695.0,393.0,30.0,63.0
695.0,396.0,30.0,63.0
695.0,398.0,30.0,63.0
695.0,401.0,30.0,63.0
694.0,403.0,30.0,63.0
695.0,406.0,30.0,64.0
694.0,408.0,31.0,64.0
695.0,410.0,31.0,64.0
694.0,414.0,31.0,64.0
693.0,416.0,31.0,65.0
689.0,418.0,31.0,65.0
687.0,421.0,31.0,66.0
683.0,423.0,31.0,66.0
678.0,426.0,31.0,66.0
674.0,428.0,31.0,65.0
670.0,430.0,31.0,66.0
665.0,432.0,32.0,67.0
660.0,433.0,32.0,67.0
655.0,437.0,32.0,67.0
649.0,439.0,32.0,67.0
643.0,442.0,33.0,69.0
636.0,446.0,33.0,69.0
630.0,448.0,33.0,69.0
621.0,452.0,33.0,69.0
613.0,455.0,33.0,69.0
606.0,458.0,33.0,69.0
599.0,462.0,32.0,68.0
592.0,465.0,32.0,68.0
583.0,470.0,32.0,68.0
576.0,472.0,32.0,68.0
570.0,475.0,32.0,67.0
563.0,479.0,32.0,67.0
557.0,482.0,32.0,67.0
549.0,486.0,32.0,66.0
543.0,489.0,32.0,66.0
537.0,493.0,33.0,67.0
531.0,496.0,33.0,67.0
525.0,500.0,33.0,67.0
518.0,505.0,33.0,67.0
513.0,509.0,33.0,67.0
508.0,513.0,33.0,67.0
503.0,516.0,33.0,67.0
499.0,520.0,33.0,67.0
495.0,524.0,33.0,66.0
491.0,528.0,33.0,65.0
487.0,532.0,33.0,65.0
483.0,535.0,33.0,65.0
479.0,537.0,33.0,66.0
475.0,541.0,34.0,68.0
471.0,543.0,34.0,69.0
468.0,546.0,35.0,70.0
465.0,549.0,35.0,71.0
461.0,552.0,36.0,73.0
458.0,557.0,37.0,73.0
455.0,561.0,37.0,73.0
453.0,565.0,37.0,73.0
450.0,568.0,37.0,74.0
449.0,572.0,37.0,74.0
445.0,575.0,37.0,74.0
443.0,578.0,38.0,76.0
440.0,580.0,38.0,76.0
438.0,583.0,38.0,77.0
436.0,585.0,38.0,77.0
434.0,590.0,38.0,78.0
432.0,593.0,38.0,78.0
431.0,597.0,38.0,79.0
430.0,600.0,39.0,80.0
429.0,603.0,39.0,80.0
427.0,607.0,40.0,81.0
427.0,609.0,40.0,80.0
426.0,611.0,40.0,80.0
425.0,613.0,40.0,81.0
426.0,615.0,40.0,81.0
425.0,617.0,40.0,81.0
425.0,618.0,40.0,82.0
426.0,620.0,40.0,82.0
426.0,622.0,40.0,82.0
426.0,624.0,40.0,82.0
427.0,628.0,40.0,82.0
427.0,630.0,40.0,81.0
428.0,633.0,40.0,80.0
429.0,634.0,40.0,79.0
428.0,636.0,40.0,79.0
426.0,637.0,40.0,79.0
426.0,638.0,39.0,78.0
425.0,638.0,39.0,79.0
424.0,640.0,39.0,80.0
423.0,640.0,39.0,81.0
420.0,642.0,39.0,81.0
419.0,643.0,39.0,81.0
418.0,645.0,39.0,81.0
416.0,647.0,39.0,80.0
415.0,649.0,39.0,78.0
414.0,651.0,39.0,77.0
414.0,651.0,39.0,77.0
411.0,651.0,39.0,77.0
411.0,651.0,39.0,77.0
410.0,651.0,39.0,78.0
409.0,651.0,39.0,78.0
407.0,651.0,39.0,79.0
406.0,651.0,39.0,79.0
406.0,651.0,39.0,78.0
405.0,652.0,39.0,78.0
405.0,652.0,39.0,78.0
405.0,653.0,39.0,78.0
406.0,654.0,38.0,77.0
405.0,653.0,38.0,76.0
404.0,653.0,38.0,75.0
404.0,651.0,38.0,74.0
403.0,650.0,38.0,75.0
403.0,649.0,38.0,76.0
402.0,648.0,38.0,77.0
403.0,647.0,38.0,77.0
403.0,646.0,38.0,77.0
403.0,646.0,38.0,78.0
402.0,646.0,38.0,77.0
402.0,646.0,38.0,77.0
402.0,645.0,38.0,77.0
402.0,643.0,38.0,76.0
401.0,642.0,38.0,75.0
401.0,641.0,38.0,75.0
401.0,639.0,38.0,76.0
401.0,637.0,38.0,77.0
400.0,634.0,38.0,78.0
400.0,633.0,38.0,78.0
400.0,633.0,38.0,78.0
400.0,631.0,38.0,78.0
399.0,632.0,38.0,77.0
399.0,631.0,38.0,76.0
399.0,630.0,38.0,75.0
397.0,629.0,38.0,75.0
396.0,627.0,38.0,75.0
394.0,625.0,38.0,75.0
393.0,621.0,38.0,76.0
392.0,621.0,38.0,77.0
391.0,618.0,38.0,78.0
391.0,617.0,38.0,78.0
389.0,616.0,38.0,78.0
388.0,615.0,38.0,78.0
388.0,615.0,38.0,77.0
388.0,614.0,38.0,77.0
388.0,613.0,38.0,76.0
389.0,611.0,38.0,76.0
388.0,607.0,38.0,76.0
389.0,605.0,38.0,75.0
389.0,602.0,38.0,76.0
390.0,599.0,38.0,77.0
392.0,596.0,38.0,78.0
392.0,594.0,38.0,78.0
394.0,593.0,38.0,78.0
395.0,591.0,38.0,77.0
397.0,590.0,38.0,77.0
398.0,590.0,38.0,76.0
400.0,587.0,38.0,75.0
401.0,586.0,38.0,75.0
402.0,583.0,37.0,73.0
403.0,580.0,37.0,73.0
404.0,578.0,37.0,73.0
406.0,575.0,36.0,73.0
407.0,573.0,36.0,73.0
408.0,571.0,36.0,73.0
409.0,569.0,36.0,73.0
410.0,567.0,36.0,73.0
411.0,566.0,36.0,73.0
412.0,565.0,36.0,72.0
413.0,565.0,36.0,72.0
413.0,563.0,36.0,71.0
414.0,562.0,36.0,71.0
415.0,560.0,36.0,70.0
415.0,558.0,35.0,69.0
415.0,555.0,35.0,69.0
415.0,552.0,35.0,69.0
414.0,550.0,35.0,69.0
413.0,547.0,35.0,70.0
411.0,545.0,35.0,70.0
411.0,544.0,35.0,70.0
410.0,543.0,35.0,70.0
408.0,542.0,35.0,70.0
406.0,542.0,35.0,70.0
404.0,541.0,35.0,69.0
403.0,541.0,35.0,69.0
399.0,540.0,35.0,68.0
397.0,539.0,35.0,68.0
394.0,538.0,35.0,68.0
391.0,536.0,35.0,68.0
388.0,534.0,35.0,69.0
385.0,532.0,35.0,70.0
382.0,530.0,35.0,70.0
379.0,529.0,35.0,70.0
376.0,528.0,35.0,70.0
374.0,528.0,35.0,70.0
371.0,528.0,35.0,70.0
369.0,528.0,35.0,70.0
366.0,528.0,35.0,69.0
363.0,528.0,35.0,69.0
362.0,528.0,35.0,68.0
360.0,527.0,35.0,68.0
357.0,526.0,35.0,67.0
356.0,525.0,35.0,66.0
353.0,523.0,34.0,66.0
351.0,520.0,34.0,66.0
350.0,518.0,34.0,67.0
348.0,516.0,34.0,67.0
346.0,513.0,34.0,68.0
346.0,513.0,34.0,68.0
344.0,512.0,34.0,68.0
343.0,511.0,34.0,68.0
341.0,510.0,35.0,69.0
340.0,509.0,35.0,69.0
340.0,509.0,35.0,68.0
339.0,509.0,35.0,68.0
338.0,508.0,35.0,67.0
338.0,506.0,34.0,65.0
338.0,504.0,34.0,65.0
337.0,503.0,34.0,65.0
337.0,500.0,33.0,65.0
338.0,499.0,33.0,66.0
338.0,497.0,33.0,66.0
339.0,496.0,33.0,66.0
339.0,494.0,33.0,67.0
339.0,493.0,33.0,67.0
338.0,493.0,34.0,67.0
338.0,493.0,34.0,67.0
337.0,491.0,35.0,68.0
336.0,491.0,35.0,68.0
335.0,490.0,35.0,67.0
334.0,487.0,35.0,68.0
333.0,486.0,35.0,68.0
331.0,483.0,34.0,66.0
330.0,482.0,34.0,67.0
328.0,481.0,33.0,67.0
326.0,479.0,33.0,67.0
323.0,478.0,33.0,67.0
319.0,479.0,33.0,67.0
316.0,479.0,33.0,67.0
313.0,479.0,33.0,67.0
310.0,479.0,33.0,66.0
306.0,478.0,33.0,66.0
300.0,478.0,33.0,66.0
295.0,478.0,33.0,66.0
289.0,477.0,33.0,66.0
284.0,476.0,34.0,68.0
279.0,476.0,34.0,68.0
273.0,476.0,34.0,69.0
268.0,477.0,34.0,69.0
263.0,477.0,34.0,70.0
258.0,478.0,34.0,70.0
253.0,479.0,34.0,69.0
248.0,479.0,34.0,69.0
243.0,479.0,34.0,68.0
240.0,478.0,34.0,68.0
236.0,476.0,34.0,68.0
233.0,475.0,34.0,68.0
229.0,473.0,34.0,68.0
226.0,473.0,34.0,69.0
223.0,472.0,34.0,69.0
221.0,472.0,34.0,69.0
219.0,472.0,34.0,69.0
217.0,472.0,34.0,69.0
216.0,471.0,34.0,69.0
214.0,471.0,34.0,69.0
212.0,470.0,34.0,68.0
209.0,469.0,35.0,69.0
206.0,467.0,36.0,71.0
203.0,466.0,36.0,71.0
201.0,465.0,36.0,71.0
200.0,464.0,36.0,71.0
198.0,464.0,37.0,73.0
198.0,463.0,37.0,73.0
198.0,462.0,37.0,73.0
198.0,462.0,37.0,73.0
198.0,462.0,36.0,73.0
199.0,461.0,36.0,72.0
201.0,459.0,35.0,71.0
202.0,458.0,35.0,69.0
203.0,455.0,34.0,68.0
203.0,452.0,34.0,68.0
204.0,451.0,34.0,68.0
204.0,448.0,34.0,68.0
204.0,447.0,34.0,68.0
204.0,446.0,34.0,68.0
202.0,446.0,34.0,68.0
202.0,446.0,34.0,68.0
199.0,446.0,34.0,68.0
197.0,446.0,34.0,68.0
195.0,445.0,34.0,68.0
193.0,445.0,35.0,69.0
190.0,444.0,35.0,69.0
188.0,443.0,35.0,70.0
185.0,442.0,35.0,70.0
183.0,442.0,35.0,70.0
180.0,442.0,34.0,69.0
176.0,443.0,34.0,69.0
172.0,443.0,34.0,69.0
169.0,443.0,34.0,69.0
165.0,443.0,34.0,69.0
163.0,443.0,34.0,68.0
160.0,443.0,34.0,67.0
155.0,441.0,34.0,67.0
153.0,440.0,34.0,68.0
150.0,438.0,34.0,68.0
149.0,438.0,34.0,68.0
148.0,436.0,34.0,68.0
146.0,435.0,35.0,68.0
146.0,435.0,34.0,68.0
146.0,434.0,34.0,68.0
146.0,435.0,34.0,68.0
146.0,435.0,34.0,68.0
146.0,433.0,34.0,69.0
147.0,432.0,34.0,69.0
146.0,430.0,34.0,69.0
147.0,428.0,34.0,69.0
147.0,426.0,34.0,69.0
148.0,424.0,34.0,69.0
149.0,422.0,34.0,68.0
150.0,421.0,34.0,68.0
151.0,420.0,34.0,68.0
152.0,420.0,34.0,68.0
154.0,419.0,34.0,68.0
156.0,417.0,34.0,68.0
157.0,416.0,33.0,69.0
159.0,414.0,33.0,68.0
159.0,413.0,33.0,68.0
161.0,410.0,33.0,69.0
162.0,407.0,33.0,69.0
163.0,405.0,32.0,67.0
163.0,404.0,32.0,67.0
164.0,402.0,32.0,67.0
164.0,401.0,32.0,67.0
164.0,401.0,32.0,67.0
164.0,401.0,32.0,67.0
164.0,401.0,32.0,67.0
163.0,400.0,32.0,67.0
161.0,399.0,32.0,66.0
159.0,398.0,32.0,66.0
159.0,396.0,32.0,66.0
156.0,395.0,33.0,68.0
155.0,394.0,33.0,69.0
153.0,393.0,33.0,69.0
152.0,393.0,33.0,69.0
150.0,393.0,33.0,69.0
148.0,393.0,33.0,69.0
147.0,394.0,33.0,69.0
145.0,394.0,33.0,69.0
143.0,393.0,33.0,69.0
142.0,393.0,33.0,69.0
140.0,391.0,33.0,68.0
140.0,390.0,33.0,66.0
140.0,388.0,33.0,66.0
139.0,386.0,34.0,68.0
139.0,385.0,34.0,68.0
139.0,383.0,34.0,68.0
140.0,383.0,34.0,68.0
142.0,383.0,34.0,68.0
142.0,382.0,34.0,69.0
144.0,381.0,34.0,69.0
146.0,379.0,34.0,69.0
147.0,377.0,34.0,69.0
150.0,375.0,34.0,69.0
152.0,373.0,34.0,69.0
155.0,370.0,34.0,69.0
158.0,368.0,34.0,69.0
161.0,366.0,34.0,69.0
165.0,364.0,34.0,69.0
169.0,363.0,34.0,68.0
173.0,362.0,33.0,68.0
177.0,361.0,33.0,67.0
180.0,360.0,33.0,67.0
185.0,359.0,32.0,65.0
189.0,356.0,32.0,65.0
192.0,355.0,31.0,64.0
196.0,351.0,31.0,64.0
200.0,349.0,31.0,64.0
205.0,346.0,31.0,63.0
209.0,344.0,31.0,63.0
213.0,342.0,31.0,63.0
216.0,341.0,31.0,63.0
220.0,339.0,31.0,63.0
225.0,338.0,31.0,63.0
229.0,337.0,31.0,63.0
233.0,335.0,31.0,63.0
236.0,333.0,31.0,63.0
240.0,332.0,31.0,63.0
243.0,328.0,31.0,63.0
247.0,326.0,31.0,63.0
251.0,325.0,31.0,63.0
255.0,323.0,31.0,63.0
258.0,322.0,31.0,63.0
263.0,321.0,31.0,63.0
267.0,320.0,30.0,63.0
269.0,320.0,30.0,63.0
271.0,318.0,30.0,63.0
273.0,317.0,30.0,62.0
274.0,314.0,30.0,62.0
274.0,313.0,30.0,62.0
274.0,312.0,29.0,61.0
275.0,311.0,29.0,61.0
273.0,310.0,29.0,61.0
269.0,309.0,29.0,61.0
267.0,308.0,29.0,61.0
264.0,309.0,29.0,61.0
259.0,309.0,29.0,61.0
255.0,310.0,29.0,61.0
248.0,311.0,29.0,61.0
243.0,312.0,29.0,61.0
237.0,312.0,29.0,61.0
231.0,312.0,29.0,61.0
225.0,312.0,29.0,61.0
218.0,312.0,29.0,61.0
211.0,313.0,30.0,61.0
205.0,313.0,30.0,61.0
198.0,314.0,30.0,61.0
193.0,315.0,31.0,62.0
187.0,316.0,30.0,62.0
182.0,318.0,30.0,62.0
178.0,317.0,30.0,62.0
174.0,317.0,30.0,62.0
171.0,316.0,29.0,61.0
168.0,315.0,30.0,61.0
165.0,314.0,30.0,61.0
164.0,313.0,30.0,61.0
164.0,312.0,30.0,61.0
164.0,312.0,30.0,61.0
165.0,311.0,30.0,61.0
167.0,311.0,30.0,61.0
170.0,310.0,30.0,61.0
173.0,310.0,29.0,61.0
175.0,308.0,29.0,61.0
179.0,306.0,29.0,61.0
181.0,304.0,30.0,62.0
184.0,302.0,30.0,62.0
187.0,301.0,31.0,62.0
189.0,299.0,31.0,62.0
194.0,297.0,31.0,62.0
197.0,297.0,31.0,62.0
201.0,296.0,30.0,62.0
204.0,295.0,30.0,62.0
207.0,294.0,30.0,62.0
210.0,292.0,30.0,62.0
213.0,290.0,29.0,61.0
217.0,289.0,29.0,61.0
219.0,287.0,29.0,61.0
223.0,285.0,29.0,61.0
225.0,283.0,30.0,61.0
229.0,281.0,30.0,61.0
232.0,281.0,29.0,60.0
236.0,280.0,29.0,60.0
238.0,279.0,28.0,60.0
242.0,278.0,28.0,60.0
244.0,278.0,28.0,60.0
247.0,276.0,28.0,60.0
250.0,275.0,28.0,60.0
252.0,273.0,28.0,60.0
256.0,271.0,28.0,60.0
259.0,270.0,28.0,60.0
261.0,268.0,28.0,60.0
263.0,267.0,28.0,60.0
264.0,267.0,28.0,60.0
267.0,267.0,28.0,60.0
268.0,267.0,28.0,60.0
269.0,266.0,28.0,59.0
269.0,265.0,28.0,59.0
269.0,264.0,28.0,59.0
269.0,262.0,27.0,58.0
269.0,261.0,28.0,58.0
268.0,260.0,28.0,58.0
268.0,259.0,28.0,58.0
267.0,259.0,28.0,58.0
265.0,258.0,29.0,59.0
264.0,259.0,28.0,59.0
262.0,259.0,28.0,59.0
260.0,260.0,28.0,59.0
258.0,259.0,28.0,59.0
256.0,258.0,28.0,60.0
255.0,257.0,28.0,60.0
253.0,256.0,30.0,62.0
252.0,256.0,30.0,62.0
250.0,256.0,30.0,62.0
248.0,255.0,30.0,62.0
247.0,254.0,30.0,62.0
245.0,254.0,30.0,62.0
244.0,255.0,30.0,62.0
244.0,255.0,30.0,62.0
243.0,256.0,29.0,62.0
241.0,255.0,29.0,62.0
241.0,254.0,29.0,62.0
241.0,254.0,29.0,62.0
240.0,253.0,29.0,62.0
240.0,251.0,29.0,62.0
240.0,250.0,29.0,62.0
241.0,249.0,29.0,62.0
241.0,249.0,29.0,62.0
241.0,248.0,29.0,62.0
242.0,248.0,29.0,62.0
242.0,248.0,29.0,62.0
243.0,248.0,29.0,60.0
244.0,248.0,29.0,60.0
244.0,248.0,29.0,60.0
244.0,247.0,29.0,60.0
244.0,245.0,29.0,60.0
245.0,244.0,29.0,60.0
246.0,243.0,29.0,60.0
246.0,242.0,29.0,60.0
246.0,242.0,29.0,60.0
247.0,242.0,29.0,60.0
245.0,243.0,29.0,60.0
246.0,243.0,29.0,60.0
245.0,243.0,29.0,60.0
244.0,242.0,29.0,60.0
243.0,242.0,29.0,60.0
242.0,241.0,28.0,60.0
241.0,240.0,28.0,60.0
239.0,238.0,28.0,60.0
237.0,238.0,28.0,60.0
237.0,238.0,29.0,60.0
234.0,237.0,29.0,60.0
234.0,237.0,29.0,60.0
233.0,238.0,29.0,60.0
231.0,238.0,28.0,60.0
230.0,238.0,28.0,60.0
228.0,238.0,28.0,60.0
227.0,239.0,28.0,60.0
225.0,239.0,28.0,60.0
223.0,238.0,28.0,60.0
221.0,237.0,29.0,61.0
219.0,236.0,29.0,61.0
217.0,236.0,29.0,61.0
216.0,236.0,30.0,62.0
214.0,235.0,30.0,62.0
214.0,236.0,30.0,62.0
212.0,236.0,30.0,62.0
212.0,237.0,30.0,62.0
212.0,237.0,30.0,62.0
212.0,237.0,28.0,61.0
212.0,236.0,28.0,61.0
212.0,235.0,28.0,61.0
213.0,234.0,28.0,61.0
213.0,233.0,28.0,61.0
213.0,233.0,28.0,61.0
214.0,232.0,28.0,61.0
215.0,231.0,29.0,61.0
216.0,231.0,29.0,61.0
217.0,231.0,29.0,61.0
219.0,231.0,29.0,61.0
220.0,230.0,28.0,61.0
222.0,230.0,28.0,61.0
223.0,230.0,28.0,61.0
224.0,229.0,28.0,61.0
225.0,227.0,28.0,61.0
227.0,227.0,29.0,61.0
229.0,226.0,29.0,61.0
231.0,225.0,29.0,61.0
234.0,225.0,29.0,61.0
236.0,225.0,29.0,61.0
238.0,225.0,29.0,61.0
241.0,225.0,30.0,62.0
243.0,224.0,30.0,62.0
245.0,223.0,29.0,62.0
248.0,222.0,29.0,62.0
250.0,221.0,29.0,62.0
251.0,219.0,29.0,61.0
254.0,218.0,29.0,61.0
256.0,217.0,29.0,61.0
258.0,216.0,29.0,61.0
260.0,216.0,29.0,61.0
263.0,216.0,29.0,61.0
265.0,216.0,29.0,61.0
267.0,216.0,29.0,61.0
271.0,216.0,29.0,61.0
273.0,215.0,28.0,61.0
275.0,214.0,28.0,60.0
277.0,214.0,28.0,61.0
279.0,213.0,29.0,61.0
281.0,211.0,29.0,60.0
283.0,211.0,29.0,60.0
286.0,211.0,29.0,60.0
288.0,211.0,29.0,60.0
289.0,210.0,29.0,60.0
292.0,210.0,29.0,59.0
293.0,211.0,29.0,59.0
295.0,211.0,28.0,58.0
296.0,210.0,27.0,58.0
297.0,209.0,27.0,58.0
297.0,208.0,27.0,58.0
298.0,208.0,28.0,58.0
299.0,208.0,28.0,58.0
299.0,208.0,28.0,58.0
299.0,208.0,28.0,58.0
299.0,207.0,28.0,58.0
299.0,207.0,28.0,58.0
298.0,208.0,27.0,58.0
298.0,208.0,27.0,58.0
297.0,208.0,27.0,58.0
296.0,209.0,27.0,58.0
296.0,209.0,27.0,58.0
294.0,208.0,27.0,58.0
292.0,208.0,28.0,58.0
290.0,208.0,28.0,58.0
288.0,208.0,29.0,58.0
288.0,207.0,29.0,58.0
286.0,207.0,30.0,58.0
285.0,208.0,29.0,58.0
284.0,208.0,28.0,58.0
284.0,209.0,28.0,58.0
284.0,209.0,28.0,58.0
283.0,209.0,27.0,58.0
283.0,209.0,27.0,58.0
282.0,208.0,27.0,58.0
283.0,207.0,28.0,58.0
284.0,207.0,28.0,58.0
284.0,206.0,28.0,58.0
286.0,205.0,29.0,58.0
287.0,205.0,29.0,58.0
289.0,205.0,29.0,58.0
291.0,205.0,28.0,58.0
293.0,206.0,28.0,58.0
296.0,206.0,28.0,58.0
297.0,205.0,28.0,58.0
299.0,205.0,27.0,58.0
300.0,204.0,28.0,58.0
301.0,202.0,28.0,58.0
303.0,202.0,28.0,58.0
304.0,201.0,28.0,58.0
305.0,201.0,28.0,58.0
307.0,201.0,28.0,58.0
307.0,202.0,28.0,58.0
308.0,202.0,28.0,58.0
308.0,203.0,28.0,58.0
308.0,203.0,28.0,58.0
310.0,203.0,28.0,58.0
309.0,202.0,27.0,58.0
309.0,201.0,28.0,59.0
309.0,200.0,28.0,60.0
309.0,200.0,28.0,60.0
307.0,201.0,28.0,60.0
306.0,201.0,28.0,60.0
305.0,201.0,28.0,60.0
304.0,202.0,28.0,60.0
303.0,203.0,28.0,60.0
302.0,203.0,28.0,60.0
301.0,203.0,28.0,60.0
300.0,204.0,28.0,60.0
299.0,204.0,28.0,60.0
298.0,203.0,28.0,60.0
297.0,202.0,29.0,60.0
297.0,202.0,29.0,60.0
296.0,202.0,29.0,60.0
296.0,203.0,29.0,59.0
296.0,204.0,29.0,59.0
297.0,204.0,29.0,59.0
296.0,205.0,29.0,59.0
297.0,206.0,28.0,59.0
296.0,206.0,28.0,60.0
296.0,205.0,28.0,60.0
297.0,205.0,28.0,60.0
297.0,204.0,29.0,61.0
298.0,204.0,30.0,61.0
298.0,203.0,30.0,61.0
299.0,203.0,30.0,61.0
300.0,204.0,30.0,61.0
301.0,204.0,29.0,60.0
302.0,205.0,29.0,60.0
304.0,205.0,28.0,60.0
306.0,206.0,27.0,60.0
307.0,206.0,28.0,60.0
308.0,206.0,28.0,60.0
308.0,206.0,28.0,60.0
310.0,205.0,28.0,59.0
311.0,205.0,28.0,59.0
313.0,204.0,28.0,59.0
314.0,205.0,28.0,59.0
315.0,205.0,28.0,59.0
317.0,206.0,28.0,59.0
318.0,207.0,28.0,59.0
320.0,207.0,28.0,59.0
321.0,208.0,28.0,59.0
322.0,208.0,28.0,59.0
323.0,208.0,28.0,59.0
324.0,208.0,28.0,59.0
325.0,207.0,28.0,59.0
325.0,207.0,29.0,59.0
326.0,207.0,29.0,59.0
326.0,207.0,29.0,59.0
328.0,207.0,29.0,59.0
328.0,208.0,28.0,59.0
329.0,209.0,28.0,59.0
329.0,209.0,28.0,59.0
329.0,210.0,28.0,59.0
330.0,210.0,28.0,59.0
331.0,210.0,28.0,59.0
331.0,209.0,28.0,59.0
332.0,209.0,29.0,59.0
333.0,209.0,29.0,59.0
333.0,208.0,29.0,59.0
334.0,209.0,29.0,59.0
334.0,210.0,29.0,59.0
335.0,211.0,30.0,59.0
335.0,211.0,29.0,59.0
337.0,213.0,29.0,59.0
338.0,212.0,29.0,60.0
339.0,212.0,29.0,60.0
340.0,211.0,29.0,60.0
341.0,211.0,29.0,60.0
342.0,210.0,29.0,60.0
343.0,210.0,29.0,60.0
344.0,210.0,29.0,60.0
344.0,211.0,29.0,60.0
345.0,211.0,29.0,60.0
346.0,212.0,29.0,60.0
347.0,213.0,29.0,60.0
348.0,214.0,28.0,60.0
348.0,215.0,28.0,60.0
349.0,215.0,28.0,60.0
349.0,214.0,28.0,60.0
349.0,214.0,28.0,60.0
349.0,214.0,29.0,60.0
350.0,213.0,29.0,60.0
350.0,214.0,29.0,60.0
351.0,214.0,29.0,60.0
351.0,215.0,29.0,60.0
351.0,217.0,29.0,60.0
352.0,217.0,29.0,60.0
352.0,218.0,29.0,60.0
352.0,218.0,29.0,60.0
352.0,218.0,29.0,60.0
352.0,217.0,29.0,60.0
352.0,217.0,29.0,60.0
352.0,217.0,29.0,62.0
353.0,216.0,29.0,62.0
352.0,217.0,29.0,62.0
353.0,217.0,29.0,62.0
352.0,217.0,29.0,62.0
352.0,218.0,29.0,62.0
353.0,220.0,29.0,62.0
353.0,220.0,29.0,62.0
353.0,221.0,29.0,62.0
352.0,220.0,29.0,62.0
352.0,221.0,29.0,62.0
351.0,221.0,29.0,62.0
351.0,221.0,30.0,62.0
351.0,221.0,30.0,62.0
350.0,222.0,30.0,62.0
351.0,223.0,30.0,62.0
350.0,223.0,30.0,62.0
349.0,224.0,30.0,62.0
350.0,226.0,30.0,62.0
351.0,226.0,29.0,62.0
351.0,227.0,29.0,62.0
351.0,227.0,29.0,62.0
351.0,227.0,29.0,62.0
351.0,227.0,29.0,62.0
351.0,227.0,29.0,62.0
352.0,227.0,29.0,62.0
353.0,227.0,28.0,61.0
353.0,228.0,28.0,61.0
354.0,229.0,28.0,61.0
355.0,229.0,28.0,61.0
356.0,230.0,28.0,61.0
357.0,231.0,28.0,61.0
358.0,232.0,28.0,60.0
358.0,232.0,28.0,60.0
359.0,233.0,28.0,60.0
359.0,233.0,28.0,60.0
359.0,233.0,28.0,60.0
360.0,233.0,29.0,60.0
360.0,234.0,29.0,60.0
361.0,235.0,29.0,60.0
361.0,236.0,29.0,60.0
363.0,237.0,29.0,60.0
363.0,238.0,29.0,60.0
363.0,239.0,28.0,60.0
363.0,240.0,28.0,60.0
364.0,240.0,28.0,60.0
364.0,240.0,28.0,60.0
364.0,241.0,28.0,60.0
364.0,242.0,28.0,60.0
364.0,242.0,28.0,60.0
363.0,243.0,28.0,60.0
362.0,244.0,29.0,60.0
362.0,245.0,29.0,60.0
361.0,246.0,29.0,60.0
360.0,247.0,29.0,60.0
360.0,248.0,29.0,60.0
359.0,249.0,29.0,60.0
359.0,250.0,29.0,60.0
358.0,250.0,29.0,60.0
357.0,251.0,29.0,60.0
357.0,251.0,29.0,60.0
356.0,253.0,29.0,60.0
355.0,253.0,28.0,60.0
355.0,253.0,28.0,60.0
355.0,253.0,28.0,60.0
354.0,254.0,28.0,60.0
353.0,255.0,29.0,60.0
353.0,256.0,29.0,60.0
353.0,257.0,29.0,60.0
353.0,257.0,29.0,60.0
354.0,258.0,29.0,60.0
353.0,259.0,29.0,60.0
354.0,259.0,29.0,60.0
354.0,260.0,29.0,60.0
354.0,260.0,29.0,60.0
354.0,260.0,29.0,60.0
353.0,261.0,29.0,60.0
353.0,261.0,29.0,60.0
352.0,261.0,29.0,60.0
351.0,262.0,29.0,60.0
350.0,262.0,29.0,60.0
350.0,263.0,29.0,60.0
349.0,264.0,29.0,60.0
349.0,264.0,30.0,60.0
349.0,265.0,30.0,60.0
349.0,266.0,30.0,60.0
349.0,266.0,30.0,60.0
349.0,267.0,30.0,60.0
349.0,267.0,30.0,60.0
349.0,268.0,30.0,60.0
350.0,268.0,29.0,60.0
349.0,268.0,29.0,60.0
349.0,268.0,28.0,60.0
348.0,268.0,28.0,61.0
348.0,268.0,29.0,61.0
348.0,268.0,29.0,61.0
348.0,269.0,29.0,61.0
347.0,270.0,29.0,61.0
348.0,270.0,29.0,61.0
348.0,271.0,29.0,61.0
349.0,271.0,29.0,61.0
349.0,272.0,29.0,61.0
348.0,272.0,29.0,61.0
348.0,272.0,29.0,61.0
348.0,272.0,29.0,62.0
348.0,272.0,29.0,62.0
348.0,272.0,29.0,62.0
348.0,272.0,29.0,62.0
347.0,273.0,29.0,62.0
346.0,273.0,29.0,62.0
346.0,273.0,29.0,62.0
346.0,273.0,29.0,62.0
345.0,274.0,29.0,62.0
345.0,274.0,29.0,62.0
345.0,274.0,29.0,62.0
345.0,275.0,29.0,62.0
345.0,275.0,29.0,62.0
344.0,275.0,29.0,62.0
344.0,275.0,29.0,61.0
344.0,275.0,28.0,61.0
344.0,275.0,29.0,61.0
343.0,275.0,29.0,62.0
343.0,275.0,29.0,62.0
343.0,274.0,29.0,62.0
343.0,274.0,29.0,62.0
342.0,274.0,30.0,61.0
342.0,274.0,29.0,61.0
343.0,274.0,29.0,61.0
343.0,275.0,29.0,61.0
344.0,276.0,29.0,61.0
344.0,276.0,29.0,61.0
344.0,277.0,29.0,61.0
343.0,277.0,29.0,61.0
343.0,277.0,29.0,61.0
342.0,277.0,29.0,61.0
341.0,276.0,29.0,62.0
341.0,274.0,29.0,63.0
340.0,274.0,30.0,63.0
340.0,273.0,30.0,63.0
339.0,273.0,30.0,63.0
339.0,272.0,30.0,62.0
339.0,272.0,29.0,62.0
339.0,273.0,29.0,62.0
339.0,274.0,29.0,61.0
339.0,274.0,29.0,61.0
339.0,274.0,29.0,61.0
339.0,274.0,29.0,60.0
339.0,273.0,29.0,61.0
339.0,273.0,29.0,61.0
339.0,273.0,30.0,61.0
340.0,272.0,30.0,61.0
340.0,272.0,30.0,61.0
341.0,272.0,30.0,61.0
341.0,272.0,30.0,61.0
342.0,272.0,30.0,61.0
343.0,273.0,29.0,61.0
343.0,273.0,29.0,61.0
343.0,274.0,29.0,61.0
343.0,274.0,29.0,61.0
343.0,274.0,29.0,61.0
342.0,274.0,29.0,61.0
342.0,272.0,29.0,61.0
343.0,271.0,29.0,62.0
342.0,270.0,29.0,62.0
342.0,269.0,29.0,63.0
342.0,269.0,29.0,63.0
342.0,269.0,29.0,63.0
342.0,268.0,28.0,63.0
340.0,268.0,29.0,64.0
340.0,268.0,30.0,64.0
340.0,267.0,30.0,64.0
340.0,268.0,30.0,64.0
339.0,268.0,30.0,64.0
338.0,268.0,30.0,64.0
339.0,268.0,30.0,64.0
339.0,267.0,30.0,64.0
341.0,265.0,29.0,64.0
343.0,264.0,29.0,64.0
347.0,263.0,29.0,64.0
351.0,261.0,29.0,64.0
358.0,260.0,29.0,63.0
368.0,261.0,29.0,63.0
374.0,260.0,29.0,63.0
381.0,261.0,29.0,63.0
388.0,260.0,28.0,63.0
394.0,259.0,27.0,62.0
402.0,259.0,28.0,62.0
408.0,257.0,28.0,63.0
414.0,256.0,28.0,63.0
421.0,254.0,29.0,63.0
429.0,253.0,29.0,63.0
437.0,251.0,29.0,63.0
446.0,250.0,29.0,63.0
454.0,250.0,29.0,63.0
461.0,249.0,29.0,63.0
470.0,249.0,29.0,63.0
480.0,248.0,30.0,63.0
489.0,247.0,30.0,63.0
495.0,246.0,30.0,63.0
503.0,246.0,30.0,63.0
509.0,244.0,30.0,63.0
516.0,244.0,30.0,63.0
522.0,244.0,30.0,63.0
528.0,244.0,30.0,63.0
533.0,244.0,29.0,63.0
537.0,243.0,29.0,63.0
543.0,243.0,29.0,63.0
546.0,244.0,29.0,63.0
550.0,245.0,29.0,63.0
553.0,245.0,29.0,63.0
555.0,244.0,29.0,63.0
558.0,244.0,30.0,64.0
560.0,244.0,30.0,64.0
560.0,244.0,30.0,64.0
560.0,244.0,30.0,64.0
561.0,244.0,30.0,64.0
561.0,244.0,30.0,64.0
562.0,244.0,30.0,64.0
562.0,245.0,30.0,64.0
562.0,245.0,30.0,64.0
562.0,246.0,30.0,64.0
563.0,246.0,30.0,64.0
563.0,247.0,30.0,64.0
563.0,246.0,30.0,64.0
563.0,247.0,30.0,64.0
564.0,247.0,30.0,64.0
563.0,248.0,30.0,64.0
563.0,248.0,30.0,64.0
563.0,249.0,30.0,64.0
564.0,249.0,30.0,64.0
564.0,250.0,30.0,64.0
563.0,250.0,30.0,64.0
563.0,251.0,30.0,64.0
563.0,252.0,30.0,64.0
564.0,252.0,30.0,64.0
564.0,253.0,30.0,64.0
564.0,254.0,29.0,64.0
565.0,254.0,29.0,64.0
565.0,254.0,29.0,64.0
565.0,255.0,29.0,64.0
565.0,256.0,29.0,64.0
564.0,256.0,29.0,64.0
564.0,256.0,30.0,64.0
564.0,257.0,30.0,64.0
563.0,257.0,30.0,64.0
563.0,258.0,30.0,64.0
562.0,259.0,30.0,64.0
562.0,260.0,30.0,64.0
561.0,261.0,30.0,64.0
