656.0,50.0,63.0,119.0
656.0,50.0,63.0,119.0
656.0,49.0,63.0,118.0
656.0,49.0,63.0,118.0
656.0,49.0,63.0,118.0
658.0,49.0,63.0,118.0
658.0,49.0,63.0,118.0
659.0,48.0,62.0,118.0
659.0,47.0,62.0,118.0
659.0,47.0,62.0,118.0
660.0,47.0,62.0,118.0
661.0,46.0,62.0,118.0
662.0,47.0,62.0,117.0
662.0,46.0,62.0,117.0
663.0,47.0,63.0,117.0
664.0,47.0,63.0,118.0
664.0,46.0,64.0,118.0
664.0,47.0,64.0,118.0
665.0,47.0,64.0,118.0
665.0,47.0,65.0,120.0
667.0,48.0,64.0,120.0
668.0,48.0,64.0,120.0
669.0,48.0,64.0,120.0
670.0,49.0,64.0,120.0
671.0,49.0,64.0,120.0
672.0,49.0,64.0,120.0
672.0,48.0,64.0,120.0
673.0,48.0,64.0,120.0
674.0,48.0,64.0,120.0
675.0,48.0,64.0,120.0
676.0,48.0,64.0,120.0
677.0,49.0,64.0,119.0
677.0,49.0,64.0,119.0
678.0,49.0,64.0,119.0
679.0,50.0,62.0,117.0
679.0,50.0,62.0,117.0
679.0,51.0,62.0,117.0
679.0,51.0,62.0,118.0
679.0,52.0,62.0,118.0
679.0,52.0,62.0,118.0
679.0,53.0,62.0,118.0
679.0,53.0,62.0,118.0
680.0,54.0,62.0,118.0
681.0,55.0,62.0,119.0
682.0,55.0,62.0,119.0
683.0,57.0,63.0,119.0
684.0,57.0,63.0,119.0
685.0,57.0,63.0,119.0
686.0,57.0,65.0,121.0
687.0,58.0,64.0,121.0
688.0,58.0,64.0,122.0
689.0,59.0,64.0,122.0
690.0,59.0,64.0,122.0
690.0,60.0,64.0,122.0
691.0,61.0,64.0,121.0
691.0,61.0,64.0,121.0
691.0,62.0,64.0,120.0
691.0,63.0,64.0,120.0
691.0,64.0,64.0,120.0
690.0,64.0,64.0,121.0
690.0,65.0,64.0,121.0
690.0,66.0,64.0,121.0
689.0,68.0,65.0,121.0
688.0,69.0,65.0,121.0
687.0,70.0,65.0,121.0
685.0,72.0,65.0,121.0
684.0,72.0,65.0,121.0
683.0,75.0,64.0,119.0
682.0,76.0,64.0,119.0
681.0,77.0,64.0,119.0
679.0,78.0,63.0,119.0
677.0,79.0,63.0,119.0
674.0,80.0,63.0,119.0
672.0,81.0,63.0,119.0
670.0,82.0,63.0,119.0
666.0,83.0,63.0,118.0
664.0,85.0,63.0,118.0
661.0,85.0,63.0,117.0
659.0,87.0,63.0,117.0
657.0,88.0,63.0,117.0
655.0,89.0,63.0,117.0
652.0,90.0,63.0,117.0
649.0,91.0,63.0,118.0
648.0,93.0,63.0,118.0
646.0,94.0,63.0,118.0
644.0,96.0,63.0,118.0
643.0,97.0,63.0,119.0
642.0,99.0,63.0,119.0
642.0,101.0,63.0,117.0
640.0,102.0,63.0,117.0
639.0,104.0,63.0,117.0
639.0,106.0,63.0,118.0
638.0,108.0,63.0,118.0
639.0,109.0,63.0,118.0
640.0,109.0,63.0,118.0
641.0,111.0,63.0,118.0
642.0,112.0,62.0,118.0
644.0,114.0,62.0,118.0
647.0,115.0,63.0,118.0
650.0,117.0,63.0,117.0
653.0,118.0,62.0,117.0
657.0,120.0,62.0,117.0
660.0,121.0,62.0,117.0
665.0,123.0,62.0,117.0
670.0,124.0,62.0,116.0
675.0,126.0,62.0,116.0
680.0,128.0,63.0,116.0
685.0,130.0,63.0,117.0
690.0,131.0,63.0,118.0
696.0,134.0,63.0,118.0
701.0,136.0,63.0,117.0
706.0,139.0,64.0,119.0
711.0,140.0,64.0,119.0
717.0,143.0,64.0,120.0
721.0,144.0,64.0,120.0
726.0,147.0,64.0,120.0
731.0,149.0,64.0,120.0
734.0,151.0,64.0,120.0
736.0,152.0,64.0,120.0
739.0,154.0,64.0,120.0
741.0,155.0,64.0,120.0
741.0,157.0,64.0,120.0
742.0,159.0,64.0,119.0
742.0,160.0,64.0,119.0
741.0,162.0,64.0,119.0
738.0,163.0,64.0,119.0
736.0,164.0,64.0,119.0
733.0,166.0,64.0,119.0
729.0,167.0,64.0,119.0
726.0,169.0,64.0,119.0
723.0,170.0,64.0,119.0
719.0,172.0,64.0,119.0
716.0,173.0,64.0,119.0
712.0,174.0,64.0,119.0
708.0,176.0,64.0,120.0
704.0,177.0,64.0,120.0
701.0,178.0,66.0,122.0
697.0,180.0,66.0,123.0
694.0,181.0,66.0,123.0
691.0,182.0,66.0,123.0
688.0,184.0,65.0,123.0
684.0,185.0,65.0,123.0
681.0,186.0,65.0,123.0
678.0,188.0,64.0,121.0
675.0,188.0,64.0,121.0
672.0,189.0,64.0,121.0
669.0,191.0,64.0,120.0
666.0,192.0,64.0,120.0
664.0,194.0,64.0,120.0
663.0,195.0,64.0,119.0
663.0,197.0,64.0,119.0
663.0,199.0,64.0,118.0
663.0,201.0,64.0,118.0
663.0,202.0,64.0,118.0
664.0,204.0,64.0,119.0
664.0,205.0,64.0,119.0
665.0,206.0,66.0,122.0
667.0,208.0,66.0,122.0
668.0,210.0,66.0,123.0
670.0,212.0,66.0,123.0
671.0,213.0,66.0,123.0
673.0,214.0,66.0,123.0
674.0,215.0,66.0,123.0
675.0,217.0,66.0,123.0
676.0,219.0,66.0,123.0
678.0,221.0,66.0,123.0
679.0,222.0,66.0,123.0
681.0,224.0,66.0,123.0
682.0,224.0,66.0,122.0
683.0,225.0,66.0,122.0
684.0,228.0,66.0,122.0
685.0,228.0,66.0,121.0
687.0,230.0,66.0,121.0
688.0,231.0,66.0,121.0
689.0,232.0,66.0,120.0
690.0,234.0,66.0,121.0
691.0,235.0,66.0,121.0
691.0,236.0,66.0,121.0
690.0,238.0,66.0,121.0
690.0,238.0,66.0,122.0
689.0,240.0,66.0,122.0
689.0,240.0,66.0,122.0
688.0,241.0,66.0,122.0
687.0,243.0,66.0,123.0
687.0,243.0,66.0,123.0
685.0,244.0,66.0,123.0
684.0,245.0,66.0,123.0
683.0,245.0,66.0,123.0
682.0,246.0,66.0,123.0
681.0,246.0,66.0,123.0
679.0,247.0,66.0,123.0
678.0,247.0,66.0,123.0
677.0,248.0,66.0,123.0
675.0,248.0,66.0,122.0
674.0,248.0,66.0,122.0
672.0,249.0,66.0,122.0
671.0,249.0,66.0,121.0
670.0,251.0,64.0,118.0
668.0,251.0,64.0,118.0
667.0,251.0,64.0,118.0
665.0,252.0,64.0,119.0
664.0,253.0,64.0,119.0
663.0,253.0,64.0,119.0
662.0,254.0,65.0,119.0
661.0,254.0,65.0,119.0
659.0,255.0,65.0,120.0
657.0,255.0,65.0,120.0
656.0,256.0,65.0,121.0
655.0,256.0,64.0,121.0
654.0,257.0,64.0,121.0
653.0,257.0,64.0,121.0
652.0,257.0,64.0,121.0
651.0,256.0,64.0,121.0
650.0,256.0,65.0,121.0
649.0,256.0,65.0,121.0
648.0,256.0,65.0,121.0
648.0,256.0,65.0,121.0
647.0,256.0,65.0,120.0
647.0,256.0,64.0,119.0
647.0,256.0,64.0,119.0
647.0,256.0,64.0,119.0
646.0,256.0,64.0,119.0
646.0,256.0,66.0,121.0
646.0,256.0,66.0,121.0
645.0,256.0,66.0,122.0
645.0,257.0,66.0,122.0
645.0,257.0,66.0,122.0
645.0,257.0,66.0,122.0
645.0,257.0,66.0,122.0
645.0,257.0,66.0,123.0
645.0,257.0,66.0,123.0
645.0,257.0,67.0,123.0
645.0,257.0,66.0,123.0
644.0,257.0,66.0,124.0
644.0,256.0,66.0,124.0
644.0,256.0,66.0,124.0
643.0,255.0,66.0,123.0
643.0,255.0,66.0,123.0
643.0,255.0,66.0,123.0
642.0,254.0,66.0,122.0
641.0,254.0,66.0,121.0
640.0,254.0,66.0,121.0
638.0,254.0,66.0,121.0
636.0,253.0,66.0,120.0
635.0,253.0,66.0,120.0
633.0,252.0,66.0,120.0
631.0,252.0,66.0,120.0
629.0,252.0,66.0,121.0
628.0,252.0,66.0,121.0
626.0,251.0,66.0,122.0
624.0,251.0,66.0,122.0
622.0,251.0,66.0,122.0
620.0,250.0,66.0,122.0
619.0,251.0,65.0,120.0
617.0,250.0,65.0,121.0
616.0,250.0,64.0,120.0
614.0,249.0,64.0,119.0
612.0,248.0,64.0,119.0
611.0,248.0,63.0,118.0
609.0,247.0,63.0,117.0
606.0,246.0,63.0,117.0
606.0,246.0,62.0,115.0
603.0,245.0,61.0,114.0
602.0,245.0,61.0,112.0
601.0,245.0,60.0,110.0
599.0,244.0,60.0,110.0
597.0,244.0,60.0,110.0
597.0,242.0,60.0,110.0
594.0,242.0,60.0,111.0
594.0,240.0,60.0,111.0
592.0,240.0,60.0,112.0
591.0,239.0,60.0,112.0
590.0,239.0,60.0,112.0
590.0,239.0,60.0,112.0
589.0,239.0,58.0,110.0
588.0,239.0,58.0,110.0
587.0,239.0,59.0,110.0
585.0,238.0,59.0,110.0
584.0,238.0,58.0,110.0
583.0,238.0,58.0,110.0
582.0,237.0,58.0,110.0
581.0,237.0,58.0,110.0
579.0,236.0,60.0,112.0
579.0,236.0,58.0,109.0
577.0,236.0,58.0,108.0
576.0,236.0,58.0,106.0
572.0,235.0,58.0,108.0
571.0,235.0,58.0,108.0
570.0,235.0,57.0,106.0
568.0,235.0,57.0,106.0
564.0,235.0,57.0,106.0
563.0,235.0,57.0,106.0
561.0,235.0,57.0,107.0
559.0,236.0,57.0,107.0
558.0,236.0,57.0,107.0
556.0,236.0,57.0,107.0
554.0,235.0,58.0,109.0
553.0,235.0,58.0,108.0
551.0,234.0,58.0,110.0
550.0,234.0,58.0,110.0
549.0,233.0,58.0,110.0
548.0,233.0,58.0,110.0
548.0,232.0,58.0,110.0
547.0,232.0,58.0,110.0
547.0,232.0,58.0,109.0
546.0,231.0,59.0,109.0
546.0,231.0,59.0,108.0
546.0,230.0,59.0,108.0
547.0,230.0,59.0,108.0
549.0,229.0,58.0,107.0
550.0,230.0,58.0,106.0
552.0,229.0,58.0,106.0
554.0,230.0,57.0,105.0
557.0,229.0,57.0,105.0
560.0,229.0,57.0,105.0
563.0,229.0,57.0,105.0
565.0,228.0,57.0,105.0
569.0,229.0,57.0,105.0
571.0,229.0,57.0,105.0
574.0,229.0,57.0,105.0
577.0,229.0,57.0,105.0
580.0,229.0,57.0,106.0
584.0,229.0,57.0,105.0
586.0,229.0,57.0,105.0
589.0,229.0,57.0,105.0
591.0,229.0,57.0,105.0
594.0,228.0,57.0,104.0
596.0,228.0,57.0,104.0
599.0,229.0,56.0,102.0
601.0,229.0,56.0,102.0
603.0,229.0,56.0,101.0
605.0,229.0,56.0,101.0
606.0,229.0,55.0,102.0
608.0,229.0,55.0,102.0
609.0,229.0,55.0,102.0
610.0,230.0,55.0,102.0
612.0,230.0,55.0,103.0
612.0,230.0,55.0,103.0
613.0,230.0,55.0,103.0
613.0,230.0,55.0,103.0
613.0,231.0,55.0,103.0
613.0,232.0,55.0,103.0
614.0,232.0,55.0,103.0
614.0,232.0,55.0,103.0
613.0,233.0,55.0,103.0
614.0,233.0,56.0,103.0
614.0,233.0,55.0,103.0
615.0,232.0,56.0,105.0
616.0,232.0,56.0,105.0
616.0,232.0,56.0,105.0
617.0,233.0,55.0,104.0
618.0,233.0,55.0,104.0
619.0,233.0,55.0,104.0
620.0,234.0,55.0,104.0
621.0,234.0,55.0,103.0
623.0,234.0,55.0,103.0
624.0,234.0,56.0,103.0
626.0,235.0,54.0,102.0
628.0,236.0,55.0,102.0
629.0,236.0,55.0,102.0
631.0,237.0,55.0,102.0
634.0,237.0,55.0,102.0
636.0,238.0,56.0,102.0
638.0,239.0,56.0,102.0
640.0,240.0,56.0,102.0
642.0,241.0,56.0,102.0
644.0,242.0,57.0,101.0
645.0,242.0,57.0,101.0
647.0,243.0,57.0,101.0
649.0,243.0,57.0,101.0
650.0,243.0,57.0,101.0
652.0,243.0,56.0,101.0
653.0,244.0,56.0,101.0
654.0,245.0,56.0,101.0
656.0,246.0,55.0,101.0
656.0,246.0,55.0,101.0
657.0,246.0,54.0,101.0
657.0,247.0,54.0,101.0
657.0,247.0,53.0,101.0
656.0,247.0,53.0,102.0
654.0,248.0,53.0,102.0
652.0,248.0,54.0,102.0
649.0,249.0,54.0,102.0
645.0,249.0,55.0,102.0
642.0,250.0,56.0,102.0
638.0,251.0,56.0,102.0
633.0,253.0,56.0,102.0
627.0,254.0,56.0,102.0
621.0,254.0,56.0,102.0
616.0,255.0,56.0,102.0
610.0,256.0,56.0,102.0
603.0,257.0,56.0,103.0
597.0,257.0,55.0,103.0
591.0,258.0,55.0,103.0
585.0,258.0,55.0,103.0
579.0,260.0,55.0,103.0
573.0,262.0,55.0,103.0
567.0,263.0,54.0,103.0
561.0,264.0,54.0,103.0
555.0,266.0,54.0,103.0
548.0,267.0,54.0,103.0
542.0,269.0,54.0,102.0
536.0,271.0,54.0,102.0
532.0,272.0,54.0,102.0
529.0,273.0,55.0,102.0
528.0,275.0,56.0,102.0
527.0,276.0,56.0,102.0
528.0,278.0,56.0,102.0
529.0,279.0,57.0,102.0
532.0,280.0,57.0,102.0
535.0,281.0,57.0,102.0
539.0,282.0,57.0,101.0
543.0,284.0,57.0,101.0
546.0,285.0,57.0,101.0
551.0,286.0,57.0,101.0
555.0,287.0,57.0,101.0
560.0,288.0,56.0,101.0
564.0,288.0,56.0,101.0
569.0,290.0,54.0,100.0
574.0,291.0,53.0,100.0
578.0,293.0,52.0,100.0
581.0,294.0,53.0,100.0
585.0,295.0,53.0,101.0
588.0,296.0,53.0,101.0
591.0,298.0,53.0,101.0
592.0,299.0,53.0,101.0
594.0,301.0,53.0,101.0
595.0,302.0,54.0,101.0
596.0,303.0,54.0,101.0
597.0,305.0,55.0,100.0
597.0,306.0,55.0,100.0
598.0,307.0,56.0,100.0
598.0,308.0,56.0,100.0
596.0,310.0,56.0,100.0
596.0,312.0,56.0,100.0
594.0,313.0,57.0,100.0
592.0,314.0,57.0,101.0
591.0,315.0,56.0,101.0
589.0,315.0,56.0,101.0
587.0,317.0,56.0,101.0
584.0,318.0,56.0,101.0
582.0,319.0,55.0,100.0
579.0,321.0,55.0,101.0
578.0,322.0,54.0,101.0
577.0,323.0,54.0,101.0
575.0,324.0,53.0,101.0
574.0,324.0,53.0,102.0
573.0,325.0,53.0,102.0
572.0,326.0,53.0,102.0
572.0,327.0,53.0,102.0
571.0,328.0,54.0,102.0
571.0,329.0,54.0,102.0
571.0,331.0,55.0,102.0
571.0,332.0,55.0,102.0
573.0,333.0,55.0,102.0
575.0,334.0,56.0,102.0
577.0,335.0,56.0,102.0
579.0,337.0,56.0,102.0
582.0,338.0,56.0,102.0
585.0,340.0,56.0,102.0
589.0,340.0,56.0,102.0
592.0,341.0,56.0,102.0
595.0,342.0,55.0,101.0
599.0,343.0,55.0,101.0
602.0,345.0,55.0,102.0
606.0,346.0,54.0,102.0
609.0,347.0,54.0,102.0
612.0,349.0,54.0,102.0
614.0,350.0,54.0,102.0
616.0,351.0,54.0,102.0
618.0,353.0,54.0,102.0
619.0,354.0,54.0,101.0
620.0,356.0,54.0,101.0
621.0,357.0,54.0,101.0
622.0,358.0,55.0,101.0
622.0,360.0,55.0,101.0
623.0,362.0,56.0,101.0
623.0,363.0,57.0,100.0
623.0,364.0,56.0,101.0
622.0,366.0,56.0,101.0
622.0,367.0,56.0,101.0
622.0,368.0,56.0,102.0
622.0,369.0,56.0,102.0
622.0,370.0,57.0,102.0
621.0,371.0,56.0,102.0
621.0,372.0,56.0,102.0
621.0,373.0,56.0,101.0
621.0,373.0,56.0,101.0
621.0,375.0,55.0,101.0
621.0,376.0,55.0,101.0
620.0,377.0,55.0,101.0
619.0,378.0,55.0,101.0
619.0,378.0,55.0,102.0
618.0,379.0,55.0,102.0
618.0,380.0,55.0,103.0
617.0,381.0,55.0,104.0
616.0,382.0,56.0,104.0
615.0,384.0,55.0,103.0
614.0,385.0,55.0,103.0
613.0,386.0,55.0,103.0
611.0,387.0,55.0,103.0
610.0,388.0,54.0,103.0
609.0,389.0,54.0,103.0
609.0,391.0,54.0,103.0
608.0,392.0,54.0,103.0
608.0,392.0,54.0,103.0
607.0,393.0,54.0,103.0
607.0,393.0,54.0,103.0
607.0,394.0,54.0,103.0
606.0,394.0,54.0,102.0
606.0,395.0,55.0,102.0
606.0,396.0,54.0,102.0
607.0,397.0,54.0,101.0
607.0,397.0,54.0,101.0
607.0,397.0,54.0,101.0
608.0,397.0,55.0,100.0
608.0,398.0,55.0,100.0
609.0,398.0,55.0,100.0
609.0,398.0,55.0,100.0
610.0,398.0,55.0,100.0
610.0,398.0,55.0,101.0
611.0,399.0,55.0,102.0
611.0,399.0,55.0,103.0
612.0,399.0,55.0,103.0
614.0,399.0,55.0,103.0
615.0,400.0,55.0,103.0
616.0,400.0,55.0,103.0
617.0,401.0,55.0,103.0
619.0,401.0,55.0,103.0
620.0,402.0,55.0,103.0
621.0,403.0,55.0,103.0
623.0,403.0,55.0,103.0
625.0,404.0,55.0,102.0
626.0,404.0,55.0,102.0
628.0,404.0,55.0,101.0
629.0,405.0,55.0,101.0
630.0,405.0,56.0,101.0
631.0,405.0,56.0,101.0
632.0,405.0,56.0,101.0
632.0,405.0,56.0,101.0
633.0,405.0,56.0,101.0
634.0,406.0,56.0,101.0
634.0,407.0,55.0,101.0
635.0,407.0,55.0,101.0
635.0,407.0,55.0,102.0
636.0,409.0,54.0,101.0
636.0,409.0,54.0,101.0
636.0,410.0,55.0,101.0
636.0,410.0,55.0,101.0
635.0,411.0,54.0,100.0
635.0,412.0,54.0,100.0
635.0,412.0,54.0,100.0
635.0,411.0,54.0,100.0
635.0,411.0,54.0,99.0
635.0,411.0,54.0,99.0
634.0,412.0,54.0,99.0
633.0,411.0,53.0,99.0
632.0,412.0,53.0,98.0
630.0,412.0,53.0,97.0
628.0,412.0,53.0,97.0
627.0,411.0,53.0,97.0
626.0,410.0,52.0,97.0
625.0,410.0,53.0,96.0
625.0,409.0,53.0,96.0
625.0,408.0,53.0,96.0
626.0,408.0,53.0,97.0
626.0,407.0,53.0,97.0
627.0,407.0,53.0,98.0
629.0,406.0,52.0,97.0
630.0,406.0,52.0,98.0
631.0,405.0,52.0,98.0
631.0,405.0,52.0,98.0
632.0,406.0,50.0,97.0
633.0,406.0,50.0,97.0
634.0,405.0,50.0,97.0
635.0,406.0,50.0,96.0
637.0,406.0,51.0,96.0
639.0,405.0,50.0,96.0
640.0,406.0,50.0,95.0
641.0,406.0,50.0,95.0
642.0,406.0,50.0,95.0
644.0,404.0,51.0,96.0
645.0,404.0,51.0,95.0
646.0,404.0,51.0,95.0
647.0,404.0,51.0,95.0
648.0,404.0,52.0,95.0
648.0,404.0,52.0,95.0
649.0,403.0,52.0,95.0
649.0,403.0,52.0,94.0
650.0,403.0,52.0,94.0
650.0,402.0,52.0,94.0
650.0,402.0,52.0,94.0
650.0,402.0,53.0,94.0
651.0,401.0,53.0,94.0
651.0,401.0,53.0,94.0
652.0,401.0,53.0,94.0
652.0,400.0,53.0,94.0
653.0,400.0,53.0,94.0
653.0,400.0,54.0,94.0
653.0,400.0,54.0,94.0
653.0,399.0,54.0,94.0
653.0,399.0,54.0,94.0
653.0,398.0,54.0,94.0
653.0,398.0,54.0,94.0
655.0,398.0,53.0,94.0
655.0,397.0,53.0,94.0
656.0,397.0,52.0,94.0
656.0,397.0,52.0,94.0
656.0,397.0,51.0,94.0
656.0,397.0,51.0,94.0
657.0,396.0,51.0,95.0
657.0,397.0,51.0,95.0
657.0,397.0,51.0,96.0
656.0,397.0,52.0,96.0
658.0,398.0,50.0,94.0
657.0,398.0,51.0,94.0
657.0,398.0,51.0,94.0
657.0,399.0,51.0,93.0
657.0,399.0,51.0,93.0
656.0,400.0,51.0,93.0
656.0,400.0,52.0,93.0
655.0,402.0,52.0,93.0
655.0,401.0,53.0,94.0
654.0,402.0,53.0,94.0
654.0,403.0,53.0,94.0
653.0,403.0,53.0,94.0
652.0,403.0,52.0,94.0
651.0,403.0,52.0,94.0
650.0,404.0,52.0,94.0
649.0,404.0,52.0,94.0
647.0,404.0,51.0,94.0
645.0,404.0,51.0,94.0
642.0,404.0,50.0,94.0
639.0,404.0,50.0,94.0
635.0,404.0,50.0,94.0
631.0,404.0,51.0,94.0
626.0,404.0,51.0,94.0
621.0,404.0,52.0,94.0
616.0,404.0,53.0,94.0
609.0,405.0,53.0,94.0
603.0,405.0,54.0,94.0
596.0,405.0,54.0,94.0
589.0,406.0,54.0,94.0
582.0,406.0,54.0,94.0
573.0,406.0,54.0,93.0
566.0,406.0,54.0,93.0
558.0,407.0,54.0,93.0
549.0,407.0,54.0,93.0
540.0,407.0,54.0,93.0
533.0,408.0,53.0,93.0
525.0,408.0,53.0,93.0
517.0,409.0,52.0,93.0
509.0,410.0,52.0,93.0
501.0,411.0,52.0,94.0
493.0,412.0,52.0,94.0
487.0,413.0,52.0,95.0
480.0,413.0,51.0,95.0
474.0,414.0,51.0,95.0
469.0,415.0,52.0,95.0
463.0,415.0,52.0,95.0
460.0,416.0,53.0,95.0
456.0,416.0,53.0,95.0
453.0,417.0,54.0,94.0
451.0,417.0,54.0,94.0
450.0,417.0,54.0,94.0
449.0,418.0,54.0,94.0
448.0,418.0,54.0,94.0
447.0,417.0,55.0,94.0
446.0,416.0,55.0,94.0
446.0,415.0,56.0,95.0
445.0,415.0,56.0,94.0
445.0,415.0,56.0,94.0
445.0,414.0,56.0,94.0
445.0,414.0,55.0,94.0
445.0,413.0,55.0,94.0
444.0,412.0,54.0,94.0
443.0,411.0,54.0,94.0
442.0,410.0,54.0,94.0
441.0,409.0,53.0,94.0
440.0,408.0,53.0,94.0
438.0,407.0,53.0,94.0
437.0,407.0,52.0,94.0
434.0,406.0,53.0,94.0
432.0,405.0,53.0,94.0
430.0,403.0,54.0,95.0
428.0,402.0,55.0,96.0
426.0,401.0,55.0,96.0
424.0,399.0,56.0,98.0
423.0,397.0,56.0,98.0
421.0,395.0,56.0,98.0
420.0,393.0,56.0,96.0
418.0,390.0,56.0,97.0
416.0,388.0,56.0,97.0
415.0,385.0,55.0,96.0
414.0,382.0,55.0,96.0
411.0,380.0,56.0,97.0
410.0,377.0,56.0,97.0
408.0,374.0,55.0,97.0
408.0,371.0,54.0,95.0
407.0,368.0,53.0,95.0
406.0,365.0,53.0,95.0
404.0,362.0,52.0,95.0
403.0,359.0,53.0,97.0
403.0,357.0,53.0,97.0
402.0,354.0,53.0,97.0
402.0,352.0,53.0,95.0
402.0,349.0,53.0,96.0
401.0,346.0,53.0,96.0
401.0,344.0,54.0,96.0
401.0,341.0,54.0,96.0
401.0,338.0,54.0,96.0
401.0,336.0,54.0,95.0
400.0,333.0,54.0,96.0
401.0,329.0,54.0,96.0
402.0,326.0,54.0,96.0
402.0,323.0,54.0,96.0
403.0,319.0,54.0,96.0
403.0,316.0,54.0,97.0
404.0,311.0,55.0,98.0
406.0,308.0,55.0,97.0
408.0,304.0,54.0,97.0
410.0,301.0,54.0,97.0
413.0,297.0,54.0,97.0
416.0,293.0,53.0,97.0
419.0,290.0,53.0,97.0
421.0,286.0,53.0,97.0
424.0,283.0,52.0,98.0
428.0,279.0,53.0,98.0
430.0,275.0,53.0,100.0
434.0,272.0,54.0,100.0
438.0,269.0,54.0,100.0
441.0,265.0,54.0,100.0
446.0,262.0,53.0,98.0
449.0,259.0,53.0,98.0
453.0,255.0,53.0,98.0
456.0,252.0,52.0,98.0
460.0,248.0,52.0,99.0
464.0,244.0,52.0,99.0
467.0,240.0,52.0,99.0
472.0,237.0,52.0,99.0
475.0,234.0,52.0,99.0
479.0,231.0,52.0,98.0
483.0,228.0,52.0,98.0
485.0,224.0,52.0,97.0
489.0,221.0,52.0,97.0
491.0,217.0,52.0,97.0
496.0,215.0,52.0,97.0
498.0,211.0,52.0,97.0
503.0,208.0,52.0,97.0
507.0,206.0,52.0,97.0
512.0,203.0,52.0,97.0
516.0,200.0,52.0,97.0
520.0,197.0,52.0,98.0
525.0,194.0,52.0,98.0
530.0,192.0,52.0,98.0
535.0,189.0,52.0,98.0
539.0,186.0,52.0,98.0
545.0,184.0,52.0,98.0
548.0,181.0,52.0,99.0
552.0,177.0,52.0,99.0
556.0,174.0,51.0,98.0
561.0,171.0,51.0,98.0
564.0,167.0,51.0,98.0
569.0,165.0,51.0,98.0
570.0,161.0,51.0,97.0
573.0,159.0,51.0,97.0
574.0,156.0,51.0,97.0
575.0,153.0,52.0,97.0
577.0,152.0,51.0,95.0
576.0,149.0,51.0,95.0
575.0,147.0,51.0,95.0
574.0,145.0,50.0,94.0
572.0,142.0,50.0,94.0
569.0,140.0,51.0,96.0
567.0,137.0,51.0,96.0
563.0,135.0,51.0,96.0
562.0,134.0,51.0,96.0
559.0,132.0,51.0,96.0
558.0,130.0,51.0,96.0
556.0,128.0,51.0,96.0
554.0,126.0,51.0,96.0
553.0,124.0,49.0,95.0
551.0,121.0,49.0,95.0
549.0,119.0,48.0,93.0
548.0,117.0,48.0,93.0
547.0,114.0,48.0,93.0
546.0,113.0,48.0,92.0
544.0,110.0,48.0,92.0
543.0,109.0,48.0,91.0
541.0,106.0,48.0,91.0
540.0,104.0,48.0,91.0
539.0,102.0,48.0,91.0
537.0,100.0,48.0,91.0
535.0,98.0,48.0,91.0
534.0,96.0,48.0,92.0
533.0,94.0,47.0,91.0
531.0,92.0,47.0,90.0
531.0,90.0,47.0,90.0
530.0,88.0,47.0,90.0
527.0,87.0,48.0,92.0
526.0,86.0,48.0,92.0
525.0,84.0,49.0,92.0
524.0,82.0,48.0,92.0
522.0,80.0,48.0,92.0
521.0,78.0,48.0,93.0
520.0,76.0,48.0,93.0
519.0,75.0,48.0,92.0
518.0,73.0,48.0,92.0
517.0,72.0,48.0,92.0
516.0,71.0,48.0,92.0
516.0,69.0,47.0,90.0
515.0,68.0,47.0,90.0
513.0,66.0,47.0,90.0
512.0,64.0,47.0,90.0
512.0,63.0,47.0,89.0
511.0,62.0,47.0,89.0
511.0,61.0,47.0,89.0
510.0,60.0,47.0,89.0
510.0,59.0,47.0,90.0
509.0,58.0,47.0,90.0
509.0,56.0,47.0,90.0
508.0,56.0,47.0,90.0
507.0,55.0,47.0,90.0
507.0,54.0,47.0,90.0
507.0,53.0,47.0,90.0
507.0,52.0,47.0,90.0
507.0,51.0,47.0,90.0
506.0,49.0,47.0,91.0
505.0,48.0,47.0,91.0
505.0,46.0,47.0,91.0
505.0,45.0,47.0,90.0
505.0,45.0,47.0,90.0
505.0,44.0,47.0,90.0
505.0,43.0,47.0,90.0
505.0,42.0,47.0,89.0
505.0,41.0,47.0,89.0
505.0,40.0,47.0,89.0
505.0,39.0,46.0,88.0
504.0,38.0,47.0,89.0
504.0,38.0,47.0,89.0
504.0,37.0,47.0,89.0
504.0,36.0,46.0,88.0
503.0,36.0,46.0,88.0
503.0,35.0,46.0,88.0
503.0,34.0,46.0,88.0
503.0,33.0,46.0,88.0
502.0,33.0,46.0,88.0
502.0,33.0,46.0,88.0
502.0,32.0,46.0,89.0
502.0,31.0,46.0,89.0
502.0,30.0,46.0,89.0
503.0,29.0,45.0,89.0
503.0,28.0,45.0,89.0
502.0,27.0,46.0,88.0
502.0,26.0,46.0,88.0
501.0,25.0,46.0,88.0
501.0,25.0,46.0,88.0
502.0,24.0,46.0,87.0
502.0,23.0,46.0,87.0
502.0,23.0,46.0,87.0
502.0,22.0,45.0,87.0
502.0,21.0,45.0,87.0
502.0,21.0,45.0,87.0
502.0,21.0,46.0,87.0
503.0,20.0,46.0,87.0
504.0,20.0,45.0,86.0
504.0,20.0,45.0,86.0
504.0,19.0,46.0,86.0
505.0,18.0,46.0,86.0
506.0,18.0,45.0,86.0
506.0,18.0,45.0,86.0
507.0,17.0,45.0,86.0
508.0,16.0,45.0,86.0
508.0,16.0,45.0,86.0
509.0,14.0,45.0,86.0
509.0,14.0,45.0,86.0
510.0,13.0,45.0,86.0
510.0,12.0,45.0,86.0
510.0,12.0,45.0,86.0
510.0,11.0,45.0,86.0
511.0,10.0,45.0,86.0
511.0,9.0,45.0,86.0
512.0,9.0,45.0,86.0
512.0,8.0,45.0,86.0
512.0,7.0,45.0,86.0
513.0,6.0,45.0,86.0
514.0,6.0,44.0,84.0
514.0,5.0,44.0,84.0
514.0,5.0,44.0,84.0
514.0,4.0,44.0,84.0
514.0,4.0,44.0,84.0
514.0,3.0,44.0,84.0
514.0,3.0,44.0,84.0
514.0,2.0,44.0,84.0
514.0,1.0,44.0,84.0
515.0,0.0,44.0,84.0
515.0,0.0,44.0,84.0
516.0,-2.0,44.0,84.0
516.0,-2.0,43.0,82.0
517.0,-2.0,43.0,81.0
517.0,-2.0,43.0,81.0
