963.0,237.0,127.0,309.0
961.0,239.0,127.0,307.0
958.0,240.0,127.0,306.0
957.0,242.0,127.0,305.0
954.0,240.0,130.0,311.0
952.0,241.0,131.0,311.0
949.0,240.0,133.0,318.0
947.0,242.0,133.0,318.0
944.0,244.0,133.0,319.0
941.0,244.0,133.0,319.0
941.0,248.0,131.0,315.0
940.0,247.0,130.0,315.0
940.0,250.0,128.0,311.0
938.0,249.0,128.0,311.0
937.0,250.0,129.0,312.0
936.0,250.0,129.0,312.0
936.0,249.0,129.0,312.0
936.0,248.0,129.0,312.0
936.0,248.0,129.0,312.0
935.0,246.0,131.0,314.0
936.0,247.0,131.0,312.0
935.0,247.0,131.0,310.0
935.0,249.0,131.0,311.0
933.0,248.0,131.0,311.0
932.0,249.0,131.0,311.0
931.0,249.0,131.0,312.0
929.0,250.0,132.0,312.0
927.0,251.0,132.0,313.0
927.0,252.0,132.0,314.0
926.0,253.0,132.0,314.0
924.0,255.0,132.0,315.0
921.0,256.0,132.0,316.0
920.0,257.0,132.0,317.0
918.0,257.0,132.0,317.0
916.0,256.0,132.0,317.0
914.0,256.0,131.0,318.0
914.0,255.0,130.0,318.0
912.0,255.0,130.0,317.0
911.0,255.0,129.0,316.0
910.0,255.0,129.0,316.0
909.0,256.0,129.0,314.0
908.0,256.0,129.0,312.0
907.0,257.0,130.0,311.0
906.0,257.0,130.0,311.0
905.0,258.0,131.0,312.0
903.0,259.0,131.0,313.0
902.0,261.0,132.0,314.0
900.0,262.0,132.0,314.0
899.0,264.0,133.0,315.0
898.0,265.0,133.0,316.0
897.0,266.0,134.0,317.0
897.0,268.0,135.0,318.0
899.0,271.0,132.0,314.0
900.0,271.0,132.0,314.0
901.0,272.0,132.0,314.0
905.0,272.0,131.0,314.0
907.0,270.0,132.0,318.0
910.0,271.0,130.0,318.0
911.0,272.0,131.0,316.0
912.0,272.0,132.0,314.0
913.0,273.0,132.0,312.0
913.0,274.0,132.0,313.0
913.0,274.0,132.0,313.0
914.0,275.0,132.0,314.0
914.0,277.0,132.0,315.0
914.0,276.0,134.0,320.0
914.0,279.0,134.0,321.0
914.0,278.0,136.0,326.0
914.0,282.0,136.0,327.0
914.0,283.0,136.0,327.0
914.0,285.0,136.0,328.0
913.0,286.0,136.0,329.0
912.0,286.0,136.0,329.0
912.0,287.0,136.0,329.0
912.0,286.0,135.0,329.0
913.0,285.0,135.0,329.0
912.0,285.0,135.0,328.0
912.0,285.0,135.0,328.0
912.0,285.0,135.0,327.0
912.0,286.0,135.0,326.0
913.0,288.0,135.0,324.0
914.0,289.0,135.0,323.0
915.0,290.0,135.0,324.0
915.0,292.0,135.0,325.0
915.0,293.0,135.0,326.0
916.0,296.0,135.0,327.0
916.0,299.0,135.0,328.0
918.0,301.0,135.0,328.0
919.0,302.0,135.0,329.0
920.0,304.0,135.0,329.0
922.0,306.0,135.0,330.0
924.0,308.0,135.0,330.0
927.0,308.0,135.0,330.0
929.0,308.0,135.0,330.0
931.0,308.0,135.0,329.0
935.0,309.0,135.0,328.0
937.0,309.0,135.0,327.0
938.0,309.0,135.0,326.0
941.0,310.0,136.0,325.0
942.0,310.0,136.0,324.0
944.0,313.0,137.0,325.0
946.0,314.0,137.0,325.0
946.0,313.0,140.0,331.0
947.0,316.0,140.0,332.0
948.0,317.0,141.0,333.0
948.0,319.0,141.0,334.0
948.0,321.0,141.0,335.0
949.0,321.0,141.0,336.0
948.0,323.0,141.0,337.0
948.0,323.0,141.0,337.0
948.0,323.0,141.0,337.0
947.0,322.0,141.0,337.0
947.0,321.0,141.0,337.0
947.0,321.0,141.0,337.0
947.0,320.0,141.0,336.0
946.0,320.0,141.0,334.0
944.0,321.0,141.0,332.0
944.0,321.0,141.0,330.0
942.0,321.0,141.0,330.0
941.0,322.0,141.0,331.0
941.0,323.0,141.0,331.0
939.0,323.0,141.0,332.0
938.0,324.0,140.0,333.0
938.0,325.0,140.0,333.0
937.0,325.0,140.0,334.0
936.0,326.0,140.0,335.0
935.0,326.0,141.0,335.0
935.0,326.0,140.0,335.0
935.0,327.0,140.0,336.0
935.0,326.0,140.0,336.0
935.0,326.0,140.0,336.0
935.0,324.0,140.0,335.0
935.0,322.0,140.0,334.0
934.0,322.0,140.0,333.0
934.0,320.0,140.0,332.0
933.0,318.0,140.0,330.0
935.0,319.0,137.0,325.0
933.0,317.0,137.0,324.0
933.0,316.0,137.0,324.0
932.0,315.0,138.0,325.0
929.0,315.0,138.0,325.0
928.0,315.0,138.0,326.0
926.0,314.0,138.0,327.0
924.0,313.0,138.0,328.0
921.0,313.0,138.0,328.0
918.0,312.0,138.0,329.0
916.0,312.0,138.0,329.0
913.0,311.0,138.0,329.0
911.0,310.0,137.0,329.0
909.0,308.0,137.0,329.0
906.0,305.0,136.0,329.0
904.0,302.0,136.0,328.0
901.0,300.0,136.0,326.0
899.0,298.0,136.0,325.0
898.0,298.0,134.0,319.0
895.0,295.0,133.0,318.0
893.0,294.0,133.0,317.0
892.0,293.0,133.0,317.0
889.0,293.0,133.0,317.0
887.0,291.0,133.0,318.0
884.0,290.0,133.0,318.0
884.0,292.0,131.0,314.0
882.0,293.0,128.0,310.0
881.0,292.0,128.0,310.0
880.0,292.0,128.0,310.0
879.0,290.0,128.0,311.0
879.0,290.0,128.0,311.0
879.0,288.0,128.0,311.0
879.0,286.0,128.0,311.0
879.0,283.0,128.0,311.0
879.0,280.0,128.0,311.0
879.0,278.0,127.0,310.0
878.0,275.0,127.0,308.0
878.0,273.0,127.0,306.0
877.0,272.0,127.0,304.0
876.0,270.0,127.0,305.0
875.0,268.0,127.0,305.0
874.0,267.0,127.0,306.0
872.0,266.0,127.0,306.0
870.0,265.0,127.0,307.0
868.0,263.0,127.0,307.0
866.0,262.0,127.0,307.0
865.0,260.0,127.0,308.0
863.0,259.0,126.0,309.0
860.0,257.0,126.0,309.0
858.0,254.0,125.0,309.0
857.0,250.0,125.0,310.0
855.0,247.0,125.0,309.0
853.0,243.0,125.0,309.0
851.0,240.0,125.0,309.0
849.0,234.0,124.0,307.0
848.0,231.0,124.0,306.0
847.0,228.0,123.0,305.0
847.0,228.0,121.0,299.0
846.0,223.0,121.0,298.0
845.0,222.0,118.0,292.0
843.0,219.0,118.0,292.0
842.0,217.0,118.0,292.0
842.0,215.0,118.0,293.0
841.0,215.0,117.0,289.0
840.0,211.0,117.0,289.0
840.0,210.0,117.0,290.0
839.0,209.0,117.0,290.0
839.0,210.0,115.0,287.0
838.0,207.0,115.0,287.0
839.0,205.0,115.0,287.0
839.0,203.0,115.0,286.0
839.0,200.0,115.0,286.0
840.0,198.0,115.0,285.0
840.0,197.0,115.0,284.0
840.0,193.0,115.0,284.0
841.0,191.0,115.0,283.0
841.0,189.0,115.0,281.0
842.0,187.0,115.0,280.0
841.0,185.0,115.0,281.0
841.0,183.0,115.0,282.0
841.0,182.0,115.0,282.0
840.0,181.0,115.0,282.0
839.0,181.0,115.0,282.0
839.0,181.0,115.0,282.0
837.0,180.0,115.0,283.0
836.0,180.0,114.0,283.0
834.0,179.0,114.0,283.0
833.0,177.0,114.0,283.0
831.0,175.0,114.0,283.0
830.0,173.0,114.0,283.0
829.0,169.0,114.0,283.0
828.0,167.0,114.0,283.0
827.0,165.0,114.0,283.0
826.0,163.0,114.0,281.0
825.0,162.0,114.0,280.0
825.0,163.0,111.0,274.0
823.0,160.0,111.0,274.0
823.0,162.0,109.0,269.0
823.0,162.0,108.0,266.0
822.0,160.0,108.0,266.0
821.0,159.0,108.0,266.0
821.0,157.0,108.0,267.0
820.0,156.0,108.0,267.0
821.0,158.0,106.0,263.0
821.0,156.0,106.0,263.0
822.0,156.0,105.0,259.0
822.0,154.0,105.0,259.0
822.0,152.0,105.0,259.0
823.0,150.0,105.0,259.0
823.0,147.0,105.0,259.0
824.0,143.0,105.0,259.0
824.0,141.0,104.0,258.0
824.0,139.0,104.0,257.0
824.0,137.0,104.0,256.0
824.0,136.0,104.0,256.0
824.0,135.0,104.0,256.0
823.0,133.0,104.0,256.0
823.0,132.0,104.0,256.0
822.0,131.0,103.0,257.0
822.0,129.0,103.0,257.0
820.0,128.0,103.0,257.0
819.0,127.0,103.0,258.0
817.0,126.0,103.0,258.0
816.0,124.0,103.0,258.0
814.0,121.0,103.0,258.0
813.0,119.0,103.0,258.0
811.0,117.0,103.0,258.0
810.0,114.0,103.0,258.0
808.0,111.0,103.0,258.0
807.0,108.0,103.0,257.0
805.0,105.0,103.0,255.0
804.0,103.0,103.0,254.0
803.0,101.0,102.0,254.0
802.0,99.0,102.0,254.0
801.0,100.0,100.0,250.0
800.0,101.0,98.0,247.0
799.0,101.0,98.0,247.0
797.0,103.0,98.0,247.0
796.0,109.0,97.0,243.0
796.0,113.0,96.0,243.0
794.0,120.0,96.0,243.0
793.0,127.0,96.0,243.0
791.0,134.0,96.0,243.0
791.0,141.0,96.0,243.0
790.0,151.0,94.0,239.0
791.0,158.0,92.0,234.0
791.0,163.0,92.0,234.0
791.0,168.0,92.0,233.0
789.0,175.0,92.0,232.0
789.0,181.0,92.0,231.0
788.0,187.0,92.0,231.0
787.0,193.0,92.0,231.0
787.0,200.0,92.0,231.0
786.0,205.0,92.0,232.0
785.0,212.0,92.0,232.0
784.0,216.0,92.0,232.0
783.0,220.0,92.0,232.0
783.0,224.0,91.0,232.0
781.0,228.0,91.0,233.0
781.0,234.0,91.0,233.0
779.0,238.0,91.0,233.0
778.0,243.0,91.0,233.0
778.0,247.0,91.0,232.0
776.0,250.0,91.0,232.0
775.0,254.0,91.0,232.0
773.0,258.0,91.0,231.0
773.0,261.0,91.0,231.0
772.0,266.0,91.0,230.0
771.0,269.0,91.0,230.0
770.0,276.0,91.0,229.0
770.0,280.0,91.0,228.0
769.0,284.0,91.0,228.0
768.0,289.0,91.0,229.0
768.0,294.0,91.0,229.0
768.0,300.0,91.0,229.0
768.0,307.0,90.0,225.0
769.0,312.0,88.0,222.0
769.0,317.0,86.0,219.0
770.0,321.0,86.0,219.0
770.0,327.0,86.0,219.0
770.0,331.0,86.0,219.0
771.0,336.0,86.0,219.0
772.0,342.0,85.0,215.0
773.0,345.0,85.0,214.0
773.0,351.0,85.0,214.0
774.0,354.0,85.0,213.0
774.0,360.0,85.0,213.0
775.0,364.0,85.0,213.0
775.0,369.0,85.0,212.0
775.0,375.0,85.0,213.0
775.0,380.0,85.0,213.0
775.0,385.0,85.0,213.0
775.0,390.0,84.0,214.0
776.0,396.0,84.0,214.0
776.0,403.0,84.0,214.0
776.0,407.0,84.0,214.0
776.0,414.0,84.0,214.0
775.0,419.0,84.0,214.0
775.0,425.0,84.0,214.0
775.0,430.0,84.0,214.0
775.0,435.0,84.0,214.0
775.0,439.0,84.0,214.0
774.0,443.0,85.0,218.0
774.0,448.0,85.0,218.0
773.0,453.0,87.0,220.0
774.0,457.0,87.0,220.0
774.0,462.0,87.0,219.0
774.0,467.0,87.0,219.0
774.0,472.0,87.0,219.0
774.0,474.0,87.0,219.0
775.0,476.0,87.0,219.0
775.0,477.0,87.0,220.0
775.0,477.0,87.0,220.0
775.0,478.0,87.0,220.0
777.0,479.0,85.0,217.0
777.0,478.0,85.0,217.0
778.0,478.0,84.0,213.0
779.0,478.0,84.0,213.0
780.0,478.0,82.0,210.0
781.0,477.0,81.0,207.0
781.0,475.0,81.0,206.0
782.0,474.0,81.0,205.0
783.0,473.0,81.0,205.0
783.0,471.0,81.0,205.0
783.0,470.0,81.0,205.0
783.0,470.0,81.0,205.0
783.0,470.0,81.0,205.0
783.0,469.0,81.0,205.0
783.0,469.0,81.0,205.0
783.0,468.0,81.0,205.0
783.0,467.0,81.0,205.0
783.0,467.0,81.0,205.0
783.0,467.0,81.0,205.0
783.0,466.0,81.0,205.0
782.0,465.0,81.0,205.0
782.0,465.0,81.0,205.0
781.0,464.0,81.0,205.0
781.0,462.0,80.0,205.0
780.0,462.0,80.0,205.0
780.0,460.0,80.0,205.0
780.0,459.0,80.0,204.0
780.0,458.0,80.0,203.0
780.0,457.0,80.0,202.0
781.0,457.0,80.0,202.0
781.0,456.0,80.0,202.0
782.0,455.0,80.0,202.0
782.0,455.0,80.0,203.0
783.0,454.0,80.0,203.0
783.0,454.0,80.0,203.0
783.0,454.0,80.0,203.0
784.0,454.0,80.0,203.0
785.0,456.0,79.0,200.0
787.0,457.0,77.0,196.0
788.0,456.0,77.0,196.0
789.0,456.0,77.0,196.0
790.0,456.0,76.0,196.0
792.0,455.0,76.0,196.0
793.0,455.0,75.0,193.0
794.0,456.0,74.0,190.0
797.0,455.0,73.0,187.0
798.0,454.0,74.0,186.0
799.0,454.0,74.0,186.0
800.0,453.0,74.0,186.0
800.0,453.0,74.0,186.0
801.0,453.0,74.0,187.0
802.0,453.0,74.0,187.0
803.0,452.0,74.0,187.0
804.0,452.0,74.0,187.0
804.0,452.0,74.0,187.0
805.0,451.0,74.0,187.0
806.0,451.0,74.0,187.0
806.0,451.0,73.0,187.0
807.0,451.0,73.0,187.0
808.0,451.0,73.0,187.0
809.0,450.0,73.0,187.0
809.0,449.0,73.0,188.0
809.0,449.0,73.0,188.0
809.0,447.0,74.0,190.0
810.0,447.0,74.0,190.0
810.0,446.0,74.0,189.0
811.0,446.0,74.0,189.0
811.0,445.0,74.0,188.0
811.0,445.0,74.0,188.0
812.0,445.0,74.0,188.0
813.0,445.0,74.0,188.0
813.0,446.0,74.0,188.0
813.0,444.0,75.0,192.0
814.0,445.0,75.0,192.0
814.0,445.0,75.0,192.0
815.0,446.0,75.0,192.0
816.0,447.0,75.0,192.0
817.0,447.0,75.0,192.0
818.0,449.0,74.0,189.0
819.0,448.0,74.0,189.0
821.0,449.0,73.0,187.0
823.0,449.0,71.0,184.0
824.0,449.0,71.0,184.0
825.0,448.0,71.0,183.0
827.0,448.0,71.0,183.0
828.0,448.0,71.0,182.0
829.0,448.0,71.0,182.0
830.0,447.0,71.0,182.0
830.0,448.0,71.0,182.0
832.0,448.0,71.0,182.0
833.0,448.0,71.0,182.0
834.0,448.0,70.0,180.0
834.0,448.0,70.0,180.0
836.0,448.0,70.0,180.0
836.0,448.0,71.0,183.0
836.0,448.0,71.0,183.0
836.0,448.0,71.0,183.0
836.0,448.0,71.0,183.0
836.0,449.0,70.0,181.0
836.0,447.0,71.0,184.0
836.0,447.0,71.0,184.0
837.0,446.0,71.0,184.0
836.0,445.0,71.0,184.0
836.0,443.0,73.0,187.0
836.0,443.0,73.0,186.0
836.0,441.0,74.0,188.0
836.0,442.0,74.0,188.0
837.0,442.0,74.0,188.0
837.0,442.0,74.0,188.0
837.0,442.0,74.0,188.0
838.0,443.0,74.0,188.0
838.0,443.0,74.0,188.0
838.0,444.0,74.0,189.0
839.0,445.0,74.0,189.0
840.0,446.0,74.0,189.0
840.0,446.0,74.0,189.0
841.0,447.0,74.0,189.0
842.0,447.0,74.0,189.0
843.0,447.0,74.0,189.0
843.0,446.0,74.0,188.0
845.0,447.0,73.0,185.0
846.0,447.0,73.0,185.0
848.0,447.0,72.0,182.0
848.0,447.0,72.0,182.0
850.0,447.0,72.0,182.0
850.0,447.0,72.0,182.0
852.0,447.0,72.0,182.0
852.0,447.0,72.0,182.0
853.0,448.0,70.0,179.0
854.0,448.0,70.0,180.0
856.0,449.0,70.0,180.0
856.0,449.0,70.0,180.0
856.0,450.0,70.0,180.0
856.0,451.0,70.0,180.0
856.0,451.0,70.0,181.0
856.0,450.0,70.0,181.0
855.0,449.0,70.0,181.0
854.0,447.0,72.0,184.0
854.0,447.0,72.0,183.0
853.0,447.0,72.0,183.0
852.0,447.0,72.0,183.0
852.0,445.0,74.0,185.0
852.0,446.0,74.0,185.0
851.0,446.0,74.0,185.0
851.0,445.0,74.0,187.0
850.0,445.0,74.0,187.0
850.0,446.0,74.0,187.0
850.0,447.0,74.0,188.0
850.0,448.0,74.0,188.0
850.0,449.0,74.0,188.0
850.0,450.0,74.0,189.0
851.0,450.0,74.0,189.0
851.0,450.0,74.0,189.0
851.0,451.0,74.0,189.0
852.0,451.0,74.0,189.0
852.0,451.0,74.0,189.0
852.0,451.0,74.0,189.0
853.0,452.0,74.0,187.0
854.0,452.0,72.0,183.0
855.0,452.0,72.0,182.0
855.0,452.0,72.0,182.0
856.0,452.0,72.0,182.0
856.0,452.0,72.0,182.0
856.0,452.0,72.0,183.0
856.0,452.0,72.0,183.0
857.0,453.0,72.0,183.0
857.0,453.0,72.0,184.0
856.0,453.0,72.0,184.0
856.0,454.0,72.0,184.0
856.0,455.0,72.0,184.0
855.0,455.0,72.0,184.0
855.0,455.0,72.0,184.0
854.0,455.0,72.0,184.0
854.0,453.0,73.0,187.0
853.0,453.0,73.0,187.0
852.0,453.0,73.0,187.0
852.0,453.0,73.0,187.0
851.0,453.0,73.0,186.0
850.0,452.0,74.0,188.0
850.0,453.0,74.0,188.0
849.0,451.0,76.0,191.0
850.0,452.0,76.0,191.0
849.0,453.0,76.0,191.0
850.0,454.0,76.0,192.0
850.0,455.0,76.0,192.0
849.0,454.0,76.0,195.0
850.0,456.0,76.0,195.0
850.0,456.0,76.0,196.0
850.0,457.0,76.0,196.0
850.0,457.0,77.0,196.0
850.0,459.0,76.0,193.0
851.0,458.0,76.0,193.0
852.0,458.0,76.0,193.0
852.0,458.0,76.0,193.0
853.0,458.0,76.0,192.0
853.0,458.0,76.0,192.0
853.0,458.0,76.0,191.0
853.0,458.0,76.0,191.0
853.0,458.0,76.0,192.0
854.0,458.0,75.0,192.0
853.0,458.0,75.0,192.0
853.0,458.0,75.0,193.0
853.0,459.0,75.0,193.0
853.0,459.0,75.0,193.0
853.0,460.0,75.0,193.0
853.0,461.0,75.0,193.0
852.0,462.0,75.0,193.0
851.0,462.0,75.0,193.0
851.0,462.0,75.0,193.0
850.0,461.0,75.0,193.0
850.0,460.0,75.0,193.0
849.0,458.0,76.0,196.0
849.0,459.0,76.0,196.0
848.0,459.0,76.0,196.0
848.0,460.0,76.0,196.0
847.0,460.0,76.0,196.0
846.0,458.0,78.0,200.0
846.0,459.0,78.0,200.0
845.0,460.0,78.0,200.0
845.0,460.0,78.0,200.0
845.0,461.0,78.0,200.0
845.0,462.0,78.0,200.0
844.0,463.0,78.0,200.0
845.0,463.0,78.0,200.0
844.0,464.0,78.0,200.0
845.0,464.0,79.0,200.0
845.0,465.0,79.0,200.0
846.0,465.0,79.0,200.0
846.0,465.0,79.0,200.0
847.0,466.0,77.0,197.0
847.0,465.0,77.0,196.0
847.0,465.0,77.0,196.0
847.0,465.0,77.0,195.0
845.0,465.0,77.0,195.0
844.0,465.0,77.0,196.0
843.0,465.0,77.0,196.0
841.0,465.0,77.0,196.0
839.0,466.0,77.0,196.0
838.0,467.0,77.0,196.0
836.0,467.0,76.0,197.0
835.0,468.0,76.0,197.0
833.0,470.0,76.0,197.0
831.0,470.0,76.0,197.0
829.0,471.0,76.0,197.0
827.0,471.0,75.0,197.0
824.0,471.0,75.0,197.0
822.0,470.0,75.0,197.0
819.0,468.0,75.0,197.0
816.0,467.0,76.0,197.0
813.0,467.0,76.0,196.0
807.0,468.0,76.0,196.0
804.0,466.0,78.0,200.0
800.0,465.0,79.0,202.0
797.0,466.0,80.0,202.0
793.0,467.0,80.0,202.0
788.0,467.0,80.0,203.0
784.0,468.0,80.0,203.0
779.0,469.0,80.0,203.0
774.0,470.0,80.0,203.0
769.0,470.0,81.0,203.0
763.0,470.0,81.0,203.0
757.0,470.0,80.0,203.0
753.0,470.0,80.0,203.0
749.0,471.0,80.0,203.0
745.0,470.0,80.0,203.0
741.0,469.0,80.0,203.0
737.0,468.0,80.0,203.0
734.0,468.0,80.0,202.0
731.0,468.0,80.0,201.0
728.0,467.0,80.0,201.0
724.0,467.0,79.0,198.0
721.0,467.0,78.0,198.0
719.0,467.0,78.0,199.0
716.0,468.0,76.0,195.0
712.0,470.0,75.0,193.0
707.0,472.0,75.0,193.0
704.0,470.0,75.0,193.0
701.0,470.0,75.0,194.0
698.0,471.0,75.0,194.0
695.0,471.0,75.0,194.0
691.0,470.0,75.0,194.0
687.0,469.0,75.0,194.0
683.0,467.0,76.0,197.0
680.0,468.0,76.0,197.0
677.0,467.0,76.0,196.0
673.0,467.0,76.0,196.0
670.0,465.0,77.0,199.0
668.0,465.0,78.0,199.0
665.0,465.0,78.0,199.0
663.0,466.0,78.0,199.0
658.0,466.0,78.0,199.0
654.0,465.0,80.0,202.0
649.0,465.0,80.0,202.0
645.0,466.0,80.0,203.0
640.0,466.0,80.0,203.0
635.0,466.0,80.0,203.0
632.0,468.0,80.0,203.0
629.0,468.0,80.0,204.0
626.0,468.0,80.0,204.0
624.0,468.0,80.0,204.0
622.0,468.0,80.0,204.0
620.0,467.0,80.0,204.0
617.0,468.0,80.0,204.0
615.0,467.0,80.0,203.0
612.0,466.0,80.0,203.0
609.0,465.0,80.0,202.0
607.0,467.0,78.0,199.0
604.0,465.0,78.0,199.0
601.0,465.0,78.0,199.0
599.0,465.0,78.0,199.0
596.0,465.0,78.0,199.0
593.0,466.0,78.0,200.0
590.0,466.0,78.0,200.0
588.0,466.0,78.0,200.0
586.0,467.0,78.0,200.0
582.0,467.0,78.0,201.0
580.0,468.0,78.0,201.0
578.0,468.0,78.0,201.0
577.0,467.0,78.0,201.0
577.0,466.0,78.0,201.0
575.0,465.0,79.0,204.0
574.0,465.0,79.0,204.0
573.0,464.0,80.0,207.0
572.0,464.0,80.0,207.0
572.0,463.0,80.0,206.0
570.0,461.0,82.0,208.0
570.0,461.0,82.0,208.0
569.0,462.0,82.0,208.0
568.0,462.0,82.0,208.0
568.0,463.0,82.0,209.0
567.0,463.0,82.0,209.0
567.0,465.0,82.0,210.0
566.0,465.0,82.0,210.0
566.0,466.0,82.0,210.0
565.0,466.0,82.0,210.0
565.0,467.0,82.0,210.0
565.0,466.0,82.0,210.0
565.0,469.0,81.0,207.0
565.0,468.0,81.0,207.0
565.0,468.0,81.0,207.0
565.0,467.0,81.0,207.0
565.0,468.0,80.0,204.0
565.0,467.0,80.0,203.0
565.0,467.0,80.0,203.0
565.0,467.0,80.0,203.0
565.0,467.0,80.0,203.0
565.0,467.0,80.0,203.0
565.0,467.0,80.0,203.0
564.0,468.0,80.0,203.0
563.0,468.0,80.0,203.0
564.0,470.0,78.0,201.0
563.0,471.0,78.0,201.0
563.0,472.0,78.0,201.0
562.0,472.0,78.0,202.0
561.0,472.0,78.0,202.0
559.0,471.0,80.0,205.0
558.0,471.0,79.0,205.0
557.0,470.0,79.0,205.0
555.0,468.0,80.0,208.0
554.0,468.0,80.0,207.0
552.0,467.0,81.0,210.0
551.0,465.0,83.0,213.0
550.0,466.0,83.0,213.0
549.0,464.0,85.0,215.0
548.0,464.0,85.0,215.0
547.0,464.0,85.0,215.0
547.0,465.0,85.0,216.0
546.0,465.0,85.0,216.0
544.0,466.0,85.0,216.0
543.0,466.0,85.0,217.0
543.0,467.0,85.0,217.0
542.0,468.0,85.0,217.0
542.0,469.0,85.0,217.0
541.0,469.0,85.0,218.0
541.0,470.0,85.0,218.0
541.0,470.0,85.0,218.0
541.0,472.0,84.0,215.0
541.0,473.0,83.0,211.0
541.0,473.0,83.0,211.0
541.0,473.0,83.0,211.0
541.0,473.0,81.0,207.0
541.0,473.0,81.0,207.0
541.0,473.0,81.0,206.0
540.0,473.0,81.0,206.0
540.0,472.0,81.0,206.0
540.0,472.0,81.0,207.0
540.0,472.0,81.0,207.0
540.0,472.0,81.0,208.0
540.0,472.0,81.0,208.0
539.0,473.0,81.0,209.0
539.0,473.0,81.0,209.0
539.0,474.0,80.0,209.0
539.0,475.0,80.0,210.0
537.0,473.0,82.0,213.0
536.0,474.0,82.0,213.0
536.0,474.0,82.0,213.0
535.0,471.0,84.0,217.0
533.0,470.0,86.0,220.0
532.0,470.0,87.0,223.0
532.0,470.0,87.0,223.0
531.0,468.0,88.0,226.0
530.0,468.0,88.0,226.0
530.0,468.0,88.0,225.0
529.0,466.0,90.0,229.0
529.0,467.0,90.0,229.0
529.0,468.0,90.0,229.0
528.0,468.0,90.0,230.0
528.0,468.0,90.0,230.0
527.0,468.0,90.0,231.0
527.0,470.0,90.0,231.0
527.0,471.0,90.0,231.0
528.0,471.0,90.0,231.0
528.0,471.0,90.0,232.0
528.0,471.0,90.0,232.0
529.0,472.0,88.0,228.0
530.0,473.0,87.0,224.0
530.0,472.0,86.0,220.0
532.0,473.0,84.0,217.0
532.0,471.0,84.0,217.0
532.0,471.0,84.0,217.0
532.0,472.0,84.0,216.0
532.0,472.0,84.0,216.0
533.0,473.0,85.0,216.0
533.0,473.0,85.0,216.0
533.0,474.0,85.0,216.0
533.0,475.0,85.0,217.0
533.0,474.0,86.0,220.0
533.0,474.0,88.0,224.0
533.0,475.0,88.0,224.0
533.0,476.0,88.0,225.0
533.0,476.0,88.0,225.0
533.0,476.0,88.0,225.0
533.0,473.0,89.0,229.0
532.0,474.0,89.0,229.0
533.0,473.0,89.0,228.0
533.0,472.0,89.0,228.0
532.0,471.0,89.0,228.0
533.0,470.0,89.0,227.0
533.0,471.0,89.0,227.0
533.0,470.0,89.0,226.0
534.0,469.0,88.0,226.0
534.0,469.0,88.0,227.0
534.0,469.0,88.0,227.0
535.0,469.0,88.0,227.0
535.0,470.0,88.0,227.0
536.0,470.0,88.0,228.0
537.0,471.0,88.0,228.0
538.0,473.0,87.0,225.0
539.0,473.0,87.0,225.0
540.0,473.0,87.0,225.0
541.0,474.0,87.0,225.0
542.0,473.0,87.0,225.0
542.0,474.0,87.0,225.0
543.0,473.0,87.0,224.0
544.0,474.0,86.0,220.0
545.0,474.0,86.0,220.0
546.0,474.0,86.0,219.0
547.0,474.0,86.0,219.0
547.0,474.0,86.0,219.0
548.0,473.0,86.0,220.0
549.0,474.0,86.0,220.0
550.0,475.0,86.0,220.0
550.0,475.0,86.0,221.0
551.0,476.0,86.0,221.0
552.0,477.0,86.0,222.0
552.0,478.0,86.0,222.0
553.0,477.0,86.0,223.0
552.0,475.0,88.0,226.0
553.0,475.0,89.0,230.0
553.0,475.0,89.0,230.0
553.0,475.0,89.0,230.0
553.0,474.0,88.0,230.0
553.0,474.0,88.0,229.0
553.0,473.0,88.0,229.0
554.0,473.0,88.0,228.0
555.0,472.0,88.0,227.0
555.0,472.0,88.0,227.0
556.0,472.0,89.0,228.0
556.0,472.0,89.0,228.0
556.0,473.0,89.0,228.0
557.0,473.0,89.0,228.0
558.0,475.0,89.0,229.0
559.0,475.0,89.0,229.0
559.0,475.0,89.0,229.0
560.0,475.0,89.0,230.0
561.0,476.0,89.0,230.0
562.0,476.0,89.0,230.0
563.0,477.0,89.0,230.0
565.0,476.0,89.0,230.0
565.0,476.0,89.0,230.0
567.0,475.0,89.0,230.0
568.0,474.0,89.0,229.0
569.0,474.0,89.0,228.0
570.0,474.0,89.0,228.0
572.0,475.0,89.0,228.0
573.0,475.0,88.0,224.0
574.0,475.0,88.0,224.0
575.0,475.0,88.0,224.0
576.0,476.0,88.0,225.0
577.0,476.0,88.0,225.0
579.0,478.0,86.0,222.0
580.0,478.0,86.0,222.0
580.0,478.0,86.0,223.0
581.0,478.0,86.0,223.0
582.0,478.0,86.0,223.0
582.0,477.0,88.0,227.0
582.0,477.0,88.0,227.0
582.0,476.0,88.0,227.0
582.0,475.0,88.0,230.0
583.0,475.0,89.0,230.0
583.0,475.0,89.0,229.0
583.0,475.0,89.0,229.0
583.0,475.0,89.0,229.0
584.0,475.0,89.0,229.0
584.0,475.0,90.0,229.0
585.0,476.0,90.0,229.0
586.0,477.0,90.0,230.0
587.0,477.0,91.0,234.0
588.0,479.0,91.0,234.0
590.0,480.0,91.0,234.0
591.0,482.0,91.0,234.0
592.0,483.0,91.0,234.0
593.0,485.0,91.0,234.0
594.0,486.0,92.0,234.0
596.0,486.0,92.0,235.0
598.0,487.0,92.0,235.0
599.0,488.0,92.0,235.0
600.0,489.0,92.0,235.0
602.0,489.0,92.0,235.0
603.0,489.0,92.0,235.0
605.0,490.0,92.0,235.0
606.0,491.0,91.0,235.0
607.0,491.0,91.0,234.0
609.0,493.0,91.0,235.0
610.0,494.0,91.0,235.0
611.0,495.0,91.0,235.0
612.0,498.0,89.0,231.0
613.0,499.0,89.0,231.0
614.0,501.0,89.0,231.0
615.0,502.0,89.0,232.0
616.0,504.0,89.0,232.0
615.0,504.0,91.0,237.0
616.0,506.0,91.0,237.0
616.0,505.0,92.0,240.0
616.0,507.0,92.0,240.0
616.0,507.0,92.0,240.0
617.0,508.0,92.0,240.0
617.0,508.0,92.0,240.0
616.0,507.0,94.0,244.0
617.0,509.0,94.0,243.0
618.0,510.0,94.0,243.0
618.0,511.0,94.0,243.0
618.0,510.0,96.0,246.0
619.0,512.0,96.0,246.0
619.0,514.0,96.0,246.0
620.0,516.0,96.0,246.0
621.0,518.0,96.0,245.0
621.0,519.0,96.0,245.0
622.0,521.0,97.0,245.0
622.0,522.0,97.0,244.0
624.0,525.0,97.0,244.0
625.0,526.0,97.0,243.0
627.0,528.0,97.0,243.0
628.0,528.0,97.0,243.0
629.0,529.0,97.0,243.0
631.0,529.0,97.0,243.0
633.0,530.0,97.0,243.0
634.0,531.0,97.0,243.0
636.0,531.0,97.0,242.0
637.0,532.0,97.0,242.0
640.0,534.0,95.0,238.0
640.0,535.0,95.0,238.0
642.0,536.0,95.0,238.0
643.0,537.0,95.0,237.0
645.0,538.0,95.0,237.0
647.0,541.0,94.0,233.0
647.0,541.0,93.0,233.0
649.0,542.0,93.0,232.0
650.0,543.0,93.0,232.0
651.0,544.0,93.0,232.0
651.0,545.0,93.0,231.0
652.0,546.0,93.0,231.0
652.0,544.0,94.0,235.0
653.0,545.0,94.0,235.0
653.0,546.0,94.0,235.0
654.0,546.0,94.0,235.0
655.0,546.0,94.0,235.0
655.0,546.0,96.0,238.0
656.0,547.0,96.0,238.0
657.0,549.0,97.0,237.0
658.0,548.0,99.0,241.0
659.0,551.0,99.0,240.0
660.0,552.0,99.0,240.0
661.0,554.0,99.0,239.0
663.0,556.0,99.0,239.0
664.0,558.0,99.0,239.0
665.0,560.0,99.0,238.0
667.0,561.0,99.0,238.0
669.0,563.0,99.0,238.0
669.0,564.0,99.0,238.0
672.0,566.0,99.0,237.0
674.0,567.0,99.0,237.0
675.0,567.0,99.0,237.0
677.0,567.0,99.0,237.0
680.0,568.0,99.0,237.0
683.0,571.0,97.0,233.0
685.0,572.0,96.0,229.0
686.0,573.0,96.0,228.0
689.0,574.0,96.0,228.0
690.0,574.0,96.0,228.0
693.0,577.0,94.0,224.0
694.0,578.0,94.0,224.0
695.0,579.0,93.0,223.0
697.0,581.0,93.0,222.0
699.0,583.0,93.0,222.0
700.0,584.0,93.0,222.0
702.0,586.0,93.0,221.0
702.0,587.0,93.0,221.0
703.0,587.0,93.0,221.0
703.0,587.0,93.0,221.0
704.0,588.0,93.0,221.0
704.0,589.0,93.0,221.0
705.0,590.0,93.0,221.0
705.0,588.0,95.0,224.0
705.0,590.0,95.0,224.0
706.0,591.0,95.0,223.0
707.0,593.0,95.0,223.0
708.0,594.0,96.0,223.0
709.0,595.0,96.0,222.0
710.0,596.0,96.0,222.0
710.0,596.0,98.0,225.0
711.0,599.0,98.0,225.0
713.0,601.0,98.0,224.0
714.0,602.0,98.0,224.0
715.0,604.0,98.0,224.0
717.0,606.0,98.0,223.0
719.0,608.0,98.0,223.0
720.0,609.0,98.0,222.0
721.0,610.0,98.0,222.0
724.0,610.0,98.0,222.0
726.0,610.0,98.0,222.0
727.0,611.0,98.0,222.0
729.0,612.0,98.0,222.0
731.0,612.0,98.0,222.0
732.0,614.0,98.0,222.0
733.0,616.0,98.0,221.0
734.0,616.0,98.0,221.0
735.0,618.0,97.0,220.0
737.0,620.0,97.0,220.0
738.0,622.0,97.0,219.0
738.0,623.0,97.0,219.0
739.0,625.0,97.0,219.0
740.0,626.0,97.0,218.0
739.0,627.0,97.0,218.0
740.0,629.0,97.0,218.0
740.0,630.0,97.0,217.0
741.0,632.0,97.0,217.0
741.0,633.0,97.0,217.0
741.0,633.0,97.0,217.0
742.0,634.0,97.0,216.0
742.0,635.0,97.0,216.0
742.0,636.0,97.0,216.0
742.0,637.0,97.0,215.0
742.0,638.0,97.0,215.0
742.0,639.0,97.0,215.0
743.0,641.0,97.0,215.0
744.0,642.0,97.0,214.0
744.0,644.0,97.0,214.0
746.0,646.0,97.0,213.0
746.0,648.0,97.0,213.0
748.0,652.0,97.0,212.0
748.0,653.0,97.0,212.0
750.0,656.0,96.0,211.0
752.0,658.0,96.0,211.0
753.0,660.0,96.0,210.0
755.0,662.0,95.0,210.0
757.0,663.0,95.0,209.0
758.0,664.0,95.0,209.0
760.0,665.0,95.0,209.0
760.0,666.0,95.0,208.0
761.0,667.0,95.0,208.0
761.0,669.0,95.0,208.0
763.0,672.0,94.0,204.0
764.0,671.0,92.0,204.0
765.0,672.0,91.0,204.0
767.0,674.0,90.0,203.0
768.0,676.0,89.0,203.0
768.0,676.0,88.0,202.0
768.0,678.0,87.0,202.0
767.0,679.0,87.0,202.0
766.0,678.0,87.0,202.0
767.0,678.0,85.0,198.0
767.0,678.0,83.0,194.0
766.0,677.0,81.0,190.0
767.0,678.0,80.0,187.0
766.0,678.0,80.0,186.0
766.0,679.0,80.0,186.0
766.0,679.0,80.0,186.0
766.0,679.0,80.0,186.0
767.0,680.0,78.0,182.0
768.0,679.0,78.0,182.0
768.0,681.0,78.0,182.0
768.0,682.0,78.0,182.0
768.0,684.0,78.0,182.0
768.0,685.0,78.0,181.0
769.0,686.0,78.0,181.0
769.0,687.0,78.0,181.0
769.0,688.0,78.0,181.0
771.0,689.0,78.0,180.0
772.0,690.0,78.0,180.0
772.0,691.0,78.0,180.0
774.0,691.0,78.0,180.0
774.0,691.0,78.0,180.0
774.0,690.0,78.0,180.0
776.0,693.0,77.0,177.0
776.0,693.0,75.0,173.0
777.0,692.0,75.0,173.0
777.0,692.0,75.0,173.0
778.0,692.0,75.0,172.0
779.0,693.0,75.0,172.0
779.0,693.0,75.0,172.0
779.0,694.0,75.0,172.0
779.0,695.0,75.0,172.0
778.0,697.0,74.0,171.0
778.0,698.0,74.0,171.0
nan,nan,nan,nan
nan,nan,nan,nan
nan,nan,nan,nan
nan,nan,nan,nan
nan,nan,nan,nan
nan,nan,nan,nan
nan,nan,nan,nan
nan,nan,nan,nan
nan,nan,nan,nan
nan,nan,nan,nan
nan,nan,nan,nan
nan,nan,nan,nan
nan,nan,nan,nan
nan,nan,nan,nan
nan,nan,nan,nan
nan,nan,nan,nan
nan,nan,nan,nan
nan,nan,nan,nan
nan,nan,nan,nan
nan,nan,nan,nan
nan,nan,nan,nan
nan,nan,nan,nan
nan,nan,nan,nan
nan,nan,nan,nan
nan,nan,nan,nan
nan,nan,nan,nan
nan,nan,nan,nan
nan,nan,nan,nan
nan,nan,nan,nan
nan,nan,nan,nan
nan,nan,nan,nan
nan,nan,nan,nan
nan,nan,nan,nan
nan,nan,nan,nan
nan,nan,nan,nan
nan,nan,nan,nan
nan,nan,nan,nan
nan,nan,nan,nan
nan,nan,nan,nan
nan,nan,nan,nan
nan,nan,nan,nan
nan,nan,nan,nan
nan,nan,nan,nan
nan,nan,nan,nan
nan,nan,nan,nan
nan,nan,nan,nan
nan,nan,nan,nan
nan,nan,nan,nan
nan,nan,nan,nan
nan,nan,nan,nan
nan,nan,nan,nan
nan,nan,nan,nan
nan,nan,nan,nan
nan,nan,nan,nan
nan,nan,nan,nan
nan,nan,nan,nan
nan,nan,nan,nan
nan,nan,nan,nan
nan,nan,nan,nan
nan,nan,nan,nan
nan,nan,nan,nan
nan,nan,nan,nan
nan,nan,nan,nan
nan,nan,nan,nan
nan,nan,nan,nan
nan,nan,nan,nan
nan,nan,nan,nan
nan,nan,nan,nan
nan,nan,nan,nan
nan,nan,nan,nan
nan,nan,nan,nan
nan,nan,nan,nan
nan,nan,nan,nan
nan,nan,nan,nan
nan,nan,nan,nan
nan,nan,nan,nan
nan,nan,nan,nan
nan,nan,nan,nan
nan,nan,nan,nan
nan,nan,nan,nan
nan,nan,nan,nan
nan,nan,nan,nan
nan,nan,nan,nan
nan,nan,nan,nan
nan,nan,nan,nan
nan,nan,nan,nan
nan,nan,nan,nan
nan,nan,nan,nan
nan,nan,nan,nan
nan,nan,nan,nan
nan,nan,nan,nan
nan,nan,nan,nan
nan,nan,nan,nan
nan,nan,nan,nan
nan,nan,nan,nan
944.0,697.0,65.0,133.0
950.0,692.0,66.0,139.0
935.0,686.0,66.0,145.0
911.0,682.0,67.0,150.0
919.0,673.0,67.0,156.0
925.0,667.0,67.0,161.0
956.0,659.0,66.0,167.0
942.0,656.0,66.0,164.0
932.0,650.0,64.0,160.0
945.0,642.0,64.0,159.0
978.0,635.0,64.0,158.0
965.0,628.0,64.0,158.0
989.0,621.0,64.0,157.0
971.0,617.0,63.0,155.0
936.0,607.0,63.0,154.0
929.0,602.0,62.0,154.0
896.0,598.0,63.0,155.0
894.0,593.0,63.0,155.0
893.0,588.0,63.0,156.0
907.0,591.0,63.0,156.0
925.0,585.0,63.0,156.0
927.0,585.0,62.0,154.0
926.0,584.0,62.0,154.0
926.0,585.0,61.0,154.0
930.0,587.0,61.0,152.0
931.0,586.0,61.0,152.0
930.0,585.0,61.0,152.0
896.0,584.0,61.0,152.0
899.0,583.0,61.0,151.0
903.0,585.0,61.0,150.0
899.0,585.0,61.0,149.0
897.0,585.0,61.0,149.0
899.0,588.0,60.0,147.0
912.0,588.0,61.0,147.0
934.0,588.0,61.0,147.0
933.0,590.0,61.0,147.0
928.0,591.0,59.0,145.0
924.0,593.0,58.0,143.0
922.0,594.0,58.0,144.0
920.0,595.0,58.0,144.0
917.0,594.0,58.0,144.0
934.0,596.0,58.0,142.0
931.0,597.0,58.0,142.0
931.0,597.0,58.0,142.0
927.0,598.0,58.0,142.0
917.0,597.0,58.0,142.0
923.0,598.0,57.0,141.0
915.0,599.0,56.0,139.0
912.0,600.0,55.0,137.0
911.0,600.0,55.0,136.0
910.0,600.0,55.0,136.0
897.0,600.0,55.0,135.0
894.0,599.0,54.0,133.0
892.0,600.0,54.0,133.0
889.0,600.0,54.0,133.0
886.0,601.0,54.0,132.0
885.0,601.0,54.0,133.0
875.0,600.0,54.0,133.0
871.0,600.0,53.0,133.0
869.0,601.0,53.0,131.0
867.0,602.0,52.0,131.0
863.0,601.0,52.0,131.0
854.0,601.0,52.0,131.0
850.0,599.0,53.0,134.0
851.0,600.0,53.0,133.0
850.0,598.0,53.0,133.0
841.0,599.0,53.0,133.0
836.0,602.0,53.0,132.0
836.0,606.0,53.0,132.0
821.0,603.0,53.0,131.0
815.0,605.0,53.0,131.0
801.0,604.0,54.0,133.0
799.0,606.0,54.0,133.0
