658.0,135.0,40.0,89.0
658.0,136.0,40.0,88.0
656.0,136.0,40.0,88.0
656.0,137.0,39.0,86.0
655.0,138.0,39.0,86.0
654.0,138.0,39.0,86.0
654.0,139.0,39.0,86.0
654.0,140.0,40.0,88.0
655.0,141.0,40.0,88.0
656.0,142.0,40.0,88.0
656.0,143.0,40.0,88.0
658.0,144.0,40.0,88.0
659.0,145.0,40.0,88.0
660.0,145.0,40.0,88.0
661.0,146.0,40.0,88.0
662.0,145.0,40.0,88.0
662.0,147.0,40.0,88.0
663.0,148.0,40.0,88.0
663.0,149.0,40.0,88.0
663.0,150.0,40.0,88.0
663.0,151.0,40.0,88.0
662.0,153.0,40.0,88.0
662.0,154.0,40.0,88.0
660.0,154.0,40.0,88.0
660.0,156.0,40.0,88.0
659.0,157.0,40.0,88.0
659.0,157.0,40.0,88.0
659.0,159.0,40.0,88.0
658.0,159.0,40.0,88.0
658.0,160.0,40.0,88.0
657.0,161.0,40.0,88.0
657.0,161.0,40.0,88.0
656.0,162.0,40.0,88.0
655.0,162.0,40.0,88.0
655.0,163.0,40.0,88.0
655.0,164.0,40.0,88.0
655.0,164.0,39.0,86.0
655.0,166.0,38.0,85.0
655.0,167.0,38.0,85.0
655.0,168.0,38.0,85.0
656.0,171.0,38.0,85.0
656.0,171.0,38.0,85.0
655.0,172.0,38.0,85.0
655.0,173.0,38.0,85.0
656.0,174.0,38.0,85.0
656.0,175.0,38.0,85.0
655.0,177.0,38.0,85.0
655.0,177.0,38.0,85.0
655.0,177.0,39.0,87.0
655.0,177.0,39.0,87.0
655.0,177.0,39.0,87.0
655.0,177.0,39.0,87.0
655.0,178.0,39.0,87.0
654.0,180.0,39.0,87.0
654.0,180.0,39.0,87.0
654.0,180.0,40.0,88.0
653.0,181.0,40.0,88.0
653.0,182.0,40.0,88.0
652.0,182.0,40.0,88.0
652.0,183.0,40.0,88.0
652.0,183.0,40.0,88.0
652.0,184.0,40.0,89.0
651.0,186.0,40.0,89.0
651.0,187.0,40.0,89.0
649.0,188.0,40.0,89.0
649.0,188.0,40.0,89.0
648.0,189.0,40.0,89.0
647.0,189.0,40.0,89.0
647.0,190.0,40.0,89.0
647.0,192.0,40.0,88.0
647.0,193.0,40.0,88.0
647.0,194.0,40.0,88.0
647.0,195.0,40.0,88.0
648.0,195.0,40.0,88.0
648.0,196.0,40.0,88.0
650.0,197.0,40.0,88.0
650.0,198.0,40.0,88.0
651.0,198.0,40.0,88.0
651.0,199.0,40.0,88.0
651.0,199.0,40.0,89.0
652.0,200.0,40.0,89.0
652.0,199.0,40.0,90.0
653.0,200.0,40.0,90.0
653.0,199.0,41.0,92.0
654.0,201.0,41.0,92.0
654.0,201.0,41.0,92.0
655.0,203.0,41.0,92.0
656.0,204.0,41.0,92.0
656.0,204.0,42.0,93.0
657.0,205.0,42.0,93.0
658.0,205.0,42.0,93.0
658.0,205.0,42.0,93.0
658.0,206.0,42.0,93.0
658.0,205.0,42.0,93.0
659.0,205.0,42.0,93.0
660.0,205.0,42.0,93.0
660.0,203.0,42.0,93.0
661.0,203.0,42.0,93.0
661.0,203.0,42.0,93.0
661.0,204.0,42.0,93.0
663.0,205.0,41.0,92.0
665.0,207.0,40.0,90.0
667.0,208.0,40.0,90.0
667.0,208.0,40.0,90.0
668.0,209.0,40.0,90.0
670.0,209.0,40.0,90.0
671.0,210.0,40.0,90.0
673.0,209.0,39.0,90.0
674.0,210.0,39.0,92.0
674.0,209.0,40.0,92.0
673.0,209.0,40.0,92.0
672.0,209.0,40.0,92.0
671.0,209.0,40.0,92.0
669.0,209.0,40.0,93.0
668.0,209.0,40.0,93.0
666.0,210.0,40.0,94.0
664.0,210.0,40.0,94.0
662.0,210.0,40.0,94.0
660.0,210.0,40.0,94.0
659.0,211.0,40.0,95.0
657.0,211.0,40.0,95.0
656.0,210.0,40.0,95.0
653.0,210.0,40.0,95.0
650.0,210.0,41.0,96.0
648.0,209.0,41.0,96.0
644.0,208.0,40.0,95.0
640.0,207.0,40.0,95.0
635.0,207.0,40.0,94.0
630.0,208.0,40.0,94.0
625.0,207.0,40.0,93.0
619.0,209.0,39.0,92.0
614.0,208.0,39.0,93.0
608.0,208.0,39.0,93.0
603.0,209.0,40.0,93.0
598.0,210.0,40.0,92.0
592.0,210.0,41.0,92.0
589.0,210.0,41.0,92.0
585.0,210.0,41.0,92.0
581.0,209.0,41.0,92.0
576.0,209.0,41.0,92.0
571.0,209.0,41.0,92.0
565.0,208.0,41.0,92.0
560.0,208.0,41.0,92.0
555.0,208.0,41.0,92.0
550.0,207.0,41.0,92.0
544.0,208.0,41.0,92.0
539.0,208.0,41.0,92.0
535.0,209.0,41.0,92.0
530.0,209.0,41.0,92.0
526.0,209.0,41.0,92.0
522.0,209.0,41.0,92.0
519.0,208.0,41.0,92.0
516.0,207.0,41.0,92.0
513.0,206.0,41.0,92.0
512.0,206.0,41.0,92.0
510.0,205.0,41.0,92.0
508.0,204.0,41.0,92.0
507.0,204.0,41.0,92.0
507.0,204.0,41.0,92.0
505.0,204.0,41.0,92.0
504.0,203.0,41.0,92.0
502.0,203.0,41.0,92.0
502.0,203.0,41.0,92.0
500.0,203.0,41.0,92.0
500.0,203.0,41.0,92.0
500.0,202.0,41.0,92.0
502.0,202.0,41.0,92.0
504.0,202.0,41.0,92.0
506.0,202.0,41.0,92.0
507.0,201.0,41.0,92.0
506.0,201.0,41.0,92.0
507.0,199.0,41.0,92.0
509.0,198.0,40.0,90.0
510.0,198.0,40.0,90.0
511.0,197.0,40.0,90.0
512.0,197.0,40.0,90.0
512.0,197.0,40.0,90.0
512.0,198.0,40.0,90.0
513.0,198.0,40.0,90.0
513.0,197.0,41.0,92.0
513.0,197.0,42.0,93.0
513.0,196.0,42.0,93.0
514.0,196.0,42.0,93.0
515.0,195.0,42.0,93.0
516.0,194.0,42.0,94.0
517.0,193.0,42.0,95.0
517.0,192.0,42.0,96.0
518.0,192.0,42.0,95.0
519.0,191.0,42.0,94.0
520.0,191.0,42.0,93.0
520.0,190.0,42.0,93.0
521.0,190.0,42.0,93.0
522.0,189.0,42.0,93.0
523.0,189.0,42.0,93.0
523.0,189.0,42.0,93.0
525.0,189.0,42.0,93.0
525.0,189.0,42.0,93.0
525.0,188.0,42.0,93.0
525.0,186.0,42.0,93.0
524.0,186.0,42.0,93.0
524.0,186.0,42.0,93.0
524.0,185.0,41.0,92.0
521.0,185.0,41.0,92.0
517.0,184.0,41.0,92.0
514.0,182.0,41.0,92.0
510.0,181.0,42.0,93.0
505.0,180.0,42.0,93.0
500.0,180.0,42.0,93.0
495.0,180.0,42.0,93.0
490.0,180.0,42.0,93.0
485.0,181.0,42.0,93.0
479.0,181.0,43.0,95.0
472.0,180.0,43.0,96.0
466.0,179.0,44.0,98.0
460.0,179.0,44.0,98.0
454.0,180.0,44.0,98.0
448.0,180.0,44.0,98.0
443.0,180.0,44.0,98.0
437.0,179.0,44.0,98.0
431.0,179.0,44.0,98.0
427.0,178.0,44.0,98.0
422.0,178.0,44.0,98.0
417.0,178.0,44.0,98.0
414.0,179.0,43.0,96.0
411.0,178.0,43.0,96.0
408.0,178.0,43.0,96.0
405.0,178.0,43.0,96.0
404.0,179.0,43.0,96.0
403.0,179.0,43.0,96.0
401.0,179.0,43.0,96.0
400.0,179.0,43.0,96.0
399.0,178.0,43.0,96.0
398.0,177.0,43.0,96.0
398.0,176.0,43.0,96.0
398.0,176.0,43.0,96.0
398.0,175.0,43.0,96.0
397.0,174.0,43.0,96.0
397.0,173.0,43.0,96.0
396.0,173.0,43.0,96.0
396.0,172.0,43.0,96.0
395.0,171.0,43.0,96.0
394.0,171.0,43.0,96.0
393.0,171.0,43.0,96.0
394.0,170.0,43.0,96.0
394.0,170.0,43.0,96.0
394.0,169.0,43.0,96.0
394.0,168.0,43.0,96.0
394.0,167.0,43.0,96.0
394.0,167.0,43.0,95.0
394.0,167.0,42.0,93.0
393.0,165.0,42.0,93.0
393.0,164.0,42.0,93.0
391.0,163.0,43.0,95.0
391.0,162.0,43.0,95.0
391.0,162.0,43.0,95.0
391.0,162.0,43.0,95.0
392.0,161.0,43.0,95.0
392.0,161.0,43.0,95.0
393.0,160.0,43.0,95.0
394.0,159.0,43.0,95.0
395.0,160.0,43.0,95.0
395.0,159.0,43.0,95.0
396.0,159.0,42.0,93.0
397.0,158.0,41.0,92.0
399.0,157.0,41.0,92.0
400.0,155.0,41.0,92.0
400.0,154.0,41.0,92.0
401.0,153.0,41.0,92.0
401.0,152.0,41.0,92.0
402.0,150.0,41.0,92.0
402.0,149.0,41.0,92.0
404.0,149.0,41.0,92.0
405.0,149.0,41.0,92.0
405.0,149.0,41.0,92.0
406.0,149.0,41.0,92.0
406.0,148.0,41.0,92.0
407.0,147.0,41.0,92.0
407.0,148.0,41.0,92.0
407.0,147.0,41.0,92.0
407.0,146.0,41.0,92.0
407.0,146.0,41.0,92.0
406.0,146.0,41.0,92.0
404.0,144.0,42.0,93.0
401.0,144.0,43.0,95.0
399.0,145.0,43.0,95.0
396.0,145.0,43.0,95.0
392.0,146.0,43.0,96.0
388.0,147.0,43.0,96.0
384.0,147.0,43.0,96.0
379.0,148.0,43.0,96.0
375.0,149.0,43.0,95.0
370.0,151.0,42.0,93.0
365.0,152.0,42.0,93.0
359.0,153.0,42.0,93.0
354.0,155.0,41.0,92.0
348.0,156.0,41.0,92.0
343.0,158.0,40.0,90.0
337.0,159.0,40.0,90.0
333.0,161.0,39.0,88.0
329.0,163.0,39.0,87.0
324.0,165.0,37.0,84.0
319.0,166.0,37.0,83.0
315.0,168.0,36.0,82.0
310.0,168.0,36.0,80.0
306.0,171.0,36.0,79.0
302.0,174.0,35.0,78.0
298.0,176.0,34.0,77.0
295.0,177.0,34.0,76.0
294.0,178.0,34.0,76.0
291.0,179.0,33.0,74.0
289.0,179.0,33.0,73.0
288.0,181.0,33.0,71.0
288.0,182.0,32.0,69.0
288.0,182.0,31.0,68.0
287.0,180.0,31.0,68.0
286.0,181.0,31.0,68.0
286.0,179.0,31.0,68.0
287.0,178.0,31.0,68.0
288.0,178.0,31.0,68.0
290.0,178.0,31.0,68.0
291.0,177.0,31.0,68.0
294.0,178.0,31.0,68.0
295.0,178.0,31.0,68.0
297.0,177.0,31.0,68.0
299.0,178.0,31.0,68.0
302.0,176.0,31.0,66.0
304.0,176.0,30.0,65.0
307.0,176.0,29.0,63.0
309.0,175.0,29.0,63.0
310.0,175.0,29.0,62.0
313.0,175.0,28.0,61.0
315.0,174.0,28.0,62.0
317.0,174.0,28.0,63.0
319.0,173.0,29.0,64.0
321.0,173.0,28.0,64.0
322.0,173.0,28.0,64.0
323.0,173.0,28.0,64.0
325.0,174.0,28.0,63.0
328.0,174.0,28.0,64.0
329.0,174.0,28.0,62.0
330.0,174.0,28.0,62.0
332.0,175.0,28.0,61.0
333.0,175.0,28.0,61.0
nan,nan,nan,nan
nan,nan,nan,nan
nan,nan,nan,nan
nan,nan,nan,nan
nan,nan,nan,nan
nan,nan,nan,nan
nan,nan,nan,nan
nan,nan,nan,nan
nan,nan,nan,nan
nan,nan,nan,nan
nan,nan,nan,nan
nan,nan,nan,nan
nan,nan,nan,nan
nan,nan,nan,nan
nan,nan,nan,nan
nan,nan,nan,nan
nan,nan,nan,nan
nan,nan,nan,nan
nan,nan,nan,nan
nan,nan,nan,nan
nan,nan,nan,nan
nan,nan,nan,nan
nan,nan,nan,nan
nan,nan,nan,nan
nan,nan,nan,nan
nan,nan,nan,nan
311.0,172.0,35.0,74.0
307.0,173.0,36.0,75.0
303.0,176.0,36.0,76.0
301.0,177.0,36.0,76.0
304.0,162.0,37.0,78.0
301.0,162.0,38.0,79.0
297.0,162.0,38.0,79.0
294.0,163.0,38.0,79.0
291.0,164.0,38.0,79.0
288.0,164.0,38.0,80.0
286.0,163.0,38.0,84.0
283.0,165.0,39.0,86.0
290.0,146.0,38.0,87.0
289.0,147.0,38.0,87.0
287.0,150.0,38.0,87.0
286.0,152.0,38.0,88.0
285.0,154.0,39.0,89.0
285.0,157.0,39.0,88.0
284.0,160.0,39.0,87.0
285.0,162.0,39.0,88.0
285.0,163.0,39.0,89.0
286.0,165.0,39.0,90.0
286.0,165.0,39.0,90.0
286.0,167.0,39.0,90.0
286.0,167.0,40.0,92.0
287.0,168.0,40.0,92.0
287.0,168.0,41.0,93.0
289.0,168.0,41.0,93.0
292.0,172.0,41.0,93.0
293.0,171.0,42.0,95.0
298.0,175.0,41.0,93.0
301.0,175.0,41.0,93.0
304.0,177.0,41.0,93.0
308.0,178.0,41.0,93.0
312.0,179.0,41.0,93.0
316.0,178.0,41.0,93.0
321.0,179.0,41.0,93.0
323.0,178.0,41.0,93.0
327.0,179.0,41.0,93.0
330.0,179.0,41.0,93.0
333.0,180.0,41.0,93.0
337.0,179.0,42.0,95.0
339.0,180.0,42.0,95.0
343.0,181.0,42.0,95.0
347.0,183.0,42.0,95.0
351.0,183.0,42.0,96.0
354.0,183.0,43.0,98.0
358.0,183.0,44.0,99.0
362.0,184.0,45.0,101.0
365.0,184.0,45.0,101.0
368.0,184.0,45.0,102.0
372.0,185.0,45.0,102.0
376.0,185.0,45.0,102.0
379.0,185.0,45.0,102.0
383.0,186.0,45.0,102.0
387.0,185.0,45.0,102.0
390.0,186.0,45.0,102.0
394.0,185.0,45.0,102.0
398.0,185.0,45.0,102.0
402.0,186.0,45.0,102.0
406.0,186.0,45.0,102.0
410.0,187.0,45.0,102.0
414.0,189.0,45.0,101.0
419.0,192.0,44.0,99.0
423.0,194.0,43.0,98.0
428.0,195.0,43.0,98.0
432.0,196.0,43.0,98.0
437.0,196.0,43.0,98.0
441.0,196.0,43.0,98.0
445.0,196.0,43.0,98.0
449.0,197.0,43.0,98.0
453.0,196.0,43.0,98.0
457.0,196.0,43.0,98.0
459.0,195.0,43.0,98.0
462.0,195.0,43.0,98.0
463.0,193.0,43.0,98.0
466.0,192.0,43.0,98.0
468.0,193.0,43.0,98.0
472.0,193.0,44.0,99.0
474.0,192.0,44.0,99.0
475.0,191.0,44.0,99.0
478.0,192.0,44.0,99.0
480.0,191.0,44.0,99.0
484.0,192.0,44.0,99.0
487.0,192.0,44.0,99.0
490.0,191.0,44.0,99.0
493.0,192.0,44.0,99.0
496.0,190.0,44.0,99.0
499.0,190.0,44.0,99.0
503.0,188.0,44.0,99.0
506.0,188.0,43.0,98.0
510.0,187.0,42.0,96.0
512.0,185.0,42.0,96.0
516.0,184.0,42.0,96.0
519.0,184.0,42.0,96.0
523.0,183.0,42.0,96.0
526.0,181.0,42.0,96.0
529.0,181.0,42.0,96.0
533.0,177.0,42.0,96.0
536.0,176.0,42.0,96.0
539.0,174.0,42.0,96.0
542.0,172.0,42.0,96.0
545.0,171.0,42.0,96.0
549.0,169.0,42.0,96.0
552.0,168.0,42.0,96.0
556.0,166.0,42.0,96.0
559.0,165.0,42.0,96.0
563.0,164.0,42.0,96.0
566.0,164.0,42.0,96.0
570.0,164.0,42.0,96.0
574.0,164.0,42.0,96.0
578.0,164.0,42.0,96.0
582.0,164.0,42.0,96.0
587.0,163.0,42.0,96.0
591.0,163.0,42.0,96.0
596.0,162.0,42.0,96.0
600.0,161.0,42.0,96.0
603.0,160.0,42.0,96.0
608.0,158.0,42.0,96.0
610.0,157.0,42.0,96.0
614.0,156.0,42.0,96.0
617.0,154.0,42.0,96.0
621.0,154.0,42.0,96.0
625.0,153.0,42.0,95.0
629.0,153.0,41.0,93.0
632.0,153.0,41.0,93.0
635.0,153.0,41.0,93.0
639.0,152.0,41.0,93.0
643.0,153.0,40.0,92.0
645.0,151.0,40.0,92.0
649.0,151.0,40.0,92.0
652.0,150.0,40.0,92.0
656.0,150.0,39.0,90.0
660.0,151.0,39.0,89.0
663.0,150.0,39.0,89.0
665.0,148.0,39.0,89.0
668.0,147.0,39.0,89.0
671.0,146.0,39.0,89.0
673.0,145.0,39.0,89.0
674.0,145.0,39.0,89.0
675.0,144.0,39.0,89.0
675.0,145.0,39.0,89.0
675.0,145.0,39.0,89.0
673.0,145.0,39.0,89.0
672.0,146.0,39.0,89.0
670.0,146.0,39.0,89.0
667.0,145.0,39.0,89.0
666.0,145.0,39.0,89.0
661.0,144.0,39.0,89.0
659.0,143.0,39.0,89.0
655.0,142.0,39.0,89.0
652.0,141.0,39.0,89.0
648.0,140.0,39.0,89.0
644.0,139.0,39.0,89.0
640.0,138.0,39.0,89.0
636.0,138.0,39.0,89.0
631.0,136.0,39.0,89.0
629.0,136.0,39.0,89.0
625.0,136.0,39.0,89.0
623.0,136.0,39.0,89.0
620.0,136.0,39.0,89.0
618.0,135.0,39.0,89.0
617.0,135.0,39.0,89.0
617.0,134.0,39.0,89.0
616.0,133.0,39.0,89.0
616.0,131.0,39.0,89.0
617.0,131.0,38.0,90.0
620.0,131.0,38.0,90.0
622.0,130.0,37.0,91.0
624.0,130.0,37.0,91.0
627.0,130.0,37.0,91.0
630.0,131.0,37.0,91.0
634.0,131.0,37.0,91.0
637.0,131.0,37.0,91.0
640.0,131.0,37.0,91.0
644.0,131.0,37.0,91.0
647.0,132.0,37.0,91.0
651.0,131.0,37.0,91.0
655.0,132.0,38.0,91.0
659.0,132.0,38.0,91.0
662.0,132.0,38.0,91.0
666.0,131.0,38.0,91.0
669.0,130.0,38.0,91.0
672.0,128.0,37.0,91.0
676.0,129.0,37.0,91.0
679.0,128.0,37.0,91.0
682.0,129.0,37.0,91.0
686.0,129.0,37.0,91.0
689.0,129.0,37.0,91.0
693.0,129.0,37.0,91.0
696.0,129.0,37.0,91.0
700.0,128.0,37.0,91.0
703.0,129.0,37.0,91.0
707.0,128.0,37.0,91.0
711.0,128.0,37.0,91.0
714.0,128.0,37.0,91.0
718.0,126.0,37.0,91.0
721.0,126.0,37.0,91.0
724.0,125.0,37.0,91.0
728.0,125.0,37.0,91.0
732.0,124.0,37.0,91.0
735.0,124.0,37.0,91.0
738.0,125.0,37.0,91.0
742.0,124.0,38.0,93.0
745.0,123.0,39.0,94.0
749.0,123.0,39.0,94.0
752.0,123.0,39.0,94.0
757.0,123.0,39.0,94.0
761.0,124.0,39.0,94.0
765.0,124.0,39.0,94.0
769.0,125.0,39.0,94.0
773.0,124.0,39.0,94.0
775.0,124.0,39.0,94.0
779.0,123.0,39.0,94.0
783.0,123.0,39.0,94.0
787.0,122.0,39.0,94.0
791.0,122.0,39.0,94.0
794.0,121.0,39.0,94.0
797.0,121.0,39.0,94.0
801.0,121.0,39.0,94.0
804.0,120.0,39.0,94.0
808.0,120.0,39.0,94.0
811.0,120.0,39.0,94.0
815.0,120.0,39.0,94.0
818.0,119.0,39.0,94.0
822.0,119.0,39.0,94.0
825.0,119.0,39.0,94.0
829.0,118.0,39.0,94.0
831.0,118.0,39.0,94.0
835.0,117.0,39.0,94.0
838.0,116.0,39.0,94.0
841.0,114.0,40.0,96.0
845.0,113.0,40.0,96.0
848.0,114.0,40.0,96.0
851.0,113.0,40.0,96.0
855.0,113.0,40.0,96.0
857.0,114.0,40.0,96.0
860.0,113.0,40.0,97.0
863.0,112.0,41.0,99.0
867.0,113.0,41.0,99.0
869.0,113.0,41.0,99.0
873.0,113.0,40.0,97.0
876.0,113.0,40.0,97.0
879.0,113.0,40.0,96.0
881.0,114.0,40.0,96.0
885.0,114.0,40.0,96.0
887.0,116.0,39.0,94.0
889.0,116.0,39.0,92.0
891.0,115.0,39.0,91.0
894.0,116.0,39.0,89.0
897.0,116.0,39.0,90.0
900.0,116.0,39.0,90.0
902.0,119.0,38.0,89.0
904.0,121.0,38.0,88.0
906.0,123.0,37.0,86.0
908.0,126.0,38.0,86.0
904.0,160.0,37.0,84.0
907.0,161.0,37.0,83.0
910.0,164.0,37.0,81.0
912.0,168.0,37.0,80.0
915.0,173.0,37.0,78.0
915.0,175.0,37.0,76.0
915.0,177.0,37.0,75.0
916.0,179.0,37.0,75.0
918.0,180.0,37.0,74.0
920.0,180.0,37.0,74.0
921.0,180.0,37.0,75.0
920.0,181.0,37.0,75.0
nan,nan,nan,nan
nan,nan,nan,nan
nan,nan,nan,nan
nan,nan,nan,nan
nan,nan,nan,nan
nan,nan,nan,nan
nan,nan,nan,nan
nan,nan,nan,nan
nan,nan,nan,nan
nan,nan,nan,nan
nan,nan,nan,nan
nan,nan,nan,nan
nan,nan,nan,nan
nan,nan,nan,nan
nan,nan,nan,nan
nan,nan,nan,nan
nan,nan,nan,nan
nan,nan,nan,nan
nan,nan,nan,nan
nan,nan,nan,nan
nan,nan,nan,nan
nan,nan,nan,nan
nan,nan,nan,nan
nan,nan,nan,nan
nan,nan,nan,nan
nan,nan,nan,nan
nan,nan,nan,nan
nan,nan,nan,nan
nan,nan,nan,nan
nan,nan,nan,nan
nan,nan,nan,nan
nan,nan,nan,nan
nan,nan,nan,nan
nan,nan,nan,nan
nan,nan,nan,nan
nan,nan,nan,nan
nan,nan,nan,nan
nan,nan,nan,nan
nan,nan,nan,nan
nan,nan,nan,nan
nan,nan,nan,nan
nan,nan,nan,nan
nan,nan,nan,nan
nan,nan,nan,nan
nan,nan,nan,nan
nan,nan,nan,nan
nan,nan,nan,nan
991.0,213.0,34.0,70.0
992.0,213.0,34.0,71.0
992.0,214.0,33.0,72.0
993.0,214.0,33.0,73.0
992.0,215.0,34.0,73.0
991.0,217.0,35.0,73.0
990.0,219.0,36.0,72.0
990.0,220.0,36.0,72.0
990.0,220.0,37.0,73.0
990.0,220.0,38.0,73.0
991.0,219.0,37.0,75.0
992.0,217.0,36.0,76.0
993.0,216.0,36.0,77.0
994.0,217.0,36.0,77.0
994.0,217.0,36.0,78.0
995.0,217.0,36.0,78.0
994.0,218.0,36.0,77.0
994.0,220.0,36.0,77.0
994.0,220.0,36.0,77.0
994.0,220.0,36.0,79.0
995.0,219.0,36.0,80.0
995.0,219.0,36.0,82.0
994.0,219.0,36.0,82.0
994.0,219.0,36.0,83.0
994.0,220.0,36.0,84.0
995.0,220.0,36.0,84.0
995.0,220.0,36.0,84.0
996.0,221.0,36.0,84.0
995.0,221.0,36.0,84.0
995.0,222.0,36.0,85.0
994.0,223.0,36.0,83.0
994.0,222.0,36.0,85.0
993.0,223.0,36.0,85.0
994.0,224.0,36.0,86.0
994.0,225.0,36.0,84.0
993.0,225.0,36.0,84.0
992.0,226.0,36.0,84.0
992.0,226.0,36.0,84.0
992.0,227.0,36.0,84.0
992.0,228.0,36.0,84.0
992.0,229.0,35.0,83.0
991.0,229.0,35.0,83.0
991.0,230.0,35.0,83.0
991.0,230.0,35.0,83.0
991.0,232.0,34.0,82.0
992.0,232.0,34.0,82.0
991.0,232.0,35.0,83.0
990.0,232.0,35.0,83.0
990.0,233.0,34.0,82.0
990.0,233.0,34.0,82.0
991.0,234.0,34.0,82.0
991.0,234.0,34.0,82.0
990.0,234.0,34.0,82.0
990.0,235.0,34.0,82.0
991.0,234.0,35.0,83.0
991.0,235.0,35.0,83.0
990.0,236.0,35.0,83.0
990.0,237.0,34.0,82.0
991.0,237.0,35.0,83.0
993.0,237.0,35.0,83.0
993.0,239.0,34.0,82.0
992.0,239.0,34.0,82.0
992.0,240.0,34.0,82.0
992.0,240.0,34.0,82.0
992.0,242.0,34.0,82.0
992.0,242.0,34.0,82.0
993.0,244.0,34.0,82.0
993.0,244.0,34.0,82.0
993.0,244.0,34.0,82.0
993.0,245.0,34.0,82.0
993.0,245.0,34.0,82.0
993.0,246.0,34.0,82.0
994.0,246.0,34.0,82.0
994.0,247.0,35.0,83.0
994.0,248.0,34.0,82.0
996.0,249.0,35.0,82.0
996.0,249.0,35.0,83.0
995.0,249.0,35.0,83.0
996.0,250.0,34.0,82.0
997.0,250.0,35.0,83.0
997.0,250.0,35.0,83.0
997.0,251.0,35.0,83.0
998.0,252.0,35.0,83.0
998.0,252.0,35.0,83.0
998.0,252.0,35.0,83.0
998.0,253.0,35.0,83.0
999.0,254.0,35.0,83.0
998.0,254.0,35.0,83.0
998.0,255.0,35.0,83.0
998.0,257.0,35.0,83.0
998.0,257.0,35.0,83.0
997.0,258.0,35.0,83.0
997.0,257.0,36.0,84.0
996.0,257.0,36.0,84.0
996.0,258.0,35.0,83.0
997.0,258.0,35.0,83.0
997.0,259.0,35.0,83.0
997.0,260.0,35.0,83.0
996.0,260.0,35.0,83.0
995.0,261.0,35.0,83.0
995.0,262.0,35.0,82.0
995.0,263.0,35.0,82.0
994.0,265.0,36.0,81.0
995.0,266.0,36.0,81.0
994.0,267.0,35.0,80.0
995.0,267.0,35.0,80.0
994.0,267.0,35.0,80.0
993.0,268.0,35.0,80.0
993.0,267.0,36.0,81.0
992.0,267.0,36.0,81.0
993.0,269.0,35.0,80.0
992.0,270.0,35.0,80.0
992.0,271.0,35.0,80.0
991.0,271.0,36.0,81.0
990.0,273.0,35.0,80.0
990.0,273.0,36.0,81.0
989.0,273.0,36.0,81.0
989.0,273.0,36.0,81.0
988.0,274.0,36.0,81.0
987.0,274.0,36.0,81.0
986.0,274.0,36.0,81.0
986.0,275.0,36.0,81.0
985.0,275.0,36.0,81.0
985.0,276.0,35.0,80.0
984.0,277.0,35.0,80.0
983.0,277.0,35.0,80.0
981.0,277.0,35.0,80.0
980.0,277.0,36.0,81.0
980.0,278.0,35.0,80.0
979.0,279.0,35.0,80.0
978.0,279.0,35.0,80.0
978.0,278.0,35.0,80.0
977.0,278.0,35.0,80.0
976.0,278.0,35.0,80.0
976.0,279.0,35.0,80.0
976.0,279.0,35.0,80.0
976.0,281.0,35.0,81.0
976.0,281.0,35.0,81.0
976.0,282.0,35.0,81.0
975.0,282.0,35.0,81.0
976.0,283.0,35.0,81.0
976.0,283.0,35.0,80.0
976.0,282.0,36.0,81.0
975.0,284.0,35.0,80.0
975.0,285.0,35.0,80.0
976.0,285.0,35.0,80.0
976.0,285.0,35.0,80.0
977.0,285.0,35.0,80.0
976.0,285.0,36.0,81.0
976.0,285.0,36.0,81.0
975.0,286.0,35.0,80.0
975.0,286.0,35.0,80.0
976.0,286.0,35.0,80.0
976.0,286.0,35.0,80.0
976.0,287.0,35.0,80.0
975.0,289.0,35.0,80.0
975.0,289.0,35.0,80.0
975.0,289.0,35.0,80.0
974.0,290.0,35.0,80.0
975.0,289.0,36.0,81.0
974.0,289.0,36.0,81.0
975.0,289.0,36.0,81.0
974.0,290.0,35.0,80.0
974.0,290.0,35.0,80.0
973.0,290.0,35.0,80.0
974.0,290.0,35.0,80.0
974.0,290.0,35.0,80.0
974.0,289.0,35.0,80.0
975.0,289.0,35.0,80.0
974.0,290.0,34.0,79.0
973.0,290.0,35.0,80.0
972.0,291.0,35.0,80.0
972.0,291.0,35.0,80.0
973.0,290.0,35.0,80.0
973.0,290.0,36.0,81.0
972.0,291.0,35.0,80.0
971.0,292.0,34.0,79.0
971.0,292.0,34.0,79.0
970.0,292.0,34.0,79.0
970.0,292.0,34.0,79.0
971.0,291.0,34.0,79.0
971.0,291.0,34.0,79.0
971.0,291.0,34.0,79.0
971.0,291.0,34.0,79.0
971.0,289.0,35.0,80.0
971.0,289.0,35.0,80.0
971.0,289.0,35.0,80.0
971.0,289.0,35.0,80.0
970.0,289.0,35.0,80.0
969.0,290.0,34.0,79.0
968.0,291.0,34.0,79.0
968.0,291.0,34.0,79.0
968.0,292.0,34.0,79.0
967.0,291.0,34.0,79.0
967.0,291.0,34.0,78.0
967.0,290.0,34.0,78.0
967.0,290.0,34.0,78.0
967.0,288.0,34.0,79.0
967.0,287.0,34.0,79.0
967.0,287.0,34.0,79.0
967.0,286.0,34.0,79.0
967.0,285.0,34.0,79.0
967.0,284.0,34.0,79.0
967.0,284.0,34.0,79.0
967.0,282.0,34.0,79.0
967.0,281.0,34.0,79.0
967.0,281.0,34.0,78.0
967.0,280.0,34.0,78.0
967.0,281.0,34.0,78.0
966.0,281.0,33.0,77.0
966.0,281.0,33.0,77.0
966.0,281.0,34.0,78.0
966.0,280.0,34.0,79.0
967.0,279.0,34.0,79.0
966.0,278.0,34.0,79.0
965.0,277.0,34.0,79.0
965.0,276.0,34.0,78.0
965.0,275.0,34.0,78.0
965.0,275.0,33.0,77.0
965.0,275.0,33.0,77.0
964.0,273.0,34.0,78.0
963.0,273.0,34.0,78.0
964.0,272.0,34.0,78.0
963.0,273.0,33.0,77.0
963.0,274.0,33.0,77.0
962.0,274.0,33.0,77.0
962.0,273.0,33.0,77.0
962.0,272.0,34.0,78.0
961.0,272.0,34.0,78.0
961.0,272.0,33.0,77.0
961.0,271.0,33.0,77.0
961.0,272.0,33.0,77.0
961.0,271.0,33.0,77.0
960.0,270.0,33.0,77.0
960.0,270.0,33.0,77.0
959.0,269.0,34.0,78.0
959.0,269.0,34.0,78.0
959.0,268.0,34.0,78.0
959.0,269.0,33.0,77.0
959.0,269.0,33.0,77.0
959.0,269.0,33.0,76.0
958.0,269.0,33.0,76.0
958.0,268.0,33.0,76.0
958.0,267.0,33.0,77.0
958.0,267.0,33.0,77.0
957.0,267.0,33.0,77.0
957.0,267.0,33.0,77.0
957.0,268.0,33.0,76.0
957.0,268.0,33.0,76.0
957.0,269.0,33.0,76.0
955.0,268.0,33.0,76.0
954.0,266.0,33.0,77.0
953.0,265.0,33.0,76.0
952.0,265.0,33.0,77.0
952.0,265.0,33.0,77.0
951.0,265.0,33.0,77.0
950.0,265.0,33.0,76.0
948.0,265.0,33.0,76.0
947.0,265.0,33.0,74.0
946.0,265.0,33.0,76.0
946.0,265.0,33.0,74.0
945.0,264.0,33.0,76.0
943.0,265.0,33.0,74.0
942.0,266.0,33.0,74.0
940.0,267.0,33.0,76.0
938.0,266.0,33.0,74.0
938.0,266.0,33.0,74.0
937.0,265.0,33.0,74.0
935.0,265.0,33.0,74.0
934.0,265.0,33.0,74.0
933.0,264.0,33.0,76.0
931.0,263.0,33.0,74.0
930.0,263.0,33.0,74.0
930.0,262.0,32.0,74.0
929.0,261.0,33.0,74.0
927.0,260.0,32.0,74.0
927.0,261.0,31.0,72.0
923.0,261.0,31.0,71.0
921.0,261.0,31.0,72.0
918.0,259.0,31.0,72.0
915.0,261.0,31.0,71.0
913.0,259.0,31.0,71.0
910.0,258.0,31.0,72.0
908.0,258.0,31.0,71.0
905.0,256.0,31.0,71.0
903.0,254.0,31.0,71.0
900.0,254.0,31.0,71.0
897.0,253.0,30.0,71.0
895.0,252.0,30.0,71.0
892.0,251.0,30.0,71.0
892.0,250.0,30.0,71.0
889.0,249.0,30.0,69.0
888.0,247.0,31.0,71.0
885.0,248.0,30.0,71.0
883.0,248.0,30.0,71.0
882.0,246.0,31.0,71.0
880.0,245.0,30.0,71.0
880.0,245.0,30.0,69.0
878.0,244.0,30.0,69.0
875.0,242.0,30.0,71.0
873.0,241.0,30.0,71.0
872.0,240.0,30.0,69.0
872.0,239.0,30.0,69.0
870.0,237.0,30.0,71.0
870.0,236.0,30.0,69.0
868.0,235.0,30.0,68.0
868.0,235.0,30.0,68.0
866.0,233.0,29.0,68.0
864.0,233.0,29.0,68.0
862.0,230.0,30.0,68.0
861.0,229.0,29.0,68.0
860.0,229.0,29.0,68.0
858.0,227.0,29.0,67.0
857.0,227.0,29.0,68.0
856.0,224.0,29.0,67.0
854.0,224.0,28.0,66.0
853.0,222.0,28.0,66.0
851.0,220.0,28.0,66.0
850.0,220.0,28.0,65.0
848.0,218.0,28.0,65.0
847.0,216.0,28.0,65.0
845.0,216.0,28.0,65.0
844.0,214.0,28.0,66.0
842.0,212.0,28.0,65.0
841.0,212.0,28.0,65.0
839.0,209.0,27.0,64.0
836.0,207.0,28.0,65.0
834.0,205.0,28.0,65.0
834.0,204.0,28.0,65.0
835.0,203.0,28.0,66.0
835.0,202.0,28.0,65.0
835.0,201.0,28.0,65.0
833.0,199.0,27.0,64.0
833.0,199.0,27.0,64.0
832.0,196.0,27.0,63.0
831.0,196.0,27.0,63.0
831.0,193.0,27.0,62.0
