498.0,295.0,28.0,34.0
493.0,296.0,28.0,33.0
490.0,297.0,28.0,33.0
485.0,297.0,28.0,33.0
480.0,298.0,28.0,33.0
475.0,300.0,28.0,34.0
473.0,301.0,28.0,34.0
59.0,38.0,3.0,3.0
471.0,300.0,32.0,38.0
471.0,301.0,32.0,38.0
472.0,302.0,31.0,38.0
472.0,303.0,31.0,38.0
474.0,304.0,31.0,38.0
477.0,306.0,31.0,38.0
482.0,307.0,31.0,38.0
486.0,308.0,32.0,37.0
491.0,309.0,31.0,37.0
497.0,311.0,31.0,37.0
503.0,312.0,32.0,37.0
509.0,314.0,32.0,37.0
515.0,316.0,31.0,38.0
521.0,318.0,31.0,38.0
528.0,319.0,31.0,38.0
534.0,321.0,31.0,38.0
541.0,323.0,31.0,38.0
69.0,41.0,2.0,3.0
550.0,324.0,31.0,38.0
560.0,326.0,31.0,38.0
73.0,42.0,2.0,3.0
573.0,328.0,31.0,38.0
76.0,43.0,2.0,4.0
584.0,330.0,31.0,38.0
81.0,43.0,2.0,4.0
595.0,330.0,31.0,39.0
85.0,43.0,3.0,5.0
603.0,330.0,31.0,40.0
89.0,44.0,2.0,5.0
610.0,328.0,31.0,39.0
92.0,44.0,2.0,4.0
614.0,326.0,32.0,39.0
96.0,44.0,3.0,5.0
616.0,322.0,33.0,39.0
616.0,322.0,33.0,39.0
99.0,44.0,6.0,4.0
617.0,324.0,35.0,38.0
102.0,44.0,7.0,3.0
616.0,325.0,35.0,38.0
617.0,325.0,35.0,38.0
106.0,45.0,7.0,3.0
621.0,325.0,36.0,37.0
622.0,325.0,36.0,38.0
109.0,45.0,7.0,3.0
622.0,326.0,35.0,38.0
111.0,46.0,7.0,3.0
620.0,326.0,36.0,38.0
622.0,327.0,35.0,38.0
622.0,327.0,35.0,38.0
623.0,328.0,35.0,38.0
624.0,329.0,35.0,38.0
625.0,330.0,35.0,38.0
116.0,51.0,6.0,4.0
625.0,331.0,34.0,39.0
626.0,331.0,36.0,40.0
118.0,54.0,6.0,5.0
627.0,334.0,35.0,40.0
118.0,57.0,6.0,6.0
625.0,336.0,35.0,41.0
626.0,337.0,34.0,42.0
626.0,338.0,34.0,43.0
119.0,62.0,5.0,9.0
625.0,340.0,32.0,44.0
120.0,66.0,3.0,9.0
621.0,343.0,32.0,44.0
119.0,70.0,4.0,10.0
615.0,345.0,33.0,45.0
118.0,75.0,4.0,10.0
