570.0, 175.0, 35.0, 54.0
570.0, 175.0, 35.0, 54.0
570.0, 176.0, 35.0, 54.0
569.0, 176.0, 35.69999933242798, 55.07999897003174
569.0, 176.0, 35.69999933242798, 55.07999897003174
569.0, 176.0, 35.69999933242798, 55.07999897003174
568.0, 176.0, 36.41399863815309, 56.181597898864766
568.0, 176.0, 37.14227791637425, 57.305228785263125
568.0, 175.0, 37.14227791637425, 57.305228785263125
568.0, 176.0, 37.14227791637425, 57.305228785263125
568.0, 175.0, 37.14227791637425, 57.305228785263125
568.0, 175.0, 37.14227791637425, 57.305228785263125
568.0, 176.0, 37.14227791637425, 57.305228785263125
568.0, 176.0, 37.14227791637425, 57.305228785263125
568.0, 176.0, 37.14227791637425, 57.305228785263125
569.0, 176.0, 37.14227791637425, 57.305228785263125
568.0, 176.0, 37.14227791637425, 57.305228785263125
569.0, 177.0, 36.41399800063852, 56.18159691527086
570.0, 178.0, 36.41399800063852, 56.18159691527086
570.0, 179.0, 36.41399800063852, 56.18159691527086
570.0, 179.0, 36.41399800063852, 56.18159691527086
570.0, 179.0, 36.41399800063852, 56.18159691527086
571.0, 179.0, 36.41399800063852, 56.18159691527086
572.0, 179.0, 36.41399800063852, 56.18159691527086
573.0, 180.0, 36.41399800063852, 56.18159691527086
574.0, 180.0, 36.41399800063852, 56.18159691527086
574.0, 180.0, 36.41399800063852, 56.18159691527086
575.0, 180.0, 36.41399800063852, 56.18159691527086
576.0, 180.0, 36.41399800063852, 56.18159691527086
576.0, 180.0, 36.41399800063852, 56.18159691527086
576.0, 180.0, 36.41399800063852, 56.18159691527086
577.0, 180.0, 36.41399800063852, 56.18159691527086
577.0, 181.0, 36.41399800063852, 56.18159691527086
578.0, 181.0, 36.41399800063852, 56.18159691527086
579.0, 181.0, 36.41399800063852, 56.18159691527086
580.0, 182.0, 36.41399800063852, 56.18159691527086
580.0, 181.0, 37.142277266109396, 57.30522778199736
581.0, 182.0, 37.142277266109396, 57.30522778199736
582.0, 182.0, 37.142277266109396, 57.30522778199736
583.0, 183.0, 37.142277266109396, 57.30522778199736
583.0, 184.0, 37.142277266109396, 57.30522778199736
585.0, 183.0, 37.142277266109396, 57.30522778199736
584.0, 183.0, 37.88512210299887, 58.45133124462683
585.0, 183.0, 37.88512210299887, 58.45133124462683
586.0, 183.0, 37.88512210299887, 58.45133124462683
587.0, 183.0, 37.88512210299887, 58.45133124462683
589.0, 183.0, 37.142276615844565, 57.305226778731615
589.0, 183.0, 37.142276615844565, 57.305226778731615
590.0, 183.0, 37.142276615844565, 57.305226778731615
592.0, 184.0, 36.41399672560942, 56.18159494808311
592.0, 184.0, 36.41399672560942, 56.18159494808311
594.0, 184.0, 36.41399672560942, 56.18159494808311
595.0, 185.0, 36.41399672560942, 56.18159494808311
595.0, 186.0, 36.41399672560942, 56.18159494808311
597.0, 187.0, 36.41399672560942, 56.18159494808311
599.0, 187.0, 36.41399672560942, 56.18159494808311
600.0, 189.0, 35.69999683237087, 55.07999511280077
602.0, 189.0, 34.99999693620449, 53.99999527300122
603.0, 190.0, 34.99999693620449, 53.99999527300122
606.0, 190.0, 34.99999693620449, 53.99999527300122
607.0, 190.0, 34.313722527380136, 52.9411718993865
609.0, 191.0, 33.64090447871106, 51.903109767154206
611.0, 192.0, 33.64090447871106, 51.903109767154206
612.0, 192.0, 32.981278940013866, 50.88540179316425
614.0, 192.0, 32.981278940013866, 50.88540179316425
615.0, 192.0, 32.981278940013866, 50.88540179316425
616.0, 192.0, 32.981278940013866, 50.88540179316425
617.0, 193.0, 32.981278940013866, 50.88540179316425
619.0, 194.0, 32.981278940013866, 50.88540179316425
620.0, 194.0, 32.981278940013866, 50.88540179316425
621.0, 195.0, 32.981278940013866, 50.88540179316425
623.0, 196.0, 32.981278940013866, 50.88540179316425
624.0, 196.0, 32.981278940013866, 50.88540179316425
625.0, 197.0, 32.981278940013866, 50.88540179316425
626.0, 198.0, 32.981278940013866, 50.88540179316425
629.0, 199.0, 32.981278940013866, 50.88540179316425
629.0, 200.0, 32.981278940013866, 50.88540179316425
632.0, 200.0, 32.981278940013866, 50.88540179316425
633.0, 200.0, 32.981278940013866, 50.88540179316425
633.0, 200.0, 32.981278940013866, 50.88540179316425
636.0, 201.0, 32.981278940013866, 50.88540179316425
636.0, 201.0, 32.981278940013866, 50.88540179316425
638.0, 201.0, 32.981278940013866, 50.88540179316425
638.0, 202.0, 32.981278940013866, 50.88540179316425
640.0, 202.0, 32.981278940013866, 50.88540179316425
641.0, 203.0, 33.64090388974617, 51.903108858465515
642.0, 204.0, 33.64090388974617, 51.903108858465515
643.0, 205.0, 33.64090388974617, 51.903108858465515
644.0, 205.0, 34.31372132589177, 52.941170045661586
645.0, 206.0, 34.31372132589177, 52.941170045661586
646.0, 208.0, 34.31372132589177, 52.941170045661586
648.0, 208.0, 34.31372132589177, 52.941170045661586
649.0, 209.0, 34.31372132589177, 52.941170045661586
651.0, 211.0, 34.31372132589177, 52.941170045661586
652.0, 212.0, 34.31372132589177, 52.941170045661586
655.0, 212.0, 34.31372132589177, 52.941170045661586
656.0, 213.0, 34.99999509792731, 53.99999243680214
657.0, 214.0, 34.99999509792731, 53.99999243680214
659.0, 215.0, 34.99999509792731, 53.99999243680214
661.0, 216.0, 34.99999509792731, 53.99999243680214
661.0, 217.0, 34.99999509792731, 53.99999243680214
664.0, 218.0, 34.99999509792731, 53.99999243680214
664.0, 218.0, 34.99999509792731, 53.99999243680214
666.0, 219.0, 34.99999509792731, 53.99999243680214
667.0, 220.0, 34.99999509792731, 53.99999243680214
669.0, 221.0, 34.99999509792731, 53.99999243680214
669.0, 222.0, 34.99999509792731, 53.99999243680214
672.0, 224.0, 34.313720725147604, 52.94116911879916
672.0, 225.0, 34.313720725147604, 52.94116911879916
674.0, 226.0, 34.313720725147604, 52.94116911879916
676.0, 227.0, 34.313720725147604, 52.94116911879916
678.0, 228.0, 34.313720725147604, 52.94116911879916
679.0, 229.0, 34.313720725147604, 52.94116911879916
682.0, 230.0, 34.313720725147604, 52.94116911879916
683.0, 231.0, 34.313720725147604, 52.94116911879916
686.0, 232.0, 34.313720725147604, 52.94116911879916
687.0, 232.0, 34.313720725147604, 52.94116911879916
689.0, 233.0, 34.313720725147604, 52.94116911879916
691.0, 234.0, 34.313720725147604, 52.94116911879916
692.0, 234.0, 34.313720725147604, 52.94116911879916
694.0, 235.0, 34.313720725147604, 52.94116911879916
696.0, 236.0, 34.313720725147604, 52.94116911879916
698.0, 237.0, 34.313720725147604, 52.94116911879916
699.0, 237.0, 34.313720725147604, 52.94116911879916
701.0, 238.0, 34.313720725147604, 52.94116911879916
703.0, 240.0, 34.99999448516827, 53.99999149140248
704.0, 240.0, 34.99999448516827, 53.99999149140248
706.0, 242.0, 34.99999448516827, 53.99999149140248
708.0, 243.0, 34.99999448516827, 53.99999149140248
710.0, 243.0, 34.99999448516827, 53.99999149140248
713.0, 244.0, 34.99999448516827, 53.99999149140248
714.0, 245.0, 34.31372012440345, 52.941168191936754
717.0, 246.0, 34.31372012440345, 52.941168191936754
719.0, 247.0, 34.31372012440345, 52.941168191936754
721.0, 247.0, 33.640902122851564, 51.90310613239955
723.0, 248.0, 33.640902122851564, 51.90310613239955
725.0, 248.0, 34.31371952365931, 52.94116726507436
726.0, 248.0, 34.31371952365931, 52.94116726507436
728.0, 249.0, 34.31371952365931, 52.94116726507436
728.0, 249.0, 34.31371952365931, 52.94116726507436
727.0, 250.0, 34.31371952365931, 52.94116726507436
724.0, 250.0, 34.31371952365931, 52.94116726507436
720.0, 251.0, 34.31371952365931, 52.94116726507436
715.0, 251.0, 34.31371952365931, 52.94116726507436
707.0, 251.0, 34.31371952365931, 52.94116726507436
700.0, 252.0, 34.31371952365931, 52.94116726507436
692.0, 251.0, 34.31371952365931, 52.94116726507436
683.0, 251.0, 34.31371952365931, 52.94116726507436
675.0, 251.0, 34.31371952365931, 52.94116726507436
667.0, 250.0, 34.31371952365931, 52.94116726507436
659.0, 250.0, 34.99999325965023, 53.999989600603215
652.0, 250.0, 34.99999325965023, 53.999989600603215
644.0, 250.0, 34.99999325965023, 53.999989600603215
637.0, 250.0, 34.99999325965023, 53.999989600603215
631.0, 250.0, 34.99999325965023, 53.999989600603215
624.0, 250.0, 34.99999325965023, 53.999989600603215
618.0, 252.0, 34.99999325965023, 53.999989600603215
612.0, 252.0, 34.99999325965023, 53.999989600603215
608.0, 252.0, 34.99999325965023, 53.999989600603215
603.0, 253.0, 34.99999325965023, 53.999989600603215
599.0, 254.0, 34.99999325965023, 53.999989600603215
596.0, 254.0, 34.99999325965023, 53.999989600603215
594.0, 255.0, 34.99999325965023, 53.999989600603215
592.0, 256.0, 34.31371892291517, 52.94116633821198
591.0, 257.0, 34.31371892291517, 52.94116633821198
591.0, 257.0, 34.31371892291517, 52.94116633821198
591.0, 257.0, 34.31371892291517, 52.94116633821198
591.0, 258.0, 34.31371892291517, 52.94116633821198
593.0, 258.0, 33.640900944921874, 51.90310431502232
594.0, 258.0, 33.640900944921874, 51.90310431502232
596.0, 259.0, 32.98127547551466, 50.885396447936905
599.0, 259.0, 32.98127547551466, 50.885396447936905
600.0, 259.0, 32.98127547551466, 50.885396447936905
602.0, 259.0, 32.98127547551466, 50.885396447936905
603.0, 260.0, 32.98127547551466, 50.885396447936905
605.0, 260.0, 32.98127547551466, 50.885396447936905
606.0, 261.0, 32.98127547551466, 50.885396447936905
608.0, 261.0, 32.98127547551466, 50.885396447936905
610.0, 262.0, 32.98127547551466, 50.885396447936905
611.0, 263.0, 32.98127547551466, 50.885396447936905
614.0, 263.0, 32.98127547551466, 50.885396447936905
615.0, 263.0, 32.98127547551466, 50.885396447936905
616.0, 264.0, 32.98127547551466, 50.885396447936905
619.0, 264.0, 32.98127547551466, 50.885396447936905
619.0, 264.0, 33.640900355957044, 51.90310340633373
621.0, 264.0, 34.31371772142693, 52.94116448448727
623.0, 264.0, 34.31371772142693, 52.94116448448727
625.0, 263.0, 34.31371772142693, 52.94116448448727
627.0, 264.0, 34.31371772142693, 52.94116448448727
628.0, 264.0, 34.31371772142693, 52.94116448448727
630.0, 263.0, 34.31371772142693, 52.94116448448727
632.0, 264.0, 34.31371772142693, 52.94116448448727
633.0, 263.0, 34.31371772142693, 52.94116448448727
635.0, 264.0, 34.31371772142693, 52.94116448448727
637.0, 264.0, 34.31371772142693, 52.94116448448727
638.0, 264.0, 34.31371772142693, 52.94116448448727
640.0, 264.0, 34.999991421373245, 53.99998676440443
643.0, 265.0, 34.999991421373245, 53.99998676440443
644.0, 265.0, 34.999991421373245, 53.99998676440443
646.0, 265.0, 34.999991421373245, 53.99998676440443
649.0, 265.0, 34.999991421373245, 53.99998676440443
651.0, 265.0, 34.31371712068283, 52.94116355762493
653.0, 265.0, 34.99999080861427, 53.99998581900488
655.0, 264.0, 34.31371651993874, 52.94116263076262
657.0, 265.0, 34.31371651993874, 52.94116263076262
658.0, 264.0, 34.31371651993874, 52.94116263076262
660.0, 264.0, 34.31371651993874, 52.94116263076262
662.0, 264.0, 34.31371651993874, 52.94116263076262
663.0, 264.0, 33.64089858906262, 51.90310068026805
665.0, 264.0, 33.64089858906262, 51.90310068026805
666.0, 264.0, 33.64089858906262, 51.90310068026805
668.0, 264.0, 32.98127316584873, 50.885392884452315
669.0, 265.0, 32.98127316584873, 50.885392884452315
672.0, 265.0, 32.98127316584873, 50.885392884452315
672.0, 265.0, 32.98127316584873, 50.885392884452315
674.0, 266.0, 32.98127316584873, 50.885392884452315
675.0, 266.0, 32.98127316584873, 50.885392884452315
677.0, 266.0, 32.98127316584873, 50.885392884452315
678.0, 266.0, 32.98127316584873, 50.885392884452315
680.0, 267.0, 33.640898000097835, 51.90309977157952
681.0, 266.0, 33.640898000097835, 51.90309977157952
683.0, 266.0, 33.640898000097835, 51.90309977157952
683.0, 266.0, 34.31371531845058, 52.94116077703804
683.0, 265.0, 34.31371531845058, 52.94116077703804
682.0, 265.0, 34.99998897033741, 53.999982982806294
680.0, 265.0, 34.99998897033741, 53.999982982806294
676.0, 265.0, 34.313714717706524, 52.94115985017578
673.0, 265.0, 34.313714717706524, 52.94115985017578
668.0, 265.0, 34.313714717706524, 52.94115985017578
661.0, 264.0, 34.313714717706524, 52.94115985017578
654.0, 265.0, 34.313714717706524, 52.94115985017578
647.0, 264.0, 34.313714717706524, 52.94115985017578
639.0, 265.0, 34.313714717706524, 52.94115985017578
631.0, 265.0, 34.313714717706524, 52.94115985017578
623.0, 265.0, 34.313714717706524, 52.94115985017578
614.0, 266.0, 34.313714717706524, 52.94115985017578
605.0, 265.0, 34.313714717706524, 52.94115985017578
596.0, 266.0, 34.313714717706524, 52.94115985017578
587.0, 266.0, 34.313714717706524, 52.94115985017578
578.0, 266.0, 34.313714717706524, 52.94115985017578
570.0, 267.0, 34.313714717706524, 52.94115985017578
562.0, 266.0, 34.313714717706524, 52.94115985017578
554.0, 266.0, 34.313714717706524, 52.94115985017578
547.0, 266.0, 34.313714717706524, 52.94115985017578
541.0, 267.0, 34.313714717706524, 52.94115985017578
535.0, 267.0, 33.640896822168294, 51.90309795420251
530.0, 268.0, 33.640896822168294, 51.90309795420251
525.0, 268.0, 33.640896822168294, 51.90309795420251
521.0, 268.0, 33.640896822168294, 51.90309795420251
517.0, 268.0, 33.640896822168294, 51.90309795420251
514.0, 269.0, 33.640896822168294, 51.90309795420251
510.0, 270.0, 33.640896822168294, 51.90309795420251
508.0, 270.0, 33.640896822168294, 51.90309795420251
506.0, 270.0, 33.640896822168294, 51.90309795420251
505.0, 271.0, 33.640896822168294, 51.90309795420251
503.0, 271.0, 34.31371411696247, 52.94115892331353
502.0, 272.0, 34.31371411696247, 52.94115892331353
502.0, 271.0, 34.31371411696247, 52.94115892331353
502.0, 270.0, 34.31371411696247, 52.94115892331353
502.0, 270.0, 34.31371411696247, 52.94115892331353
503.0, 270.0, 34.31371411696247, 52.94115892331353
505.0, 269.0, 34.31371411696247, 52.94115892331353
506.0, 269.0, 34.31371411696247, 52.94115892331353
508.0, 268.0, 34.31371411696247, 52.94115892331353
509.0, 268.0, 34.99998774481957, 53.99998109200733
511.0, 268.0, 34.99998774481957, 53.99998109200733
512.0, 268.0, 34.99998774481957, 53.99998109200733
513.0, 268.0, 34.99998774481957, 53.99998109200733
516.0, 267.0, 34.99998774481957, 53.99998109200733
517.0, 267.0, 34.99998774481957, 53.99998109200733
519.0, 267.0, 34.99998774481957, 53.99998109200733
520.0, 267.0, 34.99998774481957, 53.99998109200733
523.0, 267.0, 34.99998774481957, 53.99998109200733
525.0, 267.0, 34.99998774481957, 53.99998109200733
526.0, 267.0, 34.99998774481957, 53.99998109200733
529.0, 267.0, 34.99998774481957, 53.99998109200733
531.0, 266.0, 34.99998774481957, 53.99998109200733
532.0, 265.0, 34.99998774481957, 53.99998109200733
535.0, 265.0, 34.99998774481957, 53.99998109200733
536.0, 264.0, 34.99998774481957, 53.99998109200733
538.0, 263.0, 35.69998683214417, 55.07997968387958
540.0, 262.0, 35.69998683214417, 55.07997968387958
541.0, 262.0, 35.69998683214417, 55.07997968387958
542.0, 261.0, 35.69998683214417, 55.07997968387958
544.0, 261.0, 35.69998683214417, 55.07997968387958
546.0, 261.0, 35.69998683214417, 55.07997968387958
547.0, 261.0, 35.69998683214417, 55.07997968387958
549.0, 260.0, 35.69998683214417, 55.07997968387958
551.0, 260.0, 35.69998683214417, 55.07997968387958
551.0, 260.0, 35.69998683214417, 55.07997968387958
552.0, 260.0, 35.69998683214417, 55.07997968387958
554.0, 260.0, 35.69998683214417, 55.07997968387958
556.0, 259.0, 35.69998683214417, 55.07997968387958
557.0, 258.0, 35.69998683214417, 55.07997968387958
558.0, 257.0, 35.69998683214417, 55.07997968387958
560.0, 257.0, 35.69998683214417, 55.07997968387958
561.0, 255.0, 35.69998683214417, 55.07997968387958
562.0, 255.0, 35.69998683214417, 55.07997968387958
564.0, 254.0, 35.69998683214417, 55.07997968387958
565.0, 254.0, 35.69998683214417, 55.07997968387958
567.0, 253.0, 35.69998683214417, 55.07997968387958
568.0, 252.0, 35.69998683214417, 55.07997968387958
570.0, 252.0, 34.99998713206066, 53.999980146607875
571.0, 252.0, 34.99998713206066, 53.999980146607875
572.0, 252.0, 34.99998713206066, 53.999980146607875
574.0, 252.0, 34.99998713206066, 53.999980146607875
576.0, 251.0, 35.699986207130095, 55.079978719572146
577.0, 251.0, 35.699986207130095, 55.079978719572146
579.0, 251.0, 35.699986207130095, 55.079978719572146
581.0, 250.0, 35.699986207130095, 55.079978719572146
582.0, 250.0, 36.4139852503495, 56.18157724339637
585.0, 249.0, 36.4139852503495, 56.18157724339637
586.0, 248.0, 36.4139852503495, 56.18157724339637
587.0, 248.0, 36.4139852503495, 56.18157724339637
590.0, 246.0, 36.4139852503495, 56.18157724339637
591.0, 245.0, 36.4139852503495, 56.18157724339637
593.0, 244.0, 36.4139852503495, 56.18157724339637
595.0, 244.0, 35.69998558211603, 55.07997775526473
596.0, 243.0, 35.69998558211603, 55.07997775526473
598.0, 242.0, 35.69998558211603, 55.07997775526473
600.0, 242.0, 35.69998558211603, 55.07997775526473
602.0, 241.0, 35.69998558211603, 55.07997775526473
604.0, 240.0, 35.69998558211603, 55.07997775526473
605.0, 241.0, 35.69998558211603, 55.07997775526473
607.0, 239.0, 35.69998558211603, 55.07997775526473
608.0, 240.0, 34.999985906542875, 53.999978255809005
610.0, 239.0, 34.999985906542875, 53.999978255809005
611.0, 239.0, 34.999985906542875, 53.999978255809005
612.0, 238.0, 35.699984957101975, 55.07997679095734
614.0, 237.0, 35.699984957101975, 55.07997679095734
615.0, 236.0, 35.699984957101975, 55.07997679095734
617.0, 236.0, 35.699984957101975, 55.07997679095734
618.0, 235.0, 35.699984957101975, 55.07997679095734
619.0, 234.0, 35.699984957101975, 55.07997679095734
620.0, 233.0, 35.699984957101975, 55.07997679095734
620.0, 232.0, 35.699984957101975, 55.07997679095734
621.0, 231.0, 35.699984957101975, 55.07997679095734
620.0, 230.0, 36.41398397532084, 56.181575276209294
621.0, 230.0, 36.41398397532084, 56.181575276209294
621.0, 230.0, 36.41398397532084, 56.181575276209294
621.0, 230.0, 36.41398397532084, 56.181575276209294
620.0, 229.0, 36.41398397532084, 56.181575276209294
620.0, 229.0, 36.41398397532084, 56.181575276209294
619.0, 229.0, 36.41398397532084, 56.181575276209294
619.0, 229.0, 36.41398397532084, 56.181575276209294
618.0, 229.0, 36.41398397532084, 56.181575276209294
618.0, 228.0, 36.41398397532084, 56.181575276209294
617.0, 228.0, 36.41398397532084, 56.181575276209294
616.0, 228.0, 36.41398397532084, 56.181575276209294
614.0, 227.0, 36.41398397532084, 56.181575276209294
613.0, 226.0, 36.41398397532084, 56.181575276209294
612.0, 225.0, 36.41398397532084, 56.181575276209294
610.0, 224.0, 36.41398397532084, 56.181575276209294
607.0, 223.0, 36.41398397532084, 56.181575276209294
604.0, 223.0, 36.41398397532084, 56.181575276209294
602.0, 222.0, 36.41398397532084, 56.181575276209294
599.0, 222.0, 36.41398397532084, 56.181575276209294
596.0, 222.0, 36.41398397532084, 56.181575276209294
593.0, 221.0, 35.699984332087936, 55.07997582664996
590.0, 222.0, 35.699984332087936, 55.07997582664996
586.0, 221.0, 35.699984332087936, 55.07997582664996
582.0, 221.0, 35.699984332087936, 55.07997582664996
579.0, 222.0, 34.999984681025126, 53.9999763650102
576.0, 221.0, 34.999984681025126, 53.9999763650102
574.0, 221.0, 34.999984681025126, 53.9999763650102
570.0, 221.0, 34.999984681025126, 53.9999763650102
568.0, 221.0, 34.999984681025126, 53.9999763650102
565.0, 221.0, 34.999984681025126, 53.9999763650102
564.0, 220.0, 34.999984681025126, 53.9999763650102
561.0, 219.0, 34.999984681025126, 53.9999763650102
560.0, 219.0, 34.999984681025126, 53.9999763650102
559.0, 219.0, 34.999984681025126, 53.9999763650102
556.0, 218.0, 34.999984681025126, 53.9999763650102
555.0, 219.0, 34.999984681025126, 53.9999763650102
554.0, 219.0, 34.999984681025126, 53.9999763650102
552.0, 219.0, 34.999984681025126, 53.9999763650102
551.0, 219.0, 34.999984681025126, 53.9999763650102
549.0, 219.0, 34.999984681025126, 53.9999763650102
548.0, 219.0, 34.999984681025126, 53.9999763650102
547.0, 219.0, 34.999984681025126, 53.9999763650102
546.0, 219.0, 35.6999837070739, 55.07997486234259
545.0, 219.0, 35.6999837070739, 55.07997486234259
544.0, 219.0, 35.6999837070739, 55.07997486234259
543.0, 218.0, 35.6999837070739, 55.07997486234259
542.0, 218.0, 36.41398270029222, 56.18157330902229
541.0, 217.0, 37.142261659756464, 57.30520370362426
540.0, 217.0, 37.142261659756464, 57.30520370362426
539.0, 216.0, 37.142261659756464, 57.30520370362426
538.0, 216.0, 37.142261659756464, 57.30520370362426
539.0, 216.0, 37.142261659756464, 57.30520370362426
538.0, 216.0, 37.142261659756464, 57.30520370362426
538.0, 216.0, 37.142261659756464, 57.30520370362426
538.0, 216.0, 37.142261659756464, 57.30520370362426
538.0, 216.0, 37.142261659756464, 57.30520370362426
539.0, 217.0, 37.142261659756464, 57.30520370362426
539.0, 216.0, 37.142261659756464, 57.30520370362426
540.0, 217.0, 37.142261659756464, 57.30520370362426
541.0, 217.0, 37.142261659756464, 57.30520370362426
542.0, 217.0, 37.142261659756464, 57.30520370362426
543.0, 218.0, 37.142261659756464, 57.30520370362426
544.0, 218.0, 37.142261659756464, 57.30520370362426
545.0, 218.0, 37.142261659756464, 57.30520370362426
545.0, 218.0, 37.142261659756464, 57.30520370362426
546.0, 218.0, 37.142261659756464, 57.30520370362426
547.0, 218.0, 37.142261659756464, 57.30520370362426
548.0, 217.0, 37.142261659756464, 57.30520370362426
549.0, 217.0, 37.142261659756464, 57.30520370362426
550.0, 217.0, 37.142261659756464, 57.30520370362426
550.0, 217.0, 37.142261659756464, 57.30520370362426
552.0, 217.0, 37.142261659756464, 57.30520370362426
552.0, 218.0, 37.142261659756464, 57.30520370362426
554.0, 218.0, 37.142261659756464, 57.30520370362426
554.0, 218.0, 37.142261659756464, 57.30520370362426
556.0, 218.0, 37.142261659756464, 57.30520370362426
557.0, 218.0, 37.142261659756464, 57.30520370362426
557.0, 219.0, 37.885106184519174, 58.45130668468673
559.0, 219.0, 37.885106184519174, 58.45130668468673
560.0, 220.0, 37.885106184519174, 58.45130668468673
561.0, 220.0, 37.885106184519174, 58.45130668468673
562.0, 221.0, 37.885106184519174, 58.45130668468673
563.0, 221.0, 37.142261009491904, 57.30520270035894
564.0, 222.0, 37.885105521249336, 58.451305661356116
566.0, 222.0, 37.885105521249336, 58.451305661356116
568.0, 222.0, 37.885105521249336, 58.451305661356116
569.0, 222.0, 37.885105521249336, 58.451305661356116
570.0, 222.0, 37.885105521249336, 58.451305661356116
571.0, 222.0, 37.885105521249336, 58.451305661356116
573.0, 222.0, 37.885105521249336, 58.451305661356116
575.0, 222.0, 37.885105521249336, 58.451305661356116
577.0, 223.0, 37.14226035922735, 57.30520169709363
577.0, 223.0, 37.14226035922735, 57.30520169709363
579.0, 224.0, 37.14226035922735, 57.30520169709363
580.0, 224.0, 37.14226035922735, 57.30520169709363
581.0, 224.0, 37.14226035922735, 57.30520169709363
581.0, 225.0, 37.14226035922735, 57.30520169709363
582.0, 225.0, 37.14226035922735, 57.30520169709363
583.0, 226.0, 36.41398078774939, 56.18157035824191
583.0, 227.0, 36.41398078774939, 56.18157035824191
584.0, 227.0, 36.41398078774939, 56.18157035824191
584.0, 228.0, 36.41398078774939, 56.18157035824191
584.0, 229.0, 36.41398078774939, 56.18157035824191
585.0, 229.0, 37.14225970896281, 57.30520069382834
585.0, 230.0, 37.14225970896281, 57.30520069382834
586.0, 230.0, 37.14225970896281, 57.30520069382834
587.0, 231.0, 37.14225970896281, 57.30520069382834
587.0, 232.0, 37.14225970896281, 57.30520069382834
588.0, 233.0, 37.14225970896281, 57.30520069382834
588.0, 233.0, 37.14225970896281, 57.30520069382834
589.0, 234.0, 37.14225970896281, 57.30520069382834
590.0, 234.0, 37.14225970896281, 57.30520069382834
591.0, 234.0, 36.41398015023513, 56.1815693746485
592.0, 234.0, 36.41398015023513, 56.1815693746485
593.0, 235.0, 36.41398015023513, 56.1815693746485
594.0, 236.0, 36.41398015023513, 56.1815693746485
594.0, 236.0, 36.41398015023513, 56.1815693746485
595.0, 237.0, 36.41398015023513, 56.1815693746485
596.0, 237.0, 36.41398015023513, 56.1815693746485
597.0, 237.0, 36.41398015023513, 56.1815693746485
598.0, 238.0, 36.41398015023513, 56.1815693746485
599.0, 238.0, 36.41398015023513, 56.1815693746485
600.0, 238.0, 36.41398015023513, 56.1815693746485
600.0, 238.0, 36.41398015023513, 56.1815693746485
601.0, 239.0, 36.41398015023513, 56.1815693746485
601.0, 239.0, 36.41398015023513, 56.1815693746485
601.0, 239.0, 36.41398015023513, 56.1815693746485
601.0, 239.0, 36.41398015023513, 56.1815693746485
602.0, 239.0, 36.41398015023513, 56.1815693746485
602.0, 240.0, 36.41398015023513, 56.1815693746485
602.0, 239.0, 37.142259058698286, 57.305199690563065
603.0, 239.0, 37.142259058698286, 57.305199690563065
604.0, 239.0, 37.88510353143988, 58.45130259136439
605.0, 239.0, 37.88510353143988, 58.45130259136439
606.0, 239.0, 37.88510353143988, 58.45130259136439
606.0, 238.0, 38.642804879467676, 59.62032752832155
608.0, 238.0, 38.642804879467676, 59.62032752832155
609.0, 238.0, 38.642804879467676, 59.62032752832155
611.0, 237.0, 38.642804879467676, 59.62032752832155
612.0, 237.0, 38.642804879467676, 59.62032752832155
613.0, 237.0, 38.642804879467676, 59.62032752832155
614.0, 237.0, 38.642804879467676, 59.62032752832155
616.0, 237.0, 38.642804879467676, 59.62032752832155
616.0, 237.0, 38.642804879467676, 59.62032752832155
619.0, 237.0, 38.642804879467676, 59.62032752832155
620.0, 237.0, 38.642804879467676, 59.62032752832155
620.0, 237.0, 38.642804879467676, 59.62032752832155
620.0, 237.0, 38.642804879467676, 59.62032752832155
620.0, 237.0, 39.415660240004016, 60.81273294172048
620.0, 236.0, 39.415660240004016, 60.81273294172048
619.0, 237.0, 39.415660240004016, 60.81273294172048
618.0, 237.0, 38.6428042029325, 59.62032648452443
617.0, 237.0, 38.6428042029325, 59.62032648452443
616.0, 237.0, 38.6428042029325, 59.62032648452443
614.0, 238.0, 38.6428042029325, 59.62032648452443
611.0, 238.0, 38.6428042029325, 59.62032648452443
609.0, 239.0, 38.6428042029325, 59.62032648452443
606.0, 239.0, 38.6428042029325, 59.62032648452443
604.0, 239.0, 38.6428042029325, 59.62032648452443
601.0, 240.0, 38.6428042029325, 59.62032648452443
598.0, 240.0, 38.6428042029325, 59.62032648452443
596.0, 240.0, 38.6428042029325, 59.62032648452443
594.0, 241.0, 38.6428042029325, 59.62032648452443
591.0, 241.0, 38.6428042029325, 59.62032648452443
589.0, 242.0, 37.885102204900306, 58.45130054470333
586.0, 242.0, 37.885102204900306, 58.45130054470333
583.0, 243.0, 37.885102204900306, 58.45130054470333
581.0, 243.0, 37.885102204900306, 58.45130054470333
579.0, 243.0, 37.885102204900306, 58.45130054470333
577.0, 244.0, 37.885102204900306, 58.45130054470333
573.0, 245.0, 37.885102204900306, 58.45130054470333
571.0, 245.0, 38.64280352639734, 59.62032544072732
569.0, 245.0, 38.64280352639734, 59.62032544072732
567.0, 245.0, 38.64280352639734, 59.62032544072732
565.0, 246.0, 38.64280352639734, 59.62032544072732
564.0, 246.0, 38.64280352639734, 59.62032544072732
563.0, 246.0, 38.64280352639734, 59.62032544072732
563.0, 246.0, 38.64280352639734, 59.62032544072732
563.0, 246.0, 38.64280352639734, 59.62032544072732
563.0, 247.0, 38.64280352639734, 59.62032544072732
564.0, 247.0, 38.64280352639734, 59.62032544072732
565.0, 248.0, 38.64280352639734, 59.62032544072732
567.0, 248.0, 38.64280352639734, 59.62032544072732
568.0, 248.0, 39.415658859872295, 60.8127308123744
571.0, 248.0, 38.64280284986218, 59.620324396930215
573.0, 249.0, 38.64280284986218, 59.620324396930215
575.0, 249.0, 38.64280284986218, 59.620324396930215
577.0, 250.0, 38.64280284986218, 59.620324396930215
578.0, 250.0, 38.64280284986218, 59.620324396930215
580.0, 251.0, 38.64280284986218, 59.620324396930215
582.0, 251.0, 38.64280284986218, 59.620324396930215
583.0, 252.0, 38.64280284986218, 59.620324396930215
585.0, 253.0, 38.64280284986218, 59.620324396930215
586.0, 255.0, 38.64280284986218, 59.620324396930215
588.0, 255.0, 38.64280284986218, 59.620324396930215
589.0, 256.0, 38.64280284986218, 59.620324396930215
591.0, 257.0, 38.64280284986218, 59.620324396930215
593.0, 258.0, 38.64280284986218, 59.620324396930215
595.0, 258.0, 38.64280284986218, 59.620324396930215
595.0, 259.0, 38.64280284986218, 59.620324396930215
598.0, 259.0, 38.64280284986218, 59.620324396930215
599.0, 261.0, 38.64280284986218, 59.620324396930215
601.0, 262.0, 38.64280284986218, 59.620324396930215
602.0, 263.0, 38.64280284986218, 59.620324396930215
603.0, 263.0, 38.64280284986218, 59.620324396930215
605.0, 264.0, 38.64280284986218, 59.620324396930215
607.0, 265.0, 38.64280284986218, 59.620324396930215
608.0, 266.0, 38.64280284986218, 59.620324396930215
610.0, 267.0, 38.64280284986218, 59.620324396930215
611.0, 268.0, 38.64280284986218, 59.620324396930215
611.0, 268.0, 38.64280284986218, 59.620324396930215
610.0, 269.0, 38.64280284986218, 59.620324396930215
610.0, 270.0, 38.64280284986218, 59.620324396930215
610.0, 270.0, 38.64280284986218, 59.620324396930215
608.0, 271.0, 38.64280284986218, 59.620324396930215
606.0, 272.0, 38.64280284986218, 59.620324396930215
605.0, 272.0, 38.64280284986218, 59.620324396930215
602.0, 274.0, 38.64280284986218, 59.620324396930215
601.0, 274.0, 38.64280284986218, 59.620324396930215
598.0, 275.0, 38.64280284986218, 59.620324396930215
596.0, 276.0, 38.64280284986218, 59.620324396930215
595.0, 277.0, 38.64280284986218, 59.620324396930215
592.0, 277.0, 38.64280284986218, 59.620324396930215
590.0, 279.0, 38.64280284986218, 59.620324396930215
587.0, 280.0, 39.415658169806456, 60.81272974770138
585.0, 280.0, 39.415658169806456, 60.81272974770138
584.0, 280.0, 39.415658169806456, 60.81272974770138
581.0, 282.0, 39.415658169806456, 60.81272974770138
579.0, 282.0, 39.415658169806456, 60.81272974770138
578.0, 283.0, 39.415658169806456, 60.81272974770138
575.0, 283.0, 39.415658169806456, 60.81272974770138
574.0, 284.0, 39.415658169806456, 60.81272974770138
573.0, 285.0, 39.415658169806456, 60.81272974770138
572.0, 285.0, 39.415658169806456, 60.81272974770138
570.0, 286.0, 39.415658169806456, 60.81272974770138
569.0, 286.0, 39.415658169806456, 60.81272974770138
568.0, 287.0, 39.415658169806456, 60.81272974770138
567.0, 287.0, 39.415658169806456, 60.81272974770138
566.0, 288.0, 39.415658169806456, 60.81272974770138
565.0, 288.0, 39.415658169806456, 60.81272974770138
564.0, 289.0, 39.415658169806456, 60.81272974770138
564.0, 289.0, 39.415658169806456, 60.81272974770138
562.0, 289.0, 39.415658169806456, 60.81272974770138
561.0, 290.0, 39.415658169806456, 60.81272974770138
560.0, 290.0, 39.415658169806456, 60.81272974770138
559.0, 290.0, 39.415658169806456, 60.81272974770138
559.0, 290.0, 39.415658169806456, 60.81272974770138
558.0, 291.0, 39.415658169806456, 60.81272974770138
557.0, 290.0, 39.415658169806456, 60.81272974770138
556.0, 291.0, 39.415658169806456, 60.81272974770138
554.0, 291.0, 39.415658169806456, 60.81272974770138
553.0, 291.0, 39.415658169806456, 60.81272974770138
552.0, 291.0, 39.415658169806456, 60.81272974770138
550.0, 291.0, 39.415658169806456, 60.81272974770138
549.0, 290.0, 39.415658169806456, 60.81272974770138
547.0, 291.0, 39.415658169806456, 60.81272974770138
545.0, 290.0, 39.415658169806456, 60.81272974770138
544.0, 290.0, 39.415658169806456, 60.81272974770138
543.0, 290.0, 40.20397058140857, 62.028983182744646
540.0, 290.0, 41.00804922620686, 63.269561663290574
539.0, 289.0, 40.20396987754143, 62.02898209677821
538.0, 288.0, 40.20396987754143, 62.02898209677821
536.0, 288.0, 40.20396987754143, 62.02898209677821
534.0, 288.0, 40.20396987754143, 62.02898209677821
532.0, 288.0, 40.20396987754143, 62.02898209677821
531.0, 287.0, 41.008048508262384, 63.269560555604826
528.0, 286.0, 41.008048508262384, 63.269560555604826
527.0, 286.0, 41.008048508262384, 63.269560555604826
525.0, 285.0, 41.008048508262384, 63.269560555604826
524.0, 284.0, 41.008048508262384, 63.269560555604826
523.0, 283.0, 41.008048508262384, 63.269560555604826
521.0, 282.0, 41.008048508262384, 63.269560555604826
520.0, 282.0, 41.008048508262384, 63.269560555604826
518.0, 281.0, 41.008048508262384, 63.269560555604826
518.0, 280.0, 41.008048508262384, 63.269560555604826
516.0, 280.0, 41.008048508262384, 63.269560555604826
515.0, 279.0, 41.828208696261186, 64.53495055994583
514.0, 278.0, 41.828208696261186, 64.53495055994583
513.0, 277.0, 41.828208696261186, 64.53495055994583
512.0, 276.0, 41.828208696261186, 64.53495055994583
512.0, 275.0, 41.828208696261186, 64.53495055994583
511.0, 274.0, 41.828208696261186, 64.53495055994583
510.0, 273.0, 41.828208696261186, 64.53495055994583
510.0, 272.0, 41.828208696261186, 64.53495055994583
510.0, 271.0, 41.828208696261186, 64.53495055994583
510.0, 270.0, 41.828208696261186, 64.53495055994583
511.0, 269.0, 41.828208696261186, 64.53495055994583
511.0, 268.0, 41.828208696261186, 64.53495055994583
511.0, 267.0, 41.828208696261186, 64.53495055994583
511.0, 266.0, 41.828208696261186, 64.53495055994583
511.0, 264.0, 41.828208696261186, 64.53495055994583
511.0, 263.0, 41.828208696261186, 64.53495055994583
512.0, 262.0, 41.828208696261186, 64.53495055994583
512.0, 261.0, 41.828208696261186, 64.53495055994583
513.0, 260.0, 41.828208696261186, 64.53495055994583
514.0, 258.0, 41.00804779031793, 63.2695594479191
515.0, 256.0, 41.00804779031793, 63.2695594479191
515.0, 255.0, 41.82820796395785, 64.53494943010641
517.0, 253.0, 41.82820796395785, 64.53494943010641
517.0, 252.0, 41.82820796395785, 64.53494943010641
517.0, 251.0, 41.82820796395785, 64.53494943010641
519.0, 248.0, 41.82820796395785, 64.53494943010641
519.0, 248.0, 41.82820796395785, 64.53494943010641
520.0, 246.0, 41.82820796395785, 64.53494943010641
521.0, 245.0, 41.82820796395785, 64.53494943010641
521.0, 243.0, 41.82820796395785, 64.53494943010641
522.0, 242.0, 41.82820796395785, 64.53494943010641
522.0, 240.0, 41.82820796395785, 64.53494943010641
522.0, 239.0, 41.82820796395785, 64.53494943010641
523.0, 238.0, 41.82820796395785, 64.53494943010641
523.0, 237.0, 41.82820796395785, 64.53494943010641
523.0, 235.0, 41.82820796395785, 64.53494943010641
524.0, 234.0, 41.82820796395785, 64.53494943010641
524.0, 234.0, 41.82820796395785, 64.53494943010641
524.0, 232.0, 41.82820796395785, 64.53494943010641
525.0, 232.0, 41.0080470723735, 63.269558340233395
524.0, 230.0, 41.0080470723735, 63.269558340233395
525.0, 230.0, 41.0080470723735, 63.269558340233395
525.0, 227.0, 41.0080470723735, 63.269558340233395
525.0, 227.0, 41.0080470723735, 63.269558340233395
525.0, 225.0, 41.0080470723735, 63.269558340233395
525.0, 223.0, 41.0080470723735, 63.269558340233395
525.0, 222.0, 41.0080470723735, 63.269558340233395
524.0, 221.0, 41.0080470723735, 63.269558340233395
524.0, 219.0, 41.0080470723735, 63.269558340233395
524.0, 218.0, 41.0080470723735, 63.269558340233395
524.0, 217.0, 41.0080470723735, 63.269558340233395
523.0, 216.0, 41.0080470723735, 63.269558340233395
522.0, 215.0, 41.0080470723735, 63.269558340233395
522.0, 213.0, 41.0080470723735, 63.269558340233395
521.0, 212.0, 41.0080470723735, 63.269558340233395
520.0, 211.0, 41.0080470723735, 63.269558340233395
519.0, 208.0, 41.0080470723735, 63.269558340233395
518.0, 206.0, 41.0080470723735, 63.269558340233395
517.0, 205.0, 41.82820723165454, 64.534948300267
516.0, 203.0, 41.82820723165454, 64.534948300267
515.0, 201.0, 42.6647705784779, 65.82564603536589
513.0, 199.0, 42.6647705784779, 65.82564603536589
513.0, 198.0, 42.6647705784779, 65.82564603536589
513.0, 197.0, 42.6647705784779, 65.82564603536589
513.0, 195.0, 42.6647705784779, 65.82564603536589
513.0, 194.0, 42.6647705784779, 65.82564603536589
513.0, 192.0, 42.6647705784779, 65.82564603536589
513.0, 191.0, 42.6647705784779, 65.82564603536589
513.0, 189.0, 42.6647705784779, 65.82564603536589
513.0, 188.0, 41.82820649935124, 64.53494717042763
513.0, 188.0, 41.00804563648465, 63.269556124862035
513.0, 187.0, 41.00804563648465, 63.269556124862035
512.0, 186.0, 41.00804563648465, 63.269556124862035
512.0, 185.0, 41.00804563648465, 63.269556124862035
513.0, 184.0, 41.00804563648465, 63.269556124862035
511.0, 184.0, 40.20396635820594, 62.028976666946306
511.0, 184.0, 40.20396635820594, 62.028976666946306
511.0, 184.0, 40.20396635820594, 62.028976666946306
511.0, 184.0, 40.20396635820594, 62.028976666946306
511.0, 184.0, 40.20396635820594, 62.028976666946306
510.0, 184.0, 40.20396635820594, 62.028976666946306
509.0, 184.0, 40.20396635820594, 62.028976666946306
509.0, 183.0, 40.20396635820594, 62.028976666946306
509.0, 183.0, 40.20396635820594, 62.028976666946306
509.0, 183.0, 40.20396635820594, 62.028976666946306
509.0, 183.0, 40.20396635820594, 62.028976666946306
508.0, 182.0, 40.20396635820594, 62.028976666946306
508.0, 182.0, 40.20396635820594, 62.028976666946306
508.0, 182.0, 40.20396635820594, 62.028976666946306
508.0, 181.0, 41.00804491854026, 63.269555017176394
507.0, 180.0, 41.00804491854026, 63.269555017176394
507.0, 180.0, 41.00804491854026, 63.269555017176394
508.0, 180.0, 41.00804491854026, 63.269555017176394
507.0, 179.0, 41.00804491854026, 63.269555017176394
507.0, 179.0, 41.00804491854026, 63.269555017176394
507.0, 178.0, 41.82820503474468, 64.53494491074893
507.0, 177.0, 41.82820503474468, 64.53494491074893
507.0, 178.0, 41.82820503474468, 64.53494491074893
506.0, 177.0, 41.82820503474468, 64.53494491074893
506.0, 177.0, 41.00804420059586, 63.26955390949076
506.0, 176.0, 41.828204302441414, 64.5349437809096
505.0, 176.0, 41.828204302441414, 64.5349437809096
505.0, 177.0, 41.00804348265149, 63.269552801805155
505.0, 176.0, 41.00804348265149, 63.269552801805155
504.0, 176.0, 41.82820357013816, 64.53494265107031
504.0, 175.0, 41.82820357013816, 64.53494265107031
503.0, 176.0, 41.82820357013816, 64.53494265107031
502.0, 176.0, 41.82820357013816, 64.53494265107031
501.0, 176.0, 41.82820357013816, 64.53494265107031
500.0, 175.0, 41.82820357013816, 64.53494265107031
500.0, 176.0, 41.82820357013816, 64.53494265107031
498.0, 176.0, 41.82820357013816, 64.53494265107031
496.0, 176.0, 41.82820357013816, 64.53494265107031
494.0, 176.0, 41.82820357013816, 64.53494265107031
492.0, 176.0, 41.82820357013816, 64.53494265107031
490.0, 176.0, 42.66476684373125, 65.82564027318536
487.0, 176.0, 42.66476684373125, 65.82564027318536
485.0, 175.0, 43.51806136684003, 67.14215182312462
483.0, 176.0, 43.51806136684003, 67.14215182312462
481.0, 176.0, 44.38842176413568, 68.4849935789522
479.0, 175.0, 45.27618935277644, 69.85469214428365
477.0, 175.0, 45.27618935277644, 69.85469214428365
476.0, 175.0, 46.181712276257194, 71.25178465479681
474.0, 175.0, 46.181712276257194, 71.25178465479681
473.0, 175.0, 46.181712276257194, 71.25178465479681
471.0, 176.0, 46.181712276257194, 71.25178465479681
471.0, 176.0, 46.181712276257194, 71.25178465479681
470.0, 176.0, 47.10534564093608, 72.67681898887281
468.0, 177.0, 47.10534564093608, 72.67681898887281
467.0, 177.0, 47.10534564093608, 72.67681898887281
466.0, 178.0, 47.10534564093608, 72.67681898887281
465.0, 179.0, 47.10534564093608, 72.67681898887281
465.0, 180.0, 47.10534564093608, 72.67681898887281
463.0, 182.0, 47.10534564093608, 72.67681898887281
462.0, 182.0, 47.10534564093608, 72.67681898887281
462.0, 184.0, 47.10534564093608, 72.67681898887281
460.0, 184.0, 47.10534564093608, 72.67681898887281
459.0, 185.0, 47.10534564093608, 72.67681898887281
458.0, 185.0, 48.04745165529164, 74.13035398244995
456.0, 186.0, 48.04745165529164, 74.13035398244995
456.0, 186.0, 48.04745165529164, 74.13035398244995
455.0, 186.0, 48.04745165529164, 74.13035398244995
454.0, 186.0, 48.04745165529164, 74.13035398244995
453.0, 186.0, 48.04745165529164, 74.13035398244995
452.0, 187.0, 48.04745165529164, 74.13035398244995
451.0, 186.0, 48.04745165529164, 74.13035398244995
450.0, 186.0, 48.04745165529164, 74.13035398244995
449.0, 185.0, 49.00839977196505, 75.61295964817465
447.0, 185.0, 49.00839977196505, 75.61295964817465
447.0, 185.0, 49.00839977196505, 75.61295964817465
445.0, 185.0, 49.00839977196505, 75.61295964817465
444.0, 185.0, 49.00839977196505, 75.61295964817465
443.0, 185.0, 49.00839977196505, 75.61295964817465
441.0, 186.0, 49.00839977196505, 75.61295964817465
439.0, 187.0, 49.00839977196505, 75.61295964817465
437.0, 187.0, 49.00839977196505, 75.61295964817465
435.0, 187.0, 49.00839977196505, 75.61295964817465
432.0, 188.0, 49.00839977196505, 75.61295964817465
430.0, 188.0, 49.00839977196505, 75.61295964817465
426.0, 188.0, 49.00839977196505, 75.61295964817465
423.0, 188.0, 49.988566832643315, 77.12521739893539
420.0, 187.0, 49.988566832643315, 77.12521739893539
416.0, 187.0, 49.988566832643315, 77.12521739893539
412.0, 186.0, 49.988566832643315, 77.12521739893539
410.0, 186.0, 49.988566832643315, 77.12521739893539
406.0, 185.0, 50.988337215839934, 78.66772027586732
402.0, 184.0, 50.988337215839934, 78.66772027586732
400.0, 184.0, 52.008102987631375, 80.24107318091698
397.0, 183.0, 53.04826405540816, 81.8458931140583
395.0, 182.0, 54.10922832470098, 83.48280941525294
393.0, 182.0, 54.10922832470098, 83.48280941525294
391.0, 182.0, 54.10922832470098, 83.48280941525294
390.0, 181.0, 54.10922832470098, 83.48280941525294
389.0, 181.0, 54.10922832470098, 83.48280941525294
387.0, 180.0, 54.10922832470098, 83.48280941525294
387.0, 180.0, 54.10922832470098, 83.48280941525294
386.0, 180.0, 54.10922832470098, 83.48280941525294
385.0, 180.0, 54.10922832470098, 83.48280941525294
386.0, 181.0, 54.10922832470098, 83.48280941525294
386.0, 182.0, 54.10922832470098, 83.48280941525294
386.0, 183.0, 54.10922832470098, 83.48280941525294
387.0, 183.0, 54.10922832470098, 83.48280941525294
388.0, 184.0, 54.10922832470098, 83.48280941525294
390.0, 184.0, 54.10922832470098, 83.48280941525294
391.0, 184.0, 54.10922832470098, 83.48280941525294
392.0, 184.0, 54.10922832470098, 83.48280941525294
392.0, 184.0, 54.10922832470098, 83.48280941525294
392.0, 184.0, 54.10922832470098, 83.48280941525294
392.0, 183.0, 55.19141185914337, 85.15246401124978
392.0, 182.0, 55.19141185914337, 85.15246401124978
390.0, 181.0, 55.19141185914337, 85.15246401124978
389.0, 179.0, 56.2952390436336, 86.85551166732041
387.0, 178.0, 56.2952390436336, 86.85551166732041
384.0, 177.0, 56.2952390436336, 86.85551166732041
382.0, 175.0, 57.421142750759806, 88.59262024402942
378.0, 174.0, 57.421142750759806, 88.59262024402942
374.0, 173.0, 57.421142750759806, 88.59262024402942
371.0, 172.0, 56.29523805805014, 86.85551014670592
366.0, 172.0, 56.29523805805014, 86.85551014670592
361.0, 171.0, 56.29523805805014, 86.85551014670592
357.0, 171.0, 56.29523805805014, 86.85551014670592
352.0, 171.0, 56.29523805805014, 86.85551014670592
347.0, 171.0, 56.29523805805014, 86.85551014670592
342.0, 171.0, 56.29523805805014, 86.85551014670592
337.0, 171.0, 56.29523805805014, 86.85551014670592
332.0, 170.0, 56.29523805805014, 86.85551014670592
326.0, 171.0, 56.29523805805014, 86.85551014670592
320.0, 170.0, 56.29523805805014, 86.85551014670592
315.0, 169.0, 56.29523805805014, 86.85551014670592
309.0, 167.0, 57.42114174546468, 88.59261869300265
305.0, 165.0, 57.42114174546468, 88.59261869300265
299.0, 163.0, 58.569563485152614, 90.3644693770926
296.0, 162.0, 58.569563485152614, 90.3644693770926
291.0, 161.0, 58.569563485152614, 90.3644693770926
286.0, 158.0, 59.7409536377299, 92.17175704106899
282.0, 156.0, 60.93577157101624, 94.01519042385362
279.0, 155.0, 60.93577157101624, 94.01519042385362
276.0, 154.0, 60.93577157101624, 94.01519042385362
275.0, 152.0, 60.93577157101624, 94.01519042385362
275.0, 151.0, 60.93577157101624, 94.01519042385362
275.0, 152.0, 62.15448584017895, 95.89549243913324
280.0, 151.0, 62.15448584017895, 95.89549243913324
287.0, 152.0, 62.15448584017895, 95.89549243913324
295.0, 153.0, 62.15448584017895, 95.89549243913324
303.0, 153.0, 62.15448584017895, 95.89549243913324
315.0, 144.0, 62.15448584017895, 95.89549243913324
328.0, 139.0, 62.15448584017895, 95.89549243913324
336.0, 141.0, 62.15448584017895, 95.89549243913324
344.0, 143.0, 62.15448584017895, 95.89549243913324
358.0, 137.0, 62.15448584017895, 95.89549243913324
372.0, 132.0, 62.15448584017895, 95.89549243913324
386.0, 127.0, 62.15448584017895, 95.89549243913324
401.0, 121.0, 62.15448584017895, 95.89549243913324
416.0, 117.0, 62.15448584017895, 95.89549243913324
432.0, 113.0, 62.15448584017895, 95.89549243913324
445.0, 111.0, 63.39757437147979, 97.81340045885455
462.0, 107.0, 63.39757437147979, 97.81340045885455
478.0, 103.0, 63.39757437147979, 97.81340045885455
493.0, 101.0, 63.39757437147979, 97.81340045885455
507.0, 99.0, 63.39757437147979, 97.81340045885455
520.0, 96.0, 62.154484752015286, 95.89549076025216
532.0, 94.0, 60.93576943736197, 94.01518713192989
541.0, 95.0, 60.93576943736197, 94.01518713192989
549.0, 94.0, 60.93576943736197, 94.01518713192989
557.0, 93.0, 60.93576943736197, 94.01518713192989
564.0, 91.0, 60.93576943736197, 94.01518713192989
569.0, 90.0, 60.93576943736197, 94.01518713192989
574.0, 89.0, 60.93576943736197, 94.01518713192989
577.0, 90.0, 60.93576943736197, 94.01518713192989
580.0, 90.0, 60.93576943736197, 94.01518713192989
581.0, 88.0, 60.93576943736197, 94.01518713192989
582.0, 87.0, 60.93576943736197, 94.01518713192989
583.0, 87.0, 60.93576943736197, 94.01518713192989
583.0, 86.0, 60.93576943736197, 94.01518713192989
583.0, 85.0, 60.93576943736197, 94.01518713192989
582.0, 84.0, 60.93576943736197, 94.01518713192989
582.0, 84.0, 60.93576943736197, 94.01518713192989
580.0, 82.0, 60.93576943736197, 94.01518713192989
580.0, 82.0, 60.93576943736197, 94.01518713192989
579.0, 81.0, 60.93576943736197, 94.01518713192989
578.0, 80.0, 60.93576943736197, 94.01518713192989
577.0, 79.0, 60.93576943736197, 94.01518713192989
576.0, 78.0, 60.93576943736197, 94.01518713192989
576.0, 78.0, 60.93576943736197, 94.01518713192989
575.0, 77.0, 60.93576943736197, 94.01518713192989
573.0, 77.0, 60.93576943736197, 94.01518713192989
573.0, 76.0, 60.93576943736197, 94.01518713192989
571.0, 76.0, 60.93576943736197, 94.01518713192989
571.0, 75.0, 60.93576943736197, 94.01518713192989
570.0, 75.0, 60.93576943736197, 94.01518713192989
570.0, 75.0, 60.93576943736197, 94.01518713192989
568.0, 74.0, 60.93576943736197, 94.01518713192989
568.0, 74.0, 60.93576943736197, 94.01518713192989
567.0, 74.0, 60.93576943736197, 94.01518713192989
567.0, 74.0, 60.93576943736197, 94.01518713192989
567.0, 73.0, 60.93576943736197, 94.01518713192989
566.0, 73.0, 60.93576943736197, 94.01518713192989
566.0, 73.0, 60.93576943736197, 94.01518713192989
566.0, 74.0, 60.93576943736197, 94.01518713192989
566.0, 74.0, 60.93576943736197, 94.01518713192989
566.0, 73.0, 62.15448366385164, 95.89548908137111
565.0, 72.0, 63.39757215162598, 97.81339703393724
566.0, 73.0, 63.39757215162598, 97.81339703393724
565.0, 72.0, 64.66552238544578, 99.76966310897349
565.0, 72.0, 65.95883159975774, 101.76505446819765
566.0, 73.0, 65.95883159975774, 101.76505446819765
566.0, 72.0, 67.27800697368802, 103.80035361654724
568.0, 73.0, 67.27800697368802, 103.80035361654724
569.0, 73.0, 68.62356582993564, 105.87635870904356
572.0, 75.0, 68.62356582993564, 105.87635870904356
576.0, 75.0, 68.62356582993564, 105.87635870904356
579.0, 75.0, 68.62356582993564, 105.87635870904356
581.0, 74.0, 68.62356582993564, 105.87635870904356
584.0, 73.0, 68.62356582993564, 105.87635870904356
589.0, 71.0, 68.62356582993564, 105.87635870904356
592.0, 71.0, 67.27800579582481, 103.80035179927256
593.0, 71.0, 67.27800579582481, 103.80035179927256
596.0, 71.0, 67.27800579582481, 103.80035179927256
598.0, 71.0, 67.27800579582481, 103.80035179927256
601.0, 71.0, 67.27800579582481, 103.80035179927256
605.0, 71.0, 67.27800579582481, 103.80035179927256
608.0, 72.0, 65.95882929022201, 101.76505090491395
612.0, 73.0, 64.66551898906967, 99.76965786885035
616.0, 74.0, 64.66551898906967, 99.76965786885035
620.0, 74.0, 64.66551898906967, 99.76965786885035
625.0, 75.0, 64.66551898906967, 99.76965786885035
630.0, 75.0, 64.66551898906967, 99.76965786885035
632.0, 75.0, 64.66551898906967, 99.76965786885035
639.0, 75.0, 64.66551898906967, 99.76965786885035
644.0, 74.0, 64.66551898906967, 99.76965786885035
648.0, 73.0, 64.66551898906967, 99.76965786885035
651.0, 72.0, 64.66551898906967, 99.76965786885035
655.0, 73.0, 64.66551898906967, 99.76965786885035
659.0, 73.0, 64.66551898906967, 99.76965786885035
659.0, 69.0, 64.66551898906967, 99.76965786885035
663.0, 69.0, 65.95882813545417, 101.76504912327214
664.0, 68.0, 65.95882813545417, 101.76504912327214
664.0, 67.0, 65.95882813545417, 101.76504912327214
663.0, 68.0, 65.95882813545417, 101.76504912327214
661.0, 68.0, 65.95882813545417, 101.76504912327214
659.0, 68.0, 65.95882813545417, 101.76504912327214
656.0, 68.0, 65.95882813545417, 101.76504912327214
652.0, 68.0, 65.95882813545417, 101.76504912327214
648.0, 67.0, 65.95882813545417, 101.76504912327214
645.0, 68.0, 65.95882813545417, 101.76504912327214
642.0, 67.0, 65.95882813545417, 101.76504912327214
638.0, 66.0, 65.95882813545417, 101.76504912327214
633.0, 66.0, 65.95882813545417, 101.76504912327214
628.0, 64.0, 65.95882813545417, 101.76504912327214
622.0, 62.0, 65.95882813545417, 101.76504912327214
615.0, 61.0, 65.95882813545417, 101.76504912327214
608.0, 60.0, 65.95882813545417, 101.76504912327214
601.0, 57.0, 65.95882813545417, 101.76504912327214
594.0, 56.0, 65.95882813545417, 101.76504912327214
587.0, 55.0, 65.95882813545417, 101.76504912327214
580.0, 53.0, 65.95882813545417, 101.76504912327214
575.0, 52.0, 65.95882813545417, 101.76504912327214
569.0, 52.0, 65.95882813545417, 101.76504912327214
564.0, 53.0, 65.95882813545417, 101.76504912327214
561.0, 53.0, 65.95882813545417, 101.76504912327214
559.0, 54.0, 65.95882813545417, 101.76504912327214
555.0, 54.0, 65.95882813545417, 101.76504912327214
554.0, 54.0, 65.95882813545417, 101.76504912327214
553.0, 54.0, 65.95882813545417, 101.76504912327214
553.0, 52.0, 65.95882813545417, 101.76504912327214
554.0, 51.0, 65.95882813545417, 101.76504912327214
555.0, 49.0, 65.95882813545417, 101.76504912327214
556.0, 48.0, 65.95882813545417, 101.76504912327214
558.0, 45.0, 65.95882813545417, 101.76504912327214
560.0, 43.0, 65.95882813545417, 101.76504912327214
562.0, 40.0, 65.95882813545417, 101.76504912327214
565.0, 39.0, 65.95882813545417, 101.76504912327214
568.0, 38.0, 65.95882813545417, 101.76504912327214
572.0, 37.0, 65.95882813545417, 101.76504912327214
576.0, 37.0, 65.95882813545417, 101.76504912327214
580.0, 37.0, 65.95882813545417, 101.76504912327214
585.0, 37.0, 65.95882813545417, 101.76504912327214
589.0, 38.0, 65.95882813545417, 101.76504912327214
593.0, 38.0, 65.95882813545417, 101.76504912327214
597.0, 38.0, 65.95882813545417, 101.76504912327214
602.0, 39.0, 65.95882813545417, 101.76504912327214
608.0, 38.0, 65.95882813545417, 101.76504912327214
613.0, 38.0, 65.95882813545417, 101.76504912327214
617.0, 36.0, 65.95882813545417, 101.76504912327214
621.0, 36.0, 65.95882813545417, 101.76504912327214
623.0, 34.0, 65.95882813545417, 101.76504912327214
626.0, 33.0, 64.66551785694433, 99.76965612214268
626.0, 32.0, 64.66551785694433, 99.76965612214268
626.0, 30.0, 64.66551785694433, 99.76965612214268
624.0, 29.0, 64.66551785694433, 99.76965612214268
622.0, 28.0, 64.66551785694433, 99.76965612214268
618.0, 26.0, 64.66551785694433, 99.76965612214268
613.0, 26.0, 64.66551785694433, 99.76965612214268
609.0, 26.0, 63.39756660199179, 97.81338847164449
602.0, 26.0, 63.39756660199179, 97.81338847164449
595.0, 27.0, 63.39756660199179, 97.81338847164449
587.0, 28.0, 63.39756660199179, 97.81338847164449
580.0, 28.0, 63.39756660199179, 97.81338847164449
570.0, 29.0, 63.39756660199179, 97.81338847164449
562.0, 29.0, 63.39756660199179, 97.81338847164449
553.0, 29.0, 63.39756660199179, 97.81338847164449
544.0, 28.0, 63.39756660199179, 97.81338847164449
535.0, 28.0, 63.39756660199179, 97.81338847164449
524.0, 27.0, 64.66551672481901, 99.76965437543504
515.0, 26.0, 64.66551672481901, 99.76965437543504
505.0, 25.0, 64.66551672481901, 99.76965437543504
495.0, 23.0, 65.95882582591854, 101.76504555998861
485.0, 22.0, 65.95882582591854, 101.76504555998861
476.0, 22.0, 65.95882582591854, 101.76504555998861
469.0, 21.0, 65.95882582591854, 101.76504555998861
463.0, 22.0, 64.66551559269372, 99.76965262872746
458.0, 22.0, 63.397564382138256, 97.81338504672759
454.0, 24.0, 63.397564382138256, 97.81338504672759
452.0, 24.0, 63.397564382138256, 97.81338504672759
450.0, 25.0, 63.397564382138256, 97.81338504672759
450.0, 25.0, 63.397564382138256, 97.81338504672759
451.0, 26.0, 62.154474958543176, 95.89547565032376
454.0, 26.0, 62.154474958543176, 95.89547565032376
457.0, 25.0, 62.154474958543176, 95.89547565032376
461.0, 25.0, 62.154474958543176, 95.89547565032376
465.0, 23.0, 63.397563272211514, 97.81338333426919
470.0, 22.0, 63.397563272211514, 97.81338333426919
474.0, 20.0, 63.397563272211514, 97.81338333426919
478.0, 19.0, 63.397563272211514, 97.81338333426919
482.0, 17.0, 63.397563272211514, 97.81338333426919
486.0, 17.0, 63.397563272211514, 97.81338333426919
490.0, 16.0, 63.397563272211514, 97.81338333426919
494.0, 14.0, 63.397563272211514, 97.81338333426919
498.0, 15.0, 63.397563272211514, 97.81338333426919
502.0, 13.0, 64.66551332844318, 99.76964913531233
505.0, 13.0, 63.397562162284785, 97.8133816218108
508.0, 13.0, 63.397562162284785, 97.8133816218108
513.0, 13.0, 63.397562162284785, 97.8133816218108
517.0, 14.0, 63.397562162284785, 97.8133816218108
520.0, 14.0, 63.397562162284785, 97.8133816218108
524.0, 14.0, 62.15447278221624, 95.8954722925622
529.0, 15.0, 62.15447278221624, 95.8954722925622
534.0, 15.0, 62.15447278221624, 95.8954722925622
537.0, 14.0, 62.15447278221624, 95.8954722925622
539.0, 14.0, 62.15447278221624, 95.8954722925622
538.0, 13.0, 62.15447278221624, 95.8954722925622
537.0, 12.0, 62.15447278221624, 95.8954722925622
534.0, 12.0, 62.15447278221624, 95.8954722925622
528.0, 11.0, 62.15447278221624, 95.8954722925622
523.0, 10.0, 62.15447278221624, 95.8954722925622
517.0, 9.0, 62.15447278221624, 95.8954722925622
511.0, 9.0, 62.15447278221624, 95.8954722925622
504.0, 9.0, 62.15447278221624, 95.8954722925622
497.0, 9.0, 62.15447278221624, 95.8954722925622
490.0, 9.0, 62.15447278221624, 95.8954722925622
482.0, 10.0, 62.15447278221624, 95.8954722925622
474.0, 11.0, 62.15447278221624, 95.8954722925622
466.0, 11.0, 62.15447278221624, 95.8954722925622
458.0, 12.0, 62.15447278221624, 95.8954722925622
449.0, 14.0, 60.93575770226485, 94.01516902635149
441.0, 14.0, 60.93575770226485, 94.01516902635149
432.0, 15.0, 60.93575770226485, 94.01516902635149
425.0, 15.0, 60.93575770226485, 94.01516902635149
417.0, 15.0, 60.93575770226485, 94.01516902635149
410.0, 14.0, 60.93575770226485, 94.01516902635149
403.0, 14.0, 60.93575770226485, 94.01516902635149
395.0, 13.0, 60.93575770226485, 94.01516902635149
389.0, 12.0, 60.93575770226485, 94.01516902635149
383.0, 12.0, 60.93575770226485, 94.01516902635149
376.0, 12.0, 60.93575770226485, 94.01516902635149
372.0, 11.0, 60.93575770226485, 94.01516902635149
367.0, 11.0, 60.93575770226485, 94.01516902635149
364.0, 12.0, 60.93575770226485, 94.01516902635149
363.0, 12.0, 60.93575770226485, 94.01516902635149
360.0, 12.0, 60.93575770226485, 94.01516902635149
359.0, 12.0, 60.93575770226485, 94.01516902635149
358.0, 12.0, 60.93575770226485, 94.01516902635149
359.0, 12.0, 60.93575770226485, 94.01516902635149
360.0, 12.0, 60.93575770226485, 94.01516902635149
362.0, 12.0, 60.93575770226485, 94.01516902635149
365.0, 12.0, 60.93575770226485, 94.01516902635149
367.0, 12.0, 60.93575770226485, 94.01516902635149
370.0, 11.0, 60.93575770226485, 94.01516902635149
374.0, 10.0, 60.93575770226485, 94.01516902635149
376.0, 8.0, 60.93575770226485, 94.01516902635149
378.0, 6.0, 60.93575770226485, 94.01516902635149
380.0, 6.0, 60.93575770226485, 94.01516902635149
383.0, 5.0, 60.93575770226485, 94.01516902635149
384.0, 4.0, 60.93575770226485, 94.01516902635149
387.0, 4.0, 60.93575770226485, 94.01516902635149
389.0, 3.0, 60.93575770226485, 94.01516902635149
391.0, 3.0, 60.93575770226485, 94.01516902635149
395.0, 3.0, 60.93575770226485, 94.01516902635149
396.0, 3.0, 60.93575770226485, 94.01516902635149
400.0, 4.0, 60.93575770226485, 94.01516902635149
401.0, 4.0, 60.93575770226485, 94.01516902635149
405.0, 4.0, 60.93575770226485, 94.01516902635149
408.0, 5.0, 60.93575770226485, 94.01516902635149
410.0, 5.0, 60.93575770226485, 94.01516902635149
414.0, 6.0, 60.93575770226485, 94.01516902635149
417.0, 6.0, 60.93575770226485, 94.01516902635149
421.0, 6.0, 60.93575770226485, 94.01516902635149
424.0, 6.0, 60.93575770226485, 94.01516902635149
427.0, 5.0, 60.93575770226485, 94.01516902635149
430.0, 4.0, 60.93575770226485, 94.01516902635149
433.0, 3.0, 60.93575770226485, 94.01516902635149
436.0, 3.0, 60.93575770226485, 94.01516902635149
437.0, 4.0, 60.93575770226485, 94.01516902635149
440.0, 4.0, 60.93575770226485, 94.01516902635149
441.0, 4.0, 60.93575770226485, 94.01516902635149
441.0, 5.0, 60.93575770226485, 94.01516902635149
441.0, 6.0, 60.93575770226485, 94.01516902635149
442.0, 6.0, 60.93575770226485, 94.01516902635149
441.0, 7.0, 60.93575770226485, 94.01516902635149
440.0, 8.0, 60.93575770226485, 94.01516902635149
440.0, 9.0, 60.93575770226485, 94.01516902635149
438.0, 10.0, 60.93575770226485, 94.01516902635149
437.0, 11.0, 60.93575770226485, 94.01516902635149
437.0, 13.0, 59.74093899500582, 92.17173444943755
435.0, 14.0, 59.74093899500582, 92.17173444943755
434.0, 16.0, 58.56954810413978, 90.36444564638708
431.0, 17.0, 58.56954810413978, 90.36444564638708
429.0, 17.0, 58.56954810413978, 90.36444564638708
427.0, 18.0, 58.56954810413978, 90.36444564638708
423.0, 18.0, 58.56954810413978, 90.36444564638708
420.0, 18.0, 58.56954810413978, 90.36444564638708
417.0, 18.0, 58.56954810413978, 90.36444564638708
413.0, 19.0, 58.56954810413978, 90.36444564638708
408.0, 19.0, 58.56954810413978, 90.36444564638708
404.0, 20.0, 58.56954810413978, 90.36444564638708
401.0, 21.0, 58.56954810413978, 90.36444564638708
396.0, 22.0, 58.56954810413978, 90.36444564638708
394.0, 23.0, 58.56954810413978, 90.36444564638708
391.0, 24.0, 58.56954810413978, 90.36444564638708
389.0, 25.0, 58.56954810413978, 90.36444564638708
388.0, 26.0, 58.56954810413978, 90.36444564638708
388.0, 27.0, 58.56954810413978, 90.36444564638708
388.0, 28.0, 58.56954810413978, 90.36444564638708
387.0, 30.0, 58.56954810413978, 90.36444564638708
388.0, 31.0, 58.56954810413978, 90.36444564638708
388.0, 32.0, 58.56954810413978, 90.36444564638708
390.0, 33.0, 58.56954810413978, 90.36444564638708
391.0, 34.0, 58.56954810413978, 90.36444564638708
392.0, 34.0, 58.56954810413978, 90.36444564638708
393.0, 34.0, 58.56954810413978, 90.36444564638708
395.0, 34.0, 58.56954810413978, 90.36444564638708
397.0, 33.0, 58.56954810413978, 90.36444564638708
398.0, 34.0, 58.56954810413978, 90.36444564638708
400.0, 34.0, 58.56954810413978, 90.36444564638708
402.0, 35.0, 58.56954810413978, 90.36444564638708
403.0, 35.0, 58.56954810413978, 90.36444564638708
406.0, 35.0, 58.56954810413978, 90.36444564638708
408.0, 35.0, 58.56954810413978, 90.36444564638708
409.0, 36.0, 58.56954810413978, 90.36444564638708
410.0, 37.0, 58.56954810413978, 90.36444564638708
410.0, 37.0, 58.56954810413978, 90.36444564638708
411.0, 38.0, 58.56954810413978, 90.36444564638708
411.0, 39.0, 58.56954810413978, 90.36444564638708
410.0, 40.0, 58.56954810413978, 90.36444564638708
409.0, 41.0, 58.56954810413978, 90.36444564638708
407.0, 42.0, 58.56954810413978, 90.36444564638708
404.0, 44.0, 58.56954810413978, 90.36444564638708
401.0, 45.0, 58.56954810413978, 90.36444564638708
398.0, 45.0, 58.56954810413978, 90.36444564638708
394.0, 46.0, 58.56954810413978, 90.36444564638708
391.0, 46.0, 58.56954810413978, 90.36444564638708
385.0, 46.0, 58.56954810413978, 90.36444564638708
381.0, 47.0, 58.56954810413978, 90.36444564638708
376.0, 47.0, 58.56954810413978, 90.36444564638708
371.0, 49.0, 58.56954810413978, 90.36444564638708
366.0, 50.0, 58.56954810413978, 90.36444564638708
361.0, 51.0, 58.56954810413978, 90.36444564638708
356.0, 53.0, 58.56954810413978, 90.36444564638708
350.0, 54.0, 58.56954810413978, 90.36444564638708
346.0, 55.0, 58.56954810413978, 90.36444564638708
341.0, 57.0, 58.56954810413978, 90.36444564638708
336.0, 58.0, 58.56954810413978, 90.36444564638708
333.0, 60.0, 58.56954810413978, 90.36444564638708
330.0, 62.0, 57.42112566074521, 88.59259387657832
327.0, 64.0, 57.42112566074521, 88.59259387657832
324.0, 65.0, 57.42112566074521, 88.59259387657832
322.0, 66.0, 57.42112566074521, 88.59259387657832
320.0, 68.0, 57.42112566074521, 88.59259387657832
320.0, 69.0, 57.42112566074521, 88.59259387657832
319.0, 70.0, 57.42112566074521, 88.59259387657832
319.0, 70.0, 57.42112566074521, 88.59259387657832
319.0, 70.0, 57.42112566074521, 88.59259387657832
320.0, 69.0, 57.42112566074521, 88.59259387657832
320.0, 69.0, 57.42112566074521, 88.59259387657832
321.0, 68.0, 57.42112566074521, 88.59259387657832
323.0, 68.0, 57.42112566074521, 88.59259387657832
324.0, 68.0, 57.42112566074521, 88.59259387657832
325.0, 68.0, 57.42112566074521, 88.59259387657832
326.0, 68.0, 57.42112566074521, 88.59259387657832
328.0, 68.0, 57.42112566074521, 88.59259387657832
330.0, 68.0, 57.42112566074521, 88.59259387657832
332.0, 69.0, 57.42112566074521, 88.59259387657832
334.0, 69.0, 57.42112566074521, 88.59259387657832
335.0, 69.0, 57.42112566074521, 88.59259387657832
337.0, 69.0, 57.42112566074521, 88.59259387657832
340.0, 69.0, 57.42112566074521, 88.59259387657832
342.0, 69.0, 57.42112566074521, 88.59259387657832
344.0, 69.0, 57.42112566074521, 88.59259387657832
348.0, 69.0, 57.42112566074521, 88.59259387657832
349.0, 68.0, 57.42112566074521, 88.59259387657832
351.0, 67.0, 57.42112566074521, 88.59259387657832
354.0, 66.0, 57.42112566074521, 88.59259387657832
356.0, 64.0, 57.42112566074521, 88.59259387657832
358.0, 62.0, 57.42112566074521, 88.59259387657832
361.0, 61.0, 57.42112566074521, 88.59259387657832
362.0, 60.0, 57.42112566074521, 88.59259387657832
366.0, 59.0, 57.42112566074521, 88.59259387657832
366.0, 58.0, 57.42112566074521, 88.59259387657832
369.0, 57.0, 57.42112566074521, 88.59259387657832
371.0, 56.0, 57.42112566074521, 88.59259387657832
374.0, 55.0, 57.42112566074521, 88.59259387657832
377.0, 55.0, 56.29522130313385, 86.85548429626365
379.0, 54.0, 56.29522130313385, 86.85548429626365
383.0, 54.0, 55.19139350023822, 85.15243568608182
385.0, 54.0, 55.19139350023822, 85.15243568608182
388.0, 54.0, 55.19139350023822, 85.15243568608182
390.0, 53.0, 55.19139350023822, 85.15243568608182
393.0, 53.0, 55.19139350023822, 85.15243568608182
396.0, 52.0, 55.19139350023822, 85.15243568608182
398.0, 52.0, 55.19139350023822, 85.15243568608182
401.0, 51.0, 55.19139350023822, 85.15243568608182
402.0, 50.0, 56.295220317550694, 86.85548277564965
405.0, 49.0, 56.295220317550694, 86.85548277564965
407.0, 47.0, 56.295220317550694, 86.85548277564965
410.0, 46.0, 56.295220317550694, 86.85548277564965
412.0, 44.0, 56.295220317550694, 86.85548277564965
413.0, 43.0, 56.295220317550694, 86.85548277564965
414.0, 42.0, 56.295220317550694, 86.85548277564965
416.0, 41.0, 56.295220317550694, 86.85548277564965
417.0, 40.0, 56.295220317550694, 86.85548277564965
418.0, 39.0, 57.42112365015559, 88.59259077452577
419.0, 38.0, 57.42112365015559, 88.59259077452577
421.0, 38.0, 57.42112365015559, 88.59259077452577
422.0, 37.0, 57.42112365015559, 88.59259077452577
423.0, 36.0, 57.42112365015559, 88.59259077452577
423.0, 35.0, 57.42112365015559, 88.59259077452577
424.0, 35.0, 57.42112365015559, 88.59259077452577
425.0, 35.0, 57.42112365015559, 88.59259077452577
427.0, 35.0, 57.42112365015559, 88.59259077452577
427.0, 34.0, 57.42112365015559, 88.59259077452577
428.0, 34.0, 57.42112365015559, 88.59259077452577
430.0, 33.0, 57.42112365015559, 88.59259077452577
431.0, 32.0, 57.42112365015559, 88.59259077452577
431.0, 30.0, 57.42112365015559, 88.59259077452577
433.0, 28.0, 57.42112365015559, 88.59259077452577
433.0, 27.0, 57.42112365015559, 88.59259077452577
434.0, 25.0, 57.42112365015559, 88.59259077452577
437.0, 25.0, 57.42112365015559, 88.59259077452577
437.0, 23.0, 57.42112365015559, 88.59259077452577
439.0, 23.0, 57.42112365015559, 88.59259077452577
441.0, 22.0, 57.42112365015559, 88.59259077452577
443.0, 21.0, 57.42112365015559, 88.59259077452577
444.0, 20.0, 57.42112365015559, 88.59259077452577
447.0, 19.0, 57.42112365015559, 88.59259077452577
448.0, 18.0, 57.42112365015559, 88.59259077452577
450.0, 18.0, 57.42112365015559, 88.59259077452577
452.0, 17.0, 57.42112365015559, 88.59259077452577
454.0, 17.0, 57.42112365015559, 88.59259077452577
456.0, 17.0, 57.42112365015559, 88.59259077452577
457.0, 16.0, 57.42112365015559, 88.59259077452577
459.0, 15.0, 57.42112365015559, 88.59259077452577
462.0, 15.0, 57.42112365015559, 88.59259077452577
464.0, 15.0, 57.42112365015559, 88.59259077452577
467.0, 13.0, 57.42112365015559, 88.59259077452577
469.0, 13.0, 57.42112365015559, 88.59259077452577
470.0, 10.0, 58.56954502793769, 90.36444090024672
473.0, 8.0, 58.56954502793769, 90.36444090024672
475.0, 7.0, 58.56954502793769, 90.36444090024672
477.0, 4.0, 59.74093481137103, 92.17172799468673
479.0, 3.0, 59.74093481137103, 92.17172799468673
481.0, 2.0, 59.74093481137103, 92.17172799468673
482.0, -0.0, 60.935752368130544, 94.01516079654427
484.0, -1.0, 60.935752368130544, 94.01516079654427
485.0, -2.0, 60.935752368130544, 94.01516079654427
486.0, -3.0, 60.935752368130544, 94.01516079654427
488.0, -4.0, 60.935752368130544, 94.01516079654427
488.0, -5.0, 60.935752368130544, 94.01516079654427
488.0, -6.0, 60.935752368130544, 94.01516079654427
488.0, -7.0, 60.935752368130544, 94.01516079654427
488.0, -8.0, 60.935752368130544, 94.01516079654427
486.0, -8.0, 60.935752368130544, 94.01516079654427
486.0, -8.0, 60.935752368130544, 94.01516079654427
484.0, -9.0, 60.935752368130544, 94.01516079654427
482.0, -9.0, 60.935752368130544, 94.01516079654427
480.0, -10.0, 60.935752368130544, 94.01516079654427
477.0, -12.0, 60.935752368130544, 94.01516079654427
475.0, -13.0, 60.935752368130544, 94.01516079654427
472.0, -14.0, 60.935752368130544, 94.01516079654427
468.0, -15.0, 60.935752368130544, 94.01516079654427
464.0, -16.0, 60.935752368130544, 94.01516079654427
461.0, -16.0, 59.74093376546237, 92.17172638099909
454.0, -18.0, 60.93575130130373, 94.0151591505829
450.0, -19.0, 60.93575130130373, 94.0151591505829
444.0, -19.0, 60.93575130130373, 94.0151591505829
438.0, -19.0, 60.93575130130373, 94.0151591505829
431.0, -20.0, 60.93575130130373, 94.0151591505829
425.0, -20.0, 60.93575130130373, 94.0151591505829
417.0, -20.0, 60.93575130130373, 94.0151591505829
410.0, -21.0, 60.93575130130373, 94.0151591505829
403.0, -20.0, 60.93575130130373, 94.0151591505829
395.0, -20.0, 60.93575130130373, 94.0151591505829
388.0, -20.0, 60.93575130130373, 94.0151591505829
382.0, -19.0, 60.93575130130373, 94.0151591505829
375.0, -19.0, 60.93575130130373, 94.0151591505829
369.0, -19.0, 60.93575130130373, 94.0151591505829
367.0, -19.0, 60.93575130130373, 94.0151591505829
362.0, -21.0, 60.93575130130373, 94.0151591505829
361.0, -22.0, 60.93575130130373, 94.0151591505829
359.0, -23.0, 60.93575130130373, 94.0151591505829
358.0, -25.0, 60.93575130130373, 94.0151591505829
357.0, -26.0, 60.93575130130373, 94.0151591505829
357.0, -29.0, 60.93575130130373, 94.0151591505829
358.0, -30.0, 60.93575130130373, 94.0151591505829
359.0, -31.0, 60.93575130130373, 94.0151591505829
359.0, -32.0, 60.93575130130373, 94.0151591505829
362.0, -34.0, 60.93575130130373, 94.0151591505829
364.0, -35.0, 60.93575130130373, 94.0151591505829
365.0, -37.0, 62.154465165072594, 95.8954605403977
368.0, -38.0, 62.154465165072594, 95.8954605403977
369.0, -38.0, 62.154465165072594, 95.8954605403977
371.0, -38.0, 62.154465165072594, 95.8954605403977
373.0, -39.0, 62.154465165072594, 95.8954605403977
375.0, -38.0, 62.154465165072594, 95.8954605403977
377.0, -38.0, 62.154465165072594, 95.8954605403977
379.0, -37.0, 62.154465165072594, 95.8954605403977
381.0, -37.0, 62.154465165072594, 95.8954605403977
384.0, -37.0, 62.154465165072594, 95.8954605403977
386.0, -37.0, 62.154465165072594, 95.8954605403977
387.0, -38.0, 62.154465165072594, 95.8954605403977
389.0, -40.0, 62.154465165072594, 95.8954605403977
390.0, -41.0, 62.154465165072594, 95.8954605403977
391.0, -42.0, 62.154465165072594, 95.8954605403977
392.0, -43.0, 62.154465165072594, 95.8954605403977
394.0, -44.0, 62.154465165072594, 95.8954605403977
395.0, -45.0, 62.154465165072594, 95.8954605403977
396.0, -46.0, 62.154465165072594, 95.8954605403977
397.0, -46.0, 62.154465165072594, 95.8954605403977
399.0, -47.0, 62.154465165072594, 95.8954605403977
400.0, -47.0, 62.154465165072594, 95.8954605403977
402.0, -48.0, 62.154465165072594, 95.8954605403977
404.0, -48.0, 62.154465165072594, 95.8954605403977
404.0, -49.0, 63.397553282871705, 97.81336792214492
405.0, -49.0, 63.397553282871705, 97.81336792214492
407.0, -49.0, 63.397553282871705, 97.81336792214492
407.0, -48.0, 63.397553282871705, 97.81336792214492
409.0, -47.0, 63.397553282871705, 97.81336792214492
409.0, -47.0, 63.397553282871705, 97.81336792214492
410.0, -47.0, 63.397553282871705, 97.81336792214492
412.0, -48.0, 63.397553282871705, 97.81336792214492
412.0, -48.0, 63.397553282871705, 97.81336792214492
414.0, -49.0, 62.15446407690929, 95.89545886151718
415.0, -50.0, 62.15446407690929, 95.89545886151718
416.0, -50.0, 62.15446407690929, 95.89545886151718
416.0, -50.0, 62.15446407690929, 95.89545886151718
417.0, -50.0, 62.15446407690929, 95.89545886151718
418.0, -50.0, 62.15446407690929, 95.89545886151718
419.0, -50.0, 62.15446407690929, 95.89545886151718
420.0, -49.0, 62.15446407690929, 95.89545886151718
421.0, -49.0, 62.15446407690929, 95.89545886151718
421.0, -49.0, 62.15446407690929, 95.89545886151718
422.0, -48.0, 62.15446407690929, 95.89545886151718
422.0, -48.0, 62.15446407690929, 95.89545886151718
422.0, -47.0, 62.15446407690929, 95.89545886151718
423.0, -45.0, 60.93574916765018, 94.01515585866028
423.0, -44.0, 60.93574916765018, 94.01515585866028
423.0, -43.0, 60.93574916765018, 94.01515585866028
423.0, -42.0, 60.93574916765018, 94.01515585866028
423.0, -42.0, 60.93574916765018, 94.01515585866028
424.0, -43.0, 60.93574916765018, 94.01515585866028
423.0, -43.0, 60.93574916765018, 94.01515585866028
423.0, -44.0, 60.93574916765018, 94.01515585866028
422.0, -45.0, 60.93574916765018, 94.01515585866028
421.0, -45.0, 60.93574916765018, 94.01515585866028
421.0, -45.0, 60.93574916765018, 94.01515585866028
421.0, -45.0, 60.93574916765018, 94.01515585866028
420.0, -45.0, 60.93574916765018, 94.01515585866028
420.0, -45.0, 60.93574916765018, 94.01515585866028
421.0, -46.0, 60.93574916765018, 94.01515585866028
420.0, -45.0, 60.93574916765018, 94.01515585866028
420.0, -44.0, 60.93574916765018, 94.01515585866028
420.0, -45.0, 62.15446298874601, 95.8954571826367
420.0, -46.0, 63.39755106301863, 97.81336449722875
420.0, -46.0, 64.66550087506668, 99.76962992153145
420.0, -44.0, 64.66550087506668, 99.76962992153145
420.0, -45.0, 65.95880965917146, 101.76502061700741
421.0, -43.0, 65.95880965917146, 101.76502061700741
421.0, -41.0, 65.95880965917146, 101.76502061700741
421.0, -39.0, 65.95880965917146, 101.76502061700741
423.0, -39.0, 65.95880965917146, 101.76502061700741
425.0, -38.0, 64.66549974294166, 99.76962817482428
426.0, -37.0, 64.66549974294166, 99.76962817482428
427.0, -35.0, 63.39754884316563, 97.81336107231269
428.0, -34.0, 63.39754884316563, 97.81336107231269
428.0, -32.0, 63.39754884316563, 97.81336107231269
429.0, -30.0, 63.39754884316563, 97.81336107231269
429.0, -30.0, 64.66549861081666, 99.76962642811714
429.0, -27.0, 64.66549861081666, 99.76962642811714
430.0, -26.0, 64.66549861081666, 99.76962642811714
430.0, -24.0, 64.66549861081666, 99.76962642811714
430.0, -23.0, 64.66549861081666, 99.76962642811714
431.0, -21.0, 64.66549861081666, 99.76962642811714
431.0, -18.0, 64.66549861081666, 99.76962642811714
431.0, -15.0, 64.66549861081666, 99.76962642811714
432.0, -14.0, 64.66549861081666, 99.76962642811714
432.0, -11.0, 64.66549861081666, 99.76962642811714
432.0, -9.0, 64.66549861081666, 99.76962642811714
433.0, -5.0, 64.66549861081666, 99.76962642811714
433.0, -4.0, 64.66549861081666, 99.76962642811714
433.0, -3.0, 64.66549861081666, 99.76962642811714
433.0, -0.0, 64.66549861081666, 99.76962642811714
434.0, -0.0, 65.95880734963649, 101.76501705372488
433.0, 0.0, 67.27798223856482, 103.80031545378571
434.0, 1.0, 67.27798223856482, 103.80031545378571
433.0, 3.0, 67.27798223856482, 103.80031545378571
434.0, 4.0, 67.27798223856482, 103.80031545378571
434.0, 5.0, 67.27798223856482, 103.80031545378571
434.0, 6.0, 67.27798223856482, 103.80031545378571
435.0, 9.0, 67.27798223856482, 103.80031545378571
435.0, 11.0, 67.27798223856482, 103.80031545378571
436.0, 12.0, 67.27798223856482, 103.80031545378571
436.0, 14.0, 67.27798223856482, 103.80031545378571
437.0, 17.0, 67.27798223856482, 103.80031545378571
438.0, 20.0, 65.95880619486904, 101.76501527208366
439.0, 22.0, 65.95880619486904, 101.76501527208366
440.0, 25.0, 65.95880619486904, 101.76501527208366
442.0, 28.0, 65.95880619486904, 101.76501527208366
443.0, 31.0, 65.95880619486904, 101.76501527208366
444.0, 34.0, 65.95880619486904, 101.76501527208366
446.0, 36.0, 65.95880619486904, 101.76501527208366
447.0, 37.0, 65.95880619486904, 101.76501527208366
449.0, 37.0, 65.95880619486904, 101.76501527208366
452.0, 38.0, 65.95880619486904, 101.76501527208366
453.0, 37.0, 67.27798106070203, 103.8003136365117
455.0, 37.0, 68.62353939869041, 105.87631792940806
457.0, 37.0, 68.62353939869041, 105.87631792940806
459.0, 39.0, 68.62353939869041, 105.87631792940806
460.0, 38.0, 69.99600887777407, 107.99384226856573
462.0, 39.0, 69.99600887777407, 107.99384226856573
463.0, 41.0, 69.99600887777407, 107.99384226856573
465.0, 42.0, 69.99600887777407, 107.99384226856573
467.0, 43.0, 69.99600887777407, 107.99384226856573
468.0, 45.0, 69.99600887777407, 107.99384226856573
470.0, 47.0, 69.99600887777407, 107.99384226856573
472.0, 49.0, 69.99600887777407, 107.99384226856573
474.0, 51.0, 69.99600887777407, 107.99384226856573
476.0, 52.0, 69.99600887777407, 107.99384226856573
478.0, 55.0, 68.62353819727042, 105.87631607578864
480.0, 57.0, 68.62353819727042, 105.87631607578864
482.0, 58.0, 68.62353819727042, 105.87631607578864
484.0, 59.0, 68.62353819727042, 105.87631607578864
486.0, 61.0, 67.27797870497652, 103.80031000196377
488.0, 61.0, 67.27797870497652, 103.80031000196377
491.0, 62.0, 67.27797870497652, 103.80031000196377
493.0, 63.0, 67.27797870497652, 103.80031000196377
494.0, 63.0, 68.62353699585044, 105.87631422216926
496.0, 64.0, 68.62353699585044, 105.87631422216926
498.0, 64.0, 68.62353699585044, 105.87631422216926
500.0, 65.0, 68.62353699585044, 105.87631422216926
502.0, 67.0, 68.62353699585044, 105.87631422216926
504.0, 69.0, 68.62353699585044, 105.87631422216926
506.0, 70.0, 68.62353699585044, 105.87631422216926
509.0, 72.0, 68.62353699585044, 105.87631422216926
512.0, 73.0, 68.62353699585044, 105.87631422216926
514.0, 76.0, 68.62353699585044, 105.87631422216926
517.0, 78.0, 68.62353699585044, 105.87631422216926
519.0, 81.0, 68.62353699585044, 105.87631422216926
524.0, 84.0, 67.27797752711379, 103.80030818468985
527.0, 87.0, 67.27797752711379, 103.80030818468985
530.0, 90.0, 67.27797752711379, 103.80030818468985
535.0, 91.0, 67.27797752711379, 103.80030818468985
539.0, 93.0, 67.27797752711379, 103.80030818468985
542.0, 93.0, 68.62353579443048, 105.87631236854989
545.0, 94.0, 68.62353579443048, 105.87631236854989
549.0, 93.0, 69.99600520142903, 107.9938365964905
551.0, 94.0, 71.39592397038976, 110.15371126860134
556.0, 94.0, 72.82384108802839, 112.35678339295808
559.0, 96.0, 72.82384108802839, 112.35678339295808
562.0, 97.0, 72.82384108802839, 112.35678339295808
565.0, 99.0, 72.82384108802839, 112.35678339295808
569.0, 100.0, 72.82384108802839, 112.35678339295808
572.0, 102.0, 72.82384108802839, 112.35678339295808
574.0, 104.0, 72.82384108802839, 112.35678339295808
575.0, 106.0, 72.82384108802839, 112.35678339295808
576.0, 109.0, 72.82384108802839, 112.35678339295808
575.0, 111.0, 72.82384108802839, 112.35678339295808
574.0, 113.0, 72.82384108802839, 112.35678339295808
571.0, 117.0, 72.82384108802839, 112.35678339295808
566.0, 119.0, 72.82384108802839, 112.35678339295808
562.0, 121.0, 72.82384108802839, 112.35678339295808
556.0, 124.0, 72.82384108802839, 112.35678339295808
548.0, 127.0, 72.82384108802839, 112.35678339295808
542.0, 129.0, 72.82384108802839, 112.35678339295808
534.0, 131.0, 72.82384108802839, 112.35678339295808
525.0, 132.0, 72.82384108802839, 112.35678339295808
516.0, 134.0, 72.82384108802839, 112.35678339295808
506.0, 135.0, 72.82384108802839, 112.35678339295808
495.0, 136.0, 72.82384108802839, 112.35678339295808
484.0, 137.0, 72.82384108802839, 112.35678339295808
474.0, 139.0, 72.82384108802839, 112.35678339295808
461.0, 140.0, 72.82384108802839, 112.35678339295808
451.0, 142.0, 72.82384108802839, 112.35678339295808
439.0, 144.0, 72.82384108802839, 112.35678339295808
430.0, 146.0, 72.82384108802839, 112.35678339295808
421.0, 148.0, 71.39592272043252, 110.15370934009589
413.0, 152.0, 69.99600275053244, 107.9938328151072
406.0, 154.0, 68.62353219017076, 105.87630680769203
399.0, 157.0, 67.27797281566313, 103.80030091559455
