762.0, 815.0, 62.0, 99.0
762.0, 815.0, 62.0, 99.0
762.0, 814.0, 62.0, 99.0
762.0, 815.0, 62.0, 99.0
762.0, 813.0, 62.0, 99.0
762.0, 813.0, 62.0, 99.0
762.0, 812.0, 62.0, 99.0
762.0, 813.0, 62.0, 99.0
762.0, 812.0, 62.0, 99.0
763.0, 812.0, 62.0, 99.0
763.0, 812.0, 62.0, 99.0
764.0, 812.0, 62.0, 99.0
764.0, 812.0, 62.0, 99.0
765.0, 812.0, 62.0, 99.0
766.0, 813.0, 62.0, 99.0
767.0, 812.0, 62.0, 99.0
769.0, 813.0, 62.0, 99.0
770.0, 812.0, 62.0, 99.0
771.0, 813.0, 62.0, 99.0
772.0, 812.0, 62.0, 99.0
773.0, 813.0, 62.0, 99.0
775.0, 811.0, 62.0, 99.0
776.0, 811.0, 62.0, 99.0
777.0, 811.0, 62.0, 99.0
778.0, 811.0, 62.0, 99.0
779.0, 811.0, 62.0, 99.0
780.0, 811.0, 62.0, 99.0
781.0, 811.0, 62.0, 99.0
782.0, 811.0, 62.0, 99.0
783.0, 811.0, 62.0, 99.0
783.0, 811.0, 62.0, 99.0
784.0, 811.0, 62.0, 99.0
785.0, 811.0, 62.0, 99.0
785.0, 811.0, 62.0, 99.0
786.0, 811.0, 62.0, 99.0
787.0, 811.0, 62.0, 99.0
787.0, 811.0, 62.0, 99.0
787.0, 810.0, 62.0, 99.0
787.0, 810.0, 62.0, 99.0
787.0, 810.0, 62.0, 99.0
787.0, 809.0, 62.0, 99.0
787.0, 808.0, 62.0, 99.0
788.0, 808.0, 62.0, 99.0
788.0, 808.0, 62.0, 99.0
789.0, 808.0, 62.0, 99.0
789.0, 808.0, 62.0, 99.0
790.0, 809.0, 62.0, 99.0
790.0, 808.0, 62.0, 99.0
790.0, 809.0, 62.0, 99.0
791.0, 808.0, 62.0, 99.0
791.0, 809.0, 62.0, 99.0
792.0, 809.0, 62.0, 99.0
793.0, 809.0, 62.0, 99.0
794.0, 809.0, 62.0, 99.0
795.0, 809.0, 62.0, 99.0
797.0, 809.0, 62.0, 99.0
798.0, 809.0, 62.0, 99.0
800.0, 809.0, 62.0, 99.0
802.0, 808.0, 62.0, 99.0
803.0, 809.0, 62.0, 99.0
804.0, 808.0, 62.0, 99.0
805.0, 809.0, 62.0, 99.0
806.0, 808.0, 62.0, 99.0
807.0, 810.0, 62.0, 99.0
808.0, 810.0, 62.0, 99.0
809.0, 810.0, 62.0, 99.0
810.0, 810.0, 62.0, 99.0
811.0, 810.0, 62.0, 99.0
811.0, 809.0, 62.0, 99.0
812.0, 808.0, 62.0, 99.0
813.0, 808.0, 62.0, 99.0
814.0, 807.0, 62.0, 99.0
815.0, 805.0, 62.0, 99.0
816.0, 803.0, 62.0, 99.0
816.0, 802.0, 62.0, 99.0
817.0, 800.0, 62.0, 99.0
818.0, 798.0, 62.0, 99.0
819.0, 797.0, 62.0, 99.0
819.0, 794.0, 62.0, 99.0
820.0, 794.0, 62.0, 99.0
821.0, 793.0, 62.0, 99.0
821.0, 791.0, 62.0, 99.0
822.0, 790.0, 62.0, 99.0
823.0, 790.0, 62.0, 99.0
823.0, 789.0, 62.0, 99.0
824.0, 787.0, 62.0, 99.0
825.0, 786.0, 62.0, 99.0
826.0, 786.0, 62.0, 99.0
827.0, 785.0, 62.0, 99.0
828.0, 783.0, 62.0, 99.0
830.0, 781.0, 62.0, 99.0
831.0, 780.0, 62.0, 99.0
832.0, 779.0, 62.0, 99.0
833.0, 777.0, 62.0, 99.0
834.0, 777.0, 62.0, 99.0
834.0, 775.0, 62.0, 99.0
835.0, 774.0, 62.0, 99.0
835.0, 774.0, 62.0, 99.0
836.0, 773.0, 62.0, 99.0
836.0, 770.0, 62.0, 99.0
837.0, 770.0, 62.0, 99.0
837.0, 769.0, 62.0, 99.0
836.0, 768.0, 62.0, 99.0
836.0, 768.0, 62.0, 99.0
836.0, 766.0, 62.0, 99.0
835.0, 765.0, 62.0, 99.0
835.0, 763.0, 62.0, 99.0
834.0, 762.0, 62.0, 99.0
834.0, 761.0, 62.0, 99.0
833.0, 758.0, 62.0, 99.0
833.0, 757.0, 62.0, 99.0
832.0, 754.0, 62.0, 99.0
832.0, 754.0, 62.0, 99.0
831.0, 753.0, 62.0, 99.0
831.0, 750.0, 62.0, 99.0
830.0, 750.0, 62.0, 99.0
829.0, 749.0, 62.0, 99.0
828.0, 747.0, 62.0, 99.0
828.0, 746.0, 62.0, 99.0
827.0, 746.0, 62.0, 99.0
826.0, 746.0, 62.0, 99.0
826.0, 745.0, 62.0, 99.0
825.0, 744.0, 62.0, 99.0
824.0, 744.0, 62.0, 99.0
824.0, 743.0, 62.0, 99.0
823.0, 742.0, 62.0, 99.0
822.0, 742.0, 62.0, 99.0
821.0, 741.0, 62.0, 99.0
820.0, 739.0, 62.0, 99.0
820.0, 738.0, 62.0, 99.0
819.0, 738.0, 62.0, 99.0
818.0, 737.0, 62.0, 99.0
817.0, 735.0, 62.0, 99.0
815.0, 735.0, 62.0, 99.0
814.0, 734.0, 62.0, 99.0
812.0, 734.0, 62.0, 99.0
809.0, 734.0, 62.0, 99.0
806.0, 734.0, 62.0, 99.0
804.0, 733.0, 62.0, 99.0
801.0, 732.0, 62.0, 99.0
797.0, 732.0, 62.0, 99.0
793.0, 732.0, 62.0, 99.0
790.0, 731.0, 62.0, 99.0
786.0, 730.0, 62.0, 99.0
783.0, 729.0, 62.0, 99.0
779.0, 728.0, 62.0, 99.0
775.0, 728.0, 62.0, 99.0
770.0, 727.0, 62.0, 99.0
766.0, 725.0, 62.0, 99.0
761.0, 724.0, 62.0, 99.0
757.0, 723.0, 62.0, 99.0
753.0, 721.0, 62.0, 99.0
748.0, 720.0, 62.0, 99.0
744.0, 720.0, 62.0, 99.0
740.0, 719.0, 62.0, 99.0
735.0, 717.0, 62.0, 99.0
731.0, 716.0, 62.0, 99.0
726.0, 716.0, 62.0, 99.0
721.0, 716.0, 62.0, 99.0
716.0, 715.0, 62.0, 99.0
709.0, 714.0, 62.0, 99.0
703.0, 714.0, 62.0, 99.0
696.0, 714.0, 62.0, 99.0
689.0, 713.0, 62.0, 99.0
682.0, 712.0, 62.0, 99.0
676.0, 713.0, 62.0, 99.0
669.0, 712.0, 62.0, 99.0
664.0, 712.0, 62.0, 99.0
659.0, 712.0, 62.0, 99.0
655.0, 711.0, 62.0, 99.0
654.0, 709.0, 62.0, 99.0
653.0, 708.0, 62.0, 99.0
653.0, 707.0, 62.0, 99.0
653.0, 705.0, 62.0, 99.0
654.0, 703.0, 62.0, 99.0
654.0, 702.0, 62.0, 99.0
655.0, 702.0, 62.0, 99.0
655.0, 701.0, 62.0, 99.0
656.0, 699.0, 62.0, 99.0
656.0, 698.0, 62.0, 99.0
657.0, 698.0, 62.0, 99.0
657.0, 697.0, 62.0, 99.0
657.0, 695.0, 62.0, 99.0
658.0, 694.0, 62.0, 99.0
658.0, 694.0, 62.0, 99.0
658.0, 694.0, 62.0, 99.0
658.0, 692.0, 62.0, 99.0
658.0, 691.0, 62.0, 99.0
658.0, 689.0, 62.0, 99.0
658.0, 688.0, 62.0, 99.0
658.0, 687.0, 62.0, 99.0
658.0, 685.0, 62.0, 99.0
657.0, 683.0, 62.0, 99.0
