853.0, 551.0, 69.0, 112.0
852.0, 551.0, 69.0, 112.0
849.0, 553.0, 69.0, 112.0
850.0, 555.0, 69.0, 112.0
847.0, 553.0, 69.0, 112.0
846.0, 555.0, 69.0, 112.0
845.0, 555.0, 69.0, 112.0
846.0, 555.0, 69.0, 112.0
843.0, 553.0, 69.0, 112.0
844.0, 553.0, 69.0, 112.0
843.0, 553.0, 69.0, 112.0
844.0, 553.0, 69.0, 112.0
843.0, 553.0, 69.0, 112.0
844.0, 553.0, 69.0, 112.0
843.0, 553.0, 69.0, 112.0
842.0, 553.0, 69.0, 112.0
839.0, 551.0, 69.0, 112.0
838.0, 549.0, 69.0, 112.0
835.0, 549.0, 69.0, 112.0
834.0, 547.0, 69.0, 112.0
829.0, 545.0, 69.0, 112.0
828.0, 547.0, 69.0, 112.0
825.0, 547.0, 69.0, 112.0
824.0, 547.0, 69.0, 112.0
821.0, 547.0, 69.0, 112.0
818.0, 547.0, 69.0, 112.0
817.0, 545.0, 69.0, 112.0
814.0, 545.0, 69.0, 112.0
811.0, 543.0, 69.0, 112.0
808.0, 539.0, 69.0, 112.0
805.0, 537.0, 69.0, 112.0
804.0, 537.0, 69.0, 112.0
801.0, 537.0, 69.0, 112.0
800.0, 535.0, 69.0, 112.0
799.0, 533.0, 69.0, 112.0
798.0, 533.0, 69.0, 112.0
795.0, 531.0, 69.0, 112.0
794.0, 527.0, 69.0, 112.0
791.0, 525.0, 69.0, 112.0
790.0, 525.0, 69.0, 112.0
787.0, 523.0, 69.0, 112.0
786.0, 519.0, 69.0, 112.0
783.0, 519.0, 69.0, 112.0
782.0, 521.0, 69.0, 112.0
779.0, 523.0, 69.0, 112.0
778.0, 521.0, 69.0, 112.0
775.0, 523.0, 69.0, 112.0
774.0, 523.0, 69.0, 112.0
771.0, 523.0, 69.0, 112.0
768.0, 523.0, 69.0, 112.0
765.0, 523.0, 69.0, 112.0
764.0, 523.0, 69.0, 112.0
761.0, 523.0, 69.0, 112.0
760.0, 523.0, 69.0, 112.0
757.0, 523.0, 69.0, 112.0
756.0, 525.0, 69.0, 112.0
753.0, 527.0, 69.0, 112.0
754.0, 525.0, 69.0, 112.0
753.0, 527.0, 69.0, 112.0
752.0, 527.0, 69.0, 112.0
749.0, 527.0, 69.0, 112.0
748.0, 525.0, 69.0, 112.0
745.0, 525.0, 69.0, 112.0
744.0, 525.0, 69.0, 112.0
741.0, 525.0, 69.0, 112.0
740.0, 525.0, 69.0, 112.0
739.0, 527.0, 69.0, 112.0
738.0, 525.0, 69.0, 112.0
737.0, 527.0, 69.0, 112.0
736.0, 527.0, 69.0, 112.0
733.0, 527.0, 69.0, 112.0
732.0, 527.0, 69.0, 112.0
731.0, 527.0, 69.0, 112.0
730.0, 527.0, 69.0, 112.0
727.0, 527.0, 69.0, 112.0
726.0, 527.0, 69.0, 112.0
725.0, 527.0, 69.0, 112.0
724.0, 527.0, 69.0, 112.0
721.0, 527.0, 69.0, 112.0
720.0, 527.0, 69.0, 112.0
719.0, 527.0, 69.0, 112.0
718.0, 527.0, 69.0, 112.0
717.0, 527.0, 69.0, 112.0
716.0, 527.0, 69.0, 112.0
713.0, 525.0, 69.0, 112.0
712.0, 527.0, 69.0, 112.0
711.0, 525.0, 69.0, 112.0
710.0, 525.0, 69.0, 112.0
709.0, 527.0, 69.0, 112.0
708.0, 525.0, 69.0, 112.0
705.0, 527.0, 69.0, 112.0
704.0, 525.0, 69.0, 112.0
701.0, 527.0, 69.0, 112.0
700.0, 525.0, 69.0, 112.0
697.0, 527.0, 69.0, 112.0
696.0, 525.0, 69.0, 112.0
693.0, 525.0, 69.0, 112.0
692.0, 525.0, 69.0, 112.0
689.0, 525.0, 69.0, 112.0
688.0, 525.0, 69.0, 112.0
687.0, 525.0, 69.0, 112.0
686.0, 525.0, 69.0, 112.0
683.0, 525.0, 69.0, 112.0
682.0, 525.0, 69.0, 112.0
679.0, 523.0, 69.0, 112.0
678.0, 521.0, 69.0, 112.0
677.0, 523.0, 69.0, 112.0
676.0, 521.0, 69.0, 112.0
677.0, 521.0, 69.0, 112.0
678.0, 521.0, 69.0, 112.0
677.0, 521.0, 69.0, 112.0
678.0, 519.0, 69.0, 112.0
679.0, 517.0, 69.0, 112.0
684.0, 519.0, 69.0, 112.0
687.0, 517.0, 69.0, 112.0
690.0, 519.0, 69.0, 112.0
691.0, 517.0, 69.0, 112.0
696.0, 517.0, 69.0, 112.0
699.0, 517.0, 69.0, 112.0
702.0, 515.0, 69.0, 112.0
705.0, 513.0, 69.0, 112.0
708.0, 513.0, 69.0, 112.0
713.0, 513.0, 69.0, 112.0
716.0, 513.0, 69.0, 112.0
719.0, 513.0, 69.0, 112.0
724.0, 513.0, 69.0, 112.0
727.0, 511.0, 69.0, 112.0
730.0, 509.0, 69.0, 112.0
733.0, 509.0, 69.0, 112.0
736.0, 509.0, 69.0, 112.0
739.0, 507.0, 69.0, 112.0
744.0, 505.0, 69.0, 112.0
745.0, 505.0, 69.0, 112.0
748.0, 505.0, 69.0, 112.0
751.0, 505.0, 69.0, 112.0
756.0, 505.0, 69.0, 112.0
759.0, 505.0, 69.0, 112.0
762.0, 505.0, 69.0, 112.0
765.0, 505.0, 69.0, 112.0
768.0, 505.0, 69.0, 112.0
769.0, 505.0, 69.0, 112.0
774.0, 503.0, 69.0, 112.0
775.0, 501.0, 69.0, 112.0
778.0, 501.0, 69.0, 112.0
781.0, 501.0, 69.0, 112.0
786.0, 501.0, 69.0, 112.0
789.0, 501.0, 69.0, 112.0
792.0, 501.0, 69.0, 112.0
795.0, 501.0, 69.0, 112.0
800.0, 501.0, 69.0, 112.0
801.0, 499.0, 69.0, 112.0
806.0, 497.0, 69.0, 112.0
809.0, 497.0, 69.0, 112.0
812.0, 497.0, 69.0, 112.0
815.0, 495.0, 69.0, 112.0
820.0, 493.0, 69.0, 112.0
821.0, 495.0, 69.0, 112.0
826.0, 493.0, 69.0, 112.0
827.0, 495.0, 69.0, 112.0
830.0, 493.0, 69.0, 112.0
829.0, 495.0, 69.0, 112.0
830.0, 493.0, 69.0, 112.0
829.0, 495.0, 69.0, 112.0
830.0, 493.0, 69.0, 112.0
829.0, 493.0, 69.0, 112.0
828.0, 493.0, 69.0, 112.0
827.0, 493.0, 69.0, 112.0
830.0, 493.0, 69.0, 112.0
829.0, 493.0, 69.0, 112.0
830.0, 493.0, 69.0, 112.0
831.0, 493.0, 69.0, 112.0
832.0, 493.0, 69.0, 112.0
831.0, 493.0, 69.0, 112.0
832.0, 493.0, 69.0, 112.0
831.0, 493.0, 69.0, 112.0
830.0, 493.0, 69.0, 112.0
829.0, 491.0, 69.0, 112.0
828.0, 489.0, 69.0, 112.0
827.0, 491.0, 69.0, 112.0
826.0, 491.0, 69.0, 112.0
823.0, 491.0, 69.0, 112.0
822.0, 491.0, 69.0, 112.0
821.0, 491.0, 69.0, 112.0
820.0, 491.0, 69.0, 112.0
817.0, 491.0, 69.0, 112.0
816.0, 491.0, 69.0, 112.0
815.0, 491.0, 69.0, 112.0
814.0, 489.0, 69.0, 112.0
811.0, 491.0, 69.0, 112.0
812.0, 489.0, 69.0, 112.0
811.0, 491.0, 69.0, 112.0
812.0, 491.0, 69.0, 112.0
811.0, 491.0, 69.0, 112.0
810.0, 491.0, 69.0, 112.0
811.0, 491.0, 69.0, 112.0
812.0, 491.0, 69.0, 112.0
813.0, 489.0, 69.0, 112.0
814.0, 489.0, 69.0, 112.0
813.0, 489.0, 69.0, 112.0
816.0, 489.0, 69.0, 112.0
815.0, 489.0, 69.0, 112.0
816.0, 489.0, 69.0, 112.0
817.0, 489.0, 69.0, 112.0
818.0, 489.0, 69.0, 112.0
819.0, 489.0, 69.0, 112.0
820.0, 489.0, 69.0, 112.0
821.0, 489.0, 69.0, 112.0
822.0, 489.0, 69.0, 112.0
823.0, 489.0, 69.0, 112.0
822.0, 489.0, 69.0, 112.0
823.0, 487.0, 69.0, 112.0
824.0, 485.0, 69.0, 112.0
825.0, 487.0, 69.0, 112.0
826.0, 487.0, 69.0, 112.0
827.0, 487.0, 69.0, 112.0
828.0, 487.0, 69.0, 112.0
827.0, 487.0, 69.0, 112.0
