508.0,567.0,42.0,66.0
508.0,567.0,42.0,66.0
508.0,567.0,42.0,66.0
508.0,567.0,42.0,66.0
508.0,567.0,42.0,66.0
506.0,567.0,42.0,66.0
506.0,567.0,42.0,66.0
506.0,567.0,42.0,66.0
506.0,567.0,42.0,66.0
506.0,567.0,42.0,66.0
504.0,569.0,42.0,66.0
504.0,569.0,42.0,66.0
504.0,569.0,42.0,66.0
503.0,569.0,42.0,66.0
503.0,569.0,42.0,66.0
502.0,569.0,42.0,66.0
501.0,569.0,42.0,66.0
501.0,569.0,42.0,66.0
500.0,569.0,42.0,66.0
499.0,569.0,42.0,66.0
499.0,569.0,42.0,66.0
499.0,569.0,42.0,66.0
498.0,569.0,42.0,66.0
497.0,569.0,42.0,66.0
497.0,569.0,42.0,66.0
497.0,569.0,42.0,66.0
496.0,569.0,42.0,66.0
495.0,569.0,42.0,66.0
495.0,569.0,42.0,66.0
495.0,571.0,42.0,66.0
493.0,571.0,42.0,66.0
493.0,571.0,42.0,66.0
493.0,571.0,42.0,66.0
493.0,571.0,42.0,66.0
493.0,571.0,42.0,66.0
492.0,571.0,42.0,66.0
492.0,571.0,42.0,66.0
492.0,571.0,42.0,66.0
491.0,571.0,42.0,66.0
490.0,571.0,42.0,66.0
490.0,571.0,42.0,66.0
490.0,571.0,42.0,66.0
488.0,571.0,42.0,66.0
488.0,571.0,42.0,66.0
488.0,572.0,43.0,66.0
487.0,573.0,43.0,66.0
486.0,573.0,43.0,66.0
486.0,573.0,43.0,66.0
485.0,573.0,43.0,66.0
484.0,573.0,43.0,66.0
483.0,573.0,43.0,66.0
483.0,574.0,43.0,66.0
481.0,574.0,43.0,66.0
481.0,573.0,43.0,66.0
481.0,573.0,43.0,66.0
479.0,573.0,43.0,66.0
479.0,574.0,43.0,66.0
479.0,575.0,43.0,66.0
477.0,575.0,43.0,66.0
477.0,575.0,43.0,66.0
477.0,575.0,43.0,66.0
475.0,575.0,43.0,66.0
475.0,575.0,43.0,66.0
475.0,576.0,43.0,66.0
475.0,577.0,43.0,66.0
473.0,577.0,43.0,66.0
473.0,577.0,43.0,66.0
473.0,577.0,43.0,66.0
473.0,577.0,43.0,66.0
471.0,577.0,43.0,66.0
471.0,577.0,43.0,66.0
471.0,578.0,43.0,66.0
471.0,578.0,43.0,66.0
471.0,578.0,43.0,66.0
470.0,577.0,43.0,66.0
470.0,577.0,43.0,66.0
470.0,577.0,43.0,66.0
469.0,577.0,43.0,66.0
468.0,577.0,43.0,66.0
468.0,578.0,43.0,66.0
468.0,578.0,43.0,66.0
467.0,579.0,43.0,66.0
466.0,579.0,43.0,66.0
465.0,580.0,43.0,66.0
465.0,580.0,43.0,66.0
463.0,580.0,43.0,66.0
463.0,579.0,43.0,66.0
463.0,579.0,43.0,66.0
461.0,579.0,43.0,66.0
461.0,579.0,43.0,66.0
461.0,579.0,43.0,66.0
459.0,579.0,43.0,66.0
459.0,579.0,43.0,66.0
459.0,579.0,43.0,66.0
457.0,579.0,43.0,66.0
457.0,579.0,43.0,66.0
456.0,579.0,43.0,66.0
455.0,579.0,43.0,66.0
455.0,580.0,43.0,66.0
455.0,580.0,43.0,66.0
453.0,581.0,43.0,66.0
453.0,581.0,43.0,66.0
453.0,581.0,43.0,66.0
453.0,581.0,43.0,66.0
451.0,582.0,43.0,66.0
451.0,582.0,43.0,66.0
451.0,582.0,43.0,66.0
450.0,581.0,43.0,66.0
450.0,581.0,43.0,66.0
449.0,581.0,43.0,66.0
449.0,582.0,43.0,66.0
449.0,582.0,43.0,66.0
448.0,582.0,43.0,66.0
447.0,582.0,43.0,66.0
447.0,582.0,43.0,66.0
446.0,582.0,43.0,66.0
445.0,582.0,43.0,66.0
445.0,582.0,43.0,66.0
444.0,583.0,43.0,66.0
443.0,584.0,43.0,66.0
443.0,584.0,43.0,66.0
442.0,584.0,43.0,66.0
441.0,584.0,43.0,66.0
439.0,584.0,43.0,66.0
439.0,584.0,43.0,67.0
438.0,583.0,43.0,67.0
437.0,583.0,43.0,67.0
437.0,583.0,43.0,67.0
435.0,583.0,43.0,67.0
435.0,583.0,43.0,67.0
433.0,583.0,43.0,67.0
433.0,583.0,43.0,67.0
432.0,583.0,43.0,67.0
431.0,583.0,43.0,67.0
431.0,584.0,43.0,67.0
429.0,585.0,43.0,67.0
429.0,585.0,43.0,67.0
429.0,585.0,43.0,67.0
428.0,585.0,43.0,67.0
428.0,585.0,43.0,67.0
427.0,586.0,43.0,67.0
427.0,587.0,43.0,67.0
427.0,587.0,43.0,67.0
426.0,587.0,43.0,67.0
425.0,587.0,43.0,67.0
425.0,587.0,43.0,67.0
425.0,588.0,43.0,67.0
425.0,588.0,43.0,67.0
425.0,588.0,43.0,67.0
425.0,588.0,43.0,67.0
425.0,588.0,43.0,67.0
425.0,588.0,43.0,67.0
424.0,588.0,43.0,67.0
424.0,589.0,43.0,67.0
424.0,590.0,43.0,67.0
424.0,590.0,43.0,67.0
424.0,590.0,43.0,67.0
424.0,590.0,43.0,67.0
423.0,590.0,43.0,67.0
423.0,590.0,43.0,67.0
423.0,590.0,43.0,67.0
423.0,591.0,43.0,67.0
423.0,591.0,43.0,67.0
423.0,591.0,43.0,67.0
423.0,591.0,43.0,67.0
422.0,591.0,43.0,67.0
422.0,591.0,43.0,67.0
421.0,591.0,43.0,67.0
421.0,591.0,43.0,67.0
421.0,592.0,43.0,67.0
421.0,592.0,43.0,67.0
421.0,592.0,43.0,67.0
421.0,592.0,43.0,67.0
421.0,593.0,43.0,68.0
421.0,593.0,43.0,68.0
421.0,594.0,43.0,68.0
421.0,594.0,43.0,68.0
421.0,594.0,43.0,68.0
421.0,594.0,43.0,68.0
422.0,595.0,43.0,68.0
422.0,595.0,43.0,68.0
422.0,596.0,43.0,68.0
422.0,596.0,43.0,68.0
422.0,596.0,43.0,68.0
422.0,596.0,43.0,68.0
422.0,596.0,43.0,68.0
422.0,596.0,43.0,68.0
422.0,596.0,43.0,68.0
422.0,596.0,43.0,68.0
422.0,598.0,43.0,68.0
422.0,598.0,43.0,68.0
422.0,598.0,43.0,68.0
422.0,599.0,43.0,68.0
422.0,600.0,43.0,68.0
421.0,600.0,43.0,68.0
421.0,600.0,43.0,68.0
421.0,601.0,43.0,68.0
421.0,602.0,43.0,68.0
421.0,602.0,43.0,69.0
421.0,602.0,43.0,69.0
421.0,602.0,43.0,69.0
421.0,602.0,43.0,69.0
421.0,602.0,43.0,69.0
421.0,602.0,43.0,69.0
421.0,602.0,43.0,69.0
421.0,602.0,43.0,69.0
421.0,603.0,43.0,69.0
421.0,604.0,43.0,69.0
421.0,604.0,43.0,69.0
421.0,604.0,43.0,69.0
421.0,605.0,43.0,69.0
421.0,606.0,43.0,69.0
422.0,606.0,43.0,69.0
422.0,607.0,43.0,69.0
422.0,608.0,43.0,69.0
422.0,608.0,43.0,69.0
422.0,609.0,43.0,69.0
422.0,609.0,43.0,69.0
423.0,609.0,43.0,69.0
424.0,610.0,43.0,69.0
424.0,610.0,43.0,69.0
424.0,610.0,43.0,69.0
424.0,610.0,43.0,69.0
424.0,610.0,43.0,69.0
424.0,612.0,43.0,69.0
424.0,612.0,43.0,69.0
424.0,612.0,43.0,69.0
424.0,613.0,43.0,69.0
424.0,614.0,43.0,69.0
424.0,614.0,43.0,69.0
425.0,615.0,43.0,69.0
425.0,616.0,43.0,69.0
425.0,617.0,43.0,69.0
426.0,617.0,43.0,69.0
426.0,618.0,43.0,69.0
426.0,618.0,43.0,69.0
426.0,618.0,43.0,69.0
426.0,618.0,43.0,69.0
426.0,618.0,43.0,69.0
428.0,618.0,43.0,69.0
428.0,619.0,43.0,69.0
428.0,619.0,43.0,69.0
428.0,620.0,43.0,69.0
428.0,620.0,43.0,69.0
428.0,620.0,43.0,69.0
429.0,620.0,43.0,69.0
429.0,622.0,43.0,69.0
429.0,622.0,43.0,69.0
429.0,622.0,42.0,69.0
429.0,623.0,42.0,69.0
431.0,624.0,42.0,69.0
431.0,624.0,43.0,69.0
431.0,625.0,43.0,69.0
430.0,626.0,43.0,69.0
430.0,626.0,44.0,69.0
431.0,627.0,44.0,69.0
431.0,627.0,44.0,69.0
432.0,628.0,44.0,69.0
433.0,628.0,44.0,69.0
434.0,628.0,44.0,69.0
435.0,629.0,43.0,69.0
436.0,629.0,43.0,69.0
436.0,630.0,43.0,69.0
437.0,631.0,42.0,69.0
437.0,632.0,42.0,69.0
437.0,632.0,42.0,69.0
437.0,633.0,42.0,70.0
437.0,633.0,42.0,71.0
439.0,633.0,42.0,70.0
439.0,633.0,42.0,70.0
439.0,630.0,42.0,69.0
441.0,625.0,42.0,66.0
441.0,621.0,42.0,63.0
443.0,615.0,42.0,60.0
443.0,609.0,42.0,61.0
445.0,603.0,42.0,61.0
445.0,599.0,42.0,62.0
445.0,594.0,42.0,62.0
447.0,589.0,42.0,62.0
447.0,585.0,42.0,62.0
447.0,579.0,42.0,63.0
449.0,573.0,41.0,63.0
449.0,568.0,41.0,65.0
449.0,563.0,42.0,65.0
449.0,557.0,42.0,65.0
451.0,549.0,42.0,65.0
451.0,543.0,42.0,65.0
451.0,536.0,42.0,66.0
453.0,528.0,42.0,66.0
453.0,522.0,42.0,66.0
454.0,515.0,43.0,66.0
455.0,508.0,43.0,66.0
455.0,503.0,43.0,66.0
455.0,499.0,43.0,66.0
455.0,495.0,43.0,66.0
456.0,497.0,43.0,63.0
457.0,501.0,42.0,59.0
458.0,504.0,42.0,55.0
458.0,504.0,42.0,55.0
457.0,505.0,42.0,55.0
458.0,505.0,41.0,55.0
457.0,507.0,41.0,55.0
457.0,509.0,41.0,55.0
457.0,509.0,41.0,55.0
nan,nan,nan,nan
nan,nan,nan,nan
nan,nan,nan,nan
nan,nan,nan,nan
nan,nan,nan,nan
nan,nan,nan,nan
nan,nan,nan,nan
nan,nan,nan,nan
nan,nan,nan,nan
nan,nan,nan,nan
nan,nan,nan,nan
nan,nan,nan,nan
nan,nan,nan,nan
nan,nan,nan,nan
nan,nan,nan,nan
nan,nan,nan,nan
nan,nan,nan,nan
nan,nan,nan,nan
nan,nan,nan,nan
nan,nan,nan,nan
nan,nan,nan,nan
nan,nan,nan,nan
nan,nan,nan,nan
nan,nan,nan,nan
nan,nan,nan,nan
nan,nan,nan,nan
nan,nan,nan,nan
nan,nan,nan,nan
nan,nan,nan,nan
nan,nan,nan,nan
nan,nan,nan,nan
nan,nan,nan,nan
nan,nan,nan,nan
nan,nan,nan,nan
nan,nan,nan,nan
nan,nan,nan,nan
nan,nan,nan,nan
nan,nan,nan,nan
nan,nan,nan,nan
nan,nan,nan,nan
nan,nan,nan,nan
nan,nan,nan,nan
nan,nan,nan,nan
nan,nan,nan,nan
nan,nan,nan,nan
nan,nan,nan,nan
nan,nan,nan,nan
nan,nan,nan,nan
nan,nan,nan,nan
nan,nan,nan,nan
nan,nan,nan,nan
nan,nan,nan,nan
nan,nan,nan,nan
nan,nan,nan,nan
nan,nan,nan,nan
nan,nan,nan,nan
nan,nan,nan,nan
nan,nan,nan,nan
nan,nan,nan,nan
nan,nan,nan,nan
nan,nan,nan,nan
nan,nan,nan,nan
nan,nan,nan,nan
nan,nan,nan,nan
nan,nan,nan,nan
nan,nan,nan,nan
nan,nan,nan,nan
nan,nan,nan,nan
nan,nan,nan,nan
nan,nan,nan,nan
nan,nan,nan,nan
nan,nan,nan,nan
nan,nan,nan,nan
nan,nan,nan,nan
nan,nan,nan,nan
nan,nan,nan,nan
nan,nan,nan,nan
nan,nan,nan,nan
nan,nan,nan,nan
nan,nan,nan,nan
nan,nan,nan,nan
nan,nan,nan,nan
nan,nan,nan,nan
nan,nan,nan,nan
nan,nan,nan,nan
nan,nan,nan,nan
nan,nan,nan,nan
nan,nan,nan,nan
nan,nan,nan,nan
nan,nan,nan,nan
nan,nan,nan,nan
nan,nan,nan,nan
nan,nan,nan,nan
nan,nan,nan,nan
nan,nan,nan,nan
nan,nan,nan,nan
nan,nan,nan,nan
nan,nan,nan,nan
nan,nan,nan,nan
nan,nan,nan,nan
nan,nan,nan,nan
nan,nan,nan,nan
nan,nan,nan,nan
nan,nan,nan,nan
nan,nan,nan,nan
nan,nan,nan,nan
nan,nan,nan,nan
nan,nan,nan,nan
nan,nan,nan,nan
nan,nan,nan,nan
nan,nan,nan,nan
nan,nan,nan,nan
nan,nan,nan,nan
nan,nan,nan,nan
nan,nan,nan,nan
nan,nan,nan,nan
267.0,607.0,43.0,63.0
264.0,607.0,43.0,64.0
262.0,608.0,43.0,66.0
259.0,609.0,43.0,68.0
258.0,609.0,43.0,68.0
255.0,611.0,43.0,68.0
252.0,612.0,43.0,68.0
251.0,612.0,43.0,68.0
249.0,613.0,43.0,68.0
247.0,614.0,43.0,68.0
245.0,616.0,43.0,68.0
244.0,616.0,42.0,69.0
241.0,617.0,42.0,69.0
241.0,617.0,42.0,69.0
239.0,618.0,42.0,69.0
241.0,619.0,42.0,69.0
241.0,619.0,42.0,70.0
239.0,621.0,42.0,70.0
238.0,622.0,43.0,71.0
237.0,622.0,43.0,71.0
224.0,623.0,43.0,71.0
223.0,624.0,43.0,71.0
222.0,625.0,43.0,71.0
223.0,626.0,43.0,71.0
226.0,628.0,42.0,71.0
226.0,628.0,42.0,71.0
251.0,615.0,43.0,70.0
249.0,618.0,43.0,70.0
246.0,618.0,43.0,70.0
245.0,620.0,42.0,70.0
243.0,621.0,42.0,70.0
240.0,621.0,42.0,70.0
239.0,622.0,42.0,70.0
238.0,622.0,42.0,70.0
235.0,623.0,42.0,70.0
232.0,624.0,43.0,70.0
231.0,624.0,43.0,70.0
230.0,622.0,43.0,69.0
227.0,620.0,43.0,69.0
225.0,617.0,43.0,69.0
222.0,613.0,42.0,67.0
220.0,609.0,42.0,66.0
218.0,605.0,42.0,64.0
218.0,602.0,42.0,63.0
217.0,598.0,41.0,63.0
214.0,593.0,41.0,62.0
214.0,590.0,41.0,62.0
212.0,586.0,41.0,62.0
211.0,581.0,41.0,62.0
210.0,577.0,41.0,62.0
208.0,571.0,41.0,62.0
207.0,566.0,41.0,62.0
206.0,560.0,41.0,63.0
204.0,556.0,41.0,64.0
203.0,550.0,41.0,66.0
202.0,543.0,41.0,65.0
201.0,537.0,42.0,65.0
200.0,531.0,42.0,65.0
199.0,528.0,42.0,66.0
196.0,526.0,42.0,66.0
195.0,523.0,42.0,66.0
193.0,525.0,42.0,67.0
192.0,525.0,42.0,67.0
190.0,525.0,42.0,68.0
188.0,527.0,42.0,68.0
185.0,527.0,42.0,67.0
184.0,528.0,42.0,67.0
183.0,528.0,42.0,68.0
181.0,528.0,42.0,69.0
179.0,529.0,42.0,69.0
177.0,530.0,42.0,64.0
175.0,530.0,42.0,59.0
173.0,532.0,42.0,54.0
172.0,532.0,42.0,54.0
169.0,532.0,42.0,54.0
167.0,534.0,42.0,54.0
nan,nan,nan,nan
nan,nan,nan,nan
nan,nan,nan,nan
nan,nan,nan,nan
nan,nan,nan,nan
nan,nan,nan,nan
nan,nan,nan,nan
nan,nan,nan,nan
nan,nan,nan,nan
nan,nan,nan,nan
nan,nan,nan,nan
nan,nan,nan,nan
nan,nan,nan,nan
nan,nan,nan,nan
191.0,548.0,42.0,63.0
188.0,549.0,42.0,63.0
187.0,549.0,42.0,63.0
184.0,551.0,42.0,63.0
183.0,551.0,42.0,63.0
181.0,552.0,42.0,63.0
178.0,553.0,42.0,63.0
178.0,553.0,42.0,62.0
176.0,553.0,42.0,61.0
175.0,555.0,42.0,60.0
173.0,555.0,42.0,60.0
172.0,555.0,42.0,60.0
170.0,556.0,42.0,60.0
169.0,555.0,42.0,60.0
165.0,557.0,42.0,60.0
163.0,557.0,42.0,60.0
161.0,556.0,42.0,60.0
174.0,551.0,42.0,60.0
173.0,551.0,42.0,60.0
172.0,551.0,42.0,64.0
166.0,554.0,42.0,68.0
166.0,538.0,43.0,72.0
181.0,513.0,43.0,72.0
178.0,512.0,44.0,72.0
177.0,514.0,44.0,72.0
174.0,515.0,44.0,72.0
172.0,517.0,44.0,72.0
166.0,518.0,44.0,72.0
167.0,519.0,44.0,72.0
168.0,520.0,44.0,72.0
168.0,523.0,44.0,72.0
166.0,525.0,44.0,69.0
177.0,469.0,44.0,66.0
171.0,435.0,44.0,63.0
178.0,404.0,44.0,63.0
179.0,400.0,44.0,65.0
178.0,400.0,44.0,66.0
177.0,399.0,44.0,68.0
175.0,399.0,44.0,69.0
175.0,398.0,44.0,71.0
174.0,398.0,44.0,71.0
173.0,400.0,44.0,71.0
172.0,402.0,44.0,71.0
169.0,403.0,44.0,71.0
167.0,402.0,44.0,71.0
164.0,402.0,44.0,71.0
163.0,401.0,44.0,71.0
163.0,403.0,44.0,71.0
160.0,404.0,44.0,71.0
158.0,405.0,44.0,71.0
155.0,407.0,44.0,71.0
154.0,407.0,44.0,71.0
152.0,408.0,44.0,71.0
152.0,408.0,44.0,71.0
151.0,406.0,44.0,71.0
150.0,409.0,44.0,69.0
149.0,410.0,44.0,66.0
147.0,408.0,44.0,65.0
144.0,410.0,44.0,64.0
143.0,410.0,44.0,64.0
142.0,409.0,44.0,64.0
139.0,411.0,44.0,63.0
137.0,416.0,44.0,63.0
138.0,409.0,44.0,63.0
136.0,413.0,44.0,63.0
138.0,399.0,44.0,63.0
139.0,402.0,44.0,63.0
141.0,406.0,44.0,63.0
143.0,406.0,44.0,62.0
143.0,419.0,44.0,62.0
144.0,420.0,44.0,62.0
143.0,421.0,44.0,62.0
144.0,444.0,44.0,62.0
144.0,446.0,44.0,61.0
144.0,450.0,44.0,61.0
201.0,165.0,9.0,15.0
201.0,165.0,9.0,15.0
145.0,492.0,44.0,60.0
145.0,493.0,44.0,60.0
201.0,165.0,9.0,15.0
146.0,498.0,44.0,60.0
146.0,500.0,44.0,60.0
146.0,502.0,44.0,59.0
146.0,503.0,44.0,59.0
146.0,505.0,44.0,58.0
146.0,511.0,44.0,58.0
146.0,514.0,44.0,58.0
146.0,518.0,44.0,58.0
146.0,516.0,44.0,57.0
147.0,521.0,44.0,57.0
147.0,526.0,44.0,57.0
147.0,530.0,44.0,57.0
147.0,558.0,44.0,57.0
147.0,561.0,44.0,57.0
147.0,562.0,44.0,58.0
147.0,562.0,44.0,60.0
147.0,573.0,44.0,61.0
147.0,587.0,44.0,61.0
148.0,589.0,44.0,61.0
202.0,170.0,9.0,16.0
145.0,602.0,44.0,61.0
202.0,170.0,9.0,16.0
101.0,602.0,44.0,61.0
57.0,616.0,44.0,61.0
13.0,617.0,44.0,61.0
-30.0,619.0,44.0,61.0
-30.0,616.0,44.0,61.0
-31.0,618.0,44.0,62.0
-31.0,620.0,44.0,62.0
-31.0,620.0,44.0,63.0
-31.0,623.0,44.0,65.0
-31.0,623.0,44.0,66.0
-31.0,626.0,44.0,66.0
-31.0,626.0,44.0,67.0
-32.0,624.0,44.0,68.0
-32.0,628.0,44.0,68.0
201.0,174.0,9.0,23.0
-34.0,627.0,44.0,68.0
200.0,174.0,9.0,23.0
200.0,174.0,9.0,23.0
200.0,174.0,9.0,23.0
-33.0,633.0,44.0,68.0
-76.0,646.0,44.0,68.0
-121.0,650.0,44.0,68.0
-165.0,649.0,44.0,68.0
-208.0,649.0,44.0,68.0
199.0,177.0,9.0,23.0
199.0,177.0,9.0,23.0
199.0,177.0,9.0,23.0
199.0,177.0,9.0,23.0
-247.0,636.0,44.0,68.0
-247.0,639.0,44.0,68.0
-247.0,638.0,44.0,68.0
-290.0,585.0,44.0,68.0
-290.0,562.0,44.0,69.0
-290.0,568.0,44.0,69.0
-291.0,569.0,44.0,69.0
-291.0,571.0,44.0,70.0
-292.0,571.0,44.0,70.0
-292.0,571.0,44.0,70.0
-292.0,574.0,44.0,70.0
-292.0,574.0,44.0,70.0
-292.0,558.0,44.0,72.0
-292.0,543.0,44.0,72.0
-292.0,535.0,44.0,74.0
-292.0,538.0,44.0,74.0
-293.0,540.0,44.0,75.0
-293.0,542.0,44.0,75.0
-293.0,543.0,44.0,75.0
-293.0,546.0,44.0,75.0
-293.0,548.0,45.0,76.0
-293.0,551.0,45.0,76.0
-293.0,551.0,45.0,75.0
-293.0,553.0,45.0,75.0
-294.0,554.0,45.0,75.0
-294.0,549.0,45.0,75.0
-295.0,536.0,45.0,75.0
-295.0,521.0,45.0,75.0
-295.0,516.0,45.0,75.0
-295.0,519.0,45.0,74.0
-295.0,523.0,45.0,74.0
-295.0,525.0,45.0,74.0
-295.0,527.0,45.0,74.0
-296.0,528.0,45.0,75.0
-296.0,527.0,45.0,75.0
-296.0,527.0,45.0,75.0
-296.0,525.0,45.0,75.0
-296.0,527.0,45.0,75.0
-296.0,527.0,45.0,75.0
-297.0,529.0,45.0,75.0
-297.0,529.0,45.0,75.0
-297.0,528.0,45.0,75.0
-298.0,527.0,45.0,75.0
-298.0,527.0,45.0,75.0
-299.0,526.0,46.0,75.0
-299.0,526.0,46.0,75.0
-299.0,526.0,46.0,75.0
-299.0,528.0,46.0,75.0
-299.0,529.0,46.0,75.0
-299.0,529.0,46.0,75.0
-299.0,531.0,47.0,74.0
-299.0,530.0,47.0,74.0
-300.0,532.0,47.0,74.0
-300.0,535.0,47.0,74.0
-300.0,536.0,47.0,75.0
-301.0,537.0,47.0,76.0
-301.0,538.0,47.0,77.0
-301.0,541.0,47.0,77.0
-302.0,544.0,47.0,77.0
-302.0,547.0,47.0,77.0
-302.0,545.0,47.0,76.0
-302.0,543.0,47.0,76.0
-302.0,541.0,47.0,76.0
-303.0,541.0,46.0,76.0
-303.0,548.0,46.0,75.0
-303.0,548.0,46.0,75.0
-303.0,554.0,45.0,75.0
-303.0,555.0,45.0,75.0
-303.0,557.0,45.0,75.0
-304.0,559.0,45.0,75.0
-304.0,560.0,45.0,75.0
-304.0,563.0,45.0,75.0
-304.0,567.0,45.0,75.0
-305.0,570.0,45.0,75.0
-305.0,573.0,45.0,75.0
-305.0,575.0,45.0,76.0
-305.0,578.0,45.0,77.0
-306.0,577.0,46.0,77.0
-306.0,579.0,46.0,77.0
-307.0,581.0,46.0,77.0
-307.0,583.0,46.0,77.0
-308.0,586.0,46.0,77.0
-308.0,587.0,46.0,78.0
-308.0,590.0,46.0,78.0
-308.0,592.0,46.0,77.0
-308.0,592.0,47.0,76.0
-308.0,584.0,47.0,75.0
-308.0,576.0,47.0,75.0
-308.0,570.0,47.0,75.0
-308.0,586.0,47.0,75.0
-309.0,590.0,47.0,76.0
-309.0,590.0,47.0,78.0
-309.0,597.0,46.0,78.0
-310.0,600.0,46.0,78.0
-310.0,606.0,46.0,78.0
-310.0,605.0,46.0,78.0
-311.0,597.0,46.0,78.0
-311.0,594.0,46.0,77.0
-311.0,596.0,46.0,76.0
-312.0,605.0,46.0,76.0
-312.0,605.0,46.0,75.0
-313.0,608.0,46.0,75.0
-313.0,606.0,46.0,75.0
-313.0,605.0,46.0,75.0
-313.0,607.0,46.0,75.0
-313.0,607.0,46.0,75.0
-313.0,607.0,46.0,76.0
-313.0,606.0,46.0,76.0
-313.0,606.0,46.0,77.0
-313.0,607.0,46.0,77.0
-313.0,608.0,46.0,77.0
-314.0,599.0,47.0,78.0
-314.0,599.0,47.0,78.0
-314.0,608.0,47.0,78.0
-315.0,611.0,47.0,78.0
-315.0,613.0,47.0,78.0
-316.0,616.0,47.0,77.0
-316.0,616.0,47.0,76.0
-317.0,617.0,47.0,76.0
-317.0,618.0,47.0,75.0
-317.0,618.0,47.0,75.0
-317.0,622.0,47.0,73.0
-317.0,623.0,47.0,72.0
-317.0,624.0,47.0,72.0
-317.0,628.0,47.0,72.0
-317.0,628.0,47.0,72.0
-317.0,627.0,47.0,71.0
-317.0,627.0,47.0,70.0
-318.0,637.0,47.0,69.0
-318.0,642.0,47.0,69.0
171.0,247.0,12.0,22.0
170.0,248.0,12.0,21.0
-318.0,606.0,47.0,66.0
-362.0,593.0,47.0,65.0
-362.0,643.0,46.0,64.0
-362.0,673.0,46.0,63.0
-362.0,688.0,46.0,63.0
-362.0,686.0,45.0,62.0
-362.0,688.0,45.0,61.0
-363.0,690.0,45.0,60.0
-363.0,691.0,45.0,60.0
-363.0,690.0,45.0,59.0
-363.0,697.0,45.0,58.0
-363.0,704.0,45.0,57.0
-364.0,710.0,45.0,57.0
-364.0,716.0,45.0,56.0
-364.0,718.0,45.0,55.0
-364.0,720.0,45.0,54.0
-364.0,722.0,45.0,54.0
-365.0,721.0,44.0,54.0
-365.0,724.0,44.0,53.0
-365.0,725.0,44.0,51.0
-365.0,721.0,44.0,51.0
nan,nan,nan,nan
nan,nan,nan,nan
nan,nan,nan,nan
nan,nan,nan,nan
nan,nan,nan,nan
nan,nan,nan,nan
nan,nan,nan,nan
nan,nan,nan,nan
nan,nan,nan,nan
nan,nan,nan,nan
nan,nan,nan,nan
nan,nan,nan,nan
nan,nan,nan,nan
nan,nan,nan,nan
nan,nan,nan,nan
nan,nan,nan,nan
nan,nan,nan,nan
nan,nan,nan,nan
nan,nan,nan,nan
nan,nan,nan,nan
nan,nan,nan,nan
nan,nan,nan,nan
nan,nan,nan,nan
nan,nan,nan,nan
nan,nan,nan,nan
nan,nan,nan,nan
nan,nan,nan,nan
nan,nan,nan,nan
nan,nan,nan,nan
-717.0,645.0,44.0,51.0
-761.0,628.0,45.0,60.0
-804.0,608.0,47.0,68.0
-848.0,579.0,48.0,75.0
-891.0,548.0,48.0,75.0
-934.0,512.0,49.0,75.0
-977.0,482.0,49.0,75.0
-1021.0,441.0,49.0,75.0
-1064.0,394.0,49.0,75.0
-1064.0,398.0,49.0,75.0
-1064.0,387.0,50.0,75.0
-1064.0,363.0,52.0,75.0
-1064.0,338.0,53.0,75.0
-1064.0,310.0,52.0,75.0
-1064.0,283.0,52.0,75.0
-1064.0,260.0,51.0,75.0
-1064.0,237.0,50.0,75.0
-1064.0,212.0,50.0,75.0
-1064.0,184.0,49.0,75.0
-1065.0,165.0,49.0,75.0
-1066.0,146.0,50.0,76.0
-1066.0,129.0,50.0,76.0
-1066.0,120.0,51.0,75.0
-1067.0,112.0,51.0,75.0
-1067.0,105.0,52.0,75.0
-1067.0,103.0,52.0,75.0
-1067.0,103.0,52.0,75.0
-1067.0,88.0,52.0,75.0
-1067.0,89.0,52.0,74.0
-1067.0,89.0,52.0,74.0
-1067.0,91.0,52.0,73.0
-1067.0,92.0,52.0,73.0
-1067.0,95.0,53.0,73.0
-1067.0,102.0,53.0,73.0
-1067.0,109.0,53.0,73.0
-1067.0,116.0,53.0,74.0
-1066.0,123.0,53.0,74.0
-1066.0,136.0,52.0,74.0
-1066.0,152.0,52.0,74.0
-1065.0,167.0,51.0,74.0
-1065.0,186.0,51.0,74.0
-1065.0,205.0,51.0,74.0
-1065.0,223.0,51.0,74.0
-1064.0,243.0,51.0,74.0
-1064.0,256.0,51.0,74.0
-1064.0,269.0,51.0,74.0
-1064.0,280.0,51.0,74.0
-1064.0,271.0,51.0,74.0
-1064.0,286.0,51.0,74.0
-1064.0,303.0,51.0,74.0
-1064.0,320.0,51.0,75.0
-1064.0,338.0,51.0,75.0
-1064.0,362.0,50.0,75.0
-1064.0,403.0,50.0,75.0
-1064.0,426.0,49.0,75.0
-1065.0,449.0,49.0,75.0
-1065.0,463.0,49.0,75.0
-1065.0,486.0,49.0,75.0
-1066.0,515.0,50.0,75.0
-1066.0,538.0,50.0,76.0
-1067.0,564.0,51.0,76.0
-1067.0,586.0,51.0,75.0
-1067.0,606.0,51.0,73.0
-1067.0,625.0,51.0,72.0
-1067.0,641.0,50.0,65.0
-1067.0,667.0,50.0,58.0
-1067.0,680.0,49.0,51.0
nan,nan,nan,nan
nan,nan,nan,nan
nan,nan,nan,nan
nan,nan,nan,nan
nan,nan,nan,nan
nan,nan,nan,nan
nan,nan,nan,nan
nan,nan,nan,nan
nan,nan,nan,nan
nan,nan,nan,nan
nan,nan,nan,nan
nan,nan,nan,nan
nan,nan,nan,nan
nan,nan,nan,nan
nan,nan,nan,nan
nan,nan,nan,nan
nan,nan,nan,nan
-1589.0,631.0,44.0,50.0
-1632.0,611.0,46.0,59.0
-1675.0,586.0,48.0,68.0
-1718.0,565.0,50.0,77.0
-1761.0,535.0,50.0,77.0
-1804.0,502.0,50.0,76.0
-1848.0,479.0,50.0,76.0
-1891.0,446.0,50.0,76.0
-1933.0,425.0,50.0,75.0
-1976.0,405.0,50.0,75.0
-2020.0,399.0,50.0,75.0
-2064.0,385.0,50.0,75.0
-2107.0,375.0,50.0,75.0
-2151.0,373.0,50.0,74.0
-2194.0,357.0,50.0,73.0
-2238.0,356.0,50.0,72.0
-2282.0,351.0,50.0,72.0
-2325.0,341.0,50.0,72.0
-2369.0,353.0,50.0,72.0
-2412.0,342.0,50.0,72.0
-2456.0,354.0,50.0,72.0
-2500.0,360.0,50.0,71.0
-2543.0,348.0,50.0,71.0
-2587.0,346.0,50.0,71.0
-2630.0,352.0,50.0,71.0
-2673.0,359.0,50.0,71.0
-2716.0,351.0,49.0,72.0
178.0,156.0,14.0,27.0
178.0,158.0,14.0,27.0
-2759.0,365.0,49.0,72.0
179.0,160.0,15.0,27.0
-2802.0,394.0,50.0,72.0
-2802.0,382.0,50.0,72.0
-2846.0,376.0,50.0,72.0
-2889.0,401.0,50.0,72.0
-2933.0,390.0,50.0,72.0
-2977.0,394.0,50.0,73.0
-3020.0,387.0,50.0,73.0
-3064.0,394.0,50.0,73.0
-3108.0,382.0,50.0,73.0
-3151.0,377.0,50.0,73.0
-3195.0,380.0,50.0,73.0
-3238.0,370.0,50.0,74.0
-3281.0,380.0,50.0,74.0
-3324.0,374.0,49.0,74.0
-3367.0,381.0,49.0,74.0
-3411.0,371.0,49.0,74.0
-3454.0,381.0,49.0,74.0
-3498.0,374.0,49.0,74.0
-3542.0,369.0,49.0,74.0
-3585.0,380.0,49.0,74.0
-3628.0,375.0,49.0,74.0
-3672.0,377.0,49.0,73.0
-3715.0,374.0,49.0,72.0
-3759.0,370.0,49.0,72.0
-3802.0,380.0,49.0,72.0
-3846.0,376.0,49.0,72.0
-3889.0,379.0,49.0,72.0
-3932.0,380.0,49.0,72.0
-3976.0,381.0,49.0,72.0
-4019.0,382.0,49.0,72.0
-4062.0,382.0,49.0,72.0
-4106.0,375.0,49.0,72.0
-4149.0,384.0,49.0,72.0
-4192.0,375.0,49.0,72.0
-4236.0,383.0,49.0,72.0
-4279.0,372.0,49.0,72.0
190.0,165.0,14.0,28.0
-4366.0,373.0,49.0,73.0
191.0,164.0,14.0,28.0
-4389.0,374.0,49.0,73.0
191.0,164.0,14.0,28.0
192.0,164.0,14.0,28.0
-4477.0,383.0,49.0,73.0
-4520.0,382.0,49.0,73.0
-4564.0,383.0,49.0,73.0
-4607.0,372.0,49.0,74.0
-4650.0,365.0,49.0,75.0
-4693.0,378.0,49.0,75.0
-4737.0,371.0,49.0,75.0
-4780.0,364.0,49.0,75.0
-4824.0,371.0,49.0,75.0
-4867.0,363.0,49.0,75.0
-4910.0,367.0,49.0,75.0
-4953.0,361.0,49.0,75.0
-4997.0,358.0,49.0,75.0
-5040.0,367.0,49.0,75.0
-5084.0,358.0,49.0,75.0
-5128.0,351.0,49.0,75.0
197.0,157.0,14.0,28.0
-5169.0,353.0,49.0,72.0
-5169.0,393.0,49.0,72.0
-5169.0,422.0,49.0,72.0
-5169.0,421.0,49.0,72.0
-5169.0,423.0,49.0,72.0
-5169.0,425.0,49.0,72.0
-5168.0,425.0,49.0,72.0
-5168.0,426.0,49.0,72.0
-5168.0,426.0,49.0,72.0
-5167.0,426.0,49.0,72.0
-5166.0,424.0,49.0,72.0
-5166.0,425.0,49.0,72.0
-5209.0,402.0,49.0,72.0
-5252.0,372.0,49.0,72.0
-5296.0,377.0,50.0,72.0
-5340.0,362.0,50.0,72.0
-5383.0,340.0,50.0,73.0
-5427.0,325.0,50.0,73.0
-5427.0,348.0,50.0,74.0
-5470.0,326.0,50.0,74.0
-5513.0,303.0,50.0,74.0
-5513.0,313.0,50.0,74.0
-5513.0,323.0,50.0,74.0
-5513.0,337.0,50.0,74.0
-5557.0,315.0,50.0,74.0
-5557.0,328.0,50.0,74.0
-5557.0,344.0,50.0,75.0
-5600.0,337.0,50.0,75.0
-5643.0,346.0,50.0,75.0
-5685.0,341.0,49.0,74.0
-5728.0,345.0,48.0,74.0
-5771.0,342.0,48.0,74.0
-5815.0,346.0,48.0,74.0
-5859.0,347.0,48.0,74.0
-5902.0,347.0,48.0,74.0
-5946.0,347.0,48.0,74.0
-5989.0,344.0,48.0,74.0
-6032.0,342.0,48.0,73.0
-6076.0,341.0,48.0,73.0
-6120.0,343.0,48.0,72.0
-6163.0,343.0,48.0,72.0
-6207.0,339.0,48.0,72.0
-6250.0,340.0,48.0,72.0
-6293.0,338.0,48.0,72.0
-6336.0,338.0,48.0,72.0
-6380.0,336.0,48.0,72.0
-6423.0,339.0,48.0,72.0
-6467.0,334.0,48.0,72.0
-6510.0,339.0,48.0,72.0
-6554.0,340.0,48.0,72.0
-6597.0,337.0,48.0,72.0
-6641.0,339.0,48.0,72.0
-6684.0,332.0,48.0,72.0
-6728.0,339.0,48.0,72.0
-6772.0,328.0,48.0,72.0
-6815.0,325.0,48.0,73.0
-6859.0,325.0,48.0,73.0
-6903.0,320.0,49.0,74.0
-6947.0,316.0,49.0,74.0
-6990.0,315.0,49.0,74.0
-7033.0,322.0,50.0,74.0
-7077.0,314.0,50.0,74.0
-7121.0,309.0,50.0,75.0
-7165.0,315.0,50.0,75.0
-7208.0,318.0,50.0,75.0
-7252.0,310.0,50.0,75.0
-7296.0,321.0,50.0,75.0
-7340.0,323.0,50.0,75.0
-7383.0,314.0,49.0,75.0
-7426.0,304.0,49.0,75.0
-7470.0,294.0,49.0,75.0
214.0,137.0,14.0,30.0
-7558.0,294.0,49.0,75.0
-7602.0,286.0,49.0,75.0
214.0,137.0,14.0,30.0
214.0,136.0,14.0,30.0
-7642.0,286.0,49.0,74.0
-7686.0,276.0,49.0,73.0
-7686.0,239.0,49.0,73.0
-7685.0,257.0,49.0,72.0
-7685.0,259.0,49.0,72.0
-7685.0,258.0,49.0,72.0
-7685.0,258.0,49.0,72.0
-7685.0,269.0,49.0,72.0
-7685.0,283.0,49.0,72.0
-7729.0,273.0,49.0,72.0
-7772.0,275.0,49.0,72.0
-7815.0,273.0,49.0,73.0
-7859.0,255.0,48.0,73.0
-7859.0,272.0,47.0,73.0
-7859.0,305.0,47.0,74.0
-7903.0,278.0,47.0,74.0
-7947.0,257.0,47.0,74.0
-7947.0,276.0,47.0,74.0
-7947.0,310.0,47.0,74.0
-7991.0,285.0,48.0,74.0
-8034.0,270.0,48.0,74.0
-8034.0,281.0,48.0,74.0
-8078.0,277.0,48.0,74.0
-8078.0,302.0,48.0,74.0
-8078.0,337.0,48.0,75.0
-8078.0,339.0,48.0,75.0
-8078.0,360.0,48.0,75.0
-8122.0,338.0,48.0,75.0
-8166.0,312.0,48.0,75.0
-8209.0,295.0,48.0,75.0
-8209.0,308.0,47.0,75.0
-8252.0,294.0,47.0,75.0
-8296.0,269.0,47.0,75.0
-8296.0,283.0,47.0,75.0
-8296.0,284.0,47.0,75.0
-8296.0,307.0,47.0,75.0
-8340.0,289.0,47.0,75.0
-8384.0,272.0,47.0,75.0
-8384.0,305.0,47.0,75.0
-8427.0,282.0,47.0,75.0
-8471.0,252.0,47.0,75.0
-8471.0,251.0,47.0,75.0
-8471.0,270.0,47.0,75.0
216.0,126.0,12.0,30.0
-8515.0,274.0,47.0,75.0
-8559.0,266.0,47.0,74.0
-8559.0,278.0,47.0,73.0
-8602.0,253.0,47.0,73.0
216.0,126.0,12.0,28.0
-8602.0,239.0,47.0,73.0
-8602.0,237.0,47.0,73.0
-8602.0,237.0,47.0,73.0
-8602.0,237.0,47.0,73.0
-8602.0,237.0,47.0,73.0
-8602.0,243.0,47.0,73.0
-8602.0,247.0,47.0,74.0
-8602.0,243.0,47.0,74.0
217.0,123.0,12.0,29.0
-8607.0,237.0,47.0,74.0
-8607.0,274.0,48.0,74.0
-8607.0,308.0,48.0,74.0
-8607.0,323.0,48.0,74.0
-8607.0,349.0,48.0,74.0
-8606.0,378.0,48.0,75.0
-8606.0,383.0,48.0,75.0
-8606.0,380.0,48.0,75.0
-8606.0,375.0,48.0,76.0
-8606.0,375.0,48.0,76.0
-8606.0,373.0,48.0,76.0
-8606.0,371.0,48.0,76.0
-8606.0,368.0,48.0,76.0
-8606.0,368.0,48.0,76.0
-8606.0,368.0,48.0,76.0
-8605.0,367.0,47.0,76.0
-8605.0,367.0,47.0,76.0
-8604.0,369.0,47.0,76.0
-8604.0,366.0,47.0,75.0
-8604.0,359.0,47.0,75.0
-8604.0,361.0,47.0,75.0
-8604.0,361.0,47.0,74.0
-8604.0,361.0,47.0,74.0
-8604.0,362.0,47.0,74.0
-8604.0,360.0,47.0,74.0
-8604.0,359.0,47.0,74.0
-8604.0,358.0,47.0,73.0
-8604.0,359.0,47.0,73.0
-8604.0,357.0,47.0,73.0
-8604.0,357.0,47.0,73.0
-8603.0,357.0,47.0,73.0
-8602.0,355.0,47.0,74.0
-8602.0,356.0,47.0,74.0
-8602.0,354.0,47.0,74.0
-8602.0,355.0,47.0,74.0
-8602.0,353.0,47.0,74.0
-8602.0,351.0,47.0,74.0
-8601.0,353.0,47.0,74.0
-8601.0,351.0,47.0,74.0
-8601.0,349.0,47.0,74.0
-8601.0,351.0,47.0,74.0
-8601.0,350.0,47.0,74.0
-8601.0,348.0,47.0,74.0
-8601.0,344.0,47.0,75.0
-8601.0,341.0,47.0,75.0
-8601.0,338.0,47.0,75.0
-8601.0,337.0,47.0,75.0
-8600.0,335.0,47.0,75.0
-8600.0,336.0,47.0,75.0
-8599.0,329.0,47.0,75.0
-8599.0,344.0,47.0,75.0
-8599.0,324.0,47.0,75.0
-8599.0,340.0,47.0,75.0
-8598.0,321.0,47.0,75.0
-8598.0,316.0,47.0,75.0
-8598.0,329.0,47.0,75.0
-8598.0,326.0,47.0,75.0
-8598.0,324.0,47.0,75.0
-8598.0,321.0,47.0,75.0
-8598.0,322.0,47.0,75.0
-8598.0,322.0,47.0,74.0
-8598.0,322.0,47.0,74.0
-8598.0,320.0,47.0,74.0
-8597.0,320.0,47.0,74.0
227.0,99.0,12.0,29.0
227.0,98.0,12.0,29.0
-8597.0,339.0,47.0,74.0
-8597.0,362.0,47.0,74.0
-8597.0,360.0,47.0,74.0
-8597.0,359.0,47.0,74.0
-8597.0,359.0,47.0,74.0
-8596.0,358.0,47.0,74.0
228.0,97.0,12.0,29.0
-8594.0,366.0,47.0,74.0
-8594.0,365.0,47.0,74.0
-8594.0,361.0,47.0,74.0
-8594.0,360.0,47.0,75.0
-8594.0,359.0,47.0,75.0
-8594.0,358.0,47.0,75.0
-8593.0,357.0,47.0,75.0
-8593.0,356.0,47.0,75.0
-8593.0,357.0,47.0,75.0
-8593.0,355.0,47.0,75.0
-8593.0,355.0,47.0,75.0
-8593.0,354.0,47.0,75.0
-8593.0,353.0,47.0,75.0
-8593.0,354.0,47.0,75.0
-8593.0,351.0,47.0,75.0
-8593.0,349.0,47.0,75.0
-8593.0,349.0,47.0,75.0
-8593.0,345.0,47.0,76.0
-8593.0,344.0,47.0,77.0
-8593.0,344.0,47.0,77.0
-8593.0,341.0,47.0,77.0
-8593.0,336.0,47.0,77.0
-8593.0,334.0,47.0,77.0
-8593.0,320.0,47.0,77.0
-8593.0,302.0,47.0,77.0
-8593.0,301.0,47.0,76.0
-8593.0,297.0,47.0,76.0
-8593.0,295.0,47.0,75.0
-8593.0,287.0,47.0,75.0
-8593.0,285.0,47.0,75.0
-8593.0,309.0,47.0,75.0
-8593.0,309.0,47.0,75.0
231.0,86.0,12.0,30.0
-8592.0,285.0,47.0,75.0
231.0,85.0,12.0,31.0
-8592.0,305.0,47.0,76.0
-8592.0,302.0,47.0,76.0
-8592.0,291.0,47.0,76.0
-8592.0,289.0,47.0,77.0
-8592.0,285.0,47.0,77.0
-8592.0,284.0,47.0,77.0
-8592.0,282.0,47.0,77.0
-8592.0,280.0,48.0,77.0
-8592.0,280.0,48.0,77.0
-8592.0,281.0,48.0,78.0
-8592.0,277.0,48.0,78.0
-8592.0,276.0,48.0,78.0
231.0,79.0,13.0,33.0
-8591.0,271.0,48.0,78.0
-8591.0,266.0,48.0,78.0
-8591.0,266.0,48.0,77.0
-8591.0,264.0,48.0,76.0
-8591.0,262.0,47.0,76.0
-8591.0,260.0,47.0,76.0
-8591.0,258.0,47.0,76.0
-8591.0,257.0,47.0,77.0
-8591.0,254.0,47.0,77.0
-8590.0,251.0,47.0,78.0
-8590.0,233.0,47.0,78.0
-8590.0,230.0,47.0,78.0
-8590.0,227.0,47.0,78.0
-8590.0,228.0,47.0,78.0
-8590.0,227.0,47.0,78.0
-8590.0,225.0,47.0,78.0
-8590.0,225.0,47.0,78.0
-8590.0,224.0,47.0,78.0
-8590.0,222.0,47.0,78.0
-8590.0,220.0,47.0,78.0
-8590.0,220.0,47.0,78.0
-8590.0,217.0,47.0,78.0
-8589.0,216.0,47.0,78.0
-8589.0,223.0,47.0,78.0
-8589.0,220.0,47.0,79.0
-8589.0,215.0,47.0,79.0
-8589.0,215.0,47.0,79.0
-8589.0,216.0,47.0,79.0
-8588.0,215.0,47.0,79.0
-8588.0,214.0,47.0,79.0
-8587.0,212.0,47.0,79.0
-8587.0,213.0,47.0,79.0
-8587.0,212.0,47.0,80.0
-8587.0,204.0,48.0,80.0
-8587.0,201.0,48.0,80.0
-8587.0,202.0,48.0,80.0
-8587.0,206.0,48.0,80.0
-8587.0,205.0,48.0,79.0
-8587.0,203.0,48.0,78.0
-8586.0,202.0,48.0,78.0
-8586.0,201.0,48.0,78.0
-8586.0,200.0,48.0,78.0
-8586.0,198.0,48.0,78.0
-8586.0,201.0,48.0,78.0
-8586.0,203.0,48.0,79.0
-8586.0,217.0,48.0,80.0
-8585.0,202.0,48.0,80.0
-8585.0,199.0,48.0,80.0
-8585.0,194.0,48.0,80.0
-8584.0,191.0,48.0,80.0
238.0,48.0,13.0,35.0
238.0,48.0,13.0,35.0
238.0,48.0,12.0,35.0
-8582.0,191.0,47.0,79.0
-8582.0,191.0,47.0,78.0
-8582.0,188.0,47.0,79.0
-8582.0,197.0,47.0,79.0
-8582.0,184.0,47.0,79.0
-8581.0,172.0,47.0,79.0
-8581.0,169.0,46.0,79.0
-8580.0,167.0,46.0,79.0
-8580.0,170.0,46.0,80.0
-8580.0,168.0,46.0,81.0
-8580.0,167.0,46.0,81.0
-8579.0,166.0,46.0,81.0
-8579.0,162.0,47.0,81.0
-8579.0,164.0,47.0,81.0
-8579.0,158.0,47.0,81.0
-8579.0,160.0,47.0,81.0
-8579.0,156.0,47.0,81.0
-8579.0,142.0,47.0,82.0
-8579.0,153.0,47.0,82.0
-8578.0,152.0,47.0,82.0
-8578.0,152.0,47.0,81.0
-8577.0,161.0,47.0,81.0
-8577.0,156.0,47.0,79.0
-8577.0,154.0,47.0,79.0
-8576.0,152.0,47.0,79.0
-8576.0,151.0,47.0,79.0
-8576.0,149.0,47.0,80.0
-8576.0,155.0,47.0,81.0
-8576.0,153.0,47.0,81.0
-8576.0,151.0,47.0,81.0
-8576.0,152.0,47.0,81.0
-8576.0,151.0,47.0,81.0
-8576.0,151.0,47.0,81.0
-8575.0,151.0,47.0,81.0
-8575.0,144.0,47.0,81.0
-8575.0,153.0,47.0,81.0
-8574.0,140.0,47.0,81.0
-8574.0,138.0,47.0,81.0
-8573.0,133.0,47.0,81.0
-8573.0,133.0,47.0,81.0
-8573.0,154.0,47.0,81.0
-8573.0,133.0,47.0,81.0
-8573.0,131.0,47.0,82.0
-8573.0,126.0,47.0,82.0
-8573.0,128.0,47.0,82.0
-8573.0,127.0,47.0,83.0
-8573.0,126.0,47.0,84.0
-8573.0,120.0,47.0,84.0
-8573.0,129.0,47.0,84.0
-8573.0,125.0,47.0,84.0
-8573.0,118.0,47.0,84.0
-8573.0,133.0,47.0,84.0
-8573.0,132.0,47.0,85.0
-8573.0,120.0,47.0,85.0
-8573.0,117.0,47.0,85.0
-8573.0,117.0,47.0,85.0
-8573.0,117.0,47.0,84.0
248.0,18.0,12.0,39.0
-8573.0,113.0,48.0,83.0
249.0,16.0,12.0,38.0
249.0,15.0,12.0,38.0
-8573.0,111.0,47.0,83.0
-8573.0,108.0,47.0,84.0
-8573.0,108.0,47.0,84.0
-8573.0,109.0,47.0,85.0
-8573.0,107.0,47.0,86.0
-8573.0,108.0,48.0,87.0
-8573.0,106.0,48.0,87.0
-8573.0,120.0,48.0,87.0
-8616.0,111.0,48.0,87.0
-8660.0,84.0,48.0,86.0
-8660.0,115.0,48.0,86.0
-8703.0,89.0,48.0,86.0
-8703.0,117.0,48.0,86.0
-8747.0,94.0,48.0,86.0
-8747.0,120.0,48.0,86.0
-8747.0,149.0,48.0,86.0
-8746.0,165.0,48.0,87.0
-8746.0,165.0,47.0,87.0
-8745.0,156.0,47.0,87.0
-8745.0,153.0,47.0,87.0
-8745.0,151.0,47.0,87.0
-8745.0,149.0,47.0,87.0
-8745.0,147.0,47.0,87.0
-8745.0,144.0,47.0,87.0
-8745.0,143.0,48.0,87.0
-8745.0,140.0,48.0,87.0
-8745.0,132.0,49.0,86.0
-8745.0,130.0,49.0,85.0
-8745.0,127.0,50.0,85.0
-8745.0,123.0,50.0,85.0
-8745.0,125.0,50.0,84.0
-8745.0,123.0,50.0,83.0
-8744.0,121.0,50.0,81.0
253.0,-0.0,15.0,34.0
-8742.0,82.0,49.0,78.0
-8742.0,66.0,49.0,78.0
-8742.0,62.0,48.0,78.0
-8742.0,61.0,48.0,78.0
-8742.0,58.0,48.0,78.0
-8742.0,57.0,48.0,78.0
-8742.0,38.0,49.0,77.0
-8742.0,31.0,49.0,76.0
-8742.0,37.0,49.0,76.0
-8742.0,26.0,49.0,75.0
-8742.0,22.0,49.0,74.0
-8742.0,21.0,49.0,72.0
-8741.0,20.0,49.0,72.0
-8741.0,20.0,49.0,72.0
256.0,-0.0,13.0,26.0
257.0,-0.0,13.0,25.0
-8737.0,10.0,48.0,70.0
-8780.0,-12.0,47.0,70.0
-8824.0,-15.0,47.0,69.0
-8868.0,-12.0,47.0,69.0
-8912.0,-14.0,47.0,69.0
-8955.0,-3.0,47.0,69.0
-8999.0,-2.0,48.0,69.0
-9043.0,11.0,48.0,69.0
-9086.0,8.0,48.0,68.0
-9130.0,-9.0,48.0,67.0
-9130.0,17.0,49.0,66.0
-9129.0,32.0,49.0,66.0
-9129.0,35.0,49.0,66.0
-9129.0,26.0,49.0,65.0
-9129.0,23.0,50.0,65.0
-9130.0,21.0,50.0,65.0
-9130.0,17.0,51.0,64.0
-9129.0,16.0,51.0,63.0
-9128.0,16.0,50.0,62.0
-9127.0,20.0,50.0,61.0
-9127.0,21.0,50.0,61.0
-9128.0,18.0,50.0,61.0
-9128.0,20.0,50.0,61.0
-9127.0,22.0,49.0,61.0
-9126.0,27.0,49.0,61.0
-9125.0,27.0,48.0,61.0
-9125.0,30.0,49.0,61.0
-9126.0,31.0,50.0,61.0
-9126.0,31.0,50.0,61.0
-9127.0,31.0,51.0,61.0
-9127.0,28.0,52.0,61.0
-9127.0,30.0,53.0,61.0
-9127.0,27.0,53.0,61.0
-9127.0,25.0,53.0,61.0
-9127.0,23.0,53.0,61.0
-9127.0,27.0,53.0,61.0
-9127.0,26.0,53.0,62.0
-9127.0,25.0,53.0,62.0
-9126.0,23.0,52.0,62.0
-9126.0,20.0,51.0,62.0
-9125.0,15.0,50.0,62.0
-9124.0,12.0,49.0,62.0
-9122.0,12.0,47.0,62.0
-9121.0,-3.0,46.0,62.0
-9121.0,12.0,47.0,63.0
-9121.0,11.0,48.0,63.0
-9121.0,11.0,49.0,63.0
-9121.0,11.0,50.0,63.0
-9121.0,11.0,50.0,63.0
-9121.0,15.0,51.0,63.0
-9121.0,13.0,51.0,63.0
-9121.0,17.0,51.0,63.0
-9121.0,18.0,51.0,63.0
-9121.0,16.0,51.0,63.0
-9121.0,13.0,51.0,62.0
-9121.0,13.0,51.0,60.0
-9121.0,15.0,51.0,60.0
-9121.0,13.0,51.0,60.0
-9121.0,15.0,51.0,60.0
-9119.0,26.0,50.0,61.0
-9117.0,23.0,50.0,61.0
-9115.0,25.0,49.0,61.0
-9116.0,25.0,50.0,61.0
-9117.0,22.0,50.0,61.0
-9117.0,23.0,52.0,61.0
-9118.0,23.0,53.0,61.0
-9118.0,21.0,53.0,60.0
-9118.0,20.0,54.0,60.0
-9118.0,18.0,54.0,60.0
-9118.0,17.0,54.0,60.0
-9119.0,17.0,54.0,60.0
-9118.0,16.0,53.0,60.0
-9118.0,16.0,53.0,60.0
272.0,-0.0,17.0,15.0
-9116.0,16.0,52.0,61.0
-9115.0,16.0,52.0,61.0
274.0,-0.0,17.0,17.0
276.0,-0.0,15.0,17.0
-9112.0,12.0,47.0,62.0
-9109.0,12.0,45.0,62.0
-9110.0,11.0,47.0,62.0
-9111.0,12.0,48.0,62.0
-9111.0,11.0,50.0,62.0
-9111.0,11.0,50.0,62.0
-9111.0,12.0,51.0,62.0
-9111.0,12.0,52.0,62.0
-9112.0,11.0,53.0,63.0
-9112.0,11.0,53.0,63.0
-9112.0,11.0,53.0,63.0
-9112.0,11.0,53.0,63.0
-9112.0,13.0,53.0,62.0
-9112.0,15.0,53.0,61.0
-9112.0,15.0,53.0,61.0
-9110.0,15.0,52.0,61.0
-9109.0,16.0,51.0,61.0
-9107.0,18.0,50.0,61.0
-9106.0,20.0,50.0,61.0
-9104.0,23.0,49.0,61.0
-9104.0,27.0,49.0,61.0
-9105.0,33.0,50.0,61.0
-9106.0,30.0,50.0,61.0
-9106.0,30.0,50.0,62.0
-9105.0,33.0,51.0,62.0
-9105.0,42.0,51.0,62.0
-9105.0,35.0,52.0,63.0
-9106.0,36.0,52.0,65.0
-9106.0,50.0,53.0,66.0
-9104.0,51.0,52.0,68.0
-9103.0,52.0,50.0,69.0
-9102.0,53.0,50.0,71.0
-9100.0,55.0,50.0,74.0
-9100.0,58.0,50.0,78.0
-9099.0,65.0,49.0,81.0
-9099.0,67.0,50.0,84.0
-9099.0,72.0,50.0,89.0
-9099.0,82.0,50.0,93.0
-9098.0,96.0,50.0,93.0
-9098.0,112.0,50.0,92.0
-9097.0,129.0,50.0,92.0
-9097.0,146.0,50.0,90.0
-9098.0,169.0,50.0,89.0
-9098.0,186.0,50.0,88.0
-9097.0,203.0,50.0,88.0
291.0,53.0,15.0,43.0
-9097.0,233.0,50.0,88.0
292.0,66.0,15.0,43.0
292.0,73.0,15.0,43.0
-9097.0,267.0,50.0,88.0
-9097.0,281.0,50.0,88.0
-9097.0,298.0,50.0,88.0
-9097.0,323.0,50.0,88.0
-9097.0,333.0,50.0,88.0
-9097.0,341.0,49.0,89.0
-9096.0,347.0,49.0,89.0
-9096.0,350.0,49.0,89.0
-9096.0,349.0,49.0,89.0
-9095.0,356.0,49.0,89.0
-9095.0,354.0,49.0,88.0
-9095.0,354.0,49.0,88.0
-9095.0,355.0,49.0,87.0
-9094.0,355.0,49.0,87.0
-9094.0,356.0,49.0,87.0
-9094.0,358.0,49.0,87.0
-9094.0,359.0,49.0,88.0
-9093.0,360.0,49.0,88.0
-9093.0,359.0,49.0,88.0
-9093.0,360.0,49.0,88.0
-9093.0,351.0,49.0,89.0
-9093.0,361.0,49.0,89.0
-9092.0,362.0,49.0,89.0
-9092.0,364.0,49.0,89.0
-9091.0,364.0,49.0,89.0
