551.0,24.0,102.0,205.0
555.0,27.0,101.0,204.0
561.0,30.0,101.0,203.0
566.0,32.0,100.0,202.0
573.0,35.0,100.0,203.0
579.0,37.0,99.0,204.0
584.0,39.0,99.0,205.0
587.0,41.0,101.0,206.0
591.0,45.0,101.0,207.0
595.0,47.0,103.0,208.0
596.0,51.0,104.0,208.0
599.0,55.0,107.0,209.0
602.0,58.0,108.0,210.0
606.0,61.0,108.0,211.0
609.0,64.0,108.0,212.0
613.0,67.0,108.0,213.0
618.0,69.0,106.0,213.0
622.0,70.0,104.0,213.0
627.0,72.0,102.0,213.0
631.0,75.0,101.0,211.0
637.0,78.0,100.0,208.0
643.0,81.0,98.0,206.0
647.0,85.0,98.0,207.0
651.0,89.0,99.0,208.0
655.0,94.0,99.0,208.0
658.0,98.0,99.0,208.0
661.0,102.0,100.0,208.0
665.0,107.0,100.0,208.0
670.0,111.0,101.0,208.0
674.0,117.0,101.0,208.0
678.0,121.0,102.0,208.0
684.0,124.0,103.0,205.0
690.0,127.0,103.0,203.0
696.0,128.0,104.0,202.0
703.0,129.0,102.0,203.0
710.0,131.0,101.0,204.0
716.0,133.0,99.0,205.0
722.0,137.0,99.0,206.0
727.0,142.0,99.0,206.0
731.0,146.0,99.0,206.0
735.0,150.0,101.0,208.0
740.0,153.0,103.0,210.0
744.0,157.0,104.0,211.0
748.0,161.0,107.0,212.0
752.0,165.0,109.0,213.0
757.0,168.0,111.0,214.0
762.0,171.0,113.0,214.0
768.0,172.0,115.0,214.0
772.0,174.0,116.0,214.0
778.0,174.0,116.0,212.0
782.0,176.0,116.0,211.0
787.0,176.0,116.0,208.0
792.0,179.0,116.0,210.0
797.0,182.0,115.0,212.0
801.0,185.0,113.0,214.0
806.0,189.0,113.0,214.0
810.0,193.0,112.0,215.0
815.0,196.0,111.0,216.0
819.0,198.0,110.0,217.0
823.0,202.0,110.0,218.0
828.0,204.0,109.0,220.0
832.0,206.0,110.0,219.0
836.0,209.0,110.0,219.0
840.0,211.0,110.0,218.0
845.0,211.0,111.0,217.0
848.0,212.0,112.0,215.0
853.0,212.0,113.0,214.0
858.0,213.0,114.0,211.0
863.0,215.0,115.0,208.0
866.0,216.0,116.0,205.0
872.0,220.0,116.0,206.0
876.0,223.0,116.0,207.0
880.0,226.0,117.0,208.0
885.0,230.0,118.0,209.0
890.0,234.0,119.0,210.0
895.0,238.0,119.0,211.0
900.0,242.0,120.0,212.0
906.0,244.0,122.0,214.0
913.0,246.0,123.0,215.0
921.0,248.0,123.0,216.0
929.0,248.0,122.0,216.0
936.0,250.0,122.0,217.0
944.0,248.0,124.0,217.0
950.0,247.0,125.0,216.0
951.0,250.0,125.0,216.0
951.0,252.0,127.0,214.0
955.0,250.0,128.0,211.0
958.0,249.0,130.0,209.0
960.0,251.0,132.0,207.0
964.0,253.0,134.0,205.0
966.0,253.0,136.0,203.0
969.0,253.0,137.0,205.0
971.0,255.0,138.0,206.0
972.0,256.0,139.0,208.0
972.0,255.0,140.0,209.0
973.0,255.0,140.0,211.0
974.0,253.0,140.0,211.0
976.0,251.0,140.0,212.0
979.0,248.0,140.0,213.0
981.0,245.0,139.0,214.0
984.0,239.0,137.0,213.0
987.0,234.0,134.0,212.0
991.0,229.0,132.0,211.0
990.0,225.0,133.0,214.0
989.0,222.0,133.0,216.0
988.0,220.0,134.0,217.0
987.0,219.0,133.0,219.0
985.0,217.0,133.0,221.0
983.0,216.0,132.0,223.0
986.0,213.0,129.0,223.0
988.0,209.0,126.0,223.0
990.0,206.0,123.0,224.0
992.0,202.0,122.0,223.0
992.0,198.0,119.0,223.0
993.0,195.0,117.0,223.0
992.0,193.0,118.0,219.0
991.0,189.0,119.0,215.0
989.0,186.0,119.0,212.0
989.0,178.0,122.0,214.0
989.0,172.0,124.0,217.0
993.0,162.0,126.0,219.0
995.0,155.0,126.0,220.0
1000.0,148.0,126.0,220.0
1003.0,141.0,126.0,221.0
1006.0,136.0,125.0,219.0
1008.0,133.0,124.0,217.0
1009.0,129.0,122.0,216.0
1011.0,126.0,121.0,214.0
1014.0,123.0,120.0,213.0
1018.0,117.0,119.0,212.0
1020.0,111.0,118.0,214.0
1022.0,106.0,117.0,216.0
1024.0,99.0,116.0,217.0
1028.0,93.0,115.0,218.0
1029.0,89.0,113.0,219.0
1033.0,84.0,112.0,220.0
1033.0,83.0,111.0,217.0
1034.0,82.0,110.0,214.0
1036.0,79.0,110.0,211.0
1036.0,77.0,110.0,210.0
1035.0,71.0,111.0,208.0
1034.0,67.0,112.0,206.0
1035.0,60.0,114.0,208.0
1037.0,54.0,116.0,210.0
1038.0,48.0,119.0,211.0
1037.0,43.0,119.0,212.0
1038.0,38.0,120.0,212.0
1038.0,34.0,121.0,212.0
1036.0,33.0,121.0,211.0
1034.0,31.0,121.0,210.0
1031.0,31.0,121.0,208.0
1029.0,30.0,119.0,207.0
1029.0,29.0,116.0,205.0
1028.0,28.0,114.0,205.0
1026.0,23.0,113.0,206.0
1024.0,17.0,112.0,208.0
1020.0,12.0,111.0,209.0
1018.0,6.0,111.0,210.0
1016.0,1.0,110.0,211.0
1012.0,-3.0,110.0,211.0
1009.0,-4.0,110.0,210.0
1005.0,-6.0,108.0,208.0
1001.0,-7.0,107.0,206.0
998.0,-8.0,107.0,205.0
994.0,-10.0,107.0,204.0
990.0,-12.0,107.0,202.0
988.0,-14.0,107.0,202.0
986.0,-17.0,108.0,201.0
984.0,-20.0,110.0,200.0
983.0,-24.0,110.0,200.0
981.0,-27.0,110.0,200.0
980.0,-28.0,110.0,200.0
978.0,-29.0,108.0,198.0
977.0,-29.0,107.0,196.0
976.0,-28.0,106.0,193.0
974.0,-27.0,106.0,193.0
973.0,-27.0,106.0,193.0
971.0,-27.0,106.0,193.0
971.0,-28.0,106.0,193.0
971.0,-30.0,106.0,193.0
971.0,-33.0,106.0,193.0
972.0,-35.0,105.0,193.0
375.0,-0.0,33.0,63.0
375.0,-0.0,32.0,62.0
375.0,-0.0,32.0,60.0
973.0,-42.0,104.0,187.0
972.0,-42.0,104.0,185.0
970.0,-40.0,103.0,183.0
968.0,-40.0,103.0,181.0
967.0,-40.0,102.0,178.0
966.0,-44.0,103.0,178.0
372.0,-0.0,30.0,48.0
371.0,-0.0,31.0,48.0
960.0,-52.0,104.0,178.0
958.0,-53.0,104.0,178.0
956.0,-55.0,104.0,178.0
954.0,-57.0,104.0,176.0
950.0,-57.0,103.0,175.0
947.0,-58.0,103.0,175.0
943.0,-59.0,101.0,173.0
940.0,-60.0,99.0,172.0
937.0,-62.0,97.0,170.0
934.0,-63.0,96.0,169.0
931.0,-64.0,95.0,169.0
926.0,-64.0,94.0,169.0
923.0,-65.0,94.0,169.0
919.0,-67.0,94.0,169.0
913.0,-67.0,94.0,170.0
909.0,-65.0,94.0,169.0
906.0,-65.0,94.0,168.0
902.0,-65.0,94.0,167.0
899.0,-65.0,93.0,167.0
895.0,-67.0,93.0,167.0
892.0,-68.0,92.0,167.0
888.0,-69.0,92.0,167.0
345.0,-0.0,18.0,38.0
344.0,-0.0,18.0,39.0
881.0,-68.0,90.0,169.0
877.0,-67.0,91.0,170.0
874.0,-65.0,91.0,172.0
871.0,-64.0,91.0,172.0
867.0,-62.0,90.0,172.0
863.0,-60.0,89.0,172.0
862.0,-60.0,90.0,172.0
859.0,-60.0,91.0,172.0
856.0,-60.0,92.0,171.0
852.0,-60.0,92.0,172.0
850.0,-62.0,92.0,173.0
847.0,-60.0,92.0,174.0
842.0,-60.0,92.0,175.0
840.0,-59.0,93.0,175.0
836.0,-58.0,94.0,176.0
834.0,-57.0,93.0,175.0
832.0,-55.0,92.0,175.0
828.0,-54.0,92.0,175.0
825.0,-54.0,92.0,175.0
823.0,-53.0,92.0,175.0
321.0,-0.0,19.0,46.0
321.0,-0.0,20.0,48.0
320.0,-0.0,20.0,48.0
817.0,-52.0,93.0,179.0
813.0,-50.0,94.0,181.0
810.0,-49.0,95.0,181.0
807.0,-48.0,95.0,183.0
803.0,-45.0,95.0,183.0
801.0,-44.0,95.0,183.0
797.0,-42.0,95.0,183.0
795.0,-40.0,94.0,183.0
793.0,-38.0,93.0,184.0
790.0,-37.0,92.0,184.0
787.0,-35.0,94.0,185.0
784.0,-35.0,95.0,187.0
781.0,-35.0,96.0,188.0
778.0,-35.0,97.0,190.0
774.0,-35.0,98.0,190.0
771.0,-34.0,99.0,192.0
770.0,-33.0,98.0,192.0
768.0,-30.0,98.0,193.0
766.0,-28.0,98.0,193.0
765.0,-25.0,98.0,192.0
764.0,-21.0,97.0,190.0
762.0,-18.0,96.0,190.0
760.0,-16.0,96.0,191.0
759.0,-15.0,96.0,193.0
757.0,-15.0,96.0,194.0
755.0,-15.0,96.0,195.0
754.0,-17.0,96.0,196.0
752.0,-17.0,96.0,197.0
750.0,-15.0,95.0,196.0
748.0,-13.0,95.0,195.0
747.0,-9.0,94.0,194.0
745.0,-7.0,93.0,192.0
742.0,-5.0,93.0,190.0
740.0,-4.0,92.0,187.0
737.0,-4.0,92.0,189.0
735.0,-6.0,92.0,191.0
732.0,-7.0,92.0,193.0
727.0,-9.0,92.0,194.0
722.0,-10.0,94.0,196.0
718.0,-11.0,95.0,197.0
715.0,-10.0,95.0,196.0
711.0,-7.0,95.0,195.0
707.0,-4.0,95.0,193.0
704.0,0.0,95.0,190.0
702.0,4.0,94.0,188.0
700.0,8.0,94.0,186.0
696.0,9.0,94.0,187.0
693.0,9.0,94.0,189.0
690.0,9.0,95.0,190.0
688.0,7.0,95.0,192.0
685.0,6.0,95.0,193.0
684.0,5.0,96.0,195.0
682.0,5.0,95.0,194.0
680.0,6.0,95.0,193.0
678.0,8.0,95.0,193.0
676.0,10.0,95.0,190.0
675.0,14.0,93.0,188.0
672.0,17.0,92.0,186.0
671.0,19.0,92.0,187.0
669.0,19.0,92.0,187.0
667.0,18.0,91.0,187.0
665.0,18.0,91.0,189.0
662.0,16.0,91.0,191.0
660.0,14.0,91.0,193.0
656.0,14.0,92.0,193.0
651.0,16.0,94.0,192.0
647.0,18.0,96.0,192.0
644.0,20.0,95.0,190.0
641.0,24.0,95.0,187.0
639.0,28.0,95.0,185.0
636.0,33.0,95.0,185.0
632.0,35.0,96.0,186.0
629.0,36.0,96.0,186.0
627.0,35.0,96.0,188.0
626.0,34.0,96.0,190.0
624.0,33.0,96.0,192.0
622.0,34.0,95.0,192.0
621.0,36.0,95.0,192.0
620.0,39.0,94.0,191.0
618.0,42.0,93.0,190.0
617.0,45.0,92.0,188.0
615.0,49.0,92.0,186.0
613.0,51.0,91.0,186.0
613.0,53.0,90.0,187.0
611.0,54.0,89.0,187.0
611.0,52.0,89.0,187.0
241.0,30.0,16.0,59.0
241.0,30.0,16.0,60.0
240.0,31.0,18.0,60.0
603.0,54.0,92.0,190.0
600.0,58.0,93.0,190.0
600.0,62.0,92.0,187.0
599.0,68.0,92.0,184.0
598.0,74.0,92.0,181.0
596.0,76.0,92.0,183.0
594.0,78.0,94.0,184.0
591.0,80.0,95.0,187.0
591.0,81.0,95.0,188.0
591.0,81.0,96.0,190.0
592.0,81.0,97.0,191.0
594.0,83.0,96.0,191.0
596.0,85.0,95.0,191.0
597.0,87.0,95.0,191.0
600.0,92.0,95.0,190.0
602.0,97.0,94.0,187.0
605.0,101.0,93.0,186.0
608.0,104.0,92.0,186.0
613.0,108.0,92.0,186.0
616.0,108.0,90.0,185.0
618.0,110.0,91.0,187.0
621.0,110.0,92.0,189.0
623.0,112.0,92.0,190.0
625.0,114.0,93.0,190.0
628.0,116.0,94.0,190.0
629.0,120.0,95.0,190.0
632.0,126.0,94.0,188.0
635.0,132.0,93.0,185.0
637.0,138.0,92.0,183.0
638.0,142.0,93.0,183.0
640.0,145.0,95.0,183.0
641.0,148.0,96.0,183.0
643.0,149.0,96.0,185.0
644.0,150.0,97.0,187.0
648.0,151.0,97.0,190.0
650.0,154.0,97.0,190.0
652.0,157.0,96.0,190.0
656.0,161.0,96.0,190.0
658.0,167.0,95.0,189.0
661.0,171.0,95.0,187.0
664.0,177.0,95.0,186.0
667.0,181.0,94.0,185.0
670.0,186.0,94.0,184.0
673.0,188.0,93.0,183.0
676.0,190.0,93.0,185.0
679.0,190.0,93.0,187.0
682.0,192.0,93.0,189.0
684.0,193.0,95.0,190.0
687.0,195.0,96.0,190.0
688.0,200.0,98.0,192.0
691.0,205.0,97.0,190.0
693.0,210.0,97.0,187.0
696.0,216.0,97.0,185.0
698.0,223.0,96.0,184.0
701.0,229.0,96.0,184.0
704.0,233.0,95.0,182.0
707.0,235.0,97.0,184.0
710.0,238.0,98.0,187.0
713.0,239.0,98.0,189.0
716.0,240.0,98.0,190.0
720.0,241.0,98.0,190.0
721.0,243.0,98.0,191.0
724.0,248.0,97.0,190.0
726.0,252.0,97.0,189.0
728.0,256.0,96.0,187.0
731.0,260.0,95.0,186.0
733.0,264.0,95.0,184.0
735.0,266.0,95.0,181.0
736.0,268.0,95.0,184.0
736.0,270.0,96.0,186.0
738.0,269.0,98.0,187.0
740.0,269.0,98.0,189.0
741.0,269.0,98.0,190.0
743.0,271.0,98.0,190.0
744.0,273.0,98.0,189.0
744.0,277.0,98.0,188.0
745.0,280.0,98.0,187.0
747.0,284.0,98.0,184.0
748.0,288.0,98.0,182.0
748.0,292.0,98.0,180.0
749.0,292.0,98.0,182.0
751.0,292.0,98.0,184.0
753.0,292.0,99.0,186.0
755.0,292.0,99.0,187.0
756.0,292.0,99.0,189.0
757.0,294.0,99.0,190.0
759.0,296.0,98.0,189.0
760.0,298.0,98.0,188.0
762.0,298.0,98.0,187.0
763.0,300.0,96.0,184.0
763.0,301.0,95.0,182.0
765.0,302.0,94.0,180.0
766.0,303.0,95.0,181.0
767.0,303.0,95.0,183.0
767.0,303.0,96.0,184.0
769.0,304.0,96.0,185.0
771.0,303.0,96.0,186.0
773.0,303.0,96.0,187.0
774.0,304.0,97.0,187.0
776.0,307.0,97.0,187.0
776.0,310.0,97.0,187.0
779.0,316.0,97.0,183.0
781.0,320.0,96.0,179.0
782.0,325.0,96.0,175.0
784.0,328.0,98.0,175.0
786.0,331.0,99.0,175.0
789.0,335.0,101.0,176.0
792.0,337.0,101.0,176.0
795.0,340.0,102.0,176.0
798.0,342.0,102.0,177.0
802.0,345.0,103.0,177.0
805.0,348.0,104.0,177.0
809.0,352.0,104.0,178.0
811.0,358.0,104.0,175.0
812.0,365.0,104.0,173.0
814.0,370.0,104.0,171.0
817.0,376.0,103.0,169.0
821.0,381.0,102.0,166.0
826.0,389.0,101.0,165.0
831.0,395.0,101.0,166.0
834.0,401.0,99.0,167.0
839.0,407.0,98.0,168.0
