691.0,50.0,58.0,124.0
691.0,50.0,58.0,124.0
691.0,49.0,58.0,124.0
691.0,49.0,58.0,124.0
691.0,49.0,59.0,124.0
693.0,47.0,60.0,125.0
693.0,47.0,61.0,125.0
693.0,45.0,61.0,125.0
693.0,45.0,61.0,125.0
694.0,44.0,61.0,125.0
694.0,43.0,61.0,125.0
694.0,41.0,62.0,125.0
695.0,40.0,62.0,125.0
695.0,39.0,62.0,125.0
696.0,38.0,62.0,125.0
697.0,37.0,62.0,125.0
698.0,36.0,62.0,125.0
699.0,34.0,61.0,125.0
699.0,33.0,61.0,125.0
699.0,31.0,62.0,126.0
699.0,30.0,63.0,128.0
698.0,28.0,63.0,129.0
699.0,28.0,63.0,129.0
699.0,27.0,64.0,129.0
699.0,27.0,64.0,129.0
699.0,25.0,63.0,129.0
699.0,25.0,63.0,129.0
699.0,24.0,63.0,128.0
699.0,24.0,63.0,128.0
699.0,23.0,62.0,127.0
699.0,23.0,62.0,126.0
699.0,23.0,63.0,126.0
699.0,21.0,63.0,127.0
699.0,19.0,64.0,127.0
699.0,17.0,64.0,128.0
699.0,15.0,64.0,128.0
700.0,13.0,64.0,129.0
700.0,12.0,64.0,130.0
702.0,10.0,64.0,130.0
702.0,9.0,65.0,131.0
704.0,9.0,64.0,129.0
704.0,10.0,64.0,128.0
705.0,10.0,63.0,128.0
706.0,12.0,64.0,126.0
706.0,12.0,64.0,125.0
706.0,12.0,64.0,125.0
706.0,10.0,64.0,125.0
708.0,8.0,64.0,126.0
708.0,6.0,64.0,128.0
709.0,5.0,64.0,128.0
710.0,4.0,64.0,128.0
711.0,4.0,64.0,128.0
711.0,5.0,64.0,128.0
711.0,7.0,64.0,128.0
711.0,8.0,64.0,128.0
711.0,10.0,64.0,127.0
712.0,12.0,63.0,126.0
714.0,12.0,62.0,125.0
713.0,11.0,62.0,126.0
712.0,10.0,62.0,127.0
712.0,8.0,63.0,128.0
709.0,8.0,63.0,128.0
706.0,8.0,63.0,128.0
704.0,9.0,63.0,129.0
699.0,10.0,62.0,128.0
695.0,12.0,61.0,128.0
691.0,15.0,61.0,127.0
685.0,17.0,61.0,126.0
678.0,19.0,62.0,125.0
672.0,21.0,63.0,124.0
667.0,21.0,63.0,125.0
662.0,19.0,63.0,125.0
656.0,19.0,63.0,126.0
650.0,19.0,63.0,127.0
644.0,19.0,63.0,128.0
638.0,19.0,63.0,129.0
631.0,21.0,63.0,129.0
624.0,23.0,63.0,129.0
617.0,26.0,63.0,129.0
610.0,30.0,63.0,127.0
604.0,32.0,63.0,125.0
598.0,35.0,63.0,122.0
593.0,35.0,63.0,124.0
588.0,35.0,64.0,126.0
584.0,35.0,64.0,128.0
580.0,36.0,64.0,128.0
578.0,36.0,64.0,128.0
576.0,38.0,64.0,129.0
575.0,40.0,63.0,128.0
575.0,42.0,62.0,128.0
575.0,44.0,61.0,128.0
575.0,46.0,61.0,127.0
575.0,50.0,61.0,125.0
576.0,51.0,61.0,125.0
576.0,50.0,62.0,125.0
576.0,50.0,62.0,126.0
576.0,50.0,63.0,126.0
576.0,48.0,63.0,128.0
576.0,48.0,63.0,128.0
576.0,50.0,63.0,130.0
576.0,50.0,63.0,128.0
576.0,53.0,63.0,127.0
576.0,57.0,63.0,126.0
576.0,58.0,63.0,125.0
576.0,60.0,63.0,125.0
576.0,60.0,63.0,125.0
576.0,60.0,63.0,125.0
576.0,59.0,63.0,125.0
576.0,58.0,63.0,125.0
576.0,57.0,64.0,127.0
576.0,57.0,64.0,128.0
576.0,58.0,64.0,130.0
576.0,59.0,64.0,129.0
577.0,61.0,64.0,128.0
577.0,64.0,64.0,128.0
577.0,66.0,64.0,127.0
578.0,68.0,63.0,126.0
579.0,68.0,63.0,125.0
580.0,66.0,63.0,127.0
580.0,64.0,63.0,128.0
580.0,63.0,63.0,130.0
580.0,63.0,63.0,130.0
579.0,62.0,63.0,130.0
580.0,62.0,63.0,130.0
580.0,63.0,63.0,129.0
580.0,64.0,63.0,129.0
579.0,66.0,63.0,128.0
579.0,67.0,63.0,128.0
579.0,68.0,63.0,128.0
579.0,66.0,63.0,128.0
578.0,64.0,64.0,128.0
578.0,62.0,64.0,128.0
578.0,61.0,65.0,129.0
578.0,60.0,65.0,129.0
578.0,59.0,64.0,129.0
578.0,59.0,64.0,129.0
578.0,59.0,64.0,128.0
578.0,60.0,63.0,128.0
578.0,62.0,63.0,127.0
578.0,62.0,63.0,127.0
578.0,62.0,63.0,127.0
578.0,59.0,63.0,127.0
577.0,57.0,62.0,128.0
577.0,54.0,62.0,130.0
577.0,52.0,61.0,131.0
576.0,52.0,62.0,131.0
574.0,52.0,63.0,131.0
573.0,52.0,64.0,131.0
572.0,53.0,63.0,130.0
571.0,54.0,63.0,129.0
570.0,53.0,63.0,128.0
568.0,52.0,64.0,129.0
566.0,50.0,64.0,129.0
565.0,47.0,64.0,130.0
565.0,45.0,64.0,130.0
565.0,44.0,64.0,131.0
564.0,43.0,64.0,131.0
564.0,44.0,64.0,128.0
564.0,45.0,64.0,125.0
564.0,45.0,63.0,123.0
562.0,46.0,63.0,125.0
561.0,46.0,63.0,127.0
559.0,44.0,63.0,129.0
558.0,40.0,63.0,130.0
557.0,38.0,64.0,131.0
555.0,36.0,64.0,131.0
554.0,36.0,63.0,130.0
553.0,36.0,63.0,128.0
551.0,36.0,63.0,127.0
549.0,38.0,63.0,126.0
547.0,38.0,63.0,125.0
545.0,38.0,63.0,125.0
542.0,35.0,65.0,127.0
540.0,33.0,67.0,128.0
538.0,30.0,68.0,131.0
536.0,28.0,68.0,130.0
534.0,26.0,69.0,130.0
530.0,25.0,69.0,130.0
530.0,25.0,67.0,128.0
529.0,26.0,67.0,125.0
528.0,28.0,65.0,123.0
527.0,28.0,65.0,124.0
525.0,28.0,64.0,125.0
522.0,26.0,64.0,125.0
519.0,24.0,64.0,126.0
517.0,23.0,66.0,128.0
514.0,21.0,67.0,128.0
511.0,21.0,67.0,128.0
508.0,21.0,67.0,128.0
506.0,21.0,67.0,128.0
502.0,22.0,67.0,127.0
500.0,24.0,67.0,125.0
496.0,26.0,66.0,124.0
492.0,26.0,66.0,125.0
489.0,24.0,66.0,126.0
485.0,22.0,66.0,127.0
481.0,22.0,67.0,128.0
478.0,21.0,67.0,128.0
474.0,21.0,68.0,129.0
470.0,22.0,68.0,128.0
468.0,22.0,68.0,128.0
464.0,24.0,67.0,128.0
462.0,28.0,66.0,127.0
460.0,29.0,64.0,127.0
457.0,31.0,63.0,126.0
453.0,30.0,64.0,127.0
450.0,30.0,64.0,127.0
447.0,28.0,65.0,128.0
446.0,28.0,65.0,128.0
448.0,28.0,66.0,128.0
449.0,28.0,67.0,128.0
454.0,28.0,66.0,127.0
461.0,30.0,65.0,127.0
468.0,30.0,65.0,126.0
477.0,31.0,65.0,127.0
486.0,31.0,66.0,128.0
497.0,29.0,66.0,128.0
510.0,26.0,67.0,129.0
524.0,23.0,67.0,131.0
538.0,21.0,68.0,132.0
554.0,20.0,67.0,132.0
572.0,19.0,67.0,133.0
591.0,20.0,66.0,134.0
611.0,22.0,65.0,131.0
633.0,25.0,65.0,129.0
654.0,28.0,64.0,128.0
674.0,29.0,64.0,128.0
695.0,29.0,63.0,129.0
714.0,29.0,63.0,131.0
730.0,29.0,63.0,131.0
748.0,30.0,62.0,133.0
764.0,31.0,62.0,134.0
776.0,34.0,63.0,133.0
788.0,36.0,63.0,132.0
798.0,38.0,63.0,131.0
806.0,42.0,63.0,130.0
812.0,44.0,63.0,129.0
816.0,46.0,63.0,128.0
820.0,46.0,64.0,129.0
822.0,44.0,66.0,129.0
822.0,43.0,67.0,130.0
822.0,42.0,67.0,131.0
820.0,41.0,67.0,131.0
818.0,41.0,67.0,132.0
816.0,43.0,67.0,131.0
813.0,45.0,67.0,129.0
809.0,48.0,68.0,127.0
808.0,51.0,67.0,128.0
806.0,53.0,65.0,130.0
805.0,53.0,64.0,131.0
802.0,52.0,64.0,132.0
800.0,52.0,64.0,134.0
797.0,52.0,64.0,135.0
795.0,54.0,63.0,134.0
791.0,54.0,63.0,131.0
788.0,56.0,63.0,129.0
782.0,58.0,64.0,129.0
775.0,59.0,64.0,129.0
768.0,59.0,65.0,129.0
762.0,58.0,66.0,131.0
758.0,57.0,67.0,131.0
753.0,56.0,68.0,133.0
748.0,55.0,68.0,133.0
744.0,55.0,67.0,133.0
740.0,55.0,67.0,133.0
736.0,57.0,67.0,131.0
732.0,60.0,67.0,128.0
728.0,62.0,67.0,125.0
724.0,62.0,67.0,127.0
720.0,60.0,66.0,128.0
716.0,60.0,66.0,130.0
712.0,60.0,65.0,130.0
709.0,60.0,64.0,130.0
705.0,60.0,63.0,130.0
701.0,62.0,64.0,128.0
696.0,64.0,64.0,127.0
691.0,66.0,64.0,125.0
685.0,68.0,65.0,125.0
678.0,68.0,67.0,126.0
672.0,68.0,69.0,127.0
666.0,68.0,69.0,128.0
662.0,66.0,69.0,128.0
656.0,66.0,69.0,129.0
651.0,69.0,69.0,127.0
647.0,70.0,69.0,125.0
643.0,74.0,69.0,122.0
638.0,77.0,67.0,120.0
633.0,80.0,67.0,118.0
240.0,35.0,18.0,33.0
237.0,36.0,21.0,33.0
235.0,36.0,24.0,33.0
232.0,37.0,26.0,34.0
231.0,38.0,27.0,33.0
603.0,102.0,76.0,116.0
600.0,105.0,76.0,116.0
597.0,108.0,75.0,114.0
593.0,112.0,74.0,112.0
589.0,115.0,73.0,110.0
585.0,118.0,73.0,111.0
581.0,122.0,73.0,112.0
579.0,124.0,73.0,113.0
577.0,129.0,73.0,112.0
577.0,134.0,73.0,110.0
576.0,138.0,72.0,110.0
576.0,144.0,72.0,108.0
577.0,150.0,72.0,107.0
577.0,154.0,72.0,107.0
576.0,158.0,74.0,107.0
577.0,163.0,76.0,107.0
579.0,167.0,79.0,107.0
582.0,174.0,78.0,107.0
586.0,181.0,77.0,107.0
590.0,187.0,76.0,107.0
594.0,195.0,73.0,107.0
600.0,202.0,71.0,107.0
604.0,207.0,69.0,107.0
608.0,212.0,71.0,107.0
614.0,218.0,73.0,108.0
620.0,224.0,76.0,109.0
628.0,232.0,76.0,110.0
634.0,240.0,77.0,110.0
642.0,248.0,77.0,112.0
650.0,257.0,74.0,111.0
660.0,268.0,72.0,111.0
668.0,277.0,69.0,111.0
674.0,285.0,71.0,113.0
681.0,295.0,73.0,114.0
686.0,303.0,76.0,116.0
691.0,313.0,79.0,117.0
697.0,323.0,82.0,118.0
702.0,335.0,85.0,119.0
707.0,346.0,82.0,119.0
711.0,357.0,79.0,119.0
715.0,367.0,77.0,119.0
717.0,373.0,76.0,120.0
719.0,380.0,75.0,121.0
720.0,385.0,74.0,122.0
722.0,389.0,77.0,124.0
726.0,393.0,81.0,126.0
729.0,397.0,84.0,128.0
733.0,401.0,85.0,129.0
738.0,405.0,85.0,130.0
745.0,411.0,86.0,131.0
755.0,417.0,80.0,131.0
765.0,423.0,75.0,131.0
777.0,428.0,69.0,131.0
787.0,430.0,69.0,133.0
799.0,432.0,69.0,134.0
811.0,435.0,70.0,137.0
824.0,438.0,73.0,139.0
837.0,440.0,76.0,142.0
853.0,442.0,80.0,144.0
872.0,447.0,79.0,143.0
893.0,452.0,78.0,141.0
913.0,457.0,76.0,140.0
936.0,463.0,76.0,137.0
959.0,469.0,74.0,136.0
983.0,471.0,73.0,134.0
1005.0,472.0,75.0,137.0
1029.0,474.0,76.0,141.0
1051.0,477.0,76.0,145.0
1070.0,480.0,77.0,145.0
1086.0,483.0,78.0,146.0
1101.0,485.0,79.0,146.0
1112.0,487.0,78.0,143.0
1124.0,490.0,78.0,141.0
1134.0,492.0,77.0,139.0
1143.0,494.0,78.0,137.0
1149.0,495.0,79.0,135.0
1157.0,495.0,79.0,134.0
1162.0,492.0,80.0,136.0
1165.0,488.0,80.0,138.0
1166.0,484.0,81.0,140.0
1163.0,478.0,80.0,140.0
1158.0,472.0,79.0,140.0
1150.0,466.0,77.0,140.0
1141.0,460.0,76.0,138.0
1133.0,454.0,76.0,137.0
1124.0,448.0,75.0,134.0
1113.0,439.0,76.0,134.0
1099.0,429.0,76.0,133.0
1082.0,417.0,76.0,132.0
1062.0,401.0,75.0,134.0
1036.0,387.0,75.0,135.0
1012.0,373.0,74.0,137.0
985.0,359.0,73.0,136.0
958.0,346.0,71.0,135.0
931.0,335.0,70.0,135.0
904.0,326.0,69.0,132.0
877.0,319.0,68.0,130.0
852.0,311.0,67.0,127.0
830.0,305.0,67.0,128.0
809.0,299.0,65.0,130.0
789.0,291.0,64.0,131.0
771.0,285.0,64.0,131.0
753.0,279.0,64.0,131.0
737.0,275.0,64.0,131.0
721.0,273.0,63.0,131.0
709.0,269.0,63.0,131.0
695.0,268.0,63.0,131.0
683.0,267.0,63.0,128.0
672.0,266.0,64.0,127.0
661.0,265.0,64.0,125.0
653.0,263.0,64.0,126.0
645.0,261.0,65.0,128.0
637.0,258.0,66.0,129.0
631.0,256.0,65.0,130.0
625.0,253.0,64.0,131.0
621.0,251.0,64.0,132.0
617.0,251.0,64.0,131.0
612.0,251.0,65.0,130.0
608.0,253.0,66.0,128.0
605.0,254.0,64.0,127.0
601.0,256.0,64.0,125.0
597.0,257.0,62.0,124.0
593.0,255.0,63.0,125.0
589.0,255.0,64.0,127.0
584.0,253.0,64.0,128.0
578.0,253.0,64.0,131.0
574.0,253.0,65.0,132.0
569.0,254.0,65.0,134.0
564.0,255.0,64.0,132.0
560.0,257.0,64.0,130.0
555.0,261.0,64.0,128.0
550.0,263.0,64.0,127.0
544.0,265.0,64.0,127.0
538.0,265.0,64.0,126.0
533.0,265.0,64.0,128.0
529.0,267.0,64.0,131.0
523.0,267.0,64.0,132.0
517.0,269.0,64.0,132.0
513.0,270.0,64.0,131.0
509.0,272.0,64.0,131.0
505.0,274.0,64.0,129.0
501.0,277.0,64.0,128.0
497.0,280.0,64.0,126.0
491.0,282.0,64.0,127.0
487.0,283.0,64.0,127.0
483.0,284.0,65.0,128.0
478.0,285.0,65.0,129.0
472.0,285.0,65.0,131.0
468.0,285.0,65.0,133.0
463.0,287.0,66.0,132.0
458.0,289.0,66.0,131.0
453.0,291.0,67.0,129.0
449.0,293.0,67.0,129.0
445.0,295.0,67.0,128.0
442.0,296.0,68.0,128.0
443.0,294.0,67.0,130.0
445.0,292.0,67.0,132.0
447.0,290.0,67.0,134.0
453.0,288.0,66.0,133.0
459.0,287.0,66.0,131.0
465.0,286.0,65.0,130.0
472.0,285.0,66.0,130.0
478.0,283.0,67.0,131.0
483.0,281.0,67.0,131.0
488.0,278.0,68.0,132.0
494.0,276.0,70.0,134.0
498.0,274.0,70.0,134.0
502.0,272.0,69.0,132.0
509.0,270.0,68.0,130.0
514.0,269.0,67.0,127.0
519.0,269.0,66.0,128.0
522.0,267.0,65.0,128.0
526.0,265.0,64.0,129.0
527.0,262.0,64.0,130.0
528.0,258.0,64.0,131.0
529.0,255.0,64.0,131.0
528.0,253.0,64.0,128.0
527.0,250.0,64.0,125.0
526.0,247.0,63.0,123.0
521.0,243.0,64.0,126.0
515.0,238.0,67.0,128.0
510.0,233.0,68.0,131.0
504.0,229.0,67.0,130.0
500.0,226.0,66.0,128.0
495.0,224.0,64.0,125.0
489.0,221.0,65.0,125.0
484.0,219.0,65.0,125.0
478.0,216.0,66.0,125.0
474.0,213.0,65.0,127.0
468.0,209.0,64.0,129.0
463.0,205.0,64.0,131.0
457.0,203.0,64.0,128.0
453.0,200.0,64.0,125.0
447.0,196.0,63.0,123.0
442.0,194.0,64.0,125.0
439.0,191.0,64.0,125.0
436.0,187.0,65.0,127.0
435.0,181.0,65.0,128.0
434.0,176.0,65.0,128.0
434.0,172.0,65.0,129.0
437.0,168.0,64.0,127.0
441.0,165.0,64.0,125.0
447.0,163.0,64.0,122.0
454.0,159.0,64.0,123.0
461.0,155.0,63.0,125.0
469.0,152.0,62.0,125.0
479.0,147.0,61.0,125.0
488.0,143.0,61.0,125.0
500.0,138.0,61.0,125.0
510.0,134.0,61.0,125.0
522.0,130.0,61.0,123.0
535.0,128.0,62.0,122.0
548.0,124.0,62.0,124.0
561.0,118.0,61.0,125.0
575.0,113.0,61.0,127.0
587.0,109.0,62.0,126.0
601.0,106.0,63.0,125.0
613.0,102.0,64.0,123.0
626.0,100.0,63.0,122.0
638.0,99.0,63.0,121.0
649.0,99.0,63.0,119.0
659.0,97.0,62.0,121.0
668.0,95.0,62.0,122.0
677.0,93.0,62.0,124.0
683.0,89.0,61.0,124.0
689.0,87.0,61.0,124.0
694.0,85.0,61.0,124.0
697.0,83.0,61.0,122.0
701.0,81.0,61.0,120.0
704.0,79.0,61.0,118.0
704.0,77.0,60.0,119.0
704.0,73.0,60.0,121.0
704.0,68.0,60.0,122.0
702.0,65.0,60.0,122.0
700.0,63.0,61.0,122.0
697.0,59.0,61.0,122.0
692.0,58.0,61.0,121.0
689.0,56.0,61.0,119.0
685.0,55.0,61.0,119.0
682.0,55.0,61.0,119.0
681.0,53.0,59.0,119.0
678.0,50.0,58.0,119.0
676.0,48.0,58.0,120.0
672.0,45.0,59.0,122.0
670.0,43.0,60.0,123.0
667.0,43.0,61.0,121.0
663.0,42.0,62.0,119.0
660.0,42.0,64.0,118.0
658.0,42.0,64.0,118.0
656.0,43.0,64.0,117.0
655.0,43.0,64.0,117.0
653.0,40.0,62.0,119.0
651.0,36.0,61.0,122.0
649.0,34.0,61.0,123.0
647.0,32.0,61.0,122.0
644.0,31.0,61.0,122.0
640.0,30.0,61.0,120.0
638.0,31.0,61.0,119.0
636.0,32.0,61.0,117.0
633.0,32.0,61.0,115.0
631.0,33.0,61.0,117.0
628.0,33.0,61.0,119.0
626.0,33.0,60.0,120.0
623.0,31.0,60.0,120.0
622.0,31.0,60.0,121.0
620.0,31.0,60.0,121.0
617.0,32.0,61.0,119.0
615.0,34.0,61.0,119.0
613.0,35.0,62.0,117.0
611.0,35.0,61.0,118.0
611.0,36.0,60.0,119.0
610.0,35.0,59.0,119.0
608.0,35.0,60.0,120.0
609.0,35.0,61.0,120.0
610.0,35.0,61.0,121.0
617.0,35.0,61.0,121.0
624.0,37.0,60.0,120.0
633.0,39.0,60.0,119.0
644.0,42.0,60.0,119.0
654.0,45.0,60.0,118.0
665.0,48.0,60.0,117.0
678.0,48.0,60.0,119.0
692.0,50.0,60.0,120.0
704.0,51.0,60.0,122.0
717.0,53.0,61.0,122.0
728.0,56.0,61.0,122.0
740.0,58.0,62.0,122.0
751.0,62.0,62.0,120.0
761.0,64.0,63.0,119.0
771.0,68.0,64.0,118.0
781.0,71.0,63.0,118.0
789.0,73.0,62.0,119.0
798.0,74.0,61.0,119.0
803.0,76.0,62.0,120.0
809.0,77.0,62.0,121.0
813.0,79.0,63.0,122.0
817.0,81.0,63.0,122.0
819.0,82.0,64.0,123.0
821.0,84.0,64.0,123.0
821.0,86.0,62.0,122.0
820.0,88.0,61.0,121.0
819.0,91.0,60.0,120.0
815.0,91.0,61.0,121.0
813.0,93.0,61.0,121.0
809.0,94.0,61.0,122.0
806.0,94.0,61.0,122.0
803.0,94.0,61.0,124.0
801.0,94.0,61.0,125.0
799.0,96.0,61.0,123.0
795.0,98.0,61.0,122.0
793.0,100.0,61.0,122.0
791.0,102.0,61.0,120.0
788.0,104.0,61.0,119.0
785.0,106.0,61.0,119.0
782.0,106.0,61.0,120.0
779.0,106.0,61.0,122.0
776.0,106.0,61.0,123.0
773.0,106.0,61.0,124.0
770.0,107.0,61.0,125.0
767.0,109.0,61.0,125.0
764.0,109.0,61.0,125.0
760.0,110.0,61.0,124.0
756.0,112.0,61.0,124.0
752.0,115.0,61.0,122.0
749.0,116.0,61.0,122.0
745.0,118.0,60.0,121.0
741.0,117.0,60.0,122.0
737.0,116.0,60.0,122.0
732.0,115.0,61.0,123.0
728.0,115.0,61.0,124.0
723.0,115.0,60.0,125.0
719.0,117.0,60.0,126.0
714.0,119.0,61.0,125.0
710.0,121.0,61.0,124.0
706.0,123.0,61.0,123.0
701.0,125.0,61.0,122.0
697.0,127.0,61.0,121.0
692.0,127.0,62.0,120.0
687.0,127.0,61.0,122.0
683.0,126.0,61.0,122.0
678.0,127.0,61.0,124.0
672.0,127.0,61.0,125.0
667.0,128.0,62.0,125.0
661.0,128.0,63.0,125.0
655.0,130.0,64.0,123.0
650.0,133.0,64.0,122.0
644.0,136.0,66.0,119.0
638.0,137.0,67.0,119.0
632.0,138.0,68.0,119.0
626.0,139.0,70.0,119.0
625.0,143.0,68.0,117.0
624.0,146.0,67.0,116.0
625.0,150.0,65.0,114.0
627.0,153.0,67.0,113.0
242.0,65.0,22.0,27.0
243.0,67.0,24.0,26.0
244.0,69.0,26.0,26.0
638.0,167.0,76.0,109.0
641.0,170.0,77.0,109.0
646.0,173.0,76.0,109.0
652.0,177.0,76.0,108.0
656.0,181.0,75.0,107.0
662.0,185.0,73.0,107.0
667.0,188.0,72.0,107.0
672.0,192.0,70.0,107.0
677.0,197.0,72.0,108.0
681.0,201.0,73.0,109.0
687.0,205.0,76.0,110.0
692.0,209.0,75.0,109.0
698.0,214.0,74.0,108.0
704.0,219.0,73.0,107.0
711.0,225.0,70.0,107.0
717.0,231.0,68.0,108.0
724.0,238.0,65.0,109.0
731.0,247.0,66.0,108.0
738.0,256.0,67.0,107.0
745.0,265.0,67.0,106.0
755.0,274.0,67.0,106.0
763.0,283.0,68.0,107.0
772.0,293.0,69.0,107.0
784.0,304.0,68.0,107.0
795.0,315.0,67.0,109.0
808.0,327.0,66.0,110.0
817.0,339.0,68.0,109.0
823.0,350.0,70.0,107.0
831.0,361.0,73.0,107.0
840.0,374.0,74.0,107.0
850.0,388.0,75.0,108.0
861.0,402.0,76.0,109.0
870.0,418.0,76.0,107.0
881.0,433.0,77.0,104.0
891.0,449.0,78.0,102.0
905.0,464.0,78.0,105.0
918.0,481.0,78.0,108.0
934.0,500.0,79.0,111.0
947.0,519.0,78.0,115.0
960.0,538.0,77.0,119.0
972.0,559.0,76.0,122.0
984.0,581.0,76.0,120.0
993.0,603.0,76.0,118.0
1003.0,624.0,75.0,116.0
nan,nan,nan,nan
nan,nan,nan,nan
nan,nan,nan,nan
nan,nan,nan,nan
nan,nan,nan,nan
nan,nan,nan,nan
nan,nan,nan,nan
nan,nan,nan,nan
nan,nan,nan,nan
nan,nan,nan,nan
nan,nan,nan,nan
nan,nan,nan,nan
nan,nan,nan,nan
nan,nan,nan,nan
nan,nan,nan,nan
nan,nan,nan,nan
nan,nan,nan,nan
nan,nan,nan,nan
nan,nan,nan,nan
nan,nan,nan,nan
nan,nan,nan,nan
nan,nan,nan,nan
nan,nan,nan,nan
nan,nan,nan,nan
nan,nan,nan,nan
nan,nan,nan,nan
nan,nan,nan,nan
nan,nan,nan,nan
nan,nan,nan,nan
803.0,652.0,67.0,107.0
784.0,636.0,74.0,113.0
766.0,618.0,82.0,119.0
747.0,603.0,88.0,125.0
736.0,589.0,84.0,126.0
725.0,576.0,79.0,128.0
714.0,562.0,74.0,128.0
700.0,546.0,73.0,128.0
686.0,530.0,73.0,128.0
671.0,515.0,72.0,129.0
658.0,500.0,76.0,129.0
644.0,487.0,79.0,130.0
631.0,475.0,82.0,131.0
619.0,465.0,83.0,130.0
607.0,455.0,83.0,128.0
595.0,446.0,83.0,128.0
583.0,439.0,80.0,128.0
573.0,431.0,76.0,128.0
563.0,423.0,73.0,128.0
552.0,413.0,71.0,128.0
542.0,403.0,69.0,130.0
533.0,392.0,67.0,131.0
525.0,381.0,68.0,132.0
515.0,370.0,70.0,134.0
507.0,361.0,70.0,134.0
497.0,354.0,70.0,134.0
490.0,348.0,70.0,133.0
482.0,342.0,69.0,132.0
476.0,337.0,67.0,130.0
470.0,333.0,65.0,128.0
464.0,327.0,64.0,125.0
458.0,321.0,64.0,127.0
452.0,315.0,64.0,129.0
446.0,307.0,64.0,131.0
441.0,301.0,66.0,131.0
436.0,295.0,67.0,131.0
432.0,291.0,69.0,131.0
430.0,287.0,68.0,130.0
429.0,283.0,68.0,128.0
429.0,280.0,68.0,128.0
429.0,277.0,67.0,126.0
430.0,274.0,67.0,125.0
433.0,269.0,67.0,123.0
440.0,265.0,67.0,125.0
446.0,259.0,67.0,127.0
453.0,253.0,67.0,129.0
461.0,249.0,67.0,130.0
468.0,245.0,67.0,131.0
476.0,240.0,67.0,131.0
485.0,238.0,67.0,131.0
493.0,237.0,66.0,130.0
502.0,236.0,65.0,129.0
509.0,236.0,65.0,127.0
515.0,237.0,64.0,125.0
521.0,237.0,64.0,122.0
525.0,235.0,64.0,124.0
529.0,233.0,64.0,126.0
533.0,231.0,64.0,128.0
533.0,229.0,63.0,128.0
535.0,229.0,62.0,130.0
535.0,229.0,61.0,131.0
533.0,231.0,61.0,130.0
533.0,233.0,61.0,128.0
530.0,235.0,61.0,127.0
528.0,237.0,61.0,125.0
526.0,239.0,61.0,123.0
522.0,241.0,61.0,121.0
519.0,241.0,61.0,123.0
516.0,243.0,61.0,125.0
513.0,243.0,61.0,126.0
511.0,245.0,61.0,127.0
507.0,247.0,61.0,128.0
503.0,249.0,61.0,128.0
500.0,251.0,62.0,127.0
498.0,255.0,63.0,126.0
494.0,259.0,64.0,125.0
492.0,263.0,63.0,123.0
490.0,265.0,63.0,122.0
488.0,267.0,63.0,121.0
484.0,267.0,64.0,123.0
481.0,267.0,64.0,125.0
477.0,267.0,65.0,127.0
475.0,267.0,64.0,128.0
473.0,267.0,64.0,128.0
470.0,267.0,63.0,128.0
468.0,269.0,63.0,128.0
466.0,269.0,63.0,126.0
463.0,270.0,63.0,125.0
462.0,270.0,61.0,125.0
181.0,105.0,13.0,42.0
181.0,105.0,12.0,42.0
180.0,105.0,13.0,42.0
178.0,105.0,15.0,41.0
177.0,105.0,16.0,41.0
176.0,105.0,17.0,39.0
175.0,105.0,18.0,38.0
174.0,106.0,18.0,36.0
175.0,106.0,18.0,33.0
176.0,107.0,18.0,31.0
455.0,272.0,65.0,113.0
458.0,274.0,64.0,112.0
460.0,274.0,63.0,110.0
462.0,276.0,61.0,110.0
462.0,280.0,63.0,109.0
461.0,284.0,64.0,107.0
460.0,286.0,65.0,107.0
459.0,290.0,67.0,107.0
461.0,292.0,68.0,107.0
461.0,295.0,69.0,107.0
462.0,298.0,70.0,107.0
462.0,301.0,70.0,107.0
464.0,304.0,70.0,107.0
466.0,308.0,69.0,106.0
469.0,312.0,68.0,105.0
426.0,297.0,67.0,104.0
428.0,266.0,68.0,105.0
426.0,269.0,69.0,106.0
424.0,272.0,70.0,107.0
421.0,275.0,72.0,108.0
419.0,278.0,73.0,110.0
417.0,283.0,74.0,111.0
417.0,288.0,73.0,110.0
417.0,291.0,72.0,110.0
416.0,297.0,70.0,109.0
416.0,302.0,70.0,109.0
414.0,306.0,70.0,109.0
414.0,311.0,70.0,109.0
413.0,313.0,70.0,112.0
412.0,315.0,69.0,115.0
411.0,317.0,69.0,118.0
411.0,319.0,68.0,117.0
413.0,321.0,67.0,116.0
414.0,322.0,66.0,116.0
414.0,322.0,65.0,113.0
414.0,324.0,64.0,110.0
413.0,325.0,63.0,107.0
413.0,324.0,64.0,110.0
412.0,322.0,66.0,113.0
411.0,321.0,67.0,116.0
201.0,168.0,20.0,33.0
201.0,169.0,20.0,33.0
202.0,170.0,20.0,35.0
203.0,171.0,21.0,33.0
204.0,172.0,21.0,32.0
204.0,174.0,21.0,30.0
204.0,174.0,21.0,30.0
204.0,174.0,21.0,30.0
204.0,175.0,22.0,30.0
204.0,174.0,21.0,34.0
414.0,323.0,69.0,122.0
413.0,320.0,69.0,126.0
414.0,318.0,68.0,126.0
413.0,317.0,68.0,126.0
413.0,314.0,68.0,127.0
414.0,311.0,67.0,124.0
415.0,309.0,66.0,122.0
417.0,306.0,65.0,119.0
417.0,302.0,66.0,119.0
415.0,298.0,67.0,120.0
414.0,294.0,69.0,120.0
413.0,291.0,71.0,122.0
413.0,286.0,73.0,125.0
412.0,283.0,76.0,128.0
413.0,278.0,76.0,126.0
414.0,276.0,77.0,124.0
416.0,272.0,77.0,122.0
418.0,266.0,77.0,122.0
419.0,261.0,77.0,122.0
422.0,256.0,77.0,122.0
422.0,250.0,78.0,125.0
423.0,244.0,79.0,126.0
423.0,238.0,80.0,128.0
427.0,232.0,79.0,128.0
429.0,227.0,77.0,128.0
432.0,221.0,76.0,128.0
435.0,214.0,73.0,128.0
439.0,210.0,71.0,126.0
443.0,203.0,70.0,125.0
443.0,195.0,72.0,126.0
442.0,188.0,74.0,126.0
442.0,181.0,76.0,126.0
443.0,175.0,77.0,125.0
441.0,170.0,78.0,125.0
440.0,164.0,79.0,125.0
437.0,160.0,76.0,125.0
433.0,156.0,73.0,125.0
428.0,152.0,70.0,125.0
415.0,147.0,69.0,126.0
402.0,144.0,67.0,126.0
388.0,141.0,66.0,127.0
234.0,102.0,21.0,43.0
228.0,99.0,24.0,44.0
222.0,95.0,27.0,45.0
216.0,93.0,24.0,42.0
212.0,90.0,22.0,40.0
207.0,87.0,19.0,38.0
202.0,84.0,18.0,39.0
197.0,82.0,16.0,40.0
192.0,79.0,14.0,41.0
184.0,77.0,15.0,42.0
305.0,107.0,63.0,127.0
281.0,107.0,64.0,128.0
258.0,107.0,64.0,127.0
236.0,107.0,64.0,127.0
215.0,108.0,64.0,126.0
215.0,65.0,63.0,125.0
201.0,75.0,62.0,123.0
185.0,76.0,61.0,122.0
170.0,77.0,61.0,122.0
154.0,77.0,62.0,123.0
139.0,78.0,62.0,123.0
123.0,79.0,64.0,124.0
110.0,80.0,65.0,125.0
96.0,80.0,67.0,125.0
85.0,81.0,66.0,125.0
74.0,83.0,65.0,124.0
64.0,84.0,64.0,124.0
58.0,85.0,64.0,122.0
52.0,86.0,64.0,122.0
46.0,84.0,63.0,120.0
43.0,85.0,62.0,122.0
41.0,84.0,62.0,122.0
38.0,85.0,62.0,124.0
36.0,84.0,64.0,124.0
34.0,84.0,65.0,125.0
33.0,84.0,67.0,125.0
35.0,84.0,67.0,125.0
38.0,83.0,66.0,124.0
40.0,81.0,66.0,123.0
44.0,81.0,64.0,122.0
50.0,81.0,63.0,121.0
57.0,79.0,61.0,120.0
63.0,76.0,62.0,121.0
62.0,69.0,62.0,122.0
65.0,68.0,63.0,123.0
66.0,69.0,64.0,123.0
67.0,70.0,66.0,123.0
68.0,72.0,67.0,123.0
71.0,73.0,66.0,122.0
74.0,73.0,64.0,120.0
78.0,75.0,63.0,119.0
81.0,77.0,62.0,119.0
128.0,44.0,15.0,35.0
85.0,49.0,61.0,119.0
85.0,51.0,61.0,120.0
89.0,50.0,61.0,122.0
90.0,53.0,61.0,124.0
90.0,56.0,64.0,124.0
89.0,58.0,66.0,124.0
89.0,61.0,68.0,124.0
88.0,64.0,66.0,122.0
138.0,51.0,16.0,37.0
140.0,52.0,15.0,36.0
141.0,54.0,13.0,36.0
141.0,55.0,12.0,36.0
142.0,56.0,12.0,37.0
141.0,57.0,14.0,37.0
140.0,59.0,17.0,38.0
139.0,60.0,19.0,39.0
139.0,61.0,21.0,39.0
87.0,75.0,70.0,122.0
37.0,88.0,73.0,122.0
-20.0,59.0,70.0,122.0
-77.0,101.0,68.0,121.0
-135.0,65.0,66.0,120.0
-192.0,103.0,65.0,121.0
-249.0,110.0,65.0,121.0
-307.0,114.0,65.0,122.0
-364.0,121.0,65.0,124.0
-422.0,118.0,66.0,125.0
-480.0,128.0,66.0,127.0
-537.0,120.0,67.0,126.0
-594.0,133.0,67.0,125.0
-651.0,134.0,67.0,123.0
-709.0,145.0,65.0,122.0
-765.0,143.0,63.0,122.0
-823.0,151.0,61.0,122.0
-881.0,155.0,61.0,122.0
-940.0,164.0,62.0,122.0
-999.0,171.0,63.0,123.0
-1060.0,175.0,65.0,123.0
-1120.0,185.0,67.0,124.0
-1179.0,198.0,70.0,124.0
-1238.0,206.0,70.0,123.0
-1297.0,245.0,68.0,123.0
-1355.0,250.0,67.0,122.0
-1412.0,255.0,65.0,122.0
-1468.0,250.0,63.0,120.0
-1525.0,240.0,60.0,119.0
-1586.0,206.0,62.0,119.0
-1645.0,190.0,64.0,120.0
-1706.0,190.0,66.0,120.0
-1766.0,190.0,68.0,119.0
-1826.0,195.0,70.0,119.0
-1887.0,199.0,71.0,119.0
-1944.0,199.0,69.0,116.0
-2001.0,197.0,67.0,113.0
-2058.0,205.0,65.0,110.0
-2116.0,209.0,64.0,110.0
-2173.0,215.0,64.0,108.0
-2231.0,207.0,63.0,107.0
-2291.0,212.0,67.0,107.0
-2350.0,217.0,70.0,107.0
-2411.0,227.0,73.0,107.0
-2471.0,229.0,74.0,107.0
-2531.0,230.0,76.0,106.0
-2590.0,235.0,78.0,105.0
-2646.0,230.0,75.0,105.0
-2703.0,236.0,72.0,104.0
-2760.0,243.0,69.0,104.0
-2817.0,249.0,67.0,104.0
-2874.0,257.0,66.0,103.0
-2930.0,281.0,65.0,102.0
-2990.0,290.0,69.0,103.0
-3050.0,285.0,73.0,104.0
-3109.0,295.0,76.0,105.0
192.0,126.0,27.0,21.0
194.0,129.0,27.0,21.0
195.0,132.0,26.0,21.0
197.0,135.0,24.0,21.0
-3397.0,294.0,71.0,104.0
201.0,141.0,23.0,21.0
201.0,144.0,23.0,23.0
201.0,147.0,23.0,26.0
201.0,150.0,23.0,28.0
203.0,153.0,23.0,29.0
204.0,155.0,22.0,30.0
-3347.0,326.0,69.0,116.0
-3404.0,292.0,67.0,113.0
-3461.0,351.0,65.0,110.0
-3520.0,380.0,63.0,107.0
-3578.0,446.0,64.0,109.0
-3636.0,425.0,64.0,110.0
-3695.0,434.0,64.0,110.0
-3754.0,423.0,66.0,114.0
-3813.0,431.0,67.0,117.0
-3872.0,419.0,67.0,120.0
-3932.0,428.0,67.0,119.0
-3992.0,419.0,67.0,118.0
-4052.0,432.0,67.0,116.0
-4111.0,418.0,67.0,114.0
-4171.0,428.0,68.0,113.0
-4232.0,414.0,69.0,111.0
-4290.0,420.0,69.0,114.0
-4350.0,416.0,69.0,118.0
-4410.0,418.0,69.0,122.0
-4470.0,400.0,70.0,123.0
-4530.0,394.0,70.0,125.0
-4589.0,389.0,70.0,126.0
-4649.0,379.0,70.0,125.0
-4708.0,369.0,70.0,123.0
-4768.0,368.0,70.0,122.0
-4827.0,361.0,69.0,119.0
-4886.0,346.0,68.0,116.0
-4944.0,321.0,67.0,113.0
-5002.0,294.0,67.0,116.0
-5060.0,299.0,66.0,120.0
-5119.0,292.0,65.0,124.0
-5179.0,289.0,66.0,125.0
-5237.0,276.0,67.0,125.0
-5295.0,284.0,67.0,126.0
-5355.0,261.0,67.0,125.0
-5413.0,265.0,67.0,122.0
-5472.0,272.0,67.0,121.0
-5531.0,268.0,67.0,120.0
-5589.0,269.0,67.0,119.0
-5648.0,267.0,66.0,119.0
-5707.0,257.0,66.0,121.0
-5766.0,250.0,65.0,123.0
-5824.0,244.0,65.0,125.0
-5882.0,232.0,65.0,126.0
-5941.0,216.0,65.0,126.0
-6000.0,207.0,66.0,126.0
-6058.0,198.0,66.0,125.0
-6117.0,191.0,66.0,124.0
-6175.0,185.0,66.0,123.0
-6235.0,180.0,66.0,122.0
-6292.0,171.0,65.0,120.0
-6351.0,167.0,65.0,119.0
-6412.0,161.0,66.0,120.0
-6473.0,155.0,67.0,122.0
-6533.0,145.0,69.0,124.0
-6593.0,146.0,69.0,125.0
-6653.0,137.0,69.0,125.0
-6713.0,135.0,69.0,126.0
-6771.0,136.0,70.0,126.0
-6829.0,133.0,70.0,125.0
-6886.0,132.0,70.0,125.0
-6943.0,118.0,69.0,124.0
-7001.0,116.0,67.0,123.0
-7057.0,124.0,66.0,122.0
-7116.0,105.0,67.0,122.0
239.0,117.0,21.0,38.0
240.0,115.0,23.0,38.0
240.0,114.0,26.0,37.0
241.0,114.0,28.0,36.0
243.0,114.0,30.0,35.0
244.0,113.0,28.0,34.0
245.0,112.0,25.0,33.0
246.0,111.0,23.0,33.0
246.0,111.0,22.0,33.0
247.0,111.0,21.0,32.0
-7167.0,99.0,67.0,115.0
-7167.0,98.0,67.0,115.0
-7228.0,63.0,67.0,116.0
-7287.0,108.0,67.0,116.0
-7347.0,68.0,67.0,117.0
-7407.0,62.0,66.0,118.0
-7465.0,67.0,65.0,119.0
-7526.0,75.0,67.0,120.0
-7586.0,71.0,67.0,120.0
-7647.0,56.0,69.0,121.0
-7706.0,43.0,69.0,120.0
-7767.0,19.0,69.0,120.0
-7826.0,5.0,70.0,119.0
240.0,101.0,22.0,32.0
-7948.0,-11.0,70.0,113.0
237.0,102.0,23.0,25.0
234.0,102.0,24.0,25.0
-8023.0,62.0,72.0,109.0
-8026.0,62.0,73.0,109.0
-8028.0,62.0,73.0,108.0
-8030.0,61.0,74.0,107.0
-8032.0,85.0,75.0,107.0
-8035.0,84.0,75.0,107.0
-8039.0,82.0,74.0,107.0
-8042.0,59.0,73.0,107.0
-8044.0,58.0,70.0,108.0
-8046.0,58.0,68.0,110.0
-8047.0,58.0,65.0,110.0
-8108.0,26.0,66.0,110.0
-8169.0,5.0,67.0,111.0
205.0,102.0,20.0,27.0
-8171.0,55.0,68.0,110.0
-8231.0,34.0,69.0,108.0
-8231.0,45.0,70.0,107.0
207.0,109.0,20.0,21.0
-8225.0,113.0,65.0,103.0
-8222.0,98.0,62.0,101.0
-8216.0,98.0,63.0,102.0
-8210.0,79.0,64.0,102.0
-8205.0,76.0,64.0,102.0
-8198.0,96.0,67.0,104.0
-8190.0,67.0,70.0,105.0
252.0,124.0,25.0,23.0
261.0,127.0,24.0,23.0
-8165.0,82.0,70.0,107.0
-8157.0,70.0,69.0,107.0
283.0,138.0,22.0,22.0
288.0,143.0,24.0,21.0
292.0,148.0,25.0,21.0
-8140.0,103.0,71.0,106.0
-8135.0,110.0,70.0,108.0
-8189.0,174.0,69.0,110.0
-8190.0,161.0,70.0,110.0
-8191.0,200.0,72.0,111.0
-8191.0,230.0,73.0,112.0
-8193.0,222.0,70.0,111.0
-8195.0,224.0,67.0,110.0
-8197.0,229.0,64.0,110.0
-8202.0,238.0,66.0,109.0
-8207.0,241.0,67.0,109.0
-8213.0,242.0,69.0,109.0
-8222.0,199.0,73.0,111.0
-8231.0,200.0,76.0,114.0
-8240.0,173.0,81.0,117.0
-8249.0,165.0,79.0,118.0
-8258.0,110.0,79.0,118.0
-8327.0,96.0,78.0,119.0
-8335.0,151.0,76.0,116.0
-8344.0,216.0,74.0,114.0
-8352.0,191.0,73.0,112.0
-8361.0,148.0,75.0,112.0
-8370.0,141.0,78.0,113.0
-8379.0,209.0,80.0,113.0
-8387.0,183.0,82.0,108.0
-8394.0,161.0,84.0,104.0
-8401.0,177.0,85.0,99.0
nan,nan,nan,nan
nan,nan,nan,nan
nan,nan,nan,nan
nan,nan,nan,nan
nan,nan,nan,nan
nan,nan,nan,nan
nan,nan,nan,nan
nan,nan,nan,nan
nan,nan,nan,nan
nan,nan,nan,nan
nan,nan,nan,nan
nan,nan,nan,nan
nan,nan,nan,nan
nan,nan,nan,nan
nan,nan,nan,nan
nan,nan,nan,nan
nan,nan,nan,nan
nan,nan,nan,nan
nan,nan,nan,nan
nan,nan,nan,nan
nan,nan,nan,nan
nan,nan,nan,nan
nan,nan,nan,nan
nan,nan,nan,nan
nan,nan,nan,nan
nan,nan,nan,nan
nan,nan,nan,nan
nan,nan,nan,nan
nan,nan,nan,nan
nan,nan,nan,nan
nan,nan,nan,nan
nan,nan,nan,nan
nan,nan,nan,nan
nan,nan,nan,nan
nan,nan,nan,nan
nan,nan,nan,nan
nan,nan,nan,nan
nan,nan,nan,nan
nan,nan,nan,nan
nan,nan,nan,nan
nan,nan,nan,nan
-9138.0,170.0,73.0,121.0
-9127.0,154.0,73.0,125.0
-9116.0,132.0,71.0,129.0
-9165.0,90.0,70.0,134.0
-9211.0,80.0,68.0,131.0
-9258.0,72.0,67.0,130.0
-9305.0,65.0,65.0,128.0
