198.0,299.0,62.0,60.0
197.0,308.0,60.0,58.0
198.0,313.0,61.0,61.0
193.0,318.0,61.0,60.0
193.0,322.0,63.0,61.0
186.0,326.0,66.0,62.0
182.0,331.0,69.0,66.0
188.0,334.0,69.0,68.0
197.0,339.0,74.0,70.0
188.0,341.0,76.0,71.0
188.0,342.0,75.0,70.0
194.0,352.0,74.0,74.0
190.0,360.0,77.0,72.0
190.0,366.0,76.0,72.0
192.0,372.0,73.0,69.0
194.0,380.0,72.0,67.0
201.0,378.0,72.0,70.0
209.0,378.0,74.0,73.0
216.0,384.0,75.0,70.0
224.0,385.0,78.0,71.0
240.0,383.0,78.0,72.0
255.0,384.0,80.0,71.0
272.0,384.0,82.0,74.0
290.0,385.0,83.0,73.0
309.0,382.0,86.0,78.0
326.0,384.0,88.0,77.0
346.0,384.0,91.0,79.0
374.0,379.0,91.0,79.0
386.0,386.0,92.0,81.0
413.0,388.0,86.0,76.0
445.0,376.0,88.0,76.0
456.0,394.0,89.0,76.0
487.0,384.0,89.0,78.0
494.0,402.0,87.0,76.0
512.0,404.0,91.0,78.0
528.0,411.0,95.0,75.0
546.0,418.0,94.0,77.0
562.0,424.0,93.0,76.0
577.0,428.0,98.0,78.0
589.0,435.0,99.0,80.0
602.0,442.0,95.0,76.0
611.0,451.0,95.0,73.0
620.0,457.0,92.0,72.0
626.0,463.0,93.0,70.0
630.0,471.0,90.0,67.0
630.0,474.0,92.0,68.0
633.0,481.0,93.0,67.0
632.0,485.0,91.0,67.0
630.0,492.0,93.0,66.0
628.0,495.0,90.0,66.0
632.0,499.0,88.0,65.0
629.0,503.0,92.0,63.0
628.0,509.0,94.0,62.0
627.0,514.0,94.0,64.0
626.0,518.0,94.0,64.0
625.0,521.0,93.0,63.0
622.0,525.0,92.0,66.0
617.0,528.0,95.0,66.0
615.0,532.0,93.0,64.0
612.0,536.0,92.0,63.0
610.0,542.0,93.0,62.0
604.0,544.0,95.0,60.0
602.0,547.0,93.0,60.0
594.0,550.0,95.0,60.0
593.0,553.0,94.0,61.0
590.0,554.0,91.0,60.0
583.0,557.0,92.0,59.0
578.0,558.0,91.0,58.0
571.0,558.0,92.0,60.0
571.0,560.0,94.0,58.0
558.0,560.0,91.0,60.0
552.0,560.0,92.0,59.0
548.0,560.0,89.0,57.0
541.0,560.0,91.0,57.0
539.0,562.0,87.0,56.0
532.0,561.0,88.0,57.0
525.0,560.0,88.0,59.0
517.0,560.0,89.0,60.0
513.0,560.0,88.0,59.0
509.0,558.0,84.0,62.0
504.0,558.0,83.0,61.0
500.0,558.0,81.0,61.0
496.0,556.0,84.0,61.0
491.0,555.0,84.0,61.0
490.0,553.0,83.0,61.0
487.0,553.0,84.0,61.0
482.0,549.0,84.0,61.0
480.0,550.0,86.0,59.0
476.0,546.0,86.0,61.0
472.0,543.0,87.0,62.0
471.0,544.0,88.0,60.0
467.0,537.0,88.0,60.0
464.0,536.0,86.0,59.0
465.0,534.0,87.0,60.0
462.0,533.0,87.0,59.0
460.0,529.0,87.0,59.0
461.0,527.0,87.0,59.0
460.0,524.0,87.0,61.0
460.0,523.0,87.0,60.0
459.0,522.0,87.0,59.0
458.0,518.0,86.0,61.0
458.0,515.0,86.0,59.0
458.0,513.0,86.0,58.0
456.0,510.0,82.0,60.0
459.0,507.0,82.0,57.0
460.0,504.0,81.0,57.0
453.0,500.0,87.0,61.0
456.0,496.0,84.0,60.0
462.0,494.0,82.0,58.0
462.0,486.0,82.0,59.0
458.0,487.0,83.0,59.0
459.0,481.0,84.0,59.0
457.0,476.0,87.0,61.0
458.0,472.0,83.0,61.0
461.0,466.0,83.0,60.0
462.0,457.0,82.0,60.0
466.0,455.0,80.0,60.0
