324.0,258.0,48.0,83.0
330.0,257.0,48.0,83.0
336.0,256.0,48.0,83.0
342.0,255.0,48.0,83.0
348.0,255.0,48.0,82.0
354.0,255.0,48.0,81.0
359.0,255.0,48.0,80.0
181.0,131.0,19.0,36.0
182.0,131.0,19.0,37.0
183.0,130.0,19.0,38.0
186.0,130.0,19.0,38.0
188.0,130.0,19.0,38.0
191.0,130.0,19.0,38.0
193.0,131.0,19.0,38.0
194.0,131.0,19.0,38.0
196.0,131.0,19.0,38.0
197.0,131.0,19.0,38.0
199.0,131.0,19.0,38.0
200.0,130.0,19.0,38.0
201.0,130.0,19.0,38.0
202.0,130.0,19.0,38.0
203.0,130.0,19.0,38.0
203.0,130.0,19.0,38.0
203.0,130.0,19.0,38.0
204.0,130.0,19.0,38.0
206.0,131.0,19.0,38.0
209.0,132.0,19.0,38.0
212.0,133.0,19.0,38.0
213.0,133.0,19.0,38.0
214.0,132.0,19.0,38.0
216.0,132.0,19.0,38.0
217.0,134.0,19.0,43.0
218.0,137.0,19.0,47.0
219.0,139.0,19.0,52.0
220.0,139.0,19.0,52.0
221.0,139.0,19.0,53.0
222.0,139.0,19.0,53.0
225.0,139.0,19.0,53.0
227.0,139.0,19.0,53.0
230.0,139.0,19.0,53.0
230.0,139.0,19.0,53.0
231.0,139.0,19.0,53.0
231.0,139.0,19.0,53.0
232.0,141.0,19.0,53.0
233.0,142.0,19.0,53.0
234.0,143.0,19.0,53.0
235.0,143.0,19.0,53.0
237.0,144.0,19.0,53.0
239.0,144.0,19.0,53.0
240.0,145.0,19.0,53.0
242.0,145.0,19.0,53.0
243.0,146.0,19.0,53.0
244.0,146.0,19.0,53.0
245.0,146.0,19.0,53.0
246.0,146.0,19.0,53.0
246.0,146.0,19.0,53.0
247.0,147.0,19.0,53.0
248.0,147.0,19.0,53.0
248.0,148.0,19.0,53.0
248.0,148.0,19.0,53.0
248.0,149.0,19.0,53.0
250.0,149.0,19.0,53.0
252.0,149.0,19.0,53.0
254.0,149.0,19.0,53.0
254.0,149.0,19.0,53.0
254.0,149.0,19.0,53.0
254.0,149.0,19.0,53.0
256.0,150.0,19.0,53.0
258.0,152.0,19.0,53.0
261.0,153.0,19.0,53.0
262.0,155.0,19.0,53.0
264.0,157.0,19.0,53.0
265.0,159.0,19.0,53.0
265.0,159.0,19.0,53.0
265.0,159.0,19.0,53.0
265.0,159.0,19.0,53.0
265.0,159.0,19.0,53.0
265.0,159.0,19.0,53.0
265.0,159.0,19.0,53.0
265.0,159.0,19.0,53.0
265.0,159.0,19.0,53.0
265.0,159.0,19.0,53.0
267.0,161.0,19.0,53.0
269.0,162.0,19.0,53.0
270.0,164.0,19.0,53.0
270.0,164.0,19.0,53.0
270.0,164.0,19.0,53.0
270.0,164.0,19.0,53.0
272.0,166.0,19.0,53.0
273.0,167.0,19.0,53.0
274.0,169.0,19.0,53.0
273.0,169.0,19.0,53.0
271.0,170.0,19.0,53.0
270.0,170.0,19.0,53.0
270.0,170.0,19.0,53.0
271.0,169.0,19.0,53.0
271.0,169.0,19.0,53.0
272.0,169.0,19.0,53.0
273.0,169.0,19.0,53.0
273.0,169.0,19.0,53.0
273.0,169.0,19.0,53.0
273.0,169.0,19.0,53.0
273.0,169.0,19.0,53.0
272.0,170.0,19.0,53.0
271.0,172.0,19.0,53.0
270.0,173.0,19.0,53.0
269.0,173.0,19.0,53.0
268.0,174.0,19.0,53.0
267.0,174.0,19.0,53.0
267.0,174.0,19.0,53.0
267.0,174.0,19.0,53.0
267.0,174.0,19.0,53.0
267.0,174.0,19.0,53.0
267.0,174.0,19.0,53.0
267.0,174.0,19.0,53.0
267.0,174.0,19.0,53.0
267.0,174.0,19.0,53.0
267.0,174.0,19.0,53.0
265.0,172.0,19.0,53.0
263.0,171.0,19.0,53.0
261.0,169.0,19.0,53.0
261.0,170.0,19.0,53.0
261.0,170.0,19.0,53.0
261.0,170.0,19.0,53.0
261.0,169.0,19.0,53.0
261.0,168.0,19.0,53.0
261.0,167.0,19.0,53.0
262.0,167.0,19.0,53.0
262.0,166.0,19.0,53.0
262.0,166.0,19.0,53.0
263.0,165.0,19.0,53.0
263.0,164.0,19.0,53.0
264.0,163.0,19.0,53.0
264.0,162.0,19.0,53.0
265.0,162.0,19.0,53.0
265.0,161.0,19.0,53.0
265.0,161.0,19.0,53.0
265.0,161.0,19.0,53.0
265.0,160.0,19.0,53.0
266.0,159.0,19.0,53.0
267.0,157.0,19.0,53.0
268.0,156.0,19.0,53.0
269.0,156.0,19.0,53.0
269.0,155.0,19.0,53.0
270.0,155.0,19.0,53.0
270.0,155.0,19.0,53.0
270.0,155.0,19.0,53.0
270.0,155.0,19.0,53.0
270.0,152.0,19.0,53.0
270.0,150.0,19.0,53.0
270.0,147.0,19.0,53.0
270.0,147.0,19.0,53.0
270.0,146.0,19.0,53.0
270.0,146.0,19.0,53.0
270.0,146.0,19.0,53.0
270.0,146.0,19.0,53.0
270.0,146.0,19.0,53.0
270.0,145.0,19.0,53.0
270.0,143.0,19.0,53.0
270.0,142.0,19.0,53.0
269.0,140.0,19.0,53.0
269.0,139.0,19.0,53.0
268.0,137.0,19.0,53.0
268.0,137.0,19.0,53.0
268.0,137.0,19.0,53.0
268.0,137.0,19.0,53.0
270.0,137.0,19.0,53.0
271.0,137.0,19.0,53.0
273.0,137.0,19.0,53.0
272.0,137.0,19.0,53.0
271.0,137.0,19.0,53.0
270.0,137.0,19.0,53.0
270.0,137.0,19.0,53.0
270.0,136.0,19.0,53.0
270.0,136.0,19.0,53.0
270.0,136.0,19.0,50.0
269.0,137.0,19.0,47.0
268.0,137.0,19.0,43.0
269.0,135.0,19.0,44.0
270.0,134.0,19.0,45.0
270.0,132.0,19.0,46.0
271.0,132.0,19.0,43.0
271.0,133.0,19.0,41.0
271.0,133.0,19.0,39.0
271.0,133.0,19.0,39.0
271.0,133.0,19.0,39.0
271.0,133.0,19.0,39.0
272.0,132.0,19.0,40.0
274.0,130.0,19.0,41.0
275.0,129.0,19.0,42.0
274.0,128.0,19.0,41.0
274.0,128.0,19.0,40.0
273.0,127.0,19.0,39.0
274.0,127.0,19.0,42.0
274.0,126.0,19.0,44.0
275.0,125.0,19.0,47.0
276.0,125.0,19.0,47.0
276.0,124.0,19.0,47.0
277.0,124.0,19.0,46.0
277.0,123.0,19.0,47.0
277.0,122.0,19.0,47.0
276.0,121.0,19.0,48.0
278.0,121.0,19.0,47.0
279.0,121.0,19.0,45.0
280.0,121.0,19.0,44.0
280.0,121.0,19.0,45.0
280.0,120.0,19.0,46.0
280.0,119.0,19.0,47.0
280.0,119.0,19.0,44.0
281.0,119.0,19.0,42.0
281.0,119.0,19.0,39.0
281.0,118.0,19.0,42.0
281.0,117.0,19.0,45.0
281.0,115.0,19.0,48.0
281.0,115.0,19.0,48.0
281.0,115.0,19.0,48.0
281.0,115.0,19.0,48.0
282.0,114.0,19.0,48.0
283.0,113.0,19.0,48.0
284.0,112.0,19.0,48.0
285.0,112.0,19.0,48.0
286.0,111.0,19.0,48.0
287.0,110.0,19.0,48.0
288.0,109.0,19.0,48.0
288.0,109.0,19.0,48.0
289.0,108.0,19.0,48.0
289.0,107.0,19.0,48.0
290.0,106.0,19.0,48.0
290.0,105.0,19.0,48.0
291.0,105.0,19.0,48.0
293.0,104.0,19.0,48.0
294.0,104.0,19.0,48.0
297.0,104.0,19.0,48.0
300.0,103.0,19.0,48.0
303.0,103.0,19.0,48.0
304.0,103.0,19.0,48.0
305.0,103.0,19.0,48.0
306.0,103.0,19.0,48.0
308.0,102.0,19.0,48.0
310.0,102.0,19.0,48.0
312.0,101.0,19.0,48.0
314.0,101.0,19.0,48.0
317.0,101.0,19.0,48.0
320.0,101.0,19.0,48.0
323.0,100.0,19.0,48.0
325.0,98.0,19.0,48.0
328.0,97.0,19.0,48.0
332.0,95.0,19.0,48.0
336.0,94.0,19.0,48.0
340.0,92.0,19.0,48.0
342.0,92.0,19.0,48.0
344.0,92.0,19.0,48.0
346.0,92.0,19.0,48.0
348.0,91.0,19.0,48.0
351.0,91.0,19.0,48.0
353.0,90.0,19.0,48.0
355.0,90.0,19.0,48.0
356.0,90.0,19.0,48.0
358.0,91.0,19.0,48.0
359.0,90.0,19.0,48.0
360.0,90.0,19.0,48.0
361.0,90.0,19.0,48.0
361.0,90.0,19.0,48.0
361.0,90.0,19.0,48.0
361.0,90.0,19.0,48.0
363.0,90.0,19.0,48.0
365.0,90.0,19.0,48.0
367.0,90.0,19.0,48.0
368.0,89.0,19.0,48.0
368.0,88.0,19.0,48.0
368.0,87.0,19.0,48.0
368.0,87.0,19.0,48.0
368.0,87.0,19.0,48.0
368.0,87.0,19.0,48.0
368.0,87.0,19.0,48.0
368.0,87.0,19.0,48.0
368.0,87.0,19.0,48.0
368.0,87.0,19.0,48.0
368.0,87.0,19.0,48.0
368.0,87.0,19.0,48.0
368.0,87.0,19.0,48.0
368.0,87.0,19.0,48.0
368.0,87.0,19.0,48.0
368.0,87.0,19.0,48.0
368.0,87.0,19.0,48.0
368.0,87.0,19.0,48.0
368.0,87.0,19.0,48.0
368.0,87.0,19.0,48.0
368.0,87.0,19.0,48.0
370.0,86.0,19.0,48.0
373.0,86.0,19.0,48.0
375.0,85.0,19.0,48.0
375.0,85.0,19.0,48.0
375.0,85.0,19.0,48.0
375.0,85.0,19.0,48.0
375.0,85.0,19.0,48.0
375.0,85.0,19.0,48.0
375.0,85.0,19.0,48.0
375.0,85.0,19.0,48.0
375.0,85.0,19.0,48.0
375.0,85.0,19.0,48.0
375.0,85.0,19.0,48.0
375.0,85.0,19.0,48.0
375.0,85.0,19.0,48.0
375.0,85.0,19.0,48.0
375.0,85.0,19.0,48.0
375.0,85.0,19.0,48.0
375.0,85.0,19.0,48.0
745.0,157.0,48.0,117.0
744.0,158.0,48.0,117.0
745.0,157.0,48.0,117.0
744.0,157.0,48.0,117.0
745.0,157.0,48.0,117.0
745.0,156.0,48.0,117.0
746.0,154.0,48.0,117.0
746.0,154.0,48.0,117.0
746.0,153.0,48.0,117.0
746.0,152.0,48.0,117.0
746.0,151.0,48.0,117.0
746.0,152.0,48.0,117.0
745.0,151.0,48.0,117.0
745.0,152.0,48.0,117.0
745.0,152.0,48.0,117.0
742.0,154.0,48.0,117.0
742.0,156.0,48.0,117.0
741.0,156.0,48.0,117.0
741.0,155.0,48.0,117.0
740.0,155.0,48.0,117.0
740.0,155.0,48.0,117.0
739.0,157.0,48.0,117.0
740.0,157.0,48.0,117.0
739.0,158.0,48.0,117.0
738.0,158.0,48.0,117.0
737.0,159.0,48.0,117.0
738.0,158.0,48.0,117.0
737.0,159.0,48.0,117.0
737.0,159.0,48.0,117.0
736.0,160.0,48.0,117.0
736.0,159.0,48.0,117.0
735.0,160.0,48.0,117.0
734.0,160.0,48.0,117.0
733.0,161.0,48.0,117.0
732.0,161.0,48.0,117.0
731.0,162.0,48.0,117.0
730.0,162.0,48.0,117.0
728.0,162.0,48.0,117.0
727.0,163.0,48.0,117.0
726.0,163.0,48.0,117.0
726.0,163.0,48.0,117.0
726.0,163.0,48.0,117.0
727.0,163.0,48.0,117.0
727.0,163.0,48.0,117.0
728.0,163.0,48.0,117.0
727.0,163.0,48.0,117.0
727.0,164.0,48.0,117.0
726.0,164.0,48.0,117.0
726.0,164.0,48.0,117.0
725.0,165.0,48.0,117.0
726.0,165.0,48.0,117.0
725.0,165.0,48.0,117.0
726.0,166.0,48.0,117.0
725.0,166.0,48.0,117.0
726.0,166.0,48.0,117.0
725.0,166.0,48.0,117.0
725.0,167.0,48.0,117.0
724.0,168.0,48.0,117.0
724.0,169.0,48.0,117.0
724.0,170.0,48.0,117.0
723.0,170.0,48.0,117.0
723.0,171.0,48.0,117.0
723.0,172.0,48.0,117.0
722.0,174.0,48.0,117.0
722.0,176.0,48.0,117.0
721.0,177.0,48.0,117.0
722.0,177.0,48.0,117.0
721.0,179.0,48.0,117.0
721.0,178.0,48.0,117.0
720.0,180.0,48.0,117.0
721.0,179.0,48.0,117.0
720.0,180.0,48.0,117.0
721.0,180.0,48.0,117.0
720.0,181.0,48.0,117.0
719.0,182.0,48.0,117.0
717.0,183.0,48.0,117.0
717.0,185.0,48.0,117.0
716.0,185.0,48.0,117.0
716.0,186.0,48.0,117.0
715.0,186.0,48.0,117.0
714.0,186.0,48.0,117.0
713.0,187.0,48.0,117.0
712.0,187.0,48.0,117.0
713.0,189.0,48.0,117.0
714.0,189.0,48.0,117.0
715.0,191.0,48.0,117.0
715.0,191.0,48.0,117.0
714.0,192.0,48.0,117.0
715.0,193.0,48.0,117.0
715.0,193.0,48.0,117.0
716.0,192.0,48.0,117.0
716.0,192.0,48.0,117.0
716.0,192.0,48.0,117.0
715.0,192.0,48.0,117.0
715.0,192.0,48.0,117.0
716.0,194.0,48.0,117.0
717.0,196.0,48.0,117.0
717.0,198.0,48.0,117.0
717.0,198.0,48.0,117.0
716.0,200.0,48.0,117.0
716.0,201.0,48.0,117.0
715.0,202.0,48.0,117.0
716.0,202.0,48.0,117.0
715.0,204.0,48.0,117.0
716.0,203.0,48.0,117.0
715.0,205.0,48.0,117.0
716.0,204.0,48.0,117.0
715.0,206.0,48.0,117.0
716.0,208.0,48.0,117.0
716.0,210.0,48.0,117.0
716.0,208.0,48.0,117.0
715.0,207.0,48.0,117.0
716.0,206.0,48.0,117.0
715.0,207.0,48.0,117.0
716.0,207.0,48.0,117.0
715.0,209.0,48.0,117.0
715.0,212.0,48.0,117.0
715.0,215.0,48.0,117.0
715.0,219.0,48.0,117.0
715.0,220.0,48.0,117.0
715.0,220.0,48.0,117.0
715.0,220.0,48.0,117.0
716.0,221.0,48.0,117.0
716.0,222.0,48.0,117.0
718.0,222.0,48.0,117.0
719.0,223.0,48.0,117.0
720.0,224.0,48.0,117.0
720.0,224.0,48.0,117.0
720.0,225.0,48.0,117.0
721.0,225.0,48.0,117.0
721.0,226.0,48.0,117.0
721.0,227.0,48.0,117.0
721.0,227.0,48.0,117.0
721.0,229.0,48.0,117.0
721.0,231.0,48.0,117.0
721.0,234.0,48.0,117.0
721.0,236.0,48.0,117.0
720.0,237.0,48.0,117.0
721.0,238.0,48.0,117.0
720.0,238.0,48.0,117.0
721.0,239.0,48.0,117.0
720.0,239.0,48.0,117.0
721.0,240.0,48.0,117.0
721.0,241.0,48.0,117.0
722.0,242.0,48.0,117.0
721.0,243.0,48.0,117.0
722.0,244.0,48.0,117.0
721.0,245.0,48.0,117.0
722.0,246.0,48.0,117.0
721.0,247.0,48.0,117.0
723.0,249.0,48.0,117.0
723.0,250.0,48.0,117.0
724.0,251.0,48.0,117.0
724.0,252.0,48.0,117.0
725.0,253.0,48.0,117.0
725.0,255.0,48.0,117.0
727.0,256.0,48.0,117.0
729.0,259.0,48.0,117.0
729.0,259.0,48.0,117.0
367.0,122.0,19.0,48.0
367.0,122.0,19.0,48.0
368.0,122.0,19.0,48.0
369.0,123.0,19.0,48.0
369.0,123.0,19.0,48.0
370.0,123.0,19.0,48.0
371.0,123.0,19.0,48.0
371.0,123.0,19.0,48.0
372.0,124.0,19.0,48.0
372.0,124.0,19.0,48.0
373.0,125.0,19.0,48.0
372.0,126.0,19.0,48.0
372.0,126.0,19.0,48.0
372.0,127.0,19.0,48.0
372.0,127.0,19.0,48.0
736.0,260.0,48.0,117.0
738.0,261.0,48.0,117.0
738.0,261.0,48.0,117.0
739.0,262.0,48.0,117.0
739.0,263.0,48.0,117.0
742.0,264.0,48.0,117.0
742.0,266.0,48.0,117.0
744.0,267.0,48.0,117.0
744.0,269.0,48.0,117.0
746.0,269.0,48.0,117.0
746.0,271.0,48.0,117.0
747.0,271.0,48.0,117.0
747.0,273.0,48.0,117.0
748.0,273.0,48.0,117.0
750.0,275.0,48.0,117.0
752.0,276.0,48.0,117.0
754.0,278.0,48.0,117.0
755.0,280.0,47.0,117.0
757.0,284.0,46.0,116.0
758.0,286.0,46.0,116.0
758.0,288.0,46.0,116.0
758.0,288.0,46.0,116.0
758.0,290.0,46.0,116.0
758.0,290.0,46.0,116.0
383.0,136.0,17.0,46.0
383.0,136.0,17.0,46.0
383.0,136.0,17.0,46.0
383.0,136.0,17.0,46.0
383.0,136.0,17.0,46.0
384.0,137.0,17.0,46.0
384.0,137.0,17.0,46.0
385.0,138.0,17.0,46.0
385.0,139.0,17.0,46.0
385.0,139.0,17.0,46.0
385.0,140.0,17.0,46.0
385.0,140.0,17.0,46.0
385.0,140.0,17.0,46.0
385.0,140.0,17.0,46.0
386.0,140.0,17.0,46.0
387.0,141.0,17.0,46.0
388.0,141.0,17.0,46.0
389.0,141.0,17.0,46.0
390.0,141.0,17.0,46.0
391.0,142.0,17.0,46.0
391.0,142.0,17.0,46.0
391.0,142.0,17.0,46.0
391.0,142.0,17.0,46.0
391.0,143.0,17.0,46.0
391.0,144.0,17.0,46.0
391.0,145.0,17.0,46.0
391.0,146.0,17.0,46.0
391.0,147.0,17.0,46.0
391.0,148.0,17.0,46.0
391.0,148.0,17.0,46.0
392.0,149.0,17.0,46.0
393.0,150.0,17.0,46.0
393.0,150.0,17.0,46.0
393.0,151.0,17.0,46.0
393.0,151.0,17.0,46.0
393.0,152.0,17.0,46.0
393.0,153.0,17.0,46.0
393.0,154.0,17.0,46.0
392.0,155.0,17.0,46.0
392.0,157.0,17.0,46.0
391.0,159.0,17.0,46.0
391.0,159.0,17.0,46.0
391.0,159.0,17.0,46.0
391.0,159.0,17.0,46.0
391.0,159.0,17.0,46.0
391.0,159.0,17.0,46.0
391.0,159.0,17.0,46.0
391.0,159.0,17.0,46.0
391.0,159.0,17.0,46.0
391.0,159.0,17.0,46.0
390.0,160.0,17.0,46.0
389.0,161.0,17.0,46.0
388.0,163.0,17.0,46.0
387.0,164.0,17.0,46.0
387.0,165.0,17.0,46.0
386.0,166.0,17.0,46.0
386.0,166.0,17.0,46.0
386.0,166.0,17.0,46.0
386.0,166.0,17.0,46.0
386.0,166.0,17.0,46.0
386.0,166.0,17.0,46.0
386.0,166.0,17.0,46.0
384.0,167.0,17.0,46.0
383.0,167.0,17.0,46.0
381.0,167.0,17.0,46.0
381.0,167.0,17.0,46.0
381.0,167.0,17.0,46.0
381.0,167.0,17.0,46.0
381.0,167.0,17.0,46.0
381.0,167.0,17.0,46.0
381.0,167.0,17.0,46.0
379.0,169.0,17.0,46.0
378.0,170.0,17.0,46.0
376.0,172.0,17.0,46.0
376.0,172.0,17.0,46.0
375.0,172.0,17.0,46.0
374.0,172.0,17.0,46.0
373.0,172.0,17.0,46.0
372.0,173.0,17.0,46.0
370.0,174.0,17.0,46.0
370.0,174.0,17.0,46.0
370.0,174.0,17.0,46.0
370.0,174.0,17.0,46.0
368.0,174.0,17.0,46.0
366.0,174.0,17.0,46.0
364.0,175.0,17.0,46.0
364.0,175.0,17.0,46.0
364.0,175.0,17.0,46.0
364.0,175.0,17.0,46.0
362.0,175.0,17.0,46.0
360.0,175.0,17.0,46.0
358.0,175.0,17.0,46.0
358.0,175.0,17.0,46.0
358.0,175.0,17.0,46.0
358.0,175.0,17.0,46.0
355.0,176.0,17.0,46.0
353.0,178.0,17.0,46.0
351.0,179.0,17.0,46.0
350.0,180.0,17.0,46.0
349.0,180.0,17.0,46.0
348.0,180.0,17.0,46.0
347.0,180.0,17.0,46.0
346.0,180.0,17.0,46.0
346.0,179.0,17.0,46.0
344.0,179.0,17.0,46.0
342.0,179.0,17.0,46.0
340.0,179.0,17.0,46.0
339.0,181.0,17.0,46.0
337.0,182.0,17.0,46.0
335.0,184.0,17.0,46.0
333.0,184.0,17.0,46.0
330.0,185.0,17.0,46.0
328.0,185.0,17.0,46.0
327.0,185.0,17.0,46.0
326.0,184.0,17.0,46.0
325.0,184.0,17.0,46.0
323.0,185.0,17.0,46.0
320.0,186.0,17.0,46.0
318.0,187.0,17.0,46.0
316.0,187.0,17.0,46.0
315.0,187.0,17.0,46.0
314.0,188.0,17.0,46.0
312.0,188.0,17.0,46.0
310.0,189.0,17.0,46.0
686.0,342.0,46.0,116.0
306.0,190.0,17.0,46.0
304.0,191.0,17.0,46.0
302.0,191.0,17.0,46.0
300.0,192.0,17.0,46.0
299.0,192.0,17.0,46.0
297.0,192.0,17.0,46.0
296.0,192.0,17.0,46.0
295.0,192.0,17.0,46.0
294.0,192.0,17.0,46.0
292.0,193.0,17.0,46.0
291.0,193.0,17.0,46.0
290.0,194.0,17.0,46.0
288.0,194.0,17.0,46.0
286.0,194.0,17.0,46.0
284.0,194.0,17.0,46.0
282.0,194.0,17.0,46.0
281.0,194.0,17.0,46.0
279.0,194.0,17.0,46.0
278.0,195.0,17.0,46.0
276.0,196.0,17.0,46.0
274.0,197.0,17.0,46.0
273.0,197.0,17.0,46.0
272.0,198.0,17.0,46.0
270.0,198.0,17.0,46.0
268.0,198.0,17.0,46.0
266.0,199.0,17.0,46.0
264.0,199.0,17.0,46.0
264.0,199.0,17.0,46.0
264.0,199.0,17.0,46.0
264.0,199.0,17.0,46.0
261.0,199.0,17.0,46.0
259.0,199.0,17.0,46.0
257.0,200.0,17.0,46.0
256.0,199.0,17.0,46.0
256.0,199.0,17.0,46.0
255.0,199.0,17.0,46.0
254.0,199.0,17.0,46.0
252.0,199.0,17.0,46.0
250.0,199.0,17.0,46.0
250.0,199.0,17.0,46.0
250.0,199.0,17.0,46.0
250.0,199.0,17.0,46.0
250.0,199.0,17.0,46.0
250.0,199.0,17.0,46.0
250.0,199.0,17.0,46.0
250.0,199.0,17.0,46.0
250.0,199.0,17.0,46.0
250.0,199.0,17.0,46.0
250.0,199.0,17.0,46.0
250.0,199.0,17.0,46.0
250.0,199.0,17.0,46.0
250.0,198.0,17.0,46.0
250.0,197.0,17.0,46.0
249.0,196.0,17.0,46.0
249.0,195.0,17.0,46.0
249.0,194.0,17.0,46.0
249.0,194.0,17.0,46.0
249.0,193.0,17.0,46.0
249.0,193.0,17.0,46.0
249.0,193.0,17.0,46.0
250.0,191.0,17.0,46.0
251.0,190.0,17.0,46.0
252.0,188.0,17.0,46.0
252.0,188.0,17.0,46.0
252.0,188.0,17.0,46.0
252.0,188.0,17.0,46.0
252.0,188.0,17.0,46.0
252.0,188.0,17.0,46.0
252.0,188.0,17.0,46.0
252.0,187.0,17.0,46.0
252.0,186.0,17.0,46.0
252.0,185.0,17.0,46.0
253.0,184.0,17.0,46.0
254.0,182.0,17.0,46.0
255.0,181.0,17.0,46.0
254.0,180.0,17.0,46.0
254.0,180.0,17.0,46.0
254.0,179.0,17.0,46.0
254.0,179.0,17.0,46.0
255.0,178.0,17.0,46.0
255.0,178.0,17.0,46.0
255.0,178.0,17.0,46.0
255.0,178.0,17.0,46.0
255.0,178.0,17.0,46.0
256.0,176.0,17.0,46.0
257.0,175.0,17.0,46.0
258.0,173.0,17.0,46.0
258.0,173.0,17.0,46.0
258.0,173.0,17.0,46.0
258.0,173.0,17.0,46.0
258.0,172.0,17.0,46.0
258.0,171.0,17.0,46.0
258.0,169.0,17.0,46.0
259.0,168.0,17.0,46.0
260.0,167.0,17.0,46.0
261.0,166.0,17.0,46.0
261.0,166.0,17.0,46.0
262.0,165.0,17.0,46.0
262.0,165.0,17.0,46.0
262.0,165.0,17.0,46.0
262.0,165.0,17.0,46.0
262.0,165.0,17.0,46.0
262.0,165.0,17.0,46.0
262.0,165.0,17.0,46.0
262.0,165.0,17.0,46.0
263.0,164.0,17.0,46.0
265.0,162.0,17.0,46.0
266.0,161.0,17.0,46.0
266.0,161.0,17.0,46.0
266.0,161.0,17.0,46.0
266.0,161.0,17.0,46.0
267.0,160.0,17.0,46.0
269.0,160.0,17.0,46.0
270.0,159.0,17.0,46.0
271.0,160.0,17.0,46.0
272.0,160.0,17.0,46.0
273.0,161.0,17.0,46.0
273.0,161.0,17.0,46.0
273.0,161.0,17.0,46.0
273.0,161.0,17.0,46.0
273.0,161.0,17.0,46.0
273.0,161.0,17.0,46.0
273.0,161.0,17.0,46.0
273.0,161.0,17.0,46.0
273.0,161.0,17.0,46.0
273.0,161.0,17.0,46.0
273.0,161.0,17.0,46.0
273.0,161.0,17.0,46.0
273.0,161.0,17.0,46.0
274.0,161.0,17.0,46.0
275.0,161.0,17.0,46.0
276.0,160.0,17.0,46.0
276.0,160.0,17.0,46.0
276.0,160.0,17.0,46.0
276.0,160.0,17.0,46.0
275.0,159.0,17.0,46.0
274.0,158.0,17.0,46.0
273.0,157.0,17.0,46.0
273.0,158.0,17.0,46.0
274.0,159.0,17.0,46.0
274.0,160.0,17.0,46.0
274.0,160.0,17.0,46.0
274.0,160.0,17.0,46.0
274.0,160.0,17.0,46.0
274.0,160.0,17.0,46.0
274.0,160.0,17.0,46.0
274.0,160.0,17.0,46.0
274.0,160.0,17.0,46.0
274.0,160.0,17.0,46.0
274.0,160.0,17.0,46.0
274.0,160.0,17.0,46.0
274.0,160.0,17.0,46.0
274.0,160.0,17.0,46.0
274.0,160.0,17.0,46.0
274.0,160.0,17.0,46.0
274.0,160.0,17.0,46.0
274.0,160.0,17.0,46.0
274.0,160.0,17.0,46.0
274.0,160.0,17.0,46.0
274.0,160.0,17.0,46.0
274.0,160.0,17.0,46.0
274.0,160.0,17.0,46.0
275.0,160.0,17.0,46.0
276.0,160.0,17.0,46.0
277.0,160.0,17.0,46.0
277.0,160.0,17.0,46.0
277.0,160.0,17.0,46.0
277.0,160.0,17.0,46.0
277.0,160.0,17.0,46.0
277.0,160.0,17.0,46.0
277.0,160.0,17.0,46.0
277.0,160.0,17.0,46.0
277.0,160.0,17.0,46.0
277.0,160.0,17.0,46.0
277.0,158.0,17.0,46.0
278.0,157.0,17.0,46.0
278.0,155.0,17.0,46.0
278.0,157.0,17.0,46.0
277.0,158.0,17.0,46.0
277.0,160.0,17.0,46.0
277.0,160.0,17.0,46.0
277.0,160.0,17.0,46.0
550.0,303.0,45.0,120.0
551.0,303.0,45.0,120.0
550.0,303.0,45.0,120.0
550.0,303.0,45.0,120.0
549.0,303.0,45.0,120.0
550.0,303.0,45.0,120.0
549.0,303.0,45.0,120.0
549.0,303.0,45.0,120.0
548.0,303.0,45.0,120.0
549.0,303.0,45.0,120.0
548.0,304.0,45.0,120.0
549.0,304.0,45.0,120.0
548.0,304.0,45.0,120.0
548.0,304.0,45.0,120.0
547.0,304.0,45.0,120.0
547.0,304.0,45.0,120.0
544.0,303.0,45.0,120.0
542.0,302.0,45.0,120.0
540.0,301.0,45.0,120.0
540.0,301.0,45.0,120.0
540.0,301.0,45.0,120.0
539.0,301.0,45.0,120.0
539.0,301.0,45.0,120.0
538.0,301.0,45.0,120.0
538.0,300.0,45.0,120.0
538.0,300.0,45.0,120.0
538.0,300.0,45.0,120.0
537.0,300.0,45.0,120.0
536.0,301.0,45.0,120.0
536.0,301.0,45.0,120.0
535.0,301.0,45.0,120.0
535.0,302.0,45.0,120.0
534.0,302.0,45.0,120.0
534.0,302.0,45.0,120.0
534.0,302.0,45.0,120.0
536.0,303.0,45.0,120.0
538.0,303.0,45.0,120.0
538.0,303.0,45.0,120.0
539.0,303.0,45.0,120.0
539.0,303.0,45.0,120.0
540.0,304.0,45.0,120.0
540.0,305.0,45.0,120.0
541.0,306.0,45.0,120.0
543.0,306.0,45.0,120.0
544.0,308.0,45.0,120.0
546.0,309.0,45.0,120.0
546.0,309.0,45.0,120.0
546.0,309.0,45.0,120.0
546.0,309.0,45.0,120.0
546.0,309.0,45.0,120.0
546.0,309.0,45.0,120.0
546.0,309.0,45.0,120.0
546.0,309.0,45.0,120.0
546.0,310.0,45.0,120.0
546.0,310.0,45.0,120.0
545.0,311.0,45.0,120.0
545.0,311.0,45.0,120.0
545.0,311.0,45.0,120.0
544.0,313.0,45.0,120.0
544.0,314.0,45.0,120.0
542.0,316.0,45.0,120.0
542.0,315.0,45.0,120.0
541.0,316.0,45.0,120.0
540.0,315.0,45.0,120.0
540.0,315.0,45.0,120.0
540.0,315.0,45.0,120.0
540.0,315.0,45.0,120.0
539.0,315.0,45.0,120.0
539.0,315.0,45.0,120.0
539.0,315.0,45.0,120.0
