539.0,240.0,52.0,86.0
539.0,240.0,52.0,86.0
538.0,240.0,52.0,86.0
536.0,242.0,51.0,86.0
536.0,242.0,51.0,86.0
534.0,242.0,51.0,86.0
534.0,242.0,51.0,86.0
532.0,244.0,51.0,86.0
532.0,244.0,51.0,86.0
530.0,244.0,51.0,86.0
530.0,244.0,51.0,86.0
529.0,244.0,51.0,86.0
528.0,246.0,51.0,86.0
528.0,246.0,51.0,86.0
527.0,246.0,51.0,86.0
526.0,246.0,51.0,87.0
526.0,246.0,51.0,86.0
524.0,246.0,51.0,86.0
524.0,246.0,51.0,86.0
523.0,246.0,51.0,86.0
522.0,246.0,51.0,86.0
522.0,246.0,51.0,86.0
522.0,248.0,51.0,86.0
520.0,248.0,51.0,86.0
520.0,248.0,51.0,86.0
518.0,248.0,51.0,86.0
518.0,250.0,51.0,86.0
516.0,250.0,51.0,86.0
516.0,250.0,51.0,86.0
514.0,250.0,51.0,86.0
514.0,250.0,51.0,86.0
514.0,250.0,51.0,86.0
512.0,250.0,51.0,86.0
512.0,250.0,51.0,86.0
512.0,250.0,51.0,86.0
510.0,252.0,51.0,86.0
510.0,252.0,51.0,86.0
510.0,252.0,51.0,86.0
510.0,252.0,51.0,86.0
508.0,254.0,51.0,86.0
508.0,254.0,51.0,86.0
506.0,254.0,51.0,86.0
506.0,254.0,51.0,86.0
506.0,256.0,51.0,86.0
504.0,256.0,51.0,86.0
504.0,256.0,51.0,86.0
502.0,256.0,51.0,86.0
502.0,256.0,51.0,86.0
502.0,258.0,51.0,86.0
502.0,258.0,51.0,86.0
500.0,258.0,51.0,86.0
500.0,258.0,51.0,86.0
498.0,258.0,51.0,86.0
498.0,258.0,51.0,86.0
498.0,258.0,51.0,86.0
496.0,260.0,51.0,86.0
496.0,260.0,51.0,86.0
494.0,260.0,51.0,86.0
494.0,260.0,51.0,86.0
492.0,262.0,51.0,86.0
492.0,262.0,51.0,86.0
490.0,262.0,51.0,86.0
490.0,262.0,51.0,86.0
490.0,262.0,51.0,86.0
490.0,262.0,51.0,86.0
490.0,262.0,51.0,86.0
492.0,264.0,51.0,86.0
492.0,264.0,51.0,86.0
494.0,264.0,51.0,86.0
494.0,264.0,51.0,86.0
494.0,264.0,51.0,86.0
496.0,265.0,51.0,86.0
496.0,265.0,51.0,86.0
496.0,266.0,51.0,86.0
496.0,266.0,51.0,86.0
498.0,267.0,51.0,86.0
498.0,268.0,51.0,86.0
498.0,268.0,51.0,86.0
498.0,268.0,51.0,86.0
500.0,268.0,51.0,86.0
500.0,268.0,51.0,86.0
502.0,268.0,51.0,86.0
502.0,268.0,51.0,86.0
504.0,268.0,51.0,86.0
504.0,268.0,51.0,86.0
506.0,268.0,51.0,86.0
506.0,268.0,51.0,86.0
506.0,268.0,51.0,86.0
508.0,268.0,51.0,86.0
508.0,268.0,51.0,86.0
510.0,268.0,51.0,86.0
510.0,268.0,51.0,86.0
510.0,268.0,51.0,86.0
512.0,268.0,51.0,86.0
512.0,268.0,51.0,86.0
514.0,268.0,51.0,86.0
514.0,268.0,51.0,86.0
516.0,268.0,51.0,86.0
518.0,268.0,51.0,86.0
518.0,268.0,51.0,86.0
520.0,268.0,51.0,86.0
522.0,268.0,51.0,86.0
522.0,270.0,51.0,86.0
524.0,270.0,51.0,86.0
524.0,270.0,51.0,86.0
526.0,270.0,51.0,86.0
526.0,270.0,51.0,86.0
528.0,270.0,51.0,86.0
528.0,270.0,51.0,86.0
528.0,272.0,51.0,86.0
530.0,272.0,51.0,86.0
532.0,272.0,51.0,86.0
532.0,272.0,51.0,86.0
534.0,272.0,51.0,87.0
534.0,272.0,51.0,87.0
536.0,272.0,51.0,87.0
538.0,272.0,51.0,87.0
538.0,272.0,51.0,87.0
540.0,272.0,51.0,86.0
540.0,272.0,51.0,86.0
542.0,272.0,51.0,86.0
544.0,272.0,51.0,86.0
544.0,272.0,51.0,86.0
546.0,272.0,51.0,86.0
546.0,272.0,51.0,86.0
548.0,274.0,51.0,86.0
548.0,274.0,51.0,86.0
550.0,274.0,51.0,86.0
551.0,274.0,51.0,86.0
553.0,274.0,51.0,86.0
555.0,274.0,51.0,86.0
555.0,274.0,51.0,86.0
557.0,274.0,51.0,86.0
559.0,274.0,51.0,86.0
561.0,274.0,51.0,86.0
562.0,275.0,51.0,86.0
563.0,275.0,51.0,86.0
565.0,276.0,51.0,86.0
566.0,276.0,51.0,86.0
567.0,276.0,51.0,86.0
569.0,277.0,51.0,86.0
569.0,277.0,51.0,86.0
571.0,277.0,51.0,86.0
572.0,279.0,52.0,86.0
573.0,279.0,52.0,86.0
574.0,279.0,52.0,86.0
576.0,279.0,52.0,86.0
577.0,279.0,52.0,86.0
578.0,279.0,52.0,86.0
580.0,279.0,52.0,86.0
582.0,279.0,52.0,86.0
584.0,279.0,52.0,86.0
586.0,279.0,52.0,86.0
586.0,279.0,52.0,86.0
588.0,279.0,52.0,86.0
590.0,279.0,52.0,86.0
592.0,281.0,52.0,86.0
593.0,281.0,52.0,86.0
594.0,281.0,52.0,86.0
595.0,281.0,52.0,86.0
597.0,283.0,52.0,86.0
597.0,283.0,52.0,86.0
599.0,283.0,52.0,86.0
599.0,283.0,52.0,86.0
601.0,285.0,52.0,86.0
603.0,285.0,52.0,86.0
605.0,285.0,52.0,86.0
607.0,285.0,52.0,86.0
607.0,287.0,52.0,86.0
609.0,287.0,52.0,86.0
611.0,287.0,52.0,86.0
611.0,287.0,52.0,86.0
612.0,287.0,52.0,86.0
612.0,287.0,52.0,86.0
612.0,287.0,52.0,86.0
612.0,287.0,52.0,86.0
613.0,287.0,52.0,86.0
613.0,287.0,52.0,86.0
613.0,289.0,52.0,86.0
613.0,289.0,52.0,86.0
613.0,289.0,52.0,86.0
612.0,289.0,52.0,86.0
612.0,289.0,52.0,86.0
612.0,289.0,52.0,86.0
612.0,289.0,52.0,86.0
612.0,289.0,52.0,86.0
612.0,289.0,52.0,86.0
612.0,289.0,52.0,86.0
612.0,289.0,52.0,86.0
612.0,289.0,52.0,86.0
611.0,291.0,52.0,86.0
610.0,291.0,52.0,86.0
610.0,291.0,52.0,86.0
610.0,291.0,52.0,86.0
610.0,291.0,52.0,86.0
609.0,291.0,52.0,86.0
609.0,291.0,52.0,86.0
609.0,293.0,52.0,86.0
609.0,293.0,52.0,86.0
609.0,293.0,52.0,86.0
609.0,293.0,52.0,86.0
610.0,293.0,52.0,86.0
611.0,293.0,52.0,86.0
611.0,294.0,52.0,86.0
611.0,294.0,52.0,86.0
612.0,294.0,52.0,86.0
612.0,294.0,52.0,86.0
612.0,294.0,52.0,86.0
612.0,295.0,52.0,86.0
612.0,296.0,52.0,86.0
612.0,297.0,52.0,86.0
612.0,297.0,52.0,86.0
612.0,297.0,52.0,86.0
612.0,298.0,52.0,86.0
613.0,298.0,52.0,86.0
614.0,298.0,52.0,86.0
615.0,298.0,52.0,86.0
616.0,298.0,52.0,86.0
616.0,298.0,52.0,86.0
616.0,298.0,52.0,86.0
616.0,298.0,52.0,86.0
617.0,298.0,52.0,86.0
618.0,298.0,52.0,86.0
618.0,298.0,52.0,86.0
618.0,299.0,52.0,86.0
618.0,300.0,52.0,86.0
619.0,300.0,52.0,86.0
619.0,300.0,52.0,86.0
619.0,301.0,52.0,86.0
619.0,301.0,52.0,86.0
621.0,302.0,52.0,86.0
621.0,302.0,52.0,86.0
623.0,302.0,52.0,86.0
623.0,302.0,52.0,86.0
625.0,302.0,52.0,86.0
627.0,302.0,52.0,86.0
627.0,302.0,52.0,86.0
629.0,304.0,52.0,86.0
631.0,304.0,52.0,86.0
631.0,304.0,52.0,86.0
633.0,304.0,52.0,86.0
633.0,304.0,52.0,86.0
635.0,304.0,52.0,86.0
635.0,304.0,52.0,86.0
637.0,306.0,52.0,86.0
637.0,306.0,52.0,86.0
639.0,307.0,52.0,86.0
639.0,307.0,52.0,86.0
641.0,307.0,52.0,86.0
641.0,308.0,52.0,86.0
643.0,308.0,52.0,86.0
645.0,308.0,52.0,86.0
645.0,308.0,52.0,86.0
647.0,308.0,52.0,86.0
647.0,308.0,52.0,86.0
647.0,308.0,52.0,86.0
649.0,308.0,52.0,86.0
649.0,308.0,52.0,86.0
649.0,308.0,52.0,86.0
649.0,308.0,52.0,86.0
649.0,308.0,52.0,86.0
649.0,308.0,52.0,86.0
649.0,308.0,52.0,86.0
649.0,308.0,52.0,86.0
649.0,309.0,52.0,86.0
649.0,309.0,52.0,86.0
649.0,309.0,52.0,86.0
647.0,309.0,52.0,86.0
647.0,309.0,52.0,86.0
647.0,310.0,52.0,86.0
645.0,310.0,52.0,86.0
645.0,310.0,52.0,86.0
643.0,310.0,52.0,86.0
643.0,310.0,52.0,86.0
641.0,310.0,52.0,86.0
639.0,312.0,52.0,86.0
637.0,312.0,52.0,86.0
635.0,312.0,52.0,86.0
633.0,312.0,52.0,86.0
631.0,314.0,52.0,86.0
629.0,314.0,52.0,86.0
627.0,314.0,52.0,86.0
627.0,314.0,52.0,86.0
625.0,314.0,52.0,86.0
625.0,314.0,52.0,86.0
623.0,314.0,52.0,86.0
623.0,314.0,52.0,86.0
621.0,314.0,52.0,86.0
621.0,314.0,52.0,86.0
619.0,314.0,52.0,86.0
619.0,314.0,51.0,86.0
619.0,314.0,51.0,86.0
619.0,314.0,51.0,86.0
617.0,314.0,51.0,86.0
617.0,314.0,51.0,86.0
615.0,314.0,51.0,86.0
615.0,316.0,51.0,86.0
615.0,316.0,51.0,86.0
615.0,316.0,51.0,86.0
615.0,316.0,51.0,86.0
615.0,316.0,51.0,86.0
615.0,316.0,51.0,86.0
615.0,316.0,51.0,86.0
615.0,316.0,51.0,86.0
617.0,316.0,51.0,86.0
617.0,316.0,51.0,86.0
617.0,318.0,51.0,86.0
617.0,318.0,51.0,86.0
617.0,318.0,51.0,86.0
617.0,318.0,51.0,86.0
617.0,318.0,51.0,86.0
617.0,318.0,51.0,86.0
615.0,320.0,51.0,86.0
615.0,320.0,51.0,86.0
615.0,320.0,51.0,86.0
613.0,322.0,51.0,86.0
613.0,322.0,51.0,86.0
613.0,322.0,51.0,86.0
613.0,322.0,51.0,86.0
613.0,322.0,51.0,86.0
613.0,322.0,51.0,86.0
613.0,322.0,51.0,86.0
611.0,322.0,51.0,86.0
611.0,322.0,51.0,86.0
611.0,322.0,51.0,86.0
609.0,322.0,51.0,86.0
609.0,322.0,51.0,86.0
609.0,322.0,51.0,86.0
607.0,322.0,51.0,86.0
607.0,324.0,51.0,86.0
607.0,324.0,51.0,86.0
605.0,324.0,51.0,86.0
605.0,324.0,51.0,86.0
605.0,324.0,51.0,86.0
605.0,324.0,51.0,86.0
603.0,324.0,51.0,86.0
603.0,326.0,51.0,86.0
603.0,326.0,51.0,86.0
603.0,326.0,51.0,86.0
603.0,326.0,51.0,86.0
603.0,328.0,51.0,86.0
601.0,328.0,51.0,86.0
601.0,328.0,51.0,86.0
601.0,328.0,51.0,86.0
601.0,328.0,51.0,86.0
599.0,330.0,51.0,86.0
597.0,330.0,52.0,87.0
596.0,330.0,52.0,87.0
594.0,332.0,52.0,87.0
594.0,332.0,52.0,87.0
592.0,332.0,52.0,87.0
592.0,332.0,52.0,87.0
590.0,332.0,52.0,87.0
590.0,332.0,52.0,87.0
590.0,332.0,52.0,87.0
588.0,332.0,52.0,87.0
588.0,332.0,52.0,87.0
586.0,332.0,52.0,87.0
584.0,332.0,52.0,87.0
584.0,332.0,52.0,87.0
582.0,334.0,52.0,87.0
580.0,334.0,52.0,87.0
578.0,334.0,52.0,87.0
576.0,334.0,52.0,87.0
574.0,334.0,52.0,87.0
572.0,334.0,52.0,87.0
570.0,336.0,52.0,87.0
568.0,336.0,52.0,87.0
566.0,336.0,52.0,87.0
564.0,336.0,52.0,87.0
562.0,338.0,52.0,87.0
560.0,338.0,52.0,87.0
560.0,338.0,52.0,87.0
558.0,338.0,52.0,87.0
558.0,340.0,52.0,87.0
556.0,340.0,52.0,87.0
554.0,340.0,52.0,87.0
554.0,342.0,52.0,87.0
554.0,342.0,52.0,87.0
552.0,342.0,52.0,87.0
550.0,344.0,52.0,87.0
550.0,344.0,52.0,87.0
548.0,346.0,52.0,87.0
548.0,346.0,52.0,87.0
548.0,346.0,52.0,87.0
546.0,348.0,52.0,87.0
546.0,348.0,52.0,87.0
546.0,348.0,52.0,87.0
546.0,348.0,52.0,87.0
548.0,348.0,52.0,87.0
548.0,348.0,52.0,87.0
548.0,348.0,52.0,87.0
550.0,348.0,52.0,87.0
550.0,348.0,52.0,87.0
551.0,349.0,52.0,87.0
552.0,349.0,52.0,87.0
554.0,349.0,52.0,87.0
554.0,349.0,52.0,87.0
555.0,350.0,52.0,87.0
555.0,350.0,52.0,87.0
557.0,351.0,52.0,87.0
557.0,352.0,52.0,87.0
559.0,352.0,52.0,87.0
561.0,352.0,52.0,87.0
561.0,352.0,52.0,87.0
565.0,352.0,52.0,87.0
567.0,352.0,52.0,87.0
569.0,352.0,52.0,87.0
570.0,354.0,52.0,87.0
572.0,354.0,52.0,87.0
575.0,354.0,52.0,87.0
577.0,354.0,52.0,87.0
578.0,354.0,52.0,87.0
580.0,355.0,52.0,87.0
581.0,356.0,52.0,87.0
582.0,356.0,52.0,87.0
583.0,358.0,52.0,87.0
584.0,358.0,52.0,87.0
585.0,358.0,52.0,87.0
585.0,359.0,52.0,87.0
586.0,359.0,52.0,87.0
587.0,360.0,52.0,87.0
588.0,360.0,52.0,87.0
589.0,360.0,52.0,87.0
590.0,360.0,52.0,87.0
590.0,360.0,52.0,87.0
592.0,359.0,52.0,87.0
592.0,359.0,52.0,87.0
593.0,359.0,52.0,87.0
593.0,361.0,52.0,87.0
595.0,361.0,52.0,87.0
595.0,361.0,52.0,87.0
595.0,361.0,52.0,87.0
595.0,361.0,52.0,87.0
595.0,361.0,52.0,87.0
595.0,361.0,52.0,87.0
595.0,361.0,52.0,87.0
595.0,361.0,52.0,87.0
595.0,362.0,52.0,87.0
597.0,362.0,52.0,87.0
599.0,361.0,52.0,87.0
599.0,361.0,52.0,87.0
601.0,361.0,52.0,87.0
601.0,361.0,52.0,87.0
603.0,361.0,52.0,87.0
605.0,361.0,52.0,87.0
605.0,361.0,52.0,87.0
605.0,361.0,52.0,87.0
605.0,361.0,52.0,87.0
605.0,361.0,52.0,87.0
605.0,361.0,52.0,87.0
603.0,363.0,52.0,87.0
603.0,363.0,52.0,87.0
603.0,363.0,52.0,87.0
602.0,363.0,52.0,87.0
601.0,363.0,52.0,87.0
600.0,363.0,52.0,87.0
600.0,363.0,52.0,87.0
598.0,363.0,52.0,87.0
598.0,363.0,52.0,87.0
596.0,363.0,52.0,87.0
595.0,363.0,52.0,87.0
594.0,363.0,52.0,87.0
592.0,363.0,52.0,87.0
591.0,363.0,52.0,87.0
589.0,363.0,52.0,87.0
587.0,363.0,52.0,87.0
585.0,363.0,52.0,87.0
583.0,363.0,52.0,87.0
581.0,363.0,52.0,87.0
579.0,363.0,52.0,87.0
577.0,363.0,52.0,87.0
577.0,363.0,52.0,87.0
575.0,363.0,52.0,87.0
573.0,363.0,52.0,87.0
573.0,363.0,52.0,87.0
571.0,363.0,52.0,87.0
571.0,363.0,52.0,86.0
569.0,363.0,52.0,86.0
569.0,363.0,52.0,86.0
567.0,364.0,52.0,86.0
565.0,364.0,52.0,87.0
565.0,364.0,52.0,87.0
563.0,364.0,52.0,87.0
561.0,366.0,52.0,87.0
561.0,366.0,52.0,87.0
559.0,366.0,52.0,87.0
559.0,366.0,52.0,87.0
559.0,366.0,52.0,87.0
559.0,367.0,52.0,87.0
559.0,367.0,52.0,87.0
559.0,366.0,52.0,87.0
561.0,366.0,52.0,87.0
563.0,366.0,52.0,87.0
563.0,366.0,52.0,87.0
564.0,366.0,52.0,87.0
565.0,366.0,52.0,87.0
565.0,368.0,52.0,87.0
565.0,368.0,52.0,87.0
565.0,369.0,52.0,87.0
566.0,369.0,52.0,87.0
566.0,369.0,52.0,87.0
566.0,369.0,52.0,87.0
566.0,369.0,52.0,87.0
566.0,371.0,52.0,87.0
566.0,371.0,52.0,87.0
566.0,371.0,52.0,87.0
568.0,371.0,52.0,87.0
568.0,373.0,52.0,87.0
568.0,373.0,52.0,87.0
570.0,373.0,52.0,87.0
572.0,373.0,52.0,87.0
574.0,373.0,52.0,86.0
577.0,373.0,52.0,86.0
580.0,371.0,52.0,86.0
584.0,371.0,52.0,86.0
586.0,371.0,52.0,86.0
588.0,369.0,52.0,86.0
588.0,371.0,52.0,86.0
590.0,371.0,52.0,87.0
590.0,373.0,52.0,87.0
590.0,373.0,52.0,87.0
590.0,373.0,52.0,87.0
590.0,375.0,52.0,87.0
590.0,375.0,52.0,87.0
592.0,375.0,52.0,87.0
594.0,375.0,52.0,87.0
594.0,375.0,52.0,87.0
596.0,374.0,52.0,87.0
598.0,374.0,52.0,87.0
600.0,373.0,52.0,87.0
600.0,373.0,52.0,87.0
602.0,373.0,52.0,87.0
602.0,373.0,52.0,87.0
602.0,373.0,52.0,87.0
600.0,373.0,52.0,87.0
600.0,373.0,52.0,87.0
601.0,373.0,52.0,87.0
599.0,374.0,52.0,87.0
599.0,375.0,52.0,87.0
599.0,375.0,52.0,87.0
599.0,375.0,52.0,87.0
599.0,375.0,52.0,87.0
599.0,375.0,52.0,87.0
599.0,376.0,52.0,87.0
601.0,376.0,52.0,87.0
601.0,376.0,52.0,87.0
603.0,376.0,52.0,87.0
604.0,376.0,52.0,87.0
606.0,376.0,52.0,87.0
606.0,377.0,52.0,87.0
608.0,377.0,52.0,87.0
606.0,378.0,52.0,87.0
606.0,379.0,52.0,87.0
606.0,380.0,52.0,87.0
606.0,380.0,52.0,87.0
606.0,382.0,52.0,87.0
606.0,382.0,52.0,87.0
606.0,382.0,52.0,87.0
606.0,384.0,52.0,87.0
607.0,384.0,52.0,87.0
609.0,384.0,52.0,87.0
610.0,384.0,52.0,87.0
612.0,384.0,52.0,87.0
612.0,384.0,52.0,87.0
612.0,384.0,52.0,85.0
612.0,386.0,52.0,83.0
612.0,386.0,52.0,81.0
612.0,388.0,52.0,81.0
611.0,388.0,52.0,81.0
609.0,390.0,52.0,81.0
nan,nan,nan,nan
nan,nan,nan,nan
nan,nan,nan,nan
nan,nan,nan,nan
nan,nan,nan,nan
nan,nan,nan,nan
nan,nan,nan,nan
nan,nan,nan,nan
nan,nan,nan,nan
nan,nan,nan,nan
nan,nan,nan,nan
nan,nan,nan,nan
nan,nan,nan,nan
nan,nan,nan,nan
nan,nan,nan,nan
nan,nan,nan,nan
nan,nan,nan,nan
nan,nan,nan,nan
nan,nan,nan,nan
nan,nan,nan,nan
nan,nan,nan,nan
nan,nan,nan,nan
nan,nan,nan,nan
nan,nan,nan,nan
nan,nan,nan,nan
nan,nan,nan,nan
nan,nan,nan,nan
nan,nan,nan,nan
nan,nan,nan,nan
nan,nan,nan,nan
nan,nan,nan,nan
nan,nan,nan,nan
529.0,423.0,51.0,81.0
528.0,424.0,51.0,81.0
526.0,425.0,51.0,81.0
522.0,427.0,51.0,81.0
520.0,427.0,51.0,81.0
518.0,429.0,51.0,81.0
517.0,431.0,51.0,81.0
513.0,433.0,51.0,82.0
511.0,433.0,51.0,83.0
510.0,435.0,51.0,83.0
508.0,437.0,51.0,84.0
506.0,438.0,52.0,84.0
77.0,46.0,3.0,8.0
77.0,46.0,3.0,8.0
77.0,46.0,3.0,8.0
501.0,440.0,52.0,85.0
499.0,440.0,52.0,85.0
497.0,442.0,52.0,85.0
495.0,444.0,52.0,85.0
495.0,444.0,52.0,86.0
494.0,445.0,52.0,86.0
492.0,447.0,52.0,86.0
490.0,449.0,52.0,86.0
490.0,451.0,52.0,86.0
488.0,452.0,52.0,86.0
487.0,454.0,52.0,87.0
485.0,456.0,52.0,87.0
484.0,458.0,52.0,87.0
484.0,460.0,52.0,87.0
482.0,461.0,52.0,87.0
480.0,463.0,52.0,87.0
479.0,465.0,52.0,87.0
477.0,467.0,52.0,87.0
475.0,468.0,52.0,87.0
473.0,470.0,52.0,87.0
473.0,472.0,52.0,87.0
472.0,474.0,52.0,87.0
470.0,476.0,52.0,87.0
468.0,477.0,52.0,87.0
466.0,479.0,52.0,87.0
465.0,481.0,52.0,87.0
463.0,483.0,52.0,87.0
461.0,484.0,52.0,87.0
459.0,486.0,52.0,87.0
458.0,488.0,52.0,87.0
456.0,490.0,52.0,87.0
454.0,491.0,52.0,87.0
451.0,493.0,52.0,87.0
449.0,495.0,52.0,87.0
447.0,498.0,52.0,87.0
445.0,500.0,52.0,87.0
442.0,502.0,52.0,87.0
440.0,504.0,52.0,87.0
436.0,505.0,52.0,87.0
434.0,509.0,52.0,87.0
432.0,511.0,52.0,87.0
429.0,512.0,52.0,87.0
425.0,516.0,52.0,87.0
423.0,518.0,52.0,87.0
421.0,519.0,52.0,87.0
418.0,521.0,52.0,87.0
416.0,525.0,52.0,87.0
412.0,528.0,52.0,87.0
411.0,530.0,52.0,86.0
407.0,532.0,52.0,86.0
405.0,533.0,52.0,86.0
404.0,537.0,52.0,86.0
400.0,539.0,52.0,87.0
398.0,542.0,52.0,87.0
396.0,544.0,52.0,87.0
392.0,546.0,52.0,87.0
390.0,549.0,52.0,87.0
387.0,551.0,52.0,87.0
385.0,555.0,52.0,87.0
383.0,556.0,52.0,87.0
381.0,558.0,52.0,87.0
379.0,562.0,52.0,87.0
376.0,563.0,52.0,87.0
374.0,567.0,52.0,87.0
372.0,568.0,52.0,87.0
370.0,570.0,52.0,87.0
368.0,574.0,52.0,87.0
365.0,575.0,52.0,87.0
363.0,579.0,52.0,87.0
361.0,581.0,52.0,87.0
360.0,582.0,52.0,87.0
358.0,586.0,52.0,87.0
354.0,588.0,52.0,87.0
352.0,591.0,52.0,87.0
350.0,593.0,52.0,87.0
349.0,595.0,52.0,87.0
349.0,598.0,52.0,87.0
345.0,602.0,52.0,87.0
343.0,604.0,52.0,87.0
343.0,605.0,52.0,87.0
342.0,607.0,52.0,87.0
340.0,610.0,52.0,87.0
338.0,612.0,52.0,87.0
337.0,615.0,52.0,87.0
337.0,617.0,52.0,87.0
74.0,46.0,3.0,10.0
74.0,46.0,3.0,10.0
332.0,624.0,52.0,87.0
332.0,626.0,52.0,87.0
330.0,628.0,52.0,87.0
329.0,631.0,52.0,87.0
75.0,47.0,3.0,10.0
325.0,635.0,52.0,87.0
324.0,636.0,52.0,87.0
324.0,638.0,52.0,87.0
325.0,640.0,52.0,87.0
324.0,643.0,52.0,87.0
327.0,624.0,52.0,87.0
327.0,625.0,52.0,87.0
326.0,627.0,52.0,87.0
322.0,631.0,52.0,87.0
323.0,634.0,52.0,87.0
323.0,636.0,52.0,87.0
319.0,639.0,52.0,87.0
321.0,641.0,52.0,87.0
317.0,645.0,52.0,87.0
316.0,646.0,52.0,87.0
314.0,650.0,52.0,87.0
312.0,652.0,52.0,87.0
76.0,46.0,3.0,10.0
317.0,629.0,52.0,87.0
315.0,632.0,52.0,87.0
318.0,636.0,52.0,87.0
315.0,637.0,52.0,87.0
313.0,639.0,52.0,87.0
309.0,642.0,52.0,87.0
306.0,644.0,52.0,87.0
302.0,648.0,52.0,87.0
300.0,649.0,52.0,87.0
74.0,46.0,3.0,10.0
74.0,46.0,3.0,10.0
295.0,651.0,52.0,87.0
293.0,655.0,52.0,87.0
291.0,656.0,52.0,87.0
291.0,658.0,52.0,87.0
289.0,660.0,52.0,87.0
285.0,663.0,52.0,87.0
282.0,667.0,52.0,87.0
278.0,669.0,52.0,87.0
278.0,672.0,52.0,87.0
276.0,674.0,52.0,87.0
276.0,675.0,52.0,87.0
273.0,679.0,52.0,87.0
269.0,682.0,52.0,87.0
267.0,682.0,52.0,87.0
264.0,684.0,52.0,87.0
260.0,686.0,52.0,87.0
262.0,687.0,52.0,87.0
260.0,691.0,52.0,87.0
262.0,693.0,52.0,87.0
73.0,45.0,3.0,10.0
73.0,45.0,3.0,10.0
73.0,45.0,3.0,10.0
256.0,696.0,52.0,87.0
256.0,698.0,52.0,87.0
253.0,700.0,52.0,87.0
253.0,702.0,52.0,87.0
253.0,705.0,52.0,87.0
274.0,705.0,52.0,87.0
278.0,705.0,52.0,87.0
279.0,708.0,52.0,87.0
73.0,45.0,3.0,10.0
285.0,705.0,52.0,87.0
73.0,45.0,3.0,10.0
73.0,45.0,3.0,10.0
287.0,710.0,52.0,87.0
288.0,713.0,52.0,87.0
297.0,717.0,52.0,87.0
294.0,717.0,52.0,87.0
297.0,717.0,52.0,87.0
308.0,717.0,52.0,87.0
309.0,717.0,52.0,87.0
297.0,717.0,52.0,87.0
297.0,717.0,52.0,87.0
290.0,717.0,52.0,87.0
280.0,715.0,52.0,87.0
277.0,715.0,52.0,87.0
261.0,715.0,52.0,87.0
265.0,715.0,52.0,87.0
266.0,715.0,52.0,87.0
261.0,715.0,52.0,87.0
270.0,714.0,52.0,87.0
305.0,715.0,52.0,87.0
319.0,715.0,52.0,87.0
319.0,715.0,52.0,87.0
75.0,44.0,3.0,10.0
336.0,715.0,52.0,87.0
339.0,715.0,52.0,87.0
75.0,44.0,3.0,10.0
75.0,44.0,3.0,10.0
352.0,713.0,52.0,87.0
353.0,713.0,52.0,87.0
352.0,713.0,52.0,87.0
354.0,712.0,52.0,87.0
354.0,712.0,52.0,87.0
342.0,712.0,52.0,87.0
376.0,616.0,52.0,87.0
376.0,618.0,52.0,87.0
376.0,619.0,52.0,87.0
376.0,621.0,52.0,87.0
376.0,623.0,52.0,87.0
376.0,625.0,52.0,87.0
376.0,626.0,52.0,87.0
377.0,628.0,52.0,87.0
375.0,630.0,52.0,87.0
373.0,632.0,52.0,87.0
373.0,633.0,52.0,87.0
373.0,638.0,52.0,87.0
375.0,645.0,52.0,87.0
375.0,645.0,52.0,87.0
372.0,643.0,52.0,87.0
368.0,643.0,52.0,87.0
367.0,645.0,52.0,87.0
367.0,648.0,52.0,87.0
367.0,650.0,52.0,87.0
367.0,652.0,52.0,87.0
377.0,612.0,52.0,87.0
381.0,612.0,52.0,87.0
381.0,613.0,52.0,87.0
381.0,615.0,52.0,87.0
379.0,619.0,52.0,87.0
377.0,620.0,52.0,87.0
375.0,624.0,52.0,87.0
373.0,624.0,52.0,87.0
371.0,626.0,52.0,87.0
370.0,627.0,52.0,87.0
368.0,629.0,52.0,87.0
366.0,632.0,52.0,87.0
364.0,634.0,52.0,87.0
364.0,634.0,52.0,87.0
364.0,636.0,52.0,87.0
359.0,639.0,52.0,87.0
357.0,641.0,52.0,87.0
357.0,643.0,52.0,87.0
354.0,644.0,52.0,87.0
353.0,646.0,52.0,87.0
353.0,648.0,52.0,87.0
355.0,650.0,52.0,87.0
352.0,651.0,51.0,87.0
352.0,651.0,51.0,87.0
350.0,655.0,51.0,87.0
347.0,655.0,51.0,87.0
345.0,658.0,51.0,87.0
345.0,660.0,51.0,87.0
343.0,661.0,51.0,87.0
344.0,663.0,51.0,87.0
342.0,665.0,51.0,87.0
338.0,667.0,51.0,87.0
338.0,670.0,51.0,87.0
337.0,674.0,51.0,87.0
338.0,673.0,51.0,87.0
335.0,675.0,51.0,87.0
333.0,677.0,51.0,87.0
335.0,679.0,51.0,87.0
78.0,42.0,2.0,10.0
333.0,682.0,51.0,87.0
78.0,42.0,2.0,10.0
78.0,42.0,2.0,10.0
332.0,684.0,51.0,87.0
348.0,687.0,51.0,87.0
365.0,678.0,51.0,87.0
387.0,682.0,51.0,87.0
383.0,683.0,51.0,87.0
382.0,685.0,51.0,87.0
377.0,685.0,51.0,87.0
373.0,685.0,51.0,87.0
375.0,687.0,51.0,87.0
373.0,689.0,51.0,87.0
372.0,690.0,51.0,87.0
368.0,692.0,51.0,87.0
363.0,689.0,51.0,87.0
80.0,41.0,2.0,10.0
354.0,694.0,51.0,87.0
377.0,687.0,51.0,87.0
379.0,689.0,51.0,87.0
379.0,690.0,51.0,87.0
378.0,692.0,51.0,87.0
393.0,690.0,51.0,87.0
395.0,690.0,51.0,87.0
399.0,690.0,51.0,87.0
397.0,690.0,51.0,87.0
397.0,692.0,51.0,87.0
399.0,692.0,51.0,87.0
394.0,693.0,51.0,87.0
388.0,693.0,51.0,87.0
383.0,693.0,51.0,87.0
381.0,692.0,51.0,87.0
376.0,692.0,51.0,87.0
372.0,693.0,51.0,87.0
384.0,693.0,51.0,87.0
383.0,695.0,51.0,87.0
382.0,697.0,51.0,87.0
379.0,698.0,51.0,87.0
377.0,700.0,51.0,87.0
377.0,702.0,51.0,87.0
377.0,702.0,51.0,87.0
375.0,702.0,51.0,87.0
371.0,702.0,51.0,87.0
369.0,703.0,51.0,87.0
369.0,705.0,51.0,87.0
373.0,705.0,51.0,87.0
372.0,705.0,51.0,87.0
371.0,705.0,51.0,87.0
367.0,705.0,51.0,87.0
363.0,705.0,51.0,87.0
78.0,40.0,2.0,10.0
78.0,40.0,2.0,10.0
362.0,707.0,51.0,87.0
363.0,707.0,51.0,87.0
363.0,707.0,51.0,87.0
363.0,707.0,51.0,87.0
362.0,707.0,51.0,87.0
363.0,707.0,51.0,87.0
365.0,707.0,51.0,87.0
361.0,707.0,51.0,87.0
361.0,706.0,51.0,87.0
358.0,706.0,51.0,87.0
352.0,706.0,51.0,87.0
344.0,706.0,51.0,87.0
342.0,708.0,51.0,87.0
354.0,708.0,51.0,87.0
352.0,708.0,51.0,87.0
342.0,708.0,51.0,87.0
319.0,708.0,51.0,87.0
312.0,708.0,51.0,87.0
310.0,708.0,51.0,87.0
309.0,708.0,51.0,87.0
309.0,708.0,51.0,87.0
305.0,708.0,51.0,87.0
293.0,707.0,51.0,87.0
274.0,705.0,51.0,87.0
272.0,705.0,51.0,87.0
263.0,705.0,51.0,87.0
263.0,705.0,51.0,87.0
78.0,40.0,2.0,10.0
293.0,612.0,51.0,87.0
291.0,616.0,51.0,87.0
287.0,619.0,51.0,87.0
286.0,621.0,51.0,87.0
284.0,624.0,51.0,87.0
280.0,628.0,51.0,87.0
278.0,630.0,51.0,87.0
275.0,633.0,51.0,87.0
273.0,637.0,51.0,87.0
269.0,640.0,51.0,87.0
267.0,645.0,51.0,87.0
265.0,649.0,51.0,87.0
258.0,651.0,51.0,87.0
258.0,654.0,51.0,87.0
255.0,658.0,51.0,87.0
251.0,661.0,51.0,87.0
251.0,663.0,51.0,87.0
245.0,668.0,51.0,87.0
245.0,672.0,51.0,87.0
247.0,675.0,51.0,87.0
260.0,679.0,51.0,87.0
288.0,672.0,51.0,87.0
309.0,649.0,51.0,87.0
335.0,674.0,51.0,87.0
333.0,677.0,51.0,87.0
338.0,682.0,51.0,87.0
336.0,686.0,51.0,87.0
349.0,654.0,51.0,87.0
329.0,651.0,51.0,87.0
320.0,651.0,51.0,87.0
313.0,651.0,51.0,87.0
306.0,653.0,51.0,87.0
292.0,653.0,51.0,87.0
280.0,654.0,51.0,87.0
265.0,653.0,51.0,87.0
257.0,660.0,51.0,87.0
267.0,656.0,51.0,87.0
281.0,658.0,51.0,87.0
298.0,640.0,51.0,87.0
296.0,642.0,51.0,87.0
295.0,646.0,51.0,87.0
293.0,649.0,51.0,87.0
293.0,651.0,51.0,87.0
287.0,654.0,51.0,87.0
286.0,658.0,51.0,87.0
284.0,661.0,51.0,87.0
282.0,663.0,51.0,87.0
280.0,665.0,51.0,87.0
280.0,667.0,51.0,87.0
280.0,668.0,51.0,87.0
278.0,672.0,51.0,87.0
278.0,674.0,51.0,87.0
290.0,676.0,51.0,87.0
71.0,40.0,2.0,10.0
71.0,40.0,2.0,10.0
276.0,679.0,51.0,87.0
278.0,683.0,51.0,87.0
274.0,686.0,51.0,87.0
274.0,689.0,51.0,87.0
276.0,689.0,51.0,87.0
302.0,686.0,51.0,87.0
299.0,675.0,51.0,87.0
335.0,677.0,51.0,87.0
333.0,681.0,51.0,87.0
326.0,682.0,51.0,87.0
314.0,682.0,51.0,87.0
328.0,688.0,51.0,87.0
327.0,689.0,51.0,87.0
327.0,691.0,51.0,87.0
327.0,693.0,51.0,87.0
325.0,695.0,51.0,87.0
322.0,696.0,51.0,87.0
321.0,698.0,51.0,87.0
316.0,700.0,51.0,87.0
316.0,703.0,51.0,87.0
310.0,707.0,51.0,87.0
69.0,40.0,2.0,10.0
69.0,40.0,2.0,10.0
312.0,680.0,51.0,87.0
294.0,680.0,51.0,87.0
68.0,40.0,2.0,10.0
325.0,691.0,51.0,87.0
321.0,691.0,51.0,87.0
325.0,693.0,51.0,87.0
317.0,694.0,51.0,87.0
312.0,694.0,51.0,87.0
308.0,694.0,51.0,87.0
301.0,696.0,51.0,87.0
284.0,696.0,51.0,87.0
264.0,698.0,51.0,87.0
269.0,603.0,51.0,87.0
282.0,589.0,51.0,87.0
280.0,591.0,51.0,87.0
278.0,592.0,51.0,87.0
276.0,594.0,51.0,87.0
274.0,596.0,51.0,87.0
272.0,598.0,51.0,87.0
269.0,601.0,51.0,87.0
269.0,603.0,51.0,87.0
267.0,606.0,51.0,87.0
263.0,608.0,51.0,87.0
263.0,610.0,51.0,87.0
260.0,612.0,51.0,87.0
258.0,613.0,51.0,87.0
256.0,617.0,51.0,87.0
255.0,619.0,51.0,87.0
255.0,620.0,51.0,87.0
251.0,622.0,51.0,87.0
249.0,624.0,51.0,87.0
249.0,627.0,51.0,87.0
247.0,629.0,51.0,87.0
246.0,631.0,51.0,87.0
244.0,634.0,51.0,87.0
242.0,636.0,51.0,87.0
240.0,637.0,51.0,87.0
238.0,641.0,51.0,87.0
235.0,580.0,51.0,87.0
231.0,580.0,51.0,87.0
230.0,582.0,51.0,87.0
228.0,583.0,51.0,87.0
226.0,585.0,51.0,87.0
224.0,587.0,51.0,87.0
222.0,588.0,51.0,87.0
221.0,590.0,51.0,87.0
219.0,592.0,51.0,87.0
217.0,593.0,51.0,87.0
215.0,595.0,51.0,87.0
212.0,599.0,51.0,87.0
210.0,600.0,51.0,87.0
209.0,602.0,51.0,87.0
207.0,604.0,51.0,87.0
207.0,605.0,51.0,87.0
205.0,607.0,51.0,87.0
204.0,609.0,51.0,87.0
204.0,611.0,51.0,87.0
202.0,612.0,51.0,87.0
202.0,612.0,51.0,87.0
202.0,614.0,51.0,87.0
201.0,616.0,51.0,87.0
201.0,618.0,51.0,87.0
199.0,619.0,51.0,87.0
199.0,621.0,51.0,87.0
200.0,623.0,51.0,87.0
200.0,622.0,51.0,87.0
200.0,624.0,51.0,87.0
199.0,626.0,51.0,87.0
199.0,628.0,51.0,87.0
199.0,628.0,51.0,87.0
199.0,629.0,51.0,87.0
198.0,631.0,51.0,87.0
198.0,633.0,51.0,87.0
198.0,633.0,51.0,87.0
196.0,636.0,51.0,87.0
197.0,636.0,51.0,87.0
197.0,638.0,51.0,87.0
197.0,640.0,51.0,87.0
197.0,639.0,51.0,87.0
196.0,641.0,51.0,87.0
196.0,643.0,51.0,87.0
196.0,645.0,51.0,87.0
194.0,646.0,51.0,87.0
195.0,648.0,51.0,87.0
195.0,650.0,51.0,87.0
193.0,651.0,51.0,87.0
193.0,651.0,51.0,87.0
192.0,655.0,51.0,87.0
192.0,657.0,51.0,87.0
188.0,658.0,51.0,87.0
188.0,660.0,51.0,87.0
71.0,37.0,2.0,10.0
185.0,665.0,51.0,87.0
71.0,37.0,2.0,10.0
180.0,672.0,51.0,87.0
71.0,37.0,2.0,10.0
178.0,674.0,51.0,87.0
178.0,675.0,51.0,87.0
180.0,672.0,51.0,87.0
180.0,670.0,51.0,87.0
180.0,672.0,51.0,87.0
180.0,672.0,51.0,87.0
178.0,675.0,51.0,87.0
180.0,672.0,51.0,87.0
180.0,674.0,51.0,87.0
180.0,672.0,51.0,87.0
180.0,670.0,51.0,87.0
180.0,668.0,51.0,87.0
180.0,668.0,51.0,87.0
180.0,670.0,51.0,87.0
180.0,672.0,51.0,87.0
179.0,672.0,51.0,86.0
180.0,672.0,51.0,86.0
179.0,673.0,51.0,86.0
179.0,673.0,51.0,86.0
181.0,668.0,51.0,86.0
181.0,668.0,51.0,86.0
179.0,670.0,51.0,86.0
177.0,673.0,51.0,86.0
177.0,673.0,51.0,86.0
178.0,675.0,51.0,86.0
181.0,670.0,51.0,86.0
181.0,670.0,51.0,86.0
179.0,671.0,51.0,86.0
178.0,675.0,51.0,86.0
179.0,675.0,51.0,86.0
73.0,36.0,2.0,9.0
73.0,36.0,2.0,9.0
179.0,668.0,51.0,86.0
73.0,36.0,2.0,9.0
176.0,673.0,51.0,86.0
176.0,675.0,51.0,86.0
178.0,673.0,51.0,86.0
180.0,666.0,51.0,86.0
176.0,671.0,51.0,86.0
176.0,673.0,51.0,86.0
176.0,673.0,51.0,86.0
176.0,671.0,51.0,86.0
176.0,671.0,51.0,86.0
176.0,671.0,51.0,86.0
176.0,671.0,51.0,86.0
176.0,671.0,51.0,86.0
175.0,675.0,51.0,86.0
177.0,673.0,51.0,86.0
177.0,671.0,51.0,86.0
177.0,673.0,51.0,86.0
177.0,675.0,51.0,86.0
177.0,673.0,51.0,86.0
175.0,676.0,51.0,86.0
177.0,675.0,51.0,86.0
179.0,673.0,51.0,86.0
179.0,671.0,51.0,86.0
178.0,673.0,51.0,86.0
178.0,673.0,51.0,86.0
181.0,670.0,51.0,86.0
181.0,670.0,51.0,86.0
179.0,671.0,51.0,86.0
178.0,673.0,51.0,86.0
178.0,675.0,51.0,86.0
178.0,675.0,51.0,85.0
180.0,673.0,51.0,85.0
182.0,670.0,51.0,85.0
178.0,673.0,51.0,85.0
180.0,673.0,51.0,85.0
178.0,675.0,51.0,85.0
180.0,675.0,51.0,86.0
75.0,36.0,2.0,9.0
182.0,671.0,51.0,86.0
182.0,671.0,51.0,86.0
186.0,666.0,51.0,86.0
75.0,36.0,2.0,9.0
182.0,671.0,51.0,86.0
182.0,671.0,51.0,86.0
76.0,36.0,2.0,9.0
184.0,670.0,51.0,86.0
184.0,670.0,51.0,86.0
184.0,670.0,51.0,86.0
184.0,670.0,51.0,86.0
186.0,668.0,51.0,86.0
184.0,670.0,51.0,86.0
186.0,670.0,51.0,86.0
186.0,669.0,51.0,86.0
186.0,669.0,51.0,86.0
186.0,669.0,51.0,86.0
188.0,666.0,51.0,86.0
186.0,668.0,51.0,86.0
186.0,669.0,51.0,86.0
186.0,670.0,51.0,86.0
188.0,668.0,51.0,86.0
186.0,670.0,51.0,86.0
186.0,670.0,51.0,86.0
185.0,671.0,51.0,86.0
186.0,671.0,51.0,86.0
190.0,666.0,51.0,86.0
186.0,668.0,51.0,86.0
187.0,669.0,51.0,86.0
187.0,669.0,51.0,86.0
185.0,671.0,51.0,86.0
187.0,671.0,51.0,86.0
187.0,669.0,51.0,86.0
187.0,669.0,51.0,86.0
187.0,669.0,51.0,86.0
187.0,671.0,51.0,86.0
187.0,671.0,51.0,86.0
76.0,36.0,2.0,9.0
76.0,36.0,2.0,9.0
76.0,36.0,2.0,9.0
185.0,671.0,51.0,86.0
181.0,674.0,51.0,86.0
186.0,667.0,51.0,86.0
186.0,667.0,51.0,86.0
183.0,671.0,51.0,86.0
181.0,672.0,51.0,86.0
181.0,674.0,51.0,86.0
184.0,667.0,51.0,86.0
183.0,667.0,51.0,86.0
179.0,670.0,51.0,86.0
177.0,672.0,51.0,86.0
179.0,672.0,51.0,86.0
180.0,669.0,51.0,86.0
179.0,669.0,51.0,86.0
179.0,671.0,51.0,86.0
177.0,672.0,51.0,86.0
178.0,669.0,51.0,86.0
177.0,669.0,51.0,86.0
175.0,671.0,51.0,86.0
175.0,671.0,51.0,86.0
175.0,670.0,51.0,86.0
171.0,672.0,51.0,86.0
173.0,670.0,51.0,86.0
171.0,669.0,51.0,86.0
171.0,669.0,51.0,86.0
167.0,670.0,51.0,86.0
167.0,672.0,51.0,86.0
167.0,670.0,51.0,86.0
165.0,667.0,51.0,86.0
163.0,669.0,51.0,86.0
161.0,670.0,51.0,86.0
161.0,670.0,51.0,86.0
159.0,670.0,51.0,86.0
157.0,672.0,51.0,86.0
73.0,35.0,2.0,9.0
72.0,35.0,2.0,9.0
72.0,35.0,2.0,9.0
151.0,674.0,51.0,86.0
149.0,677.0,51.0,86.0
150.0,677.0,51.0,86.0
152.0,667.0,51.0,86.0
150.0,667.0,51.0,86.0
148.0,668.0,51.0,86.0
144.0,672.0,51.0,86.0
142.0,674.0,51.0,86.0
142.0,670.0,51.0,86.0
142.0,669.0,51.0,86.0
140.0,669.0,51.0,86.0
138.0,670.0,51.0,86.0
136.0,672.0,51.0,86.0
136.0,672.0,51.0,86.0
136.0,670.0,51.0,86.0
136.0,670.0,51.0,86.0
134.0,670.0,51.0,86.0
134.0,670.0,51.0,86.0
132.0,670.0,51.0,86.0
130.0,674.0,51.0,86.0
130.0,675.0,51.0,86.0
130.0,679.0,51.0,86.0
126.0,682.0,51.0,86.0
126.0,686.0,51.0,86.0
119.0,688.0,51.0,86.0
117.0,690.0,52.0,86.0
115.0,691.0,52.0,86.0
115.0,691.0,52.0,86.0
114.0,693.0,52.0,86.0
114.0,693.0,52.0,86.0
114.0,693.0,52.0,86.0
113.0,693.0,52.0,86.0
114.0,693.0,52.0,86.0
114.0,695.0,52.0,86.0
114.0,695.0,52.0,86.0
114.0,691.0,52.0,86.0
114.0,691.0,52.0,86.0
112.0,695.0,52.0,86.0
112.0,697.0,52.0,86.0
114.0,697.0,52.0,86.0
114.0,691.0,52.0,86.0
114.0,693.0,52.0,86.0
113.0,695.0,52.0,86.0
114.0,695.0,52.0,86.0
114.0,695.0,52.0,86.0
114.0,695.0,52.0,86.0
115.0,695.0,52.0,86.0
115.0,695.0,52.0,86.0
115.0,695.0,52.0,86.0
115.0,695.0,52.0,86.0
115.0,697.0,52.0,86.0
116.0,697.0,52.0,86.0
116.0,695.0,52.0,86.0
116.0,695.0,52.0,86.0
116.0,695.0,52.0,86.0
116.0,695.0,52.0,86.0
116.0,695.0,52.0,86.0
116.0,695.0,52.0,86.0
116.0,695.0,52.0,86.0
116.0,695.0,52.0,86.0
116.0,695.0,52.0,87.0
116.0,695.0,52.0,87.0
116.0,697.0,52.0,87.0
69.0,35.0,3.0,10.0
69.0,35.0,3.0,10.0
68.0,35.0,3.0,10.0
114.0,697.0,52.0,87.0
115.0,697.0,52.0,87.0
115.0,697.0,52.0,87.0
115.0,699.0,52.0,87.0
120.0,697.0,52.0,87.0
120.0,697.0,52.0,87.0
120.0,697.0,52.0,87.0
122.0,697.0,52.0,87.0
124.0,697.0,52.0,87.0
124.0,697.0,52.0,87.0
124.0,697.0,52.0,87.0
124.0,697.0,52.0,87.0
124.0,697.0,52.0,87.0
125.0,697.0,52.0,87.0
125.0,697.0,52.0,87.0
125.0,697.0,52.0,87.0
127.0,697.0,52.0,87.0
127.0,697.0,52.0,87.0
125.0,697.0,52.0,87.0
125.0,697.0,52.0,87.0
125.0,697.0,52.0,87.0
124.0,697.0,52.0,87.0
124.0,697.0,52.0,87.0
124.0,697.0,52.0,87.0
123.0,697.0,52.0,87.0
122.0,697.0,52.0,87.0
123.0,697.0,52.0,87.0
122.0,699.0,52.0,87.0
123.0,699.0,52.0,87.0
123.0,697.0,52.0,87.0
123.0,697.0,52.0,87.0
125.0,697.0,52.0,87.0
125.0,697.0,52.0,87.0
125.0,699.0,52.0,87.0
126.0,699.0,52.0,87.0
130.0,699.0,52.0,87.0
130.0,699.0,52.0,87.0
67.0,36.0,3.0,10.0
66.0,36.0,3.0,10.0
66.0,36.0,3.0,10.0
129.0,699.0,52.0,87.0
133.0,698.0,52.0,87.0
131.0,699.0,52.0,87.0
99.0,603.0,52.0,87.0
98.0,605.0,52.0,87.0
96.0,607.0,52.0,87.0
96.0,609.0,52.0,87.0
94.0,610.0,52.0,87.0
92.0,612.0,52.0,87.0
90.0,615.0,52.0,87.0
88.0,617.0,52.0,87.0
87.0,621.0,52.0,87.0
95.0,608.0,52.0,87.0
93.0,610.0,52.0,87.0
91.0,614.0,52.0,87.0
90.0,616.0,52.0,87.0
88.0,618.0,52.0,87.0
86.0,621.0,52.0,87.0
84.0,625.0,52.0,87.0
91.0,619.0,52.0,87.0
93.0,618.0,52.0,87.0
98.0,609.0,52.0,87.0
98.0,611.0,52.0,87.0
96.0,612.0,52.0,87.0
95.0,616.0,52.0,87.0
95.0,617.0,52.0,87.0
93.0,619.0,52.0,87.0
91.0,621.0,52.0,87.0
89.0,624.0,52.0,87.0
88.0,628.0,52.0,87.0
84.0,631.0,52.0,87.0
82.0,635.0,52.0,87.0
81.0,637.0,52.0,87.0
79.0,641.0,52.0,87.0
nan,nan,nan,nan
nan,nan,nan,nan
nan,nan,nan,nan
nan,nan,nan,nan
nan,nan,nan,nan
nan,nan,nan,nan
nan,nan,nan,nan
nan,nan,nan,nan
nan,nan,nan,nan
nan,nan,nan,nan
nan,nan,nan,nan
nan,nan,nan,nan
nan,nan,nan,nan
nan,nan,nan,nan
nan,nan,nan,nan
nan,nan,nan,nan
nan,nan,nan,nan
nan,nan,nan,nan
nan,nan,nan,nan
nan,nan,nan,nan
nan,nan,nan,nan
nan,nan,nan,nan
nan,nan,nan,nan
nan,nan,nan,nan
nan,nan,nan,nan
nan,nan,nan,nan
-18.0,659.0,51.0,81.0
-18.0,682.0,51.0,81.0
-18.0,665.0,51.0,82.0
-18.0,670.0,51.0,82.0
-18.0,673.0,52.0,83.0
-18.0,654.0,52.0,83.0
-18.0,656.0,52.0,83.0
-18.0,652.0,52.0,84.0
-19.0,668.0,52.0,84.0
-19.0,652.0,52.0,84.0
-19.0,656.0,52.0,84.0
-19.0,659.0,52.0,84.0
-19.0,682.0,52.0,84.0
68.0,36.0,3.0,7.0
-19.0,680.0,52.0,84.0
68.0,36.0,3.0,8.0
-20.0,659.0,52.0,85.0
-20.0,682.0,52.0,85.0
-20.0,684.0,52.0,85.0
67.0,36.0,3.0,8.0
-20.0,600.0,52.0,86.0
-20.0,670.0,52.0,86.0
-20.0,615.0,52.0,86.0
-20.0,668.0,52.0,86.0
-21.0,675.0,52.0,86.0
-21.0,680.0,52.0,86.0
-82.0,687.0,52.0,86.0
-82.0,603.0,52.0,86.0
-82.0,661.0,52.0,86.0
-82.0,585.0,52.0,86.0
-82.0,564.0,52.0,86.0
-82.0,470.0,52.0,86.0
-83.0,440.0,52.0,86.0
-83.0,351.0,52.0,86.0
-83.0,277.0,52.0,86.0
-83.0,307.0,52.0,87.0
-83.0,312.0,52.0,87.0
-83.0,317.0,52.0,87.0
-83.0,312.0,52.0,87.0
-83.0,314.0,52.0,87.0
-83.0,318.0,52.0,87.0
-83.0,312.0,52.0,87.0
-84.0,312.0,52.0,87.0
-84.0,316.0,52.0,87.0
-84.0,317.0,52.0,87.0
-84.0,319.0,52.0,87.0
-84.0,319.0,52.0,87.0
-84.0,326.0,52.0,87.0
-84.0,324.0,52.0,87.0
-84.0,324.0,52.0,87.0
-84.0,328.0,52.0,87.0
-84.0,333.0,52.0,87.0
-85.0,335.0,52.0,87.0
-85.0,338.0,52.0,87.0
-85.0,338.0,52.0,87.0
-85.0,338.0,52.0,87.0
-85.0,343.0,52.0,87.0
-85.0,349.0,52.0,87.0
-85.0,357.0,52.0,87.0
-85.0,349.0,52.0,87.0
-85.0,350.0,52.0,86.0
-85.0,352.0,52.0,86.0
-85.0,354.0,52.0,86.0
-85.0,357.0,52.0,86.0
-85.0,359.0,52.0,86.0
-85.0,361.0,52.0,86.0
-85.0,361.0,52.0,86.0
-85.0,364.0,52.0,86.0
-85.0,368.0,52.0,86.0
-85.0,371.0,52.0,86.0
