371.0,454.0,45.0,61.0
370.0,454.0,45.0,61.0
369.0,454.0,45.0,61.0
368.0,454.0,45.0,61.0
368.0,454.0,45.0,61.0
368.0,454.0,45.0,61.0
368.0,454.0,45.0,61.0
366.0,454.0,45.0,61.0
366.0,454.0,46.0,61.0
366.0,454.0,46.0,61.0
364.0,454.0,46.0,61.0
364.0,454.0,46.0,61.0
364.0,454.0,46.0,61.0
364.0,454.0,46.0,61.0
364.0,454.0,46.0,61.0
364.0,454.0,46.0,61.0
364.0,454.0,46.0,61.0
364.0,454.0,46.0,61.0
364.0,454.0,46.0,61.0
362.0,454.0,46.0,61.0
362.0,454.0,46.0,61.0
362.0,454.0,46.0,61.0
362.0,454.0,46.0,61.0
362.0,454.0,46.0,61.0
362.0,454.0,46.0,61.0
362.0,454.0,46.0,61.0
362.0,454.0,46.0,61.0
46.0,57.0,2.0,5.0
46.0,57.0,2.0,5.0
46.0,57.0,2.0,5.0
46.0,57.0,2.0,5.0
46.0,57.0,2.0,5.0
360.0,452.0,46.0,61.0
360.0,452.0,46.0,61.0
360.0,452.0,46.0,61.0
360.0,450.0,45.0,61.0
360.0,450.0,45.0,61.0
360.0,450.0,46.0,61.0
360.0,450.0,46.0,61.0
360.0,452.0,46.0,61.0
362.0,452.0,46.0,61.0
362.0,452.0,46.0,61.0
362.0,452.0,46.0,61.0
362.0,452.0,46.0,61.0
362.0,452.0,46.0,61.0
362.0,450.0,46.0,61.0
362.0,450.0,46.0,61.0
364.0,450.0,46.0,61.0
364.0,450.0,45.0,61.0
364.0,450.0,45.0,61.0
364.0,450.0,45.0,61.0
364.0,450.0,45.0,61.0
364.0,450.0,45.0,61.0
366.0,450.0,45.0,61.0
47.0,56.0,2.0,5.0
47.0,56.0,2.0,5.0
47.0,56.0,2.0,5.0
47.0,56.0,2.0,5.0
47.0,56.0,2.0,5.0
365.0,448.0,45.0,61.0
367.0,448.0,45.0,61.0
367.0,448.0,46.0,61.0
367.0,448.0,46.0,61.0
368.0,448.0,46.0,61.0
369.0,448.0,46.0,61.0
369.0,448.0,46.0,61.0
369.0,448.0,45.0,61.0
371.0,448.0,45.0,61.0
373.0,448.0,45.0,61.0
373.0,446.0,45.0,61.0
375.0,446.0,45.0,61.0
375.0,446.0,45.0,61.0
376.0,446.0,46.0,61.0
377.0,446.0,46.0,61.0
379.0,446.0,46.0,61.0
381.0,446.0,46.0,61.0
381.0,446.0,46.0,61.0
381.0,446.0,46.0,61.0
382.0,446.0,46.0,61.0
384.0,444.0,46.0,61.0
385.0,444.0,46.0,61.0
385.0,444.0,45.0,61.0
387.0,444.0,45.0,61.0
387.0,444.0,45.0,61.0
389.0,444.0,45.0,61.0
391.0,444.0,45.0,61.0
391.0,444.0,45.0,61.0
391.0,444.0,45.0,61.0
393.0,444.0,45.0,61.0
51.0,55.0,2.0,5.0
51.0,55.0,2.0,5.0
51.0,55.0,2.0,5.0
51.0,55.0,2.0,5.0
51.0,55.0,2.0,5.0
393.0,442.0,46.0,61.0
394.0,442.0,46.0,61.0
394.0,442.0,46.0,61.0
396.0,442.0,46.0,61.0
398.0,440.0,45.0,60.0
400.0,440.0,45.0,60.0
402.0,440.0,45.0,60.0
402.0,440.0,45.0,60.0
404.0,440.0,45.0,60.0
406.0,438.0,45.0,60.0
408.0,438.0,45.0,60.0
410.0,438.0,45.0,60.0
410.0,438.0,45.0,60.0
412.0,438.0,45.0,60.0
414.0,436.0,45.0,60.0
416.0,436.0,45.0,60.0
418.0,436.0,45.0,60.0
418.0,436.0,45.0,60.0
420.0,436.0,45.0,60.0
422.0,434.0,45.0,60.0
424.0,434.0,45.0,60.0
428.0,434.0,45.0,60.0
428.0,434.0,45.0,60.0
430.0,434.0,45.0,60.0
432.0,432.0,45.0,60.0
434.0,432.0,45.0,60.0
436.0,432.0,45.0,60.0
436.0,432.0,45.0,60.0
58.0,54.0,1.0,4.0
58.0,54.0,1.0,4.0
58.0,54.0,2.0,4.0
58.0,54.0,2.0,4.0
58.0,54.0,2.0,4.0
439.0,430.0,46.0,60.0
443.0,430.0,46.0,60.0
445.0,428.0,46.0,60.0
447.0,428.0,46.0,60.0
447.0,428.0,46.0,60.0
449.0,428.0,46.0,60.0
453.0,428.0,45.0,60.0
456.0,426.0,45.0,60.0
460.0,426.0,45.0,60.0
460.0,426.0,45.0,60.0
462.0,426.0,45.0,60.0
465.0,424.0,45.0,60.0
469.0,424.0,45.0,60.0
471.0,424.0,45.0,60.0
471.0,424.0,45.0,60.0
475.0,423.0,45.0,60.0
479.0,423.0,45.0,60.0
481.0,423.0,45.0,60.0
485.0,423.0,45.0,60.0
485.0,423.0,45.0,60.0
487.0,421.0,45.0,60.0
491.0,421.0,45.0,60.0
495.0,421.0,45.0,60.0
497.0,419.0,45.0,60.0
497.0,419.0,45.0,60.0
499.0,419.0,45.0,60.0
67.0,53.0,1.0,4.0
67.0,53.0,1.0,4.0
67.0,53.0,1.0,4.0
67.0,53.0,1.0,4.0
68.0,53.0,1.0,4.0
506.0,417.0,45.0,60.0
508.0,415.0,45.0,60.0
512.0,415.0,45.0,60.0
512.0,415.0,46.0,60.0
516.0,415.0,46.0,60.0
520.0,415.0,46.0,60.0
522.0,415.0,46.0,60.0
526.0,413.0,46.0,60.0
526.0,413.0,45.0,60.0
528.0,413.0,45.0,60.0
532.0,413.0,45.0,60.0
536.0,413.0,45.0,60.0
538.0,411.0,45.0,60.0
538.0,411.0,45.0,60.0
540.0,411.0,45.0,60.0
544.0,411.0,45.0,60.0
548.0,411.0,45.0,60.0
550.0,409.0,45.0,60.0
550.0,409.0,45.0,60.0
554.0,409.0,45.0,60.0
556.0,409.0,45.0,60.0
560.0,409.0,45.0,60.0
562.0,408.0,45.0,60.0
562.0,408.0,45.0,60.0
566.0,408.0,45.0,60.0
568.0,408.0,45.0,60.0
572.0,408.0,45.0,60.0
574.0,406.0,45.0,60.0
574.0,406.0,45.0,60.0
576.0,406.0,45.0,60.0
580.0,406.0,45.0,60.0
582.0,404.0,45.0,59.0
584.0,404.0,45.0,59.0
586.0,404.0,45.0,60.0
588.0,404.0,45.0,60.0
592.0,404.0,45.0,60.0
594.0,402.0,45.0,60.0
598.0,402.0,45.0,60.0
598.0,402.0,45.0,60.0
600.0,402.0,45.0,60.0
604.0,400.0,45.0,60.0
