784.0,625.0,95.0,94.0
796.0,625.0,95.0,94.0
810.0,625.0,95.0,94.0
822.0,625.0,95.0,94.0
835.0,623.0,95.0,94.0
847.0,621.0,96.0,95.0
860.0,619.0,97.0,95.0
872.0,617.0,97.0,95.0
885.0,615.0,97.0,95.0
897.0,614.0,98.0,95.0
909.0,614.0,98.0,95.0
919.0,615.0,98.0,95.0
930.0,615.0,97.0,95.0
940.0,617.0,98.0,95.0
950.0,619.0,98.0,95.0
961.0,619.0,98.0,95.0
973.0,617.0,98.0,95.0
985.0,615.0,99.0,95.0
996.0,611.0,99.0,96.0
1008.0,608.0,99.0,96.0
1021.0,605.0,99.0,96.0
1033.0,603.0,99.0,97.0
1043.0,602.0,99.0,97.0
1055.0,601.0,99.0,97.0
1065.0,601.0,99.0,97.0
1075.0,602.0,98.0,97.0
1084.0,603.0,98.0,97.0
1094.0,603.0,98.0,96.0
1104.0,603.0,99.0,97.0
1114.0,603.0,101.0,97.0
1125.0,601.0,103.0,97.0
1139.0,601.0,103.0,97.0
1153.0,600.0,103.0,97.0
1165.0,599.0,103.0,97.0
1179.0,601.0,103.0,97.0
1191.0,601.0,102.0,97.0
1201.0,603.0,101.0,97.0
1210.0,607.0,101.0,97.0
146.0,77.0,14.0,13.0
1222.0,607.0,101.0,97.0
1229.0,609.0,99.0,96.0
1238.0,611.0,97.0,96.0
1245.0,612.0,95.0,95.0
1246.0,626.0,95.0,93.0
1231.0,654.0,94.0,91.0
1217.0,665.0,93.0,89.0
nan,nan,nan,nan
nan,nan,nan,nan
nan,nan,nan,nan
nan,nan,nan,nan
nan,nan,nan,nan
nan,nan,nan,nan
nan,nan,nan,nan
nan,nan,nan,nan
nan,nan,nan,nan
nan,nan,nan,nan
nan,nan,nan,nan
nan,nan,nan,nan
nan,nan,nan,nan
nan,nan,nan,nan
nan,nan,nan,nan
nan,nan,nan,nan
nan,nan,nan,nan
nan,nan,nan,nan
nan,nan,nan,nan
nan,nan,nan,nan
nan,nan,nan,nan
nan,nan,nan,nan
nan,nan,nan,nan
nan,nan,nan,nan
nan,nan,nan,nan
nan,nan,nan,nan
nan,nan,nan,nan
nan,nan,nan,nan
nan,nan,nan,nan
nan,nan,nan,nan
nan,nan,nan,nan
nan,nan,nan,nan
nan,nan,nan,nan
nan,nan,nan,nan
nan,nan,nan,nan
nan,nan,nan,nan
nan,nan,nan,nan
nan,nan,nan,nan
1040.0,529.0,96.0,98.0
1038.0,525.0,96.0,98.0
1035.0,519.0,97.0,99.0
1031.0,513.0,98.0,99.0
1028.0,507.0,98.0,99.0
1024.0,501.0,98.0,99.0
1019.0,498.0,97.0,99.0
1014.0,494.0,97.0,99.0
1008.0,490.0,97.0,99.0
1002.0,486.0,97.0,99.0
995.0,484.0,97.0,98.0
991.0,482.0,97.0,98.0
984.0,479.0,97.0,97.0
979.0,475.0,97.0,97.0
975.0,473.0,97.0,96.0
970.0,471.0,97.0,95.0
965.0,467.0,97.0,96.0
962.0,465.0,97.0,96.0
960.0,461.0,97.0,97.0
955.0,459.0,97.0,97.0
952.0,459.0,97.0,97.0
948.0,459.0,96.0,97.0
943.0,459.0,96.0,97.0
939.0,459.0,96.0,97.0
934.0,458.0,96.0,98.0
930.0,458.0,96.0,97.0
925.0,456.0,96.0,97.0
919.0,456.0,96.0,97.0
913.0,454.0,95.0,97.0
908.0,454.0,95.0,96.0
902.0,454.0,95.0,95.0
896.0,454.0,95.0,95.0
889.0,454.0,95.0,95.0
883.0,454.0,95.0,95.0
876.0,456.0,95.0,95.0
871.0,456.0,96.0,95.0
864.0,456.0,96.0,96.0
858.0,458.0,96.0,96.0
852.0,458.0,96.0,96.0
844.0,458.0,95.0,96.0
838.0,458.0,95.0,95.0
831.0,458.0,95.0,95.0
825.0,458.0,95.0,95.0
819.0,458.0,95.0,96.0
812.0,458.0,94.0,96.0
806.0,460.0,94.0,96.0
800.0,460.0,94.0,96.0
794.0,462.0,94.0,96.0
788.0,463.0,93.0,96.0
781.0,465.0,93.0,96.0
775.0,465.0,93.0,97.0
768.0,467.0,93.0,97.0
762.0,467.0,93.0,97.0
756.0,467.0,93.0,97.0
749.0,467.0,93.0,98.0
743.0,468.0,93.0,98.0
738.0,470.0,93.0,98.0
732.0,470.0,93.0,97.0
727.0,470.0,93.0,97.0
721.0,472.0,93.0,97.0
717.0,472.0,93.0,96.0
712.0,474.0,93.0,96.0
707.0,476.0,93.0,96.0
703.0,478.0,94.0,95.0
698.0,480.0,94.0,95.0
694.0,482.0,95.0,96.0
691.0,484.0,95.0,96.0
686.0,487.0,95.0,96.0
682.0,491.0,95.0,96.0
679.0,493.0,95.0,96.0
675.0,497.0,95.0,96.0
673.0,499.0,95.0,96.0
668.0,499.0,95.0,96.0
666.0,499.0,94.0,96.0
663.0,498.0,94.0,96.0
661.0,498.0,94.0,96.0
658.0,498.0,94.0,96.0
654.0,498.0,94.0,96.0
651.0,499.0,94.0,96.0
648.0,501.0,94.0,97.0
646.0,501.0,94.0,97.0
641.0,503.0,94.0,97.0
638.0,503.0,94.0,97.0
636.0,504.0,95.0,98.0
634.0,504.0,95.0,98.0
633.0,502.0,95.0,98.0
632.0,501.0,95.0,97.0
631.0,501.0,95.0,97.0
629.0,502.0,95.0,97.0
628.0,500.0,95.0,97.0
629.0,502.0,95.0,97.0
628.0,500.0,94.0,97.0
629.0,499.0,94.0,96.0
630.0,497.0,94.0,96.0
632.0,494.0,94.0,96.0
633.0,492.0,94.0,95.0
636.0,490.0,94.0,95.0
637.0,490.0,94.0,95.0
639.0,489.0,95.0,95.0
642.0,489.0,95.0,95.0
643.0,489.0,95.0,95.0
646.0,487.0,95.0,96.0
648.0,485.0,95.0,96.0
651.0,483.0,95.0,97.0
654.0,480.0,95.0,97.0
657.0,476.0,95.0,98.0
662.0,473.0,95.0,98.0
665.0,471.0,95.0,99.0
669.0,469.0,95.0,99.0
672.0,467.0,95.0,99.0
675.0,465.0,95.0,98.0
678.0,463.0,95.0,98.0
682.0,460.0,95.0,97.0
685.0,454.0,95.0,96.0
688.0,451.0,96.0,95.0
690.0,447.0,96.0,95.0
693.0,446.0,96.0,95.0
696.0,442.0,96.0,94.0
697.0,440.0,95.0,94.0
700.0,440.0,95.0,94.0
703.0,439.0,95.0,94.0
705.0,437.0,95.0,94.0
708.0,433.0,95.0,94.0
711.0,430.0,95.0,94.0
715.0,424.0,95.0,94.0
718.0,421.0,95.0,94.0
721.0,417.0,95.0,95.0
724.0,413.0,95.0,95.0
728.0,410.0,95.0,95.0
731.0,408.0,96.0,96.0
734.0,406.0,96.0,96.0
738.0,402.0,96.0,96.0
741.0,398.0,96.0,96.0
744.0,395.0,96.0,96.0
749.0,391.0,96.0,97.0
753.0,386.0,96.0,97.0
756.0,382.0,96.0,97.0
761.0,378.0,96.0,98.0
765.0,376.0,96.0,98.0
768.0,372.0,96.0,98.0
770.0,370.0,96.0,99.0
773.0,368.0,96.0,99.0
775.0,368.0,96.0,99.0
779.0,366.0,96.0,100.0
780.0,364.0,96.0,100.0
784.0,360.0,96.0,100.0
786.0,356.0,96.0,100.0
789.0,353.0,96.0,100.0
793.0,349.0,95.0,99.0
796.0,345.0,95.0,99.0
798.0,342.0,94.0,98.0
801.0,340.0,94.0,98.0
803.0,338.0,94.0,97.0
805.0,336.0,93.0,97.0
808.0,336.0,93.0,97.0
810.0,334.0,93.0,97.0
812.0,334.0,93.0,97.0
815.0,332.0,93.0,98.0
819.0,330.0,93.0,98.0
820.0,327.0,93.0,98.0
824.0,325.0,93.0,98.0
827.0,323.0,94.0,97.0
830.0,322.0,94.0,97.0
834.0,320.0,94.0,97.0
837.0,318.0,94.0,97.0
841.0,318.0,93.0,96.0
844.0,318.0,93.0,97.0
848.0,317.0,93.0,97.0
851.0,316.0,93.0,98.0
855.0,314.0,93.0,98.0
859.0,312.0,93.0,98.0
862.0,310.0,93.0,99.0
866.0,308.0,93.0,99.0
871.0,308.0,92.0,99.0
875.0,306.0,92.0,100.0
879.0,306.0,92.0,100.0
882.0,306.0,92.0,99.0
884.0,307.0,92.0,99.0
888.0,307.0,92.0,98.0
892.0,307.0,92.0,98.0
895.0,307.0,92.0,97.0
899.0,305.0,93.0,97.0
903.0,303.0,93.0,97.0
906.0,301.0,93.0,97.0
910.0,299.0,93.0,98.0
912.0,300.0,94.0,98.0
916.0,300.0,94.0,98.0
918.0,300.0,94.0,98.0
921.0,300.0,94.0,98.0
923.0,300.0,95.0,98.0
927.0,298.0,94.0,98.0
929.0,298.0,94.0,98.0
933.0,296.0,94.0,98.0
935.0,292.0,93.0,97.0
939.0,290.0,93.0,96.0
941.0,287.0,93.0,96.0
944.0,285.0,93.0,96.0
946.0,283.0,93.0,96.0
950.0,281.0,93.0,97.0
952.0,281.0,93.0,97.0
954.0,281.0,94.0,97.0
954.0,281.0,94.0,97.0
956.0,279.0,94.0,97.0
958.0,279.0,95.0,97.0
960.0,277.0,95.0,97.0
962.0,275.0,95.0,97.0
965.0,272.0,95.0,98.0
969.0,270.0,95.0,98.0
972.0,266.0,95.0,97.0
976.0,265.0,95.0,96.0
979.0,263.0,94.0,96.0
981.0,261.0,94.0,96.0
983.0,261.0,95.0,96.0
983.0,260.0,95.0,97.0
985.0,260.0,95.0,97.0
987.0,260.0,95.0,97.0
989.0,258.0,96.0,97.0
992.0,257.0,95.0,96.0
995.0,255.0,95.0,95.0
997.0,252.0,95.0,94.0
1001.0,250.0,95.0,95.0
1004.0,248.0,95.0,95.0
1006.0,247.0,95.0,95.0
1009.0,245.0,95.0,96.0
1011.0,245.0,95.0,96.0
1012.0,244.0,95.0,96.0
1014.0,244.0,95.0,96.0
1015.0,244.0,95.0,97.0
1017.0,242.0,95.0,97.0
1019.0,242.0,95.0,97.0
1022.0,241.0,95.0,97.0
1024.0,241.0,95.0,97.0
1029.0,239.0,94.0,97.0
1032.0,237.0,94.0,96.0
1036.0,236.0,93.0,96.0
1039.0,234.0,93.0,96.0
1041.0,234.0,94.0,96.0
1045.0,234.0,94.0,96.0
1047.0,234.0,95.0,96.0
1048.0,234.0,95.0,96.0
1050.0,234.0,95.0,96.0
1054.0,234.0,96.0,96.0
1056.0,234.0,96.0,95.0
1059.0,233.0,96.0,95.0
1063.0,233.0,96.0,95.0
1066.0,233.0,96.0,95.0
1069.0,232.0,95.0,95.0
1072.0,232.0,95.0,95.0
1073.0,232.0,94.0,95.0
1074.0,232.0,94.0,96.0
1073.0,231.0,94.0,96.0
1071.0,229.0,94.0,96.0
1068.0,227.0,94.0,96.0
1066.0,225.0,94.0,96.0
1063.0,222.0,94.0,96.0
1060.0,220.0,95.0,96.0
1057.0,216.0,94.0,96.0
1052.0,213.0,94.0,96.0
1049.0,211.0,93.0,95.0
1044.0,208.0,93.0,95.0
1039.0,206.0,93.0,95.0
1034.0,202.0,93.0,95.0
1029.0,200.0,94.0,95.0
1023.0,198.0,94.0,95.0
1018.0,195.0,95.0,95.0
1011.0,193.0,95.0,96.0
1005.0,191.0,95.0,96.0
1000.0,187.0,96.0,96.0
993.0,185.0,96.0,96.0
988.0,183.0,96.0,96.0
983.0,181.0,95.0,95.0
979.0,179.0,95.0,96.0
974.0,177.0,95.0,96.0
971.0,173.0,95.0,97.0
966.0,171.0,95.0,97.0
962.0,169.0,95.0,97.0
959.0,167.0,95.0,97.0
954.0,165.0,95.0,97.0
949.0,163.0,95.0,97.0
946.0,163.0,95.0,97.0
943.0,161.0,94.0,97.0
940.0,159.0,94.0,97.0
936.0,159.0,93.0,97.0
933.0,157.0,93.0,97.0
929.0,157.0,94.0,97.0
926.0,157.0,94.0,97.0
923.0,155.0,94.0,97.0
919.0,154.0,95.0,97.0
918.0,152.0,95.0,97.0
915.0,152.0,95.0,96.0
913.0,150.0,95.0,96.0
910.0,148.0,96.0,96.0
909.0,148.0,95.0,96.0
906.0,147.0,95.0,95.0
903.0,147.0,95.0,95.0
902.0,147.0,94.0,95.0
899.0,146.0,94.0,96.0
898.0,146.0,94.0,96.0
895.0,146.0,94.0,97.0
894.0,145.0,94.0,97.0
892.0,143.0,94.0,98.0
889.0,143.0,94.0,98.0
887.0,142.0,94.0,98.0
886.0,140.0,94.0,98.0
883.0,140.0,93.0,97.0
881.0,140.0,93.0,97.0
878.0,142.0,93.0,97.0
877.0,141.0,93.0,97.0
873.0,141.0,93.0,96.0
872.0,141.0,92.0,96.0
868.0,140.0,93.0,96.0
866.0,140.0,93.0,97.0
863.0,140.0,93.0,97.0
859.0,141.0,93.0,97.0
857.0,141.0,93.0,97.0
854.0,141.0,93.0,97.0
852.0,141.0,93.0,96.0
849.0,142.0,93.0,96.0
847.0,142.0,93.0,95.0
844.0,144.0,93.0,95.0
842.0,144.0,93.0,96.0
840.0,143.0,93.0,96.0
837.0,145.0,93.0,96.0
835.0,144.0,93.0,97.0
834.0,145.0,93.0,97.0
832.0,145.0,93.0,97.0
830.0,147.0,93.0,97.0
828.0,148.0,93.0,97.0
827.0,148.0,93.0,97.0
825.0,150.0,93.0,97.0
823.0,149.0,93.0,96.0
822.0,151.0,93.0,96.0
820.0,153.0,93.0,96.0
818.0,153.0,93.0,95.0
816.0,154.0,93.0,96.0
815.0,155.0,93.0,96.0
813.0,157.0,93.0,96.0
811.0,158.0,93.0,96.0
809.0,158.0,93.0,96.0
810.0,160.0,93.0,96.0
808.0,161.0,93.0,96.0
806.0,163.0,93.0,96.0
805.0,165.0,93.0,96.0
805.0,167.0,93.0,95.0
803.0,168.0,93.0,95.0
801.0,168.0,93.0,95.0
800.0,170.0,93.0,95.0
798.0,171.0,93.0,96.0
798.0,173.0,93.0,96.0
796.0,174.0,93.0,96.0
795.0,176.0,93.0,96.0
793.0,177.0,93.0,96.0
793.0,179.0,93.0,96.0
791.0,181.0,92.0,96.0
791.0,183.0,92.0,96.0
789.0,184.0,92.0,96.0
789.0,184.0,92.0,95.0
789.0,186.0,92.0,95.0
790.0,189.0,92.0,95.0
790.0,191.0,92.0,96.0
790.0,192.0,92.0,96.0
792.0,196.0,92.0,96.0
794.0,197.0,93.0,96.0
796.0,199.0,93.0,96.0
798.0,201.0,93.0,97.0
800.0,205.0,93.0,97.0
804.0,207.0,93.0,97.0
806.0,210.0,93.0,96.0
811.0,212.0,92.0,96.0
813.0,215.0,92.0,96.0
817.0,217.0,92.0,96.0
819.0,220.0,92.0,96.0
823.0,222.0,92.0,95.0
827.0,224.0,92.0,95.0
830.0,228.0,92.0,95.0
834.0,229.0,92.0,95.0
838.0,231.0,92.0,95.0
840.0,235.0,92.0,95.0
844.0,237.0,92.0,94.0
848.0,241.0,92.0,94.0
852.0,245.0,92.0,94.0
856.0,247.0,92.0,95.0
860.0,250.0,92.0,95.0
862.0,252.0,92.0,95.0
867.0,256.0,92.0,95.0
871.0,259.0,92.0,95.0
874.0,261.0,92.0,95.0
878.0,264.0,92.0,95.0
882.0,266.0,93.0,95.0
885.0,270.0,93.0,95.0
887.0,272.0,93.0,95.0
887.0,273.0,93.0,95.0
889.0,277.0,93.0,95.0
889.0,278.0,93.0,95.0
888.0,280.0,93.0,95.0
888.0,282.0,93.0,94.0
886.0,282.0,93.0,94.0
884.0,284.0,93.0,94.0
882.0,286.0,94.0,94.0
880.0,286.0,94.0,94.0
878.0,288.0,94.0,94.0
876.0,289.0,94.0,94.0
874.0,289.0,94.0,94.0
872.0,291.0,94.0,93.0
870.0,293.0,94.0,93.0
870.0,293.0,94.0,93.0
868.0,295.0,94.0,93.0
866.0,297.0,94.0,93.0
866.0,298.0,95.0,93.0
864.0,300.0,95.0,93.0
862.0,300.0,95.0,93.0
862.0,301.0,95.0,93.0
860.0,303.0,95.0,93.0
858.0,303.0,95.0,94.0
858.0,305.0,95.0,94.0
856.0,306.0,95.0,94.0
856.0,308.0,94.0,94.0
854.0,308.0,94.0,94.0
852.0,310.0,94.0,94.0
852.0,311.0,94.0,94.0
850.0,311.0,94.0,94.0
848.0,313.0,94.0,95.0
847.0,315.0,94.0,95.0
845.0,314.0,94.0,95.0
843.0,316.0,94.0,95.0
843.0,318.0,94.0,95.0
841.0,320.0,94.0,95.0
839.0,319.0,93.0,95.0
838.0,321.0,93.0,95.0
836.0,323.0,93.0,96.0
834.0,324.0,93.0,96.0
834.0,326.0,93.0,96.0
832.0,328.0,93.0,96.0
832.0,329.0,93.0,96.0
830.0,331.0,93.0,95.0
830.0,333.0,92.0,95.0
827.0,334.0,92.0,95.0
827.0,336.0,92.0,95.0
827.0,338.0,92.0,94.0
826.0,340.0,93.0,94.0
824.0,340.0,93.0,94.0
824.0,341.0,93.0,95.0
824.0,343.0,93.0,95.0
823.0,345.0,93.0,95.0
821.0,347.0,93.0,95.0
821.0,349.0,93.0,95.0
819.0,350.0,93.0,95.0
819.0,352.0,92.0,95.0
816.0,354.0,92.0,95.0
816.0,356.0,92.0,95.0
814.0,358.0,92.0,95.0
811.0,359.0,92.0,95.0
809.0,361.0,92.0,95.0
808.0,361.0,92.0,96.0
806.0,363.0,92.0,95.0
804.0,365.0,93.0,95.0
801.0,366.0,93.0,95.0
799.0,366.0,93.0,95.0
797.0,368.0,93.0,95.0
796.0,370.0,93.0,95.0
794.0,372.0,93.0,94.0
791.0,372.0,93.0,94.0
789.0,374.0,93.0,94.0
786.0,375.0,94.0,94.0
786.0,376.0,94.0,94.0
783.0,377.0,94.0,94.0
781.0,379.0,94.0,94.0
779.0,381.0,94.0,95.0
778.0,381.0,94.0,95.0
776.0,383.0,94.0,95.0
775.0,385.0,93.0,95.0
775.0,387.0,93.0,95.0
775.0,388.0,93.0,95.0
774.0,390.0,93.0,95.0
774.0,392.0,92.0,95.0
776.0,394.0,92.0,95.0
776.0,396.0,92.0,95.0
778.0,398.0,92.0,95.0
778.0,400.0,92.0,95.0
779.0,402.0,92.0,95.0
781.0,404.0,92.0,95.0
783.0,406.0,92.0,95.0
784.0,408.0,92.0,95.0
786.0,410.0,92.0,95.0
788.0,414.0,92.0,95.0
790.0,416.0,92.0,95.0
792.0,418.0,92.0,95.0
793.0,421.0,92.0,95.0
795.0,424.0,92.0,95.0
797.0,426.0,92.0,95.0
799.0,429.0,92.0,95.0
800.0,431.0,92.0,95.0
802.0,433.0,92.0,95.0
804.0,437.0,92.0,95.0
805.0,439.0,92.0,94.0
807.0,441.0,93.0,94.0
808.0,445.0,93.0,95.0
810.0,447.0,93.0,95.0
811.0,449.0,93.0,95.0
811.0,451.0,93.0,95.0
813.0,454.0,93.0,95.0
813.0,456.0,93.0,95.0
814.0,458.0,93.0,95.0
814.0,460.0,93.0,95.0
814.0,462.0,92.0,95.0
814.0,464.0,92.0,95.0
811.0,466.0,92.0,95.0
811.0,468.0,92.0,95.0
809.0,470.0,92.0,95.0
806.0,470.0,92.0,95.0
804.0,472.0,92.0,95.0
801.0,474.0,92.0,95.0
799.0,474.0,92.0,95.0
797.0,476.0,92.0,95.0
794.0,476.0,92.0,95.0
792.0,478.0,92.0,95.0
789.0,478.0,92.0,95.0
787.0,478.0,93.0,95.0
785.0,480.0,93.0,95.0
782.0,481.0,93.0,95.0
780.0,483.0,93.0,95.0
778.0,483.0,93.0,95.0
776.0,485.0,93.0,95.0
773.0,485.0,93.0,95.0
771.0,487.0,93.0,95.0
769.0,488.0,93.0,95.0
766.0,490.0,93.0,95.0
764.0,490.0,93.0,95.0
762.0,492.0,93.0,95.0
759.0,493.0,93.0,95.0
757.0,495.0,93.0,95.0
755.0,495.0,93.0,95.0
752.0,496.0,93.0,94.0
748.0,498.0,93.0,94.0
746.0,498.0,93.0,94.0
743.0,499.0,93.0,94.0
741.0,501.0,93.0,94.0
738.0,501.0,93.0,94.0
734.0,503.0,93.0,94.0
732.0,504.0,93.0,94.0
730.0,506.0,93.0,94.0
727.0,506.0,93.0,94.0
725.0,509.0,93.0,95.0
723.0,509.0,93.0,95.0
720.0,511.0,93.0,95.0
718.0,512.0,93.0,95.0
716.0,514.0,93.0,95.0
714.0,515.0,93.0,95.0
710.0,517.0,93.0,95.0
708.0,519.0,93.0,94.0
705.0,519.0,93.0,94.0
703.0,522.0,93.0,94.0
701.0,524.0,93.0,94.0
699.0,526.0,93.0,94.0
695.0,527.0,93.0,94.0
693.0,529.0,94.0,93.0
691.0,532.0,94.0,94.0
689.0,534.0,94.0,94.0
685.0,537.0,94.0,94.0
683.0,539.0,94.0,94.0
680.0,540.0,94.0,94.0
678.0,542.0,94.0,94.0
674.0,545.0,94.0,94.0
672.0,547.0,94.0,94.0
670.0,549.0,94.0,94.0
668.0,552.0,94.0,94.0
667.0,554.0,94.0,94.0
665.0,556.0,94.0,94.0
664.0,559.0,93.0,94.0
662.0,563.0,93.0,94.0
661.0,565.0,93.0,94.0
659.0,568.0,93.0,94.0
657.0,572.0,93.0,95.0
655.0,574.0,94.0,96.0
654.0,579.0,94.0,96.0
652.0,581.0,95.0,96.0
650.0,586.0,95.0,96.0
