444.0,444.0,242.0,258.0
447.0,436.0,239.0,255.0
448.0,434.0,239.0,255.0
459.0,430.0,231.0,247.0
467.0,421.0,226.0,241.0
481.0,415.0,219.0,232.0
481.0,413.0,219.0,232.0
491.0,407.0,215.0,229.0
505.0,401.0,211.0,222.0
507.0,401.0,211.0,223.0
521.0,396.0,206.0,219.0
532.0,392.0,204.0,217.0
533.0,392.0,203.0,217.0
545.0,389.0,203.0,216.0
555.0,384.0,202.0,215.0
552.0,385.0,206.0,216.0
563.0,380.0,205.0,215.0
581.0,377.0,200.0,217.0
591.0,376.0,199.0,218.0
591.0,376.0,200.0,219.0
255.0,155.0,33.0,39.0
581.0,364.0,221.0,242.0
580.0,364.0,221.0,242.0
589.0,367.0,221.0,241.0
595.0,367.0,220.0,240.0
595.0,369.0,221.0,241.0
601.0,371.0,220.0,240.0
606.0,373.0,219.0,238.0
606.0,373.0,218.0,238.0
610.0,373.0,218.0,237.0
612.0,375.0,221.0,235.0
612.0,375.0,221.0,235.0
613.0,372.0,221.0,235.0
614.0,372.0,219.0,234.0
614.0,369.0,219.0,234.0
617.0,370.0,216.0,231.0
616.0,367.0,215.0,230.0
614.0,365.0,215.0,230.0
613.0,364.0,215.0,230.0
612.0,362.0,215.0,229.0
611.0,359.0,212.0,227.0
610.0,359.0,212.0,227.0
607.0,357.0,212.0,226.0
272.0,150.0,21.0,23.0
601.0,350.0,212.0,226.0
599.0,349.0,209.0,227.0
594.0,348.0,210.0,228.0
589.0,345.0,209.0,226.0
588.0,345.0,209.0,227.0
583.0,343.0,209.0,227.0
580.0,341.0,205.0,225.0
579.0,340.0,205.0,225.0
574.0,339.0,205.0,225.0
569.0,336.0,204.0,223.0
569.0,337.0,204.0,223.0
565.0,336.0,203.0,224.0
560.0,334.0,203.0,224.0
559.0,334.0,203.0,223.0
555.0,333.0,202.0,223.0
547.0,330.0,202.0,223.0
548.0,331.0,202.0,222.0
541.0,330.0,201.0,221.0
535.0,328.0,201.0,221.0
528.0,327.0,201.0,221.0
528.0,328.0,201.0,220.0
524.0,327.0,201.0,218.0
519.0,326.0,200.0,217.0
519.0,325.0,200.0,217.0
514.0,326.0,200.0,217.0
509.0,323.0,200.0,217.0
508.0,324.0,202.0,214.0
503.0,323.0,202.0,214.0
501.0,322.0,202.0,214.0
500.0,322.0,202.0,214.0
497.0,322.0,202.0,214.0
494.0,320.0,202.0,214.0
491.0,321.0,202.0,214.0
491.0,320.0,202.0,214.0
488.0,319.0,202.0,214.0
486.0,319.0,202.0,214.0
485.0,320.0,202.0,212.0
483.0,319.0,201.0,212.0
481.0,319.0,201.0,211.0
479.0,318.0,201.0,212.0
478.0,319.0,201.0,212.0
477.0,318.0,200.0,216.0
477.0,317.0,200.0,216.0
474.0,317.0,200.0,216.0
472.0,317.0,200.0,216.0
472.0,317.0,200.0,216.0
473.0,317.0,198.0,217.0
469.0,316.0,198.0,217.0
467.0,316.0,198.0,217.0
467.0,315.0,198.0,217.0
466.0,316.0,198.0,217.0
464.0,315.0,197.0,217.0
463.0,315.0,197.0,217.0
461.0,315.0,197.0,217.0
459.0,315.0,197.0,217.0
243.0,138.0,6.0,14.0
647.0,366.0,20.0,43.0
646.0,366.0,20.0,43.0
646.0,366.0,20.0,43.0
645.0,366.0,20.0,43.0
645.0,367.0,20.0,43.0
645.0,367.0,20.0,42.0
645.0,366.0,20.0,42.0
644.0,366.0,20.0,42.0
644.0,366.0,20.0,42.0
