548.0,242.0,31.0,79.0
548.0,243.0,30.0,78.0
548.0,244.0,30.0,78.0
547.0,243.0,30.0,79.0
546.0,244.0,30.0,79.0
543.0,243.0,31.0,82.0
543.0,244.0,31.0,82.0
542.0,244.0,31.0,82.0
541.0,245.0,31.0,82.0
540.0,245.0,31.0,82.0
539.0,246.0,30.0,80.0
539.0,246.0,30.0,80.0
538.0,246.0,30.0,80.0
537.0,246.0,30.0,81.0
536.0,246.0,30.0,81.0
535.0,246.0,30.0,81.0
535.0,245.0,31.0,82.0
534.0,246.0,31.0,82.0
533.0,246.0,31.0,82.0
532.0,245.0,31.0,82.0
531.0,245.0,32.0,83.0
529.0,245.0,32.0,83.0
529.0,246.0,32.0,83.0
529.0,246.0,31.0,82.0
527.0,247.0,31.0,82.0
527.0,248.0,30.0,80.0
526.0,248.0,30.0,80.0
526.0,249.0,30.0,79.0
526.0,250.0,30.0,79.0
525.0,251.0,30.0,79.0
524.0,251.0,30.0,79.0
524.0,251.0,30.0,79.0
523.0,251.0,30.0,79.0
523.0,251.0,30.0,79.0
522.0,251.0,30.0,80.0
521.0,251.0,30.0,80.0
520.0,251.0,30.0,80.0
520.0,251.0,30.0,80.0
519.0,251.0,30.0,80.0
518.0,251.0,30.0,80.0
517.0,252.0,30.0,80.0
517.0,253.0,30.0,80.0
516.0,253.0,30.0,80.0
515.0,254.0,30.0,80.0
515.0,255.0,30.0,80.0
514.0,256.0,30.0,80.0
513.0,256.0,30.0,80.0
513.0,256.0,30.0,79.0
513.0,256.0,30.0,79.0
512.0,256.0,30.0,79.0
511.0,256.0,30.0,79.0
509.0,256.0,30.0,80.0
508.0,256.0,30.0,80.0
508.0,256.0,30.0,80.0
507.0,256.0,30.0,80.0
506.0,257.0,30.0,80.0
505.0,257.0,30.0,80.0
504.0,258.0,30.0,80.0
503.0,258.0,30.0,80.0
503.0,259.0,30.0,79.0
502.0,260.0,30.0,79.0
502.0,260.0,30.0,79.0
502.0,260.0,30.0,79.0
502.0,261.0,30.0,79.0
503.0,261.0,30.0,79.0
503.0,261.0,30.0,79.0
504.0,261.0,30.0,79.0
504.0,261.0,30.0,79.0
504.0,261.0,30.0,79.0
504.0,261.0,30.0,79.0
505.0,261.0,30.0,79.0
505.0,261.0,30.0,80.0
506.0,261.0,30.0,80.0
507.0,262.0,30.0,80.0
507.0,262.0,30.0,80.0
508.0,263.0,30.0,80.0
509.0,263.0,30.0,80.0
509.0,264.0,30.0,80.0
510.0,264.0,30.0,80.0
511.0,265.0,30.0,80.0
512.0,265.0,30.0,81.0
512.0,265.0,30.0,81.0
513.0,265.0,30.0,81.0
514.0,265.0,30.0,81.0
515.0,265.0,30.0,81.0
516.0,264.0,31.0,82.0
517.0,264.0,31.0,82.0
517.0,264.0,31.0,82.0
518.0,264.0,31.0,82.0
518.0,264.0,31.0,82.0
519.0,264.0,31.0,82.0
521.0,264.0,31.0,82.0
522.0,265.0,30.0,81.0
523.0,265.0,30.0,81.0
523.0,266.0,30.0,81.0
525.0,266.0,30.0,81.0
526.0,266.0,30.0,81.0
527.0,267.0,30.0,81.0
529.0,267.0,30.0,81.0
530.0,267.0,30.0,81.0
531.0,267.0,30.0,80.0
533.0,267.0,30.0,80.0
534.0,267.0,30.0,80.0
535.0,267.0,31.0,81.0
536.0,267.0,31.0,81.0
537.0,267.0,31.0,81.0
539.0,267.0,31.0,82.0
539.0,267.0,31.0,82.0
540.0,267.0,31.0,82.0
541.0,268.0,30.0,81.0
544.0,268.0,30.0,81.0
544.0,269.0,30.0,81.0
545.0,269.0,30.0,81.0
547.0,268.0,30.0,81.0
547.0,269.0,30.0,81.0
549.0,268.0,30.0,81.0
550.0,268.0,30.0,81.0
551.0,269.0,30.0,81.0
552.0,269.0,30.0,81.0
554.0,269.0,30.0,80.0
555.0,268.0,30.0,80.0
556.0,268.0,30.0,80.0
556.0,268.0,30.0,80.0
558.0,268.0,30.0,80.0
559.0,269.0,30.0,80.0
560.0,269.0,30.0,80.0
561.0,269.0,30.0,80.0
562.0,270.0,30.0,78.0
564.0,270.0,30.0,78.0
566.0,271.0,30.0,78.0
568.0,271.0,30.0,78.0
570.0,272.0,30.0,78.0
571.0,271.0,30.0,78.0
573.0,271.0,30.0,78.0
575.0,271.0,30.0,78.0
577.0,271.0,30.0,78.0
578.0,271.0,30.0,78.0
579.0,272.0,30.0,78.0
581.0,272.0,30.0,78.0
581.0,272.0,30.0,78.0
583.0,272.0,30.0,78.0
584.0,273.0,30.0,79.0
585.0,273.0,30.0,79.0
587.0,273.0,30.0,79.0
589.0,273.0,30.0,79.0
590.0,274.0,30.0,79.0
592.0,274.0,30.0,79.0
593.0,274.0,30.0,79.0
594.0,275.0,30.0,79.0
596.0,275.0,30.0,79.0
597.0,275.0,30.0,79.0
598.0,275.0,30.0,79.0
600.0,275.0,30.0,79.0
601.0,275.0,30.0,79.0
603.0,275.0,30.0,79.0
604.0,275.0,30.0,79.0
605.0,275.0,30.0,79.0
607.0,275.0,30.0,79.0
609.0,276.0,30.0,79.0
610.0,276.0,30.0,79.0
612.0,276.0,30.0,79.0
613.0,276.0,30.0,79.0
614.0,277.0,30.0,79.0
616.0,277.0,30.0,79.0
618.0,277.0,30.0,79.0
620.0,278.0,30.0,79.0
622.0,278.0,30.0,79.0
623.0,278.0,30.0,79.0
625.0,278.0,30.0,79.0
626.0,278.0,30.0,79.0
627.0,278.0,30.0,79.0
627.0,278.0,30.0,79.0
628.0,278.0,30.0,79.0
628.0,278.0,30.0,79.0
628.0,278.0,30.0,79.0
628.0,279.0,30.0,79.0
629.0,279.0,30.0,79.0
630.0,279.0,30.0,79.0
630.0,280.0,30.0,79.0
629.0,280.0,30.0,79.0
629.0,281.0,30.0,79.0
629.0,281.0,30.0,79.0
628.0,280.0,30.0,79.0
627.0,280.0,30.0,79.0
627.0,280.0,30.0,79.0
627.0,281.0,30.0,79.0
627.0,281.0,30.0,79.0
626.0,281.0,30.0,79.0
627.0,281.0,30.0,79.0
627.0,280.0,30.0,79.0
626.0,281.0,30.0,79.0
626.0,281.0,30.0,79.0
625.0,281.0,30.0,79.0
625.0,281.0,30.0,79.0
625.0,281.0,30.0,79.0
625.0,281.0,30.0,79.0
625.0,281.0,30.0,79.0
625.0,282.0,30.0,79.0
625.0,282.0,30.0,79.0
625.0,282.0,30.0,79.0
626.0,283.0,30.0,79.0
626.0,283.0,30.0,79.0
626.0,283.0,31.0,80.0
626.0,283.0,31.0,80.0
626.0,283.0,31.0,80.0
627.0,283.0,31.0,80.0
627.0,283.0,31.0,80.0
627.0,283.0,31.0,80.0
628.0,284.0,31.0,80.0
628.0,284.0,31.0,80.0
628.0,285.0,31.0,80.0
628.0,285.0,31.0,80.0
628.0,285.0,31.0,80.0
629.0,286.0,31.0,81.0
629.0,286.0,31.0,81.0
630.0,286.0,31.0,81.0
631.0,286.0,31.0,81.0
631.0,286.0,31.0,81.0
631.0,286.0,31.0,81.0
632.0,286.0,31.0,81.0
632.0,286.0,31.0,81.0
633.0,287.0,31.0,81.0
633.0,287.0,31.0,81.0
634.0,287.0,31.0,81.0
634.0,287.0,31.0,81.0
634.0,287.0,31.0,81.0
635.0,288.0,31.0,81.0
635.0,288.0,31.0,81.0
636.0,289.0,31.0,81.0
636.0,289.0,31.0,81.0
637.0,290.0,31.0,81.0
638.0,290.0,31.0,81.0
640.0,291.0,31.0,81.0
641.0,291.0,31.0,81.0
642.0,291.0,31.0,81.0
643.0,291.0,31.0,81.0
644.0,290.0,31.0,82.0
645.0,290.0,31.0,82.0
646.0,290.0,31.0,82.0
648.0,290.0,31.0,82.0
648.0,291.0,31.0,82.0
649.0,291.0,31.0,82.0
650.0,291.0,31.0,82.0
651.0,292.0,31.0,82.0
652.0,293.0,31.0,82.0
654.0,294.0,31.0,82.0
656.0,294.0,31.0,82.0
657.0,294.0,31.0,82.0
657.0,295.0,31.0,82.0
659.0,295.0,31.0,82.0
660.0,295.0,31.0,82.0
661.0,295.0,31.0,82.0
662.0,295.0,31.0,82.0
663.0,295.0,31.0,82.0
663.0,295.0,31.0,82.0
664.0,295.0,31.0,82.0
664.0,295.0,31.0,82.0
665.0,295.0,31.0,82.0
665.0,295.0,31.0,82.0
665.0,295.0,31.0,82.0
666.0,295.0,31.0,82.0
666.0,295.0,31.0,82.0
665.0,296.0,31.0,82.0
665.0,296.0,31.0,82.0
666.0,297.0,31.0,82.0
665.0,297.0,31.0,82.0
665.0,297.0,31.0,82.0
666.0,297.0,31.0,82.0
665.0,297.0,31.0,82.0
664.0,297.0,31.0,82.0
663.0,297.0,31.0,82.0
662.0,297.0,32.0,84.0
660.0,297.0,32.0,84.0
659.0,297.0,32.0,84.0
657.0,297.0,32.0,84.0
656.0,297.0,32.0,84.0
654.0,297.0,32.0,84.0
652.0,298.0,32.0,84.0
650.0,298.0,32.0,84.0
649.0,299.0,32.0,84.0
647.0,300.0,31.0,82.0
645.0,300.0,31.0,82.0
644.0,300.0,31.0,82.0
643.0,301.0,31.0,82.0
642.0,300.0,31.0,82.0
640.0,300.0,31.0,82.0
640.0,300.0,31.0,82.0
638.0,299.0,31.0,82.0
637.0,299.0,31.0,82.0
637.0,299.0,31.0,82.0
636.0,299.0,31.0,82.0
635.0,299.0,31.0,82.0
635.0,299.0,31.0,82.0
634.0,299.0,31.0,82.0
633.0,300.0,31.0,82.0
633.0,300.0,31.0,82.0
633.0,301.0,31.0,82.0
633.0,301.0,31.0,82.0
633.0,302.0,31.0,82.0
633.0,301.0,31.0,82.0
633.0,302.0,31.0,82.0
634.0,302.0,31.0,82.0
634.0,302.0,31.0,82.0
634.0,302.0,31.0,82.0
635.0,302.0,31.0,82.0
635.0,302.0,31.0,82.0
634.0,302.0,31.0,82.0
634.0,303.0,31.0,82.0
634.0,303.0,31.0,82.0
635.0,303.0,31.0,82.0
634.0,304.0,31.0,82.0
633.0,304.0,32.0,84.0
633.0,304.0,32.0,84.0
633.0,304.0,32.0,84.0
632.0,305.0,32.0,84.0
632.0,305.0,32.0,84.0
631.0,306.0,31.0,82.0
631.0,307.0,31.0,82.0
631.0,307.0,31.0,82.0
630.0,307.0,31.0,82.0
630.0,306.0,31.0,82.0
629.0,306.0,31.0,82.0
629.0,307.0,31.0,82.0
628.0,306.0,31.0,82.0
627.0,306.0,31.0,82.0
627.0,307.0,31.0,82.0
625.0,307.0,31.0,82.0
625.0,307.0,31.0,82.0
624.0,307.0,31.0,82.0
624.0,308.0,31.0,82.0
624.0,309.0,30.0,81.0
623.0,309.0,30.0,81.0
623.0,310.0,30.0,81.0
623.0,310.0,30.0,81.0
622.0,311.0,30.0,81.0
622.0,311.0,30.0,81.0
622.0,311.0,30.0,81.0
621.0,312.0,30.0,81.0
621.0,312.0,30.0,81.0
620.0,311.0,31.0,82.0
620.0,312.0,31.0,82.0
619.0,312.0,31.0,82.0
618.0,312.0,31.0,82.0
617.0,312.0,31.0,82.0
617.0,313.0,31.0,82.0
615.0,313.0,31.0,82.0
614.0,314.0,31.0,82.0
613.0,314.0,32.0,82.0
611.0,315.0,33.0,83.0
610.0,315.0,33.0,83.0
609.0,316.0,34.0,84.0
608.0,316.0,34.0,84.0
607.0,316.0,34.0,84.0
605.0,316.0,34.0,84.0
605.0,316.0,34.0,84.0
604.0,316.0,34.0,84.0
602.0,316.0,34.0,84.0
602.0,315.0,34.0,84.0
600.0,315.0,34.0,84.0
598.0,316.0,34.0,84.0
597.0,316.0,34.0,84.0
596.0,316.0,34.0,84.0
594.0,317.0,34.0,84.0
592.0,317.0,34.0,84.0
590.0,317.0,34.0,84.0
588.0,318.0,34.0,84.0
587.0,319.0,34.0,84.0
585.0,320.0,34.0,84.0
583.0,321.0,34.0,84.0
581.0,322.0,33.0,83.0
579.0,322.0,33.0,83.0
577.0,322.0,33.0,83.0
576.0,323.0,33.0,83.0
575.0,323.0,33.0,83.0
572.0,323.0,33.0,83.0
571.0,324.0,33.0,83.0
570.0,324.0,34.0,84.0
569.0,324.0,34.0,84.0
567.0,325.0,34.0,83.0
567.0,325.0,34.0,83.0
566.0,326.0,34.0,83.0
566.0,326.0,34.0,83.0
565.0,327.0,34.0,84.0
564.0,328.0,34.0,84.0
563.0,329.0,34.0,85.0
563.0,329.0,34.0,85.0
562.0,330.0,34.0,85.0
562.0,330.0,34.0,85.0
562.0,330.0,34.0,85.0
563.0,330.0,34.0,85.0
563.0,330.0,34.0,85.0
564.0,330.0,34.0,85.0
565.0,330.0,33.0,85.0
566.0,330.0,33.0,85.0
567.0,330.0,33.0,85.0
568.0,330.0,33.0,85.0
569.0,330.0,33.0,85.0
570.0,331.0,33.0,85.0
571.0,331.0,33.0,85.0
573.0,332.0,32.0,83.0
575.0,333.0,32.0,83.0
576.0,334.0,32.0,83.0
578.0,334.0,32.0,83.0
580.0,335.0,32.0,83.0
581.0,335.0,32.0,83.0
583.0,336.0,32.0,83.0
585.0,336.0,32.0,83.0
586.0,336.0,32.0,83.0
588.0,336.0,32.0,83.0
589.0,336.0,33.0,85.0
591.0,336.0,33.0,85.0
593.0,336.0,33.0,85.0
594.0,337.0,33.0,85.0
596.0,336.0,33.0,85.0
597.0,337.0,33.0,85.0
599.0,338.0,33.0,85.0
600.0,339.0,33.0,85.0
601.0,340.0,33.0,85.0
602.0,340.0,33.0,85.0
602.0,340.0,33.0,85.0
604.0,340.0,32.0,83.0
605.0,341.0,32.0,83.0
605.0,341.0,32.0,83.0
607.0,341.0,32.0,83.0
607.0,341.0,32.0,83.0
608.0,341.0,33.0,85.0
608.0,340.0,33.0,85.0
609.0,340.0,33.0,84.0
610.0,340.0,33.0,84.0
611.0,340.0,33.0,83.0
612.0,340.0,33.0,83.0
612.0,340.0,33.0,83.0
612.0,341.0,33.0,83.0
613.0,340.0,33.0,83.0
613.0,341.0,32.0,82.0
614.0,342.0,32.0,81.0
615.0,343.0,32.0,81.0
616.0,343.0,32.0,81.0
616.0,344.0,32.0,81.0
617.0,344.0,32.0,81.0
618.0,343.0,32.0,81.0
619.0,343.0,32.0,81.0
620.0,343.0,32.0,82.0
620.0,342.0,32.0,82.0
622.0,342.0,32.0,81.0
622.0,342.0,32.0,81.0
622.0,342.0,32.0,82.0
623.0,342.0,32.0,82.0
622.0,342.0,32.0,82.0
622.0,342.0,32.0,82.0
622.0,343.0,32.0,82.0
621.0,343.0,32.0,82.0
621.0,344.0,32.0,82.0
620.0,343.0,32.0,82.0
619.0,343.0,32.0,82.0
619.0,343.0,32.0,82.0
617.0,343.0,32.0,82.0
617.0,343.0,32.0,82.0
615.0,343.0,32.0,82.0
614.0,343.0,32.0,82.0
613.0,342.0,32.0,82.0
612.0,341.0,32.0,82.0
611.0,341.0,32.0,82.0
609.0,341.0,32.0,82.0
608.0,340.0,32.0,82.0
606.0,340.0,32.0,82.0
604.0,340.0,32.0,82.0
603.0,340.0,32.0,81.0
601.0,341.0,32.0,81.0
600.0,341.0,32.0,81.0
598.0,341.0,32.0,81.0
597.0,342.0,32.0,81.0
596.0,342.0,32.0,81.0
594.0,342.0,32.0,81.0
593.0,341.0,32.0,81.0
591.0,341.0,32.0,81.0
590.0,341.0,32.0,80.0
589.0,341.0,32.0,80.0
588.0,340.0,32.0,80.0
587.0,340.0,32.0,80.0
586.0,339.0,32.0,80.0
584.0,339.0,32.0,80.0
583.0,339.0,32.0,81.0
582.0,339.0,32.0,81.0
581.0,339.0,32.0,81.0
580.0,340.0,32.0,81.0
580.0,340.0,32.0,81.0
580.0,340.0,32.0,81.0
580.0,340.0,32.0,81.0
580.0,341.0,32.0,81.0
580.0,341.0,32.0,81.0
580.0,340.0,32.0,81.0
580.0,340.0,32.0,81.0
581.0,340.0,32.0,81.0
581.0,340.0,32.0,81.0
582.0,339.0,32.0,81.0
583.0,338.0,32.0,81.0
585.0,337.0,32.0,81.0
586.0,336.0,32.0,81.0
587.0,336.0,32.0,81.0
589.0,336.0,32.0,81.0
590.0,336.0,32.0,81.0
591.0,336.0,32.0,81.0
592.0,336.0,32.0,81.0
593.0,336.0,32.0,81.0
594.0,337.0,32.0,80.0
595.0,337.0,32.0,80.0
597.0,337.0,32.0,80.0
598.0,337.0,32.0,80.0
599.0,337.0,32.0,80.0
602.0,337.0,32.0,80.0
603.0,336.0,32.0,80.0
605.0,336.0,31.0,79.0
607.0,335.0,31.0,78.0
609.0,335.0,31.0,78.0
610.0,335.0,31.0,79.0
612.0,334.0,31.0,79.0
613.0,334.0,31.0,80.0
614.0,334.0,31.0,80.0
615.0,335.0,31.0,80.0
616.0,335.0,31.0,80.0
618.0,335.0,31.0,80.0
619.0,335.0,31.0,80.0
620.0,335.0,31.0,80.0
621.0,336.0,31.0,80.0
622.0,336.0,31.0,80.0
624.0,335.0,31.0,80.0
625.0,335.0,31.0,80.0
626.0,335.0,31.0,80.0
627.0,335.0,31.0,80.0
627.0,334.0,31.0,80.0
628.0,334.0,31.0,80.0
628.0,334.0,31.0,80.0
628.0,334.0,31.0,80.0
629.0,334.0,31.0,80.0
630.0,334.0,31.0,80.0
630.0,335.0,31.0,80.0
630.0,335.0,31.0,80.0
631.0,335.0,31.0,80.0
630.0,336.0,31.0,80.0
630.0,336.0,31.0,80.0
630.0,336.0,31.0,80.0
631.0,337.0,31.0,80.0
632.0,337.0,31.0,80.0
632.0,337.0,31.0,80.0
633.0,337.0,31.0,80.0
634.0,337.0,31.0,80.0
634.0,337.0,31.0,80.0
634.0,337.0,31.0,80.0
635.0,337.0,31.0,80.0
635.0,338.0,31.0,80.0
635.0,338.0,31.0,80.0
635.0,339.0,31.0,80.0
635.0,340.0,31.0,80.0
635.0,340.0,31.0,81.0
635.0,340.0,31.0,81.0
636.0,341.0,31.0,80.0
636.0,342.0,31.0,80.0
637.0,342.0,31.0,80.0
637.0,343.0,31.0,80.0
639.0,343.0,31.0,80.0
640.0,343.0,31.0,80.0
641.0,343.0,31.0,80.0
641.0,344.0,31.0,80.0
642.0,344.0,31.0,80.0
642.0,344.0,31.0,74.0
642.0,344.0,31.0,68.0
642.0,344.0,31.0,62.0
642.0,345.0,31.0,62.0
642.0,345.0,31.0,62.0
642.0,346.0,31.0,62.0
nan,nan,nan,nan
nan,nan,nan,nan
nan,nan,nan,nan
nan,nan,nan,nan
nan,nan,nan,nan
nan,nan,nan,nan
nan,nan,nan,nan
nan,nan,nan,nan
nan,nan,nan,nan
nan,nan,nan,nan
nan,nan,nan,nan
nan,nan,nan,nan
nan,nan,nan,nan
nan,nan,nan,nan
nan,nan,nan,nan
nan,nan,nan,nan
nan,nan,nan,nan
nan,nan,nan,nan
nan,nan,nan,nan
nan,nan,nan,nan
nan,nan,nan,nan
nan,nan,nan,nan
nan,nan,nan,nan
nan,nan,nan,nan
nan,nan,nan,nan
nan,nan,nan,nan
nan,nan,nan,nan
nan,nan,nan,nan
nan,nan,nan,nan
nan,nan,nan,nan
nan,nan,nan,nan
nan,nan,nan,nan
621.0,364.0,27.0,61.0
620.0,365.0,28.0,61.0
619.0,365.0,28.0,62.0
618.0,366.0,29.0,62.0
618.0,367.0,29.0,62.0
618.0,368.0,29.0,62.0
618.0,369.0,29.0,62.0
618.0,370.0,29.0,64.0
617.0,370.0,29.0,66.0
617.0,370.0,30.0,70.0
616.0,370.0,30.0,71.0
616.0,370.0,30.0,73.0
616.0,370.0,30.0,74.0
616.0,370.0,30.0,74.0
616.0,370.0,30.0,74.0
616.0,370.0,30.0,74.0
616.0,371.0,30.0,74.0
616.0,371.0,30.0,75.0
616.0,371.0,30.0,76.0
616.0,371.0,31.0,77.0
616.0,371.0,32.0,77.0
617.0,372.0,32.0,77.0
617.0,372.0,32.0,78.0
617.0,372.0,32.0,78.0
617.0,372.0,32.0,79.0
618.0,372.0,32.0,80.0
620.0,372.0,32.0,80.0
620.0,372.0,32.0,80.0
621.0,372.0,32.0,80.0
622.0,373.0,32.0,80.0
622.0,372.0,32.0,81.0
622.0,372.0,32.0,81.0
622.0,372.0,32.0,81.0
623.0,373.0,32.0,80.0
623.0,373.0,32.0,80.0
623.0,374.0,31.0,78.0
624.0,374.0,31.0,78.0
623.0,374.0,32.0,78.0
624.0,374.0,32.0,78.0
623.0,375.0,32.0,78.0
623.0,375.0,32.0,78.0
624.0,375.0,32.0,78.0
624.0,374.0,33.0,80.0
625.0,374.0,33.0,80.0
624.0,375.0,33.0,80.0
625.0,375.0,33.0,80.0
624.0,374.0,33.0,80.0
624.0,374.0,33.0,80.0
624.0,374.0,33.0,80.0
623.0,374.0,33.0,81.0
623.0,374.0,33.0,81.0
622.0,374.0,33.0,81.0
621.0,374.0,33.0,81.0
619.0,375.0,33.0,81.0
619.0,375.0,33.0,81.0
618.0,375.0,33.0,81.0
617.0,375.0,33.0,81.0
616.0,375.0,33.0,81.0
614.0,375.0,33.0,81.0
613.0,375.0,33.0,81.0
612.0,375.0,33.0,81.0
611.0,375.0,33.0,82.0
610.0,375.0,33.0,82.0
610.0,374.0,32.0,81.0
609.0,374.0,32.0,81.0
609.0,374.0,32.0,81.0
607.0,374.0,32.0,81.0
606.0,374.0,32.0,81.0
604.0,374.0,31.0,81.0
603.0,374.0,31.0,81.0
602.0,374.0,31.0,81.0
601.0,375.0,31.0,81.0
600.0,375.0,31.0,81.0
599.0,376.0,31.0,80.0
599.0,376.0,31.0,80.0
598.0,376.0,31.0,80.0
598.0,376.0,31.0,80.0
598.0,376.0,31.0,80.0
598.0,376.0,31.0,80.0
597.0,375.0,31.0,80.0
597.0,375.0,31.0,80.0
595.0,374.0,31.0,81.0
595.0,374.0,31.0,81.0
595.0,374.0,31.0,81.0
595.0,374.0,31.0,81.0
594.0,374.0,31.0,81.0
593.0,374.0,31.0,81.0
592.0,375.0,31.0,81.0
592.0,375.0,32.0,81.0
592.0,375.0,32.0,82.0
591.0,375.0,32.0,83.0
591.0,375.0,32.0,83.0
591.0,375.0,32.0,83.0
591.0,375.0,32.0,83.0
591.0,374.0,32.0,83.0
592.0,373.0,32.0,83.0
592.0,373.0,32.0,83.0
592.0,372.0,32.0,83.0
594.0,372.0,32.0,83.0
594.0,371.0,32.0,83.0
594.0,371.0,32.0,83.0
595.0,371.0,32.0,82.0
595.0,371.0,32.0,82.0
596.0,371.0,32.0,82.0
597.0,372.0,32.0,82.0
598.0,372.0,32.0,82.0
599.0,372.0,32.0,82.0
600.0,372.0,32.0,82.0
601.0,372.0,31.0,81.0
602.0,372.0,31.0,81.0
602.0,372.0,31.0,81.0
603.0,371.0,31.0,81.0
605.0,371.0,31.0,81.0
606.0,370.0,31.0,81.0
605.0,370.0,32.0,82.0
606.0,369.0,32.0,82.0
607.0,369.0,32.0,82.0
608.0,368.0,32.0,82.0
608.0,368.0,32.0,82.0
608.0,368.0,32.0,82.0
608.0,369.0,32.0,82.0
607.0,369.0,32.0,82.0
607.0,369.0,32.0,82.0
606.0,369.0,32.0,82.0
605.0,369.0,32.0,82.0
604.0,369.0,32.0,82.0
604.0,369.0,32.0,82.0
602.0,368.0,32.0,82.0
601.0,366.0,32.0,82.0
600.0,366.0,32.0,82.0
600.0,366.0,32.0,82.0
599.0,365.0,32.0,83.0
598.0,364.0,32.0,83.0
597.0,364.0,32.0,83.0
595.0,364.0,32.0,83.0
594.0,364.0,32.0,82.0
593.0,364.0,31.0,81.0
591.0,364.0,31.0,81.0
591.0,364.0,31.0,81.0
590.0,364.0,32.0,82.0
588.0,364.0,32.0,82.0
587.0,364.0,31.0,81.0
587.0,364.0,31.0,81.0
587.0,364.0,31.0,81.0
587.0,364.0,31.0,81.0
586.0,364.0,31.0,81.0
586.0,363.0,31.0,81.0
585.0,363.0,31.0,81.0
585.0,362.0,31.0,81.0
585.0,362.0,31.0,81.0
585.0,361.0,31.0,81.0
585.0,361.0,31.0,81.0
584.0,361.0,31.0,81.0
583.0,361.0,31.0,81.0
583.0,362.0,31.0,81.0
583.0,361.0,31.0,81.0
583.0,362.0,31.0,81.0
583.0,362.0,31.0,81.0
582.0,362.0,31.0,81.0
582.0,363.0,31.0,81.0
582.0,362.0,31.0,81.0
582.0,362.0,31.0,81.0
582.0,361.0,31.0,81.0
583.0,360.0,31.0,81.0
583.0,359.0,31.0,81.0
583.0,359.0,31.0,81.0
584.0,359.0,31.0,81.0
584.0,358.0,31.0,81.0
584.0,358.0,31.0,81.0
584.0,358.0,31.0,81.0
584.0,358.0,31.0,81.0
584.0,358.0,31.0,81.0
584.0,358.0,31.0,81.0
584.0,358.0,30.0,80.0
584.0,359.0,30.0,80.0
585.0,359.0,30.0,80.0
585.0,358.0,30.0,80.0
586.0,358.0,30.0,80.0
586.0,358.0,30.0,80.0
587.0,357.0,30.0,80.0
588.0,357.0,30.0,80.0
589.0,357.0,30.0,80.0
591.0,356.0,30.0,80.0
591.0,355.0,31.0,81.0
592.0,355.0,31.0,81.0
592.0,354.0,31.0,81.0
593.0,354.0,31.0,81.0
594.0,354.0,31.0,81.0
595.0,354.0,31.0,81.0
596.0,355.0,31.0,81.0
598.0,355.0,31.0,81.0
599.0,354.0,31.0,81.0
600.0,354.0,31.0,81.0
601.0,354.0,31.0,81.0
602.0,353.0,31.0,81.0
603.0,353.0,31.0,81.0
605.0,352.0,31.0,81.0
606.0,352.0,31.0,81.0
608.0,351.0,32.0,82.0
608.0,350.0,32.0,82.0
610.0,350.0,32.0,82.0
612.0,349.0,32.0,82.0
613.0,349.0,31.0,81.0
614.0,348.0,31.0,81.0
616.0,348.0,31.0,81.0
616.0,348.0,31.0,81.0
617.0,348.0,31.0,81.0
618.0,348.0,31.0,81.0
619.0,348.0,31.0,81.0
620.0,348.0,31.0,81.0
621.0,348.0,31.0,81.0
621.0,348.0,30.0,80.0
622.0,347.0,30.0,80.0
623.0,347.0,30.0,80.0
623.0,346.0,30.0,80.0
624.0,346.0,30.0,80.0
625.0,345.0,30.0,80.0
625.0,344.0,30.0,80.0
625.0,344.0,30.0,80.0
624.0,343.0,30.0,80.0
624.0,343.0,30.0,80.0
623.0,343.0,31.0,81.0
623.0,342.0,31.0,81.0
623.0,343.0,31.0,81.0
623.0,342.0,31.0,81.0
622.0,342.0,31.0,81.0
622.0,342.0,31.0,81.0
621.0,342.0,31.0,81.0
620.0,342.0,31.0,81.0
620.0,342.0,31.0,81.0
619.0,341.0,31.0,81.0
619.0,341.0,31.0,81.0
619.0,340.0,31.0,81.0
618.0,340.0,31.0,81.0
618.0,339.0,31.0,81.0
618.0,339.0,31.0,81.0
618.0,338.0,30.0,80.0
618.0,338.0,30.0,79.0
617.0,338.0,30.0,79.0
616.0,338.0,30.0,79.0
616.0,338.0,30.0,79.0
616.0,338.0,29.0,79.0
616.0,338.0,29.0,79.0
617.0,338.0,29.0,79.0
617.0,338.0,29.0,79.0
618.0,338.0,29.0,79.0
619.0,338.0,29.0,79.0
619.0,337.0,29.0,79.0
619.0,336.0,29.0,78.0
620.0,335.0,29.0,78.0
620.0,335.0,29.0,78.0
620.0,335.0,29.0,78.0
621.0,335.0,29.0,78.0
621.0,334.0,29.0,78.0
621.0,334.0,29.0,78.0
621.0,333.0,29.0,78.0
621.0,333.0,29.0,78.0
621.0,333.0,29.0,78.0
622.0,333.0,29.0,78.0
623.0,333.0,29.0,78.0
623.0,333.0,29.0,78.0
624.0,333.0,29.0,78.0
625.0,332.0,29.0,78.0
625.0,331.0,29.0,78.0
626.0,330.0,29.0,78.0
627.0,330.0,29.0,78.0
628.0,329.0,29.0,78.0
629.0,329.0,29.0,78.0
630.0,328.0,29.0,78.0
631.0,328.0,29.0,78.0
632.0,328.0,29.0,78.0
633.0,328.0,29.0,78.0
633.0,328.0,29.0,78.0
634.0,328.0,29.0,78.0
635.0,328.0,29.0,78.0
636.0,327.0,29.0,78.0
637.0,327.0,29.0,78.0
638.0,327.0,29.0,78.0
640.0,327.0,29.0,78.0
641.0,327.0,29.0,78.0
641.0,326.0,29.0,78.0
643.0,326.0,29.0,78.0
643.0,325.0,29.0,78.0
643.0,325.0,29.0,78.0
644.0,325.0,29.0,77.0
645.0,324.0,29.0,77.0
645.0,324.0,29.0,77.0
645.0,324.0,29.0,77.0
645.0,324.0,29.0,77.0
644.0,324.0,29.0,77.0
644.0,323.0,29.0,77.0
643.0,323.0,29.0,77.0
642.0,323.0,29.0,77.0
641.0,323.0,29.0,77.0
640.0,322.0,29.0,77.0
639.0,322.0,29.0,77.0
638.0,321.0,29.0,78.0
636.0,321.0,29.0,78.0
635.0,320.0,29.0,78.0
635.0,320.0,29.0,78.0
633.0,320.0,29.0,78.0
632.0,319.0,29.0,78.0
631.0,319.0,29.0,78.0
630.0,319.0,29.0,78.0
629.0,319.0,29.0,78.0
628.0,319.0,29.0,78.0
628.0,318.0,29.0,78.0
627.0,319.0,29.0,78.0
626.0,319.0,29.0,78.0
625.0,319.0,29.0,78.0
625.0,319.0,29.0,78.0
625.0,319.0,29.0,78.0
625.0,319.0,29.0,78.0
625.0,319.0,29.0,78.0
624.0,318.0,29.0,78.0
625.0,318.0,29.0,78.0
625.0,318.0,29.0,78.0
624.0,318.0,29.0,78.0
624.0,318.0,29.0,78.0
623.0,317.0,29.0,78.0
623.0,317.0,29.0,78.0
622.0,317.0,29.0,78.0
622.0,317.0,29.0,78.0
622.0,317.0,29.0,78.0
621.0,317.0,29.0,78.0
621.0,317.0,29.0,78.0
621.0,318.0,29.0,78.0
620.0,318.0,29.0,78.0
620.0,318.0,29.0,78.0
620.0,318.0,29.0,78.0
620.0,318.0,29.0,78.0
620.0,318.0,29.0,78.0
620.0,318.0,29.0,78.0
620.0,317.0,29.0,78.0
620.0,317.0,29.0,78.0
620.0,317.0,29.0,78.0
620.0,317.0,29.0,78.0
620.0,317.0,29.0,78.0
620.0,317.0,29.0,78.0
620.0,317.0,29.0,78.0
620.0,318.0,29.0,78.0
619.0,318.0,29.0,78.0
619.0,319.0,29.0,78.0
618.0,319.0,29.0,78.0
618.0,319.0,29.0,78.0
617.0,319.0,29.0,78.0
617.0,319.0,29.0,78.0
616.0,319.0,29.0,78.0
615.0,319.0,29.0,78.0
614.0,319.0,29.0,78.0
613.0,319.0,29.0,78.0
612.0,319.0,29.0,78.0
610.0,319.0,29.0,78.0
609.0,319.0,29.0,78.0
608.0,319.0,29.0,78.0
607.0,319.0,29.0,78.0
605.0,320.0,29.0,78.0
604.0,320.0,29.0,78.0
603.0,320.0,29.0,78.0
601.0,320.0,29.0,78.0
600.0,321.0,29.0,78.0
599.0,321.0,29.0,78.0
597.0,320.0,29.0,78.0
596.0,320.0,29.0,78.0
594.0,320.0,29.0,78.0
593.0,319.0,29.0,78.0
592.0,320.0,29.0,78.0
590.0,319.0,29.0,78.0
589.0,319.0,29.0,78.0
588.0,320.0,29.0,78.0
587.0,320.0,29.0,77.0
586.0,320.0,29.0,77.0
585.0,320.0,29.0,78.0
584.0,320.0,29.0,78.0
583.0,320.0,29.0,78.0
582.0,320.0,29.0,78.0
581.0,320.0,29.0,78.0
580.0,320.0,29.0,78.0
579.0,320.0,29.0,78.0
579.0,321.0,29.0,77.0
579.0,321.0,29.0,77.0
578.0,321.0,29.0,78.0
578.0,321.0,29.0,78.0
577.0,321.0,29.0,78.0
577.0,320.0,29.0,78.0
576.0,320.0,29.0,78.0
575.0,320.0,29.0,78.0
575.0,320.0,29.0,78.0
574.0,320.0,29.0,78.0
574.0,320.0,29.0,78.0
573.0,320.0,29.0,78.0
573.0,321.0,29.0,78.0
573.0,321.0,29.0,78.0
572.0,321.0,29.0,78.0
571.0,321.0,29.0,78.0
571.0,321.0,29.0,78.0
571.0,321.0,29.0,78.0
570.0,321.0,29.0,78.0
570.0,320.0,29.0,78.0
569.0,320.0,30.0,80.0
568.0,319.0,30.0,80.0
568.0,319.0,30.0,80.0
567.0,319.0,29.0,78.0
566.0,319.0,29.0,78.0
565.0,320.0,29.0,78.0
564.0,319.0,29.0,78.0
562.0,319.0,29.0,78.0
561.0,320.0,29.0,78.0
560.0,320.0,29.0,78.0
559.0,320.0,29.0,78.0
558.0,320.0,29.0,78.0
557.0,320.0,29.0,78.0
555.0,320.0,29.0,78.0
553.0,319.0,29.0,78.0
552.0,319.0,29.0,78.0
551.0,318.0,29.0,78.0
550.0,318.0,29.0,78.0
548.0,318.0,29.0,78.0
546.0,318.0,29.0,78.0
545.0,317.0,29.0,78.0
543.0,317.0,29.0,78.0
542.0,317.0,29.0,78.0
540.0,317.0,29.0,78.0
539.0,317.0,29.0,78.0
537.0,317.0,29.0,78.0
537.0,317.0,29.0,78.0
535.0,317.0,29.0,78.0
534.0,317.0,29.0,78.0
533.0,316.0,29.0,78.0
532.0,316.0,29.0,78.0
532.0,315.0,29.0,78.0
531.0,315.0,29.0,78.0
530.0,314.0,29.0,78.0
529.0,314.0,29.0,78.0
528.0,313.0,29.0,78.0
528.0,313.0,29.0,78.0
527.0,313.0,29.0,78.0
527.0,313.0,29.0,78.0
526.0,313.0,29.0,78.0
525.0,313.0,29.0,78.0
525.0,313.0,29.0,78.0
524.0,313.0,29.0,78.0
524.0,314.0,29.0,78.0
524.0,313.0,29.0,78.0
524.0,314.0,29.0,77.0
524.0,314.0,29.0,77.0
524.0,313.0,29.0,77.0
524.0,313.0,29.0,77.0
524.0,313.0,29.0,78.0
524.0,312.0,29.0,78.0
523.0,312.0,29.0,78.0
523.0,311.0,29.0,78.0
522.0,311.0,29.0,78.0
522.0,311.0,29.0,78.0
522.0,310.0,29.0,78.0
521.0,310.0,29.0,78.0
521.0,310.0,29.0,78.0
520.0,310.0,29.0,78.0
521.0,311.0,29.0,77.0
520.0,311.0,29.0,77.0
520.0,311.0,29.0,77.0
520.0,311.0,29.0,77.0
519.0,310.0,29.0,77.0
519.0,310.0,29.0,77.0
519.0,309.0,29.0,78.0
519.0,309.0,29.0,78.0
519.0,309.0,29.0,78.0
519.0,308.0,29.0,78.0
519.0,308.0,29.0,78.0
519.0,307.0,29.0,78.0
519.0,307.0,29.0,78.0
520.0,307.0,29.0,77.0
520.0,307.0,29.0,77.0
521.0,307.0,29.0,77.0
522.0,307.0,29.0,77.0
523.0,307.0,29.0,77.0
524.0,306.0,29.0,77.0
526.0,307.0,28.0,76.0
527.0,306.0,28.0,76.0
529.0,306.0,28.0,76.0
530.0,305.0,29.0,77.0
532.0,304.0,29.0,77.0
534.0,304.0,29.0,77.0
535.0,303.0,29.0,77.0
538.0,303.0,29.0,77.0
539.0,302.0,29.0,77.0
540.0,302.0,29.0,77.0
542.0,302.0,29.0,77.0
543.0,301.0,29.0,77.0
545.0,301.0,29.0,77.0
546.0,301.0,29.0,77.0
548.0,301.0,29.0,77.0
549.0,302.0,29.0,77.0
550.0,301.0,29.0,77.0
552.0,300.0,29.0,77.0
553.0,299.0,29.0,77.0
555.0,299.0,29.0,77.0
557.0,299.0,29.0,77.0
558.0,298.0,29.0,77.0
560.0,297.0,29.0,77.0
561.0,297.0,29.0,77.0
563.0,297.0,29.0,77.0
564.0,296.0,29.0,77.0
565.0,295.0,29.0,77.0
566.0,296.0,28.0,76.0
566.0,296.0,28.0,76.0
567.0,296.0,28.0,76.0
568.0,296.0,28.0,76.0
568.0,296.0,28.0,76.0
569.0,296.0,28.0,76.0
569.0,296.0,28.0,76.0
569.0,295.0,28.0,76.0
570.0,295.0,28.0,76.0
570.0,294.0,28.0,76.0
570.0,293.0,28.0,76.0
571.0,293.0,28.0,76.0
571.0,293.0,28.0,76.0
571.0,292.0,28.0,76.0
571.0,292.0,28.0,76.0
571.0,292.0,28.0,76.0
571.0,292.0,28.0,76.0
572.0,292.0,28.0,76.0
572.0,292.0,28.0,76.0
572.0,292.0,28.0,76.0
572.0,292.0,28.0,76.0
572.0,292.0,28.0,76.0
573.0,292.0,28.0,75.0
574.0,292.0,28.0,75.0
575.0,291.0,28.0,75.0
575.0,291.0,28.0,74.0
576.0,290.0,28.0,73.0
577.0,290.0,28.0,72.0
577.0,289.0,28.0,72.0
577.0,289.0,28.0,72.0
578.0,288.0,28.0,72.0
578.0,288.0,28.0,72.0
579.0,288.0,28.0,72.0
579.0,288.0,28.0,72.0
580.0,288.0,28.0,72.0
580.0,288.0,28.0,72.0
580.0,288.0,28.0,72.0
581.0,288.0,28.0,72.0
582.0,289.0,28.0,72.0
582.0,289.0,28.0,72.0
582.0,289.0,28.0,72.0
582.0,288.0,28.0,72.0
582.0,288.0,28.0,72.0
583.0,288.0,28.0,72.0
584.0,287.0,28.0,72.0
585.0,287.0,28.0,72.0
585.0,287.0,28.0,72.0
585.0,287.0,28.0,72.0
585.0,286.0,28.0,72.0
585.0,287.0,28.0,72.0
585.0,287.0,28.0,72.0
585.0,287.0,28.0,72.0
586.0,288.0,28.0,72.0
586.0,288.0,28.0,72.0
587.0,287.0,28.0,72.0
587.0,288.0,28.0,72.0
587.0,288.0,28.0,72.0
587.0,288.0,28.0,72.0
588.0,288.0,28.0,72.0
588.0,287.0,28.0,72.0
589.0,287.0,28.0,72.0
589.0,287.0,28.0,72.0
590.0,287.0,28.0,72.0
590.0,286.0,28.0,72.0
591.0,287.0,27.0,72.0
592.0,287.0,27.0,72.0
593.0,287.0,27.0,71.0
593.0,288.0,27.0,71.0
594.0,288.0,27.0,71.0
594.0,288.0,27.0,71.0
595.0,288.0,27.0,71.0
596.0,288.0,27.0,71.0
597.0,288.0,27.0,71.0
598.0,289.0,26.0,71.0
599.0,289.0,26.0,70.0
600.0,289.0,26.0,70.0
601.0,288.0,26.0,70.0
601.0,288.0,26.0,70.0
602.0,288.0,26.0,70.0
602.0,288.0,27.0,73.0
602.0,288.0,27.0,74.0
603.0,288.0,27.0,74.0
603.0,288.0,27.0,74.0
604.0,288.0,27.0,74.0
604.0,288.0,27.0,74.0
604.0,288.0,27.0,74.0
604.0,288.0,27.0,74.0
605.0,288.0,27.0,74.0
605.0,288.0,27.0,74.0
605.0,288.0,27.0,74.0
606.0,288.0,27.0,74.0
606.0,288.0,27.0,74.0
606.0,287.0,27.0,74.0
606.0,287.0,27.0,74.0
606.0,287.0,27.0,74.0
607.0,286.0,27.0,74.0
607.0,286.0,27.0,74.0
607.0,286.0,27.0,74.0
607.0,286.0,27.0,74.0
608.0,287.0,27.0,73.0
608.0,287.0,27.0,73.0
608.0,287.0,27.0,74.0
608.0,287.0,27.0,74.0
609.0,287.0,27.0,74.0
609.0,287.0,27.0,74.0
609.0,287.0,27.0,74.0
609.0,287.0,27.0,74.0
609.0,287.0,27.0,74.0
609.0,286.0,27.0,74.0
610.0,286.0,27.0,74.0
610.0,285.0,27.0,74.0
611.0,284.0,27.0,74.0
611.0,284.0,27.0,74.0
611.0,284.0,27.0,74.0
611.0,284.0,27.0,73.0
611.0,284.0,27.0,73.0
611.0,284.0,27.0,73.0
611.0,285.0,27.0,73.0
611.0,284.0,27.0,73.0
611.0,284.0,27.0,73.0
611.0,284.0,27.0,73.0
610.0,284.0,27.0,73.0
610.0,283.0,27.0,73.0
609.0,282.0,27.0,73.0
609.0,282.0,27.0,73.0
608.0,282.0,27.0,74.0
607.0,282.0,27.0,74.0
607.0,282.0,27.0,74.0
606.0,281.0,27.0,74.0
606.0,281.0,27.0,73.0
605.0,281.0,27.0,73.0
605.0,281.0,27.0,73.0
604.0,281.0,27.0,73.0
603.0,282.0,27.0,73.0
603.0,282.0,27.0,73.0
602.0,282.0,27.0,73.0
602.0,282.0,27.0,73.0
602.0,282.0,27.0,73.0
601.0,282.0,27.0,73.0
601.0,282.0,27.0,73.0
600.0,282.0,27.0,73.0
600.0,281.0,27.0,73.0
599.0,281.0,27.0,73.0
597.0,281.0,27.0,73.0
597.0,280.0,27.0,73.0
595.0,280.0,27.0,73.0
594.0,280.0,27.0,73.0
592.0,280.0,27.0,73.0
591.0,280.0,27.0,73.0
589.0,280.0,27.0,73.0
588.0,281.0,26.0,72.0
587.0,281.0,26.0,72.0
585.0,281.0,26.0,72.0
584.0,281.0,26.0,72.0
582.0,281.0,27.0,73.0
580.0,280.0,27.0,73.0
579.0,280.0,27.0,73.0
578.0,279.0,27.0,73.0
576.0,279.0,27.0,73.0
574.0,278.0,27.0,73.0
573.0,278.0,27.0,73.0
571.0,278.0,27.0,73.0
570.0,278.0,27.0,73.0
568.0,278.0,26.0,72.0
567.0,279.0,26.0,72.0
565.0,279.0,26.0,72.0
564.0,279.0,27.0,73.0
563.0,279.0,27.0,73.0
561.0,280.0,27.0,73.0
560.0,280.0,27.0,73.0
559.0,279.0,27.0,73.0
558.0,279.0,27.0,73.0
558.0,280.0,26.0,72.0
556.0,279.0,26.0,72.0
555.0,279.0,26.0,72.0
554.0,279.0,26.0,72.0
553.0,278.0,26.0,72.0
552.0,278.0,26.0,72.0
551.0,278.0,26.0,72.0
551.0,279.0,26.0,72.0
550.0,279.0,26.0,72.0
549.0,280.0,27.0,72.0
547.0,280.0,27.0,72.0
546.0,281.0,27.0,72.0
546.0,281.0,27.0,72.0
546.0,281.0,27.0,72.0
546.0,281.0,27.0,72.0
546.0,280.0,27.0,72.0
546.0,280.0,27.0,72.0
546.0,280.0,27.0,72.0
546.0,280.0,27.0,72.0
546.0,280.0,27.0,72.0
547.0,280.0,27.0,72.0
547.0,280.0,27.0,72.0
548.0,280.0,27.0,72.0
548.0,280.0,27.0,72.0
548.0,280.0,27.0,72.0
549.0,280.0,27.0,72.0
550.0,280.0,27.0,72.0
550.0,280.0,27.0,72.0
551.0,281.0,27.0,72.0
551.0,281.0,27.0,72.0
552.0,281.0,27.0,72.0
552.0,282.0,27.0,72.0
554.0,282.0,27.0,72.0
554.0,282.0,27.0,72.0
554.0,281.0,27.0,72.0
555.0,281.0,27.0,72.0
555.0,281.0,27.0,72.0
555.0,281.0,27.0,72.0
554.0,281.0,27.0,72.0
555.0,281.0,27.0,72.0
554.0,281.0,27.0,72.0
554.0,281.0,27.0,72.0
553.0,282.0,27.0,72.0
553.0,282.0,27.0,72.0
553.0,283.0,27.0,72.0
552.0,283.0,27.0,72.0
552.0,283.0,27.0,72.0
551.0,283.0,27.0,72.0
551.0,283.0,27.0,72.0
550.0,283.0,27.0,72.0
550.0,283.0,27.0,72.0
548.0,283.0,28.0,74.0
547.0,283.0,28.0,74.0
546.0,283.0,28.0,74.0
546.0,283.0,28.0,74.0
545.0,283.0,28.0,74.0
544.0,284.0,28.0,74.0
544.0,284.0,28.0,74.0
543.0,285.0,28.0,74.0
543.0,285.0,28.0,74.0
543.0,285.0,28.0,74.0
543.0,286.0,27.0,72.0
542.0,286.0,27.0,72.0
543.0,287.0,27.0,72.0
543.0,287.0,27.0,72.0
543.0,286.0,27.0,72.0
543.0,286.0,27.0,72.0
543.0,286.0,27.0,72.0
542.0,286.0,27.0,72.0
543.0,286.0,27.0,72.0
542.0,286.0,27.0,72.0
542.0,286.0,27.0,72.0
542.0,286.0,27.0,72.0
542.0,286.0,27.0,72.0
542.0,286.0,27.0,72.0
542.0,286.0,27.0,73.0
542.0,287.0,27.0,74.0
541.0,287.0,27.0,75.0
542.0,287.0,27.0,75.0
541.0,288.0,27.0,75.0
541.0,288.0,27.0,75.0
540.0,288.0,28.0,75.0
539.0,287.0,28.0,74.0
538.0,287.0,28.0,74.0
538.0,287.0,28.0,74.0
537.0,287.0,28.0,74.0
537.0,287.0,28.0,74.0
535.0,287.0,28.0,74.0
535.0,287.0,28.0,74.0
534.0,287.0,28.0,74.0
534.0,288.0,28.0,74.0
533.0,289.0,27.0,72.0
533.0,289.0,27.0,72.0
532.0,290.0,27.0,72.0
531.0,290.0,27.0,72.0
531.0,290.0,27.0,72.0
531.0,290.0,27.0,72.0
530.0,290.0,27.0,72.0
530.0,290.0,27.0,72.0
529.0,290.0,27.0,72.0
528.0,290.0,27.0,72.0
528.0,290.0,27.0,72.0
527.0,290.0,27.0,72.0
526.0,290.0,27.0,72.0
525.0,290.0,28.0,74.0
525.0,290.0,28.0,75.0
524.0,291.0,28.0,75.0
523.0,292.0,28.0,75.0
523.0,292.0,28.0,75.0
522.0,292.0,29.0,76.0
521.0,292.0,29.0,76.0
521.0,292.0,28.0,75.0
521.0,293.0,28.0,75.0
521.0,292.0,28.0,74.0
521.0,292.0,28.0,74.0
521.0,293.0,28.0,74.0
520.0,293.0,28.0,74.0
520.0,292.0,28.0,74.0
520.0,292.0,28.0,74.0
520.0,292.0,28.0,74.0
520.0,293.0,28.0,74.0
520.0,292.0,27.0,72.0
520.0,292.0,27.0,72.0
521.0,293.0,27.0,71.0
521.0,294.0,27.0,71.0
521.0,295.0,26.0,70.0
nan,nan,nan,nan
nan,nan,nan,nan
nan,nan,nan,nan
nan,nan,nan,nan
nan,nan,nan,nan
nan,nan,nan,nan
nan,nan,nan,nan
nan,nan,nan,nan
nan,nan,nan,nan
nan,nan,nan,nan
nan,nan,nan,nan
nan,nan,nan,nan
nan,nan,nan,nan
nan,nan,nan,nan
nan,nan,nan,nan
nan,nan,nan,nan
nan,nan,nan,nan
nan,nan,nan,nan
nan,nan,nan,nan
nan,nan,nan,nan
nan,nan,nan,nan
nan,nan,nan,nan
nan,nan,nan,nan
nan,nan,nan,nan
nan,nan,nan,nan
nan,nan,nan,nan
543.0,292.0,25.0,53.0
544.0,292.0,25.0,55.0
544.0,292.0,26.0,57.0
545.0,292.0,26.0,58.0
546.0,292.0,27.0,60.0
547.0,292.0,27.0,61.0
547.0,292.0,29.0,62.0
547.0,292.0,29.0,63.0
547.0,292.0,29.0,64.0
548.0,292.0,29.0,65.0
548.0,291.0,29.0,65.0
548.0,292.0,29.0,65.0
547.0,291.0,29.0,65.0
547.0,291.0,29.0,67.0
546.0,290.0,29.0,68.0
546.0,290.0,29.0,68.0
545.0,290.0,29.0,68.0
544.0,289.0,29.0,69.0
544.0,289.0,29.0,70.0
543.0,289.0,29.0,70.0
542.0,289.0,29.0,71.0
541.0,289.0,29.0,71.0
540.0,289.0,29.0,71.0
540.0,289.0,29.0,72.0
539.0,289.0,29.0,72.0
538.0,289.0,29.0,72.0
537.0,289.0,29.0,72.0
536.0,289.0,29.0,72.0
535.0,288.0,29.0,72.0
535.0,287.0,29.0,72.0
533.0,286.0,29.0,72.0
533.0,286.0,29.0,72.0
531.0,287.0,29.0,72.0
530.0,287.0,29.0,72.0
530.0,286.0,29.0,73.0
528.0,286.0,29.0,74.0
528.0,286.0,29.0,75.0
527.0,286.0,29.0,75.0
527.0,286.0,29.0,75.0
526.0,286.0,29.0,75.0
526.0,286.0,29.0,75.0
525.0,286.0,29.0,75.0
524.0,285.0,29.0,75.0
524.0,285.0,29.0,74.0
523.0,284.0,29.0,73.0
522.0,284.0,29.0,72.0
522.0,284.0,29.0,72.0
521.0,284.0,29.0,72.0
520.0,283.0,29.0,74.0
519.0,283.0,29.0,74.0
519.0,283.0,29.0,74.0
518.0,283.0,29.0,74.0
517.0,283.0,29.0,75.0
517.0,283.0,29.0,75.0
516.0,283.0,29.0,76.0
515.0,283.0,29.0,76.0
514.0,283.0,29.0,76.0
514.0,283.0,29.0,75.0
514.0,283.0,28.0,74.0
514.0,283.0,28.0,72.0
514.0,283.0,28.0,72.0
513.0,283.0,28.0,72.0
512.0,282.0,28.0,73.0
512.0,282.0,28.0,73.0
512.0,282.0,28.0,73.0
511.0,282.0,28.0,73.0
511.0,282.0,28.0,73.0
512.0,281.0,28.0,73.0
512.0,281.0,28.0,73.0
512.0,282.0,28.0,73.0
