797.0,245.0,28.0,61.0
797.0,245.0,28.0,61.0
798.0,246.0,28.0,61.0
798.0,248.0,28.0,61.0
798.0,249.0,27.0,59.0
798.0,249.0,27.0,59.0
797.0,250.0,27.0,60.0
798.0,250.0,27.0,60.0
797.0,250.0,28.0,61.0
797.0,250.0,28.0,61.0
798.0,250.0,28.0,61.0
798.0,250.0,28.0,61.0
798.0,250.0,28.0,61.0
798.0,250.0,28.0,61.0
797.0,251.0,28.0,61.0
797.0,251.0,28.0,62.0
796.0,252.0,28.0,62.0
795.0,254.0,28.0,62.0
794.0,255.0,28.0,62.0
794.0,255.0,28.0,62.0
793.0,255.0,28.0,62.0
793.0,255.0,27.0,60.0
792.0,255.0,27.0,59.0
791.0,255.0,27.0,59.0
790.0,255.0,27.0,60.0
789.0,256.0,27.0,60.0
788.0,257.0,27.0,59.0
787.0,258.0,27.0,59.0
786.0,259.0,27.0,60.0
786.0,260.0,27.0,60.0
784.0,260.0,27.0,60.0
784.0,261.0,27.0,60.0
783.0,261.0,27.0,60.0
783.0,261.0,27.0,60.0
782.0,261.0,27.0,60.0
781.0,260.0,27.0,60.0
780.0,260.0,27.0,60.0
779.0,261.0,27.0,60.0
779.0,262.0,27.0,60.0
778.0,263.0,27.0,60.0
778.0,265.0,27.0,60.0
777.0,265.0,27.0,60.0
776.0,265.0,27.0,60.0
775.0,265.0,27.0,60.0
775.0,265.0,27.0,60.0
774.0,266.0,27.0,59.0
773.0,266.0,27.0,59.0
772.0,265.0,27.0,59.0
771.0,266.0,27.0,59.0
770.0,267.0,27.0,59.0
770.0,268.0,27.0,59.0
769.0,270.0,27.0,59.0
768.0,270.0,27.0,59.0
768.0,271.0,27.0,59.0
767.0,272.0,27.0,59.0
766.0,272.0,27.0,59.0
765.0,273.0,27.0,59.0
764.0,273.0,27.0,59.0
764.0,272.0,27.0,60.0
763.0,272.0,27.0,60.0
763.0,273.0,27.0,60.0
762.0,274.0,27.0,60.0
760.0,274.0,27.0,60.0
760.0,276.0,27.0,60.0
759.0,277.0,27.0,60.0
758.0,278.0,27.0,60.0
758.0,278.0,27.0,60.0
757.0,279.0,27.0,60.0
757.0,279.0,27.0,60.0
756.0,279.0,27.0,60.0
755.0,279.0,27.0,60.0
754.0,279.0,27.0,60.0
753.0,280.0,27.0,60.0
752.0,281.0,27.0,60.0
751.0,283.0,28.0,60.0
749.0,284.0,28.0,60.0
748.0,285.0,28.0,60.0
747.0,286.0,27.0,60.0
746.0,287.0,27.0,60.0
745.0,287.0,27.0,60.0
744.0,287.0,27.0,60.0
743.0,287.0,27.0,60.0
742.0,288.0,27.0,60.0
741.0,289.0,27.0,60.0
739.0,289.0,27.0,60.0
738.0,291.0,27.0,60.0
737.0,293.0,27.0,60.0
737.0,295.0,27.0,60.0
735.0,297.0,27.0,60.0
734.0,298.0,27.0,59.0
732.0,299.0,27.0,58.0
731.0,301.0,27.0,58.0
730.0,301.0,27.0,58.0
729.0,303.0,27.0,58.0
728.0,304.0,27.0,58.0
726.0,305.0,27.0,58.0
725.0,306.0,27.0,58.0
725.0,308.0,28.0,58.0
723.0,310.0,28.0,58.0
722.0,312.0,28.0,58.0
722.0,314.0,28.0,58.0
721.0,316.0,28.0,57.0
721.0,318.0,28.0,57.0
720.0,320.0,27.0,57.0
719.0,322.0,26.0,57.0
719.0,323.0,25.0,57.0
718.0,324.0,25.0,57.0
717.0,326.0,25.0,57.0
716.0,329.0,25.0,57.0
715.0,330.0,25.0,57.0
714.0,332.0,26.0,57.0
714.0,334.0,26.0,58.0
712.0,336.0,27.0,58.0
711.0,339.0,27.0,58.0
710.0,342.0,27.0,58.0
709.0,343.0,28.0,59.0
708.0,346.0,28.0,59.0
707.0,348.0,28.0,59.0
705.0,351.0,28.0,60.0
705.0,353.0,28.0,61.0
704.0,355.0,28.0,61.0
704.0,357.0,29.0,62.0
703.0,360.0,29.0,62.0
703.0,362.0,29.0,62.0
702.0,364.0,29.0,63.0
701.0,367.0,29.0,63.0
700.0,369.0,29.0,64.0
700.0,372.0,29.0,64.0
699.0,376.0,29.0,64.0
698.0,378.0,29.0,64.0
697.0,381.0,29.0,64.0
697.0,383.0,29.0,64.0
697.0,386.0,29.0,63.0
696.0,389.0,29.0,62.0
696.0,391.0,29.0,62.0
695.0,393.0,29.0,61.0
695.0,396.0,29.0,61.0
695.0,398.0,29.0,61.0
695.0,401.0,29.0,61.0
694.0,403.0,29.0,62.0
695.0,406.0,29.0,63.0
694.0,408.0,30.0,63.0
695.0,410.0,30.0,63.0
694.0,414.0,30.0,63.0
693.0,416.0,30.0,64.0
689.0,418.0,30.0,64.0
687.0,421.0,30.0,65.0
683.0,423.0,30.0,66.0
678.0,426.0,30.0,65.0
674.0,428.0,30.0,64.0
670.0,430.0,30.0,65.0
665.0,432.0,31.0,66.0
660.0,433.0,31.0,66.0
655.0,437.0,31.0,66.0
649.0,439.0,31.0,66.0
643.0,442.0,31.0,67.0
636.0,446.0,31.0,67.0
630.0,448.0,31.0,68.0
621.0,452.0,31.0,68.0
614.0,455.0,31.0,68.0
607.0,458.0,31.0,68.0
599.0,462.0,31.0,67.0
592.0,465.0,31.0,67.0
584.0,470.0,31.0,67.0
577.0,472.0,31.0,67.0
570.0,475.0,31.0,66.0
563.0,479.0,31.0,65.0
557.0,482.0,31.0,65.0
549.0,486.0,31.0,64.0
543.0,489.0,31.0,64.0
537.0,493.0,32.0,65.0
531.0,496.0,32.0,65.0
525.0,500.0,32.0,65.0
518.0,505.0,32.0,65.0
513.0,509.0,32.0,65.0
508.0,513.0,32.0,65.0
503.0,516.0,32.0,65.0
499.0,520.0,32.0,65.0
495.0,524.0,32.0,64.0
491.0,528.0,32.0,63.0
487.0,532.0,32.0,62.0
483.0,535.0,32.0,63.0
479.0,537.0,32.0,64.0
475.0,541.0,33.0,66.0
471.0,543.0,33.0,67.0
468.0,546.0,34.0,68.0
465.0,549.0,34.0,70.0
461.0,552.0,35.0,71.0
458.0,557.0,36.0,71.0
455.0,561.0,36.0,72.0
453.0,565.0,36.0,71.0
450.0,568.0,36.0,72.0
449.0,572.0,36.0,72.0
445.0,575.0,36.0,72.0
443.0,578.0,37.0,73.0
440.0,580.0,37.0,73.0
438.0,583.0,37.0,75.0
436.0,586.0,37.0,75.0
434.0,590.0,37.0,76.0
432.0,593.0,37.0,76.0
431.0,597.0,37.0,77.0
430.0,600.0,38.0,78.0
429.0,603.0,38.0,78.0
428.0,607.0,38.0,78.0
428.0,609.0,38.0,77.0
427.0,611.0,38.0,77.0
426.0,613.0,38.0,78.0
426.0,615.0,38.0,78.0
426.0,617.0,38.0,79.0
425.0,618.0,38.0,80.0
426.0,620.0,38.0,80.0
426.0,622.0,38.0,80.0
426.0,625.0,38.0,80.0
427.0,628.0,38.0,80.0
427.0,630.0,38.0,79.0
428.0,633.0,38.0,77.0
429.0,634.0,38.0,76.0
428.0,636.0,38.0,76.0
426.0,637.0,38.0,76.0
426.0,639.0,38.0,75.0
425.0,639.0,38.0,76.0
424.0,640.0,38.0,78.0
423.0,640.0,38.0,79.0
421.0,642.0,38.0,79.0
419.0,643.0,38.0,79.0
418.0,645.0,38.0,79.0
416.0,647.0,38.0,78.0
415.0,649.0,38.0,75.0
414.0,651.0,38.0,74.0
414.0,651.0,38.0,74.0
412.0,651.0,38.0,74.0
412.0,651.0,38.0,74.0
411.0,651.0,38.0,75.0
409.0,651.0,38.0,75.0
407.0,651.0,38.0,76.0
406.0,651.0,38.0,76.0
406.0,652.0,38.0,75.0
405.0,653.0,38.0,75.0
405.0,653.0,38.0,75.0
405.0,653.0,38.0,75.0
406.0,654.0,37.0,74.0
405.0,653.0,37.0,73.0
404.0,653.0,37.0,72.0
404.0,652.0,37.0,70.0
403.0,651.0,37.0,72.0
403.0,649.0,37.0,73.0
402.0,648.0,37.0,74.0
403.0,647.0,37.0,75.0
403.0,647.0,37.0,75.0
403.0,647.0,37.0,76.0
402.0,646.0,37.0,75.0
402.0,646.0,37.0,75.0
402.0,645.0,37.0,74.0
402.0,643.0,37.0,73.0
401.0,642.0,37.0,72.0
401.0,641.0,37.0,71.0
401.0,639.0,37.0,73.0
401.0,637.0,37.0,74.0
400.0,634.0,37.0,76.0
400.0,633.0,37.0,76.0
400.0,633.0,37.0,76.0
400.0,632.0,37.0,76.0
399.0,632.0,37.0,75.0
399.0,632.0,37.0,73.0
399.0,631.0,37.0,72.0
397.0,630.0,37.0,72.0
396.0,627.0,37.0,72.0
394.0,625.0,37.0,72.0
393.0,622.0,37.0,73.0
392.0,621.0,37.0,75.0
391.0,619.0,37.0,76.0
391.0,618.0,37.0,76.0
389.0,617.0,37.0,76.0
388.0,616.0,37.0,76.0
388.0,615.0,37.0,75.0
388.0,614.0,37.0,74.0
388.0,613.0,37.0,73.0
389.0,611.0,37.0,73.0
388.0,608.0,37.0,73.0
389.0,606.0,37.0,72.0
389.0,602.0,37.0,74.0
390.0,599.0,37.0,75.0
392.0,596.0,37.0,77.0
392.0,594.0,37.0,76.0
394.0,593.0,37.0,76.0
395.0,592.0,37.0,75.0
397.0,590.0,37.0,75.0
398.0,590.0,37.0,73.0
400.0,587.0,37.0,72.0
401.0,586.0,37.0,72.0
402.0,583.0,36.0,70.0
403.0,580.0,36.0,70.0
404.0,578.0,36.0,71.0
406.0,575.0,35.0,71.0
407.0,573.0,35.0,72.0
408.0,571.0,35.0,72.0
409.0,569.0,35.0,72.0
410.0,567.0,35.0,72.0
411.0,566.0,35.0,71.0
412.0,565.0,35.0,70.0
413.0,565.0,35.0,70.0
413.0,563.0,35.0,69.0
414.0,562.0,35.0,68.0
415.0,560.0,35.0,67.0
415.0,558.0,34.0,66.0
415.0,555.0,34.0,67.0
415.0,552.0,34.0,67.0
414.0,550.0,34.0,67.0
412.0,547.0,34.0,68.0
410.0,545.0,34.0,69.0
410.0,544.0,34.0,69.0
409.0,543.0,34.0,69.0
408.0,542.0,34.0,69.0
406.0,542.0,34.0,68.0
404.0,541.0,34.0,67.0
403.0,541.0,34.0,67.0
399.0,540.0,34.0,66.0
397.0,539.0,34.0,66.0
393.0,538.0,34.0,66.0
391.0,536.0,34.0,66.0
388.0,534.0,34.0,67.0
385.0,532.0,34.0,69.0
382.0,531.0,34.0,69.0
379.0,529.0,34.0,69.0
376.0,528.0,34.0,69.0
374.0,528.0,34.0,69.0
371.0,528.0,34.0,69.0
369.0,528.0,34.0,69.0
366.0,528.0,34.0,68.0
363.0,528.0,34.0,67.0
361.0,528.0,34.0,66.0
360.0,527.0,34.0,66.0
357.0,526.0,34.0,65.0
356.0,525.0,34.0,63.0
353.0,523.0,33.0,64.0
351.0,520.0,33.0,64.0
349.0,518.0,33.0,65.0
348.0,516.0,33.0,66.0
346.0,514.0,33.0,67.0
346.0,513.0,33.0,67.0
344.0,512.0,33.0,67.0
343.0,511.0,33.0,67.0
341.0,510.0,34.0,68.0
340.0,509.0,34.0,67.0
340.0,509.0,34.0,66.0
339.0,509.0,34.0,66.0
338.0,508.0,34.0,65.0
337.0,506.0,33.0,63.0
337.0,504.0,33.0,62.0
336.0,503.0,33.0,63.0
336.0,500.0,33.0,63.0
337.0,499.0,33.0,64.0
337.0,497.0,33.0,64.0
338.0,496.0,33.0,65.0
338.0,495.0,33.0,66.0
338.0,494.0,33.0,66.0
338.0,493.0,33.0,66.0
338.0,493.0,33.0,66.0
337.0,491.0,34.0,66.0
336.0,491.0,34.0,66.0
335.0,490.0,34.0,65.0
334.0,487.0,34.0,66.0
333.0,486.0,34.0,66.0
331.0,483.0,33.0,64.0
330.0,482.0,33.0,65.0
328.0,481.0,32.0,66.0
326.0,479.0,32.0,66.0
323.0,478.0,32.0,66.0
319.0,479.0,32.0,66.0
316.0,479.0,32.0,66.0
313.0,479.0,32.0,65.0
310.0,479.0,32.0,64.0
306.0,478.0,32.0,64.0
300.0,478.0,32.0,64.0
295.0,478.0,32.0,64.0
289.0,477.0,32.0,64.0
284.0,476.0,33.0,66.0
279.0,476.0,33.0,66.0
273.0,476.0,33.0,67.0
268.0,477.0,33.0,67.0
263.0,477.0,33.0,68.0
258.0,478.0,33.0,68.0
253.0,479.0,33.0,67.0
248.0,479.0,33.0,67.0
243.0,479.0,33.0,66.0
240.0,478.0,33.0,66.0
236.0,476.0,33.0,66.0
233.0,475.0,33.0,66.0
229.0,473.0,33.0,66.0
226.0,473.0,33.0,67.0
223.0,472.0,33.0,67.0
221.0,472.0,33.0,67.0
219.0,472.0,33.0,67.0
217.0,472.0,33.0,67.0
216.0,471.0,33.0,67.0
214.0,471.0,33.0,67.0
212.0,470.0,33.0,66.0
209.0,469.0,34.0,67.0
206.0,467.0,35.0,68.0
203.0,466.0,35.0,69.0
201.0,465.0,35.0,69.0
200.0,464.0,35.0,69.0
198.0,464.0,36.0,70.0
198.0,463.0,36.0,70.0
198.0,462.0,36.0,70.0
198.0,462.0,36.0,70.0
198.0,462.0,35.0,70.0
199.0,461.0,35.0,69.0
201.0,460.0,34.0,68.0
202.0,458.0,34.0,67.0
203.0,455.0,33.0,66.0
203.0,452.0,33.0,66.0
204.0,451.0,33.0,66.0
204.0,448.0,33.0,66.0
204.0,447.0,33.0,66.0
204.0,446.0,33.0,66.0
202.0,446.0,33.0,66.0
202.0,446.0,33.0,66.0
199.0,446.0,33.0,66.0
197.0,446.0,33.0,66.0
195.0,445.0,33.0,66.0
193.0,445.0,34.0,67.0
190.0,444.0,34.0,67.0
188.0,443.0,34.0,68.0
185.0,442.0,34.0,68.0
183.0,442.0,34.0,68.0
180.0,442.0,33.0,67.0
176.0,443.0,33.0,67.0
172.0,443.0,33.0,67.0
169.0,443.0,33.0,67.0
165.0,443.0,33.0,67.0
163.0,443.0,33.0,66.0
160.0,443.0,33.0,65.0
155.0,441.0,33.0,65.0
153.0,440.0,33.0,66.0
150.0,438.0,33.0,66.0
149.0,438.0,33.0,66.0
148.0,436.0,33.0,66.0
146.0,435.0,34.0,66.0
146.0,435.0,33.0,66.0
146.0,434.0,33.0,66.0
146.0,435.0,33.0,66.0
146.0,435.0,33.0,66.0
146.0,433.0,33.0,67.0
147.0,432.0,33.0,67.0
146.0,430.0,33.0,67.0
147.0,428.0,33.0,67.0
147.0,426.0,33.0,67.0
148.0,424.0,33.0,67.0
149.0,422.0,33.0,66.0
150.0,421.0,33.0,66.0
151.0,420.0,33.0,66.0
152.0,420.0,33.0,66.0
154.0,419.0,33.0,65.0
156.0,417.0,33.0,66.0
157.0,416.0,32.0,67.0
159.0,414.0,32.0,66.0
159.0,413.0,32.0,66.0
161.0,410.0,32.0,67.0
162.0,407.0,32.0,67.0
163.0,405.0,31.0,66.0
163.0,404.0,31.0,66.0
164.0,402.0,31.0,66.0
164.0,401.0,31.0,66.0
164.0,401.0,31.0,66.0
164.0,401.0,31.0,66.0
164.0,401.0,31.0,66.0
163.0,400.0,31.0,65.0
161.0,399.0,31.0,64.0
159.0,398.0,31.0,64.0
159.0,396.0,31.0,64.0
156.0,395.0,32.0,66.0
155.0,394.0,32.0,67.0
153.0,393.0,32.0,67.0
152.0,393.0,32.0,67.0
150.0,393.0,32.0,67.0
148.0,393.0,32.0,67.0
147.0,394.0,32.0,67.0
145.0,394.0,32.0,67.0
143.0,393.0,32.0,67.0
142.0,393.0,32.0,67.0
140.0,391.0,32.0,66.0
140.0,390.0,32.0,64.0
140.0,388.0,32.0,64.0
139.0,386.0,33.0,66.0
139.0,385.0,33.0,66.0
139.0,383.0,33.0,66.0
140.0,383.0,33.0,66.0
142.0,383.0,33.0,66.0
142.0,382.0,33.0,67.0
144.0,381.0,33.0,67.0
146.0,379.0,33.0,67.0
147.0,377.0,33.0,67.0
150.0,375.0,33.0,67.0
152.0,373.0,33.0,67.0
155.0,370.0,33.0,67.0
158.0,368.0,33.0,67.0
161.0,366.0,33.0,67.0
165.0,364.0,33.0,67.0
169.0,363.0,33.0,66.0
173.0,362.0,32.0,65.0
177.0,361.0,31.0,64.0
180.0,360.0,31.0,64.0
185.0,359.0,31.0,63.0
189.0,356.0,31.0,63.0
192.0,355.0,30.0,62.0
196.0,352.0,30.0,62.0
200.0,350.0,30.0,62.0
205.0,347.0,30.0,61.0
209.0,344.0,30.0,61.0
213.0,342.0,30.0,61.0
216.0,341.0,30.0,61.0
220.0,339.0,30.0,61.0
224.0,338.0,30.0,61.0
228.0,337.0,30.0,61.0
233.0,335.0,30.0,61.0
236.0,333.0,30.0,61.0
240.0,332.0,30.0,61.0
243.0,328.0,30.0,61.0
247.0,326.0,30.0,61.0
251.0,325.0,30.0,61.0
255.0,323.0,30.0,61.0
258.0,322.0,30.0,61.0
263.0,321.0,30.0,61.0
267.0,320.0,29.0,61.0
269.0,320.0,28.0,61.0
271.0,318.0,28.0,61.0
273.0,317.0,28.0,60.0
274.0,314.0,28.0,60.0
274.0,313.0,28.0,60.0
274.0,312.0,28.0,59.0
275.0,311.0,28.0,59.0
273.0,310.0,28.0,59.0
269.0,309.0,28.0,59.0
267.0,308.0,28.0,59.0
263.0,309.0,28.0,59.0
259.0,309.0,28.0,59.0
255.0,310.0,28.0,59.0
248.0,311.0,28.0,59.0
243.0,312.0,28.0,59.0
236.0,312.0,28.0,59.0
230.0,312.0,28.0,59.0
225.0,312.0,28.0,59.0
218.0,312.0,28.0,59.0
211.0,313.0,29.0,59.0
205.0,313.0,29.0,59.0
198.0,314.0,29.0,59.0
193.0,315.0,30.0,60.0
187.0,316.0,29.0,60.0
182.0,318.0,29.0,60.0
178.0,317.0,29.0,60.0
174.0,317.0,29.0,60.0
171.0,316.0,28.0,59.0
168.0,315.0,29.0,59.0
165.0,314.0,29.0,59.0
164.0,313.0,29.0,59.0
164.0,312.0,29.0,59.0
164.0,312.0,29.0,59.0
165.0,311.0,29.0,59.0
167.0,311.0,29.0,59.0
170.0,310.0,29.0,59.0
173.0,310.0,28.0,59.0
175.0,308.0,28.0,59.0
179.0,306.0,28.0,59.0
181.0,304.0,28.0,60.0
184.0,302.0,29.0,60.0
187.0,301.0,30.0,60.0
189.0,299.0,30.0,60.0
194.0,297.0,30.0,60.0
197.0,297.0,30.0,60.0
201.0,296.0,29.0,60.0
204.0,295.0,29.0,60.0
207.0,294.0,28.0,60.0
210.0,292.0,28.0,60.0
213.0,290.0,27.0,59.0
217.0,289.0,27.0,59.0
219.0,287.0,27.0,59.0
223.0,285.0,28.0,59.0
225.0,283.0,29.0,59.0
229.0,281.0,29.0,59.0
232.0,281.0,28.0,58.0
236.0,280.0,28.0,58.0
238.0,279.0,27.0,58.0
242.0,278.0,27.0,58.0
244.0,278.0,27.0,58.0
247.0,276.0,27.0,58.0
250.0,275.0,27.0,58.0
252.0,273.0,27.0,58.0
256.0,271.0,27.0,58.0
259.0,270.0,27.0,58.0
261.0,268.0,27.0,58.0
263.0,267.0,27.0,58.0
264.0,267.0,27.0,58.0
267.0,267.0,27.0,58.0
268.0,267.0,26.0,58.0
269.0,266.0,26.0,58.0
269.0,265.0,26.0,58.0
269.0,264.0,26.0,58.0
269.0,262.0,26.0,57.0
269.0,261.0,27.0,57.0
268.0,260.0,27.0,57.0
268.0,259.0,27.0,57.0
267.0,259.0,27.0,57.0
265.0,258.0,28.0,58.0
264.0,259.0,27.0,58.0
262.0,259.0,27.0,58.0
260.0,260.0,26.0,58.0
258.0,259.0,27.0,58.0
256.0,258.0,27.0,59.0
255.0,257.0,27.0,59.0
253.0,256.0,29.0,60.0
252.0,256.0,29.0,60.0
250.0,256.0,29.0,60.0
248.0,255.0,29.0,60.0
247.0,254.0,29.0,60.0
245.0,254.0,29.0,60.0
244.0,255.0,29.0,60.0
243.0,255.0,29.0,60.0
242.0,256.0,28.0,60.0
241.0,255.0,28.0,60.0
241.0,254.0,28.0,60.0
241.0,254.0,28.0,60.0
240.0,253.0,28.0,60.0
240.0,251.0,28.0,60.0
240.0,250.0,28.0,60.0
241.0,249.0,28.0,60.0
241.0,249.0,28.0,60.0
241.0,248.0,28.0,60.0
242.0,248.0,28.0,60.0
242.0,248.0,28.0,60.0
242.0,248.0,28.0,59.0
243.0,248.0,28.0,59.0
244.0,248.0,28.0,59.0
244.0,247.0,28.0,59.0
244.0,245.0,28.0,59.0
245.0,244.0,28.0,59.0
245.0,243.0,28.0,59.0
246.0,242.0,28.0,59.0
246.0,242.0,28.0,59.0
247.0,242.0,28.0,59.0
245.0,243.0,28.0,59.0
245.0,243.0,28.0,59.0
244.0,243.0,28.0,59.0
243.0,242.0,28.0,59.0
242.0,242.0,28.0,59.0
242.0,241.0,27.0,59.0
241.0,240.0,27.0,59.0
239.0,238.0,27.0,59.0
237.0,238.0,27.0,59.0
236.0,238.0,28.0,59.0
234.0,237.0,28.0,59.0
233.0,237.0,28.0,59.0
233.0,238.0,28.0,59.0
231.0,238.0,27.0,59.0
230.0,238.0,26.0,59.0
228.0,238.0,26.0,59.0
227.0,239.0,26.0,59.0
225.0,239.0,26.0,59.0
223.0,238.0,27.0,59.0
221.0,237.0,28.0,60.0
219.0,236.0,28.0,60.0
217.0,236.0,28.0,60.0
216.0,236.0,29.0,61.0
214.0,235.0,29.0,61.0
214.0,236.0,29.0,61.0
212.0,236.0,29.0,61.0
212.0,237.0,29.0,61.0
212.0,237.0,29.0,61.0
212.0,237.0,27.0,60.0
212.0,236.0,26.0,60.0
212.0,235.0,26.0,60.0
213.0,234.0,26.0,60.0
213.0,233.0,26.0,60.0
213.0,233.0,27.0,60.0
214.0,232.0,27.0,60.0
215.0,231.0,28.0,60.0
216.0,231.0,28.0,60.0
217.0,231.0,28.0,60.0
219.0,231.0,28.0,60.0
220.0,230.0,27.0,60.0
222.0,230.0,27.0,60.0
223.0,230.0,26.0,60.0
224.0,229.0,27.0,60.0
225.0,227.0,27.0,60.0
227.0,227.0,28.0,60.0
229.0,226.0,28.0,60.0
231.0,225.0,28.0,60.0
234.0,225.0,28.0,60.0
236.0,225.0,28.0,60.0
238.0,225.0,28.0,60.0
240.0,225.0,29.0,61.0
243.0,224.0,29.0,61.0
245.0,223.0,28.0,61.0
248.0,222.0,28.0,61.0
250.0,221.0,28.0,61.0
251.0,219.0,28.0,60.0
254.0,218.0,28.0,60.0
256.0,217.0,28.0,60.0
258.0,216.0,28.0,60.0
260.0,216.0,28.0,60.0
262.0,216.0,28.0,60.0
264.0,216.0,28.0,60.0
266.0,216.0,28.0,60.0
270.0,216.0,28.0,60.0
273.0,215.0,27.0,60.0
275.0,214.0,26.0,59.0
277.0,214.0,27.0,60.0
279.0,213.0,28.0,60.0
281.0,211.0,28.0,59.0
283.0,211.0,28.0,59.0
286.0,211.0,28.0,59.0
288.0,211.0,28.0,59.0
289.0,210.0,28.0,59.0
291.0,210.0,28.0,58.0
292.0,211.0,28.0,58.0
294.0,211.0,27.0,57.0
296.0,210.0,26.0,57.0
297.0,209.0,25.0,57.0
297.0,208.0,26.0,57.0
298.0,208.0,27.0,57.0
298.0,208.0,27.0,57.0
298.0,208.0,27.0,57.0
298.0,208.0,27.0,57.0
298.0,207.0,27.0,57.0
298.0,207.0,27.0,57.0
298.0,208.0,26.0,57.0
298.0,208.0,26.0,57.0
297.0,208.0,26.0,57.0
296.0,209.0,26.0,57.0
296.0,209.0,26.0,57.0
294.0,208.0,26.0,57.0
292.0,208.0,27.0,57.0
290.0,208.0,27.0,57.0
288.0,208.0,28.0,57.0
287.0,207.0,29.0,57.0
285.0,207.0,30.0,57.0
284.0,208.0,29.0,57.0
283.0,208.0,27.0,57.0
283.0,209.0,27.0,57.0
283.0,209.0,27.0,57.0
283.0,209.0,26.0,57.0
283.0,209.0,26.0,57.0
282.0,208.0,26.0,57.0
283.0,207.0,27.0,57.0
283.0,207.0,27.0,56.0
283.0,206.0,27.0,56.0
285.0,205.0,28.0,56.0
286.0,205.0,28.0,56.0
288.0,205.0,28.0,56.0
290.0,205.0,27.0,56.0
292.0,206.0,27.0,56.0
295.0,206.0,27.0,56.0
297.0,205.0,27.0,56.0
299.0,205.0,26.0,56.0
300.0,204.0,27.0,57.0
300.0,202.0,27.0,57.0
302.0,202.0,27.0,57.0
303.0,201.0,27.0,57.0
304.0,201.0,27.0,57.0
306.0,201.0,27.0,57.0
306.0,202.0,27.0,57.0
307.0,202.0,27.0,57.0
307.0,203.0,27.0,57.0
307.0,203.0,27.0,57.0
309.0,203.0,27.0,57.0
309.0,202.0,26.0,57.0
309.0,201.0,27.0,58.0
309.0,200.0,27.0,58.0
309.0,200.0,27.0,58.0
307.0,201.0,27.0,58.0
306.0,201.0,27.0,58.0
305.0,201.0,27.0,58.0
304.0,202.0,27.0,58.0
303.0,203.0,27.0,58.0
302.0,203.0,27.0,58.0
301.0,203.0,27.0,58.0
300.0,204.0,27.0,58.0
299.0,204.0,27.0,58.0
298.0,203.0,27.0,58.0
297.0,202.0,28.0,58.0
296.0,202.0,28.0,58.0
296.0,202.0,28.0,58.0
295.0,203.0,28.0,58.0
295.0,204.0,28.0,58.0
296.0,204.0,28.0,58.0
295.0,205.0,28.0,58.0
296.0,206.0,27.0,58.0
295.0,206.0,27.0,58.0
296.0,205.0,27.0,58.0
296.0,205.0,27.0,58.0
296.0,204.0,28.0,59.0
297.0,204.0,29.0,59.0
297.0,203.0,29.0,59.0
298.0,203.0,29.0,59.0
299.0,204.0,29.0,59.0
300.0,204.0,28.0,58.0
302.0,205.0,28.0,58.0
304.0,205.0,27.0,58.0
306.0,206.0,25.0,58.0
307.0,206.0,26.0,58.0
308.0,206.0,27.0,58.0
308.0,206.0,27.0,58.0
310.0,205.0,27.0,58.0
311.0,205.0,27.0,58.0
313.0,204.0,27.0,58.0
314.0,205.0,27.0,58.0
315.0,205.0,27.0,58.0
317.0,206.0,27.0,58.0
318.0,207.0,27.0,58.0
320.0,207.0,27.0,58.0
321.0,208.0,26.0,58.0
322.0,208.0,26.0,58.0
323.0,208.0,26.0,58.0
324.0,208.0,26.0,58.0
325.0,207.0,27.0,58.0
325.0,207.0,28.0,58.0
325.0,207.0,28.0,58.0
326.0,207.0,28.0,58.0
328.0,207.0,28.0,58.0
328.0,208.0,27.0,58.0
329.0,209.0,27.0,58.0
329.0,209.0,27.0,58.0
329.0,210.0,27.0,58.0
330.0,210.0,27.0,58.0
331.0,210.0,27.0,58.0
331.0,209.0,27.0,58.0
332.0,209.0,28.0,58.0
333.0,209.0,28.0,58.0
333.0,208.0,28.0,58.0
333.0,209.0,28.0,58.0
333.0,210.0,28.0,58.0
334.0,211.0,29.0,58.0
334.0,211.0,28.0,58.0
336.0,213.0,28.0,58.0
337.0,212.0,28.0,58.0
338.0,212.0,28.0,58.0
339.0,211.0,28.0,58.0
340.0,211.0,28.0,58.0
341.0,210.0,28.0,58.0
342.0,210.0,28.0,58.0
343.0,210.0,28.0,58.0
343.0,211.0,28.0,58.0
344.0,211.0,28.0,58.0
345.0,212.0,28.0,58.0
346.0,213.0,28.0,58.0
348.0,214.0,27.0,58.0
348.0,215.0,27.0,58.0
349.0,215.0,27.0,58.0
349.0,214.0,27.0,59.0
349.0,214.0,27.0,59.0
349.0,214.0,28.0,59.0
349.0,213.0,28.0,59.0
349.0,214.0,28.0,59.0
350.0,214.0,28.0,59.0
350.0,215.0,28.0,59.0
350.0,217.0,28.0,59.0
351.0,217.0,28.0,59.0
351.0,218.0,28.0,59.0
351.0,218.0,28.0,59.0
351.0,218.0,28.0,59.0
351.0,217.0,28.0,59.0
351.0,217.0,28.0,59.0
351.0,217.0,28.0,60.0
352.0,216.0,28.0,60.0
352.0,217.0,28.0,60.0
352.0,217.0,28.0,60.0
351.0,217.0,28.0,60.0
351.0,218.0,28.0,60.0
352.0,220.0,28.0,60.0
352.0,220.0,28.0,60.0
353.0,221.0,28.0,60.0
352.0,220.0,28.0,60.0
352.0,221.0,28.0,60.0
351.0,221.0,28.0,60.0
351.0,221.0,29.0,60.0
351.0,221.0,29.0,60.0
350.0,222.0,29.0,60.0
350.0,223.0,29.0,60.0
349.0,223.0,29.0,60.0
348.0,224.0,29.0,60.0
349.0,226.0,29.0,60.0
350.0,226.0,28.0,60.0
350.0,227.0,27.0,60.0
350.0,227.0,27.0,60.0
351.0,227.0,27.0,60.0
351.0,227.0,27.0,60.0
351.0,227.0,27.0,60.0
352.0,227.0,28.0,60.0
353.0,227.0,27.0,60.0
353.0,228.0,27.0,60.0
354.0,229.0,27.0,60.0
354.0,229.0,27.0,60.0
355.0,230.0,27.0,60.0
357.0,231.0,27.0,60.0
358.0,232.0,27.0,59.0
358.0,232.0,27.0,59.0
359.0,233.0,27.0,59.0
359.0,233.0,26.0,59.0
359.0,233.0,27.0,59.0
360.0,233.0,28.0,59.0
360.0,234.0,28.0,59.0
361.0,235.0,28.0,59.0
361.0,236.0,28.0,59.0
363.0,237.0,28.0,59.0
363.0,238.0,28.0,59.0
363.0,239.0,27.0,59.0
363.0,240.0,27.0,59.0
364.0,240.0,27.0,59.0
363.0,240.0,27.0,59.0
363.0,241.0,27.0,59.0
363.0,242.0,27.0,59.0
363.0,242.0,27.0,59.0
362.0,243.0,27.0,59.0
361.0,244.0,28.0,59.0
361.0,245.0,28.0,59.0
360.0,246.0,28.0,59.0
359.0,247.0,28.0,59.0
359.0,248.0,28.0,59.0
358.0,249.0,28.0,59.0
358.0,250.0,28.0,59.0
357.0,250.0,28.0,59.0
356.0,251.0,28.0,59.0
356.0,251.0,28.0,59.0
355.0,253.0,28.0,59.0
354.0,253.0,27.0,59.0
354.0,253.0,27.0,59.0
354.0,253.0,27.0,59.0
354.0,254.0,27.0,59.0
353.0,255.0,28.0,59.0
353.0,256.0,28.0,59.0
352.0,257.0,28.0,59.0
352.0,257.0,28.0,59.0
353.0,258.0,28.0,59.0
353.0,259.0,28.0,59.0
353.0,259.0,28.0,59.0
353.0,260.0,28.0,59.0
353.0,260.0,28.0,59.0
353.0,260.0,28.0,59.0
352.0,261.0,28.0,59.0
352.0,261.0,28.0,59.0
351.0,261.0,28.0,59.0
350.0,262.0,28.0,59.0
349.0,262.0,28.0,59.0
349.0,263.0,28.0,59.0
348.0,264.0,28.0,59.0
348.0,264.0,29.0,59.0
348.0,265.0,29.0,59.0
348.0,266.0,29.0,59.0
348.0,266.0,29.0,59.0
348.0,267.0,29.0,59.0
348.0,267.0,29.0,59.0
348.0,268.0,29.0,59.0
349.0,268.0,28.0,59.0
348.0,268.0,28.0,59.0
349.0,268.0,27.0,59.0
348.0,268.0,27.0,60.0
348.0,268.0,28.0,60.0
348.0,268.0,28.0,61.0
348.0,269.0,28.0,61.0
347.0,270.0,28.0,61.0
348.0,270.0,28.0,61.0
348.0,271.0,28.0,61.0
348.0,271.0,28.0,61.0
348.0,272.0,28.0,61.0
348.0,272.0,28.0,61.0
348.0,272.0,28.0,61.0
348.0,272.0,28.0,61.0
348.0,272.0,28.0,61.0
347.0,272.0,28.0,61.0
347.0,272.0,28.0,61.0
346.0,273.0,28.0,61.0
346.0,273.0,28.0,61.0
346.0,273.0,28.0,61.0
346.0,273.0,28.0,61.0
345.0,274.0,28.0,61.0
345.0,274.0,28.0,61.0
345.0,274.0,28.0,61.0
344.0,275.0,28.0,61.0
344.0,275.0,28.0,61.0
344.0,275.0,28.0,61.0
344.0,275.0,28.0,60.0
344.0,275.0,27.0,60.0
344.0,275.0,28.0,60.0
343.0,275.0,28.0,61.0
343.0,275.0,28.0,62.0
343.0,274.0,28.0,61.0
343.0,274.0,28.0,61.0
342.0,274.0,29.0,60.0
342.0,274.0,28.0,60.0
343.0,274.0,28.0,60.0
343.0,275.0,28.0,60.0
344.0,276.0,28.0,60.0
344.0,276.0,28.0,60.0
344.0,277.0,28.0,60.0
343.0,277.0,28.0,60.0
343.0,277.0,28.0,60.0
342.0,277.0,28.0,60.0
341.0,276.0,28.0,62.0
340.0,274.0,28.0,63.0
339.0,274.0,29.0,63.0
339.0,273.0,29.0,63.0
338.0,273.0,29.0,63.0
338.0,272.0,29.0,62.0
338.0,272.0,28.0,61.0
338.0,273.0,28.0,61.0
338.0,274.0,28.0,60.0
338.0,274.0,28.0,60.0
338.0,274.0,28.0,60.0
339.0,274.0,28.0,59.0
339.0,273.0,28.0,60.0
339.0,273.0,28.0,60.0
339.0,273.0,29.0,60.0
339.0,272.0,29.0,60.0
339.0,272.0,29.0,60.0
340.0,272.0,30.0,60.0
341.0,272.0,29.0,60.0
342.0,272.0,29.0,60.0
343.0,273.0,28.0,60.0
343.0,273.0,28.0,60.0
343.0,274.0,28.0,60.0
343.0,274.0,28.0,60.0
342.0,274.0,28.0,60.0
342.0,274.0,28.0,60.0
341.0,272.0,28.0,60.0
342.0,271.0,28.0,61.0
341.0,270.0,28.0,62.0
341.0,269.0,28.0,63.0
341.0,269.0,28.0,63.0
341.0,269.0,28.0,63.0
341.0,268.0,27.0,63.0
340.0,268.0,28.0,64.0
339.0,268.0,28.0,63.0
339.0,267.0,28.0,63.0
339.0,268.0,28.0,63.0
339.0,268.0,28.0,63.0
338.0,268.0,28.0,63.0
339.0,268.0,28.0,63.0
339.0,267.0,28.0,63.0
341.0,266.0,27.0,63.0
343.0,265.0,27.0,63.0
347.0,263.0,27.0,63.0
351.0,262.0,27.0,63.0
358.0,261.0,27.0,62.0
367.0,261.0,27.0,62.0
374.0,260.0,27.0,62.0
381.0,261.0,27.0,62.0
388.0,260.0,26.0,62.0
394.0,259.0,25.0,61.0
402.0,259.0,26.0,61.0
408.0,257.0,26.0,62.0
414.0,256.0,26.0,62.0
421.0,254.0,27.0,62.0
429.0,253.0,28.0,62.0
437.0,251.0,28.0,62.0
445.0,250.0,28.0,62.0
453.0,250.0,28.0,62.0
460.0,249.0,28.0,62.0
469.0,249.0,28.0,62.0
479.0,248.0,28.0,62.0
488.0,247.0,28.0,62.0
494.0,246.0,28.0,62.0
502.0,246.0,28.0,62.0
509.0,244.0,28.0,62.0
516.0,244.0,28.0,62.0
522.0,244.0,28.0,62.0
528.0,244.0,28.0,62.0
533.0,244.0,27.0,62.0
537.0,243.0,27.0,62.0
543.0,243.0,27.0,62.0
546.0,244.0,27.0,62.0
550.0,245.0,27.0,62.0
553.0,245.0,27.0,62.0
555.0,244.0,27.0,62.0
557.0,244.0,28.0,63.0
559.0,244.0,28.0,63.0
560.0,244.0,28.0,63.0
560.0,244.0,28.0,63.0
561.0,244.0,28.0,63.0
561.0,244.0,28.0,63.0
562.0,244.0,28.0,63.0
562.0,245.0,28.0,63.0
562.0,245.0,28.0,63.0
562.0,246.0,28.0,63.0
563.0,246.0,28.0,63.0
563.0,247.0,28.0,63.0
563.0,246.0,28.0,63.0
563.0,247.0,28.0,63.0
564.0,247.0,28.0,63.0
563.0,248.0,28.0,63.0
563.0,248.0,28.0,63.0
563.0,249.0,28.0,63.0
564.0,249.0,28.0,63.0
564.0,250.0,28.0,63.0
563.0,250.0,28.0,63.0
563.0,251.0,28.0,63.0
563.0,252.0,29.0,63.0
564.0,252.0,28.0,63.0
564.0,253.0,28.0,63.0
564.0,254.0,27.0,63.0
565.0,254.0,27.0,63.0
565.0,254.0,27.0,63.0
565.0,255.0,27.0,63.0
565.0,256.0,27.0,63.0
564.0,256.0,27.0,63.0
564.0,256.0,28.0,63.0
564.0,257.0,28.0,63.0
563.0,257.0,28.0,63.0
563.0,258.0,29.0,63.0
562.0,259.0,29.0,63.0
562.0,260.0,29.0,63.0
561.0,261.0,29.0,63.0
