570.0,174.0,32.0,57.0
570.0,174.0,31.0,57.0
570.0,175.0,30.0,57.0
570.0,175.0,30.0,57.0
570.0,175.0,30.0,57.0
570.0,175.0,30.0,57.0
570.0,175.0,30.0,58.0
570.0,175.0,31.0,58.0
570.0,174.0,31.0,58.0
570.0,175.0,31.0,58.0
570.0,174.0,31.0,58.0
570.0,174.0,31.0,58.0
570.0,175.0,31.0,58.0
570.0,175.0,31.0,58.0
569.0,175.0,31.0,58.0
570.0,175.0,31.0,58.0
569.0,175.0,31.0,58.0
570.0,175.0,30.0,58.0
570.0,176.0,30.0,58.0
570.0,176.0,30.0,58.0
571.0,176.0,30.0,58.0
571.0,176.0,30.0,58.0
572.0,177.0,30.0,58.0
573.0,177.0,30.0,58.0
574.0,178.0,30.0,58.0
575.0,178.0,30.0,58.0
575.0,179.0,30.0,58.0
576.0,179.0,30.0,58.0
577.0,179.0,30.0,58.0
577.0,178.0,30.0,58.0
577.0,178.0,30.0,58.0
578.0,178.0,30.0,58.0
578.0,179.0,30.0,58.0
578.0,179.0,30.0,58.0
579.0,179.0,30.0,58.0
580.0,179.0,30.0,58.0
581.0,179.0,31.0,58.0
581.0,180.0,31.0,58.0
582.0,181.0,31.0,58.0
583.0,182.0,31.0,58.0
583.0,182.0,31.0,58.0
585.0,181.0,31.0,58.0
585.0,181.0,31.0,59.0
586.0,181.0,31.0,59.0
587.0,181.0,31.0,59.0
588.0,180.0,31.0,59.0
589.0,180.0,31.0,58.0
590.0,180.0,31.0,58.0
590.0,180.0,31.0,58.0
592.0,181.0,30.0,58.0
593.0,181.0,30.0,58.0
595.0,181.0,30.0,58.0
596.0,183.0,30.0,57.0
597.0,184.0,30.0,57.0
598.0,185.0,30.0,56.0
600.0,185.0,30.0,57.0
601.0,186.0,30.0,56.0
603.0,186.0,29.0,56.0
604.0,187.0,29.0,55.0
606.0,188.0,29.0,55.0
607.0,188.0,29.0,54.0
609.0,189.0,29.0,53.0
611.0,190.0,29.0,53.0
612.0,190.0,28.0,53.0
614.0,190.0,28.0,53.0
615.0,189.0,28.0,53.0
616.0,189.0,28.0,53.0
617.0,191.0,28.0,53.0
619.0,193.0,28.0,53.0
620.0,194.0,28.0,53.0
621.0,194.0,28.0,53.0
623.0,194.0,28.0,54.0
624.0,194.0,28.0,55.0
625.0,195.0,28.0,55.0
626.0,196.0,28.0,55.0
629.0,196.0,28.0,55.0
629.0,197.0,28.0,55.0
632.0,197.0,28.0,55.0
633.0,197.0,28.0,55.0
633.0,198.0,28.0,54.0
636.0,199.0,28.0,54.0
636.0,200.0,28.0,53.0
638.0,200.0,28.0,53.0
638.0,201.0,28.0,53.0
640.0,201.0,28.0,53.0
641.0,202.0,29.0,54.0
642.0,203.0,29.0,54.0
643.0,204.0,29.0,54.0
644.0,205.0,29.0,54.0
645.0,206.0,29.0,54.0
646.0,207.0,29.0,54.0
648.0,208.0,29.0,54.0
650.0,209.0,29.0,54.0
652.0,210.0,29.0,54.0
653.0,211.0,29.0,54.0
655.0,211.0,29.0,54.0
656.0,211.0,29.0,55.0
657.0,212.0,29.0,55.0
660.0,214.0,29.0,55.0
662.0,215.0,29.0,55.0
662.0,215.0,29.0,55.0
665.0,216.0,29.0,55.0
665.0,216.0,29.0,55.0
667.0,217.0,29.0,55.0
668.0,218.0,29.0,55.0
669.0,219.0,29.0,55.0
670.0,220.0,29.0,55.0
672.0,222.0,29.0,54.0
673.0,223.0,29.0,54.0
675.0,224.0,29.0,54.0
676.0,225.0,29.0,54.0
678.0,226.0,29.0,54.0
679.0,227.0,29.0,53.0
682.0,229.0,29.0,52.0
683.0,231.0,29.0,51.0
686.0,231.0,29.0,52.0
687.0,231.0,29.0,53.0
689.0,231.0,29.0,54.0
691.0,232.0,29.0,54.0
693.0,233.0,29.0,54.0
695.0,234.0,28.0,54.0
697.0,234.0,28.0,55.0
698.0,235.0,28.0,55.0
699.0,235.0,28.0,55.0
702.0,236.0,28.0,55.0
704.0,237.0,28.0,56.0
706.0,237.0,28.0,56.0
708.0,239.0,28.0,56.0
710.0,240.0,28.0,56.0
712.0,241.0,28.0,56.0
714.0,242.0,28.0,56.0
715.0,243.0,28.0,55.0
718.0,244.0,28.0,55.0
720.0,245.0,28.0,55.0
722.0,244.0,28.0,54.0
724.0,245.0,28.0,54.0
725.0,245.0,29.0,55.0
726.0,246.0,29.0,55.0
728.0,247.0,30.0,55.0
728.0,247.0,30.0,55.0
726.0,248.0,30.0,55.0
724.0,248.0,30.0,55.0
719.0,249.0,30.0,55.0
714.0,249.0,30.0,55.0
707.0,249.0,30.0,55.0
699.0,250.0,31.0,55.0
691.0,249.0,31.0,55.0
682.0,249.0,31.0,56.0
674.0,249.0,31.0,56.0
667.0,249.0,31.0,56.0
659.0,249.0,31.0,56.0
652.0,249.0,31.0,56.0
644.0,249.0,31.0,56.0
637.0,249.0,30.0,56.0
631.0,249.0,30.0,56.0
624.0,249.0,30.0,56.0
618.0,250.0,30.0,56.0
613.0,250.0,30.0,56.0
609.0,251.0,30.0,56.0
604.0,252.0,30.0,56.0
600.0,253.0,30.0,56.0
598.0,253.0,30.0,56.0
595.0,253.0,30.0,56.0
593.0,254.0,30.0,56.0
592.0,254.0,30.0,56.0
591.0,254.0,30.0,56.0
591.0,255.0,30.0,55.0
591.0,256.0,31.0,55.0
593.0,256.0,30.0,54.0
594.0,256.0,30.0,54.0
596.0,257.0,30.0,53.0
598.0,257.0,30.0,53.0
600.0,257.0,30.0,53.0
601.0,257.0,30.0,53.0
603.0,258.0,30.0,53.0
605.0,259.0,30.0,53.0
606.0,260.0,30.0,53.0
608.0,261.0,30.0,53.0
610.0,261.0,30.0,53.0
611.0,262.0,30.0,53.0
614.0,262.0,30.0,53.0
615.0,262.0,30.0,53.0
616.0,263.0,30.0,53.0
618.0,263.0,30.0,53.0
619.0,263.0,30.0,54.0
621.0,263.0,31.0,56.0
623.0,263.0,31.0,57.0
625.0,262.0,30.0,57.0
627.0,262.0,30.0,57.0
628.0,262.0,29.0,57.0
630.0,262.0,29.0,57.0
632.0,262.0,29.0,57.0
634.0,262.0,29.0,57.0
636.0,262.0,29.0,57.0
637.0,263.0,29.0,57.0
639.0,263.0,29.0,57.0
641.0,263.0,29.0,58.0
643.0,264.0,30.0,58.0
645.0,264.0,30.0,58.0
647.0,264.0,30.0,58.0
649.0,264.0,30.0,58.0
651.0,264.0,30.0,57.0
653.0,263.0,30.0,58.0
655.0,263.0,30.0,57.0
657.0,263.0,31.0,57.0
658.0,262.0,31.0,57.0
660.0,262.0,31.0,57.0
662.0,261.0,31.0,57.0
663.0,261.0,30.0,57.0
665.0,261.0,30.0,57.0
666.0,261.0,30.0,57.0
668.0,261.0,29.0,56.0
669.0,262.0,29.0,56.0
672.0,262.0,29.0,56.0
672.0,263.0,29.0,56.0
674.0,264.0,29.0,55.0
675.0,265.0,29.0,54.0
677.0,265.0,29.0,54.0
678.0,265.0,29.0,54.0
680.0,265.0,30.0,55.0
681.0,265.0,30.0,55.0
683.0,265.0,30.0,55.0
683.0,265.0,31.0,55.0
683.0,264.0,31.0,55.0
682.0,264.0,31.0,56.0
680.0,263.0,31.0,56.0
676.0,263.0,31.0,55.0
673.0,263.0,31.0,55.0
668.0,263.0,31.0,55.0
661.0,263.0,31.0,55.0
654.0,263.0,31.0,55.0
647.0,263.0,31.0,55.0
639.0,263.0,31.0,55.0
631.0,264.0,31.0,55.0
623.0,264.0,31.0,55.0
614.0,264.0,31.0,55.0
605.0,263.0,31.0,55.0
597.0,264.0,31.0,55.0
587.0,264.0,31.0,55.0
578.0,265.0,31.0,55.0
570.0,266.0,31.0,55.0
562.0,265.0,31.0,56.0
554.0,265.0,31.0,58.0
547.0,265.0,31.0,58.0
541.0,265.0,31.0,57.0
535.0,266.0,30.0,56.0
530.0,266.0,30.0,54.0
525.0,266.0,30.0,54.0
521.0,267.0,30.0,54.0
517.0,267.0,30.0,54.0
514.0,267.0,30.0,54.0
510.0,268.0,30.0,54.0
508.0,268.0,30.0,54.0
506.0,268.0,30.0,55.0
505.0,269.0,30.0,56.0
503.0,269.0,31.0,58.0
503.0,270.0,31.0,58.0
502.0,269.0,31.0,59.0
502.0,268.0,31.0,60.0
503.0,268.0,31.0,60.0
504.0,267.0,31.0,60.0
506.0,266.0,31.0,60.0
507.0,267.0,31.0,59.0
508.0,266.0,31.0,58.0
509.0,267.0,31.0,58.0
511.0,267.0,31.0,58.0
512.0,266.0,31.0,57.0
513.0,266.0,31.0,56.0
516.0,266.0,31.0,57.0
517.0,266.0,31.0,58.0
519.0,266.0,31.0,58.0
521.0,266.0,31.0,58.0
523.0,266.0,31.0,58.0
525.0,266.0,31.0,58.0
527.0,265.0,31.0,58.0
529.0,265.0,31.0,58.0
531.0,264.0,31.0,58.0
532.0,263.0,31.0,58.0
535.0,263.0,31.0,58.0
537.0,262.0,31.0,58.0
539.0,261.0,31.0,59.0
540.0,261.0,31.0,59.0
542.0,260.0,31.0,59.0
543.0,260.0,31.0,59.0
545.0,259.0,31.0,59.0
547.0,259.0,31.0,59.0
548.0,259.0,31.0,59.0
550.0,259.0,31.0,59.0
551.0,259.0,31.0,59.0
552.0,259.0,31.0,59.0
553.0,259.0,31.0,59.0
555.0,259.0,31.0,59.0
557.0,258.0,31.0,59.0
558.0,257.0,31.0,59.0
559.0,256.0,31.0,59.0
561.0,256.0,31.0,60.0
562.0,254.0,31.0,61.0
563.0,253.0,31.0,61.0
565.0,253.0,31.0,61.0
565.0,252.0,31.0,60.0
567.0,252.0,31.0,59.0
568.0,251.0,31.0,58.0
570.0,251.0,31.0,57.0
571.0,250.0,31.0,56.0
573.0,251.0,31.0,56.0
575.0,251.0,31.0,56.0
577.0,251.0,31.0,58.0
578.0,250.0,31.0,58.0
579.0,250.0,31.0,59.0
581.0,249.0,31.0,60.0
582.0,248.0,32.0,62.0
585.0,247.0,32.0,62.0
586.0,246.0,32.0,63.0
588.0,246.0,32.0,63.0
590.0,244.0,32.0,62.0
591.0,243.0,32.0,62.0
594.0,242.0,32.0,62.0
596.0,241.0,31.0,61.0
598.0,240.0,31.0,61.0
599.0,240.0,31.0,61.0
601.0,240.0,31.0,60.0
603.0,240.0,31.0,58.0
604.0,239.0,31.0,59.0
606.0,239.0,31.0,60.0
607.0,238.0,31.0,60.0
608.0,238.0,31.0,59.0
610.0,238.0,31.0,59.0
611.0,238.0,31.0,59.0
613.0,237.0,31.0,60.0
614.0,235.0,31.0,60.0
616.0,234.0,31.0,60.0
617.0,234.0,31.0,61.0
618.0,233.0,31.0,61.0
619.0,232.0,31.0,61.0
620.0,231.0,31.0,61.0
620.0,230.0,31.0,61.0
621.0,230.0,31.0,60.0
620.0,229.0,32.0,61.0
621.0,228.0,32.0,61.0
621.0,228.0,32.0,61.0
621.0,228.0,32.0,60.0
620.0,227.0,32.0,59.0
620.0,227.0,32.0,59.0
619.0,227.0,31.0,59.0
619.0,227.0,31.0,60.0
619.0,227.0,30.0,61.0
619.0,227.0,30.0,61.0
618.0,227.0,30.0,61.0
617.0,227.0,30.0,61.0
615.0,226.0,30.0,61.0
613.0,225.0,30.0,60.0
612.0,225.0,30.0,60.0
610.0,224.0,30.0,60.0
607.0,223.0,30.0,59.0
605.0,222.0,30.0,59.0
603.0,222.0,30.0,59.0
600.0,222.0,30.0,59.0
597.0,222.0,30.0,59.0
594.0,221.0,30.0,58.0
591.0,221.0,30.0,58.0
587.0,220.0,30.0,58.0
583.0,220.0,30.0,58.0
579.0,221.0,31.0,57.0
576.0,220.0,31.0,57.0
574.0,220.0,31.0,57.0
570.0,220.0,31.0,57.0
568.0,220.0,31.0,57.0
565.0,219.0,31.0,57.0
564.0,219.0,31.0,57.0
561.0,218.0,31.0,57.0
560.0,218.0,31.0,57.0
559.0,217.0,31.0,57.0
556.0,217.0,31.0,57.0
555.0,217.0,31.0,57.0
554.0,217.0,31.0,57.0
552.0,217.0,31.0,57.0
551.0,217.0,31.0,57.0
549.0,217.0,31.0,57.0
548.0,217.0,31.0,57.0
547.0,217.0,31.0,57.0
546.0,217.0,32.0,59.0
545.0,217.0,32.0,59.0
544.0,217.0,32.0,59.0
543.0,217.0,32.0,59.0
542.0,217.0,32.0,59.0
541.0,216.0,33.0,61.0
540.0,216.0,33.0,61.0
539.0,215.0,33.0,62.0
539.0,215.0,33.0,62.0
539.0,215.0,33.0,62.0
538.0,215.0,33.0,62.0
538.0,215.0,33.0,62.0
538.0,215.0,33.0,61.0
538.0,215.0,33.0,60.0
539.0,215.0,33.0,61.0
540.0,215.0,33.0,61.0
541.0,215.0,33.0,62.0
542.0,216.0,33.0,62.0
542.0,216.0,33.0,62.0
543.0,217.0,33.0,62.0
544.0,217.0,33.0,62.0
546.0,217.0,33.0,62.0
546.0,217.0,33.0,62.0
547.0,217.0,33.0,62.0
548.0,217.0,33.0,62.0
549.0,216.0,33.0,62.0
550.0,216.0,33.0,62.0
550.0,216.0,33.0,62.0
550.0,216.0,33.0,62.0
552.0,217.0,33.0,61.0
553.0,217.0,33.0,60.0
555.0,218.0,33.0,60.0
556.0,218.0,33.0,60.0
557.0,218.0,33.0,60.0
558.0,218.0,33.0,60.0
558.0,218.0,33.0,61.0
559.0,218.0,33.0,62.0
560.0,219.0,33.0,63.0
562.0,219.0,33.0,63.0
563.0,219.0,33.0,63.0
565.0,219.0,33.0,62.0
566.0,220.0,33.0,63.0
567.0,220.0,33.0,63.0
569.0,220.0,33.0,63.0
570.0,220.0,33.0,63.0
572.0,221.0,33.0,64.0
573.0,221.0,33.0,64.0
574.0,221.0,33.0,64.0
576.0,221.0,33.0,64.0
577.0,221.0,33.0,63.0
578.0,222.0,33.0,63.0
579.0,222.0,33.0,63.0
581.0,223.0,33.0,62.0
582.0,223.0,33.0,62.0
582.0,224.0,33.0,62.0
583.0,224.0,33.0,62.0
584.0,225.0,32.0,62.0
584.0,226.0,32.0,62.0
584.0,226.0,32.0,62.0
584.0,227.0,32.0,62.0
584.0,227.0,32.0,62.0
585.0,227.0,33.0,62.0
585.0,228.0,33.0,62.0
586.0,229.0,33.0,62.0
587.0,230.0,33.0,62.0
587.0,231.0,33.0,62.0
588.0,232.0,33.0,62.0
588.0,232.0,33.0,62.0
589.0,232.0,33.0,62.0
590.0,232.0,33.0,62.0
591.0,232.0,32.0,62.0
592.0,232.0,32.0,62.0
593.0,233.0,32.0,62.0
594.0,234.0,32.0,62.0
595.0,234.0,32.0,62.0
596.0,235.0,32.0,62.0
597.0,235.0,32.0,62.0
598.0,235.0,32.0,62.0
599.0,236.0,32.0,62.0
600.0,236.0,32.0,62.0
600.0,236.0,32.0,62.0
600.0,236.0,32.0,62.0
601.0,236.0,32.0,62.0
601.0,237.0,32.0,62.0
601.0,237.0,32.0,62.0
601.0,237.0,32.0,62.0
602.0,237.0,32.0,62.0
602.0,238.0,32.0,62.0
602.0,237.0,33.0,62.0
603.0,237.0,33.0,62.0
604.0,237.0,33.0,63.0
606.0,237.0,33.0,63.0
607.0,237.0,33.0,64.0
608.0,237.0,33.0,65.0
610.0,237.0,33.0,65.0
611.0,237.0,33.0,65.0
612.0,236.0,33.0,66.0
613.0,236.0,33.0,67.0
614.0,236.0,33.0,67.0
615.0,236.0,32.0,67.0
617.0,235.0,32.0,67.0
617.0,235.0,32.0,67.0
620.0,235.0,32.0,67.0
621.0,234.0,32.0,67.0
621.0,234.0,32.0,66.0
621.0,234.0,32.0,65.0
621.0,234.0,33.0,65.0
620.0,234.0,33.0,65.0
619.0,235.0,33.0,65.0
618.0,235.0,33.0,64.0
617.0,235.0,33.0,64.0
616.0,235.0,33.0,64.0
614.0,236.0,33.0,64.0
611.0,236.0,33.0,64.0
609.0,237.0,33.0,64.0
607.0,237.0,33.0,64.0
605.0,237.0,33.0,64.0
602.0,238.0,33.0,64.0
600.0,238.0,33.0,64.0
597.0,238.0,33.0,65.0
595.0,239.0,33.0,65.0
592.0,239.0,33.0,66.0
590.0,240.0,33.0,65.0
587.0,240.0,33.0,65.0
584.0,241.0,33.0,65.0
582.0,241.0,33.0,64.0
580.0,242.0,33.0,64.0
578.0,243.0,33.0,62.0
574.0,243.0,33.0,62.0
572.0,244.0,34.0,63.0
569.0,244.0,34.0,63.0
568.0,244.0,34.0,63.0
566.0,244.0,34.0,63.0
565.0,244.0,34.0,63.0
564.0,244.0,34.0,64.0
564.0,244.0,35.0,65.0
564.0,244.0,35.0,67.0
564.0,244.0,35.0,67.0
565.0,244.0,35.0,67.0
565.0,245.0,35.0,67.0
567.0,246.0,35.0,67.0
569.0,246.0,36.0,67.0
572.0,247.0,35.0,67.0
574.0,248.0,35.0,67.0
576.0,248.0,35.0,67.0
578.0,249.0,35.0,67.0
580.0,249.0,35.0,67.0
582.0,251.0,35.0,67.0
584.0,251.0,35.0,67.0
585.0,252.0,35.0,67.0
587.0,252.0,35.0,67.0
588.0,253.0,35.0,67.0
590.0,253.0,35.0,67.0
591.0,254.0,35.0,67.0
593.0,255.0,35.0,67.0
595.0,256.0,34.0,67.0
597.0,256.0,33.0,67.0
597.0,257.0,32.0,67.0
600.0,257.0,32.0,66.0
601.0,259.0,32.0,66.0
603.0,260.0,32.0,66.0
604.0,261.0,32.0,66.0
606.0,262.0,32.0,66.0
607.0,263.0,32.0,66.0
609.0,263.0,32.0,66.0
610.0,264.0,32.0,66.0
612.0,265.0,32.0,66.0
612.0,266.0,32.0,66.0
613.0,266.0,32.0,66.0
612.0,267.0,33.0,66.0
611.0,268.0,33.0,66.0
611.0,268.0,33.0,66.0
609.0,269.0,33.0,66.0
607.0,270.0,33.0,66.0
606.0,271.0,34.0,66.0
603.0,273.0,35.0,66.0
602.0,273.0,34.0,66.0
599.0,274.0,34.0,66.0
597.0,275.0,34.0,66.0
596.0,276.0,34.0,66.0
593.0,276.0,34.0,66.0
591.0,278.0,34.0,66.0
588.0,279.0,34.0,66.0
587.0,279.0,34.0,66.0
585.0,279.0,34.0,66.0
583.0,281.0,34.0,66.0
580.0,281.0,34.0,66.0
579.0,282.0,34.0,66.0
577.0,282.0,34.0,66.0
575.0,283.0,34.0,66.0
574.0,284.0,34.0,66.0
573.0,284.0,34.0,67.0
571.0,284.0,34.0,68.0
569.0,284.0,34.0,68.0
569.0,285.0,34.0,68.0
568.0,286.0,34.0,68.0
567.0,287.0,34.0,68.0
566.0,287.0,34.0,68.0
565.0,288.0,34.0,68.0
564.0,288.0,34.0,68.0
563.0,288.0,34.0,68.0
563.0,289.0,34.0,68.0
562.0,289.0,34.0,68.0
561.0,289.0,34.0,68.0
560.0,289.0,34.0,68.0
559.0,290.0,34.0,68.0
558.0,289.0,34.0,69.0
557.0,289.0,34.0,69.0
555.0,289.0,34.0,69.0
553.0,289.0,34.0,69.0
552.0,290.0,34.0,69.0
550.0,290.0,34.0,69.0
549.0,289.0,35.0,69.0
547.0,289.0,35.0,69.0
546.0,289.0,35.0,69.0
544.0,289.0,35.0,69.0
543.0,289.0,36.0,71.0
540.0,289.0,36.0,71.0
539.0,288.0,36.0,71.0
538.0,288.0,36.0,71.0
536.0,288.0,36.0,71.0
534.0,287.0,36.0,71.0
532.0,287.0,36.0,71.0
531.0,286.0,36.0,71.0
528.0,285.0,36.0,71.0
527.0,285.0,36.0,71.0
525.0,285.0,36.0,71.0
524.0,284.0,36.0,71.0
523.0,283.0,36.0,71.0
522.0,282.0,36.0,71.0
521.0,282.0,36.0,71.0
519.0,281.0,36.0,71.0
519.0,280.0,36.0,71.0
517.0,280.0,36.0,71.0
516.0,279.0,36.0,72.0
515.0,278.0,35.0,72.0
514.0,277.0,36.0,72.0
513.0,276.0,36.0,72.0
512.0,275.0,37.0,72.0
511.0,274.0,37.0,72.0
510.0,273.0,37.0,72.0
510.0,272.0,37.0,72.0
510.0,271.0,37.0,72.0
510.0,270.0,37.0,71.0
511.0,269.0,37.0,71.0
511.0,268.0,37.0,71.0
511.0,266.0,37.0,71.0
511.0,265.0,37.0,71.0
511.0,264.0,37.0,71.0
511.0,262.0,37.0,71.0
512.0,261.0,37.0,71.0
512.0,260.0,37.0,71.0
513.0,259.0,37.0,71.0
514.0,258.0,37.0,70.0
515.0,256.0,37.0,70.0
515.0,255.0,37.0,71.0
517.0,253.0,37.0,71.0
517.0,251.0,37.0,71.0
518.0,250.0,37.0,71.0
519.0,248.0,37.0,71.0
520.0,247.0,37.0,71.0
520.0,245.0,37.0,71.0
521.0,244.0,37.0,71.0
521.0,242.0,37.0,71.0
522.0,241.0,37.0,71.0
522.0,239.0,37.0,71.0
522.0,238.0,37.0,71.0
523.0,237.0,37.0,71.0
523.0,237.0,37.0,71.0
524.0,235.0,37.0,71.0
524.0,234.0,37.0,71.0
525.0,233.0,37.0,71.0
525.0,232.0,37.0,71.0
525.0,231.0,37.0,70.0
525.0,230.0,37.0,70.0
525.0,229.0,37.0,70.0
525.0,227.0,37.0,70.0
525.0,226.0,37.0,70.0
525.0,225.0,38.0,70.0
525.0,223.0,38.0,70.0
525.0,222.0,38.0,70.0
524.0,221.0,38.0,70.0
524.0,219.0,38.0,70.0
524.0,218.0,37.0,70.0
524.0,217.0,37.0,70.0
523.0,216.0,37.0,70.0
522.0,215.0,37.0,70.0
522.0,213.0,37.0,70.0
521.0,212.0,38.0,70.0
520.0,211.0,38.0,70.0
519.0,208.0,38.0,70.0
518.0,206.0,38.0,70.0
517.0,205.0,38.0,71.0
516.0,203.0,38.0,71.0
515.0,201.0,39.0,73.0
513.0,199.0,39.0,73.0
513.0,198.0,39.0,73.0
513.0,197.0,39.0,73.0
513.0,195.0,39.0,73.0
513.0,194.0,39.0,73.0
513.0,192.0,39.0,73.0
513.0,191.0,39.0,73.0
513.0,189.0,39.0,74.0
513.0,188.0,38.0,75.0
513.0,188.0,38.0,75.0
513.0,187.0,38.0,75.0
512.0,186.0,38.0,75.0
512.0,185.0,38.0,75.0
512.0,184.0,38.0,75.0
510.0,184.0,38.0,74.0
510.0,184.0,38.0,74.0
510.0,184.0,38.0,74.0
510.0,184.0,38.0,74.0
510.0,184.0,38.0,74.0
509.0,184.0,38.0,74.0
509.0,184.0,38.0,74.0
509.0,183.0,38.0,74.0
509.0,183.0,38.0,74.0
509.0,183.0,38.0,74.0
509.0,183.0,38.0,74.0
507.0,182.0,38.0,74.0
507.0,182.0,38.0,74.0
506.0,182.0,38.0,74.0
506.0,181.0,38.0,75.0
505.0,180.0,38.0,75.0
505.0,180.0,38.0,75.0
506.0,180.0,38.0,75.0
505.0,179.0,38.0,75.0
505.0,179.0,38.0,75.0
505.0,178.0,38.0,76.0
505.0,177.0,38.0,75.0
505.0,178.0,38.0,74.0
504.0,177.0,39.0,74.0
503.0,177.0,40.0,74.0
503.0,176.0,41.0,75.0
502.0,176.0,41.0,75.0
502.0,177.0,41.0,74.0
502.0,176.0,41.0,74.0
501.0,176.0,41.0,75.0
501.0,175.0,41.0,75.0
500.0,175.0,41.0,75.0
499.0,175.0,41.0,75.0
498.0,175.0,41.0,75.0
498.0,175.0,41.0,75.0
497.0,175.0,41.0,75.0
495.0,176.0,41.0,75.0
494.0,176.0,41.0,75.0
492.0,176.0,41.0,75.0
491.0,176.0,41.0,75.0
489.0,176.0,41.0,75.0
487.0,176.0,41.0,75.0
484.0,175.0,42.0,76.0
482.0,176.0,42.0,76.0
480.0,176.0,44.0,77.0
478.0,175.0,45.0,78.0
476.0,175.0,46.0,78.0
475.0,175.0,46.0,79.0
474.0,175.0,46.0,79.0
473.0,175.0,45.0,79.0
471.0,176.0,45.0,79.0
471.0,176.0,45.0,79.0
470.0,176.0,45.0,80.0
468.0,177.0,45.0,81.0
467.0,177.0,45.0,84.0
465.0,178.0,45.0,85.0
464.0,179.0,45.0,85.0
464.0,180.0,45.0,85.0
462.0,182.0,45.0,85.0
462.0,182.0,45.0,85.0
461.0,184.0,45.0,85.0
460.0,184.0,45.0,85.0
459.0,185.0,45.0,85.0
458.0,185.0,46.0,86.0
456.0,186.0,46.0,86.0
456.0,186.0,46.0,86.0
455.0,186.0,46.0,86.0
454.0,186.0,46.0,86.0
453.0,186.0,46.0,86.0
452.0,186.0,46.0,86.0
451.0,186.0,46.0,86.0
450.0,186.0,46.0,86.0
449.0,185.0,46.0,87.0
447.0,185.0,46.0,87.0
447.0,185.0,46.0,87.0
445.0,185.0,46.0,87.0
444.0,185.0,46.0,87.0
442.0,185.0,46.0,87.0
440.0,186.0,46.0,87.0
438.0,187.0,46.0,87.0
436.0,187.0,46.0,87.0
433.0,187.0,46.0,87.0
431.0,188.0,46.0,87.0
428.0,188.0,49.0,87.0
424.0,188.0,51.0,87.0
421.0,188.0,53.0,89.0
418.0,187.0,52.0,89.0
415.0,187.0,50.0,89.0
412.0,186.0,49.0,89.0
410.0,186.0,49.0,89.0
407.0,185.0,48.0,89.0
404.0,184.0,47.0,89.0
401.0,184.0,49.0,91.0
397.0,183.0,51.0,92.0
395.0,182.0,53.0,93.0
393.0,182.0,53.0,94.0
391.0,182.0,53.0,94.0
390.0,181.0,53.0,95.0
389.0,181.0,53.0,95.0
387.0,180.0,53.0,96.0
387.0,180.0,53.0,97.0
386.0,180.0,53.0,97.0
385.0,180.0,53.0,97.0
386.0,181.0,53.0,97.0
386.0,182.0,53.0,97.0
386.0,183.0,53.0,97.0
387.0,183.0,53.0,97.0
388.0,184.0,53.0,97.0
390.0,184.0,53.0,97.0
391.0,184.0,53.0,97.0
392.0,184.0,53.0,97.0
392.0,184.0,53.0,97.0
393.0,184.0,53.0,97.0
392.0,182.0,53.0,98.0
392.0,181.0,53.0,98.0
390.0,179.0,53.0,98.0
389.0,177.0,54.0,99.0
387.0,176.0,54.0,99.0
384.0,175.0,54.0,99.0
382.0,174.0,54.0,100.0
378.0,174.0,54.0,100.0
374.0,173.0,54.0,100.0
371.0,172.0,54.0,99.0
365.0,172.0,54.0,99.0
360.0,171.0,54.0,99.0
356.0,171.0,54.0,99.0
351.0,171.0,54.0,99.0
346.0,171.0,54.0,99.0
341.0,171.0,54.0,99.0
336.0,170.0,54.0,99.0
331.0,170.0,54.0,99.0
325.0,169.0,54.0,99.0
320.0,168.0,54.0,99.0
315.0,167.0,54.0,99.0
309.0,166.0,54.0,100.0
305.0,165.0,54.0,100.0
301.0,163.0,55.0,102.0
297.0,161.0,55.0,103.0
292.0,159.0,55.0,105.0
287.0,155.0,56.0,107.0
283.0,153.0,57.0,109.0
280.0,152.0,59.0,109.0
276.0,151.0,60.0,110.0
277.0,149.0,60.0,110.0
278.0,148.0,60.0,110.0
278.0,147.0,61.0,110.0
284.0,147.0,61.0,110.0
290.0,147.0,61.0,110.0
298.0,147.0,61.0,110.0
307.0,147.0,61.0,110.0
318.0,141.0,61.0,110.0
331.0,136.0,61.0,110.0
341.0,137.0,61.0,110.0
350.0,137.0,61.0,110.0
364.0,133.0,61.0,110.0
378.0,127.0,61.0,110.0
392.0,122.0,61.0,110.0
407.0,116.0,61.0,110.0
423.0,111.0,61.0,110.0
439.0,107.0,61.0,110.0
454.0,103.0,62.0,111.0
470.0,99.0,62.0,112.0
487.0,96.0,62.0,112.0
502.0,93.0,62.0,113.0
515.0,92.0,62.0,113.0
528.0,90.0,61.0,112.0
540.0,88.0,60.0,111.0
548.0,89.0,60.0,111.0
556.0,88.0,60.0,111.0
564.0,87.0,60.0,111.0
570.0,85.0,60.0,111.0
576.0,84.0,60.0,111.0
581.0,83.0,60.0,111.0
584.0,83.0,60.0,111.0
588.0,83.0,60.0,111.0
590.0,81.0,60.0,111.0
590.0,81.0,60.0,111.0
591.0,81.0,60.0,111.0
590.0,80.0,60.0,111.0
590.0,79.0,60.0,111.0
589.0,77.0,60.0,111.0
589.0,76.0,60.0,111.0
588.0,75.0,60.0,111.0
588.0,75.0,60.0,111.0
588.0,74.0,60.0,111.0
587.0,73.0,60.0,111.0
585.0,72.0,60.0,111.0
584.0,71.0,60.0,111.0
584.0,71.0,60.0,111.0
583.0,70.0,60.0,111.0
581.0,70.0,60.0,111.0
581.0,69.0,60.0,111.0
579.0,69.0,60.0,111.0
578.0,68.0,60.0,111.0
577.0,68.0,60.0,111.0
577.0,68.0,60.0,111.0
575.0,67.0,60.0,111.0
575.0,66.0,60.0,112.0
574.0,66.0,61.0,115.0
574.0,66.0,62.0,116.0
574.0,65.0,62.0,116.0
573.0,65.0,62.0,116.0
573.0,65.0,62.0,116.0
573.0,66.0,62.0,116.0
573.0,66.0,62.0,116.0
573.0,65.0,63.0,116.0
573.0,65.0,63.0,118.0
574.0,66.0,63.0,118.0
574.0,66.0,64.0,119.0
574.0,66.0,65.0,119.0
575.0,67.0,64.0,119.0
576.0,67.0,64.0,120.0
578.0,68.0,64.0,120.0
580.0,68.0,64.0,121.0
583.0,69.0,64.0,121.0
587.0,69.0,64.0,121.0
590.0,69.0,64.0,121.0
592.0,69.0,64.0,121.0
596.0,68.0,62.0,121.0
602.0,67.0,61.0,121.0
607.0,66.0,59.0,120.0
608.0,66.0,60.0,120.0
610.0,66.0,61.0,120.0
612.0,66.0,61.0,120.0
614.0,67.0,62.0,120.0
617.0,67.0,63.0,120.0
619.0,68.0,63.0,119.0
623.0,69.0,62.0,117.0
627.0,70.0,62.0,117.0
631.0,70.0,62.0,117.0
635.0,70.0,62.0,117.0
640.0,70.0,62.0,117.0
643.0,70.0,62.0,117.0
649.0,70.0,62.0,117.0
654.0,69.0,62.0,117.0
658.0,68.0,62.0,117.0
661.0,67.0,62.0,117.0
665.0,67.0,62.0,117.0
669.0,67.0,62.0,117.0
669.0,64.0,62.0,117.0
672.0,63.0,63.0,119.0
673.0,62.0,63.0,119.0
673.0,61.0,63.0,119.0
672.0,62.0,63.0,119.0
670.0,62.0,63.0,119.0
668.0,62.0,63.0,119.0
665.0,62.0,63.0,119.0
661.0,63.0,63.0,119.0
657.0,62.0,63.0,117.0
654.0,63.0,63.0,116.0
651.0,63.0,63.0,114.0
647.0,62.0,63.0,113.0
643.0,62.0,63.0,112.0
639.0,61.0,63.0,111.0
632.0,59.0,63.0,111.0
624.0,57.0,62.0,111.0
617.0,56.0,62.0,111.0
610.0,53.0,62.0,113.0
603.0,51.0,62.0,114.0
596.0,50.0,62.0,116.0
591.0,49.0,62.0,116.0
586.0,48.0,61.0,116.0
581.0,48.0,59.0,116.0
576.0,48.0,59.0,116.0
572.0,48.0,59.0,116.0
569.0,49.0,59.0,116.0
566.0,49.0,59.0,116.0
565.0,49.0,59.0,116.0
564.0,49.0,59.0,116.0
564.0,46.0,59.0,116.0
565.0,45.0,59.0,116.0
565.0,43.0,59.0,116.0
567.0,42.0,59.0,116.0
569.0,39.0,58.0,116.0
572.0,37.0,57.0,116.0
574.0,34.0,57.0,116.0
577.0,33.0,57.0,116.0
580.0,32.0,57.0,116.0
584.0,31.0,58.0,116.0
587.0,31.0,59.0,116.0
591.0,31.0,59.0,116.0
596.0,31.0,59.0,116.0
600.0,32.0,59.0,116.0
604.0,33.0,59.0,116.0
609.0,33.0,59.0,116.0
614.0,34.0,59.0,116.0
620.0,33.0,59.0,116.0
624.0,33.0,59.0,116.0
627.0,31.0,59.0,116.0
630.0,30.0,59.0,116.0
633.0,28.0,59.0,116.0
635.0,27.0,59.0,114.0
637.0,25.0,59.0,114.0
635.0,24.0,59.0,114.0
633.0,22.0,59.0,114.0
631.0,21.0,59.0,114.0
627.0,20.0,59.0,115.0
622.0,20.0,59.0,117.0
618.0,20.0,58.0,116.0
611.0,20.0,58.0,116.0
604.0,21.0,58.0,116.0
596.0,22.0,58.0,116.0
588.0,22.0,57.0,116.0
579.0,22.0,57.0,116.0
571.0,22.0,57.0,116.0
562.0,22.0,57.0,116.0
553.0,20.0,57.0,116.0
544.0,20.0,57.0,116.0
534.0,19.0,57.0,117.0
524.0,18.0,57.0,117.0
514.0,17.0,57.0,117.0
505.0,16.0,58.0,119.0
497.0,15.0,58.0,119.0
488.0,15.0,58.0,119.0
481.0,15.0,58.0,119.0
475.0,15.0,57.0,117.0
470.0,15.0,57.0,116.0
466.0,17.0,57.0,116.0
464.0,17.0,57.0,116.0
462.0,18.0,57.0,116.0
462.0,18.0,57.0,116.0
463.0,19.0,56.0,115.0
464.0,19.0,56.0,115.0
467.0,19.0,56.0,115.0
471.0,19.0,56.0,115.0
475.0,17.0,57.0,116.0
479.0,16.0,57.0,116.0
484.0,14.0,57.0,116.0
488.0,12.0,57.0,116.0
492.0,11.0,57.0,115.0
497.0,11.0,57.0,114.0
501.0,10.0,57.0,113.0
505.0,9.0,57.0,113.0
508.0,9.0,57.0,113.0
511.0,8.0,57.0,114.0
515.0,8.0,57.0,113.0
518.0,8.0,57.0,113.0
522.0,8.0,57.0,113.0
526.0,8.0,57.0,115.0
529.0,8.0,57.0,115.0
533.0,8.0,56.0,115.0
537.0,9.0,56.0,115.0
542.0,9.0,56.0,115.0
545.0,8.0,56.0,115.0
546.0,8.0,56.0,115.0
546.0,8.0,56.0,115.0
545.0,7.0,56.0,115.0
541.0,7.0,56.0,114.0
536.0,7.0,56.0,113.0
531.0,6.0,56.0,112.0
526.0,6.0,56.0,112.0
520.0,6.0,56.0,112.0
514.0,6.0,56.0,112.0
506.0,6.0,57.0,112.0
499.0,6.0,58.0,112.0
491.0,6.0,59.0,112.0
483.0,7.0,57.0,112.0
475.0,7.0,56.0,112.0
467.0,7.0,55.0,112.0
458.0,8.0,54.0,112.0
451.0,8.0,54.0,112.0
442.0,9.0,54.0,112.0
434.0,9.0,54.0,113.0
426.0,9.0,54.0,115.0
419.0,8.0,54.0,117.0
412.0,8.0,54.0,116.0
404.0,8.0,54.0,115.0
398.0,7.0,54.0,114.0
392.0,7.0,54.0,114.0
385.0,7.0,55.0,114.0
380.0,7.0,56.0,114.0
376.0,7.0,56.0,114.0
372.0,7.0,56.0,114.0
370.0,7.0,56.0,114.0
368.0,7.0,56.0,114.0
367.0,7.0,56.0,114.0
365.0,7.0,56.0,114.0
367.0,7.0,56.0,114.0
368.0,7.0,56.0,114.0
370.0,7.0,56.0,114.0
373.0,7.0,56.0,114.0
376.0,7.0,56.0,114.0
379.0,7.0,56.0,114.0
382.0,6.0,56.0,114.0
384.0,5.0,56.0,114.0
385.0,3.0,56.0,114.0
388.0,3.0,56.0,112.0
390.0,3.0,56.0,111.0
392.0,2.0,56.0,110.0
395.0,2.0,56.0,109.0
398.0,2.0,56.0,109.0
400.0,2.0,56.0,108.0
404.0,2.0,57.0,108.0
405.0,2.0,57.0,108.0
409.0,2.0,57.0,108.0
410.0,2.0,57.0,108.0
414.0,2.0,57.0,108.0
417.0,3.0,57.0,108.0
419.0,3.0,57.0,110.0
423.0,4.0,55.0,112.0
426.0,4.0,54.0,113.0
429.0,4.0,54.0,113.0
433.0,3.0,54.0,113.0
436.0,3.0,54.0,113.0
439.0,2.0,54.0,112.0
442.0,2.0,54.0,112.0
445.0,2.0,54.0,110.0
446.0,2.0,54.0,110.0
447.0,2.0,54.0,110.0
448.0,2.0,54.0,110.0
449.0,3.0,54.0,110.0
449.0,3.0,54.0,110.0
450.0,3.0,54.0,110.0
450.0,4.0,54.0,111.0
449.0,5.0,54.0,112.0
449.0,6.0,54.0,112.0
447.0,6.0,54.0,114.0
445.0,7.0,54.0,115.0
444.0,8.0,54.0,115.0
442.0,8.0,54.0,115.0
441.0,10.0,53.0,114.0
438.0,11.0,53.0,114.0
436.0,11.0,53.0,114.0
434.0,11.0,53.0,115.0
431.0,11.0,53.0,117.0
427.0,11.0,53.0,116.0
424.0,11.0,53.0,115.0
420.0,12.0,53.0,114.0
416.0,12.0,53.0,114.0
412.0,12.0,53.0,114.0
409.0,13.0,53.0,114.0
405.0,14.0,54.0,114.0
402.0,15.0,55.0,113.0
399.0,16.0,55.0,113.0
397.0,17.0,55.0,113.0
396.0,18.0,55.0,114.0
395.0,19.0,55.0,114.0
395.0,20.0,55.0,114.0
394.0,22.0,55.0,114.0
395.0,23.0,55.0,114.0
395.0,24.0,55.0,114.0
397.0,25.0,55.0,114.0
398.0,26.0,55.0,114.0
399.0,26.0,55.0,114.0
401.0,26.0,55.0,114.0
402.0,26.0,55.0,114.0
404.0,25.0,55.0,114.0
405.0,26.0,55.0,114.0
407.0,25.0,55.0,114.0
409.0,26.0,55.0,114.0
410.0,26.0,55.0,114.0
412.0,26.0,55.0,114.0
414.0,27.0,55.0,114.0
415.0,28.0,55.0,114.0
416.0,29.0,55.0,114.0
416.0,29.0,55.0,114.0
417.0,30.0,55.0,115.0
418.0,30.0,55.0,115.0
416.0,32.0,55.0,115.0
415.0,33.0,56.0,115.0
413.0,34.0,57.0,115.0
410.0,35.0,57.0,117.0
407.0,36.0,57.0,117.0
404.0,36.0,57.0,118.0
400.0,37.0,57.0,118.0
397.0,37.0,57.0,118.0
392.0,37.0,57.0,118.0
387.0,38.0,57.0,117.0
382.0,38.0,57.0,116.0
377.0,40.0,57.0,115.0
372.0,41.0,57.0,115.0
367.0,42.0,57.0,115.0
362.0,44.0,57.0,115.0
357.0,45.0,57.0,115.0
353.0,46.0,57.0,115.0
348.0,48.0,57.0,115.0
344.0,50.0,57.0,116.0
340.0,51.0,57.0,117.0
336.0,53.0,56.0,116.0
333.0,55.0,56.0,117.0
330.0,56.0,56.0,118.0
328.0,57.0,56.0,118.0
327.0,59.0,56.0,118.0
327.0,61.0,56.0,117.0
326.0,62.0,56.0,116.0
326.0,61.0,56.0,117.0
326.0,61.0,56.0,118.0
326.0,60.0,56.0,118.0
326.0,60.0,56.0,117.0
327.0,59.0,56.0,116.0
329.0,59.0,56.0,115.0
330.0,59.0,56.0,115.0
331.0,59.0,56.0,114.0
332.0,59.0,56.0,113.0
334.0,59.0,56.0,114.0
336.0,59.0,56.0,115.0
338.0,60.0,56.0,115.0
340.0,60.0,56.0,115.0
341.0,60.0,56.0,116.0
343.0,60.0,56.0,116.0
346.0,60.0,56.0,116.0
348.0,60.0,56.0,116.0
350.0,60.0,56.0,116.0
354.0,60.0,56.0,117.0
355.0,59.0,56.0,117.0
357.0,58.0,56.0,117.0
360.0,57.0,56.0,117.0
362.0,55.0,56.0,117.0
364.0,53.0,56.0,117.0
367.0,52.0,56.0,116.0
368.0,51.0,56.0,115.0
372.0,50.0,56.0,114.0
372.0,49.0,56.0,114.0
375.0,48.0,56.0,113.0
377.0,47.0,56.0,112.0
380.0,46.0,56.0,113.0
383.0,46.0,56.0,112.0
385.0,45.0,56.0,113.0
389.0,45.0,55.0,112.0
391.0,45.0,55.0,112.0
394.0,45.0,55.0,112.0
396.0,44.0,55.0,112.0
399.0,44.0,55.0,113.0
402.0,43.0,55.0,113.0
404.0,43.0,54.0,113.0
407.0,42.0,54.0,113.0
408.0,41.0,53.0,114.0
411.0,40.0,53.0,114.0
413.0,38.0,53.0,114.0
416.0,37.0,53.0,114.0
418.0,35.0,53.0,113.0
419.0,34.0,53.0,113.0
420.0,33.0,53.0,112.0
422.0,32.0,54.0,111.0
423.0,31.0,55.0,111.0
424.0,30.0,57.0,112.0
425.0,29.0,57.0,112.0
427.0,29.0,57.0,112.0
428.0,28.0,57.0,112.0
429.0,28.0,56.0,112.0
429.0,27.0,56.0,113.0
431.0,27.0,55.0,114.0
431.0,27.0,55.0,114.0
433.0,27.0,55.0,114.0
433.0,26.0,55.0,114.0
434.0,26.0,55.0,115.0
436.0,24.0,55.0,116.0
437.0,23.0,55.0,117.0
437.0,22.0,55.0,117.0
439.0,20.0,55.0,117.0
439.0,19.0,55.0,117.0
440.0,17.0,55.0,115.0
443.0,16.0,55.0,114.0
443.0,15.0,55.0,113.0
445.0,14.0,55.0,112.0
447.0,14.0,55.0,112.0
449.0,13.0,55.0,111.0
450.0,12.0,55.0,111.0
453.0,12.0,55.0,111.0
454.0,11.0,55.0,111.0
456.0,11.0,55.0,111.0
458.0,11.0,55.0,111.0
460.0,11.0,55.0,111.0
462.0,11.0,55.0,111.0
464.0,10.0,55.0,111.0
466.0,9.0,55.0,111.0
468.0,9.0,54.0,112.0
471.0,9.0,54.0,113.0
473.0,8.0,54.0,114.0
475.0,8.0,54.0,114.0
477.0,6.0,55.0,115.0
480.0,5.0,55.0,115.0
482.0,4.0,55.0,114.0
484.0,2.0,56.0,113.0
486.0,2.0,56.0,113.0
488.0,1.0,56.0,110.0
489.0,-0.0,56.0,110.0
491.0,-1.0,56.0,108.0
493.0,-2.0,56.0,108.0
494.0,-2.0,56.0,108.0
496.0,-3.0,56.0,108.0
495.0,-3.0,57.0,108.0
494.0,-4.0,57.0,108.0
494.0,-4.0,58.0,108.0
494.0,-5.0,58.0,108.0
492.0,-5.0,58.0,108.0
492.0,-5.0,58.0,108.0
490.0,-6.0,58.0,108.0
488.0,-6.0,58.0,108.0
486.0,-7.0,58.0,108.0
483.0,-8.0,58.0,108.0
481.0,-8.0,58.0,108.0
478.0,-9.0,58.0,108.0
474.0,-9.0,58.0,107.0
470.0,-10.0,58.0,106.0
467.0,-10.0,58.0,104.0
460.0,-12.0,58.0,104.0
456.0,-12.0,58.0,103.0
451.0,-12.0,58.0,102.0
444.0,-12.0,58.0,103.0
438.0,-13.0,58.0,103.0
431.0,-13.0,58.0,104.0
423.0,-13.0,58.0,105.0
416.0,-13.0,58.0,106.0
409.0,-13.0,58.0,106.0
402.0,-13.0,58.0,106.0
395.0,-13.0,58.0,106.0
389.0,-12.0,58.0,107.0
382.0,-12.0,58.0,107.0
376.0,-12.0,58.0,106.0
373.0,-12.0,58.0,106.0
368.0,-13.0,58.0,106.0
367.0,-14.0,58.0,106.0
365.0,-14.0,58.0,106.0
364.0,-16.0,59.0,106.0
363.0,-17.0,60.0,104.0
363.0,-18.0,60.0,103.0
364.0,-19.0,60.0,102.0
365.0,-19.0,60.0,100.0
365.0,-20.0,60.0,99.0
368.0,-22.0,60.0,99.0
370.0,-22.0,60.0,99.0
371.0,-23.0,62.0,100.0
374.0,-24.0,62.0,100.0
375.0,-24.0,62.0,100.0
377.0,-24.0,62.0,101.0
379.0,-24.0,62.0,101.0
381.0,-24.0,62.0,101.0
383.0,-24.0,62.0,101.0
385.0,-23.0,62.0,101.0
387.0,-23.0,62.0,101.0
389.0,-23.0,62.0,101.0
391.0,-23.0,62.0,101.0
393.0,-24.0,62.0,101.0
395.0,-25.0,62.0,101.0
396.0,-26.0,62.0,99.0
397.0,-27.0,62.0,98.0
398.0,-27.0,62.0,96.0
400.0,-28.0,62.0,95.0
401.0,-28.0,62.0,95.0
402.0,-29.0,62.0,95.0
403.0,-29.0,62.0,95.0
406.0,-29.0,62.0,96.0
407.0,-29.0,62.0,97.0
409.0,-30.0,62.0,98.0
410.0,-30.0,62.0,98.0
411.0,-31.0,62.0,100.0
412.0,-31.0,62.0,100.0
413.0,-31.0,62.0,100.0
413.0,-30.0,62.0,100.0
415.0,-29.0,62.0,100.0
416.0,-29.0,62.0,100.0
417.0,-29.0,62.0,100.0
419.0,-30.0,62.0,100.0
419.0,-30.0,62.0,100.0
420.0,-31.0,62.0,99.0
421.0,-32.0,61.0,98.0
422.0,-32.0,60.0,97.0
422.0,-32.0,60.0,95.0
423.0,-32.0,60.0,95.0
424.0,-32.0,60.0,95.0
425.0,-32.0,60.0,95.0
426.0,-31.0,60.0,95.0
427.0,-31.0,60.0,95.0
427.0,-31.0,60.0,95.0
428.0,-30.0,60.0,95.0
428.0,-30.0,60.0,95.0
428.0,-29.0,60.0,95.0
428.0,-28.0,60.0,95.0
428.0,-28.0,60.0,95.0
428.0,-27.0,60.0,95.0
428.0,-27.0,60.0,96.0
428.0,-27.0,60.0,97.0
429.0,-27.0,60.0,99.0
428.0,-27.0,60.0,99.0
428.0,-28.0,60.0,99.0
428.0,-28.0,60.0,99.0
427.0,-28.0,60.0,97.0
427.0,-28.0,60.0,96.0
427.0,-28.0,60.0,95.0
426.0,-28.0,60.0,95.0
426.0,-28.0,60.0,95.0
427.0,-29.0,60.0,95.0
426.0,-28.0,60.0,96.0
426.0,-28.0,60.0,97.0
426.0,-28.0,62.0,99.0
426.0,-29.0,63.0,102.0
426.0,-29.0,63.0,104.0
426.0,-28.0,63.0,105.0
426.0,-28.0,64.0,107.0
427.0,-27.0,64.0,107.0
428.0,-26.0,64.0,108.0
429.0,-24.0,64.0,108.0
430.0,-24.0,64.0,108.0
432.0,-24.0,63.0,107.0
432.0,-23.0,63.0,107.0
433.0,-22.0,63.0,106.0
434.0,-22.0,63.0,106.0
434.0,-20.0,63.0,106.0
435.0,-19.0,63.0,106.0
435.0,-19.0,63.0,107.0
435.0,-17.0,63.0,107.0
436.0,-17.0,63.0,107.0
437.0,-15.0,63.0,107.0
437.0,-14.0,63.0,109.0
437.0,-13.0,63.0,111.0
437.0,-12.0,63.0,113.0
437.0,-9.0,63.0,114.0
438.0,-9.0,63.0,116.0
438.0,-7.0,63.0,117.0
438.0,-6.0,63.0,119.0
439.0,-3.0,63.0,120.0
439.0,-3.0,63.0,121.0
439.0,-2.0,63.0,122.0
439.0,-0.0,63.0,123.0
440.0,-0.0,64.0,125.0
439.0,-0.0,65.0,126.0
440.0,1.0,65.0,126.0
440.0,2.0,65.0,126.0
440.0,2.0,65.0,126.0
441.0,3.0,65.0,126.0
441.0,3.0,65.0,126.0
441.0,6.0,65.0,127.0
441.0,7.0,65.0,128.0
442.0,7.0,65.0,129.0
442.0,8.0,65.0,130.0
443.0,11.0,65.0,132.0
444.0,12.0,64.0,131.0
445.0,13.0,64.0,133.0
446.0,16.0,64.0,134.0
448.0,17.0,64.0,135.0
449.0,19.0,64.0,136.0
451.0,22.0,64.0,137.0
452.0,24.0,64.0,137.0
454.0,25.0,64.0,137.0
456.0,25.0,64.0,137.0
459.0,26.0,64.0,137.0
460.0,25.0,65.0,139.0
463.0,25.0,65.0,140.0
465.0,25.0,65.0,140.0
466.0,27.0,65.0,140.0
468.0,26.0,66.0,141.0
469.0,27.0,66.0,141.0
470.0,29.0,66.0,141.0
471.0,30.0,66.0,141.0
473.0,31.0,66.0,141.0
474.0,33.0,66.0,141.0
477.0,35.0,66.0,141.0
479.0,37.0,66.0,141.0
481.0,39.0,66.0,142.0
483.0,40.0,66.0,143.0
485.0,43.0,65.0,142.0
487.0,45.0,65.0,142.0
489.0,46.0,65.0,142.0
491.0,48.0,65.0,142.0
493.0,49.0,65.0,141.0
495.0,49.0,65.0,141.0
498.0,50.0,65.0,141.0
500.0,51.0,65.0,140.0
501.0,51.0,65.0,140.0
503.0,52.0,65.0,139.0
505.0,52.0,65.0,139.0
507.0,53.0,65.0,139.0
509.0,55.0,65.0,139.0
511.0,56.0,65.0,139.0
514.0,57.0,65.0,139.0
516.0,59.0,65.0,139.0
519.0,61.0,65.0,139.0
521.0,63.0,65.0,139.0
524.0,66.0,65.0,139.0
527.0,69.0,65.0,139.0
531.0,72.0,65.0,138.0
535.0,76.0,65.0,138.0
538.0,78.0,65.0,138.0
543.0,79.0,65.0,138.0
547.0,81.0,65.0,138.0
550.0,81.0,65.0,139.0
553.0,82.0,65.0,139.0
557.0,81.0,66.0,140.0
560.0,82.0,68.0,143.0
564.0,83.0,68.0,144.0
567.0,85.0,68.0,144.0
570.0,86.0,69.0,143.0
573.0,88.0,69.0,142.0
576.0,89.0,70.0,141.0
579.0,91.0,70.0,141.0
582.0,93.0,70.0,141.0
584.0,95.0,70.0,141.0
584.0,97.0,70.0,142.0
582.0,99.0,70.0,142.0
581.0,101.0,70.0,143.0
578.0,105.0,70.0,143.0
573.0,107.0,70.0,143.0
569.0,110.0,70.0,143.0
562.0,112.0,70.0,145.0
555.0,114.0,70.0,148.0
549.0,116.0,70.0,150.0
540.0,118.0,70.0,150.0
531.0,119.0,70.0,150.0
522.0,121.0,70.0,150.0
512.0,122.0,70.0,150.0
502.0,123.0,70.0,150.0
491.0,124.0,70.0,150.0
480.0,125.0,71.0,149.0
468.0,126.0,72.0,148.0
457.0,128.0,72.0,147.0
447.0,130.0,72.0,147.0
437.0,132.0,72.0,146.0
428.0,134.0,72.0,144.0
420.0,137.0,71.0,143.0
412.0,139.0,70.0,141.0
405.0,142.0,70.0,140.0
