1130.0,188.0,110.0,172.0
1061.0,161.0,109.0,171.0
987.0,131.0,107.0,168.0
915.0,103.0,110.0,174.0
837.0,82.0,114.0,178.0
754.0,65.0,115.0,181.0
670.0,56.0,114.0,181.0
589.0,54.0,115.0,182.0
505.0,53.0,113.0,177.0
427.0,59.0,115.0,182.0
359.0,59.0,110.0,191.0
297.0,69.0,111.0,192.0
256.0,85.0,108.0,188.0
213.0,94.0,110.0,191.0
189.0,96.0,116.0,202.0
174.0,103.0,120.0,199.0
161.0,113.0,120.0,199.0
147.0,118.0,121.0,200.0
134.0,127.0,118.0,196.0
124.0,140.0,119.0,196.0
114.0,138.0,125.0,203.0
110.0,147.0,123.0,200.0
97.0,138.0,123.0,200.0
93.0,144.0,122.0,200.0
89.0,147.0,121.0,197.0
81.0,146.0,115.0,196.0
76.0,148.0,117.0,199.0
76.0,148.0,117.0,199.0
77.0,142.0,118.0,200.0
84.0,142.0,118.0,200.0
93.0,142.0,123.0,203.0
99.0,128.0,125.0,205.0
118.0,124.0,122.0,202.0
149.0,114.0,122.0,201.0
192.0,94.0,120.0,197.0
229.0,87.0,120.0,200.0
274.0,71.0,121.0,201.0
322.0,56.0,123.0,204.0
366.0,51.0,121.0,201.0
412.0,47.0,120.0,200.0
461.0,41.0,115.0,204.0
505.0,40.0,113.0,202.0
549.0,39.0,115.0,205.0
590.0,39.0,113.0,202.0
633.0,41.0,112.0,200.0
673.0,48.0,103.0,197.0
711.0,48.0,100.0,192.0
740.0,49.0,101.0,193.0
761.0,46.0,102.0,196.0
773.0,53.0,101.0,195.0
784.0,51.0,103.0,194.0
792.0,53.0,101.0,191.0
801.0,51.0,102.0,194.0
805.0,55.0,101.0,190.0
813.0,55.0,101.0,189.0
821.0,60.0,101.0,188.0
824.0,63.0,101.0,188.0
826.0,60.0,102.0,190.0
830.0,60.0,102.0,190.0
835.0,57.0,104.0,192.0
835.0,57.0,103.0,191.0
836.0,56.0,103.0,189.0
842.0,48.0,103.0,189.0
841.0,47.0,104.0,192.0
837.0,46.0,104.0,191.0
833.0,42.0,106.0,196.0
824.0,44.0,104.0,192.0
812.0,38.0,104.0,193.0
796.0,38.0,104.0,192.0
784.0,36.0,102.0,190.0
772.0,35.0,101.0,186.0
756.0,29.0,101.0,187.0
741.0,30.0,99.0,184.0
727.0,30.0,98.0,182.0
710.0,23.0,99.0,185.0
701.0,20.0,100.0,183.0
692.0,18.0,101.0,184.0
684.0,9.0,101.0,185.0
675.0,12.0,104.0,188.0
671.0,10.0,103.0,188.0
661.0,17.0,106.0,182.0
658.0,14.0,105.0,181.0
656.0,11.0,105.0,181.0
651.0,8.0,105.0,181.0
646.0,5.0,105.0,181.0
647.0,4.0,100.0,182.0
645.0,-3.0,100.0,182.0
641.0,-3.0,100.0,182.0
638.0,-8.0,100.0,184.0
637.0,-6.0,98.0,178.0
635.0,-4.0,102.0,184.0
633.0,-5.0,102.0,184.0
629.0,-3.0,101.0,183.0
627.0,-6.0,101.0,181.0
621.0,-2.0,102.0,183.0
621.0,-2.0,96.0,178.0
621.0,-1.0,96.0,177.0
615.0,-4.0,96.0,177.0
615.0,-7.0,95.0,176.0
612.0,-5.0,96.0,178.0
607.0,-11.0,103.0,182.0
604.0,-9.0,103.0,180.0
601.0,-11.0,103.0,181.0
600.0,-10.0,103.0,181.0
597.0,-10.0,103.0,180.0
597.0,-10.0,99.0,177.0
593.0,-8.0,99.0,175.0
593.0,-12.0,98.0,173.0
594.0,-14.0,98.0,174.0
594.0,-14.0,98.0,174.0
595.0,-16.0,95.0,175.0
595.0,-16.0,95.0,175.0
593.0,-16.0,93.0,171.0
593.0,-15.0,93.0,171.0
593.0,-14.0,92.0,169.0
591.0,-15.0,92.0,170.0
587.0,-13.0,93.0,171.0
589.0,-13.0,92.0,170.0
587.0,-16.0,93.0,171.0
587.0,-16.0,93.0,171.0
585.0,-19.0,97.0,171.0
585.0,-19.0,97.0,171.0
586.0,-19.0,96.0,169.0
585.0,-19.0,96.0,169.0
585.0,-19.0,96.0,169.0
588.0,-16.0,91.0,164.0
589.0,-13.0,90.0,162.0
589.0,-8.0,91.0,163.0
589.0,-3.0,89.0,161.0
591.0,12.0,89.0,160.0
592.0,9.0,89.0,167.0
592.0,15.0,89.0,167.0
594.0,30.0,89.0,165.0
595.0,36.0,89.0,167.0
596.0,49.0,89.0,167.0
598.0,58.0,88.0,166.0
599.0,65.0,89.0,166.0
600.0,82.0,89.0,168.0
601.0,94.0,91.0,171.0
602.0,107.0,90.0,168.0
603.0,118.0,94.0,173.0
608.0,134.0,94.0,173.0
607.0,142.0,94.0,173.0
608.0,145.0,94.0,173.0
610.0,145.0,95.0,176.0
612.0,150.0,94.0,170.0
615.0,152.0,93.0,168.0
617.0,152.0,94.0,169.0
620.0,151.0,94.0,170.0
324.0,81.0,26.0,63.0
647.0,153.0,61.0,145.0
649.0,154.0,60.0,144.0
654.0,150.0,60.0,145.0
659.0,153.0,59.0,143.0
661.0,153.0,60.0,144.0
665.0,156.0,61.0,138.0
667.0,158.0,61.0,139.0
671.0,158.0,61.0,138.0
676.0,158.0,61.0,139.0
680.0,159.0,61.0,139.0
689.0,159.0,55.0,141.0
692.0,158.0,55.0,141.0
695.0,156.0,57.0,144.0
701.0,155.0,59.0,149.0
704.0,153.0,60.0,155.0
707.0,154.0,63.0,153.0
710.0,156.0,62.0,149.0
718.0,159.0,61.0,149.0
720.0,160.0,62.0,150.0
725.0,162.0,62.0,150.0
732.0,162.0,62.0,148.0
735.0,163.0,62.0,149.0
738.0,163.0,63.0,150.0
745.0,161.0,63.0,151.0
747.0,163.0,62.0,149.0
752.0,166.0,63.0,149.0
755.0,166.0,63.0,149.0
761.0,169.0,64.0,151.0
767.0,173.0,63.0,150.0
769.0,174.0,63.0,150.0
775.0,176.0,61.0,152.0
776.0,174.0,63.0,155.0
781.0,177.0,64.0,157.0
783.0,178.0,63.0,156.0
787.0,180.0,64.0,159.0
791.0,183.0,62.0,161.0
792.0,185.0,62.0,161.0
796.0,186.0,62.0,160.0
795.0,190.0,62.0,160.0
798.0,191.0,62.0,161.0
802.0,190.0,64.0,159.0
803.0,189.0,64.0,159.0
805.0,191.0,64.0,157.0
807.0,192.0,63.0,155.0
809.0,192.0,62.0,153.0
810.0,189.0,61.0,157.0
810.0,191.0,60.0,153.0
811.0,191.0,60.0,153.0
812.0,192.0,59.0,151.0
812.0,191.0,60.0,153.0
814.0,197.0,60.0,151.0
815.0,199.0,60.0,150.0
814.0,203.0,59.0,149.0
810.0,203.0,60.0,150.0
807.0,203.0,61.0,152.0
801.0,203.0,63.0,152.0
794.0,200.0,63.0,153.0
787.0,204.0,62.0,151.0
778.0,205.0,62.0,152.0
766.0,204.0,63.0,152.0
757.0,207.0,65.0,147.0
749.0,208.0,64.0,145.0
739.0,209.0,65.0,147.0
729.0,215.0,63.0,143.0
716.0,217.0,63.0,144.0
708.0,221.0,61.0,138.0
704.0,223.0,60.0,137.0
696.0,222.0,61.0,139.0
694.0,222.0,61.0,139.0
691.0,223.0,60.0,137.0
682.0,225.0,69.0,144.0
678.0,228.0,68.0,143.0
677.0,232.0,68.0,143.0
674.0,234.0,69.0,144.0
672.0,240.0,69.0,144.0
670.0,244.0,69.0,146.0
669.0,246.0,69.0,146.0
669.0,247.0,69.0,146.0
667.0,252.0,69.0,146.0
667.0,253.0,69.0,146.0
665.0,255.0,76.0,160.0
665.0,258.0,76.0,159.0
661.0,264.0,77.0,160.0
660.0,274.0,76.0,159.0
661.0,277.0,75.0,158.0
662.0,283.0,73.0,156.0
661.0,285.0,73.0,157.0
662.0,287.0,74.0,158.0
661.0,291.0,74.0,160.0
661.0,293.0,75.0,162.0
660.0,299.0,75.0,178.0
661.0,304.0,74.0,177.0
661.0,316.0,74.0,177.0
660.0,323.0,74.0,177.0
663.0,336.0,74.0,176.0
663.0,337.0,79.0,182.0
664.0,340.0,79.0,182.0
667.0,350.0,78.0,181.0
669.0,354.0,78.0,181.0
669.0,364.0,80.0,185.0
668.0,370.0,83.0,203.0
669.0,376.0,83.0,204.0
670.0,393.0,83.0,203.0
671.0,407.0,84.0,206.0
674.0,417.0,83.0,200.0
676.0,428.0,84.0,199.0
677.0,436.0,84.0,199.0
677.0,442.0,85.0,207.0
677.0,452.0,85.0,213.0
675.0,459.0,88.0,222.0
