25.0,559.0,94.0,98.0
29.0,549.0,95.0,98.0
37.0,537.0,93.0,96.0
42.0,529.0,93.0,93.0
49.0,519.0,89.0,91.0
52.0,506.0,91.0,96.0
58.0,497.0,88.0,92.0
63.0,489.0,85.0,91.0
71.0,479.0,80.0,90.0
74.0,470.0,79.0,91.0
80.0,464.0,77.0,86.0
88.0,453.0,72.0,86.0
91.0,439.0,77.0,88.0
97.0,431.0,74.0,88.0
103.0,420.0,74.0,87.0
110.0,411.0,76.0,88.0
121.0,402.0,72.0,85.0
127.0,392.0,73.0,84.0
137.0,384.0,70.0,80.0
147.0,375.0,69.0,82.0
154.0,367.0,68.0,82.0
163.0,359.0,69.0,82.0
171.0,352.0,69.0,79.0
180.0,344.0,67.0,79.0
190.0,336.0,67.0,80.0
198.0,331.0,66.0,78.0
206.0,323.0,66.0,81.0
218.0,318.0,66.0,78.0
226.0,313.0,65.0,73.0
234.0,306.0,68.0,77.0
241.0,300.0,67.0,75.0
252.0,291.0,66.0,77.0
261.0,289.0,64.0,77.0
273.0,287.0,63.0,76.0
283.0,281.0,64.0,76.0
292.0,278.0,64.0,78.0
303.0,273.0,63.0,80.0
311.0,274.0,63.0,77.0
321.0,272.0,62.0,76.0
330.0,268.0,63.0,76.0
341.0,271.0,62.0,72.0
352.0,267.0,62.0,74.0
364.0,265.0,60.0,73.0
379.0,266.0,57.0,71.0
388.0,265.0,58.0,68.0
401.0,264.0,57.0,69.0
414.0,264.0,56.0,67.0
426.0,265.0,55.0,68.0
435.0,264.0,56.0,69.0
442.0,261.0,59.0,69.0
449.0,265.0,59.0,71.0
457.0,266.0,58.0,71.0
462.0,268.0,57.0,68.0
464.0,270.0,60.0,71.0
466.0,271.0,59.0,69.0
470.0,275.0,58.0,68.0
472.0,277.0,62.0,71.0
479.0,279.0,59.0,74.0
479.0,280.0,61.0,76.0
481.0,280.0,63.0,74.0
483.0,279.0,62.0,79.0
484.0,283.0,63.0,77.0
487.0,284.0,64.0,81.0
488.0,286.0,63.0,76.0
492.0,286.0,65.0,81.0
496.0,287.0,62.0,81.0
501.0,289.0,62.0,80.0
502.0,290.0,65.0,81.0
511.0,292.0,59.0,82.0
514.0,292.0,63.0,78.0
520.0,291.0,63.0,85.0
528.0,294.0,63.0,82.0
534.0,293.0,65.0,82.0
543.0,293.0,64.0,82.0
550.0,294.0,61.0,82.0
560.0,297.0,62.0,82.0
568.0,296.0,61.0,83.0
575.0,297.0,61.0,81.0
583.0,299.0,59.0,82.0
589.0,300.0,60.0,81.0
599.0,302.0,59.0,82.0
601.0,302.0,64.0,84.0
608.0,304.0,60.0,84.0
611.0,305.0,62.0,83.0
612.0,303.0,62.0,85.0
615.0,305.0,62.0,85.0
617.0,307.0,62.0,83.0
617.0,307.0,66.0,82.0
623.0,307.0,63.0,82.0
619.0,309.0,68.0,82.0
622.0,311.0,67.0,82.0
625.0,315.0,68.0,83.0
625.0,315.0,70.0,81.0
626.0,316.0,69.0,83.0
626.0,317.0,69.0,85.0
625.0,321.0,70.0,80.0
626.0,324.0,71.0,83.0
625.0,324.0,73.0,83.0
625.0,325.0,72.0,86.0
622.0,325.0,75.0,83.0
623.0,328.0,76.0,79.0
622.0,330.0,77.0,79.0
623.0,328.0,76.0,82.0
625.0,330.0,72.0,77.0
623.0,331.0,75.0,77.0
621.0,332.0,76.0,76.0
622.0,329.0,74.0,80.0
618.0,329.0,77.0,82.0
615.0,328.0,80.0,85.0
613.0,327.0,79.0,84.0
613.0,328.0,79.0,81.0
608.0,325.0,80.0,88.0
612.0,327.0,79.0,86.0
612.0,325.0,76.0,87.0
612.0,324.0,78.0,89.0
615.0,327.0,77.0,87.0
618.0,326.0,79.0,88.0
624.0,323.0,77.0,88.0
624.0,325.0,79.0,91.0
629.0,325.0,73.0,86.0
628.0,326.0,77.0,88.0
630.0,326.0,76.0,89.0
632.0,325.0,74.0,90.0
628.0,324.0,78.0,88.0
633.0,325.0,74.0,86.0
635.0,326.0,72.0,83.0
636.0,326.0,70.0,84.0
640.0,323.0,69.0,78.0
639.0,323.0,69.0,74.0
642.0,325.0,68.0,73.0
643.0,320.0,66.0,74.0
640.0,324.0,67.0,70.0
640.0,323.0,67.0,68.0
